district_name,uid,area,zonalstat,geometry,source_file,mandal_name,mean_value,max_value,min_value,std_value,bounds
Bhadradri Kothagudem,TSD0001,6974.14,"{'min': 24.367647171020508, 'max': 31.950952529907227, 'mean': 28.63884845890411, 'count': 1825, 'sum': 52265.8984375, 'median': 28.768999099731445}","(80.20302028700007, 17.190519193000057, 81.31479948400005, 18.238859586000046)",01-01-2023.geojson,,,,,,
Jagtial,TSD0002,2853.09,"{'min': 26.049129486083984, 'max': 31.104736328125, 'mean': 28.360240765171504, 'count': 758, 'sum': 21497.0625, 'median': 28.235605239868164}","(78.51948718900007, 18.563739734000023, 79.29767471800005, 19.07988819600007)",01-01-2023.geojson,,,,,,
Jangoan,TSD0003,2112.71,"{'min': 26.912609100341797, 'max': 31.70833396911621, 'mean': 29.556707010286225, 'count': 559, 'sum': 16522.19921875, 'median': 29.625652313232422}","(78.86787166400006, 17.491730369000038, 79.56249112400008, 17.998869741000078)",01-01-2023.geojson,,,,,,
Mulugu,TSD0004,4189.02,"{'min': 25.05181884765625, 'max': 32.7827262878418, 'mean': 28.009278662241226, 'count': 1111, 'sum': 31118.30859375, 'median': 27.920000076293945}","(79.81612732700006, 17.99631982000011, 80.7937048350002, 18.63260770700009)",01-01-2023.geojson,,,,,,
Kamareddy,TSD0005,3701.83,"{'min': 23.297693252563477, 'max': 33.55720138549805, 'mean': 29.148235590455474, 'count': 977, 'sum': 28477.826171875, 'median': 29.175216674804688}","(77.52089201100006, 18.068441783000026, 78.56926485100007, 18.558842766000055)",01-01-2023.geojson,,,,,,
Karimnagar,TSD0006,2127.79,"{'min': 24.14384651184082, 'max': 30.163333892822266, 'mean': 28.340607180791594, 'count': 559, 'sum': 15842.3994140625, 'median': 28.466522216796875}","(78.94956144100007, 18.132462591000035, 79.58025617800001, 18.678822129000025)",01-01-2023.geojson,,,,,,
Khammam,TSD0007,4491.25,"{'min': 24.166471481323242, 'max': 31.527999877929688, 'mean': 28.895767106681035, 'count': 1160, 'sum': 33519.08984375, 'median': 29.068958282470703}","(79.80212475200005, 16.768789670000046, 80.92560532200008, 17.577896090000024)",01-01-2023.geojson,,,,,,
Mahabubabad,TSD0008,3551.04,"{'min': 25.476316452026367, 'max': 31.32428550720215, 'mean': 28.814603848472668, 'count': 933, 'sum': 26884.025390625, 'median': 28.850000381469727}","(79.51293497700004, 17.321621569000058, 80.32312548900006, 18.106543834000092)",01-01-2023.geojson,,,,,,
Mancherial,TSD0009,3909.4,"{'min': 25.42523765563965, 'max': 32.02727127075195, 'mean': 28.96285122478386, 'count': 1041, 'sum': 30150.328125, 'median': 29.049999237060547}","(78.87934684700008, 18.672040560000028, 79.96247775100005, 19.288073780000047)",01-01-2023.geojson,,,,,,
Medak,TSD0010,2771.68,"{'min': 23.673076629638672, 'max': 32.645198822021484, 'mean': 29.18264021324549, 'count': 721, 'sum': 21040.68359375, 'median': 29.15959930419922}","(77.79480732300004, 17.664489015000072, 78.58893089700007, 18.215476757000033)",01-01-2023.geojson,,,,,,
Nagarkurnool,TSD0011,6399.07,"{'min': 25.65571403503418, 'max': 33.23695755004883, 'mean': 29.92529028752288, 'count': 1639, 'sum': 49047.55078125, 'median': 30.333999633789062}","(78.10083116400006, 16.00532167600005, 79.23432760400004, 16.830959432000043)",01-01-2023.geojson,,,,,,
Nalgonda,TSD0012,7218.26,"{'min': 25.043912887573242, 'max': 34.22666549682617, 'mean': 29.83693783068783, 'count': 1890, 'sum': 56391.8125, 'median': 29.90999984741211}","(78.62614167300006, 16.35584791900004, 79.70200312500003, 17.35996707100003)",01-01-2023.geojson,,,,,,
Nirmal,TSD0013,3729.13,"{'min': 23.30384635925293, 'max': 32.10279846191406, 'mean': 28.651062689202824, 'count': 991, 'sum': 28393.203125, 'median': 28.76555633544922}","(77.76173454100007, 18.84522452500005, 78.95237500500008, 19.342882151000026)",01-01-2023.geojson,,,,,,
Nizamabad,TSD0014,4168.33,"{'min': 23.323076248168945, 'max': 31.063846588134766, 'mean': 27.6595176260218, 'count': 1101, 'sum': 30453.12890625, 'median': 27.734800338745117}","(77.73094369300003, 18.43404349700006, 78.64029038200005, 19.015710890000037)",01-01-2023.geojson,,,,,,
Peddapalli,TSD0015,2195.39,"{'min': 25.80363655090332, 'max': 31.530000686645508, 'mean': 28.49793277491409, 'count': 582, 'sum': 16585.796875, 'median': 28.422237396240234}","(79.11294947900006, 18.385471986000027, 79.83268954900007, 18.854875013000026)",01-01-2023.geojson,,,,,,
Rajanna Sircilla,TSD0016,1897.97,"{'min': 25.168333053588867, 'max': 31.46583366394043, 'mean': 28.85702659970238, 'count': 504, 'sum': 14543.94140625, 'median': 28.87125015258789}","(78.52078465300008, 18.21376387500004, 79.02266919100003, 18.69041016700004)",01-01-2023.geojson,,,,,,
Sangareddy,TSD0017,4460.37,"{'min': 23.50119972229004, 'max': 34.25583267211914, 'mean': 31.136223825467688, 'count': 1176, 'sum': 36616.19921875, 'median': 31.571199417114258}","(77.44416825100006, 17.42785604100004, 78.44886573200006, 18.309307690000026)",01-01-2023.geojson,,,,,,
Siddipet,TSD0018,3637.17,"{'min': 25.24839973449707, 'max': 31.179166793823242, 'mean': 29.232216282894736, 'count': 969, 'sum': 28326.017578125, 'median': 29.309999465942383}","(78.49289586600008, 17.667265188000044, 79.30335584600004, 18.34315846100003)",01-01-2023.geojson,,,,,,
Vikarabad,TSD0019,3618.96,"{'min': 28.261999130249023, 'max': 34.02916717529297, 'mean': 31.692810187632134, 'count': 946, 'sum': 29981.3984375, 'median': 31.863033294677734}","(77.36247981800005, 16.90300025500005, 78.07315782100005, 17.637813938000022)",01-01-2023.geojson,,,,,,
Wanaparthy,TSD0020,2174.67,"{'min': 24.78499984741211, 'max': 33.1966667175293, 'mean': 30.556667989273205, 'count': 571, 'sum': 17447.857421875, 'median': 30.621665954589844}","(77.65718116, 15.94285645900004, 78.31347526600007, 16.626992442000073)",01-01-2023.geojson,,,,,,
Warangal Rural,TSD0021,2139.98,"{'min': 25.97960090637207, 'max': 30.86652183532715, 'mean': 29.140830232049037, 'count': 571, 'sum': 16639.4140625, 'median': 29.200435638427734}","(79.47950597500005, 17.619303173000105, 80.04124404200007, 18.279223933000026)",01-01-2023.geojson,,,,,,
Warangal Urban,TSD0022,1294.45,"{'min': 25.681304931640625, 'max': 30.3630428314209, 'mean': 28.841256893382354, 'count': 340, 'sum': 9806.02734375, 'median': 28.962797164916992}","(79.23082975700004, 17.786163054000042, 79.67163482100005, 18.266255774000058)",01-01-2023.geojson,,,,,,
Yadadri Bhuvanagiri,TSD0023,3422.72,"{'min': 26.125200271606445, 'max': 33.413333892822266, 'mean': 29.72277764289678, 'count': 901, 'sum': 26780.22265625, 'median': 29.834800720214844}","(78.68260567800007, 17.04419639500003, 79.45808114400006, 17.812669696000114)",01-01-2023.geojson,,,,,,
Narayanpet,TSD0024,2380.13,"{'min': 25.429166793823242, 'max': 34.317501068115234, 'mean': 31.651068305032734, 'count': 611, 'sum': 19338.802734375, 'median': 31.7016658782959}","(77.23725451100006, 16.34148046400003, 77.79666638000009, 17.061726844000077)",01-01-2023.geojson,,,,,,
Jogulamba Gadwal,TSD0025,2574.21,"{'min': 24.781665802001953, 'max': 35.086666107177734, 'mean': 31.203806390977444, 'count': 665, 'sum': 20750.53125, 'median': 31.09434700012207}","(77.48561464400007, 15.836429923000026, 78.25321888900004, 16.362950969000053)",01-01-2023.geojson,,,,,,
Rangareddy,TSD0026,4997.54,"{'min': 24.511667251586914, 'max': 33.5525016784668, 'mean': 30.936058830492424, 'count': 1320, 'sum': 40835.59765625, 'median': 30.981433868408203}","(77.92190617600005, 16.744225033000077, 78.84397639500008, 17.522654105000072)",01-01-2023.geojson,,,,,,
Suryapet,TSD0027,3584.22,"{'min': 25.310869216918945, 'max': 32.755001068115234, 'mean': 28.600821516339, 'count': 941, 'sum': 26913.373046875, 'median': 28.572999954223633}","(79.36051795300006, 16.63122235000003, 80.07318026800004, 17.526066134000075)",01-01-2023.geojson,,,,,,
Medchal Malkajgiri,TSD0028,1088.52,"{'min': 27.038000106811523, 'max': 31.15916633605957, 'mean': 29.431922064887154, 'count': 288, 'sum': 8476.3935546875, 'median': 29.379199981689453}","(78.34798865200008, 17.361463480000054, 78.75985781500003, 17.70854524600003)",01-01-2023.geojson,,,,,,
Adilabad,TSD0029,3980.34,"{'min': 26.388334274291992, 'max': 32.490909576416016, 'mean': 30.047751185758887, 'count': 1041, 'sum': 31279.708984375, 'median': 30.141199111938477}","(78.17215629700007, 19.17277807100004, 78.97780562900004, 19.91690008100005)",01-01-2023.geojson,,,,,,
Hyderabad,TSD0030,182.64,"{'min': 25.994800567626953, 'max': 30.81333351135254, 'mean': 29.32970937093099, 'count': 48, 'sum': 1407.8260498046875, 'median': 29.345199584960938}","(78.38267903300004, 17.293465379000054, 78.55019026600007, 17.483791793000023)",01-01-2023.geojson,,,,,,
Kumurambheem Asifabad,TSD0031,4495.32,"{'min': 25.164443969726562, 'max': 32.650909423828125, 'mean': 29.40579394035533, 'count': 1182, 'sum': 34757.6484375, 'median': 29.678237915039062}","(78.80016529900007, 19.050559607000025, 79.97913072000006, 19.617151517000025)",01-01-2023.geojson,,,,,,
Jayashankar Bhupalpally,TSD0032,2946.01,"{'min': 25.424285888671875, 'max': 31.709047317504883, 'mean': 28.562079326923076, 'count': 780, 'sum': 22278.421875, 'median': 28.826011657714844}","(79.55918339200008, 18.156703452000045, 80.34460111152396, 18.869152369000062)",01-01-2023.geojson,,,,,,
Mahabubnagar,TSD0033,2749.62,"{'min': 26.292499542236328, 'max': 33.81916809082031, 'mean': 30.952299926419666, 'count': 722, 'sum': 22347.560546875, 'median': 31.010452270507812}","(77.67537161200016, 16.378530416000103, 78.369893344, 17.01442864699999)",01-01-2023.geojson,,,,,,
Bhadradri Kothagudem,TSD0001,6974.14,"{'min': 27.235000610351562, 'max': 36.42250061035156, 'mean': 32.21448630136986, 'count': 1825, 'sum': 58791.4375, 'median': 32.22391128540039}","(80.20302028700007, 17.190519193000057, 81.31479948400005, 18.238859586000046)",01-02-2023.geojson,,,,,,
Jagtial,TSD0002,2853.09,"{'min': 27.6369571685791, 'max': 34.79261016845703, 'mean': 30.889759234828496, 'count': 758, 'sum': 23414.4375, 'median': 30.78243064880371}","(78.51948718900007, 18.563739734000023, 79.29767471800005, 19.07988819600007)",01-02-2023.geojson,,,,,,
Jangoan,TSD0003,2112.71,"{'min': 29.036956787109375, 'max': 36.67608642578125, 'mean': 32.86075162119857, 'count': 559, 'sum': 18369.16015625, 'median': 32.911739349365234}","(78.86787166400006, 17.491730369000038, 79.56249112400008, 17.998869741000078)",01-02-2023.geojson,,,,,,
Mulugu,TSD0004,4189.02,"{'min': 26.927499771118164, 'max': 36.727500915527344, 'mean': 31.823863636363637, 'count': 1111, 'sum': 35356.3125, 'median': 31.696086883544922}","(79.81612732700006, 17.99631982000011, 80.7937048350002, 18.63260770700009)",01-02-2023.geojson,,,,,,
Kamareddy,TSD0005,3701.83,"{'min': 24.987499237060547, 'max': 38.220401763916016, 'mean': 32.49159376599283, 'count': 977, 'sum': 31744.287109375, 'median': 32.56999969482422}","(77.52089201100006, 18.068441783000026, 78.56926485100007, 18.558842766000055)",01-02-2023.geojson,,,,,,
Karimnagar,TSD0006,2127.79,"{'min': 25.994348526000977, 'max': 34.19608688354492, 'mean': 29.97193649373882, 'count': 559, 'sum': 16754.3125, 'median': 30.216087341308594}","(78.94956144100007, 18.132462591000035, 79.58025617800001, 18.678822129000025)",01-02-2023.geojson,,,,,,
Khammam,TSD0007,4491.25,"{'min': 26.66272735595703, 'max': 35.759525299072266, 'mean': 31.45317214439655, 'count': 1160, 'sum': 36485.6796875, 'median': 31.58527374267578}","(79.80212475200005, 16.768789670000046, 80.92560532200008, 17.577896090000024)",01-02-2023.geojson,,,,,,
Mahabubabad,TSD0008,3551.04,"{'min': 27.68000030517578, 'max': 36.172607421875, 'mean': 32.072265625, 'count': 933, 'sum': 29923.423828125, 'median': 31.920434951782227}","(79.51293497700004, 17.321621569000058, 80.32312548900006, 18.106543834000092)",01-02-2023.geojson,,,,,,
Mancherial,TSD0009,3909.4,"{'min': 27.391738891601562, 'max': 37.360435485839844, 'mean': 32.73047250240154, 'count': 1041, 'sum': 34072.421875, 'median': 32.6021728515625}","(78.87934684700008, 18.672040560000028, 79.96247775100005, 19.288073780000047)",01-02-2023.geojson,,,,,,
Medak,TSD0010,2771.68,"{'min': 25.469165802001953, 'max': 38.2588005065918, 'mean': 32.22183003207351, 'count': 721, 'sum': 23231.939453125, 'median': 32.35545349121094}","(77.79480732300004, 17.664489015000072, 78.58893089700007, 18.215476757000033)",01-02-2023.geojson,,,,,,
Nagarkurnool,TSD0011,6399.07,"{'min': 29.274545669555664, 'max': 37.880001068115234, 'mean': 33.95902369966443, 'count': 1639, 'sum': 55658.83984375, 'median': 34.05782699584961}","(78.10083116400006, 16.00532167600005, 79.23432760400004, 16.830959432000043)",01-02-2023.geojson,,,,,,
Nalgonda,TSD0012,7218.26,"{'min': 25.777999877929688, 'max': 41.02818298339844, 'mean': 32.900198412698415, 'count': 1890, 'sum': 62181.375, 'median': 33.28322219848633}","(78.62614167300006, 16.35584791900004, 79.70200312500003, 17.35996707100003)",01-02-2023.geojson,,,,,,
Nirmal,TSD0013,3729.13,"{'min': 24.666000366210938, 'max': 37.544166564941406, 'mean': 32.733247666498485, 'count': 991, 'sum': 32438.6484375, 'median': 32.62565231323242}","(77.76173454100007, 18.84522452500005, 78.95237500500008, 19.342882151000026)",01-02-2023.geojson,,,,,,
Nizamabad,TSD0014,4168.33,"{'min': 24.618799209594727, 'max': 35.69240188598633, 'mean': 29.962750482515894, 'count': 1101, 'sum': 32988.98828125, 'median': 30.038333892822266}","(77.73094369300003, 18.43404349700006, 78.64029038200005, 19.015710890000037)",01-02-2023.geojson,,,,,,
Peddapalli,TSD0015,2195.39,"{'min': 27.27347755432129, 'max': 35.545833587646484, 'mean': 30.667774108676976, 'count': 582, 'sum': 17848.64453125, 'median': 30.51608657836914}","(79.11294947900006, 18.385471986000027, 79.83268954900007, 18.854875013000026)",01-02-2023.geojson,,,,,,
Rajanna Sircilla,TSD0016,1897.97,"{'min': 26.768260955810547, 'max': 37.58363723754883, 'mean': 31.909476143973215, 'count': 504, 'sum': 16082.3759765625, 'median': 31.950908660888672}","(78.52078465300008, 18.21376387500004, 79.02266919100003, 18.69041016700004)",01-02-2023.geojson,,,,,,
Sangareddy,TSD0017,4460.37,"{'min': 25.07159996032715, 'max': 39.540401458740234, 'mean': 35.56650257759354, 'count': 1176, 'sum': 41826.20703125, 'median': 36.210113525390625}","(77.44416825100006, 17.42785604100004, 78.44886573200006, 18.309307690000026)",01-02-2023.geojson,,,,,,
Siddipet,TSD0018,3637.17,"{'min': 27.439090728759766, 'max': 36.184783935546875, 'mean': 32.78974579140867, 'count': 969, 'sum': 31773.263671875, 'median': 32.863914489746094}","(78.49289586600008, 17.667265188000044, 79.30335584600004, 18.34315846100003)",01-02-2023.geojson,,,,,,
Vikarabad,TSD0019,3618.96,"{'min': 31.99799919128418, 'max': 39.91086959838867, 'mean': 36.36921082188161, 'count': 946, 'sum': 34405.2734375, 'median': 36.653785705566406}","(77.36247981800005, 16.90300025500005, 78.07315782100005, 17.637813938000022)",01-02-2023.geojson,,,,,,
Wanaparthy,TSD0020,2174.67,"{'min': 26.738182067871094, 'max': 37.2845458984375, 'mean': 33.74696940674256, 'count': 571, 'sum': 19269.51953125, 'median': 33.869998931884766}","(77.65718116, 15.94285645900004, 78.31347526600007, 16.626992442000073)",01-02-2023.geojson,,,,,,
Warangal Rural,TSD0021,2139.98,"{'min': 27.202499389648438, 'max': 33.96565246582031, 'mean': 30.99604244198774, 'count': 571, 'sum': 17698.740234375, 'median': 31.001304626464844}","(79.47950597500005, 17.619303173000105, 80.04124404200007, 18.279223933000026)",01-02-2023.geojson,,,,,,
Warangal Urban,TSD0022,1294.45,"{'min': 27.150833129882812, 'max': 34.4375, 'mean': 31.359811580882354, 'count': 340, 'sum': 10662.3359375, 'median': 31.565399169921875}","(79.23082975700004, 17.786163054000042, 79.67163482100005, 18.266255774000058)",01-02-2023.geojson,,,,,,
Yadadri Bhuvanagiri,TSD0023,3422.72,"{'min': 27.228260040283203, 'max': 40.64363479614258, 'mean': 33.49061806326304, 'count': 901, 'sum': 30175.046875, 'median': 33.74333190917969}","(78.68260567800007, 17.04419639500003, 79.45808114400006, 17.812669696000114)",01-02-2023.geojson,,,,,,
Narayanpet,TSD0024,2380.13,"{'min': 27.586191177368164, 'max': 40.99636459350586, 'mean': 35.785095514525366, 'count': 611, 'sum': 21864.693359375, 'median': 35.85818099975586}","(77.23725451100006, 16.34148046400003, 77.79666638000009, 17.061726844000077)",01-02-2023.geojson,,,,,,
Jogulamba Gadwal,TSD0025,2574.21,"{'min': 27.02090835571289, 'max': 41.7845458984375, 'mean': 35.252408364661655, 'count': 665, 'sum': 23442.8515625, 'median': 34.9636344909668}","(77.48561464400007, 15.836429923000026, 78.25321888900004, 16.362950969000053)",01-02-2023.geojson,,,,,,
Rangareddy,TSD0026,4997.54,"{'min': 26.3174991607666, 'max': 39.51869583129883, 'mean': 35.531261837121214, 'count': 1320, 'sum': 46901.265625, 'median': 35.536956787109375}","(77.92190617600005, 16.744225033000077, 78.84397639500008, 17.522654105000072)",01-02-2023.geojson,,,,,,
Suryapet,TSD0027,3584.22,"{'min': 26.033477783203125, 'max': 36.46428680419922, 'mean': 30.070391372210416, 'count': 941, 'sum': 28296.23828125, 'median': 30.092727661132812}","(79.36051795300006, 16.63122235000003, 80.07318026800004, 17.526066134000075)",01-02-2023.geojson,,,,,,
Medchal Malkajgiri,TSD0028,1088.52,"{'min': 29.604782104492188, 'max': 35.716957092285156, 'mean': 33.873074001736114, 'count': 288, 'sum': 9755.4453125, 'median': 33.908477783203125}","(78.34798865200008, 17.361463480000054, 78.75985781500003, 17.70854524600003)",01-02-2023.geojson,,,,,,
Adilabad,TSD0029,3980.34,"{'min': 31.142499923706055, 'max': 38.28217315673828, 'mean': 35.2903308117195, 'count': 1041, 'sum': 36737.234375, 'median': 35.34583282470703}","(78.17215629700007, 19.17277807100004, 78.97780562900004, 19.91690008100005)",01-02-2023.geojson,,,,,,
Hyderabad,TSD0030,182.64,"{'min': 29.136363983154297, 'max': 35.0, 'mean': 33.40406799316406, 'count': 48, 'sum': 1603.395263671875, 'median': 33.565452575683594}","(78.38267903300004, 17.293465379000054, 78.55019026600007, 17.483791793000023)",01-02-2023.geojson,,,,,,
Kumurambheem Asifabad,TSD0031,4495.32,"{'min': 27.824783325195312, 'max': 38.44217300415039, 'mean': 34.11414710236887, 'count': 1182, 'sum': 40322.921875, 'median': 34.33512878417969}","(78.80016529900007, 19.050559607000025, 79.97913072000006, 19.617151517000025)",01-02-2023.geojson,,,,,,
Jayashankar Bhupalpally,TSD0032,2946.01,"{'min': 27.176666259765625, 'max': 35.413333892822266, 'mean': 31.688035857371794, 'count': 780, 'sum': 24716.66796875, 'median': 31.508333206176758}","(79.55918339200008, 18.156703452000045, 80.34460111152396, 18.869152369000062)",01-02-2023.geojson,,,,,,
Mahabubnagar,TSD0033,2749.62,"{'min': 27.858333587646484, 'max': 38.918697357177734, 'mean': 34.785494394909975, 'count': 722, 'sum': 25115.126953125, 'median': 34.80059051513672}","(77.67537161200016, 16.378530416000103, 78.369893344, 17.01442864699999)",01-02-2023.geojson,,,,,,
Bhadradri Kothagudem,TSD0001,6974.14,"{'min': 28.172353744506836, 'max': 38.81571578979492, 'mean': 33.89448202054795, 'count': 1825, 'sum': 61857.4296875, 'median': 33.861427307128906}","(80.20302028700007, 17.190519193000057, 81.31479948400005, 18.238859586000046)",01-03-2023.geojson,,,,,,
Jagtial,TSD0002,2853.09,"{'min': 28.14299964904785, 'max': 36.365238189697266, 'mean': 31.811793989116094, 'count': 758, 'sum': 24113.33984375, 'median': 31.629150390625}","(78.51948718900007, 18.563739734000023, 79.29767471800005, 19.07988819600007)",01-03-2023.geojson,,,,,,
Jangoan,TSD0003,2112.71,"{'min': 28.480525970458984, 'max': 36.69300079345703, 'mean': 32.69697562611807, 'count': 559, 'sum': 18277.609375, 'median': 32.753334045410156}","(78.86787166400006, 17.491730369000038, 79.56249112400008, 17.998869741000078)",01-03-2023.geojson,,,,,,
Mulugu,TSD0004,4189.02,"{'min': 27.091333389282227, 'max': 38.14875030517578, 'mean': 33.5015013220072, 'count': 1111, 'sum': 37220.16796875, 'median': 33.40625}","(79.81612732700006, 17.99631982000011, 80.7937048350002, 18.63260770700009)",01-03-2023.geojson,,,,,,
Kamareddy,TSD0005,3701.83,"{'min': 25.376399993896484, 'max': 41.060001373291016, 'mean': 33.89739796571136, 'count': 977, 'sum': 33117.7578125, 'median': 33.625}","(77.52089201100006, 18.068441783000026, 78.56926485100007, 18.558842766000055)",01-03-2023.geojson,,,,,,
Karimnagar,TSD0006,2127.79,"{'min': 26.205453872680664, 'max': 35.51762008666992, 'mean': 30.033713243515205, 'count': 559, 'sum': 16788.845703125, 'median': 30.092105865478516}","(78.94956144100007, 18.132462591000035, 79.58025617800001, 18.678822129000025)",01-03-2023.geojson,,,,,,
Khammam,TSD0007,4491.25,"{'min': 26.72058868408203, 'max': 37.73615264892578, 'mean': 31.95224609375, 'count': 1160, 'sum': 37064.60546875, 'median': 32.112144470214844}","(79.80212475200005, 16.768789670000046, 80.92560532200008, 17.577896090000024)",01-03-2023.geojson,,,,,,
Mahabubabad,TSD0008,3551.04,"{'min': 27.726470947265625, 'max': 38.568572998046875, 'mean': 32.78243904072883, 'count': 933, 'sum': 30586.015625, 'median': 32.4726676940918}","(79.51293497700004, 17.321621569000058, 80.32312548900006, 18.106543834000092)",01-03-2023.geojson,,,,,,
Mancherial,TSD0009,3909.4,"{'min': 27.990869522094727, 'max': 39.454444885253906, 'mean': 34.40848643131604, 'count': 1041, 'sum': 35819.234375, 'median': 34.268890380859375}","(78.87934684700008, 18.672040560000028, 79.96247775100005, 19.288073780000047)",01-03-2023.geojson,,,,,,
Medak,TSD0010,2771.68,"{'min': 26.110769271850586, 'max': 39.985198974609375, 'mean': 32.93859710904993, 'count': 721, 'sum': 23748.728515625, 'median': 32.95249938964844}","(77.79480732300004, 17.664489015000072, 78.58893089700007, 18.215476757000033)",01-03-2023.geojson,,,,,,
Nagarkurnool,TSD0011,6399.07,"{'min': 30.243043899536133, 'max': 40.20619201660156, 'mean': 36.24817199893228, 'count': 1639, 'sum': 59410.75390625, 'median': 36.34809494018555}","(78.10083116400006, 16.00532167600005, 79.23432760400004, 16.830959432000043)",01-03-2023.geojson,,,,,,
Nalgonda,TSD0012,7218.26,"{'min': 26.43947410583496, 'max': 41.52000045776367, 'mean': 34.04028604497355, 'count': 1890, 'sum': 64336.140625, 'median': 34.378501892089844}","(78.62614167300006, 16.35584791900004, 79.70200312500003, 17.35996707100003)",01-03-2023.geojson,,,,,,
Nirmal,TSD0013,3729.13,"{'min': 25.50666618347168, 'max': 42.1783332824707, 'mean': 34.83686774722503, 'count': 991, 'sum': 34523.3359375, 'median': 34.9283332824707}","(77.76173454100007, 18.84522452500005, 78.95237500500008, 19.342882151000026)",01-03-2023.geojson,,,,,,
Nizamabad,TSD0014,4168.33,"{'min': 25.435832977294922, 'max': 38.93159866333008, 'mean': 31.716081970935512, 'count': 1101, 'sum': 34919.40625, 'median': 31.731666564941406}","(77.73094369300003, 18.43404349700006, 78.64029038200005, 19.015710890000037)",01-03-2023.geojson,,,,,,
Peddapalli,TSD0015,2195.39,"{'min': 27.46666717529297, 'max': 35.76789474487305, 'mean': 31.082447379725085, 'count': 582, 'sum': 18089.984375, 'median': 30.951637268066406}","(79.11294947900006, 18.385471986000027, 79.83268954900007, 18.854875013000026)",01-03-2023.geojson,,,,,,
Rajanna Sircilla,TSD0016,1897.97,"{'min': 27.14363670349121, 'max': 38.079166412353516, 'mean': 32.502148825024804, 'count': 504, 'sum': 16381.0830078125, 'median': 32.359169006347656}","(78.52078465300008, 18.21376387500004, 79.02266919100003, 18.69041016700004)",01-03-2023.geojson,,,,,,
Sangareddy,TSD0017,4460.37,"{'min': 25.692399978637695, 'max': 42.3558349609375, 'mean': 36.792467182185376, 'count': 1176, 'sum': 43267.94140625, 'median': 37.54988098144531}","(77.44416825100006, 17.42785604100004, 78.44886573200006, 18.309307690000026)",01-03-2023.geojson,,,,,,
Siddipet,TSD0018,3637.17,"{'min': 27.57782554626465, 'max': 37.621429443359375, 'mean': 32.97558896091331, 'count': 969, 'sum': 31953.345703125, 'median': 32.98249816894531}","(78.49289586600008, 17.667265188000044, 79.30335584600004, 18.34315846100003)",01-03-2023.geojson,,,,,,
Vikarabad,TSD0019,3618.96,"{'min': 32.26750183105469, 'max': 42.32478332519531, 'mean': 37.57223672040169, 'count': 946, 'sum': 35543.3359375, 'median': 38.095481872558594}","(77.36247981800005, 16.90300025500005, 78.07315782100005, 17.637813938000022)",01-03-2023.geojson,,,,,,
Wanaparthy,TSD0020,2174.67,"{'min': 26.93782615661621, 'max': 41.11399841308594, 'mean': 34.35893375109457, 'count': 571, 'sum': 19618.951171875, 'median': 34.526363372802734}","(77.65718116, 15.94285645900004, 78.31347526600007, 16.626992442000073)",01-03-2023.geojson,,,,,,
Warangal Rural,TSD0021,2139.98,"{'min': 27.501249313354492, 'max': 36.198570251464844, 'mean': 31.10134016528021, 'count': 571, 'sum': 17758.865234375, 'median': 31.106250762939453}","(79.47950597500005, 17.619303173000105, 80.04124404200007, 18.279223933000026)",01-03-2023.geojson,,,,,,
Warangal Urban,TSD0022,1294.45,"{'min': 26.648000717163086, 'max': 35.548824310302734, 'mean': 31.397122012867648, 'count': 340, 'sum': 10675.021484375, 'median': 31.650794982910156}","(79.23082975700004, 17.786163054000042, 79.67163482100005, 18.266255774000058)",01-03-2023.geojson,,,,,,
Yadadri Bhuvanagiri,TSD0023,3422.72,"{'min': 27.0595645904541, 'max': 41.5629997253418, 'mean': 33.55778301886792, 'count': 901, 'sum': 30235.5625, 'median': 33.76826095581055}","(78.68260567800007, 17.04419639500003, 79.45808114400006, 17.812669696000114)",01-03-2023.geojson,,,,,,
Narayanpet,TSD0024,2380.13,"{'min': 27.774999618530273, 'max': 42.7928581237793, 'mean': 36.742161927168574, 'count': 611, 'sum': 22449.4609375, 'median': 36.71521759033203}","(77.23725451100006, 16.34148046400003, 77.79666638000009, 17.061726844000077)",01-03-2023.geojson,,,,,,
Jogulamba Gadwal,TSD0025,2574.21,"{'min': 27.260000228881836, 'max': 43.901817321777344, 'mean': 36.97685032894737, 'count': 665, 'sum': 24589.60546875, 'median': 36.88809585571289}","(77.48561464400007, 15.836429923000026, 78.25321888900004, 16.362950969000053)",01-03-2023.geojson,,,,,,
Rangareddy,TSD0026,4997.54,"{'min': 27.081199645996094, 'max': 40.978179931640625, 'mean': 36.31312144886363, 'count': 1320, 'sum': 47933.3203125, 'median': 36.276641845703125}","(77.92190617600005, 16.744225033000077, 78.84397639500008, 17.522654105000072)",01-03-2023.geojson,,,,,,
Suryapet,TSD0027,3584.22,"{'min': 26.308889389038086, 'max': 38.06999969482422, 'mean': 30.335360487513285, 'count': 941, 'sum': 28545.57421875, 'median': 30.166471481323242}","(79.36051795300006, 16.63122235000003, 80.07318026800004, 17.526066134000075)",01-03-2023.geojson,,,,,,
Medchal Malkajgiri,TSD0028,1088.52,"{'min': 29.982173919677734, 'max': 36.09956359863281, 'mean': 34.443339029947914, 'count': 288, 'sum': 9919.681640625, 'median': 34.48162841796875}","(78.34798865200008, 17.361463480000054, 78.75985781500003, 17.70854524600003)",01-03-2023.geojson,,,,,,
Adilabad,TSD0029,3980.34,"{'min': 34.16538619995117, 'max': 42.54130554199219, 'mean': 38.7276882204611, 'count': 1041, 'sum': 40315.5234375, 'median': 38.65174102783203}","(78.17215629700007, 19.17277807100004, 78.97780562900004, 19.91690008100005)",01-03-2023.geojson,,,,,,
Hyderabad,TSD0030,182.64,"{'min': 29.9148006439209, 'max': 36.11166763305664, 'mean': 34.40394083658854, 'count': 48, 'sum': 1651.38916015625, 'median': 34.465980529785156}","(78.38267903300004, 17.293465379000054, 78.55019026600007, 17.483791793000023)",01-03-2023.geojson,,,,,,
Kumurambheem Asifabad,TSD0031,4495.32,"{'min': 29.593809127807617, 'max': 41.38142776489258, 'mean': 36.689829869923855, 'count': 1182, 'sum': 43367.37890625, 'median': 36.791053771972656}","(78.80016529900007, 19.050559607000025, 79.97913072000006, 19.617151517000025)",01-03-2023.geojson,,,,,,
Jayashankar Bhupalpally,TSD0032,2946.01,"{'min': 27.983333587646484, 'max': 37.088890075683594, 'mean': 32.77823016826923, 'count': 780, 'sum': 25567.01953125, 'median': 32.80204772949219}","(79.55918339200008, 18.156703452000045, 80.34460111152396, 18.869152369000062)",01-03-2023.geojson,,,,,,
Mahabubnagar,TSD0033,2749.62,"{'min': 28.810832977294922, 'max': 40.328094482421875, 'mean': 35.46919635128116, 'count': 722, 'sum': 25608.759765625, 'median': 35.484886169433594}","(77.67537161200016, 16.378530416000103, 78.369893344, 17.01442864699999)",01-03-2023.geojson,,,,,,
Bhadradri Kothagudem,TSD0001,6974.14,"{'min': 30.535999298095703, 'max': 41.40684127807617, 'mean': 35.45989726027397, 'count': 1825, 'sum': 64714.3125, 'median': 35.48749923706055}","(80.20302028700007, 17.190519193000057, 81.31479948400005, 18.238859586000046)",01-04-2023.geojson,,,,,,
Jagtial,TSD0002,2853.09,"{'min': 31.592857360839844, 'max': 41.2511100769043, 'mean': 35.567372505771765, 'count': 758, 'sum': 26960.068359375, 'median': 35.10210418701172}","(78.51948718900007, 18.563739734000023, 79.29767471800005, 19.07988819600007)",01-04-2023.geojson,,,,,,
Jangoan,TSD0003,2112.71,"{'min': 31.386363983154297, 'max': 39.82523727416992, 'mean': 35.71773675089445, 'count': 559, 'sum': 19966.21484375, 'median': 35.76130294799805}","(78.86787166400006, 17.491730369000038, 79.56249112400008, 17.998869741000078)",01-04-2023.geojson,,,,,,
Mulugu,TSD0004,4189.02,"{'min': 29.65571403503418, 'max': 41.1879997253418, 'mean': 36.03232237286229, 'count': 1111, 'sum': 40031.91015625, 'median': 36.03105163574219}","(79.81612732700006, 17.99631982000011, 80.7937048350002, 18.63260770700009)",01-04-2023.geojson,,,,,,
Kamareddy,TSD0005,3701.83,"{'min': 27.758182525634766, 'max': 45.79499816894531, 'mean': 37.85118666837257, 'count': 977, 'sum': 36980.609375, 'median': 37.27199935913086}","(77.52089201100006, 18.068441783000026, 78.56926485100007, 18.558842766000055)",01-04-2023.geojson,,,,,,
Karimnagar,TSD0006,2127.79,"{'min': 28.66391372680664, 'max': 39.25857162475586, 'mean': 33.544897417262966, 'count': 559, 'sum': 18751.59765625, 'median': 33.526668548583984}","(78.94956144100007, 18.132462591000035, 79.58025617800001, 18.678822129000025)",01-04-2023.geojson,,,,,,
Khammam,TSD0007,4491.25,"{'min': 30.120908737182617, 'max': 40.31666564941406, 'mean': 35.54562230603448, 'count': 1160, 'sum': 41232.921875, 'median': 35.534576416015625}","(79.80212475200005, 16.768789670000046, 80.92560532200008, 17.577896090000024)",01-04-2023.geojson,,,,,,
Mahabubabad,TSD0008,3551.04,"{'min': 29.720476150512695, 'max': 39.616249084472656, 'mean': 35.16117363344051, 'count': 933, 'sum': 32805.375, 'median': 35.08444595336914}","(79.51293497700004, 17.321621569000058, 80.32312548900006, 18.106543834000092)",01-04-2023.geojson,,,,,,
Mancherial,TSD0009,3909.4,"{'min': 30.240476608276367, 'max': 43.011051177978516, 'mean': 37.936111611431315, 'count': 1041, 'sum': 39491.4921875, 'median': 37.89777755737305}","(78.87934684700008, 18.672040560000028, 79.96247775100005, 19.288073780000047)",01-04-2023.geojson,,,,,,
Medak,TSD0010,2771.68,"{'min': 29.89727210998535, 'max': 44.68600082397461, 'mean': 36.17563496879334, 'count': 721, 'sum': 26082.6328125, 'median': 36.158573150634766}","(77.79480732300004, 17.664489015000072, 78.58893089700007, 18.215476757000033)",01-04-2023.geojson,,,,,,
Nagarkurnool,TSD0011,6399.07,"{'min': 34.12047576904297, 'max': 44.16826248168945, 'mean': 39.260944173276386, 'count': 1639, 'sum': 64348.6875, 'median': 39.36090850830078}","(78.10083116400006, 16.00532167600005, 79.23432760400004, 16.830959432000043)",01-04-2023.geojson,,,,,,
Nalgonda,TSD0012,7218.26,"{'min': 28.663333892822266, 'max': 43.75416564941406, 'mean': 38.10906498015873, 'count': 1890, 'sum': 72026.1328125, 'median': 38.06999969482422}","(78.62614167300006, 16.35584791900004, 79.70200312500003, 17.35996707100003)",01-04-2023.geojson,,,,,,
Nirmal,TSD0013,3729.13,"{'min': 27.614999771118164, 'max': 46.207000732421875, 'mean': 39.0798987764884, 'count': 991, 'sum': 38728.1796875, 'median': 39.222999572753906}","(77.76173454100007, 18.84522452500005, 78.95237500500008, 19.342882151000026)",01-04-2023.geojson,,,,,,
Nizamabad,TSD0014,4168.33,"{'min': 27.219999313354492, 'max': 43.6131591796875, 'mean': 36.25200456970936, 'count': 1101, 'sum': 39913.45703125, 'median': 36.39210510253906}","(77.73094369300003, 18.43404349700006, 78.64029038200005, 19.015710890000037)",01-04-2023.geojson,,,,,,
Peddapalli,TSD0015,2195.39,"{'min': 30.053810119628906, 'max': 39.130001068115234, 'mean': 34.467172734106526, 'count': 582, 'sum': 20059.89453125, 'median': 34.44900131225586}","(79.11294947900006, 18.385471986000027, 79.83268954900007, 18.854875013000026)",01-04-2023.geojson,,,,,,
Rajanna Sircilla,TSD0016,1897.97,"{'min': 28.78714370727539, 'max': 41.40262985229492, 'mean': 35.820141989087304, 'count': 504, 'sum': 18053.3515625, 'median': 35.85857391357422}","(78.52078465300008, 18.21376387500004, 79.02266919100003, 18.69041016700004)",01-04-2023.geojson,,,,,,
Sangareddy,TSD0017,4460.37,"{'min': 27.94300079345703, 'max': 47.040000915527344, 'mean': 40.28043287627551, 'count': 1176, 'sum': 47369.7890625, 'median': 40.84349822998047}","(77.44416825100006, 17.42785604100004, 78.44886573200006, 18.309307690000026)",01-04-2023.geojson,,,,,,
Siddipet,TSD0018,3637.17,"{'min': 29.742000579833984, 'max': 40.880001068115234, 'mean': 35.991365131578945, 'count': 969, 'sum': 34875.6328125, 'median': 35.89363479614258}","(78.49289586600008, 17.667265188000044, 79.30335584600004, 18.34315846100003)",01-04-2023.geojson,,,,,,
Vikarabad,TSD0019,3618.96,"{'min': 35.133480072021484, 'max': 47.46052551269531, 'mean': 41.68120705602537, 'count': 946, 'sum': 39430.421875, 'median': 42.126487731933594}","(77.36247981800005, 16.90300025500005, 78.07315782100005, 17.637813938000022)",01-04-2023.geojson,,,,,,
Wanaparthy,TSD0020,2174.67,"{'min': 29.790868759155273, 'max': 46.99315643310547, 'mean': 38.51251231392294, 'count': 571, 'sum': 21990.64453125, 'median': 38.55583190917969}","(77.65718116, 15.94285645900004, 78.31347526600007, 16.626992442000073)",01-04-2023.geojson,,,,,,
Warangal Rural,TSD0021,2139.98,"{'min': 29.310909271240234, 'max': 38.18454360961914, 'mean': 34.21384153349387, 'count': 571, 'sum': 19536.103515625, 'median': 34.068180084228516}","(79.47950597500005, 17.619303173000105, 80.04124404200007, 18.279223933000026)",01-04-2023.geojson,,,,,,
Warangal Urban,TSD0022,1294.45,"{'min': 30.4233341217041, 'max': 39.01869583129883, 'mean': 34.60328584558823, 'count': 340, 'sum': 11765.1171875, 'median': 34.917274475097656}","(79.23082975700004, 17.786163054000042, 79.67163482100005, 18.266255774000058)",01-04-2023.geojson,,,,,,
Yadadri Bhuvanagiri,TSD0023,3422.72,"{'min': 31.2549991607666, 'max': 43.77727127075195, 'mean': 37.013908157602664, 'count': 901, 'sum': 33349.53125, 'median': 37.112857818603516}","(78.68260567800007, 17.04419639500003, 79.45808114400006, 17.812669696000114)",01-04-2023.geojson,,,,,,
Narayanpet,TSD0024,2380.13,"{'min': 31.14666748046875, 'max': 48.343685150146484, 'mean': 41.233703713175125, 'count': 611, 'sum': 25193.79296875, 'median': 41.34090805053711}","(77.23725451100006, 16.34148046400003, 77.79666638000009, 17.061726844000077)",01-04-2023.geojson,,,,,,
Jogulamba Gadwal,TSD0025,2574.21,"{'min': 30.180435180664062, 'max': 48.55099868774414, 'mean': 41.80472861842105, 'count': 665, 'sum': 27800.14453125, 'median': 41.73454666137695}","(77.48561464400007, 15.836429923000026, 78.25321888900004, 16.362950969000053)",01-04-2023.geojson,,,,,,
Rangareddy,TSD0026,4997.54,"{'min': 29.746191024780273, 'max': 45.17900085449219, 'mean': 39.08662997159091, 'count': 1320, 'sum': 51594.3515625, 'median': 38.85930633544922}","(77.92190617600005, 16.744225033000077, 78.84397639500008, 17.522654105000072)",01-04-2023.geojson,,,,,,
Suryapet,TSD0027,3584.22,"{'min': 31.10545539855957, 'max': 41.64619064331055, 'mean': 35.32811669766206, 'count': 941, 'sum': 33243.7578125, 'median': 35.068180084228516}","(79.36051795300006, 16.63122235000003, 80.07318026800004, 17.526066134000075)",01-04-2023.geojson,,,,,,
Medchal Malkajgiri,TSD0028,1088.52,"{'min': 33.27782440185547, 'max': 39.33761978149414, 'mean': 37.196695963541664, 'count': 288, 'sum': 10712.6484375, 'median': 37.2662353515625}","(78.34798865200008, 17.361463480000054, 78.75985781500003, 17.70854524600003)",01-04-2023.geojson,,,,,,
Adilabad,TSD0029,3980.34,"{'min': 37.57352828979492, 'max': 47.86333465576172, 'mean': 43.09473688160423, 'count': 1041, 'sum': 44861.62109375, 'median': 42.935264587402344}","(78.17215629700007, 19.17277807100004, 78.97780562900004, 19.91690008100005)",01-04-2023.geojson,,,,,,
Hyderabad,TSD0030,182.64,"{'min': 32.71095275878906, 'max': 39.68333435058594, 'mean': 37.59307861328125, 'count': 48, 'sum': 1804.4677734375, 'median': 37.681427001953125}","(78.38267903300004, 17.293465379000054, 78.55019026600007, 17.483791793000023)",01-04-2023.geojson,,,,,,
Kumurambheem Asifabad,TSD0031,4495.32,"{'min': 31.577367782592773, 'max': 45.59111022949219, 'mean': 40.50666904610829, 'count': 1182, 'sum': 47878.8828125, 'median': 40.65704345703125}","(78.80016529900007, 19.050559607000025, 79.97913072000006, 19.617151517000025)",01-04-2023.geojson,,,,,,
Jayashankar Bhupalpally,TSD0032,2946.01,"{'min': 30.527000427246094, 'max': 41.316314697265625, 'mean': 36.86803385416667, 'count': 780, 'sum': 28757.06640625, 'median': 37.14002227783203}","(79.55918339200008, 18.156703452000045, 80.34460111152396, 18.869152369000062)",01-04-2023.geojson,,,,,,
Mahabubnagar,TSD0033,2749.62,"{'min': 32.93952560424805, 'max': 44.97272872924805, 'mean': 38.855798779432135, 'count': 722, 'sum': 28053.88671875, 'median': 38.646820068359375}","(77.67537161200016, 16.378530416000103, 78.369893344, 17.01442864699999)",01-04-2023.geojson,,,,,,
Bhadradri Kothagudem,TSD0001,6974.14,"{'min': 31.07428550720215, 'max': 42.76076889038086, 'mean': 36.61285958904109, 'count': 1825, 'sum': 66818.46875, 'median': 36.56230926513672}","(80.20302028700007, 17.190519193000057, 81.31479948400005, 18.238859586000046)",01-05-2023.geojson,,,,,,
Jagtial,TSD0002,2853.09,"{'min': 32.804443359375, 'max': 44.608821868896484, 'mean': 39.026047678924805, 'count': 758, 'sum': 29581.744140625, 'median': 39.074363708496094}","(78.51948718900007, 18.563739734000023, 79.29767471800005, 19.07988819600007)",01-05-2023.geojson,,,,,,
Jangoan,TSD0003,2112.71,"{'min': 33.83380889892578, 'max': 41.598331451416016, 'mean': 38.324341038685155, 'count': 559, 'sum': 21423.306640625, 'median': 38.491249084472656}","(78.86787166400006, 17.491730369000038, 79.56249112400008, 17.998869741000078)",01-05-2023.geojson,,,,,,
Mulugu,TSD0004,4189.02,"{'min': 31.386667251586914, 'max': 43.07947540283203, 'mean': 37.49181480648065, 'count': 1111, 'sum': 41653.40625, 'median': 37.446250915527344}","(79.81612732700006, 17.99631982000011, 80.7937048350002, 18.63260770700009)",01-05-2023.geojson,,,,,,
Kamareddy,TSD0005,3701.83,"{'min': 28.557777404785156, 'max': 45.235713958740234, 'mean': 38.823607024053224, 'count': 977, 'sum': 37930.6640625, 'median': 38.3636360168457}","(77.52089201100006, 18.068441783000026, 78.56926485100007, 18.558842766000055)",01-05-2023.geojson,,,,,,
Karimnagar,TSD0006,2127.79,"{'min': 30.545000076293945, 'max': 42.18571472167969, 'mean': 39.179394007155636, 'count': 559, 'sum': 21901.28125, 'median': 39.446250915527344}","(78.94956144100007, 18.132462591000035, 79.58025617800001, 18.678822129000025)",01-05-2023.geojson,,,,,,
Khammam,TSD0007,4491.25,"{'min': 31.30714225769043, 'max': 42.595001220703125, 'mean': 37.862008351293106, 'count': 1160, 'sum': 43919.9296875, 'median': 37.916664123535156}","(79.80212475200005, 16.768789670000046, 80.92560532200008, 17.577896090000024)",01-05-2023.geojson,,,,,,
Mahabubabad,TSD0008,3551.04,"{'min': 31.162940979003906, 'max': 43.7066650390625, 'mean': 37.64541465702037, 'count': 933, 'sum': 35123.171875, 'median': 38.258235931396484}","(79.51293497700004, 17.321621569000058, 80.32312548900006, 18.106543834000092)",01-05-2023.geojson,,,,,,
Mancherial,TSD0009,3909.4,"{'min': 31.607778549194336, 'max': 44.60789489746094, 'mean': 39.771516270413066, 'count': 1041, 'sum': 41402.1484375, 'median': 39.61333465576172}","(78.87934684700008, 18.672040560000028, 79.96247775100005, 19.288073780000047)",01-05-2023.geojson,,,,,,
Medak,TSD0010,2771.68,"{'min': 31.399999618530273, 'max': 44.6966667175293, 'mean': 37.741407333564496, 'count': 721, 'sum': 27211.5546875, 'median': 37.448665618896484}","(77.79480732300004, 17.664489015000072, 78.58893089700007, 18.215476757000033)",01-05-2023.geojson,,,,,,
Nagarkurnool,TSD0011,6399.07,"{'min': 29.966249465942383, 'max': 42.66875076293945, 'mean': 37.28376916183649, 'count': 1639, 'sum': 61108.09765625, 'median': 38.091331481933594}","(78.10083116400006, 16.00532167600005, 79.23432760400004, 16.830959432000043)",01-05-2023.geojson,,,,,,
Nalgonda,TSD0012,7218.26,"{'min': 28.64666748046875, 'max': 44.88333511352539, 'mean': 40.404489087301585, 'count': 1890, 'sum': 76364.484375, 'median': 40.73357391357422}","(78.62614167300006, 16.35584791900004, 79.70200312500003, 17.35996707100003)",01-05-2023.geojson,,,,,,
Nirmal,TSD0013,3729.13,"{'min': 29.17588233947754, 'max': 47.07842254638672, 'mean': 40.993433085267405, 'count': 991, 'sum': 40624.4921875, 'median': 40.8080940246582}","(77.76173454100007, 18.84522452500005, 78.95237500500008, 19.342882151000026)",01-05-2023.geojson,,,,,,
Nizamabad,TSD0014,4168.33,"{'min': 28.91777801513672, 'max': 45.16899871826172, 'mean': 38.95118429268847, 'count': 1101, 'sum': 42885.25390625, 'median': 39.1533317565918}","(77.73094369300003, 18.43404349700006, 78.64029038200005, 19.015710890000037)",01-05-2023.geojson,,,,,,
Peddapalli,TSD0015,2195.39,"{'min': 31.836666107177734, 'max': 43.20818328857422, 'mean': 39.268000966494846, 'count': 582, 'sum': 22853.9765625, 'median': 39.290000915527344}","(79.11294947900006, 18.385471986000027, 79.83268954900007, 18.854875013000026)",01-05-2023.geojson,,,,,,
Rajanna Sircilla,TSD0016,1897.97,"{'min': 29.86400032043457, 'max': 43.4900016784668, 'mean': 38.22436135912698, 'count': 504, 'sum': 19265.078125, 'median': 38.46839141845703}","(78.52078465300008, 18.21376387500004, 79.02266919100003, 18.69041016700004)",01-05-2023.geojson,,,,,,
Sangareddy,TSD0017,4460.37,"{'min': 28.625999450683594, 'max': 45.997501373291016, 'mean': 39.798509247448976, 'count': 1176, 'sum': 46803.046875, 'median': 39.801902770996094}","(77.44416825100006, 17.42785604100004, 78.44886573200006, 18.309307690000026)",01-05-2023.geojson,,,,,,
Siddipet,TSD0018,3637.17,"{'min': 30.44473648071289, 'max': 43.743751525878906, 'mean': 38.05143027605779, 'count': 969, 'sum': 36871.8359375, 'median': 38.06618881225586}","(78.49289586600008, 17.667265188000044, 79.30335584600004, 18.34315846100003)",01-05-2023.geojson,,,,,,
Vikarabad,TSD0019,3618.96,"{'min': 35.36052703857422, 'max': 44.92733383178711, 'mean': 40.06231418472516, 'count': 946, 'sum': 37898.94921875, 'median': 39.9879150390625}","(77.36247981800005, 16.90300025500005, 78.07315782100005, 17.637813938000022)",01-05-2023.geojson,,,,,,
Wanaparthy,TSD0020,2174.67,"{'min': 30.332666397094727, 'max': 43.775333404541016, 'mean': 38.763760808887916, 'count': 571, 'sum': 22134.107421875, 'median': 38.582000732421875}","(77.65718116, 15.94285645900004, 78.31347526600007, 16.626992442000073)",01-05-2023.geojson,,,,,,
Warangal Rural,TSD0021,2139.98,"{'min': 33.4566650390625, 'max': 41.52166748046875, 'mean': 38.43141829028021, 'count': 571, 'sum': 21944.33984375, 'median': 38.435333251953125}","(79.47950597500005, 17.619303173000105, 80.04124404200007, 18.279223933000026)",01-05-2023.geojson,,,,,,
Warangal Urban,TSD0022,1294.45,"{'min': 34.7594108581543, 'max': 41.766666412353516, 'mean': 38.87161937040441, 'count': 340, 'sum': 13216.3505859375, 'median': 38.99012756347656}","(79.23082975700004, 17.786163054000042, 79.67163482100005, 18.266255774000058)",01-05-2023.geojson,,,,,,
Yadadri Bhuvanagiri,TSD0023,3422.72,"{'min': 33.858001708984375, 'max': 44.16999816894531, 'mean': 38.4726432436182, 'count': 901, 'sum': 34663.8515625, 'median': 38.40058898925781}","(78.68260567800007, 17.04419639500003, 79.45808114400006, 17.812669696000114)",01-05-2023.geojson,,,,,,
Narayanpet,TSD0024,2380.13,"{'min': 30.45571517944336, 'max': 44.52375030517578, 'mean': 40.3858045212766, 'count': 611, 'sum': 24675.7265625, 'median': 40.32624816894531}","(77.23725451100006, 16.34148046400003, 77.79666638000009, 17.061726844000077)",01-05-2023.geojson,,,,,,
Jogulamba Gadwal,TSD0025,2574.21,"{'min': 29.931333541870117, 'max': 46.128665924072266, 'mean': 40.80422344924812, 'count': 665, 'sum': 27134.80859375, 'median': 40.407501220703125}","(77.48561464400007, 15.836429923000026, 78.25321888900004, 16.362950969000053)",01-05-2023.geojson,,,,,,
Rangareddy,TSD0026,4997.54,"{'min': 30.018888473510742, 'max': 45.13666534423828, 'mean': 38.312718986742425, 'count': 1320, 'sum': 50572.7890625, 'median': 37.992942810058594}","(77.92190617600005, 16.744225033000077, 78.84397639500008, 17.522654105000072)",01-05-2023.geojson,,,,,,
Suryapet,TSD0027,3584.22,"{'min': 31.837142944335938, 'max': 43.51874923706055, 'mean': 39.82612828772582, 'count': 941, 'sum': 37476.38671875, 'median': 39.894615173339844}","(79.36051795300006, 16.63122235000003, 80.07318026800004, 17.526066134000075)",01-05-2023.geojson,,,,,,
Medchal Malkajgiri,TSD0028,1088.52,"{'min': 33.65420913696289, 'max': 38.662940979003906, 'mean': 36.345672607421875, 'count': 288, 'sum': 10467.5537109375, 'median': 36.28789520263672}","(78.34798865200008, 17.361463480000054, 78.75985781500003, 17.70854524600003)",01-05-2023.geojson,,,,,,
Adilabad,TSD0029,3980.34,"{'min': 36.37727355957031, 'max': 48.034210205078125, 'mean': 43.201826669068204, 'count': 1041, 'sum': 44973.1015625, 'median': 43.21111297607422}","(78.17215629700007, 19.17277807100004, 78.97780562900004, 19.91690008100005)",01-05-2023.geojson,,,,,,
Hyderabad,TSD0030,182.64,"{'min': 32.72294235229492, 'max': 39.317501068115234, 'mean': 37.16015625, 'count': 48, 'sum': 1783.6875, 'median': 37.20888900756836}","(78.38267903300004, 17.293465379000054, 78.55019026600007, 17.483791793000023)",01-05-2023.geojson,,,,,,
Kumurambheem Asifabad,TSD0031,4495.32,"{'min': 31.98238182067871, 'max': 47.02294158935547, 'mean': 41.20012425972927, 'count': 1182, 'sum': 48698.546875, 'median': 41.321815490722656}","(78.80016529900007, 19.050559607000025, 79.97913072000006, 19.617151517000025)",01-05-2023.geojson,,,,,,
Jayashankar Bhupalpally,TSD0032,2946.01,"{'min': 33.175262451171875, 'max': 43.39555740356445, 'mean': 39.33243189102564, 'count': 780, 'sum': 30679.296875, 'median': 39.38455581665039}","(79.55918339200008, 18.156703452000045, 80.34460111152396, 18.869152369000062)",01-05-2023.geojson,,,,,,
Mahabubnagar,TSD0033,2749.62,"{'min': 33.65117645263672, 'max': 44.5412483215332, 'mean': 39.47120628462604, 'count': 722, 'sum': 28498.2109375, 'median': 39.38176345825195}","(77.67537161200016, 16.378530416000103, 78.369893344, 17.01442864699999)",01-05-2023.geojson,,,,,,
Bhadradri Kothagudem,TSD0001,6974.14,"{'min': 31.149999618530273, 'max': 45.13285827636719, 'mean': 39.616806506849315, 'count': 1825, 'sum': 72300.671875, 'median': 39.816001892089844}","(80.20302028700007, 17.190519193000057, 81.31479948400005, 18.238859586000046)",30-06-2023.geojson,,,,,,
Jagtial,TSD0002,2853.09,"{'min': 32.61000061035156, 'max': 43.310001373291016, 'mean': 39.05211081794195, 'count': 758, 'sum': 29601.5, 'median': 39.221641540527344}","(78.51948718900007, 18.563739734000023, 79.29767471800005, 19.07988819600007)",30-06-2023.geojson,,,,,,
Jangoan,TSD0003,2112.71,"{'min': 35.25749969482422, 'max': 43.19908905029297, 'mean': 39.938261683810374, 'count': 559, 'sum': 22325.48828125, 'median': 40.46272659301758}","(78.86787166400006, 17.491730369000038, 79.56249112400008, 17.998869741000078)",30-06-2023.geojson,,,,,,
Mulugu,TSD0004,4189.02,"{'min': 31.808181762695312, 'max': 45.7760009765625, 'mean': 40.13224291179118, 'count': 1111, 'sum': 44586.921875, 'median': 39.90800094604492}","(79.81612732700006, 17.99631982000011, 80.7937048350002, 18.63260770700009)",30-06-2023.geojson,,,,,,
Kamareddy,TSD0005,3701.83,"{'min': 28.108572006225586, 'max': 45.43769073486328, 'mean': 39.71350035184238, 'count': 977, 'sum': 38800.08984375, 'median': 39.787498474121094}","(77.52089201100006, 18.068441783000026, 78.56926485100007, 18.558842766000055)",30-06-2023.geojson,,,,,,
Karimnagar,TSD0006,2127.79,"{'min': 30.100000381469727, 'max': 43.93000030517578, 'mean': 40.685193984794275, 'count': 559, 'sum': 22743.0234375, 'median': 40.95000076293945}","(78.94956144100007, 18.132462591000035, 79.58025617800001, 18.678822129000025)",30-06-2023.geojson,,,,,,
Khammam,TSD0007,4491.25,"{'min': 32.73222351074219, 'max': 45.45000076293945, 'mean': 41.09994612068966, 'count': 1160, 'sum': 47675.9375, 'median': 41.52885437011719}","(79.80212475200005, 16.768789670000046, 80.92560532200008, 17.577896090000024)",30-06-2023.geojson,,,,,,
Mahabubabad,TSD0008,3551.04,"{'min': 32.11909103393555, 'max': 44.02555465698242, 'mean': 40.004672427652736, 'count': 933, 'sum': 37324.359375, 'median': 40.38090896606445}","(79.51293497700004, 17.321621569000058, 80.32312548900006, 18.106543834000092)",30-06-2023.geojson,,,,,,
Mancherial,TSD0009,3909.4,"{'min': 30.446922302246094, 'max': 44.961666107177734, 'mean': 39.43863697766571, 'count': 1041, 'sum': 41055.62109375, 'median': 39.29666519165039}","(78.87934684700008, 18.672040560000028, 79.96247775100005, 19.288073780000047)",30-06-2023.geojson,,,,,,
Medak,TSD0010,2771.68,"{'min': 31.999332427978516, 'max': 43.037498474121094, 'mean': 39.60829143550624, 'count': 721, 'sum': 28557.578125, 'median': 39.650001525878906}","(77.79480732300004, 17.664489015000072, 78.58893089700007, 18.215476757000033)",30-06-2023.geojson,,,,,,
Nagarkurnool,TSD0011,6399.07,"{'min': 29.07181739807129, 'max': 42.395713806152344, 'mean': 36.71642865314216, 'count': 1639, 'sum': 60178.2265625, 'median': 37.47600173950195}","(78.10083116400006, 16.00532167600005, 79.23432760400004, 16.830959432000043)",30-06-2023.geojson,,,,,,
Nalgonda,TSD0012,7218.26,"{'min': 27.864999771118164, 'max': 44.93000030517578, 'mean': 38.89199488575983, 'count': 1882, 'sum': 73194.734375, 'median': 39.1683349609375}","(78.62614167300006, 16.35584791900004, 79.70200312500003, 17.35996707100003)",30-06-2023.geojson,,,,,,
Nirmal,TSD0013,3729.13,"{'min': 28.761428833007812, 'max': 45.18529510498047, 'mean': 40.41421622729566, 'count': 991, 'sum': 40050.48828125, 'median': 40.61666488647461}","(77.76173454100007, 18.84522452500005, 78.95237500500008, 19.342882151000026)",30-06-2023.geojson,,,,,,
Nizamabad,TSD0014,4168.33,"{'min': 28.019229888916016, 'max': 43.275333404541016, 'mean': 38.40204927338783, 'count': 1101, 'sum': 42280.65625, 'median': 38.72624969482422}","(77.73094369300003, 18.43404349700006, 78.64029038200005, 19.015710890000037)",30-06-2023.geojson,,,,,,
Peddapalli,TSD0015,2195.39,"{'min': 31.198333740234375, 'max': 44.07444381713867, 'mean': 39.905102287371136, 'count': 582, 'sum': 23224.76953125, 'median': 40.00499725341797}","(79.11294947900006, 18.385471986000027, 79.83268954900007, 18.854875013000026)",30-06-2023.geojson,,,,,,
Rajanna Sircilla,TSD0016,1897.97,"{'min': 28.1113338470459, 'max': 43.352664947509766, 'mean': 38.980980282738095, 'count': 504, 'sum': 19646.4140625, 'median': 39.491905212402344}","(78.52078465300008, 18.21376387500004, 79.02266919100003, 18.69041016700004)",30-06-2023.geojson,,,,,,
Sangareddy,TSD0017,4460.37,"{'min': 27.98714256286621, 'max': 44.41777801513672, 'mean': 39.632885576105444, 'count': 1176, 'sum': 46608.2734375, 'median': 39.80919647216797}","(77.44416825100006, 17.42785604100004, 78.44886573200006, 18.309307690000026)",30-06-2023.geojson,,,,,,
Siddipet,TSD0018,3637.17,"{'min': 29.222856521606445, 'max': 43.9471435546875, 'mean': 39.61771962074303, 'count': 969, 'sum': 38389.5703125, 'median': 39.84333419799805}","(78.49289586600008, 17.667265188000044, 79.30335584600004, 18.34315846100003)",30-06-2023.geojson,,,,,,
Vikarabad,TSD0019,3618.96,"{'min': 31.986364364624023, 'max': 42.83461380004883, 'mean': 38.74350059460888, 'count': 946, 'sum': 36651.3515625, 'median': 38.93456268310547}","(77.36247981800005, 16.90300025500005, 78.07315782100005, 17.637813938000022)",30-06-2023.geojson,,,,,,
Wanaparthy,TSD0020,2174.67,"{'min': 28.875, 'max': 41.97200012207031, 'mean': 38.010617338003506, 'count': 571, 'sum': 21704.0625, 'median': 37.98777770996094}","(77.65718116, 15.94285645900004, 78.31347526600007, 16.626992442000073)",30-06-2023.geojson,,,,,,
Warangal Rural,TSD0021,2139.98,"{'min': 34.17856979370117, 'max': 43.77000045776367, 'mean': 40.564542058887916, 'count': 571, 'sum': 23162.353515625, 'median': 40.56999969482422}","(79.47950597500005, 17.619303173000105, 80.04124404200007, 18.279223933000026)",30-06-2023.geojson,,,,,,
Warangal Urban,TSD0022,1294.45,"{'min': 36.125, 'max': 43.47444534301758, 'mean': 40.62341164981618, 'count': 340, 'sum': 13811.9599609375, 'median': 40.88222122192383}","(79.23082975700004, 17.786163054000042, 79.67163482100005, 18.266255774000058)",30-06-2023.geojson,,,,,,
Yadadri Bhuvanagiri,TSD0023,3422.72,"{'min': 34.82538604736328, 'max': 43.66692352294922, 'mean': 38.16727507630411, 'count': 901, 'sum': 34388.71484375, 'median': 37.98428726196289}","(78.68260567800007, 17.04419639500003, 79.45808114400006, 17.812669696000114)",30-06-2023.geojson,,,,,,
Narayanpet,TSD0024,2380.13,"{'min': 28.713333129882812, 'max': 43.30799865722656, 'mean': 39.32972969517185, 'count': 611, 'sum': 24030.46484375, 'median': 39.577274322509766}","(77.23725451100006, 16.34148046400003, 77.79666638000009, 17.061726844000077)",30-06-2023.geojson,,,,,,
Jogulamba Gadwal,TSD0025,2574.21,"{'min': 27.785715103149414, 'max': 42.20090866088867, 'mean': 38.02261806860902, 'count': 665, 'sum': 25285.041015625, 'median': 38.119998931884766}","(77.48561464400007, 15.836429923000026, 78.25321888900004, 16.362950969000053)",30-06-2023.geojson,,,,,,
Rangareddy,TSD0026,4997.54,"{'min': 29.98200035095215, 'max': 44.10333251953125, 'mean': 38.43284801136364, 'count': 1320, 'sum': 50731.359375, 'median': 38.38909149169922}","(77.92190617600005, 16.744225033000077, 78.84397639500008, 17.522654105000072)",30-06-2023.geojson,,,,,,
Suryapet,TSD0027,3584.22,"{'min': 30.413333892822266, 'max': 47.66999816894531, 'mean': 41.367753623188406, 'count': 897, 'sum': 37106.875, 'median': 41.424285888671875}","(79.36051795300006, 16.63122235000003, 80.07318026800004, 17.526066134000075)",30-06-2023.geojson,,,,,,
Medchal Malkajgiri,TSD0028,1088.52,"{'min': 34.128665924072266, 'max': 40.28466796875, 'mean': 37.157558865017364, 'count': 288, 'sum': 10701.376953125, 'median': 36.85133361816406}","(78.34798865200008, 17.361463480000054, 78.75985781500003, 17.70854524600003)",30-06-2023.geojson,,,,,,
Adilabad,TSD0029,3980.34,"{'min': 35.063331604003906, 'max': 46.48428726196289, 'mean': 41.974866414505286, 'count': 1041, 'sum': 43695.8359375, 'median': 42.16428756713867}","(78.17215629700007, 19.17277807100004, 78.97780562900004, 19.91690008100005)",30-06-2023.geojson,,,,,,
Hyderabad,TSD0030,182.64,"{'min': 32.612667083740234, 'max': 38.49714279174805, 'mean': 36.643890380859375, 'count': 48, 'sum': 1758.90673828125, 'median': 36.54399871826172}","(78.38267903300004, 17.293465379000054, 78.55019026600007, 17.483791793000023)",30-06-2023.geojson,,,,,,
Kumurambheem Asifabad,TSD0031,4495.32,"{'min': 31.20866584777832, 'max': 45.533077239990234, 'mean': 40.923745505499156, 'count': 1182, 'sum': 48371.8671875, 'median': 41.01630783081055}","(78.80016529900007, 19.050559607000025, 79.97913072000006, 19.617151517000025)",30-06-2023.geojson,,,,,,
Jayashankar Bhupalpally,TSD0032,2946.01,"{'min': 34.49142837524414, 'max': 44.895999908447266, 'mean': 40.775067608173075, 'count': 780, 'sum': 31804.552734375, 'median': 40.8518180847168}","(79.55918339200008, 18.156703452000045, 80.34460111152396, 18.869152369000062)",30-06-2023.geojson,,,,,,
Mahabubnagar,TSD0033,2749.62,"{'min': 33.211666107177734, 'max': 42.391998291015625, 'mean': 38.58150103878116, 'count': 722, 'sum': 27855.84375, 'median': 38.7840576171875}","(77.67537161200016, 16.378530416000103, 78.369893344, 17.01442864699999)",30-06-2023.geojson,,,,,,
Bhadradri Kothagudem,TSD0001,6974.14,"{'min': 23.290000915527344, 'max': 34.650001525878906, 'mean': 29.812182131555154, 'count': 1659, 'sum': 49458.41015625, 'median': 29.809999465942383}","(80.20302028700007, 17.190519193000057, 81.31479948400005, 18.238859586000046)",30-09-2023.geojson,,,,,,
Jagtial,TSD0002,2853.09,"{'min': 19.876667022705078, 'max': 31.886667251586914, 'mean': 28.209252349934037, 'count': 758, 'sum': 21382.61328125, 'median': 28.314498901367188}","(78.51948718900007, 18.563739734000023, 79.29767471800005, 19.07988819600007)",30-09-2023.geojson,,,,,,
Jangoan,TSD0003,2112.71,"{'min': 27.69499969482422, 'max': 33.470001220703125, 'mean': 30.58935459525939, 'count': 559, 'sum': 17099.44921875, 'median': 30.6299991607666}","(78.86787166400006, 17.491730369000038, 79.56249112400008, 17.998869741000078)",30-09-2023.geojson,,,,,,
Mulugu,TSD0004,4189.02,"{'min': 24.25666618347168, 'max': 36.27000045776367, 'mean': 28.795169751350134, 'count': 1111, 'sum': 31991.43359375, 'median': 28.690000534057617}","(79.81612732700006, 17.99631982000011, 80.7937048350002, 18.63260770700009)",30-09-2023.geojson,,,,,,
Kamareddy,TSD0005,3701.83,"{'min': 19.940000534057617, 'max': 31.785999298095703, 'mean': 26.86880443135246, 'count': 976, 'sum': 26223.953125, 'median': 26.726665496826172}","(77.52089201100006, 18.068441783000026, 78.56926485100007, 18.558842766000055)",30-09-2023.geojson,,,,,,
Karimnagar,TSD0006,2127.79,"{'min': 25.937999725341797, 'max': 34.36333465576172, 'mean': 29.25350619130143, 'count': 559, 'sum': 16352.7099609375, 'median': 29.22599983215332}","(78.94956144100007, 18.132462591000035, 79.58025617800001, 18.678822129000025)",30-09-2023.geojson,,,,,,
Khammam,TSD0007,4491.25,"{'min': 21.559999465942383, 'max': 37.90999984741211, 'mean': 31.358381424216027, 'count': 1148, 'sum': 35999.421875, 'median': 31.575000762939453}","(79.80212475200005, 16.768789670000046, 80.92560532200008, 17.577896090000024)",30-09-2023.geojson,,,,,,
Mahabubabad,TSD0008,3551.04,"{'min': 26.21666717529297, 'max': 35.27000045776367, 'mean': 30.727027230707396, 'count': 933, 'sum': 28668.31640625, 'median': 30.803333282470703}","(79.51293497700004, 17.321621569000058, 80.32312548900006, 18.106543834000092)",30-09-2023.geojson,,,,,,
Mancherial,TSD0009,3909.4,"{'min': 23.440000534057617, 'max': 34.38999938964844, 'mean': 29.452050490317777, 'count': 1007, 'sum': 29658.21484375, 'median': 29.636667251586914}","(78.87934684700008, 18.672040560000028, 79.96247775100005, 19.288073780000047)",30-09-2023.geojson,,,,,,
Medak,TSD0010,2771.68,"{'min': 19.823333740234375, 'max': 31.204999923706055, 'mean': 26.799661276223777, 'count': 715, 'sum': 19161.7578125, 'median': 26.729999542236328}","(77.79480732300004, 17.664489015000072, 78.58893089700007, 18.215476757000033)",30-09-2023.geojson,,,,,,
Nagarkurnool,TSD0011,6399.07,"{'min': 21.610000610351562, 'max': 35.90999984741211, 'mean': 31.046242334509408, 'count': 1488, 'sum': 46196.80859375, 'median': 31.877500534057617}","(78.10083116400006, 16.00532167600005, 79.23432760400004, 16.830959432000043)",30-09-2023.geojson,,,,,,
Nalgonda,TSD0012,7218.26,"{'min': 25.586000442504883, 'max': 36.936668395996094, 'mean': 31.84666982323232, 'count': 1881, 'sum': 59903.5859375, 'median': 31.895000457763672}","(78.62614167300006, 16.35584791900004, 79.70200312500003, 17.35996707100003)",30-09-2023.geojson,,,,,,
Nirmal,TSD0013,3729.13,"{'min': 14.4399995803833, 'max': 34.61000061035156, 'mean': 27.707844387755102, 'count': 980, 'sum': 27153.6875, 'median': 27.90999984741211}","(77.76173454100007, 18.84522452500005, 78.95237500500008, 19.342882151000026)",30-09-2023.geojson,,,,,,
Nizamabad,TSD0014,4168.33,"{'min': 20.1200008392334, 'max': 31.59000015258789, 'mean': 26.37285883571753, 'count': 1101, 'sum': 29036.517578125, 'median': 26.239999771118164}","(77.73094369300003, 18.43404349700006, 78.64029038200005, 19.015710890000037)",30-09-2023.geojson,,,,,,
Peddapalli,TSD0015,2195.39,"{'min': 24.03499984741211, 'max': 33.45000076293945, 'mean': 29.109771675989673, 'count': 581, 'sum': 16912.77734375, 'median': 29.170000076293945}","(79.11294947900006, 18.385471986000027, 79.83268954900007, 18.854875013000026)",30-09-2023.geojson,,,,,,
Rajanna Sircilla,TSD0016,1897.97,"{'min': 19.976667404174805, 'max': 32.27000045776367, 'mean': 28.301102895585316, 'count': 504, 'sum': 14263.755859375, 'median': 28.2066650390625}","(78.52078465300008, 18.21376387500004, 79.02266919100003, 18.69041016700004)",30-09-2023.geojson,,,,,,
Sangareddy,TSD0017,4460.37,"{'min': 17.389999389648438, 'max': 33.11000061035156, 'mean': 28.394504654255318, 'count': 1175, 'sum': 33363.54296875, 'median': 28.540000915527344}","(77.44416825100006, 17.42785604100004, 78.44886573200006, 18.309307690000026)",30-09-2023.geojson,,,,,,
Siddipet,TSD0018,3637.17,"{'min': 25.843334197998047, 'max': 34.2400016784668, 'mean': 29.269994840041278, 'count': 969, 'sum': 28362.625, 'median': 29.219999313354492}","(78.49289586600008, 17.667265188000044, 79.30335584600004, 18.34315846100003)",30-09-2023.geojson,,,,,,
Vikarabad,TSD0019,3618.96,"{'min': 22.440000534057617, 'max': 36.88999938964844, 'mean': 29.9017253345672, 'count': 878, 'sum': 26253.71484375, 'median': 29.53333282470703}","(77.36247981800005, 16.90300025500005, 78.07315782100005, 17.637813938000022)",30-09-2023.geojson,,,,,,
Wanaparthy,TSD0020,2174.67,"{'min': 24.149999618530273, 'max': 36.22999954223633, 'mean': 29.974977022058823, 'count': 510, 'sum': 15287.23828125, 'median': 29.989999771118164}","(77.65718116, 15.94285645900004, 78.31347526600007, 16.626992442000073)",30-09-2023.geojson,,,,,,
Warangal Rural,TSD0021,2139.98,"{'min': 26.94499969482422, 'max': 33.54999923706055, 'mean': 30.556427431778168, 'count': 568, 'sum': 17356.05078125, 'median': 30.63450050354004}","(79.47950597500005, 17.619303173000105, 80.04124404200007, 18.279223933000026)",30-09-2023.geojson,,,,,,
Warangal Urban,TSD0022,1294.45,"{'min': 28.049999237060547, 'max': 34.56999969482422, 'mean': 30.528239889705883, 'count': 340, 'sum': 10379.6015625, 'median': 30.541667938232422}","(79.23082975700004, 17.786163054000042, 79.67163482100005, 18.266255774000058)",30-09-2023.geojson,,,,,,
Yadadri Bhuvanagiri,TSD0023,3422.72,"{'min': 25.398000717163086, 'max': 35.349998474121094, 'mean': 30.325697142064374, 'count': 901, 'sum': 27323.453125, 'median': 30.285999298095703}","(78.68260567800007, 17.04419639500003, 79.45808114400006, 17.812669696000114)",30-09-2023.geojson,,,,,,
Narayanpet,TSD0024,2380.13,"{'min': 0.0, 'max': 35.97999954223633, 'mean': 30.35957129396985, 'count': 597, 'sum': 18124.6640625, 'median': 30.520000457763672}","(77.23725451100006, 16.34148046400003, 77.79666638000009, 17.061726844000077)",30-09-2023.geojson,,,,,,
Jogulamba Gadwal,TSD0025,2574.21,"{'min': 25.567142486572266, 'max': 39.459999084472656, 'mean': 33.470882283834584, 'count': 665, 'sum': 22258.13671875, 'median': 33.33000183105469}","(77.48561464400007, 15.836429923000026, 78.25321888900004, 16.362950969000053)",30-09-2023.geojson,,,,,,
Rangareddy,TSD0026,4997.54,"{'min': 22.489999771118164, 'max': 35.349998474121094, 'mean': 30.307643821022726, 'count': 1320, 'sum': 40006.08984375, 'median': 30.170000076293945}","(77.92190617600005, 16.744225033000077, 78.84397639500008, 17.522654105000072)",30-09-2023.geojson,,,,,,
Suryapet,TSD0027,3584.22,"{'min': 25.110000610351562, 'max': 36.29999923706055, 'mean': 30.663093202045697, 'count': 941, 'sum': 28853.970703125, 'median': 30.450000762939453}","(79.36051795300006, 16.63122235000003, 80.07318026800004, 17.526066134000075)",30-09-2023.geojson,,,,,,
Medchal Malkajgiri,TSD0028,1088.52,"{'min': 25.969999313354492, 'max': 35.93000030517578, 'mean': 30.31304931640625, 'count': 288, 'sum': 8730.158203125, 'median': 30.203332901000977}","(78.34798865200008, 17.361463480000054, 78.75985781500003, 17.70854524600003)",30-09-2023.geojson,,,,,,
Adilabad,TSD0029,3980.34,"{'min': 0.0, 'max': 37.93000030517578, 'mean': 30.521083974975937, 'count': 1039, 'sum': 31711.40625, 'median': 30.5}","(78.17215629700007, 19.17277807100004, 78.97780562900004, 19.91690008100005)",30-09-2023.geojson,,,,,,
Hyderabad,TSD0030,182.64,"{'min': 29.41666603088379, 'max': 35.8033332824707, 'mean': 32.517985026041664, 'count': 48, 'sum': 1560.86328125, 'median': 32.275001525878906}","(78.38267903300004, 17.293465379000054, 78.55019026600007, 17.483791793000023)",30-09-2023.geojson,,,,,,
Kumurambheem Asifabad,TSD0031,4495.32,"{'min': 24.329999923706055, 'max': 36.88999938964844, 'mean': 29.37958410933392, 'count': 1141, 'sum': 33522.10546875, 'median': 29.3700008392334}","(78.80016529900007, 19.050559607000025, 79.97913072000006, 19.617151517000025)",30-09-2023.geojson,,,,,,
Jayashankar Bhupalpally,TSD0032,2946.01,"{'min': 25.559999465942383, 'max': 34.9900016784668, 'mean': 29.661371527777778, 'count': 765, 'sum': 22690.94921875, 'median': 29.40333366394043}","(79.55918339200008, 18.156703452000045, 80.34460111152396, 18.869152369000062)",30-09-2023.geojson,,,,,,
Mahabubnagar,TSD0033,2749.62,"{'min': 23.950000762939453, 'max': 36.029998779296875, 'mean': 29.106506840670438, 'count': 619, 'sum': 18016.927734375, 'median': 28.709999084472656}","(77.67537161200016, 16.378530416000103, 78.369893344, 17.01442864699999)",30-09-2023.geojson,,,,,,
Bhadradri Kothagudem,TSD0001,6974.14,"{'min': 24.860000610351562, 'max': 35.08833312988281, 'mean': 28.73183433219178, 'count': 1825, 'sum': 52435.59765625, 'median': 28.928571701049805}","(80.20302028700007, 17.190519193000057, 81.31479948400005, 18.238859586000046)",30-11-2023.geojson,,,,,,
Jagtial,TSD0002,2853.09,"{'min': 25.895999908447266, 'max': 31.00777816772461, 'mean': 29.223885327341687, 'count': 758, 'sum': 22151.705078125, 'median': 29.36212158203125}","(78.51948718900007, 18.563739734000023, 79.29767471800005, 19.07988819600007)",30-11-2023.geojson,,,,,,
Jangoan,TSD0003,2112.71,"{'min': 28.176666259765625, 'max': 33.426666259765625, 'mean': 30.850440938059034, 'count': 559, 'sum': 17245.396484375, 'median': 30.862499237060547}","(78.86787166400006, 17.491730369000038, 79.56249112400008, 17.998869741000078)",30-11-2023.geojson,,,,,,
Mulugu,TSD0004,4189.02,"{'min': 25.05714225769043, 'max': 35.9566650390625, 'mean': 28.18072822907291, 'count': 1111, 'sum': 31308.7890625, 'median': 27.79307746887207}","(79.81612732700006, 17.99631982000011, 80.7937048350002, 18.63260770700009)",30-11-2023.geojson,,,,,,
Kamareddy,TSD0005,3701.83,"{'min': 24.110000610351562, 'max': 35.0528564453125, 'mean': 30.55050737269703, 'count': 977, 'sum': 29847.845703125, 'median': 30.60285758972168}","(77.52089201100006, 18.068441783000026, 78.56926485100007, 18.558842766000055)",30-11-2023.geojson,,,,,,
Karimnagar,TSD0006,2127.79,"{'min': 25.294445037841797, 'max': 33.349998474121094, 'mean': 30.6403280131932, 'count': 559, 'sum': 17127.943359375, 'median': 30.772499084472656}","(78.94956144100007, 18.132462591000035, 79.58025617800001, 18.678822129000025)",30-11-2023.geojson,,,,,,
Khammam,TSD0007,4491.25,"{'min': 24.562307357788086, 'max': 32.935455322265625, 'mean': 29.435390153149267, 'count': 1159, 'sum': 34115.6171875, 'median': 29.440000534057617}","(79.80212475200005, 16.768789670000046, 80.92560532200008, 17.577896090000024)",30-11-2023.geojson,,,,,,
Mahabubabad,TSD0008,3551.04,"{'min': 25.087142944335938, 'max': 31.476667404174805, 'mean': 28.833528017818864, 'count': 933, 'sum': 26901.681640625, 'median': 29.001667022705078}","(79.51293497700004, 17.321621569000058, 80.32312548900006, 18.106543834000092)",30-11-2023.geojson,,,,,,
Mancherial,TSD0009,3909.4,"{'min': 26.242307662963867, 'max': 32.074615478515625, 'mean': 28.734802773775215, 'count': 1041, 'sum': 29912.9296875, 'median': 28.69499969482422}","(78.87934684700008, 18.672040560000028, 79.96247775100005, 19.288073780000047)",30-11-2023.geojson,,,,,,
Medak,TSD0010,2771.68,"{'min': 24.709999084472656, 'max': 31.953636169433594, 'mean': 29.765554568307905, 'count': 721, 'sum': 21460.96484375, 'median': 29.81999969482422}","(77.79480732300004, 17.664489015000072, 78.58893089700007, 18.215476757000033)",30-11-2023.geojson,,,,,,
Nagarkurnool,TSD0011,6399.07,"{'min': 25.22833251953125, 'max': 34.59749984741211, 'mean': 30.635191046369737, 'count': 1639, 'sum': 50211.078125, 'median': 31.003334045410156}","(78.10083116400006, 16.00532167600005, 79.23432760400004, 16.830959432000043)",30-11-2023.geojson,,,,,,
Nalgonda,TSD0012,7218.26,"{'min': 26.187999725341797, 'max': 35.630001068115234, 'mean': 31.53567294973545, 'count': 1890, 'sum': 59602.421875, 'median': 31.568571090698242}","(78.62614167300006, 16.35584791900004, 79.70200312500003, 17.35996707100003)",30-11-2023.geojson,,,,,,
Nirmal,TSD0013,3729.13,"{'min': 24.579999923706055, 'max': 36.020668029785156, 'mean': 29.901244008577194, 'count': 991, 'sum': 29632.1328125, 'median': 29.77666664123535}","(77.76173454100007, 18.84522452500005, 78.95237500500008, 19.342882151000026)",30-11-2023.geojson,,,,,,
Nizamabad,TSD0014,4168.33,"{'min': 24.600000381469727, 'max': 34.75, 'mean': 30.1487213328792, 'count': 1101, 'sum': 33193.7421875, 'median': 30.373332977294922}","(77.73094369300003, 18.43404349700006, 78.64029038200005, 19.015710890000037)",30-11-2023.geojson,,,,,,
Peddapalli,TSD0015,2195.39,"{'min': 26.722000122070312, 'max': 33.2239990234375, 'mean': 29.465132356099655, 'count': 582, 'sum': 17148.70703125, 'median': 29.28900146484375}","(79.11294947900006, 18.385471986000027, 79.83268954900007, 18.854875013000026)",30-11-2023.geojson,,,,,,
Rajanna Sircilla,TSD0016,1897.97,"{'min': 25.383333206176758, 'max': 32.20000076293945, 'mean': 29.597059461805557, 'count': 504, 'sum': 14916.91796875, 'median': 29.77083396911621}","(78.52078465300008, 18.21376387500004, 79.02266919100003, 18.69041016700004)",30-11-2023.geojson,,,,,,
Sangareddy,TSD0017,4460.37,"{'min': 23.874614715576172, 'max': 34.851539611816406, 'mean': 30.092215401785715, 'count': 1176, 'sum': 35388.4453125, 'median': 30.098888397216797}","(77.44416825100006, 17.42785604100004, 78.44886573200006, 18.309307690000026)",30-11-2023.geojson,,,,,,
Siddipet,TSD0018,3637.17,"{'min': 26.545555114746094, 'max': 32.57500076293945, 'mean': 30.130208333333332, 'count': 969, 'sum': 29196.171875, 'median': 30.142499923706055}","(78.49289586600008, 17.667265188000044, 79.30335584600004, 18.34315846100003)",30-11-2023.geojson,,,,,,
Vikarabad,TSD0019,3618.96,"{'min': 27.554615020751953, 'max': 33.189998626708984, 'mean': 30.08789888345666, 'count': 946, 'sum': 28463.15234375, 'median': 30.04916763305664}","(77.36247981800005, 16.90300025500005, 78.07315782100005, 17.637813938000022)",30-11-2023.geojson,,,,,,
Wanaparthy,TSD0020,2174.67,"{'min': 26.027999877929688, 'max': 36.0099983215332, 'mean': 30.374141445928196, 'count': 571, 'sum': 17343.634765625, 'median': 30.33571434020996}","(77.65718116, 15.94285645900004, 78.31347526600007, 16.626992442000073)",30-11-2023.geojson,,,,,,
Warangal Rural,TSD0021,2139.98,"{'min': 26.501667022705078, 'max': 32.48500061035156, 'mean': 29.492375629378284, 'count': 571, 'sum': 16840.146484375, 'median': 29.50428581237793}","(79.47950597500005, 17.619303173000105, 80.04124404200007, 18.279223933000026)",30-11-2023.geojson,,,,,,
Warangal Urban,TSD0022,1294.45,"{'min': 28.003334045410156, 'max': 32.08454513549805, 'mean': 30.331801470588236, 'count': 340, 'sum': 10312.8125, 'median': 30.39322280883789}","(79.23082975700004, 17.786163054000042, 79.67163482100005, 18.266255774000058)",30-11-2023.geojson,,,,,,
Yadadri Bhuvanagiri,TSD0023,3422.72,"{'min': 28.476667404174805, 'max': 34.01571273803711, 'mean': 31.75313020255272, 'count': 901, 'sum': 28609.5703125, 'median': 31.78714370727539}","(78.68260567800007, 17.04419639500003, 79.45808114400006, 17.812669696000114)",30-11-2023.geojson,,,,,,
Narayanpet,TSD0024,2380.13,"{'min': 25.53363609313965, 'max': 33.998573303222656, 'mean': 30.83547718903437, 'count': 611, 'sum': 18840.4765625, 'median': 30.729999542236328}","(77.23725451100006, 16.34148046400003, 77.79666638000009, 17.061726844000077)",30-11-2023.geojson,,,,,,
Jogulamba Gadwal,TSD0025,2574.21,"{'min': 25.257272720336914, 'max': 37.540000915527344, 'mean': 31.977102913533834, 'count': 665, 'sum': 21264.7734375, 'median': 32.12200164794922}","(77.48561464400007, 15.836429923000026, 78.25321888900004, 16.362950969000053)",30-11-2023.geojson,,,,,,
Rangareddy,TSD0026,4997.54,"{'min': 24.85545539855957, 'max': 34.5525016784668, 'mean': 31.08159031723485, 'count': 1320, 'sum': 41027.69921875, 'median': 31.097179412841797}","(77.92190617600005, 16.744225033000077, 78.84397639500008, 17.522654105000072)",30-11-2023.geojson,,,,,,
Suryapet,TSD0027,3584.22,"{'min': 26.332000732421875, 'max': 32.209999084472656, 'mean': 30.117438645722636, 'count': 941, 'sum': 28340.509765625, 'median': 30.170000076293945}","(79.36051795300006, 16.63122235000003, 80.07318026800004, 17.526066134000075)",30-11-2023.geojson,,,,,,
Medchal Malkajgiri,TSD0028,1088.52,"{'min': 27.876667022705078, 'max': 32.15444564819336, 'mean': 30.201297336154514, 'count': 288, 'sum': 8697.9736328125, 'median': 30.199840545654297}","(78.34798865200008, 17.361463480000054, 78.75985781500003, 17.70854524600003)",30-11-2023.geojson,,,,,,
Adilabad,TSD0029,3980.34,"{'min': 26.202499389648438, 'max': 33.196250915527344, 'mean': 30.098785722862633, 'count': 1041, 'sum': 31332.8359375, 'median': 30.174285888671875}","(78.17215629700007, 19.17277807100004, 78.97780562900004, 19.91690008100005)",30-11-2023.geojson,,,,,,
Hyderabad,TSD0030,182.64,"{'min': 27.565000534057617, 'max': 31.954444885253906, 'mean': 30.245262145996094, 'count': 48, 'sum': 1451.7725830078125, 'median': 30.469223022460938}","(78.38267903300004, 17.293465379000054, 78.55019026600007, 17.483791793000023)",30-11-2023.geojson,,,,,,
Kumurambheem Asifabad,TSD0031,4495.32,"{'min': 25.864286422729492, 'max': 31.687334060668945, 'mean': 29.239722134094755, 'count': 1182, 'sum': 34561.3515625, 'median': 29.455833435058594}","(78.80016529900007, 19.050559607000025, 79.97913072000006, 19.617151517000025)",30-11-2023.geojson,,,,,,
Jayashankar Bhupalpally,TSD0032,2946.01,"{'min': 25.60555648803711, 'max': 34.31181716918945, 'mean': 28.681074719551283, 'count': 780, 'sum': 22371.23828125, 'median': 28.642499923706055}","(79.55918339200008, 18.156703452000045, 80.34460111152396, 18.869152369000062)",30-11-2023.geojson,,,,,,
Mahabubnagar,TSD0033,2749.62,"{'min': 26.375999450683594, 'max': 33.68000030517578, 'mean': 30.7248907115651, 'count': 722, 'sum': 22183.37109375, 'median': 30.806623458862305}","(77.67537161200016, 16.378530416000103, 78.369893344, 17.01442864699999)",30-11-2023.geojson,,,,,,
Bhadradri Kothagudem,TSD0001,6974.14,"{'min': 28.549999237060547, 'max': 46.40999984741211, 'mean': 37.59492510330578, 'count': 1815, 'sum': 68234.7890625, 'median': 37.689998626708984}","(80.20302028700007, 17.190519193000057, 81.31479948400005, 18.238859586000046)",31-07-2023.geojson,,,,,,
Jagtial,TSD0002,2853.09,"{'min': 26.93000030517578, 'max': 41.189998626708984, 'mean': 35.328934832317074, 'count': 574, 'sum': 20278.80859375, 'median': 35.9900016784668}","(78.51948718900007, 18.563739734000023, 79.29767471800005, 19.07988819600007)",31-07-2023.geojson,,,,,,
Jangoan,TSD0003,2112.71,"{'min': 32.11000061035156, 'max': 42.369998931884766, 'mean': 37.51721125894454, 'count': 559, 'sum': 20972.12109375, 'median': 37.689998626708984}","(78.86787166400006, 17.491730369000038, 79.56249112400008, 17.998869741000078)",31-07-2023.geojson,,,,,,
Mulugu,TSD0004,4189.02,"{'min': 29.110000610351562, 'max': 45.810001373291016, 'mean': 37.30312924977335, 'count': 1103, 'sum': 41145.3515625, 'median': 36.66999816894531}","(79.81612732700006, 17.99631982000011, 80.7937048350002, 18.63260770700009)",31-07-2023.geojson,,,,,,
Kamareddy,TSD0005,3701.83,"{'min': 23.25, 'max': 42.5099983215332, 'mean': 35.706556614520046, 'count': 823, 'sum': 29386.49609375, 'median': 35.77000045776367}","(77.52089201100006, 18.068441783000026, 78.56926485100007, 18.558842766000055)",31-07-2023.geojson,,,,,,
Karimnagar,TSD0006,2127.79,"{'min': 28.469999313354492, 'max': 43.20000076293945, 'mean': 38.45558125559034, 'count': 559, 'sum': 21496.669921875, 'median': 38.43000030517578}","(78.94956144100007, 18.132462591000035, 79.58025617800001, 18.678822129000025)",31-07-2023.geojson,,,,,,
Khammam,TSD0007,4491.25,"{'min': 30.84000015258789, 'max': 45.61000061035156, 'mean': 40.310033607979186, 'count': 1153, 'sum': 46477.46875, 'median': 40.83000183105469}","(79.80212475200005, 16.768789670000046, 80.92560532200008, 17.577896090000024)",31-07-2023.geojson,,,,,,
Mahabubabad,TSD0008,3551.04,"{'min': 28.530000686645508, 'max': 43.150001525878906, 'mean': 37.93390775723473, 'count': 933, 'sum': 35392.3359375, 'median': 38.59000015258789}","(79.51293497700004, 17.321621569000058, 80.32312548900006, 18.106543834000092)",31-07-2023.geojson,,,,,,
Mancherial,TSD0009,3909.4,"{'min': 25.40999984741211, 'max': 41.90999984741211, 'mean': 36.11937247077338, 'count': 556, 'sum': 20082.37109375, 'median': 36.290000915527344}","(78.87934684700008, 18.672040560000028, 79.96247775100005, 19.288073780000047)",31-07-2023.geojson,,,,,,
Medak,TSD0010,2771.68,"{'min': 30.610000610351562, 'max': 39.720001220703125, 'mean': 34.10467233009709, 'count': 721, 'sum': 24589.46875, 'median': 33.810001373291016}","(77.79480732300004, 17.664489015000072, 78.58893089700007, 18.215476757000033)",31-07-2023.geojson,,,,,,
Nagarkurnool,TSD0011,6399.07,"{'min': 26.190000534057617, 'max': 43.11000061035156, 'mean': 36.18835043819188, 'count': 1626, 'sum': 58842.2578125, 'median': 36.5099983215332}","(78.10083116400006, 16.00532167600005, 79.23432760400004, 16.830959432000043)",31-07-2023.geojson,,,,,,
Nalgonda,TSD0012,7218.26,"{'min': 27.309999465942383, 'max': 45.290000915527344, 'mean': 38.82287533068783, 'count': 1890, 'sum': 73375.234375, 'median': 38.88999938964844}","(78.62614167300006, 16.35584791900004, 79.70200312500003, 17.35996707100003)",31-07-2023.geojson,,,,,,
Nirmal,TSD0013,3729.13,"{'min': 24.43000030517578, 'max': 42.630001068115234, 'mean': 35.010356104651166, 'count': 387, 'sum': 13549.0078125, 'median': 35.93000030517578}","(77.76173454100007, 18.84522452500005, 78.95237500500008, 19.342882151000026)",31-07-2023.geojson,,,,,,
Nizamabad,TSD0014,4168.33,"{'min': 25.149999618530273, 'max': 39.93000030517578, 'mean': 33.228785923549104, 'count': 448, 'sum': 14886.49609375, 'median': 33.720001220703125}","(77.73094369300003, 18.43404349700006, 78.64029038200005, 19.015710890000037)",31-07-2023.geojson,,,,,,
Peddapalli,TSD0015,2195.39,"{'min': 28.350000381469727, 'max': 41.45000076293945, 'mean': 37.13821765988372, 'count': 516, 'sum': 19163.3203125, 'median': 37.23999786376953}","(79.11294947900006, 18.385471986000027, 79.83268954900007, 18.854875013000026)",31-07-2023.geojson,,,,,,
Rajanna Sircilla,TSD0016,1897.97,"{'min': 26.989999771118164, 'max': 41.2599983215332, 'mean': 35.79261997767857, 'count': 504, 'sum': 18039.48046875, 'median': 35.724998474121094}","(78.52078465300008, 18.21376387500004, 79.02266919100003, 18.69041016700004)",31-07-2023.geojson,,,,,,
Sangareddy,TSD0017,4460.37,"{'min': 24.649999618530273, 'max': 42.66999816894531, 'mean': 36.80808886054422, 'count': 1176, 'sum': 43286.3125, 'median': 36.689998626708984}","(77.44416825100006, 17.42785604100004, 78.44886573200006, 18.309307690000026)",31-07-2023.geojson,,,,,,
Siddipet,TSD0018,3637.17,"{'min': 27.40999984741211, 'max': 41.77000045776367, 'mean': 35.76055775928793, 'count': 969, 'sum': 34651.98046875, 'median': 35.56999969482422}","(78.49289586600008, 17.667265188000044, 79.30335584600004, 18.34315846100003)",31-07-2023.geojson,,,,,,
Vikarabad,TSD0019,3618.96,"{'min': 30.90999984741211, 'max': 43.0099983215332, 'mean': 37.224555581302965, 'count': 944, 'sum': 35139.98046875, 'median': 37.349998474121094}","(77.36247981800005, 16.90300025500005, 78.07315782100005, 17.637813938000022)",31-07-2023.geojson,,,,,,
Wanaparthy,TSD0020,2174.67,"{'min': 27.40999984741211, 'max': 43.88999938964844, 'mean': 38.82800683941281, 'count': 562, 'sum': 21821.33984375, 'median': 39.04999923706055}","(77.65718116, 15.94285645900004, 78.31347526600007, 16.626992442000073)",31-07-2023.geojson,,,,,,
Warangal Rural,TSD0021,2139.98,"{'min': 29.969999313354492, 'max': 44.790000915527344, 'mean': 39.783203125, 'count': 571, 'sum': 22716.208984375, 'median': 39.95000076293945}","(79.47950597500005, 17.619303173000105, 80.04124404200007, 18.279223933000026)",31-07-2023.geojson,,,,,,
Warangal Urban,TSD0022,1294.45,"{'min': 32.689998626708984, 'max': 44.349998474121094, 'mean': 39.33838465073529, 'count': 340, 'sum': 13375.05078125, 'median': 39.30000305175781}","(79.23082975700004, 17.786163054000042, 79.67163482100005, 18.266255774000058)",31-07-2023.geojson,,,,,,
Yadadri Bhuvanagiri,TSD0023,3422.72,"{'min': 31.469999313354492, 'max': 43.16999816894531, 'mean': 35.88460521295782, 'count': 901, 'sum': 32332.029296875, 'median': 35.689998626708984}","(78.68260567800007, 17.04419639500003, 79.45808114400006, 17.812669696000114)",31-07-2023.geojson,,,,,,
Narayanpet,TSD0024,2380.13,"{'min': 27.59000015258789, 'max': 43.27000045776367, 'mean': 37.682482489224135, 'count': 580, 'sum': 21855.83984375, 'median': 37.900001525878906}","(77.23725451100006, 16.34148046400003, 77.79666638000009, 17.061726844000077)",31-07-2023.geojson,,,,,,
Jogulamba Gadwal,TSD0025,2574.21,"{'min': 25.950000762939453, 'max': 44.4900016784668, 'mean': 38.60788261217949, 'count': 585, 'sum': 22585.611328125, 'median': 38.59000015258789}","(77.48561464400007, 15.836429923000026, 78.25321888900004, 16.362950969000053)",31-07-2023.geojson,,,,,,
Rangareddy,TSD0026,4997.54,"{'min': 23.940000534057617, 'max': 40.56999969482422, 'mean': 35.82339998570884, 'count': 1312, 'sum': 47000.30078125, 'median': 35.66999816894531}","(77.92190617600005, 16.744225033000077, 78.84397639500008, 17.522654105000072)",31-07-2023.geojson,,,,,,
Suryapet,TSD0027,3584.22,"{'min': 29.190000534057617, 'max': 45.630001068115234, 'mean': 40.421053068544104, 'count': 941, 'sum': 38036.2109375, 'median': 41.0099983215332}","(79.36051795300006, 16.63122235000003, 80.07318026800004, 17.526066134000075)",31-07-2023.geojson,,,,,,
Medchal Malkajgiri,TSD0028,1088.52,"{'min': 31.06999969482422, 'max': 38.470001220703125, 'mean': 34.65287950303819, 'count': 288, 'sum': 9980.029296875, 'median': 34.56999969482422}","(78.34798865200008, 17.361463480000054, 78.75985781500003, 17.70854524600003)",31-07-2023.geojson,,,,,,
Adilabad,TSD0029,3980.34,"{'min': 29.690000534057617, 'max': 44.16999816894531, 'mean': 38.491885729613735, 'count': 233, 'sum': 8968.609375, 'median': 38.709999084472656}","(78.17215629700007, 19.17277807100004, 78.97780562900004, 19.91690008100005)",31-07-2023.geojson,,,,,,
Hyderabad,TSD0030,182.64,"{'min': 28.360000610351562, 'max': 38.93000030517578, 'mean': 35.77791849772135, 'count': 48, 'sum': 1717.340087890625, 'median': 36.15999984741211}","(78.38267903300004, 17.293465379000054, 78.55019026600007, 17.483791793000023)",31-07-2023.geojson,,,,,,
Kumurambheem Asifabad,TSD0031,4495.32,"{'min': 29.049999237060547, 'max': 42.790000915527344, 'mean': 37.44259059175532, 'count': 282, 'sum': 10558.810546875, 'median': 37.790000915527344}","(78.80016529900007, 19.050559607000025, 79.97913072000006, 19.617151517000025)",31-07-2023.geojson,,,,,,
Jayashankar Bhupalpally,TSD0032,2946.01,"{'min': 23.40999984741211, 'max': 44.630001068115234, 'mean': 37.61517063071149, 'count': 766, 'sum': 28813.220703125, 'median': 37.310001373291016}","(79.55918339200008, 18.156703452000045, 80.34460111152396, 18.869152369000062)",31-07-2023.geojson,,,,,,
Mahabubnagar,TSD0033,2749.62,"{'min': 32.06999969482422, 'max': 41.27000045776367, 'mean': 37.32660361842105, 'count': 665, 'sum': 24822.19140625, 'median': 37.5099983215332}","(77.67537161200016, 16.378530416000103, 78.369893344, 17.01442864699999)",31-07-2023.geojson,,,,,,
Bhadradri Kothagudem,TSD0001,6974.14,"{'min': 24.34000015258789, 'max': 37.349998474121094, 'mean': 30.568776599395935, 'count': 1821, 'sum': 55665.7421875, 'median': 30.520000457763672}","(80.20302028700007, 17.190519193000057, 81.31479948400005, 18.238859586000046)",31-08-2023.geojson,,,,,,
Jagtial,TSD0002,2853.09,"{'min': 25.790000915527344, 'max': 33.630001068115234, 'mean': 29.62833680326517, 'count': 758, 'sum': 22458.279296875, 'median': 29.638999938964844}","(78.51948718900007, 18.563739734000023, 79.29767471800005, 19.07988819600007)",31-08-2023.geojson,,,,,,
Jangoan,TSD0003,2112.71,"{'min': 27.91666603088379, 'max': 35.198001861572266, 'mean': 31.75561829159213, 'count': 559, 'sum': 17751.390625, 'median': 31.81999969482422}","(78.86787166400006, 17.491730369000038, 79.56249112400008, 17.998869741000078)",31-08-2023.geojson,,,,,,
Mulugu,TSD0004,4189.02,"{'min': 24.203332901000977, 'max': 36.369998931884766, 'mean': 29.18697212837838, 'count': 1073, 'sum': 31317.62109375, 'median': 28.889999389648438}","(79.81612732700006, 17.99631982000011, 80.7937048350002, 18.63260770700009)",31-08-2023.geojson,,,,,,
Kamareddy,TSD0005,3701.83,"{'min': 22.170000076293945, 'max': 34.04999923706055, 'mean': 28.396201923076923, 'count': 975, 'sum': 27686.296875, 'median': 28.549999237060547}","(77.52089201100006, 18.068441783000026, 78.56926485100007, 18.558842766000055)",31-08-2023.geojson,,,,,,
Karimnagar,TSD0006,2127.79,"{'min': 22.690000534057617, 'max': 38.029998779296875, 'mean': 30.446027322088725, 'count': 541, 'sum': 16471.30078125, 'median': 30.72333335876465}","(78.94956144100007, 18.132462591000035, 79.58025617800001, 18.678822129000025)",31-08-2023.geojson,,,,,,
Khammam,TSD0007,4491.25,"{'min': 26.08333396911621, 'max': 38.10333251953125, 'mean': 32.87530359455958, 'count': 1158, 'sum': 38069.6015625, 'median': 33.203330993652344}","(79.80212475200005, 16.768789670000046, 80.92560532200008, 17.577896090000024)",31-08-2023.geojson,,,,,,
Mahabubabad,TSD0008,3551.04,"{'min': 26.420000076293945, 'max': 36.016666412353516, 'mean': 31.419681136120044, 'count': 933, 'sum': 29314.5625, 'median': 31.89666748046875}","(79.51293497700004, 17.321621569000058, 80.32312548900006, 18.106543834000092)",31-08-2023.geojson,,,,,,
Mancherial,TSD0009,3909.4,"{'min': 25.58333396911621, 'max': 36.099998474121094, 'mean': 30.738232324023045, 'count': 998, 'sum': 30676.755859375, 'median': 30.700000762939453}","(78.87934684700008, 18.672040560000028, 79.96247775100005, 19.288073780000047)",31-08-2023.geojson,,,,,,
Medak,TSD0010,2771.68,"{'min': 7.010000228881836, 'max': 35.4566650390625, 'mean': 28.274208470394736, 'count': 684, 'sum': 19339.55859375, 'median': 28.2760009765625}","(77.79480732300004, 17.664489015000072, 78.58893089700007, 18.215476757000033)",31-08-2023.geojson,,,,,,
Nagarkurnool,TSD0011,6399.07,"{'min': 23.850000381469727, 'max': 38.119998931884766, 'mean': 32.394557562767915, 'count': 1633, 'sum': 52900.3125, 'median': 33.13333511352539}","(78.10083116400006, 16.00532167600005, 79.23432760400004, 16.830959432000043)",31-08-2023.geojson,,,,,,
Nalgonda,TSD0012,7218.26,"{'min': 25.04428482055664, 'max': 40.90999984741211, 'mean': 33.774065806878305, 'count': 1890, 'sum': 63832.984375, 'median': 33.947998046875}","(78.62614167300006, 16.35584791900004, 79.70200312500003, 17.35996707100003)",31-08-2023.geojson,,,,,,
Nirmal,TSD0013,3729.13,"{'min': 23.899999618530273, 'max': 37.45000076293945, 'mean': 30.0616691468254, 'count': 945, 'sum': 28408.27734375, 'median': 29.850000381469727}","(77.76173454100007, 18.84522452500005, 78.95237500500008, 19.342882151000026)",31-08-2023.geojson,,,,,,
Nizamabad,TSD0014,4168.33,"{'min': 20.174999237060547, 'max': 33.22999954223633, 'mean': 27.381176913033606, 'count': 1101, 'sum': 30146.67578125, 'median': 27.610000610351562}","(77.73094369300003, 18.43404349700006, 78.64029038200005, 19.015710890000037)",31-08-2023.geojson,,,,,,
Peddapalli,TSD0015,2195.39,"{'min': 24.93000030517578, 'max': 37.43000030517578, 'mean': 30.22797309027778, 'count': 540, 'sum': 16323.10546875, 'median': 30.106666564941406}","(79.11294947900006, 18.385471986000027, 79.83268954900007, 18.854875013000026)",31-08-2023.geojson,,,,,,
Rajanna Sircilla,TSD0016,1897.97,"{'min': 24.549999237060547, 'max': 35.29999923706055, 'mean': 29.65284564865538, 'count': 502, 'sum': 14885.728515625, 'median': 29.549999237060547}","(78.52078465300008, 18.21376387500004, 79.02266919100003, 18.69041016700004)",31-08-2023.geojson,,,,,,
Sangareddy,TSD0017,4460.37,"{'min': 22.826000213623047, 'max': 37.08000183105469, 'mean': 30.946931916738944, 'count': 1153, 'sum': 35681.8125, 'median': 30.979999542236328}","(77.44416825100006, 17.42785604100004, 78.44886573200006, 18.309307690000026)",31-08-2023.geojson,,,,,,
Siddipet,TSD0018,3637.17,"{'min': 23.049999237060547, 'max': 35.77000045776367, 'mean': 29.75265836368366, 'count': 961, 'sum': 28592.3046875, 'median': 29.71500015258789}","(78.49289586600008, 17.667265188000044, 79.30335584600004, 18.34315846100003)",31-08-2023.geojson,,,,,,
Vikarabad,TSD0019,3618.96,"{'min': 25.59000015258789, 'max': 36.68333435058594, 'mean': 31.215774698115712, 'count': 942, 'sum': 29405.259765625, 'median': 31.190000534057617}","(77.36247981800005, 16.90300025500005, 78.07315782100005, 17.637813938000022)",31-08-2023.geojson,,,,,,
Wanaparthy,TSD0020,2174.67,"{'min': 25.53444480895996, 'max': 37.72200012207031, 'mean': 32.8362282454028, 'count': 571, 'sum': 18749.486328125, 'median': 32.88999938964844}","(77.65718116, 15.94285645900004, 78.31347526600007, 16.626992442000073)",31-08-2023.geojson,,,,,,
Warangal Rural,TSD0021,2139.98,"{'min': 28.075000762939453, 'max': 35.709999084472656, 'mean': 32.297659075497286, 'count': 553, 'sum': 17860.60546875, 'median': 32.22999954223633}","(79.47950597500005, 17.619303173000105, 80.04124404200007, 18.279223933000026)",31-08-2023.geojson,,,,,,
Warangal Urban,TSD0022,1294.45,"{'min': 27.459999084472656, 'max': 35.16999816894531, 'mean': 31.588137637867646, 'count': 340, 'sum': 10739.966796875, 'median': 31.505001068115234}","(79.23082975700004, 17.786163054000042, 79.67163482100005, 18.266255774000058)",31-08-2023.geojson,,,,,,
Yadadri Bhuvanagiri,TSD0023,3422.72,"{'min': 26.41666603088379, 'max': 37.095001220703125, 'mean': 31.460861629439513, 'count': 901, 'sum': 28346.236328125, 'median': 31.45800018310547}","(78.68260567800007, 17.04419639500003, 79.45808114400006, 17.812669696000114)",31-08-2023.geojson,,,,,,
Narayanpet,TSD0024,2380.13,"{'min': 24.989999771118164, 'max': 38.58333206176758, 'mean': 33.471799560147296, 'count': 611, 'sum': 20451.26953125, 'median': 33.54999923706055}","(77.23725451100006, 16.34148046400003, 77.79666638000009, 17.061726844000077)",31-08-2023.geojson,,,,,,
Jogulamba Gadwal,TSD0025,2574.21,"{'min': 25.224285125732422, 'max': 41.02000045776367, 'mean': 35.14726856203008, 'count': 665, 'sum': 23372.93359375, 'median': 35.323333740234375}","(77.48561464400007, 15.836429923000026, 78.25321888900004, 16.362950969000053)",31-08-2023.geojson,,,,,,
Rangareddy,TSD0026,4997.54,"{'min': 24.290000915527344, 'max': 37.814998626708984, 'mean': 30.89257664198937, 'count': 1317, 'sum': 40685.5234375, 'median': 30.5766658782959}","(77.92190617600005, 16.744225033000077, 78.84397639500008, 17.522654105000072)",31-08-2023.geojson,,,,,,
Suryapet,TSD0027,3584.22,"{'min': 25.270000457763672, 'max': 40.11000061035156, 'mean': 32.73615585148778, 'count': 941, 'sum': 30804.72265625, 'median': 32.483333587646484}","(79.36051795300006, 16.63122235000003, 80.07318026800004, 17.526066134000075)",31-08-2023.geojson,,,,,,
Medchal Malkajgiri,TSD0028,1088.52,"{'min': 26.579999923706055, 'max': 32.81666564941406, 'mean': 30.09765625, 'count': 284, 'sum': 8547.734375, 'median': 30.246665954589844}","(78.34798865200008, 17.361463480000054, 78.75985781500003, 17.70854524600003)",31-08-2023.geojson,,,,,,
Adilabad,TSD0029,3980.34,"{'min': 25.270000457763672, 'max': 38.45000076293945, 'mean': 31.47713589449541, 'count': 763, 'sum': 24017.0546875, 'median': 31.469999313354492}","(78.17215629700007, 19.17277807100004, 78.97780562900004, 19.91690008100005)",31-08-2023.geojson,,,,,,
Hyderabad,TSD0030,182.64,"{'min': 26.3799991607666, 'max': 35.599998474121094, 'mean': 31.92291768391927, 'count': 48, 'sum': 1532.300048828125, 'median': 32.11000061035156}","(78.38267903300004, 17.293465379000054, 78.55019026600007, 17.483791793000023)",31-08-2023.geojson,,,,,,
Kumurambheem Asifabad,TSD0031,4495.32,"{'min': 23.99333381652832, 'max': 38.77000045776367, 'mean': 31.149469866071428, 'count': 1050, 'sum': 32706.943359375, 'median': 30.93000030517578}","(78.80016529900007, 19.050559607000025, 79.97913072000006, 19.617151517000025)",31-08-2023.geojson,,,,,,
Jayashankar Bhupalpally,TSD0032,2946.01,"{'min': 24.959999084472656, 'max': 37.849998474121094, 'mean': 29.593158048014587, 'count': 617, 'sum': 18258.978515625, 'median': 28.969999313354492}","(79.55918339200008, 18.156703452000045, 80.34460111152396, 18.869152369000062)",31-08-2023.geojson,,,,,,
Mahabubnagar,TSD0033,2749.62,"{'min': 26.59666633605957, 'max': 36.29499816894531, 'mean': 31.39034051120448, 'count': 714, 'sum': 22412.703125, 'median': 31.290000915527344}","(77.67537161200016, 16.378530416000103, 78.369893344, 17.01442864699999)",31-08-2023.geojson,,,,,,
Bhadradri Kothagudem,TSD0001,6974.14,"{'min': 26.238000869750977, 'max': 37.060001373291016, 'mean': 29.851162243150686, 'count': 1825, 'sum': 54478.37109375, 'median': 29.90529441833496}","(80.20302028700007, 17.190519193000057, 81.31479948400005, 18.238859586000046)",31-10-2023.geojson,,,,,,
Jagtial,TSD0002,2853.09,"{'min': 27.670909881591797, 'max': 32.88047790527344, 'mean': 29.527678718667545, 'count': 758, 'sum': 22381.98046875, 'median': 29.457443237304688}","(78.51948718900007, 18.563739734000023, 79.29767471800005, 19.07988819600007)",31-10-2023.geojson,,,,,,
Jangoan,TSD0003,2112.71,"{'min': 28.9471435546875, 'max': 33.74578857421875, 'mean': 31.30624580724508, 'count': 559, 'sum': 17500.19140625, 'median': 31.325000762939453}","(78.86787166400006, 17.491730369000038, 79.56249112400008, 17.998869741000078)",31-10-2023.geojson,,,,,,
Mulugu,TSD0004,4189.02,"{'min': 26.862499237060547, 'max': 37.08523941040039, 'mean': 29.714309321557156, 'count': 1111, 'sum': 33012.59765625, 'median': 29.363332748413086}","(79.81612732700006, 17.99631982000011, 80.7937048350002, 18.63260770700009)",31-10-2023.geojson,,,,,,
Kamareddy,TSD0005,3701.83,"{'min': 26.978694915771484, 'max': 35.42100143432617, 'mean': 30.41370266120778, 'count': 977, 'sum': 29714.1875, 'median': 29.960908889770508}","(77.52089201100006, 18.068441783000026, 78.56926485100007, 18.558842766000055)",31-10-2023.geojson,,,,,,
Karimnagar,TSD0006,2127.79,"{'min': 27.505237579345703, 'max': 34.4010009765625, 'mean': 30.28369577370304, 'count': 559, 'sum': 16928.5859375, 'median': 30.190000534057617}","(78.94956144100007, 18.132462591000035, 79.58025617800001, 18.678822129000025)",31-10-2023.geojson,,,,,,
Khammam,TSD0007,4491.25,"{'min': 26.110000610351562, 'max': 33.893333435058594, 'mean': 30.56749057112069, 'count': 1160, 'sum': 35458.2890625, 'median': 30.664127349853516}","(79.80212475200005, 16.768789670000046, 80.92560532200008, 17.577896090000024)",31-10-2023.geojson,,,,,,
Mahabubabad,TSD0008,3551.04,"{'min': 27.479999542236328, 'max': 32.20052719116211, 'mean': 30.043094352893892, 'count': 933, 'sum': 28030.20703125, 'median': 30.133333206176758}","(79.51293497700004, 17.321621569000058, 80.32312548900006, 18.106543834000092)",31-10-2023.geojson,,,,,,
Mancherial,TSD0009,3909.4,"{'min': 27.19210433959961, 'max': 34.55400085449219, 'mean': 29.904092369116235, 'count': 1041, 'sum': 31130.16015625, 'median': 29.898235321044922}","(78.87934684700008, 18.672040560000028, 79.96247775100005, 19.288073780000047)",31-10-2023.geojson,,,,,,
Medak,TSD0010,2771.68,"{'min': 27.3509521484375, 'max': 33.58444595336914, 'mean': 29.625260055478503, 'count': 721, 'sum': 21359.8125, 'median': 29.602632522583008}","(77.79480732300004, 17.664489015000072, 78.58893089700007, 18.215476757000033)",31-10-2023.geojson,,,,,,
Nagarkurnool,TSD0011,6399.07,"{'min': 26.59526252746582, 'max': 37.58000183105469, 'mean': 32.75219264795607, 'count': 1639, 'sum': 53680.84375, 'median': 33.272220611572266}","(78.10083116400006, 16.00532167600005, 79.23432760400004, 16.830959432000043)",31-10-2023.geojson,,,,,,
Nalgonda,TSD0012,7218.26,"{'min': 27.902000427246094, 'max': 37.87333297729492, 'mean': 33.245453042328045, 'count': 1890, 'sum': 62833.90625, 'median': 33.363685607910156}","(78.62614167300006, 16.35584791900004, 79.70200312500003, 17.35996707100003)",31-10-2023.geojson,,,,,,
Nirmal,TSD0013,3729.13,"{'min': 27.17095184326172, 'max': 36.374000549316406, 'mean': 30.899328329969727, 'count': 991, 'sum': 30621.234375, 'median': 30.685789108276367}","(77.76173454100007, 18.84522452500005, 78.95237500500008, 19.342882151000026)",31-10-2023.geojson,,,,,,
Nizamabad,TSD0014,4168.33,"{'min': 27.183635711669922, 'max': 35.29199981689453, 'mean': 30.138219516348773, 'count': 1101, 'sum': 33182.1796875, 'median': 29.82454490661621}","(77.73094369300003, 18.43404349700006, 78.64029038200005, 19.015710890000037)",31-10-2023.geojson,,,,,,
Peddapalli,TSD0015,2195.39,"{'min': 28.31571388244629, 'max': 34.861000061035156, 'mean': 30.04372382409794, 'count': 582, 'sum': 17485.447265625, 'median': 29.724414825439453}","(79.11294947900006, 18.385471986000027, 79.83268954900007, 18.854875013000026)",31-10-2023.geojson,,,,,,
Rajanna Sircilla,TSD0016,1897.97,"{'min': 27.9689998626709, 'max': 33.189998626708984, 'mean': 30.00929671999008, 'count': 504, 'sum': 15124.685546875, 'median': 30.05432891845703}","(78.52078465300008, 18.21376387500004, 79.02266919100003, 18.69041016700004)",31-10-2023.geojson,,,,,,
Sangareddy,TSD0017,4460.37,"{'min': 26.600475311279297, 'max': 35.823001861572266, 'mean': 31.117107780612244, 'count': 1176, 'sum': 36593.71875, 'median': 31.16261863708496}","(77.44416825100006, 17.42785604100004, 78.44886573200006, 18.309307690000026)",31-10-2023.geojson,,,,,,
Siddipet,TSD0018,3637.17,"{'min': 28.03631591796875, 'max': 33.239524841308594, 'mean': 30.44253095975232, 'count': 969, 'sum': 29498.8125, 'median': 30.39299964904785}","(78.49289586600008, 17.667265188000044, 79.30335584600004, 18.34315846100003)",31-10-2023.geojson,,,,,,
Vikarabad,TSD0019,3618.96,"{'min': 28.85700035095215, 'max': 35.46900177001953, 'mean': 31.683176697938688, 'count': 946, 'sum': 29972.28515625, 'median': 31.66200065612793}","(77.36247981800005, 16.90300025500005, 78.07315782100005, 17.637813938000022)",31-10-2023.geojson,,,,,,
Wanaparthy,TSD0020,2174.67,"{'min': 28.29190444946289, 'max': 40.87823486328125, 'mean': 32.375140241900176, 'count': 571, 'sum': 18486.205078125, 'median': 32.12727355957031}","(77.65718116, 15.94285645900004, 78.31347526600007, 16.626992442000073)",31-10-2023.geojson,,,,,,
Warangal Rural,TSD0021,2139.98,"{'min': 27.93000030517578, 'max': 33.73500061035156, 'mean': 30.344044165936953, 'count': 571, 'sum': 17326.44921875, 'median': 30.31315803527832}","(79.47950597500005, 17.619303173000105, 80.04124404200007, 18.279223933000026)",31-10-2023.geojson,,,,,,
Warangal Urban,TSD0022,1294.45,"{'min': 28.7738094329834, 'max': 34.41400146484375, 'mean': 30.772954963235293, 'count': 340, 'sum': 10462.8046875, 'median': 30.707618713378906}","(79.23082975700004, 17.786163054000042, 79.67163482100005, 18.266255774000058)",31-10-2023.geojson,,,,,,
Yadadri Bhuvanagiri,TSD0023,3422.72,"{'min': 29.118000030517578, 'max': 36.01210403442383, 'mean': 32.280495629855714, 'count': 901, 'sum': 29084.7265625, 'median': 32.34579086303711}","(78.68260567800007, 17.04419639500003, 79.45808114400006, 17.812669696000114)",31-10-2023.geojson,,,,,,
Narayanpet,TSD0024,2380.13,"{'min': 28.200908660888672, 'max': 37.290000915527344, 'mean': 32.78201718494272, 'count': 611, 'sum': 20029.8125, 'median': 32.511051177978516}","(77.23725451100006, 16.34148046400003, 77.79666638000009, 17.061726844000077)",31-10-2023.geojson,,,,,,
Jogulamba Gadwal,TSD0025,2574.21,"{'min': 28.11380958557129, 'max': 42.47705841064453, 'mean': 36.17544349154135, 'count': 665, 'sum': 24056.669921875, 'median': 36.32882308959961}","(77.48561464400007, 15.836429923000026, 78.25321888900004, 16.362950969000053)",31-10-2023.geojson,,,,,,
Rangareddy,TSD0026,4997.54,"{'min': 27.07454490661621, 'max': 36.21888732910156, 'mean': 32.417113517992426, 'count': 1320, 'sum': 42790.58984375, 'median': 32.36904525756836}","(77.92190617600005, 16.744225033000077, 78.84397639500008, 17.522654105000072)",31-10-2023.geojson,,,,,,
Suryapet,TSD0027,3584.22,"{'min': 27.28499984741211, 'max': 34.426666259765625, 'mean': 30.213942946333688, 'count': 941, 'sum': 28431.3203125, 'median': 30.17117691040039}","(79.36051795300006, 16.63122235000003, 80.07318026800004, 17.526066134000075)",31-10-2023.geojson,,,,,,
Medchal Malkajgiri,TSD0028,1088.52,"{'min': 28.849000930786133, 'max': 34.433998107910156, 'mean': 31.670895046657986, 'count': 288, 'sum': 9121.2177734375, 'median': 31.481781005859375}","(78.34798865200008, 17.361463480000054, 78.75985781500003, 17.70854524600003)",31-10-2023.geojson,,,,,,
Adilabad,TSD0029,3980.34,"{'min': 26.83799934387207, 'max': 34.0977783203125, 'mean': 30.637990814121036, 'count': 1041, 'sum': 31894.1484375, 'median': 30.6200008392334}","(78.17215629700007, 19.17277807100004, 78.97780562900004, 19.91690008100005)",31-10-2023.geojson,,,,,,
Hyderabad,TSD0030,182.64,"{'min': 29.865999221801758, 'max': 35.24399948120117, 'mean': 33.2398681640625, 'count': 48, 'sum': 1595.513671875, 'median': 33.100502014160156}","(78.38267903300004, 17.293465379000054, 78.55019026600007, 17.483791793000023)",31-10-2023.geojson,,,,,,
Kumurambheem Asifabad,TSD0031,4495.32,"{'min': 27.380525588989258, 'max': 32.58052444458008, 'mean': 29.867227157360407, 'count': 1182, 'sum': 35303.0625, 'median': 29.879091262817383}","(78.80016529900007, 19.050559607000025, 79.97913072000006, 19.617151517000025)",31-10-2023.geojson,,,,,,
Jayashankar Bhupalpally,TSD0032,2946.01,"{'min': 28.045555114746094, 'max': 35.472999572753906, 'mean': 30.519002904647436, 'count': 780, 'sum': 23804.822265625, 'median': 30.21368408203125}","(79.55918339200008, 18.156703452000045, 80.34460111152396, 18.869152369000062)",31-10-2023.geojson,,,,,,
Mahabubnagar,TSD0033,2749.62,"{'min': 28.159000396728516, 'max': 36.56444549560547, 'mean': 32.03083881578947, 'count': 722, 'sum': 23126.265625, 'median': 31.923473358154297}","(77.67537161200016, 16.378530416000103, 78.369893344, 17.01442864699999)",31-10-2023.geojson,,,,,,
Bhadradri Kothagudem,TSD0001,6974.14,"{'min': 22.297142028808594, 'max': 29.392221450805664, 'mean': 25.537761130136985, 'count': 1825, 'sum': 46606.4140625, 'median': 25.64454460144043}","(80.20302028700007, 17.190519193000057, 81.31479948400005, 18.238859586000046)",31-12-2023.geojson,,,,,,
Jagtial,TSD0002,2853.09,"{'min': 24.963333129882812, 'max': 29.950000762939453, 'mean': 27.69481262368074, 'count': 758, 'sum': 20992.66796875, 'median': 27.829999923706055}","(78.51948718900007, 18.563739734000023, 79.29767471800005, 19.07988819600007)",31-12-2023.geojson,,,,,,
Jangoan,TSD0003,2112.71,"{'min': 25.613332748413086, 'max': 31.540000915527344, 'mean': 28.80601520572451, 'count': 559, 'sum': 16102.5625, 'median': 28.77142906188965}","(78.86787166400006, 17.491730369000038, 79.56249112400008, 17.998869741000078)",31-12-2023.geojson,,,,,,
Mulugu,TSD0004,4189.02,"{'min': 21.802000045776367, 'max': 30.917999267578125, 'mean': 24.969899724347435, 'count': 1111, 'sum': 27741.55859375, 'median': 24.646923065185547}","(79.81612732700006, 17.99631982000011, 80.7937048350002, 18.63260770700009)",31-12-2023.geojson,,,,,,
Kamareddy,TSD0005,3701.83,"{'min': 23.09666633605957, 'max': 31.872222900390625, 'mean': 28.57237557574207, 'count': 977, 'sum': 27915.2109375, 'median': 28.77705955505371}","(77.52089201100006, 18.068441783000026, 78.56926485100007, 18.558842766000055)",31-12-2023.geojson,,,,,,
Karimnagar,TSD0006,2127.79,"{'min': 23.862499237060547, 'max': 29.81133270263672, 'mean': 28.454912161784435, 'count': 559, 'sum': 15906.2958984375, 'median': 28.595714569091797}","(78.94956144100007, 18.132462591000035, 79.58025617800001, 18.678822129000025)",31-12-2023.geojson,,,,,,
Khammam,TSD0007,4491.25,"{'min': 22.545555114746094, 'max': 28.934444427490234, 'mean': 27.26534886853448, 'count': 1160, 'sum': 31627.8046875, 'median': 27.437877655029297}","(79.80212475200005, 16.768789670000046, 80.92560532200008, 17.577896090000024)",31-12-2023.geojson,,,,,,
Mahabubabad,TSD0008,3551.04,"{'min': 22.875, 'max': 29.21727180480957, 'mean': 26.90041574557878, 'count': 933, 'sum': 25098.087890625, 'median': 27.389999389648438}","(79.51293497700004, 17.321621569000058, 80.32312548900006, 18.106543834000092)",31-12-2023.geojson,,,,,,
Mancherial,TSD0009,3909.4,"{'min': 23.72142791748047, 'max': 30.021249771118164, 'mean': 27.374607874039384, 'count': 1041, 'sum': 28496.966796875, 'median': 27.605714797973633}","(78.87934684700008, 18.672040560000028, 79.96247775100005, 19.288073780000047)",31-12-2023.geojson,,,,,,
Medak,TSD0010,2771.68,"{'min': 23.26555633544922, 'max': 30.162500381469727, 'mean': 28.38743390256588, 'count': 721, 'sum': 20467.33984375, 'median': 28.479412078857422}","(77.79480732300004, 17.664489015000072, 78.58893089700007, 18.215476757000033)",31-12-2023.geojson,,,,,,
Nagarkurnool,TSD0011,6399.07,"{'min': 22.982500076293945, 'max': 31.805999755859375, 'mean': 28.055330994508846, 'count': 1639, 'sum': 45982.6875, 'median': 28.504117965698242}","(78.10083116400006, 16.00532167600005, 79.23432760400004, 16.830959432000043)",31-12-2023.geojson,,,,,,
Nalgonda,TSD0012,7218.26,"{'min': 24.653076171875, 'max': 32.147335052490234, 'mean': 28.815773809523808, 'count': 1890, 'sum': 54461.8125, 'median': 28.75090789794922}","(78.62614167300006, 16.35584791900004, 79.70200312500003, 17.35996707100003)",31-12-2023.geojson,,,,,,
Nirmal,TSD0013,3729.13,"{'min': 22.56999969482422, 'max': 31.75933265686035, 'mean': 26.74235305247225, 'count': 991, 'sum': 26501.671875, 'median': 26.962631225585938}","(77.76173454100007, 18.84522452500005, 78.95237500500008, 19.342882151000026)",31-12-2023.geojson,,,,,,
Nizamabad,TSD0014,4168.33,"{'min': 22.641111373901367, 'max': 30.91374969482422, 'mean': 26.80368344118983, 'count': 1101, 'sum': 29510.85546875, 'median': 26.889999389648438}","(77.73094369300003, 18.43404349700006, 78.64029038200005, 19.015710890000037)",31-12-2023.geojson,,,,,,
Peddapalli,TSD0015,2195.39,"{'min': 24.904666900634766, 'max': 30.667142868041992, 'mean': 28.041193486898624, 'count': 582, 'sum': 16319.974609375, 'median': 28.026874542236328}","(79.11294947900006, 18.385471986000027, 79.83268954900007, 18.854875013000026)",31-12-2023.geojson,,,,,,
Rajanna Sircilla,TSD0016,1897.97,"{'min': 24.732500076293945, 'max': 30.691333770751953, 'mean': 27.80663287450397, 'count': 504, 'sum': 14014.54296875, 'median': 27.902381896972656}","(78.52078465300008, 18.21376387500004, 79.02266919100003, 18.69041016700004)",31-12-2023.geojson,,,,,,
Sangareddy,TSD0017,4460.37,"{'min': 22.899999618530273, 'max': 32.28333282470703, 'mean': 28.803265837585034, 'count': 1176, 'sum': 33872.640625, 'median': 28.927770614624023}","(77.44416825100006, 17.42785604100004, 78.44886573200006, 18.309307690000026)",31-12-2023.geojson,,,,,,
Siddipet,TSD0018,3637.17,"{'min': 24.499473571777344, 'max': 30.694000244140625, 'mean': 28.53343492002064, 'count': 969, 'sum': 27648.8984375, 'median': 28.597143173217773}","(78.49289586600008, 17.667265188000044, 79.30335584600004, 18.34315846100003)",31-12-2023.geojson,,,,,,
Vikarabad,TSD0019,3618.96,"{'min': 26.84000015258789, 'max': 32.073333740234375, 'mean': 29.790138163979915, 'count': 946, 'sum': 28181.470703125, 'median': 29.846656799316406}","(77.36247981800005, 16.90300025500005, 78.07315782100005, 17.637813938000022)",31-12-2023.geojson,,,,,,
Wanaparthy,TSD0020,2174.67,"{'min': 24.66666603088379, 'max': 32.71266555786133, 'mean': 30.22087415170753, 'count': 571, 'sum': 17256.119140625, 'median': 30.255332946777344}","(77.65718116, 15.94285645900004, 78.31347526600007, 16.626992442000073)",31-12-2023.geojson,,,,,,
Warangal Rural,TSD0021,2139.98,"{'min': 25.18000030517578, 'max': 30.242727279663086, 'mean': 28.046642403677758, 'count': 571, 'sum': 16014.6328125, 'median': 28.073637008666992}","(79.47950597500005, 17.619303173000105, 80.04124404200007, 18.279223933000026)",31-12-2023.geojson,,,,,,
Warangal Urban,TSD0022,1294.45,"{'min': 26.329999923706055, 'max': 29.93833351135254, 'mean': 28.528274356617647, 'count': 340, 'sum': 9699.61328125, 'median': 28.617427825927734}","(79.23082975700004, 17.786163054000042, 79.67163482100005, 18.266255774000058)",31-12-2023.geojson,,,,,,
Yadadri Bhuvanagiri,TSD0023,3422.72,"{'min': 25.417499542236328, 'max': 32.130001068115234, 'mean': 28.874111230577135, 'count': 901, 'sum': 26015.57421875, 'median': 28.90999984741211}","(78.68260567800007, 17.04419639500003, 79.45808114400006, 17.812669696000114)",31-12-2023.geojson,,,,,,
Narayanpet,TSD0024,2380.13,"{'min': 25.079999923706055, 'max': 34.43000030517578, 'mean': 31.303856382978722, 'count': 611, 'sum': 19126.65625, 'median': 31.171112060546875}","(77.23725451100006, 16.34148046400003, 77.79666638000009, 17.061726844000077)",31-12-2023.geojson,,,,,,
Jogulamba Gadwal,TSD0025,2574.21,"{'min': 24.491111755371094, 'max': 34.74882507324219, 'mean': 30.99663122650376, 'count': 665, 'sum': 20612.759765625, 'median': 31.00882339477539}","(77.48561464400007, 15.836429923000026, 78.25321888900004, 16.362950969000053)",31-12-2023.geojson,,,,,,
Rangareddy,TSD0026,4997.54,"{'min': 23.476667404174805, 'max': 31.788888931274414, 'mean': 29.18846768465909, 'count': 1320, 'sum': 38528.77734375, 'median': 29.42180633544922}","(77.92190617600005, 16.744225033000077, 78.84397639500008, 17.522654105000072)",31-12-2023.geojson,,,,,,
Suryapet,TSD0027,3584.22,"{'min': 24.578571319580078, 'max': 29.492856979370117, 'mean': 27.86941252656748, 'count': 941, 'sum': 26225.1171875, 'median': 27.8799991607666}","(79.36051795300006, 16.63122235000003, 80.07318026800004, 17.526066134000075)",31-12-2023.geojson,,,,,,
Medchal Malkajgiri,TSD0028,1088.52,"{'min': 25.567142486572266, 'max': 29.88777732849121, 'mean': 27.985660129123264, 'count': 288, 'sum': 8059.8701171875, 'median': 27.95904541015625}","(78.34798865200008, 17.361463480000054, 78.75985781500003, 17.70854524600003)",31-12-2023.geojson,,,,,,
Adilabad,TSD0029,3980.34,"{'min': 23.913158416748047, 'max': 28.945554733276367, 'mean': 27.002075078049952, 'count': 1041, 'sum': 28109.16015625, 'median': 27.100000381469727}","(78.17215629700007, 19.17277807100004, 78.97780562900004, 19.91690008100005)",31-12-2023.geojson,,,,,,
Hyderabad,TSD0030,182.64,"{'min': 24.562631607055664, 'max': 28.74764633178711, 'mean': 27.347518920898438, 'count': 48, 'sum': 1312.680908203125, 'median': 27.38888931274414}","(78.38267903300004, 17.293465379000054, 78.55019026600007, 17.483791793000023)",31-12-2023.geojson,,,,,,
Kumurambheem Asifabad,TSD0031,4495.32,"{'min': 23.331249237060547, 'max': 30.263334274291992, 'mean': 27.04345785744501, 'count': 1182, 'sum': 31965.3671875, 'median': 27.256237030029297}","(78.80016529900007, 19.050559607000025, 79.97913072000006, 19.617151517000025)",31-12-2023.geojson,,,,,,
Jayashankar Bhupalpally,TSD0032,2946.01,"{'min': 23.252666473388672, 'max': 30.323333740234375, 'mean': 26.42236578525641, 'count': 780, 'sum': 20609.4453125, 'median': 26.61461639404297}","(79.55918339200008, 18.156703452000045, 80.34460111152396, 18.869152369000062)",31-12-2023.geojson,,,,,,
Mahabubnagar,TSD0033,2749.62,"{'min': 26.0, 'max': 33.276668548583984, 'mean': 30.148759413954295, 'count': 722, 'sum': 21767.404296875, 'median': 30.185392379760742}","(77.67537161200016, 16.378530416000103, 78.369893344, 17.01442864699999)",31-12-2023.geojson,,,,,,
Rangareddy,TSSD0001,254.22,"{'min': 27.694799423217773, 'max': 31.60919952392578, 'mean': 30.248268821022727, 'count': 66, 'sum': 1996.3857421875, 'median': 30.40886688232422}","(78.55995755200007, 17.23432776100003, 78.76246159900006, 17.40383786600006)",01-01-2023.geojson,Abdullapurmet,,,,,
Nagarkurnool,TSSD0002,502.12,"{'min': 28.30912971496582, 'max': 31.97249984741211, 'mean': 30.142950148809526, 'count': 126, 'sum': 3798.01171875, 'median': 30.249473571777344}","(78.58204158400008, 16.328785754000023, 79.06420699900008, 16.552355156000033)",01-01-2023.geojson,Achampet,,,,,
Nalgonda,TSSD0003,124.12,"{'min': 28.064443588256836, 'max': 32.783042907714844, 'mean': 30.464092832623106, 'count': 33, 'sum': 1005.3150634765625, 'median': 30.481304168701172}","(79.40552823000007, 16.61250682600007, 79.58503520000005, 16.727679548000026)",01-01-2023.geojson,Adavidevulapally,,,,,
Yadadri Bhuvanagiri,TSSD0004,141.84,"{'min': 28.530000686645508, 'max': 30.66090965270996, 'mean': 29.6788330078125, 'count': 38, 'sum': 1127.795654296875, 'median': 29.673107147216797}","(79.30480125000008, 17.343213083000023, 79.45808114400006, 17.48429223000005)",01-01-2023.geojson,Addagudur,,,,,
Mahabubnagar,TSSD0005,133.19,"{'min': 29.702173233032227, 'max': 33.09416580200195, 'mean': 31.542277018229168, 'count': 36, 'sum': 1135.52197265625, 'median': 31.65416717529297}","(77.85964485800008, 16.441965785000036, 78.01275922800005, 16.583453924000025)",01-01-2023.geojson,Addakal,,,,,
Adilabad,TSSD0006,296.11,"{'min': 28.106189727783203, 'max': 30.987272262573242, 'mean': 30.007834694602273, 'count': 77, 'sum': 2310.603271484375, 'median': 30.14363670349121}","(78.46791283600004, 19.529549935000034, 78.75075334500008, 19.743971118000047)",01-01-2023.geojson,Adilabad Rural,,,,,
Adilabad,TSSD0007,18.64,"{'min': 29.737825393676758, 'max': 30.553478240966797, 'mean': 29.973041534423828, 'count': 4, 'sum': 119.89216613769531, 'median': 29.800434112548828}","(78.51136180900005, 19.64107290800007, 78.56091570800004, 19.696663797000042)",01-01-2023.geojson,Adilabad Urban,,,,,
Jogulamba Gadwal,TSSD0008,281.08,"{'min': 28.21666717529297, 'max': 33.59695816040039, 'mean': 31.03388396786972, 'count': 71, 'sum': 2203.40576171875, 'median': 31.213478088378906}","(77.51085515500006, 15.892624954000041, 77.79118149700008, 16.073899572000073)",01-01-2023.geojson,Aiza,,,,,
Siddipet,TSSD0009,181.57,"{'min': 28.18166732788086, 'max': 30.05545425415039, 'mean': 29.0764990234375, 'count': 50, 'sum': 1453.824951171875, 'median': 29.123912811279297}","(79.09867562300008, 17.991228970000066, 79.28258652700003, 18.10859845500005)",01-01-2023.geojson,Akkannapet,,,,,
Yadadri Bhuvanagiri,TSSD0010,165.31,"{'min': 29.12826156616211, 'max': 31.73080062866211, 'mean': 30.198202443677324, 'count': 43, 'sum': 1298.522705078125, 'median': 30.17639923095703}","(78.99234199800003, 17.567113119000055, 79.16709451200006, 17.725946442000065)",01-01-2023.geojson,Alair,,,,,
Jogulamba Gadwal,TSSD0011,212.17,"{'min': 28.064167022705078, 'max': 34.57347869873047, 'mean': 31.698026216947117, 'count': 52, 'sum': 1648.29736328125, 'median': 31.532608032226562}","(78.05931506700006, 15.836429923000026, 78.25321888900004, 16.011158503000047)",01-01-2023.geojson,Alampur,,,,,
Medak,TSSD0012,106.37,"{'min': 29.20359992980957, 'max': 32.36600112915039, 'mean': 30.92567726417824, 'count': 27, 'sum': 834.9932861328125, 'median': 31.281200408935547}","(77.88797224100006, 17.883895607000056, 78.00388009500006, 18.014119892000053)",01-01-2023.geojson,Alladurg,,,,,
Bhadradri Kothagudem,TSSD0013,507.54,"{'min': 25.327499389648438, 'max': 31.2450008392334, 'mean': 28.075474594578598, 'count': 132, 'sum': 3705.962646484375, 'median': 27.814998626708984}","(80.39744846200006, 17.75296549600006, 80.69612561700006, 18.05460231400002)",01-01-2023.geojson,Allapalli,,,,,
Medchal_Malkajgiri,TSSD0014,43.73,"{'min': 28.777999877929688, 'max': 29.34583282470703, 'mean': 29.138899369673297, 'count': 11, 'sum': 320.52789306640625, 'median': 29.13800048828125}","(78.47891113600008, 17.480615318000048, 78.57688553000008, 17.549306657000045)",01-01-2023.geojson,Alwal,,,,,
Rangareddy,TSSD0015,138.08,"{'min': 29.71500015258789, 'max': 31.552608489990234, 'mean': 30.717926025390625, 'count': 36, 'sum': 1105.8453369140625, 'median': 30.805526733398438}","(78.48719442500004, 16.794263726000054, 78.63278904100008, 16.922855003000052)",01-01-2023.geojson,Amangal,,,,,
Wanaparthy,TSSD0016,110.02,"{'min': 24.78499984741211, 'max': 32.02083206176758, 'mean': 30.020796712239584, 'count': 30, 'sum': 900.6239013671875, 'median': 30.74209976196289}","(77.65718116000005, 16.32682638500006, 77.80141077600007, 16.437234124000042)",01-01-2023.geojson,Amarchintha,,,,,
Hyderabad,TSSD0017,9.23,"{'min': 29.145383834838867, 'max': 29.522499084472656, 'mean': 29.297163009643555, 'count': 4, 'sum': 117.18865203857422, 'median': 29.26038360595703}","(78.48463282000006, 17.368221164000033, 78.52881660000008, 17.40365662100004)",01-01-2023.geojson,Amberpet,,,,,
Hyderabad,TSSD0018,3.86,"{'min': 28.969999313354492, 'max': 28.969999313354492, 'mean': 28.969999313354492, 'count': 1, 'sum': 28.969999313354492, 'median': 28.969999313354492}","(78.42921871100003, 17.43080978200004, 78.46511365000003, 17.45407132100007)",01-01-2023.geojson,Ammerpet,,,,,
Nagarkurnool,TSSD0019,1218.96,"{'min': 25.65571403503418, 'max': 31.971738815307617, 'mean': 27.836605342741937, 'count': 310, 'sum': 8629.34765625, 'median': 27.4691104888916}","(78.48741327000005, 16.00923712100007, 79.02694515400003, 16.415272880000032)",01-01-2023.geojson,Amrabad,,,,,
Suryapet,TSSD0020,116.56,"{'min': 27.05666732788086, 'max': 28.732666015625, 'mean': 27.840506998697915, 'count': 30, 'sum': 835.2152099609375, 'median': 27.88698387145996}","(79.90212536100006, 16.982533018000026, 80.06097163900006, 17.132924940000066)",01-01-2023.geojson,Ananthagiri,,,,,
Sangareddy,TSSD0021,186.83,"{'min': 28.387500762939453, 'max': 32.879600524902344, 'mean': 30.451634183843087, 'count': 47, 'sum': 1431.226806640625, 'median': 30.450000762939453}","(77.94290081500003, 17.75956500500007, 78.11621519700003, 17.925892899000075)",01-01-2023.geojson,Andole,,,,,
Bhadradri Kothagudem,TSSD0022,176.27,"{'min': 26.758235931396484, 'max': 30.010000228881836, 'mean': 28.75908362347147, 'count': 46, 'sum': 1322.9178466796875, 'median': 29.017250061035156}","(80.64118685200003, 17.28576821300004, 80.85142774000008, 17.41689142100006)",01-01-2023.geojson,Annapureddipalle,,,,,
Nalgonda,TSSD0023,190.48,"{'min': 27.12454605102539, 'max': 33.059165954589844, 'mean': 30.055166015625, 'count': 50, 'sum': 1502.75830078125, 'median': 30.129091262817383}","(79.19527357000004, 16.726884840000025, 79.39201370200004, 16.913228080000067)",01-01-2023.geojson,Anumula_Haliya,,,,,
Nizamabad,TSSD0024,221.85,"{'min': 23.42230796813965, 'max': 29.280000686645508, 'mean': 27.0802001953125, 'count': 60, 'sum': 1624.81201171875, 'median': 27.221420288085938}","(78.17296352400007, 18.74292431300006, 78.35632004600006, 18.93725310900004)",01-01-2023.geojson,Armoor,,,,,
Kumurambheem Asifabad,TSSD0025,380.26,"{'min': 25.79380989074707, 'max': 32.650909423828125, 'mean': 30.195963541666668, 'count': 102, 'sum': 3079.98828125, 'median': 30.23047637939453}","(79.05947913700004, 19.250334717000044, 79.39455949500007, 19.45064135100006)",01-01-2023.geojson,Asifabad,,,,,
Hyderabad,TSSD0026,12.88,"{'min': 28.618000030517578, 'max': 30.002307891845703, 'mean': 29.428085327148438, 'count': 4, 'sum': 117.71234130859375, 'median': 29.546016693115234}","(78.42582161500007, 17.359808491000024, 78.46198218000006, 17.408130664000055)",01-01-2023.geojson,Asifnagar,,,,,
Bhadradri Kothagudem,TSSD0027,329.09,"{'min': 25.850000381469727, 'max': 29.979999542236328, 'mean': 27.984508167613637, 'count': 88, 'sum': 2462.63671875, 'median': 28.043888092041016}","(80.68546006000008, 17.692266541000038, 80.88829418500006, 17.933206824000024)",01-01-2023.geojson,Aswapuram,,,,,
Bhadradri Kothagudem,TSSD0028,564.09,"{'min': 24.55875015258789, 'max': 30.01533317565918, 'mean': 27.801363031914892, 'count': 141, 'sum': 3919.9921875, 'median': 27.965238571166992}","(81.00029477700008, 17.215797421000048, 81.31479948400005, 17.495516869000028)",01-01-2023.geojson,Aswaraopeta,,,,,
Yadadri Bhuvanagiri,TSSD0029,171.54,"{'min': 28.485652923583984, 'max': 30.400833129882812, 'mean': 29.722482638888888, 'count': 45, 'sum': 1337.51171875, 'median': 29.700435638427734}","(79.08082893600005, 17.39675374600006, 79.24565290200007, 17.53585182000006)",01-01-2023.geojson,Athmakur (M),,,,,
Wanaparthy,TSSD0030,137.9,"{'min': 28.56739044189453, 'max': 32.2408332824707, 'mean': 30.106814914279514, 'count': 36, 'sum': 1083.8453369140625, 'median': 30.075380325317383}","(77.73676945900007, 16.203007356000057, 77.92502598300007, 16.38983216400004)",01-01-2023.geojson,Atmakur,,,,,
Warangal_Rural,TSSD0031,100.48,"{'min': 27.547500610351562, 'max': 30.794546127319336, 'mean': 29.79144287109375, 'count': 26, 'sum': 774.5775146484375, 'median': 30.082916259765625}","(79.67890460400008, 17.996386791000077, 79.82038191900006, 18.11908245500007)",01-01-2023.geojson,Atmakur,,,,,
Suryapet,TSSD0032,206.49,"{'min': 28.36578941345215, 'max': 29.918888092041016, 'mean': 29.143923117897728, 'count': 55, 'sum': 1602.915771484375, 'median': 29.193635940551758}","(79.59145821600004, 17.18757524600005, 79.81482135400006, 17.314815594000038)",01-01-2023.geojson,Atmakur_S,,,,,
Yadadri Bhuvanagiri,TSSD0033,188.28,"{'min': 26.850000381469727, 'max': 30.94499969482422, 'mean': 28.54977117800245, 'count': 51, 'sum': 1456.038330078125, 'median': 28.535600662231445}","(78.70944519200003, 17.280238217000033, 78.91168170600008, 17.414015307000057)",01-01-2023.geojson,B.Pochampally,,,,,
Jangoan,TSSD0034,215.84,"{'min': 27.86739158630371, 'max': 30.77434730529785, 'mean': 29.874059216729528, 'count': 58, 'sum': 1732.6954345703125, 'median': 29.933494567871094}","(78.86787166400006, 17.709206091000055, 79.10262993800006, 17.8761671850001)",01-01-2023.geojson,Bachannapet,,,,,
Medchal_Malkajgiri,TSSD0035,17.73,"{'min': 28.91320037841797, 'max': 31.15916633605957, 'mean': 29.55814208984375, 'count': 5, 'sum': 147.79071044921875, 'median': 29.21666717529297}","(78.34798865200008, 17.510629856000037, 78.39909413900006, 17.553712028000064)",01-01-2023.geojson,Bachupally,,,,,
Hyderabad,TSSD0036,15.01,"{'min': 28.34440040588379, 'max': 29.881200790405273, 'mean': 29.343533833821613, 'count': 3, 'sum': 88.03060150146484, 'median': 29.80500030517578}","(78.43027281000008, 17.326923403000023, 78.47901840600008, 17.372507289000055)",01-01-2023.geojson,Bahadurpura,,,,,
Mahabubnagar,TSSD0037,174.74,"{'min': 30.786666870117188, 'max': 32.4466667175293, 'mean': 31.633682914402176, 'count': 46, 'sum': 1455.1494140625, 'median': 31.617084503173828}","(78.08729467400008, 16.845259309000028, 78.30248119100008, 17.011459106000075)",01-01-2023.geojson,Balanagar,,,,,
Medchal_Malkajgiri,TSSD0038,19.28,"{'min': 29.15999984741211, 'max': 30.426799774169922, 'mean': 29.91214599609375, 'count': 5, 'sum': 149.56072998046875, 'median': 30.128334045410156}","(78.41398145500006, 17.437593329000038, 78.49711234500006, 17.495946916000037)",01-01-2023.geojson,Balanagar,,,,,
Rangareddy,TSSD0039,131.84,"{'min': 28.941667556762695, 'max': 31.43000030517578, 'mean': 30.037510463169642, 'count': 35, 'sum': 1051.3128662109375, 'median': 30.045833587646484}","(78.40825680200004, 17.228240129000028, 78.57240744700005, 17.342781479000053)",01-01-2023.geojson,Balapur,,,,,
Nizamabad,TSSD0040,97.3,"{'min': 23.323076248168945, 'max': 28.218334197998047, 'mean': 26.0788037109375, 'count': 25, 'sum': 651.9700927734375, 'median': 27.14769172668457}","(78.27055155900007, 18.820303712000054, 78.39954724000006, 18.968813210000064)",01-01-2023.geojson,Balkonda,,,,,
Nagarkurnool,TSSD0041,243.17,"{'min': 26.610000610351562, 'max': 31.830869674682617, 'mean': 30.323317307692307, 'count': 65, 'sum': 1971.015625, 'median': 30.467500686645508}","(78.49549449900007, 16.225707747000058, 78.67809309200004, 16.452804138000033)",01-01-2023.geojson,Balmoor,,,,,
Hyderabad,TSSD0042,21.38,"{'min': 29.943599700927734, 'max': 30.81333351135254, 'mean': 30.211148579915363, 'count': 6, 'sum': 181.2668914794922, 'median': 30.132801055908203}","(78.45371439300004, 17.293465379000054, 78.51861491400007, 17.352247109000075)",01-01-2023.geojson,Bandlaguda,,,,,
Kamareddy,TSSD0043,142.84,"{'min': 26.403846740722656, 'max': 30.446922302246094, 'mean': 27.781816755022323, 'count': 35, 'sum': 972.3635864257812, 'median': 27.508333206176758}","(77.83852436200004, 18.316119945000025, 78.03038834200004, 18.45416467000007)",01-01-2023.geojson,Banswada,,,,,
Vikarabad,TSSD0044,91.56,"{'min': 31.363332748413086, 'max': 32.877201080322266, 'mean': 32.3060107421875, 'count': 25, 'sum': 807.6502685546875, 'median': 32.350799560546875}","(77.61390270400005, 17.383589031000042, 77.77189871100006, 17.483158091000064)",01-01-2023.geojson,Bantwaram,,,,,
Nirmal,TSSD0045,108.16,"{'min': 27.02916717529297, 'max': 29.651052474975586, 'mean': 28.198296908674568, 'count': 29, 'sum': 817.7506103515625, 'median': 28.183332443237305}","(77.87395490400007, 18.84522452500005, 78.04060419300004, 18.95240894500006)",01-01-2023.geojson,Basar,,,,,
Vikarabad,TSSD0046,206.01,"{'min': 30.330833435058594, 'max': 33.1783332824707, 'mean': 32.124654517983494, 'count': 53, 'sum': 1702.606689453125, 'median': 32.190834045410156}","(77.36247981800005, 17.108590786000036, 77.53841200600004, 17.271892981000065)",01-01-2023.geojson,Basheerabad,,,,,
Mahabubabad,TSSD0047,307.29,"{'min': 26.820833206176758, 'max': 30.791000366210938, 'mean': 28.933406876929013, 'count': 81, 'sum': 2343.60595703125, 'median': 29.12555503845215}","(80.05728874800008, 17.53352028000006, 80.26094565000005, 17.75039165800007)",01-01-2023.geojson,Bayyaram,,,,,
Adilabad,TSSD0048,253.13,"{'min': 27.152727127075195, 'max': 31.148332595825195, 'mean': 29.805332728794642, 'count': 70, 'sum': 2086.373291015625, 'median': 29.9188232421875}","(78.27492577100008, 19.393371099000035, 78.47377904700005, 19.580545785000027)",01-01-2023.geojson,Bazarhathnoor,,,,,
Jagtial,TSSD0049,108.89,"{'min': 28.29315757751465, 'max': 31.104736328125, 'mean': 29.633743778351814, 'count': 31, 'sum': 918.6460571289062, 'median': 29.547895431518555}","(78.87792220400007, 18.96036622300005, 79.02108975900006, 19.07988819600007)",01-01-2023.geojson,Beerpur,,,,,
Siddipet,TSSD0050,152.56,"{'min': 28.119600296020508, 'max': 31.179166793823242, 'mean': 29.784872436523436, 'count': 40, 'sum': 1191.3948974609375, 'median': 29.831050872802734}","(78.95201931600008, 18.18925398600004, 79.11791494600004, 18.34315846100003)",01-01-2023.geojson,Bejjanki,,,,,
Kumurambheem Asifabad,TSSD0051,282.92,"{'min': 26.108749389648438, 'max': 30.742631912231445, 'mean': 28.685442708333333, 'count': 75, 'sum': 2151.408203125, 'median': 28.760000228881836}","(79.71984640800008, 19.26669339700004, 79.96748160900006, 19.444060153000066)",01-01-2023.geojson,Bejjur,,,,,
Adilabad,TSSD0052,252.64,"{'min': 26.388334274291992, 'max': 31.260000228881836, 'mean': 29.744876585144926, 'count': 69, 'sum': 2052.396484375, 'median': 29.704286575317383}","(78.68107592100006, 19.56508431800006, 78.85966689500003, 19.782733789000076)",01-01-2023.geojson,Bela,,,,,
Mancherial,TSSD0053,146.79,"{'min': 27.935714721679688, 'max': 30.923635482788086, 'mean': 29.8537841796875, 'count': 40, 'sum': 1194.1513671875, 'median': 29.93408966064453}","(79.41901996000007, 18.98112085100007, 79.58961168500008, 19.132048594000025)",01-01-2023.geojson,Bellampalle,,,,,
Bhadradri Kothagudem,TSSD0054,11.21,"{'min': 29.66826057434082, 'max': 29.888334274291992, 'mean': 29.778297424316406, 'count': 2, 'sum': 59.55659484863281, 'median': 29.778297424316406}","(80.87537144200007, 17.64270969100005, 80.91092172600008, 17.683719212000028)",01-01-2023.geojson,Bhadrachalam,,,,,
Nirmal,TSSD0055,247.42,"{'min': 27.02916717529297, 'max': 31.43079948425293, 'mean': 28.983008541277986, 'count': 67, 'sum': 1941.861572265625, 'median': 28.90565299987793}","(77.87843723700007, 19.03252738200007, 78.09109643600004, 19.219462747000023)",01-01-2023.geojson,Bhainsa,,,,,
Warangal_Urban,TSSD0056,147.17,"{'min': 28.247142791748047, 'max': 30.046363830566406, 'mean': 28.98622872488839, 'count': 35, 'sum': 1014.5180053710938, 'median': 28.928260803222656}","(79.25802483300004, 18.001111758000036, 79.41034323000008, 18.156221128000027)",01-01-2023.geojson,Bheemadevarapalli,,,,,
Mancherial,TSSD0057,156.12,"{'min': 27.15842056274414, 'max': 30.20777702331543, 'mean': 28.701259515224358, 'count': 39, 'sum': 1119.34912109375, 'median': 28.7722225189209}","(79.58636746400003, 18.76414004000003, 79.73368796500006, 18.942415460000063)",01-01-2023.geojson,Bheemaram,,,,,
Nizamabad,TSSD0058,225.03,"{'min': 26.924165725708008, 'max': 28.822500228881836, 'mean': 28.025386555989584, 'count': 60, 'sum': 1681.523193359375, 'median': 27.956249237060547}","(78.35785953300007, 18.617871123000043, 78.59699998100007, 18.754933092000044)",01-01-2023.geojson,Bheemgal,,,,,
Mancherial,TSSD0059,151.63,"{'min': 29.338571548461914, 'max': 32.02727127075195, 'mean': 30.954499000726745, 'count': 43, 'sum': 1331.04345703125, 'median': 30.975000381469727}","(79.50578178000006, 19.14043541600006, 79.67664248700004, 19.288073780000047)",01-01-2023.geojson,Bheemini,,,,,
Adilabad,TSSD0060,195.62,"{'min': 29.94272804260254, 'max': 32.490909576416016, 'mean': 31.06270518201463, 'count': 47, 'sum': 1459.9471435546875, 'median': 31.0163631439209}","(78.28468101500005, 19.728594951000048, 78.49256909000007, 19.91690008100005)",01-01-2023.geojson,Bheempoor,,,,,
Kamareddy,TSSD0061,154.94,"{'min': 28.19499969482422, 'max': 30.02519989013672, 'mean': 29.241001674107142, 'count': 42, 'sum': 1228.1220703125, 'median': 29.250415802001953}","(78.33227141500004, 18.122403492000046, 78.50250512100007, 18.278813365000076)",01-01-2023.geojson,Bhiknoor,,,,,
Yadadri Bhuvanagiri,TSSD0062,299.2,"{'min': 26.790800094604492, 'max': 32.59479904174805, 'mean': 30.039544521233974, 'count': 78, 'sum': 2343.08447265625, 'median': 30.008399963378906}","(78.80997708400008, 17.36896378700004, 79.04721217500008, 17.595952069000077)",01-01-2023.geojson,Bhongiri,,,,,
Mahabubnagar,TSSD0063,177.56,"{'min': 29.957500457763672, 'max': 32.1158332824707, 'mean': 31.037413252160903, 'count': 47, 'sum': 1458.7584228515625, 'median': 31.001667022705078}","(77.97152580800008, 16.592727025000045, 78.15346036600005, 16.739702366000074)",01-01-2023.geojson,Bhoothpur,,,,,
Jayashankar Bhupalpally,TSSD0064,412.31,"{'min': 26.426666259765625, 'max': 30.601428985595703, 'mean': 28.43920672381366, 'count': 108, 'sum': 3071.434326171875, 'median': 28.6417236328125}","(79.72643010900003, 18.326274666000074, 80.15195044700005, 18.518666378000034)",01-01-2023.geojson,Bhupalpally,,,,,
Yadadri Bhuvanagiri,TSSD0065,181.21,"{'min': 27.030799865722656, 'max': 30.88680076599121, 'mean': 29.67307577327806, 'count': 49, 'sum': 1453.980712890625, 'median': 29.90916633605957}","(78.70762825800006, 17.383774324000058, 78.91649957900006, 17.531102042000043)",01-01-2023.geojson,Bibinagar,,,,,
Kamareddy,TSSD0066,80.7,"{'min': 25.8799991607666, 'max': 30.196666717529297, 'mean': 28.600732421875, 'count': 20, 'sum': 572.0146484375, 'median': 28.6356201171875}","(78.46247299900006, 18.169106830000032, 78.56926485100007, 18.275633318000075)",01-01-2023.geojson,Bibipet,,,,,
Nagarkurnool,TSSD0067,265.69,"{'min': 28.196956634521484, 'max': 32.588260650634766, 'mean': 30.289034598214286, 'count': 70, 'sum': 2120.232421875, 'median': 30.312545776367188}","(78.10083116400006, 16.421414171000038, 78.28225422800006, 16.626726615000052)",01-01-2023.geojson,Bijinapalle,,,,,
Adilabad,TSSD0068,324.19,"{'min': 28.183332443237305, 'max': 31.573076248168945, 'mean': 29.6626347409019, 'count': 79, 'sum': 2343.34814453125, 'median': 29.486665725708008}","(78.17215629700007, 19.264980181000055, 78.39684222400007, 19.45647146400006)",01-01-2023.geojson,Boath,,,,,
Nizamabad,TSSD0069,274.45,"{'min': 25.600400924682617, 'max': 30.37818145751953, 'mean': 27.59857261344178, 'count': 73, 'sum': 2014.69580078125, 'median': 27.538000106811523}","(77.73094369300003, 18.573510121000027, 77.96006357300001, 18.81143505500006)",01-01-2023.geojson,Bodhan,,,,,
Rajanna Sircilla,TSSD0070,143.88,"{'min': 25.168333053588867, 'max': 30.436399459838867, 'mean': 28.44852801067073, 'count': 41, 'sum': 1166.3896484375, 'median': 28.804546356201172}","(78.89142673800006, 18.39155487200003, 78.99623800100005, 18.58330450400007)",01-01-2023.geojson,Boinpalli,,,,,
Yadadri Bhuvanagiri,TSSD0071,165.4,"{'min': 28.795000076293945, 'max': 31.106666564941406, 'mean': 29.81021263485863, 'count': 42, 'sum': 1252.0289306640625, 'median': 29.75374984741211}","(78.68260567800007, 17.506909476000033, 78.83660271700006, 17.66778853200003)",01-01-2023.geojson,Bommalaramaram,,,,,
Vikarabad,TSSD0072,219.46,"{'min': 29.443599700927734, 'max': 32.8916015625, 'mean': 30.76659938267299, 'count': 56, 'sum': 1722.9295654296875, 'median': 30.565601348876953}","(77.61321700700006, 17.021545857000035, 77.78997648900008, 17.236770282000066)",01-01-2023.geojson,Bommaraspeta,,,,,
Khammam,TSSD0073,164.0,"{'min': 28.02666664123535, 'max': 29.937999725341797, 'mean': 28.81034441692073, 'count': 41, 'sum': 1181.22412109375, 'median': 28.72333335876465}","(80.19836868700008, 16.94670916900003, 80.36649696300003, 17.117145719000064)",01-01-2023.geojson,Bonakal,,,,,
Jagtial,TSSD0074,80.72,"{'min': 27.380434036254883, 'max': 29.047391891479492, 'mean': 28.36377483865489, 'count': 23, 'sum': 652.3668212890625, 'median': 28.494544982910156}","(79.00621644400007, 18.822787249000044, 79.14474962700007, 18.91916278800005)",01-01-2023.geojson,Buggaram,,,,,
Bhadradri Kothagudem,TSSD0075,212.03,"{'min': 27.983999252319336, 'max': 31.007646560668945, 'mean': 29.66919849537037, 'count': 54, 'sum': 1602.13671875, 'median': 29.721044540405273}","(80.73228080900003, 17.59843230000007, 80.90367732300007, 17.75553509100007)",01-01-2023.geojson,Burgampadu,,,,,
Nalgonda,TSSD0076,349.48,"{'min': 27.510000228881836, 'max': 32.100433349609375, 'mean': 30.171017854110055, 'count': 92, 'sum': 2775.733642578125, 'median': 30.25304412841797}","(78.83961784400003, 16.35584791900004, 79.21275923200005, 16.646382362000054)",01-01-2023.geojson,Chandampet,,,,,
Bhadradri Kothagudem,TSSD0077,146.4,"{'min': 24.367647171020508, 'max': 30.23900032043457, 'mean': 28.94093776393581, 'count': 37, 'sum': 1070.814697265625, 'median': 29.350000381469727}","(80.55637660300005, 17.31648540200007, 80.69607967500008, 17.452303995000022)",01-01-2023.geojson,Chandrugonda,,,,,
Nalgonda,TSSD0078,210.39,"{'min': 29.806522369384766, 'max': 33.23749923706055, 'mean': 31.836978552476417, 'count': 53, 'sum': 1687.35986328125, 'median': 31.773332595825195}","(78.89291217500005, 16.893248166000035, 79.10048328200008, 17.094642131000057)",01-01-2023.geojson,Chandur,,,,,
Nagarkurnool,TSSD0079,172.21,"{'min': 29.763912200927734, 'max': 32.51499938964844, 'mean': 30.986135525173612, 'count': 45, 'sum': 1394.3760986328125, 'median': 30.96912956237793}","(78.57614983600007, 16.636888998000074, 78.79233917400006, 16.779519700000037)",01-01-2023.geojson,Charakonda,,,,,
Hyderabad,TSSD0080,5.37,"{'min': 30.327600479125977, 'max': 30.327600479125977, 'mean': 30.327600479125977, 'count': 1, 'sum': 30.327600479125977, 'median': 30.327600479125977}","(78.47460501900008, 17.34768383200003, 78.50070316000006, 17.376123801000062)",01-01-2023.geojson,Charminar,,,,,
Rajanna Sircilla,TSSD0081,172.75,"{'min': 27.376667022705078, 'max': 31.158000946044922, 'mean': 28.75830078125, 'count': 48, 'sum': 1380.3984375, 'median': 28.476417541503906}","(78.61274932300006, 18.50685668500006, 78.84598478800007, 18.63425720600003)",01-01-2023.geojson,Chendurthi,,,,,
Warangal_Rural,TSSD0082,99.63,"{'min': 28.596315383911133, 'max': 30.181428909301758, 'mean': 29.339347050107758, 'count': 29, 'sum': 850.841064453125, 'median': 29.266841888427734}","(79.77887035600008, 17.796694865000063, 79.93870076600007, 17.912052966000033)",01-01-2023.geojson,Chennaraopet,,,,,
Mancherial,TSSD0083,348.6,"{'min': 26.539411544799805, 'max': 30.524999618530273, 'mean': 28.6328125, 'count': 92, 'sum': 2634.21875, 'median': 28.578954696655273}","(79.65949015600006, 18.682762397000033, 79.84767354200005, 18.959046801000056)",01-01-2023.geojson,Chennur,,,,,
Siddipet,TSSD0084,222.44,"{'min': 28.32391357421875, 'max': 30.43166732788086, 'mean': 29.593791379766948, 'count': 59, 'sum': 1746.03369140625, 'median': 29.607500076293945}","(78.86758954600003, 17.828098220000072, 79.06729449200009, 18.036935309000057)",01-01-2023.geojson,Cherial,,,,,
Bhadradri Kothagudem,TSSD0085,477.35,"{'min': 25.29111099243164, 'max': 31.432857513427734, 'mean': 28.213232024898375, 'count': 123, 'sum': 3470.2275390625, 'median': 28.16789436340332}","(80.73391161600006, 17.933206824000024, 80.98568532800005, 18.238859586000046)",01-01-2023.geojson,Cherla,,,,,
Rangareddy,TSSD0086,276.14,"{'min': 31.6391658782959, 'max': 33.50416564941406, 'mean': 32.66589522688356, 'count': 73, 'sum': 2384.6103515625, 'median': 32.66304397583008}","(78.00412674500006, 17.23299501100007, 78.21859291200008, 17.409433687000046)",01-01-2023.geojson,Chevella,,,,,
Karimnagar,TSSD0087,149.85,"{'min': 28.509130477905273, 'max': 29.92217445373535, 'mean': 29.000274658203125, 'count': 40, 'sum': 1160.010986328125, 'median': 28.982173919677734}","(79.10798904900008, 18.16049209700003, 79.25728156700006, 18.285204140000076)",01-01-2023.geojson,Chigurumamidi,,,,,
Suryapet,TSSD0088,109.2,"{'min': 26.421428680419922, 'max': 28.845294952392578, 'mean': 27.527805873325892, 'count': 28, 'sum': 770.778564453125, 'median': 27.432666778564453}","(79.79036079100007, 16.906046110000034, 79.93531953700005, 17.024466438000047)",01-01-2023.geojson,Chilkur,,,,,
Jangoan,TSSD0089,157.63,"{'min': 27.59434700012207, 'max': 30.044782638549805, 'mean': 29.17138671875, 'count': 43, 'sum': 1254.36962890625, 'median': 29.200908660888672}","(79.20344106000005, 17.85176273600007, 79.44938298400007, 17.98733100100003)",01-01-2023.geojson,Chilpur,,,,,
Mahabubnagar,TSSD0090,182.6,"{'min': 30.106666564941406, 'max': 33.81916809082031, 'mean': 32.18185302734375, 'count': 50, 'sum': 1609.0926513671875, 'median': 32.18708419799805}","(77.73330203000006, 16.37851123300004, 77.87096754700008, 16.616724610000063)",01-01-2023.geojson,Chinna Chinta Kunta,,,,,
Mahabubabad,TSSD0091,62.33,"{'min': 28.540525436401367, 'max': 29.40294075012207, 'mean': 28.897186279296875, 'count': 17, 'sum': 491.2521667480469, 'median': 28.839473724365234}","(79.84909294100004, 17.449136596000073, 79.93830751200005, 17.551928229000055)",01-01-2023.geojson,Chinnagudur,,,,,
Siddipet,TSSD0092,210.1,"{'min': 27.145000457763672, 'max': 30.655834197998047, 'mean': 29.172770182291668, 'count': 60, 'sum': 1750.3662109375, 'median': 29.20639991760254}","(78.82494370000006, 18.112037676000057, 79.02016956300008, 18.25691097600003)",01-01-2023.geojson,Chinnakodur,,,,,
Wanaparthy,TSSD0093,211.48,"{'min': 28.41521644592285, 'max': 32.95083236694336, 'mean': 30.515229323814655, 'count': 58, 'sum': 1769.88330078125, 'median': 30.61600112915039}","(78.05946824700004, 15.943903422000062, 78.25862092700004, 16.10487720200007)",01-01-2023.geojson,Chinnambavi,,,,,
Khammam,TSSD0094,188.05,"{'min': 26.988094329833984, 'max': 29.61235237121582, 'mean': 28.321533203125, 'count': 46, 'sum': 1302.79052734375, 'median': 28.30088233947754}","(80.15749622700008, 17.00863986300004, 80.30764277300005, 17.236461319000057)",01-01-2023.geojson,Chintakani,,,,,
Kumurambheem Asifabad,TSSD0095,288.59,"{'min': 26.21823501586914, 'max': 30.746841430664062, 'mean': 28.763037109375, 'count': 80, 'sum': 2301.04296875, 'median': 29.111221313476562}","(79.67767908700006, 19.36047807800003, 79.97913072000006, 19.567678157000046)",01-01-2023.geojson,Chintalamanepally,,,,,
Suryapet,TSSD0096,202.08,"{'min': 26.832727432250977, 'max': 32.755001068115234, 'mean': 30.39992388556985, 'count': 51, 'sum': 1550.3961181640625, 'median': 30.92652130126953}","(79.89168709400008, 16.63122235000003, 80.07323171000007, 16.848894700000073)",01-01-2023.geojson,Chinthala palem,,,,,
Nalgonda,TSSD0097,274.6,"{'min': 30.122499465942383, 'max': 32.77560043334961, 'mean': 31.624020182291666, 'count': 75, 'sum': 2371.801513671875, 'median': 31.637826919555664}","(78.69548427600006, 16.739825453000037, 78.92444476600008, 16.973748571000044)",01-01-2023.geojson,Chinthapally,,,,,
Jayashankar Bhupalpally,TSSD0098,210.42,"{'min': 27.833158493041992, 'max': 30.79380989074707, 'mean': 29.433780067845394, 'count': 57, 'sum': 1677.7254638671875, 'median': 29.279523849487305}","(79.64088009700004, 18.283442338000043, 79.79196266500009, 18.492380515000036)",01-01-2023.geojson,Chityal,,,,,
Nalgonda,TSSD0099,237.77,"{'min': 29.02120018005371, 'max': 32.209999084472656, 'mean': 30.101072184244792, 'count': 60, 'sum': 1806.0643310546875, 'median': 29.970417022705078}","(78.96087085700003, 17.126777316000073, 79.17779320000005, 17.284106424000072)",01-01-2023.geojson,Chityal,,,,,
Suryapet,TSSD0100,151.19,"{'min': 27.999473571777344, 'max': 30.180999755859375, 'mean': 29.131466674804688, 'count': 40, 'sum': 1165.2586669921875, 'median': 28.99072265625}","(79.61526708400004, 17.06178183000003, 79.77234545500005, 17.21508940600006)",01-01-2023.geojson,Chivvemla,,,,,
Karimnagar,TSSD0101,141.96,"{'min': 26.965652465820312, 'max': 29.218181610107422, 'mean': 28.0693648488898, 'count': 38, 'sum': 1066.6358642578125, 'median': 27.981904983520508}","(79.09673047900003, 18.516979337000066, 79.23072403500004, 18.66557143500006)",01-01-2023.geojson,Choppadandi,,,,,
Yadadri Bhuvanagiri,TSSD0102,264.84,"{'min': 28.36520004272461, 'max': 32.31999969482422, 'mean': 29.892801634022888, 'count': 71, 'sum': 2122.388916015625, 'median': 29.88599967956543}","(78.747570484, 17.19528529400003, 78.99749932000003, 17.348531597000033)",01-01-2023.geojson,Choutuppal,,,,,
Rangareddy,TSSD0103,111.15,"{'min': 29.65916633605957, 'max': 32.45750045776367, 'mean': 31.12854908130787, 'count': 27, 'sum': 840.4708251953125, 'median': 31.226667404174805}","(77.92190617600005, 16.980166997000026, 78.03572549400008, 17.14859407800003)",01-01-2023.geojson,Chowdergudem,,,,,
Bhadradri Kothagudem,TSSD0104,113.98,"{'min': 27.18199920654297, 'max': 30.89699935913086, 'mean': 28.710778021043346, 'count': 31, 'sum': 890.0341186523438, 'median': 28.58333396911621}","(80.59078646000006, 17.397527010000033, 80.73926192500005, 17.56175825500003)",01-01-2023.geojson,Chunchupally,,,,,
Kumurambheem Asifabad,TSSD0105,282.91,"{'min': 25.164443969726562, 'max': 31.448999404907227, 'mean': 29.04528148754223, 'count': 74, 'sum': 2149.350830078125, 'median': 29.588890075683594}","(79.55061502100006, 19.147024978000047, 79.94481136900004, 19.320003257000053)",01-01-2023.geojson,Dahegaon,,,,,
Nalgonda,TSSD0106,212.91,"{'min': 27.36157989501953, 'max': 33.09000015258789, 'mean': 29.51033380681818, 'count': 55, 'sum': 1623.068359375, 'median': 29.446189880371094}","(79.52381292400008, 16.65992049600004, 79.70200312500003, 16.812899723000044)",01-01-2023.geojson,Damaracherla,,,,,
Narayanpet,TSSD0107,197.8,"{'min': 29.7450008392334, 'max': 34.317501068115234, 'mean': 31.4139306640625, 'count': 50, 'sum': 1570.696533203125, 'median': 31.309999465942383}","(77.45634407100005, 16.764877660000025, 77.60496874100005, 16.959326115000067)",01-01-2023.geojson,Damargidda,,,,,
Warangal_Rural,TSSD0108,89.35,"{'min': 28.14363670349121, 'max': 30.86652183532715, 'mean': 29.704086303710938, 'count': 24, 'sum': 712.8980712890625, 'median': 29.864999771118164}","(79.60072347200008, 18.00572767700004, 79.70643829000005, 18.13897497800008)",01-01-2023.geojson,Damera,,,,,
Bhadradri Kothagudem,TSSD0109,482.53,"{'min': 24.995882034301758, 'max': 29.85300064086914, 'mean': 27.556362680288462, 'count': 130, 'sum': 3582.3271484375, 'median': 27.702980041503906}","(80.86476856000007, 17.190519193000057, 81.08735919600008, 17.56822006400006)",01-01-2023.geojson,Dammapeta,,,,,
Mancherial,TSSD0110,212.73,"{'min': 26.553157806396484, 'max': 29.691999435424805, 'mean': 28.39078347724781, 'count': 57, 'sum': 1618.274658203125, 'median': 28.6645450592041}","(79.08727409600004, 18.884636873000034, 79.22437932800005, 19.103216721000024)",01-01-2023.geojson,Dandepalle,,,,,
Mahabubabad,TSSD0111,108.96,"{'min': 27.747142791748047, 'max': 29.245555877685547, 'mean': 28.599879111013106, 'count': 31, 'sum': 886.5962524414062, 'median': 28.641427993774414}","(79.65560623800008, 17.428868298000054, 79.78530222000006, 17.546608658000025)",01-01-2023.geojson,Danthalapalle,,,,,
Nirmal,TSSD0112,76.62,"{'min': 27.140525817871094, 'max': 29.533809661865234, 'mean': 28.85306910464638, 'count': 19, 'sum': 548.2083129882812, 'median': 29.0}","(78.82647409500004, 19.034610264000037, 78.95076054900005, 19.132845763000034)",01-01-2023.geojson,Dasturabad,,,,,
Nalgonda,TSSD0113,235.21,"{'min': 30.14478302001953, 'max': 32.861305236816406, 'mean': 31.826449486517138, 'count': 62, 'sum': 1973.2398681640625, 'median': 31.90695571899414}","(78.75664741300005, 16.599618543000076, 78.96744054100003, 16.769811435000065)",01-01-2023.geojson,Devarakonda,,,,,
Mahabubnagar,TSSD0114,238.37,"{'min': 26.292499542236328, 'max': 33.57500076293945, 'mean': 31.013634466355846, 'count': 62, 'sum': 1922.8453369140625, 'median': 31.422916412353516}","(77.76466384500003, 16.454975524000076, 77.92512638900007, 16.738387466000063)",01-01-2023.geojson,Devarkadra,,,,,
Jangoan,TSSD0115,182.53,"{'min': 28.951818466186523, 'max': 30.333478927612305, 'mean': 29.7582373046875, 'count': 50, 'sum': 1487.911865234375, 'median': 29.810434341430664}","(79.21277209400006, 17.510665525000036, 79.40089799000003, 17.677652839000075)",01-01-2023.geojson,Devaruppula,,,,,
Narayanpet,TSSD0116,153.65,"{'min': 29.130800247192383, 'max': 33.08440017700195, 'mean': 30.9483081714527, 'count': 37, 'sum': 1145.08740234375, 'median': 30.68000030517578}","(77.59496902800004, 16.571400942000025, 77.76875056600005, 16.754234962000055)",01-01-2023.geojson,Dhanwada,,,,,
Jagtial,TSSD0117,175.9,"{'min': 27.626522064208984, 'max': 30.809999465942383, 'mean': 29.167979600694444, 'count': 45, 'sum': 1312.55908203125, 'median': 29.21727180480957}","(78.99144763200007, 18.877766286000053, 79.16011736700005, 19.07420193200005)",01-01-2023.geojson,Dharmapuri,,,,,
Peddapalli,TSSD0118,201.92,"{'min': 27.05782699584961, 'max': 28.578182220458984, 'mean': 28.023759949882077, 'count': 53, 'sum': 1485.25927734375, 'median': 28.0163631439209}","(79.11294947900006, 18.616084372000046, 79.33879022800005, 18.75580704600003)",01-01-2023.geojson,Dharmaram,,,,,
Warangal_Urban,TSSD0119,166.63,"{'min': 27.52750015258789, 'max': 29.696086883544922, 'mean': 28.796248372395834, 'count': 45, 'sum': 1295.8311767578125, 'median': 28.889999389648438}","(79.34392484200004, 17.872946780000063, 79.49559988700008, 18.064662017000046)",01-01-2023.geojson,Dharmasagar,,,,,
Jogulamba Gadwal,TSSD0120,233.51,"{'min': 24.781665802001953, 'max': 31.15608787536621, 'mean': 29.240838623046876, 'count': 60, 'sum': 1754.4503173828125, 'median': 29.709564208984375}","(77.59027451200006, 16.165087868000057, 77.75403082300005, 16.362950969000053)",01-01-2023.geojson,Dharoor,,,,,
Vikarabad,TSSD0121,204.41,"{'min': 28.261999130249023, 'max': 32.99720001220703, 'mean': 31.4341548039363, 'count': 52, 'sum': 1634.5760498046875, 'median': 31.506000518798828}","(77.69853344900008, 17.210650905000023, 77.85683392500005, 17.378989310000065)",01-01-2023.geojson,Dharoor,,,,,
Nizamabad,TSSD0122,181.87,"{'min': 26.5575008392334, 'max': 29.223636627197266, 'mean': 28.35134576291454, 'count': 49, 'sum': 1389.2159423828125, 'median': 28.5163631439209}","(78.27142695800006, 18.455096901000047, 78.41235874700004, 18.675940208000043)",01-01-2023.geojson,Dharpally,,,,,
Nizamabad,TSSD0123,165.76,"{'min': 26.804166793823242, 'max': 29.398332595825195, 'mean': 28.29680718315972, 'count': 45, 'sum': 1273.3563232421875, 'median': 28.39080047607422}","(78.13708897600003, 18.552299339000058, 78.33103872900006, 18.67400565300005)",01-01-2023.geojson,Dichpally,,,,,
Nirmal,TSSD0124,155.33,"{'min': 23.34384536743164, 'max': 30.93720054626465, 'mean': 27.389254760742187, 'count': 40, 'sum': 1095.5701904296875, 'median': 28.199600219726562}","(78.18162478500005, 18.979193036000026, 78.31903817300008, 19.15181674400003)",01-01-2023.geojson,Dilawarpur,,,,,
Vikarabad,TSSD0125,169.11,"{'min': 28.93666648864746, 'max': 31.751667022705078, 'mean': 30.20553311434659, 'count': 44, 'sum': 1329.04345703125, 'median': 30.222900390625}","(77.75350961300006, 16.993685688000028, 77.91797159400005, 17.151011999000048)",01-01-2023.geojson,Doma,,,,,
Mahabubabad,TSSD0126,157.58,"{'min': 28.844667434692383, 'max': 29.967500686645508, 'mean': 29.462988876714938, 'count': 41, 'sum': 1207.9825439453125, 'median': 29.453332901000977}","(80.00919088400008, 17.34578428800006, 80.17130219700005, 17.498026924000044)",01-01-2023.geojson,Dornakal,,,,,
Vikarabad,TSSD0127,206.9,"{'min': 29.52833366394043, 'max': 34.024166107177734, 'mean': 31.63922119140625, 'count': 52, 'sum': 1645.239501953125, 'median': 31.507583618164062}","(77.47254906600006, 16.90300025500005, 77.65396255100006, 17.070101057000045)",01-01-2023.geojson,Doulthabad,,,,,
Siddipet,TSSD0128,239.89,"{'min': 27.64230728149414, 'max': 30.014616012573242, 'mean': 28.91093517485119, 'count': 63, 'sum': 1821.388916015625, 'median': 28.88846206665039}","(78.54681796600005, 18.097298073000047, 78.75700455300006, 18.255668025000034)",01-01-2023.geojson,Dubbak,,,,,
Warangal_Rural,TSSD0129,117.69,"{'min': 28.430908203125, 'max': 30.657272338867188, 'mean': 29.797757056451612, 'count': 31, 'sum': 923.73046875, 'median': 29.78333282470703}","(79.74503783800003, 17.911539967000067, 79.86925509200006, 18.07929052000003)",01-01-2023.geojson,Duggondi,,,,,
Bhadradri Kothagudem,TSSD0130,322.15,"{'min': 26.516956329345703, 'max': 31.008094787597656, 'mean': 29.573591902449323, 'count': 74, 'sum': 2188.44580078125, 'median': 29.798694610595703}","(80.86195260000005, 17.696811285000024, 81.09376572500008, 17.952898013000038)",01-01-2023.geojson,Dummugudem,,,,,
Medchal_Malkajgiri,TSSD0131,81.34,"{'min': 28.36840057373047, 'max': 30.3891658782959, 'mean': 29.346096801757813, 'count': 20, 'sum': 586.9219360351562, 'median': 29.187599182128906}","(78.36001430200008, 17.525573036000026, 78.50711033000005, 17.638921073000063)",01-01-2023.geojson,Dundigal Gandimaisamma,,,,,
Peddapalli,TSSD0132,76.87,"{'min': 27.360435485839844, 'max': 28.779523849487305, 'mean': 27.740123401988637, 'count': 22, 'sum': 610.28271484375, 'median': 27.717288970947266}","(79.21615438200007, 18.50700951700003, 79.32467419700004, 18.611289084000077)",01-01-2023.geojson,Eligaid,,,,,
Warangal_Urban,TSSD0133,130.61,"{'min': 26.856956481933594, 'max': 29.790908813476562, 'mean': 28.252354672080592, 'count': 38, 'sum': 1073.5894775390625, 'median': 28.256717681884766}","(79.37430346400004, 18.03182084900004, 79.56117484200007, 18.167621027000052)",01-01-2023.geojson,Elkathurthi,,,,,
Karimnagar,TSSD0134,97.13,"{'min': 27.380434036254883, 'max': 29.690000534057617, 'mean': 28.8748051570012, 'count': 26, 'sum': 750.7449340820312, 'median': 28.84103012084961}","(79.48944079000006, 18.22671351400004, 79.58025617800007, 18.37787529900004)",01-01-2023.geojson,Ellandakunta,,,,,
Khammam,TSSD0135,189.89,"{'min': 26.800588607788086, 'max': 29.903846740722656, 'mean': 29.042423023897058, 'count': 51, 'sum': 1481.16357421875, 'median': 29.21125030517578}","(80.32325062100006, 17.259354917000053, 80.50833243100004, 17.441441247000057)",01-01-2023.geojson,Enkoor,,,,,
Mulugu,TSSD0136,343.37,"{'min': 26.139333724975586, 'max': 30.91666603088379, 'mean': 27.766038977581523, 'count': 92, 'sum': 2554.4755859375, 'median': 27.64841079711914}","(80.26936561700006, 18.23370998300004, 80.49039395700004, 18.462636728000064)",01-01-2023.geojson,Eturnagaram,,,,,
Rangareddy,TSSD0137,278.36,"{'min': 30.344999313354492, 'max': 32.58217239379883, 'mean': 31.389690755208335, 'count': 75, 'sum': 2354.226806640625, 'median': 31.424165725708008}","(78.06823301000003, 16.93980447000007, 78.31577077500003, 17.115180701000043)",01-01-2023.geojson,Farooqnagar,,,,,
Adilabad,TSSD0138,227.73,"{'min': 28.06999969482422, 'max': 32.06083297729492, 'mean': 30.9611095991291, 'count': 61, 'sum': 1888.627685546875, 'median': 31.15250015258789}","(78.77129668200007, 19.52875835800006, 78.97180690400006, 19.672134552000045)",01-01-2023.geojson,Gadiguda,,,,,
Jogulamba Gadwal,TSSD0139,264.89,"{'min': 28.440908432006836, 'max': 34.93695831298828, 'mean': 30.945253208705356, 'count': 70, 'sum': 2166.167724609375, 'median': 30.49020004272461}","(77.72121964000007, 16.085291977000054, 77.93275208300008, 16.318733621000035)",01-01-2023.geojson,Gadwal,,,,,
Siddipet,TSSD0140,212.47,"{'min': 27.7052001953125, 'max': 30.27720069885254, 'mean': 29.446927584134617, 'count': 52, 'sum': 1531.240234375, 'median': 29.563600540161133}","(78.58303917400008, 17.794325789000027, 78.78577283400006, 17.975258496000038)",01-01-2023.geojson,Gajwel,,,,,
Rajanna Sircilla,TSSD0141,156.05,"{'min': 25.800769805908203, 'max': 29.846923828125, 'mean': 28.05639052972561, 'count': 41, 'sum': 1150.31201171875, 'median': 28.2015380859375}","(78.52078465300008, 18.22335373800007, 78.64656692100004, 18.42659197100005)",01-01-2023.geojson,Gambhiraopet,,,,,
Mahabubnagar,TSSD0142,228.82,"{'min': 28.25749969482422, 'max': 31.486799240112305, 'mean': 30.102618505084326, 'count': 63, 'sum': 1896.4649658203125, 'median': 30.11833381652832}","(77.73779362900007, 16.845154139000044, 77.95386938900003, 16.999075455000025)",01-01-2023.geojson,Gandeed,,,,,
Kamareddy,TSSD0143,333.76,"{'min': 27.0492000579834, 'max': 32.51076889038086, 'mean': 30.089507004310345, 'count': 87, 'sum': 2617.787109375, 'median': 30.189199447631836}","(77.92036537400008, 18.313249016000043, 78.18359844500003, 18.50402559500003)",01-01-2023.geojson,Gandhari,,,,,
Rangareddy,TSSD0144,104.67,"{'min': 24.511667251586914, 'max': 30.822500228881836, 'mean': 28.558574969951923, 'count': 26, 'sum': 742.52294921875, 'median': 29.05583381652832}","(78.22812814200006, 17.32859737600006, 78.42011614800003, 17.43391934600004)",01-01-2023.geojson,Gandipet,,,,,
Karimnagar,TSSD0145,160.18,"{'min': 28.024782180786133, 'max': 29.598695755004883, 'mean': 28.850940522693453, 'count': 42, 'sum': 1211.739501953125, 'median': 28.84027099609375}","(78.94956144100007, 18.417228382000076, 79.08057825900005, 18.682963267000048)",01-01-2023.geojson,Gangadhara,,,,,
Mahabubabad,TSSD0146,388.97,"{'min': 25.476316452026367, 'max': 30.875, 'mean': 28.278299184945915, 'count': 104, 'sum': 2940.943115234375, 'median': 28.1922607421875}","(80.09945621800006, 17.703358498000057, 80.32312548900006, 18.023583650000035)",01-01-2023.geojson,Gangaram,,,,,
Karimnagar,TSSD0147,128.88,"{'min': 24.14384651184082, 'max': 29.62615394592285, 'mean': 27.513612689393938, 'count': 33, 'sum': 907.94921875, 'median': 28.04759979248047}","(79.00593677600006, 18.285893647000023, 79.15761711400006, 18.42386993300005)",01-01-2023.geojson,Ganneruvaram,,,,,
Suryapet,TSSD0148,196.75,"{'min': 26.154544830322266, 'max': 28.969999313354492, 'mean': 27.311251126802883, 'count': 52, 'sum': 1420.18505859375, 'median': 27.248611450195312}","(79.69899423300006, 16.791794304000064, 79.84726513600003, 16.996734263000064)",01-01-2023.geojson,Garidepalli,,,,,
Mahabubabad,TSSD0149,134.15,"{'min': 28.009000778198242, 'max': 30.380525588989258, 'mean': 29.174054827008927, 'count': 35, 'sum': 1021.0919189453125, 'median': 29.238000869750977}","(80.09119141800005, 17.438011174000053, 80.22850494600004, 17.593396365000046)",01-01-2023.geojson,Garla,,,,,
Warangal_Rural,TSSD0150,134.93,"{'min': 29.174346923828125, 'max': 30.661304473876953, 'mean': 29.884779575892857, 'count': 35, 'sum': 1045.96728515625, 'median': 29.885833740234375}","(79.61786745500007, 17.897533089000035, 79.78756875100004, 18.025592932000052)",01-01-2023.geojson,Geesugonda,,,,,
Jayashankar Bhupalpally,TSSD0151,135.95,"{'min': 26.077499389648438, 'max': 30.536666870117188, 'mean': 29.320556640625, 'count': 37, 'sum': 1084.860595703125, 'median': 29.692607879638672}","(79.80756877900006, 18.262592781000023, 79.95276371100005, 18.417946673000074)",01-01-2023.geojson,Ghanapur_Mulug,,,,,
Wanaparthy,TSSD0152,155.07,"{'min': 28.436086654663086, 'max': 31.50666618347168, 'mean': 30.30535888671875, 'count': 38, 'sum': 1151.6036376953125, 'median': 30.368749618530273}","(77.98310490100005, 16.47901398600004, 78.12571646600009, 16.626992442000073)",01-01-2023.geojson,Ghanpur,,,,,
Jangoan,TSSD0153,172.06,"{'min': 26.912609100341797, 'max': 29.96478271484375, 'mean': 28.933070203993054, 'count': 45, 'sum': 1301.9881591796875, 'median': 29.07347869873047}","(79.23152818800008, 17.720237033000046, 79.42362870100004, 17.892366453000022)",01-01-2023.geojson,Ghanpur (Stn),,,,,
Medchal_Malkajgiri,TSSD0154,123.94,"{'min': 27.058799743652344, 'max': 30.75079917907715, 'mean': 29.520897649949596, 'count': 31, 'sum': 915.1478271484375, 'median': 29.675600051879883}","(78.61964476900005, 17.377866780000033, 78.75985781500003, 17.488422350000064)",01-01-2023.geojson,Ghatkesar,,,,,
Jogulamba Gadwal,TSSD0155,267.38,"{'min': 27.869131088256836, 'max': 33.17416763305664, 'mean': 31.265776298415492, 'count': 71, 'sum': 2219.8701171875, 'median': 31.389129638671875}","(77.49353266000008, 15.976683508000065, 77.64425295800004, 16.21363012000006)",01-01-2023.geojson,Ghattu,,,,,
Hyderabad,TSSD0156,9.86,"{'min': 29.292400360107422, 'max': 29.49880027770996, 'mean': 29.395599365234375, 'count': 2, 'sum': 58.79119873046875, 'median': 29.395599365234375}","(78.38383245800003, 17.369513270000027, 78.43137261900006, 17.39634099500006)",01-01-2023.geojson,Golkonda,,,,,
Jagtial,TSSD0157,151.75,"{'min': 27.537826538085938, 'max': 29.086362838745117, 'mean': 28.256504603794642, 'count': 42, 'sum': 1186.773193359375, 'median': 28.26681900024414}","(78.95794203800006, 18.74532743900005, 79.15334781300004, 18.85190287000006)",01-01-2023.geojson,Gollapalli,,,,,
Wanaparthy,TSSD0158,125.4,"{'min': 28.916955947875977, 'max': 31.756956100463867, 'mean': 30.50595703125, 'count': 35, 'sum': 1067.70849609375, 'median': 30.489999771118164}","(78.08591650400007, 16.328531611000074, 78.20166738400007, 16.47124508400003)",01-01-2023.geojson,Gopalpet,,,,,
Mulugu,TSSD0159,343.34,"{'min': 26.155555725097656, 'max': 31.04199981689453, 'mean': 28.390453296703296, 'count': 91, 'sum': 2583.53125, 'median': 28.098421096801758}","(79.99281799200008, 18.08316615600006, 80.26935217700003, 18.29768950400006)",01-01-2023.geojson,Govindaraopet,,,,,
Adilabad,TSSD0160,159.79,"{'min': 28.609130859375, 'max': 31.898181915283203, 'mean': 29.955322265625, 'count': 39, 'sum': 1168.257568359375, 'median': 29.876087188720703}","(78.44054848400003, 19.441831296000146, 78.58019452000008, 19.607753279000065)",01-01-2023.geojson,Gudihathnur,,,,,
Mahabubabad,TSSD0161,312.8,"{'min': 26.700475692749023, 'max': 29.865238189697266, 'mean': 28.600026200457318, 'count': 82, 'sum': 2345.2021484375, 'median': 28.763608932495117}","(79.87550272900006, 17.686846624000054, 80.15255229900004, 17.87590134000004)",01-01-2023.geojson,Gudur,,,,,
Sangareddy,TSSD0162,98.98,"{'min': 27.896400451660156, 'max': 30.438800811767578, 'mean': 29.0413232421875, 'count': 25, 'sum': 726.0330810546875, 'median': 29.02359962463379}","(78.31472103200008, 17.61424192000004, 78.44886573200006, 17.746359040000073)",01-01-2023.geojson,Gummadidala,,,,,
Bhadradri Kothagudem,TSSD0163,495.92,"{'min': 26.104736328125, 'max': 31.46238136291504, 'mean': 29.007370457504734, 'count': 132, 'sum': 3828.972900390625, 'median': 29.281999588012695}","(80.25193695800004, 17.734911501000056, 80.47191641100005, 18.082237242000076)",01-01-2023.geojson,Gundala,,,,,
Yadadri Bhuvanagiri,TSSD0164,172.25,"{'min': 28.36840057373047, 'max': 30.556087493896484, 'mean': 29.563471013849433, 'count': 44, 'sum': 1300.792724609375, 'median': 29.60608673095703}","(79.14910012700005, 17.45209845900007, 79.37870067300008, 17.62417806900004)",01-01-2023.geojson,Gundala,,,,,
Nalgonda,TSSD0165,263.41,"{'min': 27.27560043334961, 'max': 31.74217414855957, 'mean': 30.28448486328125, 'count': 68, 'sum': 2059.344970703125, 'median': 30.240434646606445}","(78.61528553800008, 16.514907610000023, 78.85800945400007, 16.715959889000032)",01-01-2023.geojson,Gundlapally,,,,,
Nalgonda,TSSD0166,309.8,"{'min': 28.479564666748047, 'max': 31.611738204956055, 'mean': 30.606665634527438, 'count': 82, 'sum': 2509.74658203125, 'median': 30.778675079345703}","(78.99484315300003, 16.723799824000025, 79.20953000900005, 16.93974487500003)",01-01-2023.geojson,Gurrampode,,,,,
Mancherial,TSSD0167,257.54,"{'min': 25.96826171875, 'max': 31.14727210998535, 'mean': 29.06797398158482, 'count': 70, 'sum': 2034.7581787109375, 'median': 29.133499145507812}","(79.26565732000006, 18.814436070000056, 79.42256325600005, 19.008309308000037)",01-01-2023.geojson,Hajipur,,,,,
Warangal_Urban,TSSD0168,45.74,"{'min': 27.52519989013672, 'max': 29.350799560546875, 'mean': 28.724077860514324, 'count': 12, 'sum': 344.6889343261719, 'median': 28.821048736572266}","(79.50733597600004, 17.982258095000077, 79.59918790600005, 18.051422419000062)",01-01-2023.geojson,Hanamkonda,,,,,
Mahabubnagar,TSSD0169,168.92,"{'min': 29.15250015258789, 'max': 31.217500686645508, 'mean': 30.162819602272727, 'count': 44, 'sum': 1327.1640625, 'median': 30.255416870117188}","(77.76252807700007, 16.752192707000063, 77.98873493800005, 16.893183992000047)",01-01-2023.geojson,Hanwada,,,,,
Warangal_Urban,TSSD0170,161.17,"{'min': 26.921199798583984, 'max': 30.162174224853516, 'mean': 28.61918604651163, 'count': 43, 'sum': 1230.625, 'median': 28.65521812438965}","(79.43172067800003, 17.991968021000048, 79.62513964800007, 18.143584798000063)",01-01-2023.geojson,Hasanparthy,,,,,
Sangareddy,TSSD0171,204.77,"{'min': 28.221200942993164, 'max': 30.2549991607666, 'mean': 29.363865443638392, 'count': 56, 'sum': 1644.37646484375, 'median': 29.355201721191406}","(78.10555045300003, 17.63393108100007, 78.31945472700005, 17.83424511100003)",01-01-2023.geojson,Hathnoora,,,,,
Medak,TSSD0172,187.01,"{'min': 24.81800079345703, 'max': 29.645999908447266, 'mean': 27.96159621904481, 'count': 53, 'sum': 1481.964599609375, 'median': 28.237199783325195}","(78.15651423700007, 18.05332005300005, 78.35309415700004, 18.215476757000033)",01-01-2023.geojson,Havelighanpur,,,,,
Rangareddy,TSSD0173,30.54,"{'min': 29.094165802001953, 'max': 30.25083351135254, 'mean': 29.684844970703125, 'count': 9, 'sum': 267.1636047363281, 'median': 29.594165802001953}","(78.52755004100004, 17.306583933000013, 78.61900574700013, 17.348163568000075)",01-01-2023.geojson,Hayathnagar,,,,,
Hyderabad,TSSD0174,6.58,"{'min': 27.56999969482422, 'max': 28.10615348815918, 'mean': 27.838077545166016, 'count': 2, 'sum': 55.67615509033203, 'median': 27.838077545166016}","(78.47360807500007, 17.38688961500003, 78.50484873500005, 17.421948936000035)",01-01-2023.geojson,Himayatnagar,,,,,
Siddipet,TSSD0175,117.52,"{'min': 27.866666793823242, 'max': 30.057199478149414, 'mean': 28.973526493195564, 'count': 31, 'sum': 898.1793212890625, 'median': 29.003334045410156}","(79.13916242100004, 18.08470961100005, 79.30335584600004, 18.180728988000055)",01-01-2023.geojson,Husnabad,,,,,
Suryapet,TSSD0176,126.8,"{'min': 26.620908737182617, 'max': 28.875, 'mean': 27.37320038766572, 'count': 33, 'sum': 903.3156127929688, 'median': 27.264545440673828}","(79.76496890800007, 16.81112220400007, 79.93455343000005, 16.95645507200004)",01-01-2023.geojson,Huzur nagar,,,,,
Karimnagar,TSSD0177,138.33,"{'min': 27.005455017089844, 'max': 29.11190414428711, 'mean': 27.703357272677952, 'count': 36, 'sum': 997.3208618164062, 'median': 27.58084487915039}","(79.33974401500006, 18.149110196000038, 79.48471113900007, 18.285271040000055)",01-01-2023.geojson,Huzurabad,,,,,
Jagtial,TSSD0178,142.28,"{'min': 27.690000534057617, 'max': 29.003999710083008, 'mean': 28.29218354096284, 'count': 37, 'sum': 1046.810791015625, 'median': 28.251052856445312}","(78.51963186500006, 18.84352731300004, 78.64824793900004, 19.00011807900006)",01-01-2023.geojson,Ibrahimpatnam,,,,,
Rangareddy,TSSD0179,274.25,"{'min': 27.530799865722656, 'max': 31.825834274291992, 'mean': 30.370235866970486, 'count': 72, 'sum': 2186.656982421875, 'median': 30.589149475097656}","(78.51594250300008, 17.11693136100007, 78.81737317200003, 17.26846339900004)",01-01-2023.geojson,Ibrahimpatnam,,,,,
Adilabad,TSSD0180,211.85,"{'min': 28.280475616455078, 'max': 31.67909049987793, 'mean': 30.527483258928573, 'count': 56, 'sum': 1709.5390625, 'median': 30.644092559814453}","(78.40972741900003, 19.27144580600003, 78.59073863400005, 19.476086989000066)",01-01-2023.geojson,Ichoda,,,,,
Rajanna Sircilla,TSSD0181,222.52,"{'min': 26.094999313354492, 'max': 30.806800842285156, 'mean': 29.01379815463362, 'count': 58, 'sum': 1682.80029296875, 'median': 28.991199493408203}","(78.82265059000008, 18.234493222000026, 79.02266919100003, 18.400162883000064)",01-01-2023.geojson,Illanthakunta,,,,,
Warangal_Urban,TSSD0182,154.53,"{'min': 28.424545288085938, 'max': 30.3630428314209, 'mean': 29.39475348056891, 'count': 39, 'sum': 1146.3953857421875, 'median': 29.308095932006836}","(79.48651884400005, 17.786163054000042, 79.62215459200007, 17.94046736200005)",01-01-2023.geojson,Inavolu,,,,,
Nizamabad,TSSD0183,187.42,"{'min': 27.610000610351562, 'max': 29.58217430114746, 'mean': 28.385774573501276, 'count': 49, 'sum': 1390.9029541015625, 'median': 28.35333251953125}","(78.16214130800006, 18.452259628000036, 78.35381027700004, 18.595203980000065)",01-01-2023.geojson,Indalwai,,,,,
Adilabad,TSSD0184,209.33,"{'min': 28.849090576171875, 'max': 31.974544525146484, 'mean': 30.296513310185187, 'count': 54, 'sum': 1636.01171875, 'median': 30.367727279663086}","(78.56653272500006, 19.379057926000144, 78.76792306800007, 19.567601660000037)",01-01-2023.geojson,Inderavelly,,,,,
Jogulamba Gadwal,TSSD0185,302.11,"{'min': 28.83416748046875, 'max': 35.086666107177734, 'mean': 32.134724934895836, 'count': 78, 'sum': 2506.508544921875, 'median': 31.969566345214844}","(77.74751634700004, 15.980643073000067, 77.98393237000005, 16.184409668000058)",01-01-2023.geojson,Itikyal,,,,,
Mahabubnagar,TSSD0186,294.27,"{'min': 28.691740036010742, 'max': 32.58833312988281, 'mean': 31.52724609375, 'count': 75, 'sum': 2364.54345703125, 'median': 31.543333053588867}","(78.04502359400004, 16.680028693000054, 78.33050907800003, 16.87941384800007)",01-01-2023.geojson,Jadcherla,,,,,
Siddipet,TSSD0187,180.4,"{'min': 29.02666664123535, 'max': 30.97916603088379, 'mean': 30.070574079241073, 'count': 49, 'sum': 1473.4581298828125, 'median': 30.08416748046875}","(78.75126357400006, 17.708628498000053, 78.87944648100006, 17.882764563000023)",01-01-2023.geojson,Jagdevpur,,,,,
Jagtial,TSSD0188,167.3,"{'min': 27.561304092407227, 'max': 28.742380142211914, 'mean': 28.07711514559659, 'count': 44, 'sum': 1235.39306640625, 'median': 28.00884246826172}","(78.83197213700004, 18.733277460000068, 79.02319924200003, 18.91632891000006)",01-01-2023.geojson,Jagityal_Rural,,,,,
Jagtial,TSSD0189,42.64,"{'min': 27.79380989074707, 'max': 29.09181785583496, 'mean': 28.326919555664062, 'count': 12, 'sum': 339.92303466796875, 'median': 28.27145004272461}","(78.86249569300008, 18.75130130900004, 78.95751334400006, 18.846050929000057)",01-01-2023.geojson,Jagtial,,,,,
Adilabad,TSSD0190,292.5,"{'min': 27.200000762939453, 'max': 31.672727584838867, 'mean': 29.634651280656644, 'count': 79, 'sum': 2341.137451171875, 'median': 29.393529891967773}","(78.48221105400006, 19.607848390000072, 78.72451328000005, 19.824464031000048)",01-01-2023.geojson,Jainad,,,,,
Kumurambheem Asifabad,TSSD0191,218.89,"{'min': 29.063913345336914, 'max': 31.950952529907227, 'mean': 30.407754832300647, 'count': 58, 'sum': 1763.6497802734375, 'median': 30.42316246032715}","(78.81724445500004, 19.330609164000066, 79.02370996100007, 19.493592587000023)",01-01-2023.geojson,Jainoor,,,,,
Mancherial,TSSD0192,276.43,"{'min': 27.092857360839844, 'max': 30.490951538085938, 'mean': 28.858794341216218, 'count': 74, 'sum': 2135.55078125, 'median': 28.66318130493164}","(79.49531298200003, 18.672040560000028, 79.72117428100006, 18.918660784000053)",01-01-2023.geojson,Jaipur,,,,,
Suryapet,TSSD0193,133.29,"{'min': 27.318695068359375, 'max': 29.553810119628906, 'mean': 28.493474786931817, 'count': 33, 'sum': 940.28466796875, 'median': 28.50090980529785}","(79.46290112300005, 17.258733534000044, 79.63232247300004, 17.380224128000066)",01-01-2023.geojson,Jajireddigudem,,,,,
Nizamabad,TSSD0194,148.29,"{'min': 27.474166870117188, 'max': 29.187599182128906, 'mean': 28.349214993990383, 'count': 39, 'sum': 1105.619384765625, 'median': 28.306922912597656}","(78.20206317300006, 18.65066335100005, 78.36254571500007, 18.77647975900004)",01-01-2023.geojson,Jakranpally,,,,,
Karimnagar,TSSD0195,134.59,"{'min': 27.21636390686035, 'max': 29.473478317260742, 'mean': 28.58224209872159, 'count': 33, 'sum': 943.2139892578125, 'median': 28.73086929321289}","(79.40829887400008, 18.227515953000022, 79.57987678900008, 18.423882431000038)",01-01-2023.geojson,Jammikunta,,,,,
Jangoan,TSSD0196,196.46,"{'min': 28.41782569885254, 'max': 30.678695678710938, 'mean': 29.514905894886365, 'count': 55, 'sum': 1623.31982421875, 'median': 29.534347534179688}","(79.04601963500005, 17.668628100000035, 79.21037403500003, 17.842303224000034)",01-01-2023.geojson,Jangoan,,,,,
Mancherial,TSSD0197,325.26,"{'min': 26.383684158325195, 'max': 30.608999252319336, 'mean': 28.05993512033046, 'count': 87, 'sum': 2441.21435546875, 'median': 27.80666732788086}","(78.87934684700008, 19.019900233000044, 79.14171378500004, 19.252420733000065)",01-01-2023.geojson,Jannaram,,,,,
Sangareddy,TSSD0198,201.74,"{'min': 31.233333587646484, 'max': 33.51240158081055, 'mean': 32.49761510778357, 'count': 54, 'sum': 1754.8712158203125, 'median': 32.549949645996094}","(77.61983002400007, 17.658920608000074, 77.80166598000005, 17.830565180000065)",01-01-2023.geojson,Jharasangam,,,,,
Kamareddy,TSSD0199,202.26,"{'min': 27.874614715576172, 'max': 32.160770416259766, 'mean': 30.077387791053923, 'count': 51, 'sum': 1533.94677734375, 'median': 30.1784610748291}","(77.52089201100006, 18.28200709200007, 77.71327737400003, 18.44419848700005)",01-01-2023.geojson,Jukkal,,,,,
Peddapalli,TSSD0200,99.87,"{'min': 26.963912963867188, 'max': 29.055713653564453, 'mean': 28.185361328125, 'count': 25, 'sum': 704.634033203125, 'median': 28.222381591796875}","(79.18432516400003, 18.56760788400004, 79.32424630400004, 18.684515247000036)",01-01-2023.geojson,Julapalli,,,,,
Bhadradri Kothagudem,TSSD0201,238.74,"{'min': 25.071250915527344, 'max': 30.44300079345703, 'mean': 29.130894252232142, 'count': 63, 'sum': 1835.246337890625, 'median': 29.413530349731445}","(80.39497889400008, 17.31732979800006, 80.57083109400008, 17.508103492000032)",01-01-2023.geojson,Julurupad,,,,,
Nirmal,TSSD0202,468.09,"{'min': 24.990869522094727, 'max': 30.35444450378418, 'mean': 27.8389375, 'count': 125, 'sum': 3479.8671875, 'median': 27.516315460205078}","(78.69038218300005, 19.013677769000026, 78.95237500500008, 19.29677890000005)",01-01-2023.geojson,Kaddampeddur,,,,,
Rangareddy,TSSD0203,206.42,"{'min': 27.889999389648438, 'max': 31.419599533081055, 'mean': 30.340684678819443, 'count': 54, 'sum': 1638.39697265625, 'median': 30.587783813476562}","(78.39963638200004, 16.889455397000063, 78.66726844000004, 17.01510399700004)",01-01-2023.geojson,Kadthal,,,,,
Kumurambheem Asifabad,TSSD0204,442.33,"{'min': 26.03117561340332, 'max': 31.678571701049805, 'mean': 28.90429266567888, 'count': 116, 'sum': 3352.89794921875, 'median': 28.99114227294922}","(79.37624127800007, 19.26380363800007, 79.74691375500004, 19.538272434000078)",01-01-2023.geojson,Kagaznagar,,,,,
Sangareddy,TSSD0205,148.77,"{'min': 24.589231491088867, 'max': 30.233200073242188, 'mean': 29.02287993559966, 'count': 37, 'sum': 1073.8465576171875, 'median': 29.45639991760254}","(77.76680836100007, 18.084424897000076, 77.94552432200004, 18.20773521800004)",01-01-2023.geojson,Kalher,,,,,
Khammam,TSSD0206,369.38,"{'min': 24.166471481323242, 'max': 29.87299919128418, 'mean': 27.467271741929945, 'count': 91, 'sum': 2499.521728515625, 'median': 27.78874969482422}","(80.41727157700007, 17.030005989000074, 80.66704650100007, 17.34559519800007)",01-01-2023.geojson,Kalluru,,,,,
Jogulamba Gadwal,TSSD0207,176.12,"{'min': 30.315217971801758, 'max': 32.84280014038086, 'mean': 31.76775444878472, 'count': 45, 'sum': 1429.5489501953125, 'median': 31.766521453857422}","(77.48561464400007, 16.116851987000075, 77.61961696400004, 16.303990486000032)",01-01-2023.geojson,Kaloor_Thimmandoddi,,,,,
Nagarkurnool,TSSD0208,291.99,"{'min': 29.640399932861328, 'max': 31.70840072631836, 'mean': 30.60175845497533, 'count': 76, 'sum': 2325.733642578125, 'median': 30.53583335876465}","(78.36374511900004, 16.483303271000068, 78.58638191300008, 16.728683611000065)",01-01-2023.geojson,Kalwakurthy,,,,,
Warangal_Urban,TSSD0209,158.52,"{'min': 25.681304931640625, 'max': 29.211904525756836, 'mean': 27.99876476469494, 'count': 42, 'sum': 1175.9481201171875, 'median': 28.273273468017578}","(79.45670027600005, 18.120212555000023, 79.60823806600007, 18.266255774000058)",01-01-2023.geojson,Kamalapur,,,,,
Peddapalli,TSSD0210,60.42,"{'min': 27.507999420166016, 'max': 30.194761276245117, 'mean': 28.405069986979168, 'count': 15, 'sum': 426.0760498046875, 'median': 28.115999221801758}","(79.44875966900008, 18.60172770400004, 79.55246524200004, 18.72207649300003)",01-01-2023.geojson,Kamanpur,,,,,
Kamareddy,TSSD0211,128.44,"{'min': 27.557199478149414, 'max': 31.357200622558594, 'mean': 29.540101892807904, 'count': 34, 'sum': 1004.3634643554688, 'median': 29.516738891601562}","(78.28734170500007, 18.25636160700003, 78.42834563700006, 18.390731163000055)",01-01-2023.geojson,Kamareddy,,,,,
Khammam,TSSD0212,181.36,"{'min': 27.57526397705078, 'max': 30.14894676208496, 'mean': 29.274035395408163, 'count': 49, 'sum': 1434.427734375, 'median': 29.35210609436035}","(80.15945686500004, 17.360238606000053, 80.35567105000007, 17.479176385000073)",01-01-2023.geojson,Kamepally,,,,,
Nalgonda,TSSD0213,224.78,"{'min': 26.907390594482422, 'max': 30.569129943847656, 'mean': 28.512772409539473, 'count': 57, 'sum': 1625.22802734375, 'median': 28.42523765563965}","(79.08479661000007, 16.864916728000026, 79.34770917300006, 17.030184575000078)",01-01-2023.geojson,Kanagal,,,,,
Sangareddy,TSSD0214,133.14,"{'min': 29.633333206176758, 'max': 32.849998474121094, 'mean': 31.024678548177082, 'count': 36, 'sum': 1116.888427734375, 'median': 30.874584197998047}","(78.05577804100005, 17.483520140000053, 78.23367294200006, 17.655179960000055)",01-01-2023.geojson,Kandi,,,,,
Rangareddy,TSSD0215,307.2,"{'min': 29.28565216064453, 'max': 31.688400268554688, 'mean': 30.66054254845728, 'count': 79, 'sum': 2422.182861328125, 'median': 30.626667022705078}","(78.37786338200004, 16.983478904000037, 78.61378330000008, 17.178800228000057)",01-01-2023.geojson,Kandukur,,,,,
Sangareddy,TSSD0216,229.57,"{'min': 29.51615333557129, 'max': 34.25583267211914, 'mean': 32.59733969478284, 'count': 59, 'sum': 1923.2430419921875, 'median': 32.806922912597656}","(77.57077416300007, 18.120266103000063, 77.74494665400005, 18.30851545200005)",01-01-2023.geojson,Kangti,,,,,
Mulugu,TSSD0217,375.33,"{'min': 25.342632293701172, 'max': 29.80181884765625, 'mean': 26.95608580346201, 'count': 102, 'sum': 2749.520751953125, 'median': 26.65926170349121}","(80.21744759700005, 18.35017838500005, 80.43136112100007, 18.610090848000027)",01-01-2023.geojson,Kannaigudem,,,,,
Mancherial,TSSD0218,169.42,"{'min': 26.773157119750977, 'max': 31.330909729003906, 'mean': 30.044497282608695, 'count': 46, 'sum': 1382.046875, 'median': 30.243484497070312}","(79.54341301, 19.086726224000074, 79.80515899400007, 19.21311288000004)",01-01-2023.geojson,Kannepalli,,,,,
Medchal_Malkajgiri,TSSD0219,37.4,"{'min': 28.960399627685547, 'max': 29.991666793823242, 'mean': 29.33493596857244, 'count': 11, 'sum': 322.6842956542969, 'median': 29.3700008392334}","(78.53993706400007, 17.44957181700005, 78.62275029699998, 17.55306448500005)",01-01-2023.geojson,Kapra,,,,,
Bhadradri Kothagudem,TSSD0220,222.05,"{'min': 25.7549991607666, 'max': 30.682632446289062, 'mean': 28.731422161233837, 'count': 58, 'sum': 1666.4224853515625, 'median': 29.18055534362793}","(80.43846561000004, 17.91182510400006, 80.64919648500006, 18.143483696000033)",01-01-2023.geojson,Karakagudem,,,,,
Karimnagar,TSSD0221,34.8,"{'min': 25.235599517822266, 'max': 29.9148006439209, 'mean': 27.98949432373047, 'count': 8, 'sum': 223.91595458984375, 'median': 28.481199264526367}","(79.07978481800006, 18.39706940700006, 79.15386183100003, 18.460363398000027)",01-01-2023.geojson,Karimnagar,,,,,
Karimnagar,TSSD0222,108.97,"{'min': 27.694347381591797, 'max': 30.100435256958008, 'mean': 28.932747977120535, 'count': 28, 'sum': 810.116943359375, 'median': 29.024784088134766}","(79.11435933800004, 18.420124626000074, 79.23690609300007, 18.537991315000056)",01-01-2023.geojson,Karimnagar_Rural,,,,,
Mancherial,TSSD0223,335.72,"{'min': 26.6490478515625, 'max': 31.34181785583496, 'mean': 29.326860894097223, 'count': 90, 'sum': 2639.41748046875, 'median': 29.487728118896484}","(79.21160353400006, 18.98447436300006, 79.48608882700012, 19.158965162000072)",01-01-2023.geojson,Kasipet,,,,,
Jayashankar Bhupalpally,TSSD0224,274.84,"{'min': 26.55500030517578, 'max': 31.037368774414062, 'mean': 29.20249625428082, 'count': 73, 'sum': 2131.7822265625, 'median': 29.55699920654297}","(79.81231549100005, 18.510496689000036, 80.03347280200006, 18.756648708000057)",01-01-2023.geojson,Kataram,,,,,
Jagtial,TSSD0225,181.36,"{'min': 27.360435485839844, 'max': 29.15959930419922, 'mean': 28.09815751745346, 'count': 47, 'sum': 1320.6134033203125, 'median': 28.056087493896484}","(78.63177820100003, 18.63224633300007, 78.76086174700004, 18.789508428000033)",01-01-2023.geojson,Kathlapur,,,,,
Nalgonda,TSSD0226,192.46,"{'min': 27.446521759033203, 'max': 30.216957092285156, 'mean': 28.766237842793366, 'count': 49, 'sum': 1409.545654296875, 'median': 28.854761123657227}","(79.24206770600006, 17.11172541600007, 79.38446925700003, 17.291596570000024)",01-01-2023.geojson,Kattangur,,,,,
Medchal_Malkajgiri,TSSD0227,134.6,"{'min': 28.746000289916992, 'max': 30.512500762939453, 'mean': 29.71930609809028, 'count': 36, 'sum': 1069.89501953125, 'median': 29.77916717529297}","(78.58185183200004, 17.451533257000108, 78.71265088600006, 17.579974081000103)",01-01-2023.geojson,Keesara,,,,,
Kumurambheem Asifabad,TSSD0228,347.89,"{'min': 28.206363677978516, 'max': 32.29571533203125, 'mean': 30.35653116414835, 'count': 91, 'sum': 2762.4443359375, 'median': 30.4757137298584}","(78.93889619900006, 19.359033433000036, 79.22333654800008, 19.56146381700006)",01-01-2023.geojson,Kerameri,,,,,
Mahabubabad,TSSD0229,223.57,"{'min': 27.88777732849121, 'max': 29.41666603088379, 'mean': 28.624301843475877, 'count': 57, 'sum': 1631.585205078125, 'median': 28.658889770507812}","(79.76580500600005, 17.60004913100005, 80.002845149, 17.77047760000005)",01-01-2023.geojson,Kesamudram,,,,,
Rangareddy,TSSD0230,224.92,"{'min': 29.8164005279541, 'max': 32.21500015258789, 'mean': 31.379742431640626, 'count': 60, 'sum': 1882.7845458984375, 'median': 31.435449600219727}","(78.24782720400003, 16.852182651000078, 78.41558469000006, 17.051382707000073)",01-01-2023.geojson,Keshampeta,,,,,
Nalgonda,TSSD0231,147.6,"{'min': 25.043912887573242, 'max': 30.81999969482422, 'mean': 28.681177383814102, 'count': 39, 'sum': 1118.56591796875, 'median': 28.62714195251465}","(79.43344777400006, 17.072395302000075, 79.59338210900006, 17.250148180000053)",01-01-2023.geojson,Kethepally,,,,,
Warangal_Urban,TSSD0232,107.02,"{'min': 28.58916664123535, 'max': 30.00043487548828, 'mean': 29.294951262297452, 'count': 27, 'sum': 790.9636840820312, 'median': 29.35454559326172}","(79.43206155600006, 17.908547911000028, 79.58935561300007, 18.00993669500002)",01-01-2023.geojson,Khaazipet,,,,,
Hyderabad,TSSD0233,17.24,"{'min': 25.994800567626953, 'max': 29.304399490356445, 'mean': 27.8182373046875, 'count': 4, 'sum': 111.27294921875, 'median': 27.98687744140625}","(78.40497752100003, 17.40010627500004, 78.47749341400004, 17.45407132100007)",01-01-2023.geojson,Khairatabad,,,,,
Khammam,TSSD0234,193.74,"{'min': 29.152856826782227, 'max': 30.766666412353516, 'mean': 29.9302783203125, 'count': 50, 'sum': 1496.513916015625, 'median': 29.995046615600586}","(80.01676642200005, 17.178663853000046, 80.16691561700003, 17.394157440000072)",01-01-2023.geojson,Khammam_Rural,,,,,
Khammam,TSSD0235,92.31,"{'min': 29.060476303100586, 'max': 30.32900047302246, 'mean': 29.6749267578125, 'count': 23, 'sum': 682.5233154296875, 'median': 29.725000381469727}","(80.12187342100003, 17.179281596000067, 80.21584618000009, 17.31547050200004)",01-01-2023.geojson,Khammam_Urban,,,,,
Nirmal,TSSD0236,237.88,"{'min': 25.577272415161133, 'max': 30.018999099731445, 'mean': 28.23198699951172, 'count': 64, 'sum': 1806.84716796875, 'median': 28.033161163330078}","(78.50897303500005, 18.978111671000022, 78.74854953300007, 19.202461990000074)",01-01-2023.geojson,Khanapur,,,,,
Warangal_Rural,TSSD0237,139.46,"{'min': 26.989166259765625, 'max': 30.023332595825195, 'mean': 28.918636745876736, 'count': 36, 'sum': 1041.0709228515625, 'median': 28.899978637695312}","(79.88459942400004, 17.83523181700002, 80.00451405900003, 18.01960718500004)",01-01-2023.geojson,Khanapur,,,,,
Warangal_Urban,TSSD0238,81.36,"{'min': 28.959091186523438, 'max': 30.116086959838867, 'mean': 29.551449862393465, 'count': 22, 'sum': 650.1318969726562, 'median': 29.542991638183594}","(79.55364750200005, 17.86915675800003, 79.65825854800005, 17.98640269400005)",01-01-2023.geojson,Khila Warangal,,,,,
Suryapet,TSSD0239,172.15,"{'min': 27.25, 'max': 29.341428756713867, 'mean': 28.26692127046131, 'count': 42, 'sum': 1187.210693359375, 'median': 28.158750534057617}","(79.91293512200008, 16.880339314000025, 80.06097163900006, 17.02691814700006)",01-01-2023.geojson,Kodad,,,,,
Nagarkurnool,TSSD0240,205.2,"{'min': 28.160400390625, 'max': 32.44166564941406, 'mean': 30.760823567708332, 'count': 54, 'sum': 1661.08447265625, 'median': 30.81999969482422}","(78.16474055700007, 16.14974309100006, 78.34461354300004, 16.333836054000074)",01-01-2023.geojson,Kodair,,,,,
Vikarabad,TSSD0241,249.51,"{'min': 29.173200607299805, 'max': 34.02916717529297, 'mean': 32.06012321920956, 'count': 68, 'sum': 2180.08837890625, 'median': 32.26374816894531}","(77.46259225600005, 17.020933969000055, 77.71683994900008, 17.17841245900007)",01-01-2023.geojson,Kodangal,,,,,
Jagtial,TSSD0242,173.87,"{'min': 27.377273559570312, 'max': 29.04652214050293, 'mean': 28.206486002604166, 'count': 45, 'sum': 1269.2918701171875, 'median': 28.1733341217041}","(78.78718529200006, 18.563739734000023, 78.98850070800006, 18.686862396000038)",01-01-2023.geojson,Kodimial,,,,,
Siddipet,TSSD0243,206.41,"{'min': 26.39666748046875, 'max': 30.520435333251953, 'mean': 29.1922114445613, 'count': 52, 'sum': 1517.9949951171875, 'median': 29.361835479736328}","(79.00475320700008, 18.075903099000072, 79.16300517000008, 18.272269959000027)",01-01-2023.geojson,Koheda,,,,,
Sangareddy,TSSD0244,227.62,"{'min': 30.30500030517578, 'max': 32.88999938964844, 'mean': 31.635100801112287, 'count': 59, 'sum': 1866.470947265625, 'median': 31.60416603088379}","(77.59549222600003, 17.509127681000052, 77.78321894100003, 17.705224807000036)",01-01-2023.geojson,Kohir,,,,,
Mahabubnagar,TSSD0245,223.05,"{'min': 28.054166793823242, 'max': 32.27560043334961, 'mean': 30.429839035560345, 'count': 58, 'sum': 1764.9306640625, 'median': 30.46291732788086}","(77.67537161200005, 16.697912056000064, 77.90854289100008, 16.881360866000023)",01-01-2023.geojson,Koilkonda,,,,,
Nagarkurnool,TSSD0246,550.84,"{'min': 25.84478187561035, 'max': 32.71434783935547, 'mean': 29.49967078006629, 'count': 132, 'sum': 3893.95654296875, 'median': 29.794517517089844}","(78.21815549000007, 16.033659166000064, 78.66318925900003, 16.216795599000022)",01-01-2023.geojson,Kollapur,,,,,
Siddipet,TSSD0247,70.37,"{'min': 28.197999954223633, 'max': 30.04360008239746, 'mean': 29.343950059678818, 'count': 18, 'sum': 528.1911010742188, 'median': 29.42469024658203}","(78.82737597900007, 17.86888004900004, 78.93496047300005, 17.983517422000034)",01-01-2023.geojson,Komuravelli,,,,,
Rajanna Sircilla,TSSD0248,206.05,"{'min': 27.150800704956055, 'max': 30.53499984741211, 'mean': 28.88011791087963, 'count': 54, 'sum': 1559.5263671875, 'median': 28.932886123657227}","(78.59701726600008, 18.404112823000048, 78.81650433000004, 18.58795516200007)",01-01-2023.geojson,Konaraopet,,,,,
Nalgonda,TSSD0249,129.18,"{'min': 28.876399993896484, 'max': 32.498695373535156, 'mean': 30.951393821022727, 'count': 33, 'sum': 1021.39599609375, 'median': 31.469165802001953}","(78.91051620800005, 16.62638713000007, 79.06204241500006, 16.761790924000024)",01-01-2023.geojson,Kondamallapally,,,,,
Siddipet,TSSD0250,228.02,"{'min': 26.210800170898438, 'max': 30.345199584960938, 'mean': 29.22722888383709, 'count': 61, 'sum': 1782.8609619140625, 'median': 29.34583282470703}","(78.73352452400007, 17.87685569000007, 78.96029991500006, 18.053425754000045)",01-01-2023.geojson,Kondapak,,,,,
Sangareddy,TSSD0251,151.36,"{'min': 27.510833740234375, 'max': 33.1974983215332, 'mean': 31.690414037459934, 'count': 39, 'sum': 1235.9261474609375, 'median': 32.246665954589844}","(77.93383054400005, 17.44954626200007, 78.07324348600008, 17.61087989500004)",01-01-2023.geojson,Kondapur,,,,,
Rangareddy,TSSD0252,130.56,"{'min': 30.887500762939453, 'max': 33.184165954589844, 'mean': 31.936866554054053, 'count': 37, 'sum': 1181.6640625, 'median': 31.81166648864746}","(78.01091079200006, 16.999636834000057, 78.09773848800006, 17.187709674000075)",01-01-2023.geojson,Kondurg,,,,,
Khammam,TSSD0253,248.08,"{'min': 25.777273178100586, 'max': 30.270000457763672, 'mean': 28.434897682883523, 'count': 66, 'sum': 1876.7032470703125, 'median': 28.314167022705078}","(80.22907869200003, 17.128139428000054, 80.38924637100007, 17.358600223000053)",01-01-2023.geojson,Konijerla,,,,,
Jagtial,TSSD0254,137.05,"{'min': 27.643999099731445, 'max': 29.68904685974121, 'mean': 28.28011924342105, 'count': 38, 'sum': 1074.64453125, 'median': 28.108631134033203}","(78.66979872300004, 18.779122311000037, 78.80776997400005, 18.901121141000033)",01-01-2023.geojson,Korutla,,,,,
Narayanpet,TSSD0255,202.41,"{'min': 29.93239974975586, 'max': 32.11399841308594, 'mean': 31.109363697193288, 'count': 54, 'sum': 1679.9056396484375, 'median': 31.162799835205078}","(77.62150517800006, 16.868413100000055, 77.78388791600008, 17.061626292000028)",01-01-2023.geojson,Kosgi,,,,,
Nizamabad,TSSD0256,167.13,"{'min': 26.19087028503418, 'max': 29.4186954498291, 'mean': 27.49967547160823, 'count': 41, 'sum': 1127.4866943359375, 'median': 27.247499465942383}","(77.73094932200007, 18.49717835900003, 77.85433638100005, 18.66689713100004)",01-01-2023.geojson,Kotagiri,,,,,
Vikarabad,TSSD0257,113.18,"{'min': 29.752399444580078, 'max': 33.007598876953125, 'mean': 32.239342474168346, 'count': 31, 'sum': 999.4196166992188, 'median': 32.373199462890625}","(77.66819483500007, 17.359928257000036, 77.85253462800006, 17.473344975000032)",01-01-2023.geojson,Kotepally,,,,,
Mahabubabad,TSSD0258,542.64,"{'min': 25.487499237060547, 'max': 31.32428550720215, 'mean': 29.058344414893618, 'count': 141, 'sum': 4097.2265625, 'median': 29.08916664123535}","(79.98324728200004, 17.77379955500004, 80.22702134100007, 18.106543834000036)",01-01-2023.geojson,Kothaguda,,,,,
Bhadradri Kothagudem,TSSD0259,16.26,"{'min': 29.51117706298828, 'max': 30.285554885864258, 'mean': 29.874460220336914, 'count': 4, 'sum': 119.49784088134766, 'median': 29.850555419921875}","(80.60094010100005, 17.503240987000027, 80.65378575800008, 17.562464026000043)",01-01-2023.geojson,Kothagudem,,,,,
Wanaparthy,TSSD0260,171.68,"{'min': 28.25083351135254, 'max': 32.2599983215332, 'mean': 30.31275712682846, 'count': 47, 'sum': 1424.6995849609375, 'median': 30.300832748413086}","(77.88176111000007, 16.234691046000023, 77.99240426200004, 16.448187482000037)",01-01-2023.geojson,Kothakota,,,,,
Karimnagar,TSSD0261,97.2,"{'min': 24.848461151123047, 'max': 30.008399963378906, 'mean': 28.689065786508415, 'count': 26, 'sum': 745.9157104492188, 'median': 28.77880096435547}","(78.98612238300007, 18.39948258100003, 79.12597429000004, 18.514396049000027)",01-01-2023.geojson,Kothapally,,,,,
Rangareddy,TSSD0262,105.51,"{'min': 30.524782180786133, 'max': 32.524166107177734, 'mean': 31.484749348958335, 'count': 30, 'sum': 944.54248046875, 'median': 31.501855850219727}","(78.21019675400004, 17.04105323500005, 78.36970700400008, 17.225492944000052)",01-01-2023.geojson,Kothur,,,,,
Kumurambheem Asifabad,TSSD0263,178.1,"{'min': 27.24578857421875, 'max': 30.446666717529297, 'mean': 29.612595578457448, 'count': 47, 'sum': 1391.7919921875, 'median': 29.850000381469727}","(79.63414387600005, 19.452242796000064, 79.81867852100004, 19.607819128000074)",01-01-2023.geojson,Kouthala,,,,,
Medak,TSSD0264,161.34,"{'min': 28.279600143432617, 'max': 30.115833282470703, 'mean': 29.27503293059593, 'count': 43, 'sum': 1258.826416015625, 'median': 29.100000381469727}","(78.10564250300007, 17.787310025000068, 78.29841681600004, 17.936446078000074)",01-01-2023.geojson,Kowdipally,,,,,
Nirmal,TSSD0265,282.48,"{'min': 28.768333435058594, 'max': 32.10279846191406, 'mean': 30.258001302083333, 'count': 75, 'sum': 2269.35009765625, 'median': 30.18120002746582}","(77.84760754200005, 19.143786309000063, 78.05573992700005, 19.342882151000026)",01-01-2023.geojson,Kubeer,,,,,
Medchal_Malkajgiri,TSSD0266,39.02,"{'min': 29.030834197998047, 'max': 30.260833740234375, 'mean': 29.47812167080966, 'count': 11, 'sum': 324.25933837890625, 'median': 29.27079963684082}","(78.36804921900006, 17.450165494000032, 78.44563956200005, 17.513917809000077)",01-01-2023.geojson,Kukatpally,,,,,
Medak,TSSD0267,155.55,"{'min': 27.58416748046875, 'max': 29.85521697998047, 'mean': 28.90914756373355, 'count': 38, 'sum': 1098.547607421875, 'median': 28.924549102783203}","(78.05900573700006, 17.903386933000036, 78.28836760200005, 18.020195513000033)",01-01-2023.geojson,Kulcharam,,,,,
Vikarabad,TSSD0268,196.33,"{'min': 29.287500381469727, 'max': 31.5625, 'mean': 30.35509784405048, 'count': 52, 'sum': 1578.465087890625, 'median': 30.332082748413086}","(77.79636866200008, 16.916114566000033, 77.99996008000005, 17.10676938000006)",01-01-2023.geojson,Kulkacharla,,,,,
Nirmal,TSSD0269,140.25,"{'min': 28.421199798583984, 'max': 31.603076934814453, 'mean': 29.49051150760135, 'count': 37, 'sum': 1091.14892578125, 'median': 29.263912200927734}","(78.02051881300008, 19.088268194000023, 78.15736433900008, 19.254793077000045)",01-01-2023.geojson,Kuntala,,,,,
Mahabubabad,TSSD0270,241.32,"{'min': 27.81599998474121, 'max': 30.158750534057617, 'mean': 28.992313326322115, 'count': 65, 'sum': 1884.5003662109375, 'median': 29.06764793395996}","(79.89569772600004, 17.36986128800004, 80.09682891600005, 17.588288271000067)",01-01-2023.geojson,Kuravi,,,,,
Khammam,TSSD0271,220.86,"{'min': 25.548095703125, 'max': 30.372222900390625, 'mean': 28.417381549703663, 'count': 58, 'sum': 1648.2081298828125, 'median': 28.540000915527344}","(79.87484026500005, 17.11399079800003, 80.04316183700007, 17.29547575600003)",01-01-2023.geojson,Kusumanchi,,,,,
Nirmal,TSSD0272,125.72,"{'min': 27.42300033569336, 'max': 29.259565353393555, 'mean': 28.270917107077207, 'count': 34, 'sum': 961.211181640625, 'median': 28.128135681152344}","(78.40349407400004, 18.95386539200007, 78.52341344300004, 19.102668410000035)",01-01-2023.geojson,Laxmanchanda,,,,,
Bhadradri Kothagudem,TSSD0273,229.46,"{'min': 25.389999389648438, 'max': 30.665237426757812, 'mean': 29.077971427671372, 'count': 62, 'sum': 1802.834228515625, 'median': 29.523853302001953}","(80.51384827600003, 17.535477607000075, 80.67198351200005, 17.81657303700007)",01-01-2023.geojson,Laxmidevipally,,,,,
Jangoan,TSSD0274,187.87,"{'min': 27.985454559326172, 'max': 31.70833396911621, 'mean': 30.072649274553573, 'count': 49, 'sum': 1473.559814453125, 'median': 30.041303634643555}","(79.13021988100007, 17.575431923000053, 79.31745159400003, 17.72563423400004)",01-01-2023.geojson,Lingalaghanpur,,,,,
Kamareddy,TSSD0275,255.84,"{'min': 27.075599670410156, 'max': 31.369230270385742, 'mean': 28.566115435431986, 'count': 68, 'sum': 1942.495849609375, 'median': 28.5044002532959}","(78.02552329400004, 18.13087097700003, 78.21768245400006, 18.355649218000053)",01-01-2023.geojson,Lingampet,,,,,
Kumurambheem Asifabad,TSSD0276,162.69,"{'min': 27.656665802001953, 'max': 31.603042602539062, 'mean': 29.985479181463067, 'count': 44, 'sum': 1319.361083984375, 'median': 30.09121322631836}","(78.91810375000006, 19.205612909000024, 79.11073564000003, 19.342131322000057)",01-01-2023.geojson,Lingapur,,,,,
Nirmal,TSSD0277,222.97,"{'min': 23.60759925842285, 'max': 29.943635940551758, 'mean': 27.333782958984376, 'count': 60, 'sum': 1640.0269775390625, 'median': 28.008525848388672}","(78.00594866600005, 18.931946796000034, 78.23875211300003, 19.085518010000044)",01-01-2023.geojson,Lokeshwaram,,,,,
Mancherial,TSSD0278,151.79,"{'min': 27.08652114868164, 'max': 29.57086944580078, 'mean': 28.476975661057693, 'count': 39, 'sum': 1110.60205078125, 'median': 28.52142906188965}","(79.16655337500003, 18.832516484000053, 79.30981884700003, 19.005514334000054)",01-01-2023.geojson,Luxettipet,,,,,
Kamareddy,TSSD0279,210.35,"{'min': 28.21384620666504, 'max': 31.359167098999023, 'mean': 29.60262189592634, 'count': 56, 'sum': 1657.746826171875, 'median': 29.672096252441406}","(78.38704550600005, 18.26697810400003, 78.56264784400008, 18.467778762000023)",01-01-2023.geojson,Machareddy,,,,,
Wanaparthy,TSSD0280,102.15,"{'min': 27.469165802001953, 'max': 32.98249816894531, 'mean': 30.2498046875, 'count': 25, 'sum': 756.2451171875, 'median': 30.372608184814453}","(77.82095279900005, 16.300196190000065, 77.92236147200003, 16.45097719200004)",01-01-2023.geojson,Madanapur,,,,,
Suryapet,TSSD0281,130.55,"{'min': 28.319473266601562, 'max': 29.55299949645996, 'mean': 29.03853585379464, 'count': 35, 'sum': 1016.3487548828125, 'median': 29.072105407714844}","(79.63339168000005, 17.351837121000074, 79.79652225800004, 17.470968053000036)",01-01-2023.geojson,Maddirala,,,,,
Narayanpet,TSSD0282,229.43,"{'min': 30.519166946411133, 'max': 32.34600067138672, 'mean': 31.36012980143229, 'count': 60, 'sum': 1881.6077880859375, 'median': 31.32159996032715}","(77.56183110400008, 16.77489021100007, 77.74489013300007, 16.952964019000035)",01-01-2023.geojson,Maddur,,,,,
Siddipet,TSSD0283,90.43,"{'min': 28.853477478027344, 'max': 30.45916748046875, 'mean': 29.710337320963543, 'count': 24, 'sum': 713.048095703125, 'median': 29.736957550048828}","(79.01132752500001, 17.86198517100007, 79.12089267400006, 17.966105778000042)",01-01-2023.geojson,Maddur,,,,,
Rangareddy,TSSD0284,264.88,"{'min': 30.63800048828125, 'max': 33.5525016784668, 'mean': 32.10350206163194, 'count': 72, 'sum': 2311.4521484375, 'median': 32.13313293457031}","(78.58095395400005, 16.75043613200006, 78.80230556900005, 16.944488267000054)",01-01-2023.geojson,Madgul,,,,,
Khammam,TSSD0285,210.2,"{'min': 28.786666870117188, 'max': 30.94333267211914, 'mean': 29.839920343137255, 'count': 51, 'sum': 1521.8359375, 'median': 29.884666442871094}","(80.31236943000005, 16.82168020900002, 80.47000219000006, 17.070547697000052)",01-01-2023.geojson,Madhira,,,,,
Kamareddy,TSSD0286,235.87,"{'min': 27.160476684570312, 'max': 31.463912963867188, 'mean': 29.80511277721774, 'count': 62, 'sum': 1847.9169921875, 'median': 29.81652069091797}","(77.54916412900008, 18.384667036000053, 77.76294653600007, 18.55697662400007)",01-01-2023.geojson,Madnur,,,,,
Nalgonda,TSSD0287,219.21,"{'min': 26.209999084472656, 'max': 31.575834274291992, 'mean': 28.67645045689174, 'count': 56, 'sum': 1605.8812255859375, 'median': 28.679630279541016}","(79.34641497200005, 16.895418574000075, 79.56245174900005, 17.09279099500003)",01-01-2023.geojson,Madugulapally,,,,,
Narayanpet,TSSD0288,182.41,"{'min': 26.997825622558594, 'max': 33.62333297729492, 'mean': 31.426242994225543, 'count': 46, 'sum': 1445.607177734375, 'median': 31.756847381591797}","(77.36910946300009, 16.375499069, 77.53031708000003, 16.588101701000085)",01-01-2023.geojson,Maganoor,,,,,
Mahabubabad,TSSD0289,229.64,"{'min': 27.94636344909668, 'max': 30.154762268066406, 'mean': 28.864810130635245, 'count': 61, 'sum': 1760.75341796875, 'median': 28.81100082397461}","(79.84115276500006, 17.501311835000024, 80.09111942000004, 17.697718735000137)",01-01-2023.geojson,Mahabubabad,,,,,
Mahabubnagar,TSSD0290,99.98,"{'min': 28.94913101196289, 'max': 31.815217971801758, 'mean': 30.7171630859375, 'count': 25, 'sum': 767.9290771484375, 'median': 30.803333282470703}","(77.94626825800003, 16.706941769000025, 78.09470899900003, 16.806279568000036)",01-01-2023.geojson,Mahabubnagar_Urban,,,,,
Jayashankar Bhupalpally,TSSD0291,299.12,"{'min': 25.424285888671875, 'max': 31.309999465942383, 'mean': 27.67314995659722, 'count': 81, 'sum': 2241.525146484375, 'median': 27.54400062561035}","(79.82048229900005, 18.630638763000036, 80.11061256100004, 18.86890015800003)",01-01-2023.geojson,Mahadevpur,,,,,
Rangareddy,TSSD0292,252.27,"{'min': 28.378334045410156, 'max': 31.95916748046875, 'mean': 30.73291203425481, 'count': 65, 'sum': 1997.6392822265625, 'median': 30.827499389648438}","(78.30122014300008, 17.028058688000044, 78.54049373500004, 17.239387140000076)",01-01-2023.geojson,Maheswaram,,,,,
Nizamabad,TSSD0293,193.35,"{'min': 26.752399444580078, 'max': 28.834348678588867, 'mean': 27.59025456355168, 'count': 52, 'sum': 1434.6932373046875, 'median': 27.53106689453125}","(78.05675830000007, 18.66482496200007, 78.22576505800004, 18.852068687000042)",01-01-2023.geojson,Makloor,,,,,
Narayanpet,TSSD0294,363.86,"{'min': 27.6517391204834, 'max': 33.76279830932617, 'mean': 31.727712323588708, 'count': 93, 'sum': 2950.67724609375, 'median': 32.17916488647461}","(77.45220537800003, 16.34148046400003, 77.67347100500007, 16.59593542500005)",01-01-2023.geojson,Makthal,,,,,
Jogulamba Gadwal,TSSD0295,241.46,"{'min': 28.534347534179688, 'max': 34.65260696411133, 'mean': 31.13084247295673, 'count': 65, 'sum': 2023.5047607421875, 'median': 30.910869598388672}","(77.63191914500004, 16.011527430000058, 77.79042152200003, 16.212472503000072)",01-01-2023.geojson,Maldakal,,,,,
Jayashankar Bhupalpally,TSSD0296,330.72,"{'min': 26.6612491607666, 'max': 31.2154541015625, 'mean': 28.878815406976745, 'count': 86, 'sum': 2483.578125, 'median': 28.991500854492188}","(79.67910470400005, 18.410415433000026, 79.92225416300005, 18.645377148000023)",01-01-2023.geojson,Malharrao,,,,,
Medchal_Malkajgiri,TSSD0297,30.3,"{'min': 29.192399978637695, 'max': 29.782499313354492, 'mean': 29.45944552951389, 'count': 9, 'sum': 265.135009765625, 'median': 29.44333267211914}","(78.50463339200007, 17.428292171000066, 78.55954592700004, 17.505731841000056)",01-01-2023.geojson,Malkajgiri,,,,,
Jagtial,TSSD0298,213.62,"{'min': 27.808095932006836, 'max': 30.037368774414062, 'mean': 28.79730224609375, 'count': 56, 'sum': 1612.64892578125, 'median': 28.779523849487305}","(78.61662895600006, 18.874482111000077, 78.81309041900005, 19.03748223200006)",01-01-2023.geojson,Mallapur,,,,,
Jagtial,TSSD0299,151.65,"{'min': 27.487272262573242, 'max': 28.8266658782959, 'mean': 28.08336806878811, 'count': 41, 'sum': 1151.4180908203125, 'median': 28.090909957885742}","(78.83599988400005, 18.650343142000054, 79.00846227100004, 18.762767418000067)",01-01-2023.geojson,Mallial,,,,,
Nirmal,TSSD0300,303.59,"{'min': 27.44818115234375, 'max': 30.944400787353516, 'mean': 28.919989013671874, 'count': 80, 'sum': 2313.59912109375, 'median': 28.863101959228516}","(78.40539725900004, 18.946457939000027, 78.61865077500005, 19.23040426800003)",01-01-2023.geojson,Mamda,,,,,
Karimnagar,TSSD0301,205.41,"{'min': 27.15719985961914, 'max': 29.434799194335938, 'mean': 28.08189274714543, 'count': 52, 'sum': 1460.2584228515625, 'median': 27.87173843383789}","(79.15750397500005, 18.315741219000074, 79.35328729400004, 18.481920999000067)",01-01-2023.geojson,Manakondur,,,,,
Rangareddy,TSSD0302,234.43,"{'min': 28.65239906311035, 'max': 31.19521713256836, 'mean': 30.086177702872984, 'count': 62, 'sum': 1865.343017578125, 'median': 30.095417022705078}","(78.65286760000004, 17.00487583200004, 78.84397639500008, 17.201225641000065)",01-01-2023.geojson,Manchal,,,,,
Mancherial,TSSD0303,40.12,"{'min': 29.118572235107422, 'max': 31.16181755065918, 'mean': 30.34335049715909, 'count': 11, 'sum': 333.77685546875, 'median': 30.312856674194336}","(79.41610667100008, 18.835052002000054, 79.48472162900003, 18.913545975000034)",01-01-2023.geojson,Mancherial,,,,,
Mancherial,TSSD0304,171.08,"{'min': 27.91421127319336, 'max': 30.784286499023438, 'mean': 29.69248546253551, 'count': 44, 'sum': 1306.4693603515625, 'median': 29.73849868774414}","(79.39193241000004, 18.891641181000068, 79.59105304600007, 19.015526930000078)",01-01-2023.geojson,Mandamarri,,,,,
Mulugu,TSSD0305,392.56,"{'min': 25.977825164794922, 'max': 32.0625, 'mean': 28.227159814927184, 'count': 103, 'sum': 2907.3974609375, 'median': 28.097272872924805}","(80.40836158100007, 18.080546712000057, 80.70882201500007, 18.304706081000063)",01-01-2023.geojson,Mangapet,,,,,
Sangareddy,TSSD0306,148.62,"{'min': 26.93560028076172, 'max': 33.09782791137695, 'mean': 30.966118044969512, 'count': 41, 'sum': 1269.61083984375, 'median': 31.565000534057617}","(77.64845538500003, 17.878779076000058, 77.83149306000007, 18.04513193200006)",01-01-2023.geojson,Manoor,,,,,
Jogulamba Gadwal,TSSD0307,163.37,"{'min': 28.84166717529297, 'max': 34.607391357421875, 'mean': 32.20606578480113, 'count': 44, 'sum': 1417.06689453125, 'median': 32.15174102783203}","(77.86929360900007, 15.885358944000075, 78.03319288300008, 16.08949442000005)",01-01-2023.geojson,Manopad,,,,,
Peddapalli,TSSD0308,311.44,"{'min': 26.65571403503418, 'max': 30.666841506958008, 'mean': 28.78327869233631, 'count': 84, 'sum': 2417.79541015625, 'median': 28.73879623413086}","(79.56456396600004, 18.561850238000034, 79.83268954900007, 18.738350264000076)",01-01-2023.geojson,Manthani,,,,,
Bhadradri Kothagudem,TSSD0309,241.6,"{'min': 26.077499389648438, 'max': 31.950952529907227, 'mean': 28.77101299579327, 'count': 65, 'sum': 1870.1158447265625, 'median': 29.00181770324707}","(80.66740807500008, 17.879481733000034, 80.88542464200003, 18.045849738000072)",01-01-2023.geojson,Manuguru,,,,,
Hyderabad,TSSD0310,12.89,"{'min': 29.36199951171875, 'max': 29.79800033569336, 'mean': 29.558888753255207, 'count': 3, 'sum': 88.67666625976562, 'median': 29.516666412353516}","(78.49007358600005, 17.42094839600003, 78.55631568500007, 17.46893287000006)",01-01-2023.geojson,Maredpally,,,,,
Narayanpet,TSSD0311,159.77,"{'min': 28.483333587646484, 'max': 33.871665954589844, 'mean': 32.185404459635414, 'count': 42, 'sum': 1351.7869873046875, 'median': 32.55000305175781}","(77.65664280100003, 16.506114195000066, 77.79841434500008, 16.665240555000025)",01-01-2023.geojson,Marikal,,,,,
Mahabubabad,TSSD0312,234.68,"{'min': 28.084444046020508, 'max': 29.782222747802734, 'mean': 29.016036728681144, 'count': 59, 'sum': 1711.9461669921875, 'median': 29.099411010742188}","(79.76148480300003, 17.321621569000058, 79.98270166300006, 17.48693560600003)",01-01-2023.geojson,Maripeda,,,,,
Siddipet,TSSD0313,105.43,"{'min': 26.07080078125, 'max': 30.960832595825195, 'mean': 29.504124232700892, 'count': 28, 'sum': 826.115478515625, 'median': 29.710834503173828}","(78.66415458400007, 17.667265188000044, 78.78250869300007, 17.810152515000027)",01-01-2023.geojson,Markook,,,,,
Vikarabad,TSSD0314,225.88,"{'min': 30.601999282836914, 'max': 33.45240020751953, 'mean': 32.221570245150865, 'count': 58, 'sum': 1868.85107421875, 'median': 32.29640197753906}","(77.68610927900005, 17.453891702000078, 77.87740943300008, 17.638691618000053)",01-01-2023.geojson,Marpalle,,,,,
Nalgonda,TSSD0315,229.14,"{'min': 28.940399169921875, 'max': 34.22666549682617, 'mean': 31.417934730404713, 'count': 61, 'sum': 1916.4940185546875, 'median': 31.554166793823242}","(78.75919635200006, 16.90874455200003, 78.96448818000005, 17.07201425200003)",01-01-2023.geojson,Marriguda,,,,,
Suryapet,TSSD0316,210.69,"{'min': 26.005455017089844, 'max': 32.46333312988281, 'mean': 29.52108361586085, 'count': 53, 'sum': 1564.617431640625, 'median': 29.160526275634766}","(79.76031217600007, 16.657641133000027, 79.94384993900007, 16.842244540000024)",01-01-2023.geojson,Mattampalli,,,,,
Medak,TSSD0317,140.85,"{'min': 27.75480079650879, 'max': 30.312400817871094, 'mean': 28.974292652027028, 'count': 37, 'sum': 1072.048828125, 'median': 28.987600326538086}","(78.20774346500008, 17.973932821000062, 78.36819518300007, 18.10438747300003)",01-01-2023.geojson,Medak,,,,,
Medchal_Malkajgiri,TSSD0318,187.56,"{'min': 28.167390823364258, 'max': 29.856399536132812, 'mean': 29.250441331129807, 'count': 52, 'sum': 1521.02294921875, 'median': 29.29578399658203}","(78.38095406300005, 17.551049357000068, 78.56000059500008, 17.70854524600003)",01-01-2023.geojson,Medchal,,,,,
Jagtial,TSSD0319,206.03,"{'min': 27.28130340576172, 'max': 28.85818099975586, 'mean': 28.066898970170456, 'count': 55, 'sum': 1543.679443359375, 'median': 28.058570861816406}","(78.73214094600007, 18.624887353000076, 78.85330317100005, 18.885390032000032)",01-01-2023.geojson,Medipalle,,,,,
Medchal_Malkajgiri,TSSD0320,33.63,"{'min': 28.91080093383789, 'max': 30.247600555419922, 'mean': 29.640464782714844, 'count': 8, 'sum': 237.12371826171875, 'median': 29.74041748046875}","(78.56396765400007, 17.387088967000068, 78.62540001600007, 17.4548326310001)",01-01-2023.geojson,Medipally,,,,,
Suryapet,TSSD0321,148.48,"{'min': 27.246191024780273, 'max': 32.08157730102539, 'mean': 29.37117919921875, 'count': 40, 'sum': 1174.84716796875, 'median': 28.994735717773438}","(79.86430255300007, 16.749144942000044, 80.04667389300005, 16.897589783000058)",01-01-2023.geojson,Mellachervu,,,,,
Nizamabad,TSSD0322,74.74,"{'min': 24.510000228881836, 'max': 27.845237731933594, 'mean': 27.188473510742188, 'count': 20, 'sum': 543.7694702148438, 'median': 27.497528076171875}","(78.34141407100003, 18.91286552100007, 78.45746941500005, 19.003231226000025)",01-01-2023.geojson,Mendora,,,,,
Jagtial,TSSD0323,189.57,"{'min': 27.50304412841797, 'max': 29.752609252929688, 'mean': 28.476457184436274, 'count': 51, 'sum': 1452.29931640625, 'median': 28.40999984741211}","(78.53968262500007, 18.72081223600003, 78.67956378400004, 18.895674916000075)",01-01-2023.geojson,Metpalli,,,,,
Mahabubnagar,TSSD0324,164.85,"{'min': 29.905000686645508, 'max': 32.602500915527344, 'mean': 31.329017275855655, 'count': 42, 'sum': 1315.8187255859375, 'median': 31.439599990844727}","(78.21714079300006, 16.678018442000052, 78.36989334400005, 16.825534489000063)",01-01-2023.geojson,Midjil,,,,,
Siddipet,TSSD0325,167.82,"{'min': 28.20846176147461, 'max': 29.586153030395508, 'mean': 28.7903201081032, 'count': 43, 'sum': 1237.9837646484375, 'median': 28.742799758911133}","(78.56910611300003, 17.992796036000072, 78.73068591400005, 18.14881470800003)",01-01-2023.geojson,Mirdoddi,,,,,
Nalgonda,TSSD0326,248.98,"{'min': 26.68904685974121, 'max': 30.097368240356445, 'mean': 27.706111907958984, 'count': 64, 'sum': 1773.191162109375, 'median': 27.467424392700195}","(79.48474594700008, 16.761982963000037, 79.66781758100007, 17.007573905000072)",01-01-2023.geojson,Miryalaguda,,,,,
Sangareddy,TSSD0327,152.32,"{'min': 30.831666946411133, 'max': 33.64583206176758, 'mean': 32.39395944695724, 'count': 38, 'sum': 1230.970458984375, 'median': 32.38240051269531}","(77.44416825100006, 17.542551853000077, 77.59394938800006, 17.703749020000032)",01-01-2023.geojson,Mogudampally,,,,,
Jayashankar Bhupalpally,TSSD0328,117.77,"{'min': 28.729999542236328, 'max': 30.05272674560547, 'mean': 29.386474609375, 'count': 31, 'sum': 910.980712890625, 'median': 29.365238189697266}","(79.55918339200008, 18.25321451900004, 79.69624194900007, 18.367730020000067)",01-01-2023.geojson,Mogullapally,,,,,
Rangareddy,TSSD0329,210.03,"{'min': 25.588333129882812, 'max': 33.02000045776367, 'mean': 31.13282189002404, 'count': 52, 'sum': 1618.90673828125, 'median': 31.65250015258789}","(78.18364043400004, 17.24469818700004, 78.37521359500005, 17.39979780400006)",01-01-2023.geojson,Moinabad,,,,,
Vikarabad,TSSD0330,185.55,"{'min': 30.760400772094727, 'max': 33.34280014038086, 'mean': 32.3389102711397, 'count': 51, 'sum': 1649.284423828125, 'median': 32.374000549316406}","(77.80132142600007, 17.440949010000054, 78.02278448100003, 17.58481577400005)",01-01-2023.geojson,Mominpet,,,,,
Mahabubnagar,TSSD0331,95.02,"{'min': 29.806522369384766, 'max': 32.572608947753906, 'mean': 31.22395442082332, 'count': 26, 'sum': 811.8228149414062, 'median': 31.26956558227539}","(77.88815901700008, 16.55990335200005, 78.03642113100005, 16.65578400800007)",01-01-2023.geojson,Moosapet,,,,,
Nizamabad,TSSD0332,110.93,"{'min': 27.26565170288086, 'max': 28.61750030517578, 'mean': 27.71146036783854, 'count': 30, 'sum': 831.3438110351562, 'median': 27.629741668701172}","(78.39569656400005, 18.754933092000044, 78.51049422500006, 18.895877668000026)",01-01-2023.geojson,Morthad,,,,,
Yadadri Bhuvanagiri,TSSD0333,154.09,"{'min': 29.02120018005371, 'max': 32.70500183105469, 'mean': 30.564796084449405, 'count': 42, 'sum': 1283.721435546875, 'median': 30.45833396911621}","(79.02191272500005, 17.447705855000038, 79.18771359200008, 17.614164877000064)",01-01-2023.geojson,Motakondur,,,,,
Suryapet,TSSD0334,191.84,"{'min': 25.95571517944336, 'max': 30.037368774414062, 'mean': 28.70180419921875, 'count': 50, 'sum': 1435.0902099609375, 'median': 28.906394958496094}","(79.72864807600007, 17.098594648000073, 79.90108897100004, 17.295132846000058)",01-01-2023.geojson,Mothey,,,,,
Yadadri Bhuvanagiri,TSSD0335,146.43,"{'min': 28.50478172302246, 'max': 30.239999771118164, 'mean': 29.414810571915066, 'count': 39, 'sum': 1147.1776123046875, 'median': 29.353635787963867}","(79.17886738600004, 17.35663582600006, 79.34505761300005, 17.499013259000037)",01-01-2023.geojson,Mothkur,,,,,
Nirmal,TSSD0336,187.43,"{'min': 26.620832443237305, 'max': 30.075834274291992, 'mean': 28.850084387737773, 'count': 46, 'sum': 1327.1038818359375, 'median': 28.888486862182617}","(77.87363589400007, 18.90926259400004, 78.04943334300003, 19.05199254100006)",01-01-2023.geojson,Mudhole,,,,,
Khammam,TSSD0337,202.95,"{'min': 27.27857208251953, 'max': 30.168750762939453, 'mean': 28.8153803898738, 'count': 52, 'sum': 1498.3997802734375, 'median': 28.86922264099121}","(79.99976989400005, 16.987411645000066, 80.17144520800008, 17.21465495600006)",01-01-2023.geojson,Mudigonda,,,,,
Nizamabad,TSSD0338,196.22,"{'min': 26.299230575561523, 'max': 30.24679946899414, 'mean': 28.106007295496322, 'count': 51, 'sum': 1433.4063720703125, 'median': 28.120399475097656}","(78.03331485400008, 18.477793812000073, 78.18413506400003, 18.66033533700005)",01-01-2023.geojson,Mugpal,,,,,
Bhadradri Kothagudem,TSSD0339,514.62,"{'min': 26.068571090698242, 'max': 30.127647399902344, 'mean': 28.541225405092593, 'count': 135, 'sum': 3853.0654296875, 'median': 28.74571418762207}","(80.70650352000007, 17.353825033000078, 80.96455307900004, 17.59430879000007)",01-01-2023.geojson,Mulakalapally,,,,,
Mulugu,TSSD0340,363.24,"{'min': 25.4334774017334, 'max': 30.994762420654297, 'mean': 28.74425627055921, 'count': 95, 'sum': 2730.704345703125, 'median': 28.815454483032227}","(79.81475825400008, 18.07019176600005, 80.14227776900003, 18.247994896000023)",01-01-2023.geojson,Mulug,,,,,
Siddipet,TSSD0341,148.86,"{'min': 25.24839973449707, 'max': 30.540000915527344, 'mean': 29.304671849959934, 'count': 39, 'sum': 1142.8822021484375, 'median': 29.47480010986328}","(78.49289586600008, 17.669503792000057, 78.72948919400005, 17.760743728000023)",01-01-2023.geojson,Mulug,,,,,
Suryapet,TSSD0342,140.35,"{'min': 27.34428596496582, 'max': 30.608999252319336, 'mean': 28.78958740234375, 'count': 40, 'sum': 1151.58349609375, 'median': 28.854515075683594}","(79.71348967800003, 16.97659834500007, 79.93382971200003, 17.162332160000062)",01-01-2023.geojson,Munagala,,,,,
Sangareddy,TSSD0343,221.68,"{'min': 24.469999313354492, 'max': 33.97719955444336, 'mean': 31.742871965680802, 'count': 56, 'sum': 1777.600830078125, 'median': 32.529998779296875}","(77.76970420300006, 17.61306823700005, 77.93222993400008, 17.821658166000077)",01-01-2023.geojson,Munipally,,,,,
Nalgonda,TSSD0344,242.13,"{'min': 29.465200424194336, 'max': 33.76250076293945, 'mean': 31.846701882102273, 'count': 66, 'sum': 2101.88232421875, 'median': 32.02541732788086}","(78.92781504300007, 16.99371558000007, 79.14931293500007, 17.18453899000002)",01-01-2023.geojson,Munugode,,,,,
Nizamabad,TSSD0345,53.32,"{'min': 23.471538543701172, 'max': 27.767391204833984, 'mean': 26.769138881138392, 'count': 14, 'sum': 374.7679443359375, 'median': 27.27200698852539}","(78.33239376200004, 18.87289880800006, 78.45351563000008, 18.968813642000043)",01-01-2023.geojson,Mupkal,,,,,
Hyderabad,TSSD0346,9.91,"{'min': 29.170799255371094, 'max': 29.488399505615234, 'mean': 29.329599380493164, 'count': 2, 'sum': 58.65919876098633, 'median': 29.329599380493164}","(78.47735671700008, 17.40191402800002, 78.52763446200004, 17.43504124900005)",01-01-2023.geojson,Musheerabad,,,,,
Rajanna Sircilla,TSSD0347,162.34,"{'min': 27.958696365356445, 'max': 29.80120086669922, 'mean': 28.930056549781977, 'count': 43, 'sum': 1243.992431640625, 'median': 28.926000595092773}","(78.62827650500003, 18.21376387500004, 78.77109860300004, 18.360829288000048)",01-01-2023.geojson,Mustabad,,,,,
Jayashankar Bhupalpally,TSSD0348,603.81,"{'min': 25.96875, 'max': 31.382631301879883, 'mean': 28.073052978515626, 'count': 160, 'sum': 4491.6884765625, 'median': 27.748497009277344}","(79.93211438700007, 18.348852581000074, 80.27331132300003, 18.665550444000075)",01-01-2023.geojson,Mutharam_Mahadevpur,,,,,
Peddapalli,TSSD0349,143.95,"{'min': 27.403043746948242, 'max': 30.62181854248047, 'mean': 29.204769736842106, 'count': 38, 'sum': 1109.78125, 'median': 29.236679077148438}","(79.56376559100005, 18.46670946200004, 79.71861493100005, 18.60236795900005)",01-01-2023.geojson,Mutharam_Manthani,,,,,
Suryapet,TSSD0350,132.47,"{'min': 26.964736938476562, 'max': 30.4244441986084, 'mean': 28.00863370028409, 'count': 33, 'sum': 924.284912109375, 'median': 27.858749389648438}","(79.81542641000004, 17.031014071000072, 79.94769370600005, 17.174546916000054)",01-01-2023.geojson,Nadigudem,,,,,
Sangareddy,TSSD0351,148.84,"{'min': 29.54680061340332, 'max': 34.182308197021484, 'mean': 32.48013000488281, 'count': 40, 'sum': 1299.2052001953125, 'median': 32.970401763916016}","(77.54918865800005, 17.98547994300003, 77.71900749600007, 18.124343363000037)",01-01-2023.geojson,Nagalgidda,,,,,
Suryapet,TSSD0352,134.54,"{'min': 28.102500915527344, 'max': 29.61347770690918, 'mean': 28.88468017578125, 'count': 35, 'sum': 1010.9638061523438, 'median': 28.91666603088379}","(79.41253491600008, 17.34124849500006, 79.57155473400007, 17.45790335600003)",01-01-2023.geojson,Nagaram,,,,,
Kamareddy,TSSD0353,138.95,"{'min': 25.871538162231445, 'max': 28.972400665283203, 'mean': 27.8037504308364, 'count': 34, 'sum': 945.3275146484375, 'median': 28.10527801513672}","(78.01381962800008, 18.068441783000026, 78.17948646600007, 18.201817321000078)",01-01-2023.geojson,Nagi_Reddypet,,,,,
Nalgonda,TSSD0354,151.19,"{'min': 26.00304412841797, 'max': 30.638999938964844, 'mean': 28.688739013671874, 'count': 40, 'sum': 1147.549560546875, 'median': 28.770477294921875}","(79.36271400100003, 17.074334117000035, 79.51356132300003, 17.265691678000053)",01-01-2023.geojson,Nakrekal,,,,,
Nalgonda,TSSD0355,356.0,"{'min': 26.302499771118164, 'max': 30.881999969482422, 'mean': 29.16802509014423, 'count': 91, 'sum': 2654.290283203125, 'median': 29.3700008392334}","(79.11238633500005, 16.95004682000007, 79.38632643800008, 17.14875526800006)",01-01-2023.geojson,Nalgonda,,,,,
Warangal_Rural,TSSD0356,164.31,"{'min': 28.121665954589844, 'max': 30.08333396911621, 'mean': 29.323232014973957, 'count': 48, 'sum': 1407.51513671875, 'median': 29.46375274658203}","(79.81066170600008, 17.993540445000065, 80.04124404200007, 18.11528805000006)",01-01-2023.geojson,Nallabelli,,,,,
Hyderabad,TSSD0357,11.34,"{'min': 27.79307746887207, 'max': 29.973846435546875, 'mean': 29.234102884928387, 'count': 3, 'sum': 87.70230865478516, 'median': 29.93538475036621}","(78.45809052700008, 17.36457170500006, 78.49555773000003, 17.405714060000037)",01-01-2023.geojson,Nampally,,,,,
Nalgonda,TSSD0358,280.57,"{'min': 30.553333282470703, 'max': 32.80083465576172, 'mean': 31.621735873287673, 'count': 73, 'sum': 2308.38671875, 'median': 31.56833267211914}","(78.84925232700004, 16.740287084000045, 79.04788463500006, 16.965538953000078)",01-01-2023.geojson,Nampally,,,,,
Rangareddy,TSSD0359,86.28,"{'min': 30.92217445373535, 'max': 32.459999084472656, 'mean': 31.573486328125, 'count': 22, 'sum': 694.61669921875, 'median': 31.440000534057617}","(78.16420628000003, 17.07450775600006, 78.31375295500004, 17.187439899000026)",01-01-2023.geojson,Nandigama,,,,,
Nizamabad,TSSD0360,296.41,"{'min': 23.3799991607666, 'max': 27.761199951171875, 'mean': 26.115020355620942, 'count': 77, 'sum': 2010.8565673828125, 'median': 26.655000686645508}","(78.06391450200005, 18.810123935000036, 78.27745292600008, 19.015809954000076)",01-01-2023.geojson,Nandipet,,,,,
Siddipet,TSSD0361,173.43,"{'min': 29.02391242980957, 'max': 30.267391204833984, 'mean': 29.66827392578125, 'count': 44, 'sum': 1305.404052734375, 'median': 29.670869827270508}","(78.91642615100005, 18.005257581000023, 79.12553882600008, 18.139313947000062)",01-01-2023.geojson,Nangnoor,,,,,
Yadadri Bhuvanagiri,TSSD0362,255.72,"{'min': 27.828399658203125, 'max': 33.413333892822266, 'mean': 30.54959383877841, 'count': 66, 'sum': 2016.273193359375, 'median': 30.351051330566406}","(78.76727420200007, 17.04527964400006, 78.99214673900008, 17.215539860000035)",01-01-2023.geojson,Narayanapoor,,,,,
Sangareddy,TSSD0363,221.04,"{'min': 28.20846176147461, 'max': 33.38600158691406, 'mean': 31.44005747310451, 'count': 61, 'sum': 1917.843505859375, 'median': 31.649999618530273}","(77.65873951100008, 17.969087139000067, 77.91619762300007, 18.131861117000028)",01-01-2023.geojson,Narayankhed,,,,,
Narayanpet,TSSD0364,253.45,"{'min': 29.250869750976562, 'max': 32.52840042114258, 'mean': 31.215889798677885, 'count': 65, 'sum': 2029.0328369140625, 'median': 31.27079963684082}","(77.42683117400003, 16.65053467100006, 77.68547301300003, 16.797928967000075)",01-01-2023.geojson,Narayanpet,,,,,
Nalgonda,TSSD0365,234.39,"{'min': 27.296667098999023, 'max': 31.142000198364258, 'mean': 29.4534912109375, 'count': 63, 'sum': 1855.5699462890625, 'median': 29.481666564941406}","(79.12064748900008, 17.11371295600003, 79.30389623300005, 17.35996707100003)",01-01-2023.geojson,Narketpally,,,,,
Jangoan,TSSD0366,125.01,"{'min': 28.126522064208984, 'max': 30.27347755432129, 'mean': 29.488490249171402, 'count': 33, 'sum': 973.1201782226562, 'median': 29.539566040039062}","(79.09279653800007, 17.82066930900004, 79.25505581500005, 17.932063776000064)",01-01-2023.geojson,Narmetta,,,,,
Adilabad,TSSD0367,201.81,"{'min': 29.540908813476562, 'max': 31.678333282470703, 'mean': 30.75954681972288, 'count': 53, 'sum': 1630.2559814453125, 'median': 30.74217414855957}","(78.75741661700005, 19.424395872000048, 78.97780666900007, 19.57535441500005)",01-01-2023.geojson,Narnoor,,,,,
Warangal_Rural,TSSD0368,128.11,"{'min': 26.943912506103516, 'max': 29.795713424682617, 'mean': 28.758108139038086, 'count': 32, 'sum': 920.2594604492188, 'median': 28.954410552978516}","(79.80201610100005, 17.882928224000068, 79.94435882900007, 18.020538076000037)",01-01-2023.geojson,Narsampet,,,,,
Medak,TSSD0369,177.98,"{'min': 28.030000686645508, 'max': 30.07159996032715, 'mean': 28.914797760719477, 'count': 43, 'sum': 1243.3363037109375, 'median': 28.774799346923828}","(78.16308671700006, 17.659841237000023, 78.33116213500006, 17.840150954000023)",01-01-2023.geojson,Narsapur,,,,,
Nirmal,TSSD0370,147.48,"{'min': 25.114614486694336, 'max': 30.917200088500977, 'mean': 28.663905552455358, 'count': 42, 'sum': 1203.884033203125, 'median': 29.019582748413086}","(78.07428315700008, 19.02509410700003, 78.21913771600003, 19.23774101400005)",01-01-2023.geojson,Narsapur_G,,,,,
Mahabubabad,TSSD0371,100.62,"{'min': 28.14263153076172, 'max': 29.47888946533203, 'mean': 28.941026475694443, 'count': 27, 'sum': 781.40771484375, 'median': 29.016250610351562}","(79.74961810900004, 17.432922034000057, 79.85804564900008, 17.55949727500007)",01-01-2023.geojson,Narsimhulapet,,,,,
Medak,TSSD0372,55.63,"{'min': 27.56999969482422, 'max': 29.544166564941406, 'mean': 28.371854782104492, 'count': 16, 'sum': 453.9496765136719, 'median': 28.280582427978516}","(78.39229916300008, 17.98830749900003, 78.47149849900006, 18.093264383000076)",01-01-2023.geojson,Narsingi,,,,,
Narayanpet,TSSD0373,194.24,"{'min': 29.920833587646484, 'max': 33.50416564941406, 'mean': 32.17501220703125, 'count': 50, 'sum': 1608.7506103515625, 'median': 32.104583740234375}","(77.57900273500007, 16.392118486000072, 77.76051168400005, 16.55740275000005)",01-01-2023.geojson,Narva,,,,,
Mancherial,TSSD0374,52.98,"{'min': 27.444782257080078, 'max': 30.405454635620117, 'mean': 29.235140119280135, 'count': 14, 'sum': 409.2919616699219, 'median': 29.491497039794922}","(79.45022792100008, 18.798759303000054, 79.52726676000003, 18.914394050000055)",01-01-2023.geojson,Naspur,,,,,
Kamareddy,TSSD0375,102.21,"{'min': 26.308332443237305, 'max': 27.849199295043945, 'mean': 27.009900774274552, 'count': 28, 'sum': 756.2772216796875, 'median': 26.979999542236328}","(77.81879634400008, 18.411273927000025, 77.97648352900006, 18.509137527000064)",01-01-2023.geojson,Nasurullabad,,,,,
Nizamabad,TSSD0376,192.08,"{'min': 25.982500076293945, 'max': 28.68666648864746, 'mean': 27.3235009765625, 'count': 50, 'sum': 1366.175048828125, 'median': 27.36541748046875}","(77.94333219400005, 18.72259983600003, 78.08733714300007, 18.94072022900008)",01-01-2023.geojson,Navipet,,,,,
Mahabubnagar,TSSD0377,296.21,"{'min': 28.28416633605957, 'max': 31.926666259765625, 'mean': 30.275897930194805, 'count': 77, 'sum': 2331.244140625, 'median': 30.37583351135254}","(77.92099457500007, 16.78332651100004, 78.11899967800008, 17.01427203800006)",01-01-2023.geojson,Nawabpet,,,,,
Vikarabad,TSSD0378,158.3,"{'min': 30.8608341217041, 'max': 32.90833282470703, 'mean': 32.11539217320884, 'count': 41, 'sum': 1316.7310791015625, 'median': 32.20916748046875}","(77.88176503700004, 17.365495641000052, 78.07175069100003, 17.471223939000026)",01-01-2023.geojson,Nawabpet,,,,,
Warangal_Rural,TSSD0379,188.28,"{'min': 28.29608726501465, 'max': 30.302000045776367, 'mean': 29.283603515625, 'count': 50, 'sum': 1464.18017578125, 'median': 29.32699966430664}","(79.74746045700005, 17.696488769000155, 79.90634128700003, 17.879678624000064)",01-01-2023.geojson,Nekkonda,,,,,
Khammam,TSSD0380,186.76,"{'min': 26.573808670043945, 'max': 29.847333908081055, 'mean': 28.401865433673468, 'count': 49, 'sum': 1391.69140625, 'median': 28.41666603088379}","(79.96784028800005, 16.968121411000027, 80.11000795600006, 17.174936235000075)",01-01-2023.geojson,Nelakondapally,,,,,
Mahabubabad,TSSD0381,206.97,"{'min': 27.353635787963867, 'max': 29.582000732421875, 'mean': 28.48862937644676, 'count': 54, 'sum': 1538.385986328125, 'median': 28.529998779296875}","(79.71439804300002, 17.541887375000044, 79.91872236700016, 17.698785481000073)",01-01-2023.geojson,Nellikudur,,,,,
Mancherial,TSSD0382,269.42,"{'min': 26.84157943725586, 'max': 30.73285675048828, 'mean': 28.936213963468308, 'count': 71, 'sum': 2054.47119140625, 'median': 28.87210464477539}","(79.52664994100007, 18.93089886100006, 79.73295653300005, 19.12578670700003)",01-01-2023.geojson,Nennel,,,,,
Adilabad,TSSD0383,328.19,"{'min': 27.53095245361328, 'max': 31.84833335876465, 'mean': 29.9755859375, 'count': 89, 'sum': 2667.8271484375, 'median': 29.897825241088867}","(78.26082714200004, 19.17277807100004, 78.55364642200004, 19.39715159900004)",01-01-2023.geojson,Neradigonda,,,,,
Suryapet,TSSD0384,126.74,"{'min': 26.922000885009766, 'max': 27.695714950561523, 'mean': 27.180712890625, 'count': 35, 'sum': 951.324951171875, 'median': 27.160476684570312}","(79.61424865900005, 16.828891998000074, 79.72807247700007, 16.983950306000054)",01-01-2023.geojson,Nereducherla,,,,,
Nalgonda,TSSD0385,161.07,"{'min': 27.00826072692871, 'max': 32.043914794921875, 'mean': 30.41678966175426, 'count': 44, 'sum': 1338.3387451171875, 'median': 30.444782257080078}","(78.94273533400008, 16.468748120000043, 79.11690272800007, 16.651020135000067)",01-01-2023.geojson,Neredugommu,,,,,
Nalgonda,TSSD0386,217.58,"{'min': 26.18904685974121, 'max': 30.634166717529297, 'mean': 28.074189784163135, 'count': 59, 'sum': 1656.377197265625, 'median': 27.854761123657227}","(79.29369591300008, 16.726884840000025, 79.46702657000003, 16.93694350900006)",01-01-2023.geojson,Nidamanoor,,,,,
Nirmal,TSSD0387,26.54,"{'min': 28.59000015258789, 'max': 29.84166717529297, 'mean': 29.18936496310764, 'count': 9, 'sum': 262.70428466796875, 'median': 29.306800842285156}","(78.32125738700006, 19.06142155400005, 78.36703256100003, 19.13503668900006)",01-01-2023.geojson,Nirmal,,,,,
Nirmal,TSSD0388,121.65,"{'min': 28.072500228881836, 'max': 29.79960060119629, 'mean': 29.050426852318548, 'count': 31, 'sum': 900.563232421875, 'median': 29.03333282470703}","(78.28619783500005, 19.030659180000043, 78.42042812500006, 19.18711090100004)",01-01-2023.geojson,Nirmal Rural,,,,,
Nizamabad,TSSD0389,8.31,"{'min': 28.93320083618164, 'max': 29.79800033569336, 'mean': 29.28173319498698, 'count': 3, 'sum': 87.84519958496094, 'median': 29.11400032043457}","(78.05163596200003, 18.674492592000036, 78.12730598000007, 18.70039857300003)",01-01-2023.geojson,Nizamabad North,,,,,
Nizamabad,TSSD0390,143.88,"{'min': 26.870800018310547, 'max': 29.84440040588379, 'mean': 28.186243960731908, 'count': 38, 'sum': 1071.0772705078125, 'median': 28.289230346679688}","(77.98560033100006, 18.565702533000035, 78.16225447400006, 18.788720459000047)",01-01-2023.geojson,Nizamabad Rural,,,,,
Nizamabad,TSSD0391,30.08,"{'min': 29.218799591064453, 'max': 30.21769142150879, 'mean': 29.726205008370535, 'count': 7, 'sum': 208.08343505859375, 'median': 29.78769302368164}","(78.05135267700007, 18.638141734000044, 78.12035163300004, 18.70039857300003)",01-01-2023.geojson,Nizamabad South,,,,,
Medak,TSSD0392,96.69,"{'min': 28.286800384521484, 'max': 29.547500610351562, 'mean': 28.940560477120535, 'count': 28, 'sum': 810.335693359375, 'median': 28.983367919921875}","(78.48347828600004, 18.052927198000077, 78.58043728400008, 18.186685228000044)",01-01-2023.geojson,Nizampet,,,,,
Kamareddy,TSSD0393,241.59,"{'min': 23.297693252563477, 'max': 29.738800048828125, 'mean': 27.123769124348957, 'count': 72, 'sum': 1952.911376953125, 'median': 27.781265258789062}","(77.84561923400008, 18.09283344800002, 78.00817764400006, 18.34553889500006)",01-01-2023.geojson,Nizamsagar,,,,,
Suryapet,TSSD0394,119.91,"{'min': 28.38619041442871, 'max': 30.20684242248535, 'mean': 29.375447591145832, 'count': 33, 'sum': 969.3897705078125, 'median': 29.343685150146484}","(79.62642963900004, 17.281058334000022, 79.80860422700005, 17.37862805900005)",01-01-2023.geojson,Noothankal,,,,,
Sangareddy,TSSD0395,259.19,"{'min': 29.259166717529297, 'max': 33.45166778564453, 'mean': 32.42755485983456, 'count': 68, 'sum': 2205.07373046875, 'median': 32.50226593017578}","(77.50905262900005, 17.743666096000027, 77.70963585900006, 17.95290998400003)",01-01-2023.geojson,Nyalkal,,,,,
Peddapalli,TSSD0396,148.08,"{'min': 27.392608642578125, 'max': 29.970909118652344, 'mean': 28.57491904810855, 'count': 38, 'sum': 1085.846923828125, 'median': 28.7227725982666}","(79.36660364000005, 18.386385288000042, 79.55224107200007, 18.53271052300005)",01-01-2023.geojson,Odela,,,,,
Nagarkurnool,TSSD0397,630.47,"{'min': 26.655000686645508, 'max': 31.950870513916016, 'mean': 30.180316162109374, 'count': 160, 'sum': 4828.8505859375, 'median': 30.27347755432129}","(78.85902477800005, 16.210348460000034, 79.23432760400004, 16.461405856000056)",01-01-2023.geojson,Padara,,,,,
Suryapet,TSSD0398,132.07,"{'min': 26.75190544128418, 'max': 30.610000610351562, 'mean': 28.187259250217014, 'count': 36, 'sum': 1014.7413330078125, 'median': 27.70400047302246}","(79.66762645300008, 16.689675125000065, 79.78908743200003, 16.836615472000062)",01-01-2023.geojson,Palakeedu,,,,,
Jangoan,TSSD0399,255.42,"{'min': 28.748260498046875, 'max': 30.534347534179688, 'mean': 29.613166577888258, 'count': 66, 'sum': 1954.468994140625, 'median': 29.659564971923828}","(79.34225257900005, 17.560267294000028, 79.54008752200008, 17.75819989300004)",01-01-2023.geojson,Palakurthy,,,,,
Peddapalli,TSSD0400,137.42,"{'min': 25.803913116455078, 'max': 29.47909164428711, 'mean': 28.247875316722972, 'count': 37, 'sum': 1045.17138671875, 'median': 28.332727432250977}","(79.25348235000007, 18.670677110000042, 79.50381904800008, 18.81832694700006)",01-01-2023.geojson,Palakurthy,,,,,
Jayashankar Bhupalpally,TSSD0401,226.16,"{'min': 25.758420944213867, 'max': 31.709047317504883, 'mean': 27.615694173177083, 'count': 60, 'sum': 1656.941650390625, 'median': 27.255661010742188}","(80.10237686500005, 18.587417120000055, 80.34460111300007, 18.722365577000062)",01-01-2023.geojson,Palmela,,,,,
Bhadradri Kothagudem,TSSD0402,421.11,"{'min': 25.27090835571289, 'max': 30.77470588684082, 'mean': 28.454262123451578, 'count': 111, 'sum': 3158.423095703125, 'median': 28.756362915039062}","(80.57151962200004, 17.50317956400005, 80.86723947600007, 17.895408489000033)",01-01-2023.geojson,Palvancha,,,,,
Wanaparthy,TSSD0403,205.91,"{'min': 29.825653076171875, 'max': 32.92217254638672, 'mean': 31.15627486617477, 'count': 54, 'sum': 1682.4388427734375, 'median': 31.029563903808594}","(78.02855847800004, 16.173396301000025, 78.22246788200005, 16.341012469000077)",01-01-2023.geojson,Pangal,,,,,
Medak,TSSD0404,205.14,"{'min': 26.90839958190918, 'max': 30.15239906311035, 'mean': 28.535744406960227, 'count': 55, 'sum': 1569.4659423828125, 'median': 28.513200759887695}","(77.99790429400008, 17.965407912000046, 78.21345417200007, 18.109216143000026)",01-01-2023.geojson,Papannapet,,,,,
Vikarabad,TSSD0405,227.88,"{'min': 29.465200424194336, 'max': 33.162498474121094, 'mean': 31.66419284626589, 'count': 59, 'sum': 1868.1873779296875, 'median': 31.872499465942383}","(77.76414678500004, 17.074105024000062, 77.99328854900006, 17.257275064000055)",01-01-2023.geojson,Pargi,,,,,
Warangal_Rural,TSSD0406,79.71,"{'min': 28.527273178100586, 'max': 29.632726669311523, 'mean': 29.05321044921875, 'count': 20, 'sum': 581.064208984375, 'median': 29.105087280273438}","(79.645823469, 18.135041913000066, 79.73250177000006, 18.279244378000044)",01-01-2023.geojson,Parkal,,,,,
Warangal_Rural,TSSD0407,161.29,"{'min': 27.836000442504883, 'max': 30.186363220214844, 'mean': 28.740705217633927, 'count': 42, 'sum': 1207.109619140625, 'median': 28.533117294311523}","(79.64445348100008, 17.68264110900003, 79.78084029400003, 17.843589961000077)",01-01-2023.geojson,Parvathagiri,,,,,
Sangareddy,TSSD0408,186.54,"{'min': 29.614166259765625, 'max': 31.62583351135254, 'mean': 30.62248291015625, 'count': 50, 'sum': 1531.1241455078125, 'median': 30.548751831054688}","(78.13716356700007, 17.463618334000046, 78.28967759800008, 17.628094657000076)",01-01-2023.geojson,Patancheruvu,,,,,
Wanaparthy,TSSD0409,199.7,"{'min': 28.573333740234375, 'max': 32.30478286743164, 'mean': 29.736342210036057, 'count': 52, 'sum': 1546.289794921875, 'median': 29.6299991607666}","(77.91611806600008, 16.024587675000078, 78.07471604300008, 16.26834650400002)",01-01-2023.geojson,Pebbair,,,,,
Nalgonda,TSSD0410,534.97,"{'min': 25.377826690673828, 'max': 31.957273483276367, 'mean': 28.991920526079138, 'count': 139, 'sum': 4029.876953125, 'median': 29.199565887451172}","(79.02131319100005, 16.429164953000054, 79.31131002400008, 16.806345736000026)",01-01-2023.geojson,Peda Adisharla Palli,,,,,
Kamareddy,TSSD0411,93.4,"{'min': 28.969091415405273, 'max': 33.55720138549805, 'mean': 30.91547569861779, 'count': 26, 'sum': 803.8023681640625, 'median': 30.63038444519043}","(77.64296889100007, 18.23434125800003, 77.79440383200006, 18.363266914000064)",01-01-2023.geojson,Pedda Kodapgal,,,,,
Nagarkurnool,TSSD0412,268.13,"{'min': 28.969999313354492, 'max': 33.23695755004883, 'mean': 30.818562825520832, 'count': 72, 'sum': 2218.9365234375, 'median': 30.593170166015625}","(78.28210328600005, 16.15614634700006, 78.46080747200006, 16.378297329000077)",01-01-2023.geojson,Peddakothapalle,,,,,
Wanaparthy,TSSD0413,184.53,"{'min': 29.076086044311523, 'max': 33.1966667175293, 'mean': 30.886332194010418, 'count': 48, 'sum': 1482.5439453125, 'median': 30.95871353149414}","(77.91764372000006, 16.364835636000066, 78.12790212400006, 16.52562722400006)",01-01-2023.geojson,Peddamandaddi,,,,,
Peddapalli,TSSD0414,249.03,"{'min': 27.038999557495117, 'max': 29.882381439208984, 'mean': 28.15782629925272, 'count': 69, 'sum': 1942.8900146484375, 'median': 28.084285736083984}","(79.30969398300005, 18.526543618000062, 79.49350302700003, 18.70415850100005)",01-01-2023.geojson,Peddapalli,,,,,
Mahabubabad,TSSD0415,111.61,"{'min': 27.46478271484375, 'max': 29.837825775146484, 'mean': 28.63185831705729, 'count': 30, 'sum': 858.9557495117188, 'median': 28.581878662109375}","(79.51263601700003, 17.490564388000053, 79.63852224900006, 17.619982297000035)",01-01-2023.geojson,Peddavangara,,,,,
Nalgonda,TSSD0416,289.57,"{'min': 27.133636474609375, 'max': 32.925453186035156, 'mean': 30.480259486607142, 'count': 77, 'sum': 2346.97998046875, 'median': 30.57434844970703}","(79.13353438500008, 16.575213949000045, 79.36044542900004, 16.832719401000077)",01-01-2023.geojson,Peddavoora,,,,,
Vikarabad,TSSD0417,240.11,"{'min': 30.059999465942383, 'max': 33.43083190917969, 'mean': 32.08539802797379, 'count': 62, 'sum': 1989.294677734375, 'median': 32.16189956665039}","(77.51261111400004, 17.261553169000024, 77.72573047400004, 17.456603014000052)",01-01-2023.geojson,Peddemul,,,,,
Jagtial,TSSD0418,131.5,"{'min': 27.321304321289062, 'max': 28.755216598510742, 'mean': 27.81161678538603, 'count': 34, 'sum': 945.594970703125, 'median': 27.74956512451172}","(79.00313586800007, 18.638171251000074, 79.13566837800005, 18.76691388300003)",01-01-2023.geojson,Pegadapalli,,,,,
Nirmal,TSSD0419,315.89,"{'min': 26.842632293701172, 'max': 30.738332748413086, 'mean': 28.481721047794117, 'count': 85, 'sum': 2420.9462890625, 'median': 28.14900016784668}","(78.48200096200003, 19.08543736100006, 78.72744941700006, 19.317058780000025)",01-01-2023.geojson,Pembi,,,,,
Kumurambheem Asifabad,TSSD0420,209.6,"{'min': 25.809999465942383, 'max': 30.262632369995117, 'mean': 27.708526611328125, 'count': 56, 'sum': 1551.677490234375, 'median': 27.821578979492188}","(79.66386794600004, 19.199781307000023, 79.94222848200008, 19.367035272000066)",01-01-2023.geojson,Penchikalpet,,,,,
Suryapet,TSSD0421,190.1,"{'min': 27.19700050354004, 'max': 29.751176834106445, 'mean': 28.33868527879902, 'count': 51, 'sum': 1445.27294921875, 'median': 28.35444450378418}","(79.59300492900007, 16.958133916000065, 79.81245856700008, 17.09085837200007)",01-01-2023.geojson,Penpahad,,,,,
Nagarkurnool,TSSD0422,100.6,"{'min': 27.721200942993164, 'max': 32.0341682434082, 'mean': 31.0000693581321, 'count': 22, 'sum': 682.0015258789062, 'median': 31.19041633605957}","(78.18107699600006, 16.00532167600005, 78.32316639500004, 16.139543263000064)",01-01-2023.geojson,Pentlavelli,,,,,
Khammam,TSSD0423,273.41,"{'min': 26.290908813476562, 'max': 30.546667098999023, 'mean': 28.94701470269097, 'count': 72, 'sum': 2084.18505859375, 'median': 29.02288818359375}","(80.59580834400003, 17.100783087000025, 80.77536110100004, 17.320991373000027)",01-01-2023.geojson,Penuballi,,,,,
Bhadradri Kothagudem,TSSD0424,237.05,"{'min': 25.311250686645508, 'max': 30.586000442504883, 'mean': 28.53857609675481, 'count': 65, 'sum': 1855.0074462890625, 'median': 28.706470489501953}","(80.60213672700007, 17.921962273000076, 80.77371604900003, 18.158406092000064)",01-01-2023.geojson,Pinapaka,,,,,
Vikarabad,TSSD0425,206.05,"{'min': 30.90166664123535, 'max': 32.8941650390625, 'mean': 31.890828450520832, 'count': 54, 'sum': 1722.104736328125, 'median': 32.032501220703125}","(77.89676249700005, 17.131204728000057, 78.06049801700004, 17.32409672800003)",01-01-2023.geojson,Pudur,,,,,
Sangareddy,TSSD0426,148.67,"{'min': 23.50119972229004, 'max': 33.32360076904297, 'mean': 28.920001220703124, 'count': 40, 'sum': 1156.800048828125, 'median': 29.374584197998047}","(77.90516574499998, 17.65983009000007, 78.07454656600015, 17.812841045000027)",01-01-2023.geojson,Pulkal,,,,,
Medchal_Malkajgiri,TSSD0427,43.97,"{'min': 29.128400802612305, 'max': 30.469999313354492, 'mean': 29.7915771484375, 'count': 10, 'sum': 297.915771484375, 'median': 29.758150100708008}","(78.38920413800008, 17.480972, 78.50036789700005, 17.561433864000037)",01-01-2023.geojson,Quthbullapur,,,,,
Khammam,TSSD0428,192.3,"{'min': 28.101579666137695, 'max': 30.811111450195312, 'mean': 29.7151416015625, 'count': 50, 'sum': 1485.757080078125, 'median': 29.678390502929688}","(80.13318105300004, 17.232712673000037, 80.34275288000003, 17.401110535000043)",01-01-2023.geojson,Raghunadhapalem,,,,,
Jangoan,TSSD0429,251.68,"{'min': 27.488399505615234, 'max': 31.461666107177734, 'mean': 29.749032547224814, 'count': 67, 'sum': 1993.1851806640625, 'median': 29.744783401489258}","(79.17884629500008, 17.67337913600005, 79.37330906100004, 17.858329210000022)",01-01-2023.geojson,Ragunathpally,,,,,
Jagtial,TSSD0430,266.42,"{'min': 26.70142936706543, 'max': 30.406841278076172, 'mean': 28.371201244752797, 'count': 67, 'sum': 1900.8704833984375, 'median': 28.281110763549805}","(78.72887764300003, 18.831214958000032, 78.93391600400008, 19.071133686000053)",01-01-2023.geojson,Raikal,,,,,
Sangareddy,TSSD0431,223.22,"{'min': 24.627599716186523, 'max': 33.895599365234375, 'mean': 31.11601309940733, 'count': 58, 'sum': 1804.728759765625, 'median': 32.484352111816406}","(77.66777327100004, 17.76655052700005, 77.88238395400003, 17.93163760300007)",01-01-2023.geojson,Raikode,,,,,
Warangal_Rural,TSSD0432,219.17,"{'min': 25.97960090637207, 'max': 30.144285202026367, 'mean': 28.55443115234375, 'count': 60, 'sum': 1713.265869140625, 'median': 28.682174682617188}","(79.48142998600008, 17.619651097000144, 79.69554202900008, 17.76142627300004)",01-01-2023.geojson,Raiparthy,,,,,
Siddipet,TSSD0433,104.17,"{'min': 27.83608627319336, 'max': 29.486799240112305, 'mean': 28.77354483768858, 'count': 29, 'sum': 834.4328002929688, 'median': 28.72916603088379}","(78.55726942800004, 17.83236618500007, 78.68891396900005, 17.985113187000024)",01-01-2023.geojson,Raipole,,,,,
Kamareddy,TSSD0434,126.93,"{'min': 28.419166564941406, 'max': 31.63249969482422, 'mean': 29.75943711224724, 'count': 34, 'sum': 1011.8208618164062, 'median': 29.490432739257812}","(78.21768245400006, 18.146799025000064, 78.37609676800008, 18.26765991900004)",01-01-2023.geojson,Rajampet,,,,,
Yadadri Bhuvanagiri,TSSD0435,197.22,"{'min': 29.247499465942383, 'max': 31.224166870117188, 'mean': 30.166947345344386, 'count': 49, 'sum': 1478.180419921875, 'median': 30.21086883544922}","(78.85825081100006, 17.654937046000043, 79.01597518100004, 17.812669696000057)",01-01-2023.geojson,Rajapeta,,,,,
Mahabubnagar,TSSD0436,125.06,"{'min': 30.90217399597168, 'max': 32.89695739746094, 'mean': 31.819206686580884, 'count': 34, 'sum': 1081.85302734375, 'median': 31.815834045410156}","(78.07616216600007, 16.827293433000023, 78.23953804100006, 16.936410312000078)",01-01-2023.geojson,Rajapur,,,,,
Rangareddy,TSSD0437,48.26,"{'min': 27.13960075378418, 'max': 30.486665725708008, 'mean': 29.548746744791668, 'count': 15, 'sum': 443.231201171875, 'median': 29.645200729370117}","(78.37469952800006, 17.27932147300004, 78.46010745500007, 17.37208799600006)",01-01-2023.geojson,Rajendranagar,,,,,
Jogulamba Gadwal,TSSD0438,129.05,"{'min': 28.38652229309082, 'max': 31.08478355407715, 'mean': 29.370610854204962, 'count': 34, 'sum': 998.6007690429688, 'median': 29.268571853637695}","(77.64468695100004, 15.874725880000028, 77.86920549500007, 15.955733610000038)",01-01-2023.geojson,Rajoli,,,,,
Sangareddy,TSSD0439,76.01,"{'min': 28.600833892822266, 'max': 31.4950008392334, 'mean': 30.05583431846217, 'count': 19, 'sum': 571.0608520507812, 'median': 30.094165802001953}","(78.20639802000005, 17.42785604100004, 78.31670013100006, 17.529947374000074)",01-01-2023.geojson,Ramachandrapuram,,,,,
Karimnagar,TSSD0440,134.02,"{'min': 27.73272705078125, 'max': 30.163333892822266, 'mean': 28.79898978568412, 'count': 37, 'sum': 1065.5626220703125, 'median': 28.813810348510742}","(79.02101613600007, 18.468415441000047, 79.13300998100004, 18.662426753000034)",01-01-2023.geojson,Ramadugu,,,,,
Peddapalli,TSSD0441,174.25,"{'min': 27.70400047302246, 'max': 31.530000686645508, 'mean': 28.874439586292613, 'count': 44, 'sum': 1270.475341796875, 'median': 28.555713653564453}","(79.49644329500006, 18.537401654000064, 79.64857378700003, 18.777236066000057)",01-01-2023.geojson,Ramagiri,,,,,
Peddapalli,TSSD0442,113.66,"{'min': 27.19333267211914, 'max': 30.697826385498047, 'mean': 28.98087433845766, 'count': 31, 'sum': 898.4071044921875, 'median': 29.077272415161133}","(79.41357231200004, 18.674221571000032, 79.54617280200006, 18.82875034600005)",01-01-2023.geojson,Ramagundam,,,,,
Yadadri Bhuvanagiri,TSSD0443,229.79,"{'min': 26.125200271606445, 'max': 30.482500076293945, 'mean': 28.678369140625, 'count': 60, 'sum': 1720.7021484375, 'median': 28.797229766845703}","(78.98814184100007, 17.24503517000005, 79.25341493800005, 17.371267423000063)",01-01-2023.geojson,Ramannapet,,,,,
Kamareddy,TSSD0444,168.07,"{'min': 27.885833740234375, 'max': 30.42130470275879, 'mean': 28.980551076489824, 'count': 43, 'sum': 1246.1636962890625, 'median': 28.96181869506836}","(78.30521243600003, 18.353492533000065, 78.49228659800008, 18.483468182000024)",01-01-2023.geojson,Ramareddy,,,,,
Medak,TSSD0445,151.12,"{'min': 28.231599807739258, 'max': 30.170799255371094, 'mean': 28.960042317708332, 'count': 36, 'sum': 1042.5615234375, 'median': 28.832799911499023}","(78.30425113600006, 18.0235726680001, 78.52133388100003, 18.202632038000047)",01-01-2023.geojson,Ramayampet,,,,,
Kumurambheem Asifabad,TSSD0446,259.91,"{'min': 27.494762420654297, 'max': 31.30299949645996, 'mean': 30.220424107142858, 'count': 70, 'sum': 2115.4296875, 'median': 30.5242862701416}","(79.32166087900004, 19.178187793000063, 79.54911338400007, 19.34967844600004)",01-01-2023.geojson,Rebbena,,,,,
Medak,TSSD0447,80.04,"{'min': 29.798799514770508, 'max': 32.645198822021484, 'mean': 31.531680297851562, 'count': 20, 'sum': 630.6336059570312, 'median': 31.72719955444336}","(77.79480732300004, 17.899738504000027, 77.90762447000003, 18.02227582200004)",01-01-2023.geojson,Regode,,,,,
Jayashankar Bhupalpally,TSSD0448,230.7,"{'min': 27.609046936035156, 'max': 29.9471435546875, 'mean': 28.976103184586865, 'count': 59, 'sum': 1709.590087890625, 'median': 28.994762420654297}","(79.69264018100006, 18.156703452000045, 79.86309632500007, 18.338586973000076)",01-01-2023.geojson,Regonda,,,,,
Nizamabad,TSSD0449,113.22,"{'min': 26.662500381469727, 'max': 28.20052719116211, 'mean': 27.151607259114584, 'count': 30, 'sum': 814.5482177734375, 'median': 27.05782699584961}","(77.86138268200006, 18.703789855000025, 78.00478559000004, 18.827805693000073)",01-01-2023.geojson,Renjal,,,,,
Wanaparthy,TSSD0450,123.03,"{'min': 29.120832443237305, 'max': 31.674999237060547, 'mean': 30.332900103400736, 'count': 34, 'sum': 1031.318603515625, 'median': 30.303749084472656}","(78.18099529600005, 16.28925188900007, 78.31347526600007, 16.41654954300003)",01-01-2023.geojson,Revally,,,,,
Rajanna Sircilla,TSSD0451,102.53,"{'min': 27.28416633605957, 'max': 30.899599075317383, 'mean': 29.26476111778846, 'count': 26, 'sum': 760.8837890625, 'median': 29.206157684326172}","(78.58056651000004, 18.58307069400007, 78.73259018200008, 18.69041016700004)",01-01-2023.geojson,Rudrangi,,,,,
Nizamabad,TSSD0452,49.47,"{'min': 26.325199127197266, 'max': 27.620832443237305, 'mean': 26.725809733072918, 'count': 15, 'sum': 400.88714599609375, 'median': 26.672500610351562}","(77.83311309200008, 18.52944754200007, 77.90865557200004, 18.627816633000066)",01-01-2023.geojson,Rudrur,,,,,
Kamareddy,TSSD0453,196.13,"{'min': 28.510000228881836, 'max': 33.220001220703125, 'mean': 30.711151698850237, 'count': 53, 'sum': 1627.6910400390625, 'median': 30.54166603088379}","(78.13861896100008, 18.353770851000036, 78.32975145300009, 18.507260761000055)",01-01-2023.geojson,Sadashivnagar,,,,,
Sangareddy,TSSD0454,248.56,"{'min': 27.6924991607666, 'max': 33.63959884643555, 'mean': 32.140190573299634, 'count': 68, 'sum': 2185.532958984375, 'median': 32.49333190917969}","(77.85634040500008, 17.56144371700003, 78.05470115400004, 17.744826153000076)",01-01-2023.geojson,Sadasivpet,,,,,
Hyderabad,TSSD0455,4.44,"{'min': 29.96769142150879, 'max': 29.96769142150879, 'mean': 29.96769142150879, 'count': 1, 'sum': 29.96769142150879, 'median': 29.96769142150879}","(78.49666183500005, 17.34852849400005, 78.52105110000008, 17.37992626500005)",01-01-2023.geojson,Saidabad,,,,,
Sangareddy,TSSD0456,85.0,"{'min': 26.045833587646484, 'max': 31.300832748413086, 'mean': 29.759286063058035, 'count': 21, 'sum': 624.9450073242188, 'median': 30.18000030517578}","(78.04085741600005, 17.553553519000047, 78.16506055600007, 17.67324188400005)",01-01-2023.geojson,Sangareddy,,,,,
Warangal_Rural,TSSD0457,147.68,"{'min': 26.28333282470703, 'max': 30.005237579345703, 'mean': 29.0788285104852, 'count': 38, 'sum': 1104.9954833984375, 'median': 29.283809661865234}","(79.62671724200004, 17.820931420000022, 79.79112790100004, 17.944659224000077)",01-01-2023.geojson,Sangem,,,,,
Jagtial,TSSD0458,143.97,"{'min': 26.922000885009766, 'max': 29.729999542236328, 'mean': 28.106126738757624, 'count': 41, 'sum': 1152.3511962890625, 'median': 28.0068416595459}","(78.88862723900007, 18.84957074600004, 79.01218592200007, 19.00894877500002)",01-01-2023.geojson,Sarangapur,,,,,
Nirmal,TSSD0459,255.36,"{'min': 27.201200485229492, 'max': 31.666799545288086, 'mean': 29.032585375236742, 'count': 66, 'sum': 1916.150634765625, 'median': 29.006702423095703}","(78.17542674100008, 19.119711206000034, 78.37414495300004, 19.317393956000046)",01-01-2023.geojson,Sarangapur,,,,,
Khammam,TSSD0460,285.22,"{'min': 26.632667541503906, 'max': 31.267000198364258, 'mean': 28.38809998394692, 'count': 73, 'sum': 2072.331298828125, 'median': 28.30299949645996}","(80.75683769000005, 17.117241266000065, 80.92560532200008, 17.37735310100004)",01-01-2023.geojson,Sathupally,,,,,
Hyderabad,TSSD0461,3.33,"{'min': 28.735599517822266, 'max': 28.735599517822266, 'mean': 28.735599517822266, 'count': 1, 'sum': 28.735599517822266, 'median': 28.735599517822266}","(78.46963204300005, 17.426530425000067, 78.49977880800003, 17.44386382500005)",01-01-2023.geojson,Secunderabad,,,,,
Rangareddy,TSSD0462,96.56,"{'min': 28.43666648864746, 'max': 30.116666793823242, 'mean': 29.093867710658483, 'count': 28, 'sum': 814.6282958984375, 'median': 29.039165496826172}","(78.27172464700004, 17.409225719000062, 78.40724610200004, 17.522654105000072)",01-01-2023.geojson,Serilingampalle,,,,,
Rangareddy,TSSD0463,232.51,"{'min': 30.746665954589844, 'max': 33.151668548583984, 'mean': 31.965630893049568, 'count': 58, 'sum': 1854.006591796875, 'median': 31.959999084472656}","(78.04592706400007, 17.084200252000073, 78.25929582200007, 17.259301650000054)",01-01-2023.geojson,Shabad,,,,,
Hyderabad,TSSD0464,23.35,"{'min': 28.71500015258789, 'max': 29.309999465942383, 'mean': 29.112294514973957, 'count': 6, 'sum': 174.67376708984375, 'median': 29.156566619873047}","(78.38838433400008, 17.386491415000023, 78.45185860300006, 17.441244402000052)",01-01-2023.geojson,Shaikpet,,,,,
Nalgonda,TSSD0465,228.95,"{'min': 26.108333587646484, 'max': 30.645652770996094, 'mean': 28.77247314453125, 'count': 60, 'sum': 1726.348388671875, 'median': 28.905811309814453}","(79.28719940500008, 17.21166416600005, 79.50079969900008, 17.35925323300006)",01-01-2023.geojson,Shaligouraram,,,,,
Medchal_Malkajgiri,TSSD0466,150.73,"{'min': 27.038000106811523, 'max': 30.04360008239746, 'mean': 29.02840576171875, 'count': 40, 'sum': 1161.13623046875, 'median': 29.08769989013672}","(78.49393641100005, 17.536372458000073, 78.65615437000014, 17.695841263000034)",01-01-2023.geojson,Shamirpet,,,,,
Rangareddy,TSSD0467,199.4,"{'min': 28.324399948120117, 'max': 31.990833282470703, 'mean': 30.68157019981971, 'count': 52, 'sum': 1595.441650390625, 'median': 30.681087493896484}","(78.23263628200004, 17.145048406000058, 78.43688465000008, 17.322722112000065)",01-01-2023.geojson,Shamshabad,,,,,
Medak,TSSD0468,142.04,"{'min': 23.673076629638672, 'max': 31.121999740600586, 'mean': 29.378453304893092, 'count': 38, 'sum': 1116.3812255859375, 'median': 30.130399703979492}","(77.85211008600004, 17.994571649000022, 78.00442992900008, 18.123550200000068)",01-01-2023.geojson,Shankarampet_A,,,,,
Karimnagar,TSSD0469,144.28,"{'min': 26.876956939697266, 'max': 28.849000930786133, 'mean': 27.720550537109375, 'count': 40, 'sum': 1108.822021484375, 'median': 27.670455932617188}","(79.25766646100004, 18.226704529000074, 79.40468523700008, 18.368117502000075)",01-01-2023.geojson,Shankarapatnam,,,,,
Rangareddy,TSSD0470,210.66,"{'min': 29.7016658782959, 'max': 33.29666519165039, 'mean': 31.646271269200213, 'count': 59, 'sum': 1867.1300048828125, 'median': 31.69499969482422}","(78.03518070400008, 17.36271017200005, 78.28884776000007, 17.519074225000054)",01-01-2023.geojson,Shankarpalle,,,,,
Warangal_Rural,TSSD0471,116.47,"{'min': 26.908260345458984, 'max': 30.341428756713867, 'mean': 29.025497436523438, 'count': 32, 'sum': 928.81591796875, 'median': 29.167272567749023}","(79.65749409800003, 18.09115618000004, 79.85468848500005, 18.192367870000055)",01-01-2023.geojson,Shayampet,,,,,
Medak,TSSD0472,193.23,"{'min': 28.126800537109375, 'max': 30.93079948425293, 'mean': 29.205202686543366, 'count': 49, 'sum': 1431.054931640625, 'median': 29.207599639892578}","(78.29506747900007, 17.69907432800005, 78.44788785400004, 17.878551977000086)",01-01-2023.geojson,Shivampet,,,,,
Siddipet,TSSD0473,112.6,"{'min': 28.460769653320312, 'max': 30.259599685668945, 'mean': 29.080862862723215, 'count': 28, 'sum': 814.26416015625, 'median': 29.096153259277344}","(78.71740480300008, 18.05814766800006, 78.82931055600005, 18.221303904000138)",01-01-2023.geojson,Siddipet_Rural,,,,,
Siddipet,TSSD0474,140.55,"{'min': 27.829200744628906, 'max': 30.33639907836914, 'mean': 29.713975694444443, 'count': 36, 'sum': 1069.703125, 'median': 29.75516700744629}","(78.77407040900005, 18.036517040000035, 78.93338480300008, 18.152979642000048)",01-01-2023.geojson,Siddipet_Urban,,,,,
Khammam,TSSD0475,248.58,"{'min': 27.79947280883789, 'max': 30.010000228881836, 'mean': 29.299903869628906, 'count': 64, 'sum': 1875.19384765625, 'median': 29.413185119628906}","(80.19501777600004, 17.426341041000057, 80.47158959500007, 17.577896090000024)",01-01-2023.geojson,Singareni,,,,,
Rajanna Sircilla,TSSD0476,53.12,"{'min': 28.560434341430664, 'max': 30.84000015258789, 'mean': 29.60787091936384, 'count': 14, 'sum': 414.51019287109375, 'median': 29.609130859375}","(78.74143609700008, 18.35280534900005, 78.85232997100007, 18.43330245100003)",01-01-2023.geojson,Sircilla,,,,,
Sangareddy,TSSD0477,119.81,"{'min': 27.6299991607666, 'max': 33.779998779296875, 'mean': 31.07664794921875, 'count': 30, 'sum': 932.2994384765625, 'median': 31.461666107177734}","(77.63761782900008, 18.101238527000078, 77.80019010900008, 18.20600259400004)",01-01-2023.geojson,Sirgapoor,,,,,
Adilabad,TSSD0478,202.11,"{'min': 28.027143478393555, 'max': 31.10727310180664, 'mean': 29.98515037254051, 'count': 54, 'sum': 1619.1981201171875, 'median': 30.12203598022461}","(78.50741267300003, 19.29955482500003, 78.69361824700007, 19.472598296000115)",01-01-2023.geojson,Sirikonda,,,,,
Nizamabad,TSSD0479,334.45,"{'min': 27.192607879638672, 'max': 30.25782585144043, 'mean': 28.181052468039773, 'count': 88, 'sum': 2479.9326171875, 'median': 28.00762939453125}","(78.38760279100006, 18.43949633400007, 78.61969949700006, 18.654543137000076)",01-01-2023.geojson,Sirikonda,,,,,
Kumurambheem Asifabad,TSSD0480,336.55,"{'min': 26.01736831665039, 'max': 29.93476104736328, 'mean': 28.24334007085756, 'count': 86, 'sum': 2428.92724609375, 'median': 28.461437225341797}","(79.45414155100008, 19.378014544000052, 79.70518129200008, 19.576127453000026)",01-01-2023.geojson,Sirpur_T,,,,,
Kumurambheem Asifabad,TSSD0481,188.92,"{'min': 26.614999771118164, 'max': 31.52750015258789, 'mean': 30.1320556640625, 'count': 50, 'sum': 1506.602783203125, 'median': 30.466957092285156}","(78.86004844600006, 19.270764704000044, 79.06911914200003, 19.420337200000063)",01-01-2023.geojson,Sirpur_U,,,,,
Nirmal,TSSD0482,83.77,"{'min': 23.30384635925293, 'max': 29.082000732421875, 'mean': 26.78903052920387, 'count': 21, 'sum': 562.5696411132812, 'median': 27.552400588989258}","(78.27684201200003, 18.95122860600003, 78.41145082100007, 19.069772912000076)",01-01-2023.geojson,Soan,,,,,
Peddapalli,TSSD0483,188.77,"{'min': 27.250869750976562, 'max': 30.30727195739746, 'mean': 28.738118489583332, 'count': 51, 'sum': 1465.64404296875, 'median': 28.72652244567871}","(79.43915173000005, 18.412581072000023, 79.59585151700009, 18.604812498000058)",01-01-2023.geojson,Srirampur,,,,,
Wanaparthy,TSSD0484,78.54,"{'min': 28.162500381469727, 'max': 31.93434715270996, 'mean': 30.18451843261719, 'count': 20, 'sum': 603.6903686523438, 'median': 30.160415649414062}","(77.99102928900004, 16.130406421000032, 78.08846242100003, 16.26036345500006)",01-01-2023.geojson,Srirangapur,,,,,
Bhadradri Kothagudem,TSSD0485,105.54,"{'min': 28.639333724975586, 'max': 31.16272735595703, 'mean': 30.272020612444198, 'count': 28, 'sum': 847.6165771484375, 'median': 30.410022735595703}","(80.48722315900005, 17.43343624000005, 80.65641156200007, 17.547570692000022)",01-01-2023.geojson,Sujathanagar,,,,,
Peddapalli,TSSD0486,165.88,"{'min': 26.918333053588867, 'max': 29.68000030517578, 'mean': 28.135486949573863, 'count': 44, 'sum': 1237.96142578125, 'median': 27.980037689208984}","(79.21551160500007, 18.440055271000062, 79.39913112200009, 18.60634948300003)",01-01-2023.geojson,Sultanabad,,,,,
Suryapet,TSSD0487,218.55,"{'min': 25.310869216918945, 'max': 29.603683471679688, 'mean': 28.06358792489035, 'count': 57, 'sum': 1599.62451171875, 'median': 28.112104415893555}","(79.49048435600008, 17.06180805200006, 79.66976062200007, 17.28486849600006)",01-01-2023.geojson,Suryapet,,,,,
Nagarkurnool,TSSD0488,226.32,"{'min': 30.031665802001953, 'max': 32.10200119018555, 'mean': 30.825829290574596, 'count': 62, 'sum': 1911.201416015625, 'median': 30.72966766357422}","(78.26727079000005, 16.49459693400007, 78.45711110600007, 16.688643456000023)",01-01-2023.geojson,Tadoor,,,,,
Mulugu,TSSD0489,839.17,"{'min': 25.74888801574707, 'max': 30.426841735839844, 'mean': 27.534340954701836, 'count': 218, 'sum': 6002.486328125, 'median': 27.426198959350586}","(80.10419615200004, 17.996319820000053, 80.48000297700008, 18.393553888000042)",01-01-2023.geojson,Tadvai (Sammakka Sarakka),,,,,
Kamareddy,TSSD0490,177.12,"{'min': 27.246000289916992, 'max': 32.487693786621094, 'mean': 30.91392224900266, 'count': 47, 'sum': 1452.954345703125, 'median': 31.09160041809082}","(78.15208823200004, 18.213409773000024, 78.30662145900004, 18.383527335000053)",01-01-2023.geojson,Tadwai,,,,,
Rangareddy,TSSD0491,245.69,"{'min': 29.84666633605957, 'max': 31.8700008392334, 'mean': 30.93618127071496, 'count': 66, 'sum': 2041.7879638671875, 'median': 30.951032638549805}","(78.32295389600006, 16.777295856000023, 78.50523085400005, 16.961749273000066)",01-01-2023.geojson,Talakondapally,,,,,
Adilabad,TSSD0492,285.66,"{'min': 27.17818260192871, 'max': 30.903043746948242, 'mean': 29.49864307348279, 'count': 69, 'sum': 2035.4063720703125, 'median': 29.64478302001953}","(78.26295216300008, 19.53761522600007, 78.49682900700003, 19.716183126000033)",01-01-2023.geojson,Talamadugu,,,,,
Adilabad,TSSD0493,97.7,"{'min': 28.433635711669922, 'max': 31.8700008392334, 'mean': 30.27860062210648, 'count': 27, 'sum': 817.522216796875, 'median': 30.255216598510742}","(78.33972411600007, 19.63174893000007, 78.51576933100006, 19.752904132000026)",01-01-2023.geojson,Tamsi,,,,,
Mancherial,TSSD0494,177.0,"{'min': 27.258182525634766, 'max': 31.7318172454834, 'mean': 29.6489404296875, 'count': 50, 'sum': 1482.447021484375, 'median': 29.819978713989258}","(79.32361030500005, 19.082851204000065, 79.57052485400004, 19.226889392000032)",01-01-2023.geojson,Tandur,,,,,
Vikarabad,TSSD0495,240.33,"{'min': 30.18833351135254, 'max': 32.61249923706055, 'mean': 31.87423324584961, 'count': 64, 'sum': 2039.950927734375, 'median': 31.940834045410156}","(77.43695612500005, 17.209464535000052, 77.67739970400004, 17.402500187000044)",01-01-2023.geojson,Tandur,,,,,
Nirmal,TSSD0496,217.5,"{'min': 27.78714370727539, 'max': 31.93166732788086, 'mean': 30.148317498675848, 'count': 59, 'sum': 1778.750732421875, 'median': 30.549999237060547}","(77.76173454100007, 18.90445741800005, 77.90387245800008, 19.155003113000078)",01-01-2023.geojson,Tanoor,,,,,
Medak,TSSD0497,138.61,"{'min': 28.877199172973633, 'max': 31.830799102783203, 'mean': 30.171839663856908, 'count': 38, 'sum': 1146.5299072265625, 'median': 29.965167999267578}","(77.96914892900008, 17.877695860000074, 78.09576951400004, 18.071839029000046)",01-01-2023.geojson,Tekmal,,,,,
Bhadradri Kothagudem,TSSD0498,467.77,"{'min': 26.67588233947754, 'max': 31.641000747680664, 'mean': 29.528364337858605, 'count': 122, 'sum': 3602.46044921875, 'median': 29.73573112487793}","(80.37730808200007, 17.508099650000077, 80.62125353800008, 17.765024521000043)",01-01-2023.geojson,Tekulapalle,,,,,
Jayashankar Bhupalpally,TSSD0499,105.62,"{'min': 28.761817932128906, 'max': 30.021818161010742, 'mean': 29.225570678710938, 'count': 28, 'sum': 818.3159790039062, 'median': 29.1822509765625}","(79.56830471500007, 18.351151408000078, 79.68021060700005, 18.481462286000067)",01-01-2023.geojson,Tekumatla,,,,,
Nagarkurnool,TSSD0500,246.35,"{'min': 29.397199630737305, 'max': 32.14759826660156, 'mean': 30.422039031982422, 'count': 64, 'sum': 1947.010498046875, 'median': 30.302518844604492}","(78.34696131600003, 16.292821352000033, 78.51629761100008, 16.523862474000055)",01-01-2023.geojson,Telkapalle,,,,,
Khammam,TSSD0501,201.36,"{'min': 26.221818923950195, 'max': 29.948749542236328, 'mean': 28.65842193027712, 'count': 53, 'sum': 1518.8963623046875, 'median': 28.796154022216797}","(80.37659267100008, 17.090031495000062, 80.51879083800003, 17.305187707000073)",01-01-2023.geojson,Thallada,,,,,
Rajanna Sircilla,TSSD0502,188.9,"{'min': 25.342500686645508, 'max': 30.116666793823242, 'mean': 28.703355055588943, 'count': 52, 'sum': 1492.574462890625, 'median': 29.054584503173828}","(78.72705830300004, 18.25399247500019, 78.94322523800008, 18.414849795000066)",01-01-2023.geojson,Thangallapalli,,,,,
Jangoan,TSSD0503,85.48,"{'min': 28.99799919128418, 'max': 30.395217895507812, 'mean': 29.73021007719494, 'count': 21, 'sum': 624.3344116210938, 'median': 29.7221736907959}","(79.11661335800005, 17.901698373000045, 79.23410722300008, 17.998869741000078)",01-01-2023.geojson,Tharigoppula,,,,,
Nagarkurnool,TSSD0504,211.8,"{'min': 29.697500228881836, 'max': 32.5386962890625, 'mean': 31.224926329495613, 'count': 57, 'sum': 1779.82080078125, 'median': 31.2641658782959}","(78.12774301200005, 16.58719177000006, 78.30066679700008, 16.739122914000063)",01-01-2023.geojson,Thimmajipeta,,,,,
Karimnagar,TSSD0505,159.28,"{'min': 24.71538543701172, 'max': 29.335216522216797, 'mean': 28.100580259811046, 'count': 43, 'sum': 1208.324951171875, 'median': 28.561199188232422}","(79.10148313700006, 18.256739006000032, 79.27138762700008, 18.42426985000003)",01-01-2023.geojson,Thimmapur,,,,,
Siddipet,TSSD0506,163.65,"{'min': 25.484615325927734, 'max': 29.489200592041016, 'mean': 27.983371900475543, 'count': 46, 'sum': 1287.235107421875, 'median': 28.26907730102539}","(78.64082299900008, 17.935194339000077, 78.80609777400008, 18.103813367000043)",01-01-2023.geojson,Thoguta,,,,,
Mahabubabad,TSSD0507,190.94,"{'min': 27.66181755065918, 'max': 30.054000854492188, 'mean': 28.79419708251953, 'count': 48, 'sum': 1382.1214599609375, 'median': 28.812999725341797}","(79.57724589900005, 17.48583601000007, 79.73451208900008, 17.685591776000024)",01-01-2023.geojson,Thorrur,,,,,
Suryapet,TSSD0508,155.64,"{'min': 27.851999282836914, 'max': 29.42099952697754, 'mean': 28.556089889171513, 'count': 43, 'sum': 1227.911865234375, 'median': 28.55500030517578}","(79.53306376300003, 17.336875194000072, 79.65698014400004, 17.505487876000075)",01-01-2023.geojson,Thungathurthy,,,,,
Nalgonda,TSSD0509,191.03,"{'min': 27.143043518066406, 'max': 29.56999969482422, 'mean': 28.205154718137255, 'count': 51, 'sum': 1438.462890625, 'median': 28.13347816467285}","(79.30130099300004, 16.962640196000052, 79.50775880800006, 17.107243536000055)",01-01-2023.geojson,Tipparthy,,,,,
Suryapet,TSSD0510,133.14,"{'min': 28.227142333984375, 'max': 30.22304344177246, 'mean': 29.243772670200894, 'count': 35, 'sum': 1023.5320434570312, 'median': 29.30714225769043}","(79.36516547400004, 17.434097946000065, 79.57840336100008, 17.524158415000045)",01-01-2023.geojson,Tirumalagiri,,,,,
Nalgonda,TSSD0511,252.04,"{'min': 27.135713577270508, 'max': 32.68727111816406, 'mean': 30.490027794471153, 'count': 65, 'sum': 1981.851806640625, 'median': 31.007272720336914}","(79.26163271700005, 16.580070085000045, 79.46872681600007, 16.764696361000063)",01-01-2023.geojson,Tirumalagiri_Sagar,,,,,
Khammam,TSSD0512,235.92,"{'min': 27.920000076293945, 'max': 30.553333282470703, 'mean': 29.129353841145832, 'count': 63, 'sum': 1835.1492919921875, 'median': 29.079999923706055}","(79.80212475200005, 17.26260219900007, 80.05769935000006, 17.405974666000077)",01-01-2023.geojson,Tirumalayapalem,,,,,
Hyderabad,TSSD0513,13.97,"{'min': 29.282800674438477, 'max': 30.39080047607422, 'mean': 29.72760009765625, 'count': 4, 'sum': 118.910400390625, 'median': 29.61840057373047}","(78.46457994100007, 17.44383310300003, 78.51669244400006, 17.484285331000024)",01-01-2023.geojson,Tirumalgiri,,,,,
Kumurambheem Asifabad,TSSD0514,581.75,"{'min': 25.4490909576416, 'max': 31.88909149169922, 'mean': 28.907432154605264, 'count': 152, 'sum': 4393.9296875, 'median': 28.98590850830078}","(79.03492001100005, 19.050559607000025, 79.39561347700004, 19.31944793300005)",01-01-2023.geojson,Tiryani,,,,,
Nalgonda,TSSD0515,161.12,"{'min': 26.816667556762695, 'max': 29.981578826904297, 'mean': 27.79826965332031, 'count': 40, 'sum': 1111.9307861328125, 'median': 27.37407112121582}","(79.38610741200006, 16.71370968100007, 79.55776053800008, 16.93653709800003)",01-01-2023.geojson,Tripuraram,,,,,
Yadadri Bhuvanagiri,TSSD0516,188.2,"{'min': 29.173200607299805, 'max': 30.775833129882812, 'mean': 30.049889197716347, 'count': 52, 'sum': 1562.59423828125, 'median': 30.080833435058594}","(78.73050890600007, 17.570452835000026, 78.89834246500004, 17.752589976000024)",01-01-2023.geojson,Turkapalle_M,,,,,
Jogulamba Gadwal,TSSD0517,170.36,"{'min': 29.362173080444336, 'max': 34.267391204833984, 'mean': 32.380439226017444, 'count': 43, 'sum': 1392.35888671875, 'median': 32.76913070678711}","(77.88159823500007, 15.863581044000057, 78.08622663000006, 16.053428277000023)",01-01-2023.geojson,Undavelly,,,,,
Medchal_Malkajgiri,TSSD0518,52.14,"{'min': 28.717199325561523, 'max': 30.4507999420166, 'mean': 29.42193134014423, 'count': 13, 'sum': 382.485107421875, 'median': 29.331600189208984}","(78.51557767600008, 17.36244841100006, 78.59239104200003, 17.472398036000072)",01-01-2023.geojson,Uppal,,,,,
Nagarkurnool,TSSD0519,220.67,"{'min': 27.549165725708008, 'max': 31.28333282470703, 'mean': 30.11114191604873, 'count': 59, 'sum': 1776.557373046875, 'median': 30.118696212768555}","(78.49480188900003, 16.427307790000043, 78.78066858400007, 16.540239662000033)",01-01-2023.geojson,Uppunuthala,,,,,
Nagarkurnool,TSSD0520,151.12,"{'min': 29.539600372314453, 'max': 31.7283992767334, 'mean': 30.830441429501487, 'count': 42, 'sum': 1294.8785400390625, 'median': 30.84320068359375}","(78.32047445900008, 16.645373909000057, 78.49203880200008, 16.79728595000006)",01-01-2023.geojson,Urkonda,,,,,
Adilabad,TSSD0521,387.91,"{'min': 26.527999877929688, 'max': 31.29083251953125, 'mean': 29.72763349425118, 'count': 106, 'sum': 3151.129150390625, 'median': 30.05227279663086}","(78.67318644400007, 19.21647222100006, 78.88463769300006, 19.513128066000036)",01-01-2023.geojson,Utnur,,,,,
Karimnagar,TSSD0522,142.44,"{'min': 27.68391227722168, 'max': 30.094545364379883, 'mean': 28.64414576480263, 'count': 38, 'sum': 1088.4775390625, 'median': 28.662174224853516}","(79.24194008100005, 18.132462591000035, 79.37717220500008, 18.263355341000022)",01-01-2023.geojson,V_Saidapur,,,,,
Nizamabad,TSSD0523,135.3,"{'min': 27.185651779174805, 'max': 29.627500534057617, 'mean': 27.935970730251736, 'count': 36, 'sum': 1005.6949462890625, 'median': 27.85521697998047}","(78.33304706400008, 18.693780867000044, 78.47512705800006, 18.85105660800002)",01-01-2023.geojson,Vailpur,,,,,
Yadadri Bhuvanagiri,TSSD0524,316.13,"{'min': 26.948400497436523, 'max': 31.06999969482422, 'mean': 28.623570884146343, 'count': 82, 'sum': 2347.1328125, 'median': 28.69729232788086}","(78.90535444600005, 17.313647203000073, 79.22099072200007, 17.479032318000066)",01-01-2023.geojson,Valigonda,,,,,
Nagarkurnool,TSSD0525,244.56,"{'min': 28.864999771118164, 'max': 31.377500534057617, 'mean': 30.494532729640152, 'count': 66, 'sum': 2012.63916015625, 'median': 30.467082977294922}","(78.48140456800007, 16.498402209000062, 78.71532448400006, 16.664788172000044)",01-01-2023.geojson,Vangoor,,,,,
Nizamabad,TSSD0526,134.67,"{'min': 26.132400512695312, 'max': 31.063846588134766, 'mean': 27.85515659877232, 'count': 35, 'sum': 974.9304809570312, 'median': 27.384782791137695}","(77.84552225000004, 18.434438427000032, 78.04087699300004, 18.57495128000005)",01-01-2023.geojson,Varni,,,,,
Sangareddy,TSSD0527,138.9,"{'min': 23.70599937438965, 'max': 32.57080078125, 'mean': 29.971474095394736, 'count': 38, 'sum': 1138.916015625, 'median': 31.33839988708496}","(77.82626219800005, 17.806470842000067, 77.97597402000008, 17.94784828400003)",01-01-2023.geojson,Vatpally,,,,,
Karimnagar,TSSD0528,149.05,"{'min': 26.883913040161133, 'max': 29.77695655822754, 'mean': 28.124578857421874, 'count': 40, 'sum': 1124.983154296875, 'median': 28.016578674316406}","(79.32153135600004, 18.284775453000066, 79.47308686900004, 18.451735262000057)",01-01-2023.geojson,Veenavanka,,,,,
Rajanna Sircilla,TSSD0529,108.34,"{'min': 27.36359977722168, 'max': 31.46583366394043, 'mean': 28.882123674665177, 'count': 28, 'sum': 808.699462890625, 'median': 28.602916717529297}","(78.52432514700007, 18.43250137900003, 78.66155136400005, 18.551319524000064)",01-01-2023.geojson,Veernapalli,,,,,
Warangal_Urban,TSSD0530,99.79,"{'min': 28.094165802001953, 'max': 29.99260902404785, 'mean': 29.14686279296875, 'count': 25, 'sum': 728.6715698242188, 'median': 29.229999542236328}","(79.22835213700006, 17.93079546100006, 79.37723082100007, 18.05131547900004)",01-01-2023.geojson,Velair,,,,,
Nagarkurnool,TSSD0531,241.3,"{'min': 30.33880043029785, 'max': 32.75166702270508, 'mean': 30.9638671875, 'count': 61, 'sum': 1888.7958984375, 'median': 30.902799606323242}","(78.46270790300008, 16.666440694000073, 78.68353178700005, 16.830959432000043)",01-01-2023.geojson,Veldanda,,,,,
Jagtial,TSSD0532,186.9,"{'min': 26.049129486083984, 'max': 29.53521728515625, 'mean': 28.178740832270407, 'count': 49, 'sum': 1380.75830078125, 'median': 28.32428550720215}","(79.12494408400005, 18.722845411000037, 79.29767471800005, 18.894953697000062)",01-01-2023.geojson,Velgatur,,,,,
Mancherial,TSSD0533,250.71,"{'min': 25.42523765563965, 'max': 29.895263671875, 'mean': 27.866642738456157, 'count': 67, 'sum': 1867.0650634765625, 'median': 27.92368507385254}","(79.69774836700003, 18.995230109000033, 79.93090835500004, 19.173999767000055)",01-01-2023.geojson,Vemanpalle,,,,,
Khammam,TSSD0534,212.09,"{'min': 27.44818115234375, 'max': 31.527999877929688, 'mean': 29.347443181818182, 'count': 55, 'sum': 1614.109375, 'median': 29.295000076293945}","(80.65028236900008, 17.04501079700003, 80.87710057800007, 17.186178728000073)",01-01-2023.geojson,Vemsoor,,,,,
Nalgonda,TSSD0535,112.25,"{'min': 26.580909729003906, 'max': 29.15315818786621, 'mean': 27.429049584173388, 'count': 31, 'sum': 850.300537109375, 'median': 27.34904670715332}","(79.49070453100006, 16.89060024500003, 79.61612180500003, 17.07767939000007)",01-01-2023.geojson,Vemulapally,,,,,
Rajanna Sircilla,TSSD0536,84.86,"{'min': 28.166799545288086, 'max': 30.755599975585938, 'mean': 29.91485595703125, 'count': 20, 'sum': 598.297119140625, 'median': 30.18239974975586}","(78.80779904800005, 18.41516011400006, 78.91545277600005, 18.54459724000003)",01-01-2023.geojson,Vemulawada,,,,,
Rajanna Sircilla,TSSD0537,107.21,"{'min': 25.707500457763672, 'max': 30.59749984741211, 'mean': 28.943272181919642, 'count': 28, 'sum': 810.41162109375, 'median': 29.01612663269043}","(78.77384337400008, 18.403529220000053, 78.91728096300005, 18.597872276000032)",01-01-2023.geojson,Vemulawada Rural,,,,,
Mulugu,TSSD0538,370.83,"{'min': 25.05181884765625, 'max': 30.617618560791016, 'mean': 27.983990659808168, 'count': 101, 'sum': 2826.383056640625, 'median': 27.63888931274414}","(79.85087728600007, 18.200829315000078, 80.17916133800009, 18.400974098000063)",01-01-2023.geojson,Venkatapur,,,,,
Mulugu,TSSD0539,588.35,"{'min': 25.52684211730957, 'max': 32.7827262878418, 'mean': 28.38316932091346, 'count': 156, 'sum': 4427.7744140625, 'median': 28.064342498779297}","(80.46538317500006, 18.105970334000062, 80.79370483500009, 18.449384397000074)",01-01-2023.geojson,Venkatapuram,,,,,
Vikarabad,TSSD0540,270.72,"{'min': 29.95400047302246, 'max': 32.97880172729492, 'mean': 31.87599662885274, 'count': 73, 'sum': 2326.94775390625, 'median': 31.97333335876465}","(77.79093909400007, 17.228214577000074, 78.02432692200006, 17.44577402500005)",01-01-2023.geojson,Vikarabad,,,,,
Jogulamba Gadwal,TSSD0541,129.2,"{'min': 28.518571853637695, 'max': 35.01250076293945, 'mean': 30.793381199692234, 'count': 33, 'sum': 1016.1815795898438, 'median': 30.51956558227539}","(77.71231111200007, 15.89601525300003, 77.89649991000005, 16.018746091000025)",01-01-2023.geojson,Waddepally,,,,,
Wanaparthy,TSSD0542,201.88,"{'min': 28.832609176635742, 'max': 32.991737365722656, 'mean': 31.63439702052696, 'count': 51, 'sum': 1613.354248046875, 'median': 31.72083282470703}","(77.95375639600007, 16.253768913000044, 78.13510940900005, 16.464866955000048)",01-01-2023.geojson,Wanaparthy,,,,,
Kumurambheem Asifabad,TSSD0543,335.2,"{'min': 27.4060001373291, 'max': 31.84619140625, 'mean': 30.656704215116278, 'count': 86, 'sum': 2636.4765625, 'median': 30.773181915283203}","(79.20433473500003, 19.379408367000053, 79.42272052200008, 19.61653411900005)",01-01-2023.geojson,Wankidi,,,,,
Warangal_Urban,TSSD0544,39.54,"{'min': 28.325199127197266, 'max': 30.031665802001953, 'mean': 29.26163274591619, 'count': 11, 'sum': 321.8779602050781, 'median': 29.2283992767334}","(79.59074538600004, 17.974576416000048, 79.67092088100003, 18.04143189300015)",01-01-2023.geojson,Warangal,,,,,
Warangal_Rural,TSSD0545,158.41,"{'min': 26.88520050048828, 'max': 29.760000228881836, 'mean': 28.79264415394176, 'count': 44, 'sum': 1266.8763427734375, 'median': 28.73016357421875}","(79.47950597500005, 17.695552186000043, 79.66242391200007, 17.87391055100005)",01-01-2023.geojson,Wardhannapet,,,,,
Siddipet,TSSD0546,141.87,"{'min': 28.38360023498535, 'max': 30.351667404174805, 'mean': 29.05554841694079, 'count': 38, 'sum': 1104.11083984375, 'median': 28.953332901000977}","(78.510667, 17.737442558000055, 78.67005759100005, 17.837924042000054)",01-01-2023.geojson,Wargal,,,,,
Wanaparthy,TSSD0547,165.53,"{'min': 29.596086502075195, 'max': 32.8466682434082, 'mean': 30.981388535610463, 'count': 43, 'sum': 1332.19970703125, 'median': 30.902000427246094}","(78.03872356400007, 16.081036264000033, 78.22753261000008, 16.189588461000028)",01-01-2023.geojson,Weepangandla,,,,,
Khammam,TSSD0548,135.48,"{'min': 27.986190795898438, 'max': 29.88888931274414, 'mean': 29.252830711570947, 'count': 37, 'sum': 1082.354736328125, 'median': 29.26230812072754}","(80.29245451900005, 17.052642821000063, 80.43887726800006, 17.202658917000065)",01-01-2023.geojson,Wyra,,,,,
Rangareddy,TSSD0549,316.92,"{'min': 28.35869598388672, 'max': 31.165651321411133, 'mean': 30.331465558307926, 'count': 82, 'sum': 2487.18017578125, 'median': 30.4196834564209}","(78.54568468000008, 16.934093064000024, 78.80793281600006, 17.12867297300005)",01-01-2023.geojson,Yacharam,,,,,
Yadadri Bhuvanagiri,TSSD0550,186.21,"{'min': 29.930870056152344, 'max': 31.733999252319336, 'mean': 30.66825118719363, 'count': 51, 'sum': 1564.080810546875, 'median': 30.64583396911621}","(78.84835935400008, 17.534587685000076, 79.03828959100008, 17.686530936000054)",01-01-2023.geojson,Yadagirigutta,,,,,
Nizamabad,TSSD0551,94.89,"{'min': 26.303600311279297, 'max': 28.096956253051758, 'mean': 26.914820744441105, 'count': 26, 'sum': 699.7853393554688, 'median': 26.74756622314453}","(77.91550924600006, 18.623425712000028, 78.04225781600007, 18.729394451000076)",01-01-2023.geojson,Yedapally,,,,,
Vikarabad,TSSD0552,198.18,"{'min': 30.074800491333008, 'max': 32.845001220703125, 'mean': 31.394287109375, 'count': 51, 'sum': 1601.108642578125, 'median': 31.329200744628906}","(77.52786449900003, 17.13053142700005, 77.75138027800006, 17.285580779000043)",01-01-2023.geojson,Yelal,,,,,
Medak,TSSD0553,163.31,"{'min': 28.509199142456055, 'max': 30.940000534057617, 'mean': 29.52648395040761, 'count': 46, 'sum': 1358.21826171875, 'median': 29.51919937133789}","(78.25020444800003, 17.845214376000058, 78.42507897600012, 17.987096653000037)",01-01-2023.geojson,Yeldurthy,,,,,
Bhadradri Kothagudem,TSSD0554,446.45,"{'min': 25.14894676208496, 'max': 30.64727210998535, 'mean': 29.018605878276208, 'count': 124, 'sum': 3598.30712890625, 'median': 29.13802719116211}","(80.20203604400007, 17.495235336000064, 80.42881209300003, 17.784950355000035)",01-01-2023.geojson,Yellandu,,,,,
Kamareddy,TSSD0555,184.45,"{'min': 23.74846076965332, 'max': 28.703845977783203, 'mean': 27.634292291135203, 'count': 49, 'sum': 1354.080322265625, 'median': 27.8238468170166}","(77.94077074800003, 18.10658015200005, 78.09588024100003, 18.321288552000055)",01-01-2023.geojson,Yellareddy,,,,,
Rajanna Sircilla,TSSD0556,186.82,"{'min': 27.027599334716797, 'max': 30.333200454711914, 'mean': 28.928457222732842, 'count': 51, 'sum': 1475.351318359375, 'median': 28.837825775146484}","(78.54791135700003, 18.319811327000025, 78.75757783600005, 18.46288011300004)",01-01-2023.geojson,Yellareddypet,,,,,
Nizamabad,TSSD0557,68.02,"{'min': 27.37173843383789, 'max': 28.397619247436523, 'mean': 27.987451889935663, 'count': 17, 'sum': 475.78668212890625, 'median': 28.047000885009766}","(78.43614230700007, 18.871916310000074, 78.53864631300007, 18.97312927200005)",01-01-2023.geojson,Yergatla,,,,,
Khammam,TSSD0558,262.24,"{'min': 26.888824462890625, 'max': 30.891111373901367, 'mean': 29.429165414663462, 'count': 65, 'sum': 1912.895751953125, 'median': 29.732500076293945}","(80.42901058800004, 16.768789670000046, 80.60532488100006, 16.96155575100005)",01-01-2023.geojson,Yerrupalem,,,,,
Jangoan,TSSD0559,163.78,"{'min': 27.93782615661621, 'max': 30.53087043762207, 'mean': 29.459049479166666, 'count': 45, 'sum': 1325.6572265625, 'median': 29.460908889770508}","(79.40432095600005, 17.69860641200006, 79.51467165900004, 17.89232289800003)",01-01-2023.geojson,Zaffergadh,,,,,
Sangareddy,TSSD0560,243.94,"{'min': 30.31833267211914, 'max': 33.124168395996094, 'mean': 32.13836484966856, 'count': 66, 'sum': 2121.132080078125, 'median': 32.22166442871094}","(77.47167387100006, 17.54590518200007, 77.71357368300005, 17.749326707000023)",01-01-2023.geojson,Zahirabad,,,,,
Nagarkurnool,TSSD0561,183.51,"{'min': 29.450908660888672, 'max': 32.18083190917969, 'mean': 30.641118958938954, 'count': 43, 'sum': 1317.568115234375, 'median': 30.578332901000977}","(78.43086370300006, 16.197314094000035, 78.59402431200004, 16.37663690200003)",01-01-2023.geojson,Lingal,,,,,
Nagarkurnool,TSSD0562,222.74,"{'min': 28.555217742919922, 'max': 31.860000610351562, 'mean': 30.141586303710938, 'count': 56, 'sum': 1687.9288330078125, 'median': 30.090682983398438}","(78.20110216600006, 16.35091361800005, 78.42443343200006, 16.530833019000056)",01-01-2023.geojson,Nagar_Kurnool,,,,,
Mahabubnagar,TSSD0563,145.45,"{'min': 28.545652389526367, 'max': 31.118696212768555, 'mean': 29.96068145007622, 'count': 41, 'sum': 1228.387939453125, 'median': 29.870832443237305}","(77.82864822500005, 16.643852022000033, 77.99254221500007, 16.772605979000048)",01-01-2023.geojson,Mahabubnagar_Rural,,,,,
Narayanpet,TSSD0564,256.63,"{'min': 29.87416648864746, 'max': 34.16749954223633, 'mean': 32.89645565257353, 'count': 68, 'sum': 2236.958984375, 'median': 32.91963577270508}","(77.41869071500008, 16.543696836000038, 77.63466779000004, 16.729675432000022)",01-01-2023.geojson,Utkoor,,,,,
Rangareddy,TSSD0565,22.03,"{'min': 29.09538459777832, 'max': 29.710800170898438, 'mean': 29.480404663085938, 'count': 5, 'sum': 147.4020233154297, 'median': 29.626800537109375}","(78.50689165600005, 17.336093290000065, 78.58558260100006, 17.37992626500005)",01-01-2023.geojson,Saroornagar,,,,,
Sangareddy,TSSD0566,37.76,"{'min': 28.934999465942383, 'max': 30.75083351135254, 'mean': 29.87291717529297, 'count': 8, 'sum': 238.98333740234375, 'median': 29.947500228881836}","(78.28021050800004, 17.505606920000048, 78.35002219800003, 17.57992215400003)",01-01-2023.geojson,Ameenpur,,,,,
Sangareddy,TSSD0567,111.94,"{'min': 28.229999542236328, 'max': 31.38166618347168, 'mean': 29.658438017874055, 'count': 33, 'sum': 978.7284545898438, 'median': 29.741666793823242}","(78.22737331300004, 17.528204591000076, 78.38745191600003, 17.67226987500004)",01-01-2023.geojson,Jinnaram,,,,,
Medak,TSSD0568,112.07,"{'min': 28.41666603088379, 'max': 29.88920021057129, 'mean': 29.26198468889509, 'count': 28, 'sum': 819.3355712890625, 'median': 29.242000579833984}","(78.42603746200007, 17.77588639100003, 78.56138370400004, 17.89800592200004)",01-01-2023.geojson,Toopran,,,,,
Medak,TSSD0569,88.1,"{'min': 28.63960075378418, 'max': 30.385000228881836, 'mean': 29.391448974609375, 'count': 24, 'sum': 705.394775390625, 'median': 29.371200561523438}","(78.41929055500003, 17.692085064000025, 78.52257619700003, 17.817608290000067)",01-01-2023.geojson,Manoharabad,,,,,
Siddipet,TSSD0570,129.06,"{'min': 28.289199829101562, 'max': 29.531665802001953, 'mean': 28.896955702039932, 'count': 36, 'sum': 1040.2904052734375, 'median': 28.953998565673828}","(78.52730335900003, 17.878079271000047, 78.64358807000008, 18.041003706000026)",01-01-2023.geojson,Doultabad,,,,,
Medak,TSSD0571,76.05,"{'min': 28.06304359436035, 'max': 30.236087799072266, 'mean': 29.313616943359374, 'count': 20, 'sum': 586.2723388671875, 'median': 29.355670928955078}","(78.07364299200003, 17.796666895000044, 78.18678124500008, 17.905026876000022)",01-01-2023.geojson,Chilipched,,,,,
Medak,TSSD0572,136.79,"{'min': 27.764400482177734, 'max': 29.918800354003906, 'mean': 29.11916701858108, 'count': 37, 'sum': 1077.4091796875, 'median': 29.244400024414062}","(78.32685103200004, 17.904917194000063, 78.44243876400003, 18.081304571000032)",01-01-2023.geojson,Shankarampet_R,,,,,
Medak,TSSD0573,131.44,"{'min': 28.17799949645996, 'max': 29.809999465942383, 'mean': 28.886293411254883, 'count': 32, 'sum': 924.3613891601562, 'median': 28.741199493408203}","(78.43107409900006, 17.905682555000055, 78.58520918700003, 18.06554777300005)",01-01-2023.geojson,Chegunta,,,,,
Kamareddy,TSSD0574,74.34,"{'min': 28.416086196899414, 'max': 30.221303939819336, 'mean': 29.21613191303454, 'count': 19, 'sum': 555.1065063476562, 'median': 29.221303939819336}","(78.37757087100005, 18.21350254400005, 78.52579487700007, 18.30009331800005)",01-01-2023.geojson,Domakonda,,,,,
Kamareddy,TSSD0575,168.77,"{'min': 27.2983341217041, 'max': 30.731739044189453, 'mean': 29.2384658441311, 'count': 41, 'sum': 1198.777099609375, 'median': 29.170000076293945}","(77.72979911700008, 18.190311369000028, 77.89310396100007, 18.380507752000028)",01-01-2023.geojson,Pitlam,,,,,
Kamareddy,TSSD0576,191.8,"{'min': 27.570833206176758, 'max': 30.333478927612305, 'mean': 29.40158599277712, 'count': 53, 'sum': 1558.2840576171875, 'median': 29.440000534057617}","(77.65355776700005, 18.300626045000058, 77.83219913400006, 18.488304079000045)",01-01-2023.geojson,Bichkunda,,,,,
Kamareddy,TSSD0577,82.32,"{'min': 26.468095779418945, 'max': 29.47166633605957, 'mean': 27.68472844904119, 'count': 22, 'sum': 609.0640258789062, 'median': 27.473913192749023}","(77.75813508500005, 18.372326572000077, 77.86341082200005, 18.505311680000034)",01-01-2023.geojson,Birkoor,,,,,
Adilabad,TSSD0578,34.92,"{'min': 28.53545379638672, 'max': 30.69869613647461, 'mean': 29.940267944335936, 'count': 10, 'sum': 299.4026794433594, 'median': 30.412609100341797}","(78.48710289700006, 19.60170591600007, 78.54305936500003, 19.683661252000036)",01-01-2023.geojson,Mavala,,,,,
Peddapalli,TSSD0579,122.7,"{'min': 25.80363655090332, 'max': 30.26714324951172, 'mean': 28.588104248046875, 'count': 30, 'sum': 857.6431274414062, 'median': 28.886817932128906}","(79.31124542100008, 18.728421345000072, 79.45668509800004, 18.855615717000035)",01-01-2023.geojson,Anthergaon,,,,,
Mulugu,TSSD0580,576.05,"{'min': 26.494443893432617, 'max': 30.986665725708008, 'mean': 28.356885088990065, 'count': 151, 'sum': 4281.8896484375, 'median': 28.323684692382812}","(80.37410149900006, 18.33990656700007, 80.68734144600006, 18.632607707000034)",01-01-2023.geojson,Wazeed,,,,,
Nizamabad,TSSD0581,158.53,"{'min': 27.40565299987793, 'max': 30.14826011657715, 'mean': 28.308616460755815, 'count': 43, 'sum': 1217.2705078125, 'median': 28.28478240966797}","(78.47512705800006, 18.684195498000065, 78.64029038200005, 18.900912592000054)",01-01-2023.geojson,Kammarpally,,,,,
Jangoan,TSSD0582,120.55,"{'min': 26.949199676513672, 'max': 29.909130096435547, 'mean': 28.795789446149552, 'count': 28, 'sum': 806.2821044921875, 'median': 28.984783172607422}","(79.38361325200003, 17.491730369000038, 79.56249112400008, 17.63017571100005)",01-01-2023.geojson,Kodakandla,,,,,
Narayanpet,TSSD0583,172.63,"{'min': 27.769166946411133, 'max': 34.20500183105469, 'mean': 31.41032548384233, 'count': 44, 'sum': 1382.0543212890625, 'median': 31.743913650512695}","(77.23725451100006, 16.366338565000035, 77.45641595200004, 16.49439566000018)",01-01-2023.geojson,Krishna,,,,,
Mancherial,TSSD0584,414.48,"{'min': 26.36263084411621, 'max': 30.477825164794922, 'mean': 28.515236271237864, 'count': 103, 'sum': 2937.0693359375, 'median': 28.768095016479492}","(79.69063140800006, 18.824880136000047, 79.96247775100005, 19.055750638000063)",01-01-2023.geojson,Kotapalle,,,,,
Warangal_Rural,TSSD0585,96.85,"{'min': 28.41699981689453, 'max': 29.520475387573242, 'mean': 29.07440889798678, 'count': 26, 'sum': 755.9346313476562, 'median': 29.110692977905273}","(79.58000525100005, 18.13079426400003, 79.67613864900011, 18.273366891000023)",01-01-2023.geojson,Nadikuda,,,,,
Medchal_Malkajgiri,TSSD0586,92.19,"{'min': 28.491600036621094, 'max': 30.52519989013672, 'mean': 29.804713322566105, 'count': 26, 'sum': 774.9225463867188, 'median': 29.986665725708008}","(78.60919935000027, 17.572950565000042, 78.72357522400006, 17.698451215000034)",01-01-2023.geojson,Muduchinthalaphally,,,,,
Siddipet,TSSD0587,66.64,"{'min': 28.286800384521484, 'max': 29.422000885009766, 'mean': 28.91790771484375, 'count': 18, 'sum': 520.5223388671875, 'median': 28.932884216308594}","(78.75009036300014, 18.179105241000116, 78.85292966200007, 18.26297022400007)",01-01-2023.geojson,Narayanraopet,,,,,
Nizamabad,TSSD0588,59.09,"{'min': 26.154800415039062, 'max': 28.486000061035156, 'mean': 27.279926300048828, 'count': 16, 'sum': 436.47882080078125, 'median': 26.972415924072266}","(77.93403706700008, 18.52915054300007, 78.05329923800008, 18.639067520000026)",01-01-2023.geojson,Mosra,,,,,
Nizamabad,TSSD0589,49.75,"{'min': 26.220399856567383, 'max': 28.82200050354004, 'mean': 27.306379045758927, 'count': 14, 'sum': 382.289306640625, 'median': 27.188331604003906}","(77.91841617100005, 18.496525074000033, 78.04060240200005, 18.590460833)",01-01-2023.geojson,Chandur,,,,,
Sangareddy,TSSD0590,97.98,"{'min': 25.873332977294922, 'max': 31.22833251953125, 'mean': 29.6408849645544, 'count': 27, 'sum': 800.3038940429688, 'median': 29.861665725708008}","(78.03596075900009, 17.649676136000153, 78.15543426700003, 17.771041394000065)",01-01-2023.geojson,Chowtakur,,,,,
Medak,TSSD0591,67.5,"{'min': 27.829999923706055, 'max': 30.065200805664062, 'mean': 29.209058973524307, 'count': 18, 'sum': 525.7630615234375, 'median': 29.389598846435547}","(78.39670312900006, 17.869416313000045, 78.53362296600005, 17.948666831000025)",01-01-2023.geojson,Masaipet,,,,,
Siddipet,TSSD0592,70.13,"{'min': 28.585651397705078, 'max': 30.14826011657715, 'mean': 29.43191688939145, 'count': 19, 'sum': 559.2064208984375, 'median': 29.49521827697754}","(79.03345267100008, 17.94056795000006, 79.15307655800007, 18.032435260000113)",01-01-2023.geojson,Dhoolumitta,,,,,
Rangareddy,TSSD0001,254.22,"{'min': 30.642173767089844, 'max': 36.797271728515625, 'mean': 34.69481682054924, 'count': 66, 'sum': 2289.85791015625, 'median': 34.87956619262695}","(78.55995755200007, 17.23432776100003, 78.76246159900006, 17.40383786600006)",01-02-2023.geojson,Abdullapurmet,,,,,
Nagarkurnool,TSSD0002,502.12,"{'min': 31.49956512451172, 'max': 36.1795654296875, 'mean': 34.057834201388886, 'count': 126, 'sum': 4291.287109375, 'median': 34.076087951660156}","(78.58204158400008, 16.328785754000023, 79.06420699900008, 16.552355156000033)",01-02-2023.geojson,Achampet,,,,,
Nalgonda,TSSD0003,124.12,"{'min': 28.468334197998047, 'max': 36.757999420166016, 'mean': 32.99472508285985, 'count': 33, 'sum': 1088.825927734375, 'median': 32.59782791137695}","(79.40552823000007, 16.61250682600007, 79.58503520000005, 16.727679548000026)",01-02-2023.geojson,Adavidevulapally,,,,,
Yadadri Bhuvanagiri,TSSD0004,141.84,"{'min': 30.960433959960938, 'max': 36.282501220703125, 'mean': 33.47578510485197, 'count': 38, 'sum': 1272.079833984375, 'median': 33.446250915527344}","(79.30480125000008, 17.343213083000023, 79.45808114400006, 17.48429223000005)",01-02-2023.geojson,Addagudur,,,,,
Mahabubnagar,TSSD0005,133.19,"{'min': 31.838571548461914, 'max': 36.90913009643555, 'mean': 35.1258544921875, 'count': 36, 'sum': 1264.53076171875, 'median': 35.338096618652344}","(77.85964485800008, 16.441965785000036, 78.01275922800005, 16.583453924000025)",01-02-2023.geojson,Addakal,,,,,
Adilabad,TSSD0006,296.11,"{'min': 33.24166488647461, 'max': 36.60166549682617, 'mean': 35.108017958603895, 'count': 77, 'sum': 2703.3173828125, 'median': 35.17166519165039}","(78.46791283600004, 19.529549935000034, 78.75075334500008, 19.743971118000047)",01-02-2023.geojson,Adilabad Rural,,,,,
Adilabad,TSSD0007,18.64,"{'min': 34.02916717529297, 'max': 34.981666564941406, 'mean': 34.413333892822266, 'count': 4, 'sum': 137.65333557128906, 'median': 34.321250915527344}","(78.51136180900005, 19.64107290800007, 78.56091570800004, 19.696663797000042)",01-02-2023.geojson,Adilabad Urban,,,,,
Jogulamba Gadwal,TSSD0008,281.08,"{'min': 30.758182525634766, 'max': 39.00043487548828, 'mean': 35.054065113336264, 'count': 71, 'sum': 2488.838623046875, 'median': 35.23181915283203}","(77.51085515500006, 15.892624954000041, 77.79118149700008, 16.073899572000073)",01-02-2023.geojson,Aiza,,,,,
Siddipet,TSSD0009,181.57,"{'min': 30.7073917388916, 'max': 33.83608627319336, 'mean': 32.47748046875, 'count': 50, 'sum': 1623.8740234375, 'median': 32.5069580078125}","(79.09867562300008, 17.991228970000066, 79.28258652700003, 18.10859845500005)",01-02-2023.geojson,Akkannapet,,,,,
Yadadri Bhuvanagiri,TSSD0010,165.31,"{'min': 32.22130584716797, 'max': 36.75347900390625, 'mean': 34.28579499000727, 'count': 43, 'sum': 1474.2891845703125, 'median': 34.25434875488281}","(78.99234199800003, 17.567113119000055, 79.16709451200006, 17.725946442000065)",01-02-2023.geojson,Alair,,,,,
Jogulamba Gadwal,TSSD0011,212.17,"{'min': 30.951818466186523, 'max': 41.7845458984375, 'mean': 36.754443828876205, 'count': 52, 'sum': 1911.2310791015625, 'median': 36.38818359375}","(78.05931506700006, 15.836429923000026, 78.25321888900004, 16.011158503000047)",01-02-2023.geojson,Alampur,,,,,
Medak,TSSD0012,106.37,"{'min': 31.9060001373291, 'max': 38.2588005065918, 'mean': 35.272311740451386, 'count': 27, 'sum': 952.3524169921875, 'median': 35.56840133666992}","(77.88797224100006, 17.883895607000056, 78.00388009500006, 18.014119892000053)",01-02-2023.geojson,Alladurg,,,,,
Bhadradri Kothagudem,TSSD0013,507.54,"{'min': 28.789199829101562, 'max': 35.5723991394043, 'mean': 31.96203243371212, 'count': 132, 'sum': 4218.98828125, 'median': 31.719532012939453}","(80.39744846200006, 17.75296549600006, 80.69612561700006, 18.05460231400002)",01-02-2023.geojson,Allapalli,,,,,
Medchal_Malkajgiri,TSSD0014,43.73,"{'min': 33.223636627197266, 'max': 34.00727462768555, 'mean': 33.63330632990057, 'count': 11, 'sum': 369.96636962890625, 'median': 33.66363525390625}","(78.47891113600008, 17.480615318000048, 78.57688553000008, 17.549306657000045)",01-02-2023.geojson,Alwal,,,,,
Rangareddy,TSSD0015,138.08,"{'min': 34.25761795043945, 'max': 36.3995246887207, 'mean': 35.229529486762154, 'count': 36, 'sum': 1268.2630615234375, 'median': 35.30705261230469}","(78.48719442500004, 16.794263726000054, 78.63278904100008, 16.922855003000052)",01-02-2023.geojson,Amangal,,,,,
Wanaparthy,TSSD0016,110.02,"{'min': 26.738182067871094, 'max': 36.634761810302734, 'mean': 33.340755208333334, 'count': 30, 'sum': 1000.22265625, 'median': 34.55666732788086}","(77.65718116000005, 16.32682638500006, 77.80141077600007, 16.437234124000042)",01-02-2023.geojson,Amarchintha,,,,,
Hyderabad,TSSD0017,9.23,"{'min': 33.5790901184082, 'max': 33.94181823730469, 'mean': 33.68477249145508, 'count': 4, 'sum': 134.7390899658203, 'median': 33.609092712402344}","(78.48463282000006, 17.368221164000033, 78.52881660000008, 17.40365662100004)",01-02-2023.geojson,Amberpet,,,,,
Hyderabad,TSSD0018,3.86,"{'min': 33.29090881347656, 'max': 33.29090881347656, 'mean': 33.29090881347656, 'count': 1, 'sum': 33.29090881347656, 'median': 33.29090881347656}","(78.42921871100003, 17.43080978200004, 78.46511365000003, 17.45407132100007)",01-02-2023.geojson,Ammerpet,,,,,
Nagarkurnool,TSSD0019,1218.96,"{'min': 29.53333282470703, 'max': 36.92166519165039, 'mean': 32.51560609879032, 'count': 310, 'sum': 10079.837890625, 'median': 32.341060638427734}","(78.48741327000005, 16.00923712100007, 79.02694515400003, 16.415272880000032)",01-02-2023.geojson,Amrabad,,,,,
Suryapet,TSSD0020,116.56,"{'min': 27.01285743713379, 'max': 29.285999298095703, 'mean': 28.14663289388021, 'count': 30, 'sum': 844.3989868164062, 'median': 28.139713287353516}","(79.90212536100006, 16.982533018000026, 80.06097163900006, 17.132924940000066)",01-02-2023.geojson,Ananthagiri,,,,,
Sangareddy,TSSD0021,186.83,"{'min': 30.803333282470703, 'max': 39.20500183105469, 'mean': 34.279177401928195, 'count': 47, 'sum': 1611.121337890625, 'median': 34.3216667175293}","(77.94290081500003, 17.75956500500007, 78.11621519700003, 17.925892899000075)",01-02-2023.geojson,Andole,,,,,
Bhadradri Kothagudem,TSSD0022,176.27,"{'min': 30.2336368560791, 'max': 33.0790901184082, 'mean': 31.67943274456522, 'count': 46, 'sum': 1457.25390625, 'median': 31.611740112304688}","(80.64118685200003, 17.28576821300004, 80.85142774000008, 17.41689142100006)",01-02-2023.geojson,Annapureddipalle,,,,,
Nalgonda,TSSD0023,190.48,"{'min': 27.109167098999023, 'max': 36.2518196105957, 'mean': 32.35814453125, 'count': 50, 'sum': 1617.9072265625, 'median': 32.85387420654297}","(79.19527357000004, 16.726884840000025, 79.39201370200004, 16.913228080000067)",01-02-2023.geojson,Anumula_Haliya,,,,,
Nizamabad,TSSD0024,221.85,"{'min': 24.693199157714844, 'max': 32.51750183105469, 'mean': 29.1309814453125, 'count': 60, 'sum': 1747.85888671875, 'median': 29.09280014038086}","(78.17296352400007, 18.74292431300006, 78.35632004600006, 18.93725310900004)",01-02-2023.geojson,Armoor,,,,,
Kumurambheem Asifabad,TSSD0025,380.26,"{'min': 27.824783325195312, 'max': 38.44217300415039, 'mean': 35.0586727366728, 'count': 102, 'sum': 3575.984619140625, 'median': 35.12434768676758}","(79.05947913700004, 19.250334717000044, 79.39455949500007, 19.45064135100006)",01-02-2023.geojson,Asifabad,,,,,
Hyderabad,TSSD0026,12.88,"{'min': 32.373477935791016, 'max': 34.24909210205078, 'mean': 33.2431640625, 'count': 4, 'sum': 132.97265625, 'median': 33.17504119873047}","(78.42582161500007, 17.359808491000024, 78.46198218000006, 17.408130664000055)",01-02-2023.geojson,Asifnagar,,,,,
Bhadradri Kothagudem,TSSD0027,329.09,"{'min': 29.20916748046875, 'max': 34.24913024902344, 'mean': 31.757443514737215, 'count': 88, 'sum': 2794.655029296875, 'median': 31.47723388671875}","(80.68546006000008, 17.692266541000038, 80.88829418500006, 17.933206824000024)",01-02-2023.geojson,Aswapuram,,,,,
Bhadradri Kothagudem,TSSD0028,564.09,"{'min': 27.235000610351562, 'max': 33.40359878540039, 'mean': 30.699689716312058, 'count': 141, 'sum': 4328.65625, 'median': 30.70304298400879}","(81.00029477700008, 17.215797421000048, 81.31479948400005, 17.495516869000028)",01-02-2023.geojson,Aswaraopeta,,,,,
Yadadri Bhuvanagiri,TSSD0029,171.54,"{'min': 30.56304359436035, 'max': 34.71173858642578, 'mean': 33.148898654513886, 'count': 45, 'sum': 1491.700439453125, 'median': 33.279563903808594}","(79.08082893600005, 17.39675374600006, 79.24565290200007, 17.53585182000006)",01-02-2023.geojson,Athmakur (M),,,,,
Wanaparthy,TSSD0030,137.9,"{'min': 29.703636169433594, 'max': 36.44428634643555, 'mean': 32.673122829861114, 'count': 36, 'sum': 1176.232421875, 'median': 32.544288635253906}","(77.73676945900007, 16.203007356000057, 77.92502598300007, 16.38983216400004)",01-02-2023.geojson,Atmakur,,,,,
Warangal_Rural,TSSD0031,100.48,"{'min': 29.230833053588867, 'max': 32.7408332824707, 'mean': 31.429903470552883, 'count': 26, 'sum': 817.177490234375, 'median': 31.27916717529297}","(79.67890460400008, 17.996386791000077, 79.82038191900006, 18.11908245500007)",01-02-2023.geojson,Atmakur,,,,,
Suryapet,TSSD0032,206.49,"{'min': 28.945833206176758, 'max': 32.40391159057617, 'mean': 30.757328657670456, 'count': 55, 'sum': 1691.653076171875, 'median': 30.846363067626953}","(79.59145821600004, 17.18757524600005, 79.81482135400006, 17.314815594000038)",01-02-2023.geojson,Atmakur_S,,,,,
Yadadri Bhuvanagiri,TSSD0033,188.28,"{'min': 27.228260040283203, 'max': 35.05521774291992, 'mean': 30.90635052849265, 'count': 51, 'sum': 1576.223876953125, 'median': 30.568260192871094}","(78.70944519200003, 17.280238217000033, 78.91168170600008, 17.414015307000057)",01-02-2023.geojson,B.Pochampally,,,,,
Jangoan,TSSD0034,215.84,"{'min': 31.06304359436035, 'max': 34.6795654296875, 'mean': 33.33950700431034, 'count': 58, 'sum': 1933.69140625, 'median': 33.402610778808594}","(78.86787166400006, 17.709206091000055, 79.10262993800006, 17.8761671850001)",01-02-2023.geojson,Bachannapet,,,,,
Medchal_Malkajgiri,TSSD0035,17.73,"{'min': 32.51416778564453, 'max': 34.723331451416016, 'mean': 33.16233520507812, 'count': 5, 'sum': 165.81167602539062, 'median': 32.76499938964844}","(78.34798865200008, 17.510629856000037, 78.39909413900006, 17.553712028000064)",01-02-2023.geojson,Bachupally,,,,,
Hyderabad,TSSD0036,15.01,"{'min': 31.463043212890625, 'max': 34.1018180847168, 'mean': 33.02586364746094, 'count': 3, 'sum': 99.07759094238281, 'median': 33.512725830078125}","(78.43027281000008, 17.326923403000023, 78.47901840600008, 17.372507289000055)",01-02-2023.geojson,Bahadurpura,,,,,
Mahabubnagar,TSSD0037,174.74,"{'min': 34.55363464355469, 'max': 37.05181884765625, 'mean': 35.900093410326086, 'count': 46, 'sum': 1651.404296875, 'median': 35.857234954833984}","(78.08729467400008, 16.845259309000028, 78.30248119100008, 17.011459106000075)",01-02-2023.geojson,Balanagar,,,,,
Medchal_Malkajgiri,TSSD0038,19.28,"{'min': 33.52818298339844, 'max': 34.91090774536133, 'mean': 34.261602783203124, 'count': 5, 'sum': 171.30801391601562, 'median': 34.40304183959961}","(78.41398145500006, 17.437593329000038, 78.49711234500006, 17.495946916000037)",01-02-2023.geojson,Balanagar,,,,,
Rangareddy,TSSD0039,131.84,"{'min': 33.057273864746094, 'max': 35.93381118774414, 'mean': 34.40153111049107, 'count': 35, 'sum': 1204.0535888671875, 'median': 34.38523864746094}","(78.40825680200004, 17.228240129000028, 78.57240744700005, 17.342781479000053)",01-02-2023.geojson,Balapur,,,,,
Nizamabad,TSSD0040,97.3,"{'min': 24.618799209594727, 'max': 30.68666648864746, 'mean': 28.103076171875, 'count': 25, 'sum': 702.576904296875, 'median': 29.072500228881836}","(78.27055155900007, 18.820303712000054, 78.39954724000006, 18.968813210000064)",01-02-2023.geojson,Balkonda,,,,,
Nagarkurnool,TSSD0041,243.17,"{'min': 31.17173957824707, 'max': 36.31695556640625, 'mean': 33.93148662860577, 'count': 65, 'sum': 2205.546630859375, 'median': 34.15956497192383}","(78.49549449900007, 16.225707747000058, 78.67809309200004, 16.452804138000033)",01-02-2023.geojson,Balmoor,,,,,
Hyderabad,TSSD0042,21.38,"{'min': 33.995452880859375, 'max': 35.0, 'mean': 34.474385579427086, 'count': 6, 'sum': 206.8463134765625, 'median': 34.39948272705078}","(78.45371439300004, 17.293465379000054, 78.51861491400007, 17.352247109000075)",01-02-2023.geojson,Bandlaguda,,,,,
Kamareddy,TSSD0043,142.84,"{'min': 26.753334045410156, 'max': 34.785831451416016, 'mean': 29.48458775111607, 'count': 35, 'sum': 1031.9605712890625, 'median': 28.78333282470703}","(77.83852436200004, 18.316119945000025, 78.03038834200004, 18.45416467000007)",01-02-2023.geojson,Banswada,,,,,
Vikarabad,TSSD0044,91.56,"{'min': 36.525001525878906, 'max': 38.19960021972656, 'mean': 37.46904541015625, 'count': 25, 'sum': 936.7261352539062, 'median': 37.59333419799805}","(77.61390270400005, 17.383589031000042, 77.77189871100006, 17.483158091000064)",01-02-2023.geojson,Bantwaram,,,,,
Nirmal,TSSD0045,108.16,"{'min': 30.48200035095215, 'max': 37.544166564941406, 'mean': 35.12396661166487, 'count': 29, 'sum': 1018.5950317382812, 'median': 35.23080062866211}","(77.87395490400007, 18.84522452500005, 78.04060419300004, 18.95240894500006)",01-02-2023.geojson,Basar,,,,,
Vikarabad,TSSD0046,206.01,"{'min': 33.6963996887207, 'max': 39.25166702270508, 'mean': 37.017803839917455, 'count': 53, 'sum': 1961.943603515625, 'median': 36.967498779296875}","(77.36247981800005, 17.108590786000036, 77.53841200600004, 17.271892981000065)",01-02-2023.geojson,Basheerabad,,,,,
Mahabubabad,TSSD0047,307.29,"{'min': 30.99260902404785, 'max': 35.719566345214844, 'mean': 33.154097945601855, 'count': 81, 'sum': 2685.48193359375, 'median': 33.11000061035156}","(80.05728874800008, 17.53352028000006, 80.26094565000005, 17.75039165800007)",01-02-2023.geojson,Bayyaram,,,,,
Adilabad,TSSD0048,253.13,"{'min': 32.25833511352539, 'max': 37.19559860229492, 'mean': 35.128564453125, 'count': 70, 'sum': 2458.99951171875, 'median': 35.24559783935547}","(78.27492577100008, 19.393371099000035, 78.47377904700005, 19.580545785000027)",01-02-2023.geojson,Bazarhathnoor,,,,,
Jagtial,TSSD0049,108.89,"{'min': 30.65636444091797, 'max': 34.79261016845703, 'mean': 32.72587339339718, 'count': 31, 'sum': 1014.5020751953125, 'median': 32.8352165222168}","(78.87792220400007, 18.96036622300005, 79.02108975900006, 19.07988819600007)",01-02-2023.geojson,Beerpur,,,,,
Siddipet,TSSD0050,152.56,"{'min': 30.493478775024414, 'max': 35.940433502197266, 'mean': 32.931976318359375, 'count': 40, 'sum': 1317.279052734375, 'median': 33.02565002441406}","(78.95201931600008, 18.18925398600004, 79.11791494600004, 18.34315846100003)",01-02-2023.geojson,Bejjanki,,,,,
Kumurambheem Asifabad,TSSD0051,282.92,"{'min': 29.65250015258789, 'max': 35.151668548583984, 'mean': 32.74717122395833, 'count': 75, 'sum': 2456.037841796875, 'median': 32.981666564941406}","(79.71984640800008, 19.26669339700004, 79.96748160900006, 19.444060153000066)",01-02-2023.geojson,Bejjur,,,,,
Adilabad,TSSD0052,252.64,"{'min': 31.142499923706055, 'max': 36.55416488647461, 'mean': 34.80090155117754, 'count': 69, 'sum': 2401.26220703125, 'median': 34.9716682434082}","(78.68107592100006, 19.56508431800006, 78.85966689500003, 19.782733789000076)",01-02-2023.geojson,Bela,,,,,
Mancherial,TSSD0053,146.79,"{'min': 32.040000915527344, 'max': 36.03521728515625, 'mean': 34.04392700195312, 'count': 40, 'sum': 1361.757080078125, 'median': 34.0465202331543}","(79.41901996000007, 18.98112085100007, 79.58961168500008, 19.132048594000025)",01-02-2023.geojson,Bellampalle,,,,,
Bhadradri Kothagudem,TSSD0054,11.21,"{'min': 33.603912353515625, 'max': 33.94565200805664, 'mean': 33.7747802734375, 'count': 2, 'sum': 67.549560546875, 'median': 33.7747802734375}","(80.87537144200007, 17.64270969100005, 80.91092172600008, 17.683719212000028)",01-02-2023.geojson,Bhadrachalam,,,,,
Nirmal,TSSD0055,247.42,"{'min': 29.7947998046875, 'max': 36.95240020751953, 'mean': 32.743003731343286, 'count': 67, 'sum': 2193.78125, 'median': 32.38359832763672}","(77.87843723700007, 19.03252738200007, 78.09109643600004, 19.219462747000023)",01-02-2023.geojson,Bhainsa,,,,,
Warangal_Urban,TSSD0056,147.17,"{'min': 29.951738357543945, 'max': 33.5239143371582, 'mean': 31.875118582589284, 'count': 35, 'sum': 1115.629150390625, 'median': 31.70391273498535}","(79.25802483300004, 18.001111758000036, 79.41034323000008, 18.156221128000027)",01-02-2023.geojson,Bheemadevarapalli,,,,,
Mancherial,TSSD0057,156.12,"{'min': 31.044166564941406, 'max': 33.63083267211914, 'mean': 32.07444724058494, 'count': 39, 'sum': 1250.9034423828125, 'median': 32.021305084228516}","(79.58636746400003, 18.76414004000003, 79.73368796500006, 18.942415460000063)",01-02-2023.geojson,Bheemaram,,,,,
Nizamabad,TSSD0058,225.03,"{'min': 27.81916618347168, 'max': 33.05091094970703, 'mean': 30.10513916015625, 'count': 60, 'sum': 1806.308349609375, 'median': 30.14958381652832}","(78.35785953300007, 18.617871123000043, 78.59699998100007, 18.754933092000044)",01-02-2023.geojson,Bheemgal,,,,,
Mancherial,TSSD0059,151.63,"{'min': 33.72391128540039, 'max': 37.360435485839844, 'mean': 35.82280500545058, 'count': 43, 'sum': 1540.380615234375, 'median': 35.915218353271484}","(79.50578178000006, 19.14043541600006, 79.67664248700004, 19.288073780000047)",01-02-2023.geojson,Bheemini,,,,,
Adilabad,TSSD0060,195.62,"{'min': 35.037498474121094, 'max': 38.08250045776367, 'mean': 36.349947016289896, 'count': 47, 'sum': 1708.447509765625, 'median': 36.33416748046875}","(78.28468101500005, 19.728594951000048, 78.49256909000007, 19.91690008100005)",01-02-2023.geojson,Bheempoor,,,,,
Kamareddy,TSSD0061,154.94,"{'min': 30.42727279663086, 'max': 33.74333190917969, 'mean': 32.28363327752976, 'count': 42, 'sum': 1355.91259765625, 'median': 32.48533630371094}","(78.33227141500004, 18.122403492000046, 78.50250512100007, 18.278813365000076)",01-02-2023.geojson,Bhiknoor,,,,,
Yadadri Bhuvanagiri,TSSD0062,299.2,"{'min': 27.52739143371582, 'max': 38.66130447387695, 'mean': 34.08913010817308, 'count': 78, 'sum': 2658.9521484375, 'median': 34.071739196777344}","(78.80997708400008, 17.36896378700004, 79.04721217500008, 17.595952069000077)",01-02-2023.geojson,Bhongiri,,,,,
Mahabubnagar,TSSD0063,177.56,"{'min': 32.7136344909668, 'max': 36.2647819519043, 'mean': 34.52579839178856, 'count': 47, 'sum': 1622.7125244140625, 'median': 34.361305236816406}","(77.97152580800008, 16.592727025000045, 78.15346036600005, 16.739702366000074)",01-02-2023.geojson,Bhoothpur,,,,,
Jayashankar Bhupalpally,TSSD0064,412.31,"{'min': 28.760400772094727, 'max': 34.37916564941406, 'mean': 31.647386338975693, 'count': 108, 'sum': 3417.917724609375, 'median': 31.512582778930664}","(79.72643010900003, 18.326274666000074, 80.15195044700005, 18.518666378000034)",01-02-2023.geojson,Bhupalpally,,,,,
Yadadri Bhuvanagiri,TSSD0065,181.21,"{'min': 28.24652099609375, 'max': 35.66130447387695, 'mean': 33.337721221301024, 'count': 49, 'sum': 1633.54833984375, 'median': 33.96478271484375}","(78.70762825800006, 17.383774324000058, 78.91649957900006, 17.531102042000043)",01-02-2023.geojson,Bibinagar,,,,,
Kamareddy,TSSD0066,80.7,"{'min': 28.203332901000977, 'max': 33.3421745300293, 'mean': 31.334567260742187, 'count': 20, 'sum': 626.6913452148438, 'median': 31.6010684967041}","(78.46247299900006, 18.169106830000032, 78.56926485100007, 18.275633318000075)",01-02-2023.geojson,Bibipet,,,,,
Nagarkurnool,TSSD0067,265.69,"{'min': 29.274545669555664, 'max': 37.155452728271484, 'mean': 33.51314174107143, 'count': 70, 'sum': 2345.919921875, 'median': 33.67536163330078}","(78.10083116400006, 16.421414171000038, 78.28225422800006, 16.626726615000052)",01-02-2023.geojson,Bijinapalle,,,,,
Adilabad,TSSD0068,324.19,"{'min': 32.389198303222656, 'max': 37.38600158691406, 'mean': 34.734640773338604, 'count': 79, 'sum': 2744.03662109375, 'median': 34.64680099487305}","(78.17215629700007, 19.264980181000055, 78.39684222400007, 19.45647146400006)",01-02-2023.geojson,Boath,,,,,
Nizamabad,TSSD0069,274.45,"{'min': 26.00279998779297, 'max': 34.87080001831055, 'mean': 29.95142604880137, 'count': 73, 'sum': 2186.4541015625, 'median': 29.333999633789062}","(77.73094369300003, 18.573510121000027, 77.96006357300001, 18.81143505500006)",01-02-2023.geojson,Bodhan,,,,,
Rajanna Sircilla,TSSD0070,143.88,"{'min': 26.768260955810547, 'max': 34.463043212890625, 'mean': 31.050745522103657, 'count': 41, 'sum': 1273.08056640625, 'median': 31.01608657836914}","(78.89142673800006, 18.39155487200003, 78.99623800100005, 18.58330450400007)",01-02-2023.geojson,Boinpalli,,,,,
Yadadri Bhuvanagiri,TSSD0071,165.4,"{'min': 32.86909103393555, 'max': 35.70304489135742, 'mean': 34.11256045386905, 'count': 42, 'sum': 1432.7275390625, 'median': 33.98999786376953}","(78.68260567800007, 17.506909476000033, 78.83660271700006, 17.66778853200003)",01-02-2023.geojson,Bommalaramaram,,,,,
Vikarabad,TSSD0072,219.46,"{'min': 33.45880126953125, 'max': 38.41400146484375, 'mean': 35.059657505580354, 'count': 56, 'sum': 1963.3408203125, 'median': 34.83440017700195}","(77.61321700700006, 17.021545857000035, 77.78997648900008, 17.236770282000066)",01-02-2023.geojson,Bommaraspeta,,,,,
Khammam,TSSD0073,164.0,"{'min': 29.10300064086914, 'max': 32.14400100708008, 'mean': 30.348344012004574, 'count': 41, 'sum': 1244.2821044921875, 'median': 30.55299949645996}","(80.19836868700008, 16.94670916900003, 80.36649696300003, 17.117145719000064)",01-02-2023.geojson,Bonakal,,,,,
Jagtial,TSSD0074,80.72,"{'min': 29.55782699584961, 'max': 32.078697204589844, 'mean': 30.892684273097824, 'count': 23, 'sum': 710.53173828125, 'median': 30.689130783081055}","(79.00621644400007, 18.822787249000044, 79.14474962700007, 18.91916278800005)",01-02-2023.geojson,Buggaram,,,,,
Bhadradri Kothagudem,TSSD0075,212.03,"{'min': 31.721303939819336, 'max': 35.452728271484375, 'mean': 33.488071017795136, 'count': 54, 'sum': 1808.3558349609375, 'median': 33.50347900390625}","(80.73228080900003, 17.59843230000007, 80.90367732300007, 17.75553509100007)",01-02-2023.geojson,Burgampadu,,,,,
Nalgonda,TSSD0076,349.48,"{'min': 30.0625, 'max': 35.77818298339844, 'mean': 34.06474503226902, 'count': 92, 'sum': 3133.95654296875, 'median': 34.16739273071289}","(78.83961784400003, 16.35584791900004, 79.21275923200005, 16.646382362000054)",01-02-2023.geojson,Chandampet,,,,,
Bhadradri Kothagudem,TSSD0077,146.4,"{'min': 27.981304168701172, 'max': 34.063331604003906, 'mean': 32.567138671875, 'count': 37, 'sum': 1204.984130859375, 'median': 32.96826171875}","(80.55637660300005, 17.31648540200007, 80.69607967500008, 17.452303995000022)",01-02-2023.geojson,Chandrugonda,,,,,
Nalgonda,TSSD0078,210.39,"{'min': 34.2827262878418, 'max': 40.09363555908203, 'mean': 37.457782097582545, 'count': 53, 'sum': 1985.262451171875, 'median': 37.39908981323242}","(78.89291217500005, 16.893248166000035, 79.10048328200008, 17.094642131000057)",01-02-2023.geojson,Chandur,,,,,
Nagarkurnool,TSSD0079,172.21,"{'min': 33.70738983154297, 'max': 37.880001068115234, 'mean': 35.16604817708333, 'count': 45, 'sum': 1582.47216796875, 'median': 35.09363555908203}","(78.57614983600007, 16.636888998000074, 78.79233917400006, 16.779519700000037)",01-02-2023.geojson,Charakonda,,,,,
Hyderabad,TSSD0080,5.37,"{'min': 34.435455322265625, 'max': 34.435455322265625, 'mean': 34.435455322265625, 'count': 1, 'sum': 34.435455322265625, 'median': 34.435455322265625}","(78.47460501900008, 17.34768383200003, 78.50070316000006, 17.376123801000062)",01-02-2023.geojson,Charminar,,,,,
Rajanna Sircilla,TSSD0081,172.75,"{'min': 29.01956558227539, 'max': 37.068180084228516, 'mean': 32.07074483235677, 'count': 48, 'sum': 1539.395751953125, 'median': 31.783042907714844}","(78.61274932300006, 18.50685668500006, 78.84598478800007, 18.63425720600003)",01-02-2023.geojson,Chendurthi,,,,,
Warangal_Rural,TSSD0082,99.63,"{'min': 29.209131240844727, 'max': 31.556087493896484, 'mean': 30.06353970231681, 'count': 29, 'sum': 871.8426513671875, 'median': 29.9186954498291}","(79.77887035600008, 17.796694865000063, 79.93870076600007, 17.912052966000033)",01-02-2023.geojson,Chennaraopet,,,,,
Mancherial,TSSD0083,348.6,"{'min': 28.397499084472656, 'max': 33.67250061035156, 'mean': 31.778543223505434, 'count': 92, 'sum': 2923.6259765625, 'median': 31.772300720214844}","(79.65949015600006, 18.682762397000033, 79.84767354200005, 18.959046801000056)",01-02-2023.geojson,Chennur,,,,,
Siddipet,TSSD0084,222.44,"{'min': 31.21869659423828, 'max': 35.088260650634766, 'mean': 33.37350619041314, 'count': 59, 'sum': 1969.036865234375, 'median': 33.5465202331543}","(78.86758954600003, 17.828098220000072, 79.06729449200009, 18.036935309000057)",01-02-2023.geojson,Cherial,,,,,
Bhadradri Kothagudem,TSSD0085,477.35,"{'min': 29.3700008392334, 'max': 35.43727111816406, 'mean': 31.7612701664126, 'count': 123, 'sum': 3906.63623046875, 'median': 31.6369571685791}","(80.73391161600006, 17.933206824000024, 80.98568532800005, 18.238859586000046)",01-02-2023.geojson,Cherla,,,,,
Rangareddy,TSSD0086,276.14,"{'min': 36.31916809082031, 'max': 38.45333480834961, 'mean': 37.67831629922945, 'count': 73, 'sum': 2750.51708984375, 'median': 37.705833435058594}","(78.00412674500006, 17.23299501100007, 78.21859291200008, 17.409433687000046)",01-02-2023.geojson,Chevella,,,,,
Karimnagar,TSSD0087,149.85,"{'min': 30.26130485534668, 'max': 32.76913070678711, 'mean': 31.33978271484375, 'count': 40, 'sum': 1253.59130859375, 'median': 31.25304412841797}","(79.10798904900008, 18.16049209700003, 79.25728156700006, 18.285204140000076)",01-02-2023.geojson,Chigurumamidi,,,,,
Suryapet,TSSD0088,109.2,"{'min': 26.50090980529785, 'max': 29.915714263916016, 'mean': 27.5198974609375, 'count': 28, 'sum': 770.55712890625, 'median': 27.176254272460938}","(79.79036079100007, 16.906046110000034, 79.93531953700005, 17.024466438000047)",01-02-2023.geojson,Chilkur,,,,,
Jangoan,TSSD0089,157.63,"{'min': 29.91782569885254, 'max': 33.78565216064453, 'mean': 32.13665345657704, 'count': 43, 'sum': 1381.8760986328125, 'median': 32.056087493896484}","(79.20344106000005, 17.85176273600007, 79.44938298400007, 17.98733100100003)",01-02-2023.geojson,Chilpur,,,,,
Mahabubnagar,TSSD0090,182.6,"{'min': 32.079566955566406, 'max': 38.918697357177734, 'mean': 36.1605078125, 'count': 50, 'sum': 1808.025390625, 'median': 36.07434844970703}","(77.73330203000006, 16.37851123300004, 77.87096754700008, 16.616724610000063)",01-02-2023.geojson,Chinna Chinta Kunta,,,,,
Mahabubabad,TSSD0091,62.33,"{'min': 30.473478317260742, 'max': 32.15174102783203, 'mean': 31.13015567555147, 'count': 17, 'sum': 529.212646484375, 'median': 30.9891300201416}","(79.84909294100004, 17.449136596000073, 79.93830751200005, 17.551928229000055)",01-02-2023.geojson,Chinnagudur,,,,,
Siddipet,TSSD0092,210.1,"{'min': 29.802173614501953, 'max': 34.30826187133789, 'mean': 32.264015706380206, 'count': 60, 'sum': 1935.8409423828125, 'median': 32.23173904418945}","(78.82494370000006, 18.112037676000057, 79.02016956300008, 18.25691097600003)",01-02-2023.geojson,Chinnakodur,,,,,
Wanaparthy,TSSD0093,211.48,"{'min': 31.667272567749023, 'max': 37.2845458984375, 'mean': 34.58619005926724, 'count': 58, 'sum': 2005.9990234375, 'median': 34.559547424316406}","(78.05946824700004, 15.943903422000062, 78.25862092700004, 16.10487720200007)",01-02-2023.geojson,Chinnambavi,,,,,
Khammam,TSSD0094,188.05,"{'min': 28.64699935913086, 'max': 32.87285614013672, 'mean': 30.033378269361414, 'count': 46, 'sum': 1381.535400390625, 'median': 29.923683166503906}","(80.15749622700008, 17.00863986300004, 80.30764277300005, 17.236461319000057)",01-02-2023.geojson,Chintakani,,,,,
Kumurambheem Asifabad,TSSD0095,288.59,"{'min': 30.28130340576172, 'max': 34.89583206176758, 'mean': 32.974981689453124, 'count': 80, 'sum': 2637.99853515625, 'median': 33.452083587646484}","(79.67767908700006, 19.36047807800003, 79.97913072000006, 19.567678157000046)",01-02-2023.geojson,Chintalamanepally,,,,,
Suryapet,TSSD0096,202.08,"{'min': 29.020475387573242, 'max': 36.46428680419922, 'mean': 33.75265682444853, 'count': 51, 'sum': 1721.385498046875, 'median': 34.485652923583984}","(79.89168709400008, 16.63122235000003, 80.07323171000007, 16.848894700000073)",01-02-2023.geojson,Chinthala palem,,,,,
Nalgonda,TSSD0097,274.6,"{'min': 34.31181716918945, 'max': 39.0327262878418, 'mean': 36.11279947916667, 'count': 75, 'sum': 2708.4599609375, 'median': 35.99727249145508}","(78.69548427600006, 16.739825453000037, 78.92444476600008, 16.973748571000044)",01-02-2023.geojson,Chinthapally,,,,,
Jayashankar Bhupalpally,TSSD0098,210.42,"{'min': 30.860435485839844, 'max': 34.88083267211914, 'mean': 32.57461065995066, 'count': 57, 'sum': 1856.7528076171875, 'median': 32.454349517822266}","(79.64088009700004, 18.283442338000043, 79.79196266500009, 18.492380515000036)",01-02-2023.geojson,Chityal,,,,,
Nalgonda,TSSD0099,237.77,"{'min': 32.60304260253906, 'max': 38.26217269897461, 'mean': 34.34523111979167, 'count': 60, 'sum': 2060.7138671875, 'median': 34.11304473876953}","(78.96087085700003, 17.126777316000073, 79.17779320000005, 17.284106424000072)",01-02-2023.geojson,Chityal,,,,,
Suryapet,TSSD0100,151.19,"{'min': 29.19454574584961, 'max': 33.567142486572266, 'mean': 30.6333740234375, 'count': 40, 'sum': 1225.3349609375, 'median': 30.453182220458984}","(79.61526708400004, 17.06178183000003, 79.77234545500005, 17.21508940600006)",01-02-2023.geojson,Chivvemla,,,,,
Karimnagar,TSSD0101,141.96,"{'min': 27.169130325317383, 'max': 31.654348373413086, 'mean': 29.585262900904606, 'count': 38, 'sum': 1124.239990234375, 'median': 29.569564819335938}","(79.09673047900003, 18.516979337000066, 79.23072403500004, 18.66557143500006)",01-02-2023.geojson,Choppadandi,,,,,
Yadadri Bhuvanagiri,TSSD0102,264.84,"{'min': 31.085651397705078, 'max': 39.02043533325195, 'mean': 34.11423718089789, 'count': 71, 'sum': 2422.11083984375, 'median': 34.049129486083984}","(78.747570484, 17.19528529400003, 78.99749932000003, 17.348531597000033)",01-02-2023.geojson,Choutuppal,,,,,
Rangareddy,TSSD0103,111.15,"{'min': 32.95916748046875, 'max': 38.40304183959961, 'mean': 35.28297254774306, 'count': 27, 'sum': 952.6402587890625, 'median': 35.14826202392578}","(77.92190617600005, 16.980166997000026, 78.03572549400008, 17.14859407800003)",01-02-2023.geojson,Chowdergudem,,,,,
Bhadradri Kothagudem,TSSD0104,113.98,"{'min': 30.64727210998535, 'max': 34.87545394897461, 'mean': 32.123350081905244, 'count': 31, 'sum': 995.8238525390625, 'median': 31.931739807128906}","(80.59078646000006, 17.397527010000033, 80.73926192500005, 17.56175825500003)",01-02-2023.geojson,Chunchupally,,,,,
Kumurambheem Asifabad,TSSD0105,282.91,"{'min': 28.698333740234375, 'max': 36.391666412353516, 'mean': 32.98164656355574, 'count': 74, 'sum': 2440.641845703125, 'median': 33.12360382080078}","(79.55061502100006, 19.147024978000047, 79.94481136900004, 19.320003257000053)",01-02-2023.geojson,Dahegaon,,,,,
Nalgonda,TSSD0106,212.91,"{'min': 27.108261108398438, 'max': 37.21080017089844, 'mean': 31.37499112215909, 'count': 55, 'sum': 1725.62451171875, 'median': 31.355600357055664}","(79.52381292400008, 16.65992049600004, 79.70200312500003, 16.812899723000044)",01-02-2023.geojson,Damaracherla,,,,,
Narayanpet,TSSD0107,197.8,"{'min': 32.8978271484375, 'max': 39.940433502197266, 'mean': 35.77803466796875, 'count': 50, 'sum': 1788.9017333984375, 'median': 35.645599365234375}","(77.45634407100005, 16.764877660000025, 77.60496874100005, 16.959326115000067)",01-02-2023.geojson,Damargidda,,,,,
Warangal_Rural,TSSD0108,89.35,"{'min': 29.97916603088379, 'max': 33.75, 'mean': 32.00684102376302, 'count': 24, 'sum': 768.1641845703125, 'median': 31.802082061767578}","(79.60072347200008, 18.00572767700004, 79.70643829000005, 18.13897497800008)",01-02-2023.geojson,Damera,,,,,
Bhadradri Kothagudem,TSSD0109,482.53,"{'min': 27.931739807128906, 'max': 32.44545364379883, 'mean': 30.207373046875, 'count': 130, 'sum': 3926.95849609375, 'median': 30.205707550048828}","(80.86476856000007, 17.190519193000057, 81.08735919600008, 17.56822006400006)",01-02-2023.geojson,Dammapeta,,,,,
Mancherial,TSSD0110,212.73,"{'min': 29.399564743041992, 'max': 32.73869705200195, 'mean': 31.072173536869517, 'count': 57, 'sum': 1771.1138916015625, 'median': 31.118696212768555}","(79.08727409600004, 18.884636873000034, 79.22437932800005, 19.103216721000024)",01-02-2023.geojson,Dandepalle,,,,,
Mahabubabad,TSSD0111,108.96,"{'min': 29.896087646484375, 'max': 32.46826171875, 'mean': 31.0849609375, 'count': 31, 'sum': 963.6337890625, 'median': 31.170000076293945}","(79.65560623800008, 17.428868298000054, 79.78530222000006, 17.546608658000025)",01-02-2023.geojson,Danthalapalle,,,,,
Nirmal,TSSD0112,76.62,"{'min': 29.75347900390625, 'max': 33.37181854248047, 'mean': 31.451284308182565, 'count': 19, 'sum': 597.5744018554688, 'median': 31.40636444091797}","(78.82647409500004, 19.034610264000037, 78.95076054900005, 19.132845763000034)",01-02-2023.geojson,Dasturabad,,,,,
Nalgonda,TSSD0113,235.21,"{'min': 32.15363693237305, 'max': 37.290000915527344, 'mean': 35.82434475806452, 'count': 62, 'sum': 2221.109375, 'median': 35.76409149169922}","(78.75664741300005, 16.599618543000076, 78.96744054100003, 16.769811435000065)",01-02-2023.geojson,Devarakonda,,,,,
Mahabubnagar,TSSD0114,238.37,"{'min': 27.858333587646484, 'max': 37.97261047363281, 'mean': 34.156072801159276, 'count': 62, 'sum': 2117.676513671875, 'median': 34.68572998046875}","(77.76466384500003, 16.454975524000076, 77.92512638900007, 16.738387466000063)",01-02-2023.geojson,Devarkadra,,,,,
Jangoan,TSSD0115,182.53,"{'min': 31.717500686645508, 'max': 34.62478256225586, 'mean': 33.27345703125, 'count': 50, 'sum': 1663.6728515625, 'median': 33.301666259765625}","(79.21277209400006, 17.510665525000036, 79.40089799000003, 17.677652839000075)",01-02-2023.geojson,Devaruppula,,,,,
Narayanpet,TSSD0116,153.65,"{'min': 31.490833282470703, 'max': 37.82500076293945, 'mean': 34.73114838471284, 'count': 37, 'sum': 1285.052490234375, 'median': 34.58652114868164}","(77.59496902800004, 16.571400942000025, 77.76875056600005, 16.754234962000055)",01-02-2023.geojson,Dhanwada,,,,,
Jagtial,TSSD0117,175.9,"{'min': 28.790000915527344, 'max': 34.46913146972656, 'mean': 32.30265842013889, 'count': 45, 'sum': 1453.61962890625, 'median': 32.66304397583008}","(78.99144763200007, 18.877766286000053, 79.16011736700005, 19.07420193200005)",01-02-2023.geojson,Dharmapuri,,,,,
Peddapalli,TSSD0118,201.92,"{'min': 28.278696060180664, 'max': 32.447391510009766, 'mean': 30.02125405365566, 'count': 53, 'sum': 1591.12646484375, 'median': 29.868261337280273}","(79.11294947900006, 18.616084372000046, 79.33879022800005, 18.75580704600003)",01-02-2023.geojson,Dharmaram,,,,,
Warangal_Urban,TSSD0119,166.63,"{'min': 30.4891300201416, 'max': 33.34304428100586, 'mean': 31.877978515625, 'count': 45, 'sum': 1434.509033203125, 'median': 32.038333892822266}","(79.34392484200004, 17.872946780000063, 79.49559988700008, 18.064662017000046)",01-02-2023.geojson,Dharmasagar,,,,,
Jogulamba Gadwal,TSSD0120,233.51,"{'min': 27.02090835571289, 'max': 34.56391143798828, 'mean': 31.6683837890625, 'count': 60, 'sum': 1900.10302734375, 'median': 32.15695571899414}","(77.59027451200006, 16.165087868000057, 77.75403082300005, 16.362950969000053)",01-02-2023.geojson,Dharoor,,,,,
Vikarabad,TSSD0121,204.41,"{'min': 32.220401763916016, 'max': 38.802799224853516, 'mean': 35.85314002403846, 'count': 52, 'sum': 1864.36328125, 'median': 35.446800231933594}","(77.69853344900008, 17.210650905000023, 77.85683392500005, 17.378989310000065)",01-02-2023.geojson,Dharoor,,,,,
Nizamabad,TSSD0122,181.87,"{'min': 27.954999923706055, 'max': 34.12908935546875, 'mean': 31.223094706632654, 'count': 49, 'sum': 1529.931640625, 'median': 31.245454788208008}","(78.27142695800006, 18.455096901000047, 78.41235874700004, 18.675940208000043)",01-02-2023.geojson,Dharpally,,,,,
Nizamabad,TSSD0123,165.76,"{'min': 27.7641658782959, 'max': 32.95166778564453, 'mean': 30.180723741319444, 'count': 45, 'sum': 1358.132568359375, 'median': 30.462499618530273}","(78.13708897600003, 18.552299339000058, 78.33103872900006, 18.67400565300005)",01-02-2023.geojson,Dichpally,,,,,
Nirmal,TSSD0124,155.33,"{'min': 24.758800506591797, 'max': 36.30833435058594, 'mean': 30.134625244140626, 'count': 40, 'sum': 1205.385009765625, 'median': 30.556800842285156}","(78.18162478500005, 18.979193036000026, 78.31903817300008, 19.15181674400003)",01-02-2023.geojson,Dilawarpur,,,,,
Vikarabad,TSSD0125,169.11,"{'min': 32.339168548583984, 'max': 36.176666259765625, 'mean': 34.11283735795455, 'count': 44, 'sum': 1500.96484375, 'median': 34.155418395996094}","(77.75350961300006, 16.993685688000028, 77.91797159400005, 17.151011999000048)",01-02-2023.geojson,Doma,,,,,
Mahabubabad,TSSD0126,157.58,"{'min': 31.624286651611328, 'max': 33.84199905395508, 'mean': 32.85422422827744, 'count': 41, 'sum': 1347.023193359375, 'median': 32.85857009887695}","(80.00919088400008, 17.34578428800006, 80.17130219700005, 17.498026924000044)",01-02-2023.geojson,Dornakal,,,,,
Vikarabad,TSSD0127,206.9,"{'min': 32.8466682434082, 'max': 39.78130340576172, 'mean': 35.56022291917067, 'count': 52, 'sum': 1849.131591796875, 'median': 35.37754821777344}","(77.47254906600006, 16.90300025500005, 77.65396255100006, 17.070101057000045)",01-02-2023.geojson,Doulthabad,,,,,
Siddipet,TSSD0128,239.89,"{'min': 30.191818237304688, 'max': 34.047271728515625, 'mean': 32.12836759052579, 'count': 63, 'sum': 2024.087158203125, 'median': 32.167274475097656}","(78.54681796600005, 18.097298073000047, 78.75700455300006, 18.255668025000034)",01-02-2023.geojson,Dubbak,,,,,
Warangal_Rural,TSSD0129,117.69,"{'min': 29.892608642578125, 'max': 32.30391311645508, 'mean': 30.841466103830644, 'count': 31, 'sum': 956.08544921875, 'median': 30.670000076293945}","(79.74503783800003, 17.911539967000067, 79.86925509200006, 18.07929052000003)",01-02-2023.geojson,Duggondi,,,,,
Bhadradri Kothagudem,TSSD0130,322.15,"{'min': 28.71869659423828, 'max': 35.508182525634766, 'mean': 33.522005648226354, 'count': 74, 'sum': 2480.62841796875, 'median': 34.01837921142578}","(80.86195260000005, 17.696811285000024, 81.09376572500008, 17.952898013000038)",01-02-2023.geojson,Dummugudem,,,,,
Medchal_Malkajgiri,TSSD0131,81.34,"{'min': 32.651817321777344, 'max': 35.002174377441406, 'mean': 33.72288818359375, 'count': 20, 'sum': 674.457763671875, 'median': 33.575218200683594}","(78.36001430200008, 17.525573036000026, 78.50711033000005, 17.638921073000063)",01-02-2023.geojson,Dundigal Gandimaisamma,,,,,
Peddapalli,TSSD0132,76.87,"{'min': 27.46478271484375, 'max': 30.01956558227539, 'mean': 28.429804021661933, 'count': 22, 'sum': 625.4556884765625, 'median': 28.33608627319336}","(79.21615438200007, 18.50700951700003, 79.32467419700004, 18.611289084000077)",01-02-2023.geojson,Eligaid,,,,,
Warangal_Urban,TSSD0133,130.61,"{'min': 27.350000381469727, 'max': 32.90739059448242, 'mean': 29.97195595189145, 'count': 38, 'sum': 1138.934326171875, 'median': 30.078262329101562}","(79.37430346400004, 18.03182084900004, 79.56117484200007, 18.167621027000052)",01-02-2023.geojson,Elkathurthi,,,,,
Karimnagar,TSSD0134,97.13,"{'min': 28.981304168701172, 'max': 31.78043556213379, 'mean': 30.20032207782452, 'count': 26, 'sum': 785.2083740234375, 'median': 30.104782104492188}","(79.48944079000006, 18.22671351400004, 79.58025617800007, 18.37787529900004)",01-02-2023.geojson,Ellandakunta,,,,,
Khammam,TSSD0135,189.89,"{'min': 30.71782684326172, 'max': 33.52238082885742, 'mean': 32.1486385569853, 'count': 51, 'sum': 1639.58056640625, 'median': 32.16181945800781}","(80.32325062100006, 17.259354917000053, 80.50833243100004, 17.441441247000057)",01-02-2023.geojson,Enkoor,,,,,
Mulugu,TSSD0136,343.37,"{'min': 29.68739128112793, 'max': 35.1169548034668, 'mean': 31.364921238111414, 'count': 92, 'sum': 2885.57275390625, 'median': 31.171817779541016}","(80.26936561700006, 18.23370998300004, 80.49039395700004, 18.462636728000064)",01-02-2023.geojson,Eturnagaram,,,,,
Rangareddy,TSSD0137,278.36,"{'min': 34.45261001586914, 'max': 37.262725830078125, 'mean': 35.67204427083333, 'count': 75, 'sum': 2675.4033203125, 'median': 35.68391418457031}","(78.06823301000003, 16.93980447000007, 78.31577077500003, 17.115180701000043)",01-02-2023.geojson,Farooqnagar,,,,,
Adilabad,TSSD0138,227.73,"{'min': 32.90083312988281, 'max': 38.28217315673828, 'mean': 36.593741995389344, 'count': 61, 'sum': 2232.21826171875, 'median': 36.90217208862305}","(78.77129668200007, 19.52875835800006, 78.97180690400006, 19.672134552000045)",01-02-2023.geojson,Gadiguda,,,,,
Jogulamba Gadwal,TSSD0139,264.89,"{'min': 30.281818389892578, 'max': 40.96636199951172, 'mean': 34.517386300223215, 'count': 70, 'sum': 2416.217041015625, 'median': 34.36943817138672}","(77.72121964000007, 16.085291977000054, 77.93275208300008, 16.318733621000035)",01-02-2023.geojson,Gadwal,,,,,
Siddipet,TSSD0140,212.47,"{'min': 30.7681827545166, 'max': 35.32090759277344, 'mean': 33.47258112980769, 'count': 52, 'sum': 1740.57421875, 'median': 33.593475341796875}","(78.58303917400008, 17.794325789000027, 78.78577283400006, 17.975258496000038)",01-02-2023.geojson,Gajwel,,,,,
Rajanna Sircilla,TSSD0141,156.05,"{'min': 27.8799991607666, 'max': 33.48043441772461, 'mean': 30.71432569550305, 'count': 41, 'sum': 1259.287353515625, 'median': 30.532608032226562}","(78.52078465300008, 18.22335373800007, 78.64656692100004, 18.42659197100005)",01-02-2023.geojson,Gambhiraopet,,,,,
Mahabubnagar,TSSD0142,228.82,"{'min': 31.576086044311523, 'max': 35.20249938964844, 'mean': 33.77641369047619, 'count': 63, 'sum': 2127.9140625, 'median': 33.85166549682617}","(77.73779362900007, 16.845154139000044, 77.95386938900003, 16.999075455000025)",01-02-2023.geojson,Gandeed,,,,,
Kamareddy,TSSD0143,333.76,"{'min': 29.13319969177246, 'max': 37.825199127197266, 'mean': 34.10519935344828, 'count': 87, 'sum': 2967.15234375, 'median': 34.40250015258789}","(77.92036537400008, 18.313249016000043, 78.18359844500003, 18.50402559500003)",01-02-2023.geojson,Gandhari,,,,,
Rangareddy,TSSD0144,104.67,"{'min': 26.3174991607666, 'max': 35.02304458618164, 'mean': 31.9194828913762, 'count': 26, 'sum': 829.9065551757812, 'median': 32.6549072265625}","(78.22812814200006, 17.32859737600006, 78.42011614800003, 17.43391934600004)",01-02-2023.geojson,Gandipet,,,,,
Karimnagar,TSSD0145,160.18,"{'min': 29.40565299987793, 'max': 32.69782638549805, 'mean': 31.217081705729168, 'count': 42, 'sum': 1311.117431640625, 'median': 31.258695602416992}","(78.94956144100007, 18.417228382000076, 79.08057825900005, 18.682963267000048)",01-02-2023.geojson,Gangadhara,,,,,
Mahabubabad,TSSD0146,388.97,"{'min': 29.825653076171875, 'max': 36.172607421875, 'mean': 33.00550724909856, 'count': 104, 'sum': 3432.57275390625, 'median': 33.03565216064453}","(80.09945621800006, 17.703358498000057, 80.32312548900006, 18.023583650000035)",01-02-2023.geojson,Gangaram,,,,,
Karimnagar,TSSD0147,128.88,"{'min': 25.994348526000977, 'max': 33.51956558227539, 'mean': 29.766124378551137, 'count': 33, 'sum': 982.2821044921875, 'median': 30.317825317382812}","(79.00593677600006, 18.285893647000023, 79.15761711400006, 18.42386993300005)",01-02-2023.geojson,Ganneruvaram,,,,,
Suryapet,TSSD0148,196.75,"{'min': 26.384782791137695, 'max': 30.64299964904785, 'mean': 27.36388221153846, 'count': 52, 'sum': 1422.921875, 'median': 27.093000411987305}","(79.69899423300006, 16.791794304000064, 79.84726513600003, 16.996734263000064)",01-02-2023.geojson,Garidepalli,,,,,
Mahabubabad,TSSD0149,134.15,"{'min': 31.969999313354492, 'max': 34.90999984741211, 'mean': 33.06028529575893, 'count': 35, 'sum': 1157.1099853515625, 'median': 32.952728271484375}","(80.09119141800005, 17.438011174000053, 80.22850494600004, 17.593396365000046)",01-02-2023.geojson,Garla,,,,,
Warangal_Rural,TSSD0150,134.93,"{'min': 30.385000228881836, 'max': 33.58333206176758, 'mean': 31.579331752232143, 'count': 35, 'sum': 1105.276611328125, 'median': 31.424165725708008}","(79.61786745500007, 17.897533089000035, 79.78756875100004, 18.025592932000052)",01-02-2023.geojson,Geesugonda,,,,,
Jayashankar Bhupalpally,TSSD0151,135.95,"{'min': 28.245832443237305, 'max': 33.70750045776367, 'mean': 31.83141430004223, 'count': 37, 'sum': 1177.7623291015625, 'median': 32.2783317565918}","(79.80756877900006, 18.262592781000023, 79.95276371100005, 18.417946673000074)",01-02-2023.geojson,Ghanapur_Mulug,,,,,
Wanaparthy,TSSD0152,155.07,"{'min': 30.476667404174805, 'max': 35.49695587158203, 'mean': 33.58846564041941, 'count': 38, 'sum': 1276.3616943359375, 'median': 33.7613639831543}","(77.98310490100005, 16.47901398600004, 78.12571646600009, 16.626992442000073)",01-02-2023.geojson,Ghanpur,,,,,
Jangoan,TSSD0153,172.06,"{'min': 29.036956787109375, 'max': 33.73086929321289, 'mean': 31.856087239583335, 'count': 45, 'sum': 1433.52392578125, 'median': 31.888334274291992}","(79.23152818800008, 17.720237033000046, 79.42362870100004, 17.892366453000022)",01-02-2023.geojson,Ghanpur (Stn),,,,,
Medchal_Malkajgiri,TSSD0154,123.94,"{'min': 29.604782104492188, 'max': 35.716957092285156, 'mean': 33.782982610887096, 'count': 31, 'sum': 1047.2724609375, 'median': 34.39272689819336}","(78.61964476900005, 17.377866780000033, 78.75985781500003, 17.488422350000064)",01-02-2023.geojson,Ghatkesar,,,,,
Jogulamba Gadwal,TSSD0155,267.38,"{'min': 30.402727127075195, 'max': 38.630001068115234, 'mean': 35.184195505061616, 'count': 71, 'sum': 2498.077880859375, 'median': 35.297271728515625}","(77.49353266000008, 15.976683508000065, 77.64425295800004, 16.21363012000006)",01-02-2023.geojson,Ghattu,,,,,
Hyderabad,TSSD0156,9.86,"{'min': 32.962501525878906, 'max': 33.189998626708984, 'mean': 33.07624816894531, 'count': 2, 'sum': 66.15249633789062, 'median': 33.07624816894531}","(78.38383245800003, 17.369513270000027, 78.43137261900006, 17.39634099500006)",01-02-2023.geojson,Golkonda,,,,,
Jagtial,TSSD0157,151.75,"{'min': 28.752609252929688, 'max': 32.35608673095703, 'mean': 30.11737060546875, 'count': 42, 'sum': 1264.9295654296875, 'median': 30.099565505981445}","(78.95794203800006, 18.74532743900005, 79.15334781300004, 18.85190287000006)",01-02-2023.geojson,Gollapalli,,,,,
Wanaparthy,TSSD0158,125.4,"{'min': 31.047273635864258, 'max': 35.630001068115234, 'mean': 33.763218470982146, 'count': 35, 'sum': 1181.712646484375, 'median': 33.840476989746094}","(78.08591650400007, 16.328531611000074, 78.20166738400007, 16.47124508400003)",01-02-2023.geojson,Gopalpet,,,,,
Mulugu,TSSD0159,343.34,"{'min': 29.82391357421875, 'max': 33.917274475097656, 'mean': 31.64154790521978, 'count': 91, 'sum': 2879.380859375, 'median': 31.474348068237305}","(79.99281799200008, 18.08316615600006, 80.26935217700003, 18.29768950400006)",01-02-2023.geojson,Govindaraopet,,,,,
Adilabad,TSSD0160,159.79,"{'min': 33.7052001953125, 'max': 37.499168395996094, 'mean': 35.24497946714744, 'count': 39, 'sum': 1374.55419921875, 'median': 35.12839889526367}","(78.44054848400003, 19.441831296000146, 78.58019452000008, 19.607753279000065)",01-02-2023.geojson,Gudihathnur,,,,,
Mahabubabad,TSSD0161,312.8,"{'min': 29.4186954498291, 'max': 34.2986946105957, 'mean': 31.87977860613567, 'count': 82, 'sum': 2614.141845703125, 'median': 31.969093322753906}","(79.87550272900006, 17.686846624000054, 80.15255229900004, 17.87590134000004)",01-02-2023.geojson,Gudur,,,,,
Sangareddy,TSSD0162,98.98,"{'min': 32.00583267211914, 'max': 35.689998626708984, 'mean': 33.4395458984375, 'count': 25, 'sum': 835.9886474609375, 'median': 33.34391403198242}","(78.31472103200008, 17.61424192000004, 78.44886573200006, 17.746359040000073)",01-02-2023.geojson,Gummadidala,,,,,
Bhadradri Kothagudem,TSSD0163,495.92,"{'min': 29.895000457763672, 'max': 36.42250061035156, 'mean': 33.36091382575758, 'count': 132, 'sum': 4403.640625, 'median': 33.87261199951172}","(80.25193695800004, 17.734911501000056, 80.47191641100005, 18.082237242000076)",01-02-2023.geojson,Gundala,,,,,
Yadadri Bhuvanagiri,TSSD0164,172.25,"{'min': 31.71500015258789, 'max': 34.26304244995117, 'mean': 33.0228798606179, 'count': 44, 'sum': 1453.0067138671875, 'median': 33.033477783203125}","(79.14910012700005, 17.45209845900007, 79.37870067300008, 17.62417806900004)",01-02-2023.geojson,Gundala,,,,,
Nalgonda,TSSD0165,263.41,"{'min': 28.990869522094727, 'max': 36.05636215209961, 'mean': 33.60988123276655, 'count': 68, 'sum': 2285.471923828125, 'median': 33.740455627441406}","(78.61528553800008, 16.514907610000023, 78.85800945400007, 16.715959889000032)",01-02-2023.geojson,Gundlapally,,,,,
Nalgonda,TSSD0166,309.8,"{'min': 31.487272262573242, 'max': 36.45454406738281, 'mean': 34.432602300876525, 'count': 82, 'sum': 2823.473388671875, 'median': 34.803314208984375}","(78.99484315300003, 16.723799824000025, 79.20953000900005, 16.93974487500003)",01-02-2023.geojson,Gurrampode,,,,,
Mancherial,TSSD0167,257.54,"{'min': 27.516956329345703, 'max': 35.95695495605469, 'mean': 32.6823974609375, 'count': 70, 'sum': 2287.767822265625, 'median': 33.01608657836914}","(79.26565732000006, 18.814436070000056, 79.42256325600005, 19.008309308000037)",01-02-2023.geojson,Hajipur,,,,,
Warangal_Urban,TSSD0168,45.74,"{'min': 30.885833740234375, 'max': 32.81833267211914, 'mean': 32.15819295247396, 'count': 12, 'sum': 385.8983154296875, 'median': 32.30875015258789}","(79.50733597600004, 17.982258095000077, 79.59918790600005, 18.051422419000062)",01-02-2023.geojson,Hanamkonda,,,,,
Mahabubnagar,TSSD0169,168.92,"{'min': 33.15087127685547, 'max': 35.39695739746094, 'mean': 34.20642644708807, 'count': 44, 'sum': 1505.082763671875, 'median': 34.206520080566406}","(77.76252807700007, 16.752192707000063, 77.98873493800005, 16.893183992000047)",01-02-2023.geojson,Hanwada,,,,,
Warangal_Urban,TSSD0170,161.17,"{'min': 28.198333740234375, 'max': 33.47249984741211, 'mean': 30.720876294513083, 'count': 43, 'sum': 1320.9976806640625, 'median': 30.460832595825195}","(79.43172067800003, 17.991968021000048, 79.62513964800007, 18.143584798000063)",01-02-2023.geojson,Hasanparthy,,,,,
Sangareddy,TSSD0171,204.77,"{'min': 31.039091110229492, 'max': 35.31272888183594, 'mean': 33.01230948311942, 'count': 56, 'sum': 1848.6893310546875, 'median': 33.045654296875}","(78.10555045300003, 17.63393108100007, 78.31945472700005, 17.83424511100003)",01-02-2023.geojson,Hathnoora,,,,,
Medak,TSSD0172,187.01,"{'min': 26.276086807250977, 'max': 33.420433044433594, 'mean': 30.265120596255898, 'count': 53, 'sum': 1604.0513916015625, 'median': 30.615833282470703}","(78.15651423700007, 18.05332005300005, 78.35309415700004, 18.215476757000033)",01-02-2023.geojson,Havelighanpur,,,,,
Rangareddy,TSSD0173,30.54,"{'min': 33.082725524902344, 'max': 34.69727325439453, 'mean': 33.885833740234375, 'count': 9, 'sum': 304.9725036621094, 'median': 33.85091018676758}","(78.52755004100004, 17.306583933000013, 78.61900574700013, 17.348163568000075)",01-02-2023.geojson,Hayathnagar,,,,,
Hyderabad,TSSD0174,6.58,"{'min': 31.435455322265625, 'max': 32.13181686401367, 'mean': 31.78363609313965, 'count': 2, 'sum': 63.5672721862793, 'median': 31.78363609313965}","(78.47360807500007, 17.38688961500003, 78.50484873500005, 17.421948936000035)",01-02-2023.geojson,Himayatnagar,,,,,
Siddipet,TSSD0175,117.52,"{'min': 30.65608787536621, 'max': 34.66652297973633, 'mean': 32.244443831905244, 'count': 31, 'sum': 999.5777587890625, 'median': 32.357826232910156}","(79.13916242100004, 18.08470961100005, 79.30335584600004, 18.180728988000055)",01-02-2023.geojson,Husnabad,,,,,
Suryapet,TSSD0176,126.8,"{'min': 26.592609405517578, 'max': 29.74333381652832, 'mean': 27.466138435132574, 'count': 33, 'sum': 906.382568359375, 'median': 27.3482608795166}","(79.76496890800007, 16.81112220400007, 79.93455343000005, 16.95645507200004)",01-02-2023.geojson,Huzur nagar,,,,,
Karimnagar,TSSD0177,138.33,"{'min': 27.290000915527344, 'max': 31.076086044311523, 'mean': 28.581441243489582, 'count': 36, 'sum': 1028.931884765625, 'median': 28.270870208740234}","(79.33974401500006, 18.149110196000038, 79.48471113900007, 18.285271040000055)",01-02-2023.geojson,Huzurabad,,,,,
Jagtial,TSSD0178,142.28,"{'min': 30.032608032226562, 'max': 32.069129943847656, 'mean': 30.951798722550677, 'count': 37, 'sum': 1145.216552734375, 'median': 30.88652229309082}","(78.51963186500006, 18.84352731300004, 78.64824793900004, 19.00011807900006)",01-02-2023.geojson,Ibrahimpatnam,,,,,
Rangareddy,TSSD0179,274.25,"{'min': 30.722726821899414, 'max': 36.865455627441406, 'mean': 34.95690578884549, 'count': 72, 'sum': 2516.897216796875, 'median': 35.01869583129883}","(78.51594250300008, 17.11693136100007, 78.81737317200003, 17.26846339900004)",01-02-2023.geojson,Ibrahimpatnam,,,,,
Adilabad,TSSD0180,211.85,"{'min': 33.587501525878906, 'max': 37.51959991455078, 'mean': 36.15895734514509, 'count': 56, 'sum': 2024.901611328125, 'median': 36.18244934082031}","(78.40972741900003, 19.27144580600003, 78.59073863400005, 19.476086989000066)",01-02-2023.geojson,Ichoda,,,,,
Rajanna Sircilla,TSSD0181,222.52,"{'min': 27.7778263092041, 'max': 35.150001525878906, 'mean': 31.678351040544182, 'count': 58, 'sum': 1837.3443603515625, 'median': 31.476520538330078}","(78.82265059000008, 18.234493222000026, 79.02266919100003, 18.400162883000064)",01-02-2023.geojson,Illanthakunta,,,,,
Warangal_Urban,TSSD0182,154.53,"{'min': 30.696666717529297, 'max': 34.4375, 'mean': 31.80792705829327, 'count': 39, 'sum': 1240.5091552734375, 'median': 31.5049991607666}","(79.48651884400005, 17.786163054000042, 79.62215459200007, 17.94046736200005)",01-02-2023.geojson,Inavolu,,,,,
Nizamabad,TSSD0183,187.42,"{'min': 29.74652099609375, 'max': 34.703636169433594, 'mean': 31.56394491390306, 'count': 49, 'sum': 1546.63330078125, 'median': 31.563913345336914}","(78.16214130800006, 18.452259628000036, 78.35381027700004, 18.595203980000065)",01-02-2023.geojson,Indalwai,,,,,
Adilabad,TSSD0184,209.33,"{'min': 34.1058349609375, 'max': 37.92333221435547, 'mean': 35.790665237991895, 'count': 54, 'sum': 1932.6959228515625, 'median': 35.98500061035156}","(78.56653272500006, 19.379057926000144, 78.76792306800007, 19.567601660000037)",01-02-2023.geojson,Inderavelly,,,,,
Jogulamba Gadwal,TSSD0185,302.11,"{'min': 31.19272804260254, 'max': 41.61454391479492, 'mean': 36.792724609375, 'count': 78, 'sum': 2869.83251953125, 'median': 36.584110260009766}","(77.74751634700004, 15.980643073000067, 77.98393237000005, 16.184409668000058)",01-02-2023.geojson,Itikyal,,,,,
Mahabubnagar,TSSD0186,294.27,"{'min': 32.93727111816406, 'max': 37.043636322021484, 'mean': 35.61412109375, 'count': 75, 'sum': 2671.05908203125, 'median': 35.72478103637695}","(78.04502359400004, 16.680028693000054, 78.33050907800003, 16.87941384800007)",01-02-2023.geojson,Jadcherla,,,,,
Siddipet,TSSD0187,180.4,"{'min': 32.66999816894531, 'max': 36.184783935546875, 'mean': 34.432171257174744, 'count': 49, 'sum': 1687.1763916015625, 'median': 34.356956481933594}","(78.75126357400006, 17.708628498000053, 78.87944648100006, 17.882764563000023)",01-02-2023.geojson,Jagdevpur,,,,,
Jagtial,TSSD0188,167.3,"{'min': 28.727392196655273, 'max': 32.17608642578125, 'mean': 30.106312144886363, 'count': 44, 'sum': 1324.677734375, 'median': 30.047727584838867}","(78.83197213700004, 18.733277460000068, 79.02319924200003, 18.91632891000006)",01-02-2023.geojson,Jagityal_Rural,,,,,
Jagtial,TSSD0189,42.64,"{'min': 28.78478240966797, 'max': 31.93260955810547, 'mean': 30.328699747721355, 'count': 12, 'sum': 363.94439697265625, 'median': 30.093914031982422}","(78.86249569300008, 18.75130130900004, 78.95751334400006, 18.846050929000057)",01-02-2023.geojson,Jagtial,,,,,
Adilabad,TSSD0190,292.5,"{'min': 32.098331451416016, 'max': 37.36083221435547, 'mean': 34.350017306170884, 'count': 79, 'sum': 2713.6513671875, 'median': 34.079166412353516}","(78.48221105400006, 19.607848390000072, 78.72451328000005, 19.824464031000048)",01-02-2023.geojson,Jainad,,,,,
Kumurambheem Asifabad,TSSD0191,218.89,"{'min': 34.543914794921875, 'max': 37.93166732788086, 'mean': 36.0738525390625, 'count': 58, 'sum': 2092.283447265625, 'median': 35.99128723144531}","(78.81724445500004, 19.330609164000066, 79.02370996100007, 19.493592587000023)",01-02-2023.geojson,Jainoor,,,,,
Mancherial,TSSD0192,276.43,"{'min': 28.375, 'max': 34.19173812866211, 'mean': 32.13993546769426, 'count': 74, 'sum': 2378.355224609375, 'median': 32.205413818359375}","(79.49531298200003, 18.672040560000028, 79.72117428100006, 18.918660784000053)",01-02-2023.geojson,Jaipur,,,,,
Suryapet,TSSD0193,133.29,"{'min': 29.559999465942383, 'max': 32.46565246582031, 'mean': 30.473492246685606, 'count': 33, 'sum': 1005.625244140625, 'median': 30.379167556762695}","(79.46290112300005, 17.258733534000044, 79.63232247300004, 17.380224128000066)",01-02-2023.geojson,Jajireddigudem,,,,,
Nizamabad,TSSD0194,148.29,"{'min': 29.006000518798828, 'max': 33.01250076293945, 'mean': 31.263302534054485, 'count': 39, 'sum': 1219.268798828125, 'median': 31.36359977722168}","(78.20206317300006, 18.65066335100005, 78.36254571500007, 18.77647975900004)",01-02-2023.geojson,Jakranpally,,,,,
Karimnagar,TSSD0195,134.59,"{'min': 27.23869514465332, 'max': 31.376087188720703, 'mean': 29.994264544862688, 'count': 33, 'sum': 989.8107299804688, 'median': 30.262500762939453}","(79.40829887400008, 18.227515953000022, 79.57987678900008, 18.423882431000038)",01-02-2023.geojson,Jammikunta,,,,,
Jangoan,TSSD0196,196.46,"{'min': 30.71434783935547, 'max': 35.021305084228516, 'mean': 32.701242897727276, 'count': 55, 'sum': 1798.568359375, 'median': 32.90913009643555}","(79.04601963500005, 17.668628100000035, 79.21037403500003, 17.842303224000034)",01-02-2023.geojson,Jangoan,,,,,
Mancherial,TSSD0197,325.26,"{'min': 30.5575008392334, 'max': 35.5099983215332, 'mean': 31.89269037356322, 'count': 87, 'sum': 2774.6640625, 'median': 31.80130386352539}","(78.87934684700008, 19.019900233000044, 79.14171378500004, 19.252420733000065)",01-02-2023.geojson,Jannaram,,,,,
Sangareddy,TSSD0198,201.74,"{'min': 35.6683349609375, 'max': 39.14583206176758, 'mean': 37.152854636863424, 'count': 54, 'sum': 2006.254150390625, 'median': 37.260650634765625}","(77.61983002400007, 17.658920608000074, 77.80166598000005, 17.830565180000065)",01-02-2023.geojson,Jharasangam,,,,,
Kamareddy,TSSD0199,202.26,"{'min': 31.06920051574707, 'max': 36.90760040283203, 'mean': 34.98076076133579, 'count': 51, 'sum': 1784.018798828125, 'median': 35.486000061035156}","(77.52089201100006, 18.28200709200007, 77.71327737400003, 18.44419848700005)",01-02-2023.geojson,Jukkal,,,,,
Peddapalli,TSSD0200,99.87,"{'min': 28.192607879638672, 'max': 30.883913040161133, 'mean': 29.60596435546875, 'count': 25, 'sum': 740.1491088867188, 'median': 29.45347785949707}","(79.18432516400003, 18.56760788400004, 79.32424630400004, 18.684515247000036)",01-02-2023.geojson,Julapalli,,,,,
Bhadradri Kothagudem,TSSD0201,238.74,"{'min': 28.688180923461914, 'max': 35.00391387939453, 'mean': 32.84540473090278, 'count': 63, 'sum': 2069.260498046875, 'median': 32.90666580200195}","(80.39497889400008, 17.31732979800006, 80.57083109400008, 17.508103492000032)",01-02-2023.geojson,Julurupad,,,,,
Nirmal,TSSD0202,468.09,"{'min': 27.518695831298828, 'max': 34.569129943847656, 'mean': 32.19444140625, 'count': 125, 'sum': 4024.30517578125, 'median': 32.28478240966797}","(78.69038218300005, 19.013677769000026, 78.95237500500008, 19.29677890000005)",01-02-2023.geojson,Kaddampeddur,,,,,
Rangareddy,TSSD0203,206.42,"{'min': 32.9554557800293, 'max': 36.76238250732422, 'mean': 35.14962203414352, 'count': 54, 'sum': 1898.07958984375, 'median': 35.34574890136719}","(78.39963638200004, 16.889455397000063, 78.66726844000004, 17.01510399700004)",01-02-2023.geojson,Kadthal,,,,,
Kumurambheem Asifabad,TSSD0204,442.33,"{'min': 30.104782104492188, 'max': 36.850868225097656, 'mean': 33.4469204606681, 'count': 116, 'sum': 3879.8427734375, 'median': 33.34070587158203}","(79.37624127800007, 19.26380363800007, 79.74691375500004, 19.538272434000078)",01-02-2023.geojson,Kagaznagar,,,,,
Sangareddy,TSSD0205,148.77,"{'min': 26.121665954589844, 'max': 33.39521789550781, 'mean': 31.10370697846284, 'count': 37, 'sum': 1150.837158203125, 'median': 31.434999465942383}","(77.76680836100007, 18.084424897000076, 77.94552432200004, 18.20773521800004)",01-02-2023.geojson,Kalher,,,,,
Khammam,TSSD0206,369.38,"{'min': 27.05476188659668, 'max': 32.7845458984375, 'mean': 29.48182091346154, 'count': 91, 'sum': 2682.845703125, 'median': 29.3700008392334}","(80.41727157700007, 17.030005989000074, 80.66704650100007, 17.34559519800007)",01-02-2023.geojson,Kalluru,,,,,
Jogulamba Gadwal,TSSD0207,176.12,"{'min': 32.88999938964844, 'max': 37.57636260986328, 'mean': 35.56708441840278, 'count': 45, 'sum': 1600.518798828125, 'median': 35.67521667480469}","(77.48561464400007, 16.116851987000075, 77.61961696400004, 16.303990486000032)",01-02-2023.geojson,Kaloor_Thimmandoddi,,,,,
Nagarkurnool,TSSD0208,291.99,"{'min': 33.23454666137695, 'max': 36.5169563293457, 'mean': 34.50139095908717, 'count': 76, 'sum': 2622.105712890625, 'median': 34.300453186035156}","(78.36374511900004, 16.483303271000068, 78.58638191300008, 16.728683611000065)",01-02-2023.geojson,Kalwakurthy,,,,,
Warangal_Urban,TSSD0209,158.52,"{'min': 27.150833129882812, 'max': 31.510000228881836, 'mean': 29.284842354910715, 'count': 42, 'sum': 1229.96337890625, 'median': 29.646015167236328}","(79.45670027600005, 18.120212555000023, 79.60823806600007, 18.266255774000058)",01-02-2023.geojson,Kamalapur,,,,,
Peddapalli,TSSD0210,60.42,"{'min': 28.254348754882812, 'max': 33.592498779296875, 'mean': 30.277152506510415, 'count': 15, 'sum': 454.15728759765625, 'median': 29.887500762939453}","(79.44875966900008, 18.60172770400004, 79.55246524200004, 18.72207649300003)",01-02-2023.geojson,Kamanpur,,,,,
Kamareddy,TSSD0211,128.44,"{'min': 29.9233341217041, 'max': 36.43608856201172, 'mean': 32.81210865693934, 'count': 34, 'sum': 1115.6116943359375, 'median': 32.828697204589844}","(78.28734170500007, 18.25636160700003, 78.42834563700006, 18.390731163000055)",01-02-2023.geojson,Kamareddy,,,,,
Khammam,TSSD0212,181.36,"{'min': 31.496665954589844, 'max': 34.158573150634766, 'mean': 33.208461216517854, 'count': 49, 'sum': 1627.214599609375, 'median': 33.22904586791992}","(80.15945686500004, 17.360238606000053, 80.35567105000007, 17.479176385000073)",01-02-2023.geojson,Kamepally,,,,,
Nalgonda,TSSD0213,224.78,"{'min': 27.739999771118164, 'max': 34.439998626708984, 'mean': 30.493731582373904, 'count': 57, 'sum': 1738.1427001953125, 'median': 30.380908966064453}","(79.08479661000007, 16.864916728000026, 79.34770917300006, 17.030184575000078)",01-02-2023.geojson,Kanagal,,,,,
Sangareddy,TSSD0214,133.14,"{'min': 33.18304443359375, 'max': 38.35869598388672, 'mean': 35.526387532552086, 'count': 36, 'sum': 1278.949951171875, 'median': 35.524784088134766}","(78.05577804100005, 17.483520140000053, 78.23367294200006, 17.655179960000055)",01-02-2023.geojson,Kandi,,,,,
Rangareddy,TSSD0215,307.2,"{'min': 34.012725830078125, 'max': 37.34333419799805, 'mean': 35.52700998813291, 'count': 79, 'sum': 2806.6337890625, 'median': 35.48047637939453}","(78.37786338200004, 16.983478904000037, 78.61378330000008, 17.178800228000057)",01-02-2023.geojson,Kandukur,,,,,
Sangareddy,TSSD0216,229.57,"{'min': 32.418800354003906, 'max': 39.152400970458984, 'mean': 37.35637910487288, 'count': 59, 'sum': 2204.0263671875, 'median': 38.034000396728516}","(77.57077416300007, 18.120266103000063, 77.74494665400005, 18.30851545200005)",01-02-2023.geojson,Kangti,,,,,
Mulugu,TSSD0217,375.33,"{'min': 28.97916603088379, 'max': 33.75260925292969, 'mean': 30.699209175857842, 'count': 102, 'sum': 3131.3193359375, 'median': 30.39583396911621}","(80.21744759700005, 18.35017838500005, 80.43136112100007, 18.610090848000027)",01-02-2023.geojson,Kannaigudem,,,,,
Mancherial,TSSD0218,169.42,"{'min': 30.78583335876465, 'max': 36.635215759277344, 'mean': 34.088203761888586, 'count': 46, 'sum': 1568.057373046875, 'median': 34.352500915527344}","(79.54341301, 19.086726224000074, 79.80515899400007, 19.21311288000004)",01-02-2023.geojson,Kannepalli,,,,,
Medchal_Malkajgiri,TSSD0219,37.4,"{'min': 33.26363754272461, 'max': 34.6709098815918, 'mean': 33.883636474609375, 'count': 11, 'sum': 372.7200012207031, 'median': 33.92363739013672}","(78.53993706400007, 17.44957181700005, 78.62275029699998, 17.55306448500005)",01-02-2023.geojson,Kapra,,,,,
Bhadradri Kothagudem,TSSD0220,222.05,"{'min': 29.449199676513672, 'max': 34.466522216796875, 'mean': 32.30139581088362, 'count': 58, 'sum': 1873.48095703125, 'median': 32.46291732788086}","(80.43846561000004, 17.91182510400006, 80.64919648500006, 18.143483696000033)",01-02-2023.geojson,Karakagudem,,,,,
Karimnagar,TSSD0221,34.8,"{'min': 27.483043670654297, 'max': 33.66043472290039, 'mean': 31.107608795166016, 'count': 8, 'sum': 248.86087036132812, 'median': 31.69913101196289}","(79.07978481800006, 18.39706940700006, 79.15386183100003, 18.460363398000027)",01-02-2023.geojson,Karimnagar,,,,,
Karimnagar,TSSD0222,108.97,"{'min': 28.1299991607666, 'max': 33.6239128112793, 'mean': 30.752049037388392, 'count': 28, 'sum': 861.057373046875, 'median': 30.706087112426758}","(79.11435933800004, 18.420124626000074, 79.23690609300007, 18.537991315000056)",01-02-2023.geojson,Karimnagar_Rural,,,,,
Mancherial,TSSD0223,335.72,"{'min': 30.193477630615234, 'max': 36.98652267456055, 'mean': 34.26518012152778, 'count': 90, 'sum': 3083.8662109375, 'median': 34.33608627319336}","(79.21160353400006, 18.98447436300006, 79.48608882700012, 19.158965162000072)",01-02-2023.geojson,Kasipet,,,,,
Jayashankar Bhupalpally,TSSD0224,274.84,"{'min': 28.358333587646484, 'max': 35.413333892822266, 'mean': 32.53113963505993, 'count': 73, 'sum': 2374.773193359375, 'median': 32.47083282470703}","(79.81231549100005, 18.510496689000036, 80.03347280200006, 18.756648708000057)",01-02-2023.geojson,Kataram,,,,,
Jagtial,TSSD0225,181.36,"{'min': 28.720909118652344, 'max': 33.852725982666016, 'mean': 30.635544797207448, 'count': 47, 'sum': 1439.87060546875, 'median': 30.4145450592041}","(78.63177820100003, 18.63224633300007, 78.76086174700004, 18.789508428000033)",01-02-2023.geojson,Kathlapur,,,,,
Nalgonda,TSSD0226,192.46,"{'min': 28.69087028503418, 'max': 35.064781188964844, 'mean': 31.719973194355866, 'count': 49, 'sum': 1554.2786865234375, 'median': 32.09782791137695}","(79.24206770600006, 17.11172541600007, 79.38446925700003, 17.291596570000024)",01-02-2023.geojson,Kattangur,,,,,
Medchal_Malkajgiri,TSSD0227,134.6,"{'min': 33.5445442199707, 'max': 35.01091003417969, 'mean': 34.354648166232636, 'count': 36, 'sum': 1236.767333984375, 'median': 34.36045455932617}","(78.58185183200004, 17.451533257000108, 78.71265088600006, 17.579974081000103)",01-02-2023.geojson,Keesara,,,,,
Kumurambheem Asifabad,TSSD0228,347.89,"{'min': 31.324167251586914, 'max': 37.91416549682617, 'mean': 35.48079605940934, 'count': 91, 'sum': 3228.75244140625, 'median': 35.579566955566406}","(78.93889619900006, 19.359033433000036, 79.22333654800008, 19.56146381700006)",01-02-2023.geojson,Kerameri,,,,,
Mahabubabad,TSSD0229,223.57,"{'min': 29.06217384338379, 'max': 31.670869827270508, 'mean': 30.49402712102522, 'count': 57, 'sum': 1738.1595458984375, 'median': 30.561304092407227}","(79.76580500600005, 17.60004913100005, 80.002845149, 17.77047760000005)",01-02-2023.geojson,Kesamudram,,,,,
Rangareddy,TSSD0230,224.92,"{'min': 34.57381057739258, 'max': 37.17571258544922, 'mean': 35.701090494791664, 'count': 60, 'sum': 2142.0654296875, 'median': 35.61930847167969}","(78.24782720400003, 16.852182651000078, 78.41558469000006, 17.051382707000073)",01-02-2023.geojson,Keshampeta,,,,,
Nalgonda,TSSD0231,147.6,"{'min': 26.561304092407227, 'max': 34.92818069458008, 'mean': 30.52251414763622, 'count': 39, 'sum': 1190.3780517578125, 'median': 30.528181076049805}","(79.43344777400006, 17.072395302000075, 79.59338210900006, 17.250148180000053)",01-02-2023.geojson,Kethepally,,,,,
Warangal_Urban,TSSD0232,107.02,"{'min': 31.02666664123535, 'max': 33.54833221435547, 'mean': 32.31558792679398, 'count': 27, 'sum': 872.5208740234375, 'median': 32.45833206176758}","(79.43206155600006, 17.908547911000028, 79.58935561300007, 18.00993669500002)",01-02-2023.geojson,Khaazipet,,,,,
Hyderabad,TSSD0233,17.24,"{'min': 29.136363983154297, 'max': 33.52217483520508, 'mean': 31.753273010253906, 'count': 4, 'sum': 127.01309204101562, 'median': 32.17727279663086}","(78.40497752100003, 17.40010627500004, 78.47749341400004, 17.45407132100007)",01-02-2023.geojson,Khairatabad,,,,,
Khammam,TSSD0234,193.74,"{'min': 31.408000946044922, 'max': 35.67599868774414, 'mean': 33.392744140625, 'count': 50, 'sum': 1669.63720703125, 'median': 33.40473937988281}","(80.01676642200005, 17.178663853000046, 80.16691561700003, 17.394157440000072)",01-02-2023.geojson,Khammam_Rural,,,,,
Khammam,TSSD0235,92.31,"{'min': 30.937618255615234, 'max': 34.415714263916016, 'mean': 33.34812064792799, 'count': 23, 'sum': 767.0067749023438, 'median': 33.65761947631836}","(80.12187342100003, 17.179281596000067, 80.21584618000009, 17.31547050200004)",01-02-2023.geojson,Khammam_Urban,,,,,
Nirmal,TSSD0236,237.88,"{'min': 28.561304092407227, 'max': 34.2066650390625, 'mean': 32.4385986328125, 'count': 64, 'sum': 2076.0703125, 'median': 32.53125}","(78.50897303500005, 18.978111671000022, 78.74854953300007, 19.202461990000074)",01-02-2023.geojson,Khanapur,,,,,
Warangal_Rural,TSSD0237,139.46,"{'min': 28.976957321166992, 'max': 33.96565246582031, 'mean': 30.744710286458332, 'count': 36, 'sum': 1106.8095703125, 'median': 30.23043441772461}","(79.88459942400004, 17.83523181700002, 80.00451405900003, 18.01960718500004)",01-02-2023.geojson,Khanapur,,,,,
Warangal_Urban,TSSD0238,81.36,"{'min': 31.676666259765625, 'max': 33.55869674682617, 'mean': 32.60240312056108, 'count': 22, 'sum': 717.2528686523438, 'median': 32.590415954589844}","(79.55364750200005, 17.86915675800003, 79.65825854800005, 17.98640269400005)",01-02-2023.geojson,Khila Warangal,,,,,
Suryapet,TSSD0239,172.15,"{'min': 27.74142837524414, 'max': 31.952857971191406, 'mean': 29.058599562872026, 'count': 42, 'sum': 1220.461181640625, 'median': 28.738998413085938}","(79.91293512200008, 16.880339314000025, 80.06097163900006, 17.02691814700006)",01-02-2023.geojson,Kodad,,,,,
Nagarkurnool,TSSD0240,205.2,"{'min': 30.364286422729492, 'max': 36.281429290771484, 'mean': 34.07103135850694, 'count': 54, 'sum': 1839.835693359375, 'median': 34.14523696899414}","(78.16474055700007, 16.14974309100006, 78.34461354300004, 16.333836054000074)",01-02-2023.geojson,Kodair,,,,,
Vikarabad,TSSD0241,249.51,"{'min': 31.99799919128418, 'max': 39.91086959838867, 'mean': 36.97381591796875, 'count': 68, 'sum': 2514.219482421875, 'median': 37.41912841796875}","(77.46259225600005, 17.020933969000055, 77.71683994900008, 17.17841245900007)",01-02-2023.geojson,Kodangal,,,,,
Jagtial,TSSD0242,173.87,"{'min': 29.498695373535156, 'max': 32.78545379638672, 'mean': 31.350474717881944, 'count': 45, 'sum': 1410.7713623046875, 'median': 31.384546279907227}","(78.78718529200006, 18.563739734000023, 78.98850070800006, 18.686862396000038)",01-02-2023.geojson,Kodimial,,,,,
Siddipet,TSSD0243,206.41,"{'min': 28.540433883666992, 'max': 34.478694915771484, 'mean': 32.129983755258415, 'count': 52, 'sum': 1670.7591552734375, 'median': 32.2717399597168}","(79.00475320700008, 18.075903099000072, 79.16300517000008, 18.272269959000027)",01-02-2023.geojson,Koheda,,,,,
Sangareddy,TSSD0244,227.62,"{'min': 34.83956527709961, 'max': 38.1795654296875, 'mean': 36.300297106726696, 'count': 59, 'sum': 2141.717529296875, 'median': 36.288333892822266}","(77.59549222600003, 17.509127681000052, 77.78321894100003, 17.705224807000036)",01-02-2023.geojson,Kohir,,,,,
Mahabubnagar,TSSD0245,223.05,"{'min': 29.689167022705078, 'max': 37.084781646728516, 'mean': 33.951373922413794, 'count': 58, 'sum': 1969.1796875, 'median': 34.09090805053711}","(77.67537161200005, 16.697912056000064, 77.90854289100008, 16.881360866000023)",01-02-2023.geojson,Koilkonda,,,,,
Nagarkurnool,TSSD0246,550.84,"{'min': 30.64583396911621, 'max': 37.42900085449219, 'mean': 33.82472922585227, 'count': 132, 'sum': 4464.8642578125, 'median': 33.83869552612305}","(78.21815549000007, 16.033659166000064, 78.66318925900003, 16.216795599000022)",01-02-2023.geojson,Kollapur,,,,,
Siddipet,TSSD0247,70.37,"{'min': 31.095216751098633, 'max': 34.1578254699707, 'mean': 32.89057752821181, 'count': 18, 'sum': 592.0303955078125, 'median': 32.988258361816406}","(78.82737597900007, 17.86888004900004, 78.93496047300005, 17.983517422000034)",01-02-2023.geojson,Komuravelli,,,,,
Rajanna Sircilla,TSSD0248,206.05,"{'min': 28.966522216796875, 'max': 35.66999816894531, 'mean': 32.09836380570023, 'count': 54, 'sum': 1733.3116455078125, 'median': 32.1905517578125}","(78.59701726600008, 18.404112823000048, 78.81650433000004, 18.58795516200007)",01-02-2023.geojson,Konaraopet,,,,,
Nalgonda,TSSD0249,129.18,"{'min': 30.369131088256836, 'max': 37.209999084472656, 'mean': 34.45771928267045, 'count': 33, 'sum': 1137.104736328125, 'median': 35.4209098815918}","(78.91051620800005, 16.62638713000007, 79.06204241500006, 16.761790924000024)",01-02-2023.geojson,Kondamallapally,,,,,
Siddipet,TSSD0250,228.02,"{'min': 29.01727294921875, 'max': 34.940433502197266, 'mean': 33.03964283427254, 'count': 61, 'sum': 2015.418212890625, 'median': 33.216087341308594}","(78.73352452400007, 17.87685569000007, 78.96029991500006, 18.053425754000045)",01-02-2023.geojson,Kondapak,,,,,
Sangareddy,TSSD0251,151.36,"{'min': 30.610000610351562, 'max': 38.43000030517578, 'mean': 36.22961738782051, 'count': 39, 'sum': 1412.955078125, 'median': 37.00749969482422}","(77.93383054400005, 17.44954626200007, 78.07324348600008, 17.61087989500004)",01-02-2023.geojson,Kondapur,,,,,
Rangareddy,TSSD0252,130.56,"{'min': 34.8172721862793, 'max': 39.51869583129883, 'mean': 36.684669288429056, 'count': 37, 'sum': 1357.332763671875, 'median': 36.42652130126953}","(78.01091079200006, 16.999636834000057, 78.09773848800006, 17.187709674000075)",01-02-2023.geojson,Kondurg,,,,,
Khammam,TSSD0253,248.08,"{'min': 28.165000915527344, 'max': 34.17100143432617, 'mean': 30.863288648200758, 'count': 66, 'sum': 2036.97705078125, 'median': 30.63650131225586}","(80.22907869200003, 17.128139428000054, 80.38924637100007, 17.358600223000053)",01-02-2023.geojson,Konijerla,,,,,
Jagtial,TSSD0254,137.05,"{'min': 28.185651779174805, 'max': 33.0672721862793, 'mean': 29.997828433388158, 'count': 38, 'sum': 1139.91748046875, 'median': 29.764999389648438}","(78.66979872300004, 18.779122311000037, 78.80776997400005, 18.901121141000033)",01-02-2023.geojson,Korutla,,,,,
Narayanpet,TSSD0255,202.41,"{'min': 33.556400299072266, 'max': 36.26250076293945, 'mean': 35.031801576967595, 'count': 54, 'sum': 1891.71728515625, 'median': 35.033599853515625}","(77.62150517800006, 16.868413100000055, 77.78388791600008, 17.061626292000028)",01-02-2023.geojson,Kosgi,,,,,
Nizamabad,TSSD0256,167.13,"{'min': 26.173200607299805, 'max': 35.24359893798828, 'mean': 29.045975847942074, 'count': 41, 'sum': 1190.885009765625, 'median': 28.097999572753906}","(77.73094932200007, 18.49717835900003, 77.85433638100005, 18.66689713100004)",01-02-2023.geojson,Kotagiri,,,,,
Vikarabad,TSSD0257,113.18,"{'min': 34.014801025390625, 'max': 38.40679931640625, 'mean': 37.24762947328629, 'count': 31, 'sum': 1154.676513671875, 'median': 37.504398345947266}","(77.66819483500007, 17.359928257000036, 77.85253462800006, 17.473344975000032)",01-02-2023.geojson,Kotepally,,,,,
Mahabubabad,TSSD0258,542.64,"{'min': 27.68000030517578, 'max': 35.47639846801758, 'mean': 33.37689771719858, 'count': 141, 'sum': 4706.142578125, 'median': 33.61750030517578}","(79.98324728200004, 17.77379955500004, 80.22702134100007, 18.106543834000036)",01-02-2023.geojson,Kothaguda,,,,,
Bhadradri Kothagudem,TSSD0259,16.26,"{'min': 32.75363540649414, 'max': 33.772727966308594, 'mean': 33.2977294921875, 'count': 4, 'sum': 133.19091796875, 'median': 33.332275390625}","(80.60094010100005, 17.503240987000027, 80.65378575800008, 17.562464026000043)",01-02-2023.geojson,Kothagudem,,,,,
Wanaparthy,TSSD0260,171.68,"{'min': 29.592857360839844, 'max': 35.83761978149414, 'mean': 32.83405190325798, 'count': 47, 'sum': 1543.200439453125, 'median': 32.82904815673828}","(77.88176111000007, 16.234691046000023, 77.99240426200004, 16.448187482000037)",01-02-2023.geojson,Kothakota,,,,,
Karimnagar,TSSD0261,97.2,"{'min': 27.056087493896484, 'max': 33.863914489746094, 'mean': 31.487457275390625, 'count': 26, 'sum': 818.6738891601562, 'median': 31.53913116455078}","(78.98612238300007, 18.39948258100003, 79.12597429000004, 18.514396049000027)",01-02-2023.geojson,Kothapally,,,,,
Rangareddy,TSSD0262,105.51,"{'min': 34.415000915527344, 'max': 37.383914947509766, 'mean': 35.95140787760417, 'count': 30, 'sum': 1078.542236328125, 'median': 35.90503692626953}","(78.21019675400004, 17.04105323500005, 78.36970700400008, 17.225492944000052)",01-02-2023.geojson,Kothur,,,,,
Kumurambheem Asifabad,TSSD0263,178.1,"{'min': 30.600833892822266, 'max': 35.35499954223633, 'mean': 34.031016248337764, 'count': 47, 'sum': 1599.457763671875, 'median': 34.23666763305664}","(79.63414387600005, 19.452242796000064, 79.81867852100004, 19.607819128000074)",01-02-2023.geojson,Kouthala,,,,,
Medak,TSSD0264,161.34,"{'min': 30.815000534057617, 'max': 33.928260803222656, 'mean': 32.36613144985465, 'count': 43, 'sum': 1391.74365234375, 'median': 32.4275016784668}","(78.10564250300007, 17.787310025000068, 78.29841681600004, 17.936446078000074)",01-02-2023.geojson,Kowdipally,,,,,
Nirmal,TSSD0265,282.48,"{'min': 32.924400329589844, 'max': 37.34040069580078, 'mean': 35.187076822916666, 'count': 75, 'sum': 2639.03076171875, 'median': 35.194000244140625}","(77.84760754200005, 19.143786309000063, 78.05573992700005, 19.342882151000026)",01-02-2023.geojson,Kubeer,,,,,
Medchal_Malkajgiri,TSSD0266,39.02,"{'min': 32.63999938964844, 'max': 34.517826080322266, 'mean': 33.41157115589488, 'count': 11, 'sum': 367.52728271484375, 'median': 33.16166687011719}","(78.36804921900006, 17.450165494000032, 78.44563956200005, 17.513917809000077)",01-02-2023.geojson,Kukatpally,,,,,
Medak,TSSD0267,155.55,"{'min': 28.116666793823242, 'max': 33.334999084472656, 'mean': 30.95724326685855, 'count': 38, 'sum': 1176.375244140625, 'median': 31.118749618530273}","(78.05900573700006, 17.903386933000036, 78.28836760200005, 18.020195513000033)",01-02-2023.geojson,Kulcharam,,,,,
Vikarabad,TSSD0268,196.33,"{'min': 33.02083206176758, 'max': 36.068260192871094, 'mean': 34.43468534029447, 'count': 52, 'sum': 1790.6036376953125, 'median': 34.45030975341797}","(77.79636866200008, 16.916114566000033, 77.99996008000005, 17.10676938000006)",01-02-2023.geojson,Kulkacharla,,,,,
Nirmal,TSSD0269,140.25,"{'min': 30.31916618347168, 'max': 36.83319854736328, 'mean': 32.76389951963682, 'count': 37, 'sum': 1212.2642822265625, 'median': 31.989999771118164}","(78.02051881300008, 19.088268194000023, 78.15736433900008, 19.254793077000045)",01-02-2023.geojson,Kuntala,,,,,
Mahabubabad,TSSD0270,241.32,"{'min': 30.12478256225586, 'max': 33.90999984741211, 'mean': 31.909363731971155, 'count': 65, 'sum': 2074.108642578125, 'median': 31.920434951782227}","(79.89569772600004, 17.36986128800004, 80.09682891600005, 17.588288271000067)",01-02-2023.geojson,Kuravi,,,,,
Khammam,TSSD0271,220.86,"{'min': 26.66272735595703, 'max': 34.19900131225586, 'mean': 30.365992052801722, 'count': 58, 'sum': 1761.2275390625, 'median': 30.397619247436523}","(79.87484026500005, 17.11399079800003, 80.04316183700007, 17.29547575600003)",01-02-2023.geojson,Kusumanchi,,,,,
Nirmal,TSSD0272,125.72,"{'min': 28.789167404174805, 'max': 33.147499084472656, 'mean': 30.626597684972428, 'count': 34, 'sum': 1041.3043212890625, 'median': 30.297645568847656}","(78.40349407400004, 18.95386539200007, 78.52341344300004, 19.102668410000035)",01-02-2023.geojson,Laxmanchanda,,,,,
Bhadradri Kothagudem,TSSD0273,229.46,"{'min': 27.510000228881836, 'max': 35.09608840942383, 'mean': 32.89779564642137, 'count': 62, 'sum': 2039.663330078125, 'median': 33.14545440673828}","(80.51384827600003, 17.535477607000075, 80.67198351200005, 17.81657303700007)",01-02-2023.geojson,Laxmidevipally,,,,,
Jangoan,TSSD0274,187.87,"{'min': 30.521305084228516, 'max': 36.67608642578125, 'mean': 33.73060327646684, 'count': 49, 'sum': 1652.799560546875, 'median': 33.556087493896484}","(79.13021988100007, 17.575431923000053, 79.31745159400003, 17.72563423400004)",01-02-2023.geojson,Lingalaghanpur,,,,,
Kamareddy,TSSD0275,255.84,"{'min': 28.148332595825195, 'max': 36.247501373291016, 'mean': 31.8665771484375, 'count': 68, 'sum': 2166.92724609375, 'median': 31.91666603088379}","(78.02552329400004, 18.13087097700003, 78.21768245400006, 18.355649218000053)",01-02-2023.geojson,Lingampet,,,,,
Kumurambheem Asifabad,TSSD0276,162.69,"{'min': 32.76166534423828, 'max': 37.955833435058594, 'mean': 35.6560752175071, 'count': 44, 'sum': 1568.8673095703125, 'median': 35.88041687011719}","(78.91810375000006, 19.205612909000024, 79.11073564000003, 19.342131322000057)",01-02-2023.geojson,Lingapur,,,,,
Nirmal,TSSD0277,222.97,"{'min': 25.244400024414062, 'max': 32.96083450317383, 'mean': 29.73255818684896, 'count': 60, 'sum': 1783.9534912109375, 'median': 30.142000198364258}","(78.00594866600005, 18.931946796000034, 78.23875211300003, 19.085518010000044)",01-02-2023.geojson,Lokeshwaram,,,,,
Mancherial,TSSD0278,151.79,"{'min': 28.76565170288086, 'max': 32.796085357666016, 'mean': 30.739476913060898, 'count': 39, 'sum': 1198.839599609375, 'median': 30.603042602539062}","(79.16655337500003, 18.832516484000053, 79.30981884700003, 19.005514334000054)",01-02-2023.geojson,Luxettipet,,,,,
Kamareddy,TSSD0279,210.35,"{'min': 31.06304359436035, 'max': 36.453636169433594, 'mean': 33.27699933733259, 'count': 56, 'sum': 1863.511962890625, 'median': 33.04713439941406}","(78.38704550600005, 18.26697810400003, 78.56264784400008, 18.467778762000023)",01-02-2023.geojson,Machareddy,,,,,
Wanaparthy,TSSD0280,102.15,"{'min': 28.189130783081055, 'max': 37.11090850830078, 'mean': 32.6843798828125, 'count': 25, 'sum': 817.1094970703125, 'median': 32.709999084472656}","(77.82095279900005, 16.300196190000065, 77.92236147200003, 16.45097719200004)",01-02-2023.geojson,Madanapur,,,,,
Suryapet,TSSD0281,130.55,"{'min': 30.184782028198242, 'max': 32.48478317260742, 'mean': 31.438720703125, 'count': 35, 'sum': 1100.355224609375, 'median': 31.470869064331055}","(79.63339168000005, 17.351837121000074, 79.79652225800004, 17.470968053000036)",01-02-2023.geojson,Maddirala,,,,,
Narayanpet,TSSD0282,229.43,"{'min': 33.45479965209961, 'max': 36.89666748046875, 'mean': 35.11172688802083, 'count': 60, 'sum': 2106.70361328125, 'median': 35.121116638183594}","(77.56183110400008, 16.77489021100007, 77.74489013300007, 16.952964019000035)",01-02-2023.geojson,Maddur,,,,,
Siddipet,TSSD0283,90.43,"{'min': 31.963912963867188, 'max': 34.76130294799805, 'mean': 33.44518025716146, 'count': 24, 'sum': 802.684326171875, 'median': 33.51652145385742}","(79.01132752500001, 17.86198517100007, 79.12089267400006, 17.966105778000042)",01-02-2023.geojson,Maddur,,,,,
Rangareddy,TSSD0284,264.88,"{'min': 34.96217346191406, 'max': 39.50090789794922, 'mean': 37.160976833767364, 'count': 72, 'sum': 2675.59033203125, 'median': 37.200416564941406}","(78.58095395400005, 16.75043613200006, 78.80230556900005, 16.944488267000054)",01-02-2023.geojson,Madgul,,,,,
Khammam,TSSD0285,210.2,"{'min': 31.398181915283203, 'max': 35.759525299072266, 'mean': 33.18095607383579, 'count': 51, 'sum': 1692.228759765625, 'median': 33.116085052490234}","(80.31236943000005, 16.82168020900002, 80.47000219000006, 17.070547697000052)",01-02-2023.geojson,Madhira,,,,,
Kamareddy,TSSD0286,235.87,"{'min': 28.020000457763672, 'max': 37.39400100708008, 'mean': 34.78140751008065, 'count': 62, 'sum': 2156.447265625, 'median': 35.232398986816406}","(77.54916412900008, 18.384667036000053, 77.76294653600007, 18.55697662400007)",01-02-2023.geojson,Madnur,,,,,
Nalgonda,TSSD0287,219.21,"{'min': 26.89583396911621, 'max': 35.62091064453125, 'mean': 30.6668701171875, 'count': 56, 'sum': 1717.3447265625, 'median': 30.792173385620117}","(79.34641497200005, 16.895418574000075, 79.56245174900005, 17.09279099500003)",01-02-2023.geojson,Madugulapally,,,,,
Narayanpet,TSSD0288,182.41,"{'min': 29.254348754882812, 'max': 39.439998626708984, 'mean': 35.29139245074728, 'count': 46, 'sum': 1623.404052734375, 'median': 35.831363677978516}","(77.36910946300009, 16.375499069, 77.53031708000003, 16.588101701000085)",01-02-2023.geojson,Maganoor,,,,,
Mahabubabad,TSSD0289,229.64,"{'min': 29.872608184814453, 'max': 33.59695816040039, 'mean': 31.542370405353484, 'count': 61, 'sum': 1924.0845947265625, 'median': 31.48391342163086}","(79.84115276500006, 17.501311835000024, 80.09111942000004, 17.697718735000137)",01-02-2023.geojson,Mahabubabad,,,,,
Mahabubnagar,TSSD0290,99.98,"{'min': 32.775455474853516, 'max': 35.709999084472656, 'mean': 34.67630126953125, 'count': 25, 'sum': 866.9075317382812, 'median': 34.7400016784668}","(77.94626825800003, 16.706941769000025, 78.09470899900003, 16.806279568000036)",01-02-2023.geojson,Mahabubnagar_Urban,,,,,
Jayashankar Bhupalpally,TSSD0291,299.12,"{'min': 27.176666259765625, 'max': 34.551666259765625, 'mean': 30.840416425540123, 'count': 81, 'sum': 2498.07373046875, 'median': 30.649999618530273}","(79.82048229900005, 18.630638763000036, 80.11061256100004, 18.86890015800003)",01-02-2023.geojson,Mahadevpur,,,,,
Rangareddy,TSSD0292,252.27,"{'min': 31.86142921447754, 'max': 36.6966667175293, 'mean': 35.34959059495192, 'count': 65, 'sum': 2297.723388671875, 'median': 35.36909103393555}","(78.30122014300008, 17.028058688000044, 78.54049373500004, 17.239387140000076)",01-02-2023.geojson,Maheswaram,,,,,
Nizamabad,TSSD0293,193.35,"{'min': 27.24679946899414, 'max': 31.922000885009766, 'mean': 29.246619591346153, 'count': 52, 'sum': 1520.82421875, 'median': 28.97083282470703}","(78.05675830000007, 18.66482496200007, 78.22576505800004, 18.852068687000042)",01-02-2023.geojson,Makloor,,,,,
Narayanpet,TSSD0294,363.86,"{'min': 29.94416618347168, 'max': 39.103912353515625, 'mean': 35.78096648185484, 'count': 93, 'sum': 3327.6298828125, 'median': 36.64043426513672}","(77.45220537800003, 16.34148046400003, 77.67347100500007, 16.59593542500005)",01-02-2023.geojson,Makthal,,,,,
Jogulamba Gadwal,TSSD0295,241.46,"{'min': 31.445453643798828, 'max': 40.16636276245117, 'mean': 34.81122295673077, 'count': 65, 'sum': 2262.7294921875, 'median': 34.401817321777344}","(77.63191914500004, 16.011527430000058, 77.79042152200003, 16.212472503000072)",01-02-2023.geojson,Maldakal,,,,,
Jayashankar Bhupalpally,TSSD0296,330.72,"{'min': 29.90999984741211, 'max': 34.602500915527344, 'mean': 31.927876317223838, 'count': 86, 'sum': 2745.79736328125, 'median': 31.733749389648438}","(79.67910470400005, 18.410415433000026, 79.92225416300005, 18.645377148000023)",01-02-2023.geojson,Malharrao,,,,,
Medchal_Malkajgiri,TSSD0297,30.3,"{'min': 33.405452728271484, 'max': 33.98545455932617, 'mean': 33.68202039930556, 'count': 9, 'sum': 303.13818359375, 'median': 33.632728576660156}","(78.50463339200007, 17.428292171000066, 78.55954592700004, 17.505731841000056)",01-02-2023.geojson,Malkajgiri,,,,,
Jagtial,TSSD0298,213.62,"{'min': 29.23086929321289, 'max': 34.77363586425781, 'mean': 31.75268336704799, 'count': 56, 'sum': 1778.1502685546875, 'median': 31.76772689819336}","(78.61662895600006, 18.874482111000077, 78.81309041900005, 19.03748223200006)",01-02-2023.geojson,Mallapur,,,,,
Jagtial,TSSD0299,151.65,"{'min': 29.170869827270508, 'max': 32.57086944580078, 'mean': 31.00254561261433, 'count': 41, 'sum': 1271.1043701171875, 'median': 30.91521644592285}","(78.83599988400005, 18.650343142000054, 79.00846227100004, 18.762767418000067)",01-02-2023.geojson,Mallial,,,,,
Nirmal,TSSD0300,303.59,"{'min': 29.850000381469727, 'max': 36.20333480834961, 'mean': 32.990081787109375, 'count': 80, 'sum': 2639.20654296875, 'median': 32.79999923706055}","(78.40539725900004, 18.946457939000027, 78.61865077500005, 19.23040426800003)",01-02-2023.geojson,Mamda,,,,,
Karimnagar,TSSD0301,205.41,"{'min': 27.114347457885742, 'max': 31.890869140625, 'mean': 28.909498948317307, 'count': 52, 'sum': 1503.2939453125, 'median': 28.598695755004883}","(79.15750397500005, 18.315741219000074, 79.35328729400004, 18.481920999000067)",01-02-2023.geojson,Manakondur,,,,,
Rangareddy,TSSD0302,234.43,"{'min': 32.33347702026367, 'max': 36.41347885131836, 'mean': 34.95274697580645, 'count': 62, 'sum': 2167.0703125, 'median': 35.07391357421875}","(78.65286760000004, 17.00487583200004, 78.84397639500008, 17.201225641000065)",01-02-2023.geojson,Manchal,,,,,
Mancherial,TSSD0303,40.12,"{'min': 32.732608795166016, 'max': 35.35173797607422, 'mean': 34.19585071910512, 'count': 11, 'sum': 376.15435791015625, 'median': 34.17608642578125}","(79.41610667100008, 18.835052002000054, 79.48472162900003, 18.913545975000034)",01-02-2023.geojson,Mancherial,,,,,
Mancherial,TSSD0304,171.08,"{'min': 31.884782791137695, 'max': 35.09956359863281, 'mean': 33.70594648881392, 'count': 44, 'sum': 1483.0616455078125, 'median': 33.80956268310547}","(79.39193241000004, 18.891641181000068, 79.59105304600007, 19.015526930000078)",01-02-2023.geojson,Mandamarri,,,,,
Mulugu,TSSD0305,392.56,"{'min': 29.705652236938477, 'max': 36.19583511352539, 'mean': 31.565287469660195, 'count': 103, 'sum': 3251.224609375, 'median': 31.470869064331055}","(80.40836158100007, 18.080546712000057, 80.70882201500007, 18.304706081000063)",01-02-2023.geojson,Mangapet,,,,,
Sangareddy,TSSD0306,148.62,"{'min': 30.66583251953125, 'max': 38.485198974609375, 'mean': 35.98049554592225, 'count': 41, 'sum': 1475.2003173828125, 'median': 36.77320098876953}","(77.64845538500003, 17.878779076000058, 77.83149306000007, 18.04513193200006)",01-02-2023.geojson,Manoor,,,,,
Jogulamba Gadwal,TSSD0307,163.37,"{'min': 32.329132080078125, 'max': 41.52652359008789, 'mean': 37.29529640891335, 'count': 44, 'sum': 1640.9930419921875, 'median': 37.671302795410156}","(77.86929360900007, 15.885358944000075, 78.03319288300008, 16.08949442000005)",01-02-2023.geojson,Manopad,,,,,
Peddapalli,TSSD0308,311.44,"{'min': 28.362499237060547, 'max': 34.13333511352539, 'mean': 31.604532877604168, 'count': 84, 'sum': 2654.78076171875, 'median': 31.742084503173828}","(79.56456396600004, 18.561850238000034, 79.83268954900007, 18.738350264000076)",01-02-2023.geojson,Manthani,,,,,
Bhadradri Kothagudem,TSSD0309,241.6,"{'min': 29.453332901000977, 'max': 35.55869674682617, 'mean': 32.417071063701925, 'count': 65, 'sum': 2107.109619140625, 'median': 32.67333221435547}","(80.66740807500008, 17.879481733000034, 80.88542464200003, 18.045849738000072)",01-02-2023.geojson,Manuguru,,,,,
Hyderabad,TSSD0310,12.89,"{'min': 33.49636459350586, 'max': 34.029998779296875, 'mean': 33.73181660970052, 'count': 3, 'sum': 101.19544982910156, 'median': 33.669090270996094}","(78.49007358600005, 17.42094839600003, 78.55631568500007, 17.46893287000006)",01-02-2023.geojson,Maredpally,,,,,
Narayanpet,TSSD0311,159.77,"{'min': 29.56739044189453, 'max': 38.7013053894043, 'mean': 36.02520461309524, 'count': 42, 'sum': 1513.05859375, 'median': 36.71391296386719}","(77.65664280100003, 16.506114195000066, 77.79841434500008, 16.665240555000025)",01-02-2023.geojson,Marikal,,,,,
Mahabubabad,TSSD0312,234.68,"{'min': 30.001304626464844, 'max': 32.73869705200195, 'mean': 31.33575129104873, 'count': 59, 'sum': 1848.809326171875, 'median': 31.341304779052734}","(79.76148480300003, 17.321621569000058, 79.98270166300006, 17.48693560600003)",01-02-2023.geojson,Maripeda,,,,,
Siddipet,TSSD0313,105.43,"{'min': 28.488182067871094, 'max': 35.3978271484375, 'mean': 33.50872366768973, 'count': 28, 'sum': 938.2442626953125, 'median': 33.8636360168457}","(78.66415458400007, 17.667265188000044, 78.78250869300007, 17.810152515000027)",01-02-2023.geojson,Markook,,,,,
Vikarabad,TSSD0314,225.88,"{'min': 35.31083297729492, 'max': 38.59916687011719, 'mean': 37.240310142780174, 'count': 58, 'sum': 2159.93798828125, 'median': 37.29159927368164}","(77.68610927900005, 17.453891702000078, 77.87740943300008, 17.638691618000053)",01-02-2023.geojson,Marpalle,,,,,
Nalgonda,TSSD0315,229.14,"{'min': 32.87956619262695, 'max': 41.02818298339844, 'mean': 36.450715612192624, 'count': 61, 'sum': 2223.49365234375, 'median': 36.37956619262695}","(78.75919635200006, 16.90874455200003, 78.96448818000005, 17.07201425200003)",01-02-2023.geojson,Marriguda,,,,,
Suryapet,TSSD0316,210.69,"{'min': 26.493478775024414, 'max': 36.294349670410156, 'mean': 31.34487396816038, 'count': 53, 'sum': 1661.2783203125, 'median': 30.28545379638672}","(79.76031217600007, 16.657641133000027, 79.94384993900007, 16.842244540000024)",01-02-2023.geojson,Mattampalli,,,,,
Medak,TSSD0317,140.85,"{'min': 28.54083251953125, 'max': 34.30500030517578, 'mean': 31.298702755489863, 'count': 37, 'sum': 1158.052001953125, 'median': 31.29083251953125}","(78.20774346500008, 17.973932821000062, 78.36819518300007, 18.10438747300003)",01-02-2023.geojson,Medak,,,,,
Medchal_Malkajgiri,TSSD0318,187.56,"{'min': 32.552608489990234, 'max': 34.952728271484375, 'mean': 33.754669189453125, 'count': 52, 'sum': 1755.2427978515625, 'median': 33.76454544067383}","(78.38095406300005, 17.551049357000068, 78.56000059500008, 17.70854524600003)",01-02-2023.geojson,Medchal,,,,,
Jagtial,TSSD0319,206.03,"{'min': 28.131818771362305, 'max': 32.36909103393555, 'mean': 30.29395419034091, 'count': 55, 'sum': 1666.16748046875, 'median': 30.292726516723633}","(78.73214094600007, 18.624887353000076, 78.85330317100005, 18.885390032000032)",01-02-2023.geojson,Medipalle,,,,,
Medchal_Malkajgiri,TSSD0320,33.63,"{'min': 33.17454528808594, 'max': 34.724544525146484, 'mean': 33.97193145751953, 'count': 8, 'sum': 271.77545166015625, 'median': 33.87727355957031}","(78.56396765400007, 17.387088967000068, 78.62540001600007, 17.4548326310001)",01-02-2023.geojson,Medipally,,,,,
Suryapet,TSSD0321,148.48,"{'min': 27.2845458984375, 'max': 36.155216217041016, 'mean': 31.201522827148438, 'count': 40, 'sum': 1248.0609130859375, 'median': 30.273181915283203}","(79.86430255300007, 16.749144942000044, 80.04667389300005, 16.897589783000058)",01-02-2023.geojson,Mellachervu,,,,,
Nizamabad,TSSD0322,74.74,"{'min': 26.476667404174805, 'max': 30.809999465942383, 'mean': 29.661865234375, 'count': 20, 'sum': 593.2373046875, 'median': 29.908893585205078}","(78.34141407100003, 18.91286552100007, 78.45746941500005, 19.003231226000025)",01-02-2023.geojson,Mendora,,,,,
Jagtial,TSSD0323,189.57,"{'min': 28.72565269470215, 'max': 33.5, 'mean': 30.979362936580884, 'count': 51, 'sum': 1579.947509765625, 'median': 30.969091415405273}","(78.53968262500007, 18.72081223600003, 78.67956378400004, 18.895674916000075)",01-02-2023.geojson,Metpalli,,,,,
Mahabubnagar,TSSD0324,164.85,"{'min': 33.109046936035156, 'max': 37.560001373291016, 'mean': 35.62655494326637, 'count': 42, 'sum': 1496.3153076171875, 'median': 36.038787841796875}","(78.21714079300006, 16.678018442000052, 78.36989334400005, 16.825534489000063)",01-02-2023.geojson,Midjil,,,,,
Siddipet,TSSD0325,167.82,"{'min': 30.991817474365234, 'max': 33.18912887573242, 'mean': 32.05259811046512, 'count': 43, 'sum': 1378.26171875, 'median': 32.01636505126953}","(78.56910611300003, 17.992796036000072, 78.73068591400005, 18.14881470800003)",01-02-2023.geojson,Mirdoddi,,,,,
Nalgonda,TSSD0326,248.98,"{'min': 26.550832748413086, 'max': 31.989089965820312, 'mean': 27.903663635253906, 'count': 64, 'sum': 1785.83447265625, 'median': 27.589242935180664}","(79.48474594700008, 16.761982963000037, 79.66781758100007, 17.007573905000072)",01-02-2023.geojson,Miryalaguda,,,,,
Sangareddy,TSSD0327,152.32,"{'min': 35.67399978637695, 'max': 38.75239944458008, 'mean': 37.48288766961349, 'count': 38, 'sum': 1424.3497314453125, 'median': 37.61039733886719}","(77.44416825100006, 17.542551853000077, 77.59394938800006, 17.703749020000032)",01-02-2023.geojson,Mogudampally,,,,,
Jayashankar Bhupalpally,TSSD0328,117.77,"{'min': 30.24652099609375, 'max': 31.914348602294922, 'mean': 30.95137466922883, 'count': 31, 'sum': 959.4926147460938, 'median': 30.90565299987793}","(79.55918339200008, 18.25321451900004, 79.69624194900007, 18.367730020000067)",01-02-2023.geojson,Mogullapally,,,,,
Rangareddy,TSSD0329,210.03,"{'min': 27.413333892822266, 'max': 38.205238342285156, 'mean': 35.41637244591346, 'count': 52, 'sum': 1841.6513671875, 'median': 36.14045333862305}","(78.18364043400004, 17.24469818700004, 78.37521359500005, 17.39979780400006)",01-02-2023.geojson,Moinabad,,,,,
Vikarabad,TSSD0330,185.55,"{'min': 35.32500076293945, 'max': 38.6068000793457, 'mean': 37.38345636106005, 'count': 51, 'sum': 1906.5562744140625, 'median': 37.44166564941406}","(77.80132142600007, 17.440949010000054, 78.02278448100003, 17.58481577400005)",01-02-2023.geojson,Mominpet,,,,,
Mahabubnagar,TSSD0331,95.02,"{'min': 32.08333206176758, 'max': 36.53190612792969, 'mean': 34.65484149639423, 'count': 26, 'sum': 901.02587890625, 'median': 34.8282470703125}","(77.88815901700008, 16.55990335200005, 78.03642113100005, 16.65578400800007)",01-02-2023.geojson,Moosapet,,,,,
Nizamabad,TSSD0332,110.93,"{'min': 28.99250030517578, 'max': 31.68666648864746, 'mean': 30.179750569661458, 'count': 30, 'sum': 905.3925170898438, 'median': 30.16083335876465}","(78.39569656400005, 18.754933092000044, 78.51049422500006, 18.895877668000026)",01-02-2023.geojson,Morthad,,,,,
Yadadri Bhuvanagiri,TSSD0333,154.09,"{'min': 32.9056510925293, 'max': 39.26565170288086, 'mean': 34.974513462611604, 'count': 42, 'sum': 1468.9295654296875, 'median': 34.638694763183594}","(79.02191272500005, 17.447705855000038, 79.18771359200008, 17.614164877000064)",01-02-2023.geojson,Motakondur,,,,,
Suryapet,TSSD0334,191.84,"{'min': 27.501304626464844, 'max': 32.89181900024414, 'mean': 30.8460009765625, 'count': 50, 'sum': 1542.300048828125, 'median': 31.049999237060547}","(79.72864807600007, 17.098594648000073, 79.90108897100004, 17.295132846000058)",01-02-2023.geojson,Mothey,,,,,
Yadadri Bhuvanagiri,TSSD0335,146.43,"{'min': 31.68739128112793, 'max': 34.99260711669922, 'mean': 33.33991887019231, 'count': 39, 'sum': 1300.2568359375, 'median': 33.456085205078125}","(79.17886738600004, 17.35663582600006, 79.34505761300005, 17.499013259000037)",01-02-2023.geojson,Mothkur,,,,,
Nirmal,TSSD0336,187.43,"{'min': 29.777999877929688, 'max': 37.168399810791016, 'mean': 33.593681003736414, 'count': 46, 'sum': 1545.309326171875, 'median': 33.53333282470703}","(77.87363589400007, 18.90926259400004, 78.04943334300003, 19.05199254100006)",01-02-2023.geojson,Mudhole,,,,,
Khammam,TSSD0337,202.95,"{'min': 27.432857513427734, 'max': 33.29800033569336, 'mean': 30.31012901893029, 'count': 52, 'sum': 1576.126708984375, 'median': 30.213947296142578}","(79.99976989400005, 16.987411645000066, 80.17144520800008, 17.21465495600006)",01-02-2023.geojson,Mudigonda,,,,,
Nizamabad,TSSD0338,196.22,"{'min': 27.606000900268555, 'max': 34.97560119628906, 'mean': 30.91240617340686, 'count': 51, 'sum': 1576.53271484375, 'median': 30.990800857543945}","(78.03331485400008, 18.477793812000073, 78.18413506400003, 18.66033533700005)",01-02-2023.geojson,Mugpal,,,,,
Bhadradri Kothagudem,TSSD0339,514.62,"{'min': 29.229047775268555, 'max': 33.73636245727539, 'mean': 31.82398726851852, 'count': 135, 'sum': 4296.23828125, 'median': 31.847272872924805}","(80.70650352000007, 17.353825033000078, 80.96455307900004, 17.59430879000007)",01-02-2023.geojson,Mulakalapally,,,,,
Mulugu,TSSD0340,363.24,"{'min': 27.30583381652832, 'max': 35.00666809082031, 'mean': 32.32515676398026, 'count': 95, 'sum': 3070.889892578125, 'median': 32.63333511352539}","(79.81475825400008, 18.07019176600005, 80.14227776900003, 18.247994896000023)",01-02-2023.geojson,Mulug,,,,,
Siddipet,TSSD0341,148.86,"{'min': 27.439090728759766, 'max': 35.307273864746094, 'mean': 33.620063977363785, 'count': 39, 'sum': 1311.1824951171875, 'median': 34.09000015258789}","(78.49289586600008, 17.669503792000057, 78.72948919400005, 17.760743728000023)",01-02-2023.geojson,Mulug,,,,,
Suryapet,TSSD0342,140.35,"{'min': 26.690908432006836, 'max': 34.72909164428711, 'mean': 30.280828857421874, 'count': 40, 'sum': 1211.233154296875, 'median': 30.38800048828125}","(79.71348967800003, 16.97659834500007, 79.93382971200003, 17.162332160000062)",01-02-2023.geojson,Munagala,,,,,
Sangareddy,TSSD0343,221.68,"{'min': 26.465999603271484, 'max': 39.540401458740234, 'mean': 37.034824916294646, 'count': 56, 'sum': 2073.9501953125, 'median': 38.559600830078125}","(77.76970420300006, 17.61306823700005, 77.93222993400008, 17.821658166000077)",01-02-2023.geojson,Munipally,,,,,
Nalgonda,TSSD0344,242.13,"{'min': 32.60652160644531, 'max': 40.67636489868164, 'mean': 37.16327089251894, 'count': 66, 'sum': 2452.77587890625, 'median': 37.451820373535156}","(78.92781504300007, 16.99371558000007, 79.14931293500007, 17.18453899000002)",01-02-2023.geojson,Munugode,,,,,
Nizamabad,TSSD0345,53.32,"{'min': 24.933332443237305, 'max': 31.752609252929688, 'mean': 29.167068481445312, 'count': 14, 'sum': 408.3389587402344, 'median': 29.38666534423828}","(78.33239376200004, 18.87289880800006, 78.45351563000008, 18.968813642000043)",01-02-2023.geojson,Mupkal,,,,,
Hyderabad,TSSD0346,9.91,"{'min': 33.53181838989258, 'max': 33.78363800048828, 'mean': 33.65773010253906, 'count': 2, 'sum': 67.31546020507812, 'median': 33.65773010253906}","(78.47735671700008, 17.40191402800002, 78.52763446200004, 17.43504124900005)",01-02-2023.geojson,Musheerabad,,,,,
Rajanna Sircilla,TSSD0347,162.34,"{'min': 29.280908584594727, 'max': 32.94545364379883, 'mean': 31.495043377543606, 'count': 43, 'sum': 1354.286865234375, 'median': 31.919090270996094}","(78.62827650500003, 18.21376387500004, 78.77109860300004, 18.360829288000048)",01-02-2023.geojson,Mustabad,,,,,
Jayashankar Bhupalpally,TSSD0348,603.81,"{'min': 29.54599952697754, 'max': 35.1775016784668, 'mean': 31.59622802734375, 'count': 160, 'sum': 5055.396484375, 'median': 31.329133987426758}","(79.93211438700007, 18.348852581000074, 80.27331132300003, 18.665550444000075)",01-02-2023.geojson,Mutharam_Mahadevpur,,,,,
Peddapalli,TSSD0349,143.95,"{'min': 29.577499389648438, 'max': 33.877498626708984, 'mean': 32.040315326891445, 'count': 38, 'sum': 1217.531982421875, 'median': 32.31416702270508}","(79.56376559100005, 18.46670946200004, 79.71861493100005, 18.60236795900005)",01-02-2023.geojson,Mutharam_Manthani,,,,,
Suryapet,TSSD0350,132.47,"{'min': 26.84238052368164, 'max': 33.890907287597656, 'mean': 28.990977894176137, 'count': 33, 'sum': 956.7022705078125, 'median': 28.334211349487305}","(79.81542641000004, 17.031014071000072, 79.94769370600005, 17.174546916000054)",01-02-2023.geojson,Nadigudem,,,,,
Sangareddy,TSSD0351,148.84,"{'min': 35.25080108642578, 'max': 39.52360153198242, 'mean': 37.836300659179685, 'count': 40, 'sum': 1513.4520263671875, 'median': 38.22319793701172}","(77.54918865800005, 17.98547994300003, 77.71900749600007, 18.124343363000037)",01-02-2023.geojson,Nagalgidda,,,,,
Suryapet,TSSD0352,134.54,"{'min': 29.216957092285156, 'max': 33.32826232910156, 'mean': 31.418146623883928, 'count': 35, 'sum': 1099.6351318359375, 'median': 31.484783172607422}","(79.41253491600008, 17.34124849500006, 79.57155473400007, 17.45790335600003)",01-02-2023.geojson,Nagaram,,,,,
Kamareddy,TSSD0353,138.95,"{'min': 26.831666946411133, 'max': 32.75416564941406, 'mean': 29.48898135914522, 'count': 34, 'sum': 1002.6253662109375, 'median': 29.41208267211914}","(78.01381962800008, 18.068441783000026, 78.17948646600007, 18.201817321000078)",01-02-2023.geojson,Nagi_Reddypet,,,,,
Nalgonda,TSSD0354,151.19,"{'min': 27.207500457763672, 'max': 35.35636520385742, 'mean': 31.07598876953125, 'count': 40, 'sum': 1243.03955078125, 'median': 30.898025512695312}","(79.36271400100003, 17.074334117000035, 79.51356132300003, 17.265691678000053)",01-02-2023.geojson,Nakrekal,,,,,
Nalgonda,TSSD0355,356.0,"{'min': 27.969999313354492, 'max': 35.38999938964844, 'mean': 32.13766848385989, 'count': 91, 'sum': 2924.52783203125, 'median': 32.0790901184082}","(79.11238633500005, 16.95004682000007, 79.38632643800008, 17.14875526800006)",01-02-2023.geojson,Nalgonda,,,,,
Warangal_Rural,TSSD0356,164.31,"{'min': 29.97333335876465, 'max': 33.876956939697266, 'mean': 32.1343994140625, 'count': 48, 'sum': 1542.451171875, 'median': 32.04130554199219}","(79.81066170600008, 17.993540445000065, 80.04124404200007, 18.11528805000006)",01-02-2023.geojson,Nallabelli,,,,,
Hyderabad,TSSD0357,11.34,"{'min': 31.810909271240234, 'max': 34.2136344909668, 'mean': 33.40394083658854, 'count': 3, 'sum': 100.21182250976562, 'median': 34.18727111816406}","(78.45809052700008, 17.36457170500006, 78.49555773000003, 17.405714060000037)",01-02-2023.geojson,Nampally,,,,,
Nalgonda,TSSD0358,280.57,"{'min': 34.845455169677734, 'max': 38.2945442199707, 'mean': 36.46125187285959, 'count': 73, 'sum': 2661.67138671875, 'median': 36.31999969482422}","(78.84925232700004, 16.740287084000045, 79.04788463500006, 16.965538953000078)",01-02-2023.geojson,Nampally,,,,,
Rangareddy,TSSD0359,86.28,"{'min': 35.0465202331543, 'max': 37.810001373291016, 'mean': 35.89741654829545, 'count': 22, 'sum': 789.7431640625, 'median': 35.77000045776367}","(78.16420628000003, 17.07450775600006, 78.31375295500004, 17.187439899000026)",01-02-2023.geojson,Nandigama,,,,,
Nizamabad,TSSD0360,296.41,"{'min': 24.829999923706055, 'max': 29.764400482177734, 'mean': 27.690042867288962, 'count': 77, 'sum': 2132.13330078125, 'median': 27.844999313354492}","(78.06391450200005, 18.810123935000036, 78.27745292600008, 19.015809954000076)",01-02-2023.geojson,Nandipet,,,,,
Siddipet,TSSD0361,173.43,"{'min': 32.19173812866211, 'max': 33.82304382324219, 'mean': 33.13535378196023, 'count': 44, 'sum': 1457.95556640625, 'median': 33.199562072753906}","(78.91642615100005, 18.005257581000023, 79.12553882600008, 18.139313947000062)",01-02-2023.geojson,Nangnoor,,,,,
Yadadri Bhuvanagiri,TSSD0362,255.72,"{'min': 32.85869598388672, 'max': 40.64363479614258, 'mean': 35.69940370501894, 'count': 66, 'sum': 2356.16064453125, 'median': 34.991302490234375}","(78.76727420200007, 17.04527964400006, 78.99214673900008, 17.215539860000035)",01-02-2023.geojson,Narayanapoor,,,,,
Sangareddy,TSSD0363,221.04,"{'min': 30.323333740234375, 'max': 38.72600173950195, 'mean': 35.674324410860656, 'count': 61, 'sum': 2176.1337890625, 'median': 36.5260009765625}","(77.65873951100008, 17.969087139000067, 77.91619762300007, 18.131861117000028)",01-02-2023.geojson,Narayankhed,,,,,
Narayanpet,TSSD0364,253.45,"{'min': 34.00636291503906, 'max': 37.37333297729492, 'mean': 35.47716346153846, 'count': 65, 'sum': 2306.015625, 'median': 35.419166564941406}","(77.42683117400003, 16.65053467100006, 77.68547301300003, 16.797928967000075)",01-02-2023.geojson,Narayanpet,,,,,
Nalgonda,TSSD0365,234.39,"{'min': 29.303043365478516, 'max': 37.25090789794922, 'mean': 33.36699373759921, 'count': 63, 'sum': 2102.12060546875, 'median': 33.616085052490234}","(79.12064748900008, 17.11371295600003, 79.30389623300005, 17.35996707100003)",01-02-2023.geojson,Narketpally,,,,,
Jangoan,TSSD0366,125.01,"{'min': 31.25782585144043, 'max': 34.6943473815918, 'mean': 33.27637458570076, 'count': 33, 'sum': 1098.120361328125, 'median': 33.299564361572266}","(79.09279653800007, 17.82066930900004, 79.25505581500005, 17.932063776000064)",01-02-2023.geojson,Narmetta,,,,,
Adilabad,TSSD0367,201.81,"{'min': 34.801666259765625, 'max': 38.0, 'mean': 36.516742058520045, 'count': 53, 'sum': 1935.3873291015625, 'median': 36.501304626464844}","(78.75741661700005, 19.424395872000048, 78.97780666900007, 19.57535441500005)",01-02-2023.geojson,Narnoor,,,,,
Warangal_Rural,TSSD0368,128.11,"{'min': 28.826520919799805, 'max': 32.67521667480469, 'mean': 31.012418746948242, 'count': 32, 'sum': 992.3973999023438, 'median': 31.196666717529297}","(79.80201610100005, 17.882928224000068, 79.94435882900007, 18.020538076000037)",01-02-2023.geojson,Narsampet,,,,,
Medak,TSSD0369,177.98,"{'min': 30.619565963745117, 'max': 33.954349517822266, 'mean': 32.24563953488372, 'count': 43, 'sum': 1386.5625, 'median': 32.262725830078125}","(78.16308671700006, 17.659841237000023, 78.33116213500006, 17.840150954000023)",01-02-2023.geojson,Narsapur,,,,,
Nirmal,TSSD0370,147.48,"{'min': 27.439167022705078, 'max': 36.217498779296875, 'mean': 32.163472493489586, 'count': 42, 'sum': 1350.8658447265625, 'median': 32.173583984375}","(78.07428315700008, 19.02509410700003, 78.21913771600003, 19.23774101400005)",01-02-2023.geojson,Narsapur_G,,,,,
Mahabubabad,TSSD0371,100.62,"{'min': 30.028261184692383, 'max': 32.73782730102539, 'mean': 31.21611870659722, 'count': 27, 'sum': 842.835205078125, 'median': 31.28478240966797}","(79.74961810900004, 17.432922034000057, 79.85804564900008, 17.55949727500007)",01-02-2023.geojson,Narsimhulapet,,,,,
Medak,TSSD0372,55.63,"{'min': 28.987390518188477, 'max': 33.873477935791016, 'mean': 30.992984771728516, 'count': 16, 'sum': 495.88775634765625, 'median': 30.73181915283203}","(78.39229916300008, 17.98830749900003, 78.47149849900006, 18.093264383000076)",01-02-2023.geojson,Narsingi,,,,,
Narayanpet,TSSD0373,194.24,"{'min': 32.28217315673828, 'max': 38.76652145385742, 'mean': 36.52595458984375, 'count': 50, 'sum': 1826.2977294921875, 'median': 36.60136413574219}","(77.57900273500007, 16.392118486000072, 77.76051168400005, 16.55740275000005)",01-02-2023.geojson,Narva,,,,,
Mancherial,TSSD0374,52.98,"{'min': 30.069129943847656, 'max': 34.35260772705078, 'mean': 32.90372576032366, 'count': 14, 'sum': 460.65216064453125, 'median': 33.41130065917969}","(79.45022792100008, 18.798759303000054, 79.52726676000003, 18.914394050000055)",01-02-2023.geojson,Naspur,,,,,
Kamareddy,TSSD0375,102.21,"{'min': 26.2731990814209, 'max': 31.884166717529297, 'mean': 28.147589547293528, 'count': 28, 'sum': 788.1325073242188, 'median': 27.65166664123535}","(77.81879634400008, 18.411273927000025, 77.97648352900006, 18.509137527000064)",01-02-2023.geojson,Nasurullabad,,,,,
Nizamabad,TSSD0376,192.08,"{'min': 27.275217056274414, 'max': 31.08919906616211, 'mean': 29.0566650390625, 'count': 50, 'sum': 1452.833251953125, 'median': 29.215930938720703}","(77.94333219400005, 18.72259983600003, 78.08733714300007, 18.94072022900008)",01-02-2023.geojson,Navipet,,,,,
Mahabubnagar,TSSD0377,296.21,"{'min': 32.56130599975586, 'max': 36.123043060302734, 'mean': 34.45601029829545, 'count': 77, 'sum': 2653.11279296875, 'median': 34.5099983215332}","(77.92099457500007, 16.78332651100004, 78.11899967800008, 17.01427203800006)",01-02-2023.geojson,Nawabpet,,,,,
Vikarabad,TSSD0378,158.3,"{'min': 35.34000015258789, 'max': 38.26166534423828, 'mean': 37.21386123285061, 'count': 41, 'sum': 1525.768310546875, 'median': 37.432498931884766}","(77.88176503700004, 17.365495641000052, 78.07175069100003, 17.471223939000026)",01-02-2023.geojson,Nawabpet,,,,,
Warangal_Rural,TSSD0379,188.28,"{'min': 29.328332901000977, 'max': 31.991666793823242, 'mean': 30.5299755859375, 'count': 50, 'sum': 1526.498779296875, 'median': 30.46434783935547}","(79.74746045700005, 17.696488769000155, 79.90634128700003, 17.879678624000064)",01-02-2023.geojson,Nekkonda,,,,,
Khammam,TSSD0380,186.76,"{'min': 26.966190338134766, 'max': 31.93842124938965, 'mean': 29.43398736447704, 'count': 49, 'sum': 1442.265380859375, 'median': 29.205238342285156}","(79.96784028800005, 16.968121411000027, 80.11000795600006, 17.174936235000075)",01-02-2023.geojson,Nelakondapally,,,,,
Mahabubabad,TSSD0381,206.97,"{'min': 29.576955795288086, 'max': 31.850000381469727, 'mean': 30.61550564236111, 'count': 54, 'sum': 1653.2373046875, 'median': 30.536087036132812}","(79.71439804300002, 17.541887375000044, 79.91872236700016, 17.698785481000073)",01-02-2023.geojson,Nellikudur,,,,,
Mancherial,TSSD0382,269.42,"{'min': 30.52166748046875, 'max': 35.279998779296875, 'mean': 32.809893540933096, 'count': 71, 'sum': 2329.50244140625, 'median': 32.69956588745117}","(79.52664994100007, 18.93089886100006, 79.73295653300005, 19.12578670700003)",01-02-2023.geojson,Nennel,,,,,
Adilabad,TSSD0383,328.19,"{'min': 32.813331604003906, 'max': 38.05666732788086, 'mean': 35.35707623771067, 'count': 89, 'sum': 3146.77978515625, 'median': 35.302799224853516}","(78.26082714200004, 19.17277807100004, 78.55364642200004, 19.39715159900004)",01-02-2023.geojson,Neradigonda,,,,,
Suryapet,TSSD0384,126.74,"{'min': 26.033477783203125, 'max': 28.504545211791992, 'mean': 27.067243303571427, 'count': 35, 'sum': 947.353515625, 'median': 27.052608489990234}","(79.61424865900005, 16.828891998000074, 79.72807247700007, 16.983950306000054)",01-02-2023.geojson,Nereducherla,,,,,
Nalgonda,TSSD0385,161.07,"{'min': 28.868261337280273, 'max': 36.115455627441406, 'mean': 34.02523526278409, 'count': 44, 'sum': 1497.1103515625, 'median': 34.205928802490234}","(78.94273533400008, 16.468748120000043, 79.11690272800007, 16.651020135000067)",01-02-2023.geojson,Neredugommu,,,,,
Nalgonda,TSSD0386,217.58,"{'min': 26.397499084472656, 'max': 34.46818161010742, 'mean': 29.092438261387713, 'count': 59, 'sum': 1716.453857421875, 'median': 28.522499084472656}","(79.29369591300008, 16.726884840000025, 79.46702657000003, 16.93694350900006)",01-02-2023.geojson,Nidamanoor,,,,,
Nirmal,TSSD0387,26.54,"{'min': 32.05720138549805, 'max': 33.335601806640625, 'mean': 32.73094007703993, 'count': 9, 'sum': 294.5784606933594, 'median': 32.74440002441406}","(78.32125738700006, 19.06142155400005, 78.36703256100003, 19.13503668900006)",01-02-2023.geojson,Nirmal,,,,,
Nirmal,TSSD0388,121.65,"{'min': 29.982799530029297, 'max': 33.90599822998047, 'mean': 32.542252079133064, 'count': 31, 'sum': 1008.809814453125, 'median': 32.66749954223633}","(78.28619783500005, 19.030659180000043, 78.42042812500006, 19.18711090100004)",01-02-2023.geojson,Nirmal Rural,,,,,
Nizamabad,TSSD0389,8.31,"{'min': 31.304166793823242, 'max': 32.991600036621094, 'mean': 32.38969930013021, 'count': 3, 'sum': 97.16909790039062, 'median': 32.87333297729492}","(78.05163596200003, 18.674492592000036, 78.12730598000007, 18.70039857300003)",01-02-2023.geojson,Nizamabad North,,,,,
Nizamabad,TSSD0390,143.88,"{'min': 27.572608947753906, 'max': 33.14083480834961, 'mean': 30.509450812088815, 'count': 38, 'sum': 1159.359130859375, 'median': 30.652915954589844}","(77.98560033100006, 18.565702533000035, 78.16225447400006, 18.788720459000047)",01-02-2023.geojson,Nizamabad Rural,,,,,
Nizamabad,TSSD0391,30.08,"{'min': 32.398799896240234, 'max': 33.83333206176758, 'mean': 33.30043247767857, 'count': 7, 'sum': 233.10302734375, 'median': 33.54439926147461}","(78.05135267700007, 18.638141734000044, 78.12035163300004, 18.70039857300003)",01-02-2023.geojson,Nizamabad South,,,,,
Medak,TSSD0392,96.69,"{'min': 30.853477478027344, 'max': 32.987274169921875, 'mean': 31.884486607142858, 'count': 28, 'sum': 892.765625, 'median': 31.995651245117188}","(78.48347828600004, 18.052927198000077, 78.58043728400008, 18.186685228000044)",01-02-2023.geojson,Nizampet,,,,,
Kamareddy,TSSD0393,241.59,"{'min': 24.987499237060547, 'max': 32.5908317565918, 'mean': 29.076527913411457, 'count': 72, 'sum': 2093.510009765625, 'median': 29.476764678955078}","(77.84561923400008, 18.09283344800002, 78.00817764400006, 18.34553889500006)",01-02-2023.geojson,Nizamsagar,,,,,
Suryapet,TSSD0394,119.91,"{'min': 29.917499542236328, 'max': 33.57782745361328, 'mean': 31.54562470407197, 'count': 33, 'sum': 1041.005615234375, 'median': 31.190000534057617}","(79.62642963900004, 17.281058334000022, 79.80860422700005, 17.37862805900005)",01-02-2023.geojson,Noothankal,,,,,
Sangareddy,TSSD0395,259.19,"{'min': 34.374000549316406, 'max': 39.05799865722656, 'mean': 37.26123405905331, 'count': 68, 'sum': 2533.763916015625, 'median': 37.12766647338867}","(77.50905262900005, 17.743666096000027, 77.70963585900006, 17.95290998400003)",01-02-2023.geojson,Nyalkal,,,,,
Peddapalli,TSSD0396,148.08,"{'min': 27.27347755432129, 'max': 32.86565399169922, 'mean': 29.75811767578125, 'count': 38, 'sum': 1130.8084716796875, 'median': 29.850868225097656}","(79.36660364000005, 18.386385288000042, 79.55224107200007, 18.53271052300005)",01-02-2023.geojson,Odela,,,,,
Nagarkurnool,TSSD0397,630.47,"{'min': 30.030834197998047, 'max': 37.48666763305664, 'mean': 35.13147888183594, 'count': 160, 'sum': 5621.03662109375, 'median': 35.176666259765625}","(78.85902477800005, 16.210348460000034, 79.23432760400004, 16.461405856000056)",01-02-2023.geojson,Padara,,,,,
Suryapet,TSSD0398,132.07,"{'min': 26.59434700012207, 'max': 34.354347229003906, 'mean': 29.180891248914932, 'count': 36, 'sum': 1050.5120849609375, 'median': 27.914783477783203}","(79.66762645300008, 16.689675125000065, 79.78908743200003, 16.836615472000062)",01-02-2023.geojson,Palakeedu,,,,,
Jangoan,TSSD0399,255.42,"{'min': 31.415000915527344, 'max': 34.96478271484375, 'mean': 32.79293915719697, 'count': 66, 'sum': 2164.333984375, 'median': 32.74708557128906}","(79.34225257900005, 17.560267294000028, 79.54008752200008, 17.75819989300004)",01-02-2023.geojson,Palakurthy,,,,,
Peddapalli,TSSD0400,137.42,"{'min': 27.411739349365234, 'max': 33.7430419921875, 'mean': 30.67803790118243, 'count': 37, 'sum': 1135.08740234375, 'median': 30.467391967773438}","(79.25348235000007, 18.670677110000042, 79.50381904800008, 18.81832694700006)",01-02-2023.geojson,Palakurthy,,,,,
Jayashankar Bhupalpally,TSSD0401,226.16,"{'min': 29.66583251953125, 'max': 35.24833297729492, 'mean': 31.27457275390625, 'count': 60, 'sum': 1876.474365234375, 'median': 30.857498168945312}","(80.10237686500005, 18.587417120000055, 80.34460111300007, 18.722365577000062)",01-02-2023.geojson,Palmela,,,,,
Bhadradri Kothagudem,TSSD0402,421.11,"{'min': 27.559999465942383, 'max': 35.06999969482422, 'mean': 32.03277202984234, 'count': 111, 'sum': 3555.6376953125, 'median': 32.01333236694336}","(80.57151962200004, 17.50317956400005, 80.86723947600007, 17.895408489000033)",01-02-2023.geojson,Palvancha,,,,,
Wanaparthy,TSSD0403,205.91,"{'min': 32.94454574584961, 'max': 36.835453033447266, 'mean': 34.351318359375, 'count': 54, 'sum': 1854.97119140625, 'median': 34.27521514892578}","(78.02855847800004, 16.173396301000025, 78.22246788200005, 16.341012469000077)",01-02-2023.geojson,Pangal,,,,,
Medak,TSSD0404,205.14,"{'min': 27.2641658782959, 'max': 33.20000076293945, 'mean': 30.372847123579547, 'count': 55, 'sum': 1670.506591796875, 'median': 30.560832977294922}","(77.99790429400008, 17.965407912000046, 78.21345417200007, 18.109216143000026)",01-02-2023.geojson,Papannapet,,,,,
Vikarabad,TSSD0405,227.88,"{'min': 32.70000076293945, 'max': 38.723331451416016, 'mean': 36.36513506355932, 'count': 59, 'sum': 2145.54296875, 'median': 37.045833587646484}","(77.76414678500004, 17.074105024000062, 77.99328854900006, 17.257275064000055)",01-02-2023.geojson,Pargi,,,,,
Warangal_Rural,TSSD0406,79.71,"{'min': 30.603042602539062, 'max': 32.31833267211914, 'mean': 31.535870361328126, 'count': 20, 'sum': 630.7174072265625, 'median': 31.475418090820312}","(79.645823469, 18.135041913000066, 79.73250177000006, 18.279244378000044)",01-02-2023.geojson,Parkal,,,,,
Warangal_Rural,TSSD0407,161.29,"{'min': 29.079565048217773, 'max': 31.90916633605957, 'mean': 29.990089053199405, 'count': 42, 'sum': 1259.583740234375, 'median': 29.826955795288086}","(79.64445348100008, 17.68264110900003, 79.78084029400003, 17.843589961000077)",01-02-2023.geojson,Parvathagiri,,,,,
Sangareddy,TSSD0408,186.54,"{'min': 33.459999084472656, 'max': 36.55908966064453, 'mean': 34.93674072265625, 'count': 50, 'sum': 1746.8370361328125, 'median': 34.87666702270508}","(78.13716356700007, 17.463618334000046, 78.28967759800008, 17.628094657000076)",01-02-2023.geojson,Patancheruvu,,,,,
Wanaparthy,TSSD0409,199.7,"{'min': 30.148181915283203, 'max': 35.4830436706543, 'mean': 32.97963303786058, 'count': 52, 'sum': 1714.94091796875, 'median': 33.15652084350586}","(77.91611806600008, 16.024587675000078, 78.07471604300008, 16.26834650400002)",01-02-2023.geojson,Pebbair,,,,,
Nalgonda,TSSD0410,534.97,"{'min': 25.777999877929688, 'max': 36.286521911621094, 'mean': 31.232260285521583, 'count': 139, 'sum': 4341.2841796875, 'median': 31.245651245117188}","(79.02131319100005, 16.429164953000054, 79.31131002400008, 16.806345736000026)",01-02-2023.geojson,Peda Adisharla Palli,,,,,
Kamareddy,TSSD0411,93.4,"{'min': 31.6156005859375, 'max': 38.220401763916016, 'mean': 34.74430964543269, 'count': 26, 'sum': 903.35205078125, 'median': 34.42959976196289}","(77.64296889100007, 18.23434125800003, 77.79440383200006, 18.363266914000064)",01-02-2023.geojson,Pedda Kodapgal,,,,,
Nagarkurnool,TSSD0412,268.13,"{'min': 31.180477142333984, 'max': 37.44454574584961, 'mean': 34.263671875, 'count': 72, 'sum': 2466.984375, 'median': 33.977272033691406}","(78.28210328600005, 16.15614634700006, 78.46080747200006, 16.378297329000077)",01-02-2023.geojson,Peddakothapalle,,,,,
Wanaparthy,TSSD0413,184.53,"{'min': 31.23090934753418, 'max': 37.150001525878906, 'mean': 34.381449381510414, 'count': 48, 'sum': 1650.3095703125, 'median': 34.70121765136719}","(77.91764372000006, 16.364835636000066, 78.12790212400006, 16.52562722400006)",01-02-2023.geojson,Peddamandaddi,,,,,
Peddapalli,TSSD0414,249.03,"{'min': 27.772607803344727, 'max': 33.303043365478516, 'mean': 29.991359544836957, 'count': 69, 'sum': 2069.40380859375, 'median': 29.985652923583984}","(79.30969398300005, 18.526543618000062, 79.49350302700003, 18.70415850100005)",01-02-2023.geojson,Peddapalli,,,,,
Mahabubabad,TSSD0415,111.61,"{'min': 29.218334197998047, 'max': 32.858333587646484, 'mean': 30.863008626302083, 'count': 30, 'sum': 925.8902587890625, 'median': 30.659584045410156}","(79.51263601700003, 17.490564388000053, 79.63852224900006, 17.619982297000035)",01-02-2023.geojson,Peddavangara,,,,,
Nalgonda,TSSD0416,289.57,"{'min': 28.575599670410156, 'max': 36.530799865722656, 'mean': 32.99164531757305, 'count': 77, 'sum': 2540.356689453125, 'median': 33.049198150634766}","(79.13353438500008, 16.575213949000045, 79.36044542900004, 16.832719401000077)",01-02-2023.geojson,Peddavoora,,,,,
Vikarabad,TSSD0417,240.11,"{'min': 34.062801361083984, 'max': 38.864784240722656, 'mean': 37.018133348034276, 'count': 62, 'sum': 2295.124267578125, 'median': 37.228294372558594}","(77.51261111400004, 17.261553169000024, 77.72573047400004, 17.456603014000052)",01-02-2023.geojson,Peddemul,,,,,
Jagtial,TSSD0418,131.5,"{'min': 27.959566116333008, 'max': 31.60130500793457, 'mean': 29.27647310144761, 'count': 34, 'sum': 995.4000854492188, 'median': 29.079999923706055}","(79.00313586800007, 18.638171251000074, 79.13566837800005, 18.76691388300003)",01-02-2023.geojson,Pegadapalli,,,,,
Nirmal,TSSD0419,315.89,"{'min': 31.984167098999023, 'max': 35.81416702270508, 'mean': 33.53208869485294, 'count': 85, 'sum': 2850.2275390625, 'median': 33.345001220703125}","(78.48200096200003, 19.08543736100006, 78.72744941700006, 19.317058780000025)",01-02-2023.geojson,Pembi,,,,,
Kumurambheem Asifabad,TSSD0420,209.6,"{'min': 29.741666793823242, 'max': 34.5191650390625, 'mean': 31.735366821289062, 'count': 56, 'sum': 1777.1805419921875, 'median': 31.887916564941406}","(79.66386794600004, 19.199781307000023, 79.94222848200008, 19.367035272000066)",01-02-2023.geojson,Penchikalpet,,,,,
Suryapet,TSSD0421,190.1,"{'min': 26.956666946411133, 'max': 31.71636390686035, 'mean': 29.401599360447303, 'count': 51, 'sum': 1499.4815673828125, 'median': 29.69499969482422}","(79.59300492900007, 16.958133916000065, 79.81245856700008, 17.09085837200007)",01-02-2023.geojson,Penpahad,,,,,
Nagarkurnool,TSSD0422,100.6,"{'min': 34.01909255981445, 'max': 36.23285675048828, 'mean': 35.16804088245738, 'count': 22, 'sum': 773.6968994140625, 'median': 35.21636199951172}","(78.18107699600006, 16.00532167600005, 78.32316639500004, 16.139543263000064)",01-02-2023.geojson,Pentlavelli,,,,,
Khammam,TSSD0423,273.41,"{'min': 27.764286041259766, 'max': 33.48090744018555, 'mean': 31.049001057942707, 'count': 72, 'sum': 2235.528076171875, 'median': 31.557588577270508}","(80.59580834400003, 17.100783087000025, 80.77536110100004, 17.320991373000027)",01-02-2023.geojson,Penuballi,,,,,
Bhadradri Kothagudem,TSSD0424,237.05,"{'min': 28.823333740234375, 'max': 34.26583480834961, 'mean': 31.645135967548075, 'count': 65, 'sum': 2056.933837890625, 'median': 31.773332595825195}","(80.60213672700007, 17.921962273000076, 80.77371604900003, 18.158406092000064)",01-02-2023.geojson,Pinapaka,,,,,
Vikarabad,TSSD0425,206.05,"{'min': 35.71916580200195, 'max': 38.7647819519043, 'mean': 37.183577926070605, 'count': 54, 'sum': 2007.9132080078125, 'median': 37.27458190917969}","(77.89676249700005, 17.131204728000057, 78.06049801700004, 17.32409672800003)",01-02-2023.geojson,Pudur,,,,,
Sangareddy,TSSD0426,148.67,"{'min': 25.07159996032715, 'max': 38.85333251953125, 'mean': 32.2204833984375, 'count': 40, 'sum': 1288.8193359375, 'median': 32.47083282470703}","(77.90516574499998, 17.65983009000007, 78.07454656600015, 17.812841045000027)",01-02-2023.geojson,Pulkal,,,,,
Medchal_Malkajgiri,TSSD0427,43.97,"{'min': 32.8216667175293, 'max': 35.09086990356445, 'mean': 34.02764892578125, 'count': 10, 'sum': 340.2764892578125, 'median': 33.92304229736328}","(78.38920413800008, 17.480972, 78.50036789700005, 17.561433864000037)",01-02-2023.geojson,Quthbullapur,,,,,
Khammam,TSSD0428,192.3,"{'min': 31.845237731933594, 'max': 35.16899871826172, 'mean': 33.558974609375, 'count': 50, 'sum': 1677.94873046875, 'median': 33.624000549316406}","(80.13318105300004, 17.232712673000037, 80.34275288000003, 17.401110535000043)",01-02-2023.geojson,Raghunadhapalem,,,,,
Jangoan,TSSD0429,251.68,"{'min': 30.43000030517578, 'max': 36.337825775146484, 'mean': 33.320523845615675, 'count': 67, 'sum': 2232.47509765625, 'median': 33.283042907714844}","(79.17884629500008, 17.67337913600005, 79.37330906100004, 17.858329210000022)",01-02-2023.geojson,Ragunathpally,,,,,
Jagtial,TSSD0430,266.42,"{'min': 29.3009090423584, 'max': 34.16130447387695, 'mean': 31.27845513642724, 'count': 67, 'sum': 2095.656494140625, 'median': 30.939565658569336}","(78.72887764300003, 18.831214958000032, 78.93391600400008, 19.071133686000053)",01-02-2023.geojson,Raikal,,,,,
Sangareddy,TSSD0431,223.22,"{'min': 26.664400100708008, 'max': 39.106666564941406, 'mean': 35.725842706088365, 'count': 58, 'sum': 2072.098876953125, 'median': 37.56416702270508}","(77.66777327100004, 17.76655052700005, 77.88238395400003, 17.93163760300007)",01-02-2023.geojson,Raikode,,,,,
Warangal_Rural,TSSD0432,219.17,"{'min': 27.202499389648438, 'max': 32.913333892822266, 'mean': 30.68155314127604, 'count': 60, 'sum': 1840.8931884765625, 'median': 30.68291664123535}","(79.48142998600008, 17.619651097000144, 79.69554202900008, 17.76142627300004)",01-02-2023.geojson,Raiparthy,,,,,
Siddipet,TSSD0433,104.17,"{'min': 30.648181915283203, 'max': 33.504783630371094, 'mean': 32.257061136179956, 'count': 29, 'sum': 935.4547729492188, 'median': 32.085453033447266}","(78.55726942800004, 17.83236618500007, 78.68891396900005, 17.985113187000024)",01-02-2023.geojson,Raipole,,,,,
Kamareddy,TSSD0434,126.93,"{'min': 30.22083282470703, 'max': 36.92217254638672, 'mean': 33.50997745289522, 'count': 34, 'sum': 1139.3392333984375, 'median': 33.501739501953125}","(78.21768245400006, 18.146799025000064, 78.37609676800008, 18.26765991900004)",01-02-2023.geojson,Rajampet,,,,,
Yadadri Bhuvanagiri,TSSD0435,197.22,"{'min': 32.635215759277344, 'max': 35.189998626708984, 'mean': 33.92971739477041, 'count': 49, 'sum': 1662.55615234375, 'median': 33.93260955810547}","(78.85825081100006, 17.654937046000043, 79.01597518100004, 17.812669696000057)",01-02-2023.geojson,Rajapeta,,,,,
Mahabubnagar,TSSD0436,125.06,"{'min': 34.51636505126953, 'max': 37.18818283081055, 'mean': 35.9205322265625, 'count': 34, 'sum': 1221.298095703125, 'median': 35.99699401855469}","(78.07616216600007, 16.827293433000023, 78.23953804100006, 16.936410312000078)",01-02-2023.geojson,Rajapur,,,,,
Rangareddy,TSSD0437,48.26,"{'min': 29.406665802001953, 'max': 34.675453186035156, 'mean': 33.18734944661458, 'count': 15, 'sum': 497.81024169921875, 'median': 33.24272537231445}","(78.37469952800006, 17.27932147300004, 78.46010745500007, 17.37208799600006)",01-02-2023.geojson,Rajendranagar,,,,,
Jogulamba Gadwal,TSSD0438,129.05,"{'min': 31.638181686401367, 'max': 35.04738998413086, 'mean': 32.83956370634191, 'count': 34, 'sum': 1116.545166015625, 'median': 32.69304656982422}","(77.64468695100004, 15.874725880000028, 77.86920549500007, 15.955733610000038)",01-02-2023.geojson,Rajoli,,,,,
Sangareddy,TSSD0439,76.01,"{'min': 31.965652465820312, 'max': 36.181427001953125, 'mean': 34.318391498766445, 'count': 19, 'sum': 652.0494384765625, 'median': 34.44217300415039}","(78.20639802000005, 17.42785604100004, 78.31670013100006, 17.529947374000074)",01-02-2023.geojson,Ramachandrapuram,,,,,
Karimnagar,TSSD0440,134.02,"{'min': 29.18739128112793, 'max': 34.19608688354492, 'mean': 31.061256202491553, 'count': 37, 'sum': 1149.2664794921875, 'median': 30.832609176635742}","(79.02101613600007, 18.468415441000047, 79.13300998100004, 18.662426753000034)",01-02-2023.geojson,Ramadugu,,,,,
Peddapalli,TSSD0441,174.25,"{'min': 28.747390747070312, 'max': 35.545833587646484, 'mean': 31.53377186168324, 'count': 44, 'sum': 1387.4859619140625, 'median': 31.465797424316406}","(79.49644329500006, 18.537401654000064, 79.64857378700003, 18.777236066000057)",01-02-2023.geojson,Ramagiri,,,,,
Peddapalli,TSSD0442,113.66,"{'min': 30.247390747070312, 'max': 34.81695556640625, 'mean': 32.365702967489916, 'count': 31, 'sum': 1003.3367919921875, 'median': 32.44304275512695}","(79.41357231200004, 18.674221571000032, 79.54617280200006, 18.82875034600005)",01-02-2023.geojson,Ramagundam,,,,,
Yadadri Bhuvanagiri,TSSD0443,229.79,"{'min': 27.4334774017334, 'max': 34.56999969482422, 'mean': 31.38404541015625, 'count': 60, 'sum': 1883.042724609375, 'median': 31.409130096435547}","(78.98814184100007, 17.24503517000005, 79.25341493800005, 17.371267423000063)",01-02-2023.geojson,Ramannapet,,,,,
Kamareddy,TSSD0444,168.07,"{'min': 29.525833129882812, 'max': 35.11347961425781, 'mean': 32.50700910701308, 'count': 43, 'sum': 1397.8013916015625, 'median': 32.56999969482422}","(78.30521243600003, 18.353492533000065, 78.49228659800008, 18.483468182000024)",01-02-2023.geojson,Ramareddy,,,,,
Medak,TSSD0445,151.12,"{'min': 30.899999618530273, 'max': 33.97999954223633, 'mean': 32.223487006293404, 'count': 36, 'sum': 1160.0455322265625, 'median': 32.28989028930664}","(78.30425113600006, 18.0235726680001, 78.52133388100003, 18.202632038000047)",01-02-2023.geojson,Ramayampet,,,,,
Kumurambheem Asifabad,TSSD0446,259.91,"{'min': 31.948261260986328, 'max': 36.50652313232422, 'mean': 34.842783900669644, 'count': 70, 'sum': 2438.994873046875, 'median': 35.128692626953125}","(79.32166087900004, 19.178187793000063, 79.54911338400007, 19.34967844600004)",01-02-2023.geojson,Rebbena,,,,,
Medak,TSSD0447,80.04,"{'min': 33.20759963989258, 'max': 37.900001525878906, 'mean': 36.171478271484375, 'count': 20, 'sum': 723.4295654296875, 'median': 36.74041748046875}","(77.79480732300004, 17.899738504000027, 77.90762447000003, 18.02227582200004)",01-02-2023.geojson,Regode,,,,,
Jayashankar Bhupalpally,TSSD0448,230.7,"{'min': 30.045833587646484, 'max': 33.60166549682617, 'mean': 31.60009765625, 'count': 59, 'sum': 1864.40576171875, 'median': 31.551666259765625}","(79.69264018100006, 18.156703452000045, 79.86309632500007, 18.338586973000076)",01-02-2023.geojson,Regonda,,,,,
Nizamabad,TSSD0449,113.22,"{'min': 26.939599990844727, 'max': 33.09960174560547, 'mean': 29.385243733723957, 'count': 30, 'sum': 881.5573120117188, 'median': 28.348800659179688}","(77.86138268200006, 18.703789855000025, 78.00478559000004, 18.827805693000073)",01-02-2023.geojson,Renjal,,,,,
Wanaparthy,TSSD0450,123.03,"{'min': 31.56523895263672, 'max': 36.150001525878906, 'mean': 33.365011776194855, 'count': 34, 'sum': 1134.410400390625, 'median': 33.14145278930664}","(78.18099529600005, 16.28925188900007, 78.31347526600007, 16.41654954300003)",01-02-2023.geojson,Revally,,,,,
Rajanna Sircilla,TSSD0451,102.53,"{'min': 29.564167022705078, 'max': 37.58363723754883, 'mean': 33.92055100661058, 'count': 26, 'sum': 881.934326171875, 'median': 33.86772918701172}","(78.58056651000004, 18.58307069400007, 78.73259018200008, 18.69041016700004)",01-02-2023.geojson,Rudrangi,,,,,
Nizamabad,TSSD0452,49.47,"{'min': 26.074800491333008, 'max': 28.693199157714844, 'mean': 27.099837239583334, 'count': 15, 'sum': 406.49755859375, 'median': 27.169200897216797}","(77.83311309200008, 18.52944754200007, 77.90865557200004, 18.627816633000066)",01-02-2023.geojson,Rudrur,,,,,
Kamareddy,TSSD0453,196.13,"{'min': 31.467500686645508, 'max': 38.018001556396484, 'mean': 34.99990326503538, 'count': 53, 'sum': 1854.994873046875, 'median': 34.77916717529297}","(78.13861896100008, 18.353770851000036, 78.32975145300009, 18.507260761000055)",01-02-2023.geojson,Sadashivnagar,,,,,
Sangareddy,TSSD0454,248.56,"{'min': 31.395000457763672, 'max': 39.329200744628906, 'mean': 37.30804084329044, 'count': 68, 'sum': 2536.94677734375, 'median': 37.85166931152344}","(77.85634040500008, 17.56144371700003, 78.05470115400004, 17.744826153000076)",01-02-2023.geojson,Sadasivpet,,,,,
Hyderabad,TSSD0455,4.44,"{'min': 34.206363677978516, 'max': 34.206363677978516, 'mean': 34.206363677978516, 'count': 1, 'sum': 34.206363677978516, 'median': 34.206363677978516}","(78.49666183500005, 17.34852849400005, 78.52105110000008, 17.37992626500005)",01-02-2023.geojson,Saidabad,,,,,
Sangareddy,TSSD0456,85.0,"{'min': 28.700834274291992, 'max': 35.7408332824707, 'mean': 33.50091843377976, 'count': 21, 'sum': 703.519287109375, 'median': 34.03083419799805}","(78.04085741600005, 17.553553519000047, 78.16506055600007, 17.67324188400005)",01-02-2023.geojson,Sangareddy,,,,,
Warangal_Rural,TSSD0457,147.68,"{'min': 27.75666618347168, 'max': 32.49833297729492, 'mean': 30.74261474609375, 'count': 38, 'sum': 1168.2193603515625, 'median': 30.757915496826172}","(79.62671724200004, 17.820931420000022, 79.79112790100004, 17.944659224000077)",01-02-2023.geojson,Sangem,,,,,
Jagtial,TSSD0458,143.97,"{'min': 28.86652183532715, 'max': 34.75347900390625, 'mean': 31.209323790015244, 'count': 41, 'sum': 1279.582275390625, 'median': 31.15818214416504}","(78.88862723900007, 18.84957074600004, 79.01218592200007, 19.00894877500002)",01-02-2023.geojson,Sarangapur,,,,,
Nirmal,TSSD0459,255.36,"{'min': 28.89240074157715, 'max': 37.067501068115234, 'mean': 32.40896144057765, 'count': 66, 'sum': 2138.991455078125, 'median': 32.020484924316406}","(78.17542674100008, 19.119711206000034, 78.37414495300004, 19.317393956000046)",01-02-2023.geojson,Sarangapur,,,,,
Khammam,TSSD0460,285.22,"{'min': 28.095216751098633, 'max': 35.01727294921875, 'mean': 31.04228649400685, 'count': 73, 'sum': 2266.0869140625, 'median': 30.990909576416016}","(80.75683769000005, 17.117241266000065, 80.92560532200008, 17.37735310100004)",01-02-2023.geojson,Sathupally,,,,,
Hyderabad,TSSD0461,3.33,"{'min': 32.64363479614258, 'max': 32.64363479614258, 'mean': 32.64363479614258, 'count': 1, 'sum': 32.64363479614258, 'median': 32.64363479614258}","(78.46963204300005, 17.426530425000067, 78.49977880800003, 17.44386382500005)",01-02-2023.geojson,Secunderabad,,,,,
Rangareddy,TSSD0462,96.56,"{'min': 32.396087646484375, 'max': 34.48739242553711, 'mean': 33.05163138253348, 'count': 28, 'sum': 925.4456787109375, 'median': 33.001739501953125}","(78.27172464700004, 17.409225719000062, 78.40724610200004, 17.522654105000072)",01-02-2023.geojson,Serilingampalle,,,,,
Rangareddy,TSSD0463,232.51,"{'min': 35.005455017089844, 'max': 39.08363723754883, 'mean': 36.837890625, 'count': 58, 'sum': 2136.59765625, 'median': 36.584678649902344}","(78.04592706400007, 17.084200252000073, 78.25929582200007, 17.259301650000054)",01-02-2023.geojson,Shabad,,,,,
Hyderabad,TSSD0464,23.35,"{'min': 32.80454635620117, 'max': 33.26565170288086, 'mean': 33.129669189453125, 'count': 6, 'sum': 198.77801513671875, 'median': 33.177391052246094}","(78.38838433400008, 17.386491415000023, 78.45185860300006, 17.441244402000052)",01-02-2023.geojson,Shaikpet,,,,,
Nalgonda,TSSD0465,228.95,"{'min': 27.665000915527344, 'max': 35.73347854614258, 'mean': 32.257354736328125, 'count': 60, 'sum': 1935.4412841796875, 'median': 32.476959228515625}","(79.28719940500008, 17.21166416600005, 79.50079969900008, 17.35925323300006)",01-02-2023.geojson,Shaligouraram,,,,,
Medchal_Malkajgiri,TSSD0466,150.73,"{'min': 30.75090980529785, 'max': 34.990909576416016, 'mean': 33.76188659667969, 'count': 40, 'sum': 1350.4754638671875, 'median': 33.86090850830078}","(78.49393641100005, 17.536372458000073, 78.65615437000014, 17.695841263000034)",01-02-2023.geojson,Shamirpet,,,,,
Rangareddy,TSSD0467,199.4,"{'min': 31.805652618408203, 'max': 36.47434616088867, 'mean': 34.86152062049279, 'count': 52, 'sum': 1812.799072265625, 'median': 34.89927673339844}","(78.23263628200004, 17.145048406000058, 78.43688465000008, 17.322722112000065)",01-02-2023.geojson,Shamshabad,,,,,
Medak,TSSD0468,142.04,"{'min': 25.469165802001953, 'max': 34.43960189819336, 'mean': 32.35910516036184, 'count': 38, 'sum': 1229.64599609375, 'median': 33.25279998779297}","(77.85211008600004, 17.994571649000022, 78.00442992900008, 18.123550200000068)",01-02-2023.geojson,Shankarampet_A,,,,,
Karimnagar,TSSD0469,144.28,"{'min': 27.114347457885742, 'max': 29.853477478027344, 'mean': 28.193130493164062, 'count': 40, 'sum': 1127.7252197265625, 'median': 28.079565048217773}","(79.25766646100004, 18.226704529000074, 79.40468523700008, 18.368117502000075)",01-02-2023.geojson,Shankarapatnam,,,,,
Rangareddy,TSSD0470,210.66,"{'min': 33.19608688354492, 'max': 39.18304443359375, 'mean': 36.307571669756356, 'count': 59, 'sum': 2142.146728515625, 'median': 36.34565353393555}","(78.03518070400008, 17.36271017200005, 78.28884776000007, 17.519074225000054)",01-02-2023.geojson,Shankarpalle,,,,,
Warangal_Rural,TSSD0471,116.47,"{'min': 28.1299991607666, 'max': 32.13083267211914, 'mean': 30.98089027404785, 'count': 32, 'sum': 991.3884887695312, 'median': 31.356250762939453}","(79.65749409800003, 18.09115618000004, 79.85468848500005, 18.192367870000055)",01-02-2023.geojson,Shayampet,,,,,
Medak,TSSD0472,193.23,"{'min': 30.94818115234375, 'max': 36.564781188964844, 'mean': 32.82948521205357, 'count': 49, 'sum': 1608.644775390625, 'median': 32.834346771240234}","(78.29506747900007, 17.69907432800005, 78.44788785400004, 17.878551977000086)",01-02-2023.geojson,Shivampet,,,,,
Siddipet,TSSD0473,112.6,"{'min': 31.43181800842285, 'max': 34.27521896362305, 'mean': 32.512193952287944, 'count': 28, 'sum': 910.3414306640625, 'median': 32.39391326904297}","(78.71740480300008, 18.05814766800006, 78.82931055600005, 18.221303904000138)",01-02-2023.geojson,Siddipet_Rural,,,,,
Siddipet,TSSD0474,140.55,"{'min': 30.556087493896484, 'max': 34.709999084472656, 'mean': 33.52043999565972, 'count': 36, 'sum': 1206.73583984375, 'median': 33.55391311645508}","(78.77407040900005, 18.036517040000035, 78.93338480300008, 18.152979642000048)",01-02-2023.geojson,Siddipet_Urban,,,,,
Khammam,TSSD0475,248.58,"{'min': 31.540000915527344, 'max': 34.184783935546875, 'mean': 33.20954132080078, 'count': 64, 'sum': 2125.41064453125, 'median': 33.33734893798828}","(80.19501777600004, 17.426341041000057, 80.47158959500007, 17.577896090000024)",01-02-2023.geojson,Singareni,,,,,
Rajanna Sircilla,TSSD0476,53.12,"{'min': 30.956363677978516, 'max': 34.154544830322266, 'mean': 32.485325404575896, 'count': 14, 'sum': 454.7945556640625, 'median': 32.66136169433594}","(78.74143609700008, 18.35280534900005, 78.85232997100007, 18.43330245100003)",01-02-2023.geojson,Sircilla,,,,,
Sangareddy,TSSD0477,119.81,"{'min': 29.989200592041016, 'max': 38.90119934082031, 'mean': 34.88111979166667, 'count': 30, 'sum': 1046.43359375, 'median': 35.38479995727539}","(77.63761782900008, 18.101238527000078, 77.80019010900008, 18.20600259400004)",01-02-2023.geojson,Sirgapoor,,,,,
Adilabad,TSSD0478,202.11,"{'min': 33.6150016784668, 'max': 36.973331451416016, 'mean': 35.53327094184028, 'count': 54, 'sum': 1918.796630859375, 'median': 35.63874816894531}","(78.50741267300003, 19.29955482500003, 78.69361824700007, 19.472598296000115)",01-02-2023.geojson,Sirikonda,,,,,
Nizamabad,TSSD0479,334.45,"{'min': 27.994348526000977, 'max': 35.41181945800781, 'mean': 31.43770252574574, 'count': 88, 'sum': 2766.517822265625, 'median': 31.84363555908203}","(78.38760279100006, 18.43949633400007, 78.61969949700006, 18.654543137000076)",01-02-2023.geojson,Sirikonda,,,,,
Kumurambheem Asifabad,TSSD0480,336.55,"{'min': 29.685832977294922, 'max': 35.38825988769531, 'mean': 32.513467478197676, 'count': 86, 'sum': 2796.158203125, 'median': 32.518333435058594}","(79.45414155100008, 19.378014544000052, 79.70518129200008, 19.576127453000026)",01-02-2023.geojson,Sirpur_T,,,,,
Kumurambheem Asifabad,TSSD0481,188.92,"{'min': 31.899999618530273, 'max': 37.85916519165039, 'mean': 35.85666748046875, 'count': 50, 'sum': 1792.8333740234375, 'median': 36.121665954589844}","(78.86004844600006, 19.270764704000044, 79.06911914200003, 19.420337200000063)",01-02-2023.geojson,Sirpur_U,,,,,
Nirmal,TSSD0482,83.77,"{'min': 24.666000366210938, 'max': 32.09333419799805, 'mean': 29.12176513671875, 'count': 21, 'sum': 611.5570678710938, 'median': 30.137500762939453}","(78.27684201200003, 18.95122860600003, 78.41145082100007, 19.069772912000076)",01-02-2023.geojson,Soan,,,,,
Peddapalli,TSSD0483,188.77,"{'min': 28.290868759155273, 'max': 34.0943489074707, 'mean': 30.803485945159313, 'count': 51, 'sum': 1570.977783203125, 'median': 30.622173309326172}","(79.43915173000005, 18.412581072000023, 79.59585151700009, 18.604812498000058)",01-02-2023.geojson,Srirampur,,,,,
Wanaparthy,TSSD0484,78.54,"{'min': 29.876087188720703, 'max': 35.296085357666016, 'mean': 32.47208862304687, 'count': 20, 'sum': 649.4417724609375, 'median': 32.36869430541992}","(77.99102928900004, 16.130406421000032, 78.08846242100003, 16.26036345500006)",01-02-2023.geojson,Srirangapur,,,,,
Bhadradri Kothagudem,TSSD0485,105.54,"{'min': 32.19727325439453, 'max': 35.71434783935547, 'mean': 34.05652291434152, 'count': 28, 'sum': 953.5826416015625, 'median': 34.034271240234375}","(80.48722315900005, 17.43343624000005, 80.65641156200007, 17.547570692000022)",01-02-2023.geojson,Sujathanagar,,,,,
Peddapalli,TSSD0486,165.88,"{'min': 27.672609329223633, 'max': 31.528261184692383, 'mean': 29.26284512606534, 'count': 44, 'sum': 1287.565185546875, 'median': 29.05434799194336}","(79.21551160500007, 18.440055271000062, 79.39913112200009, 18.60634948300003)",01-02-2023.geojson,Sultanabad,,,,,
Suryapet,TSSD0487,218.55,"{'min': 26.440000534057617, 'max': 32.80047607421875, 'mean': 29.015102453399123, 'count': 57, 'sum': 1653.86083984375, 'median': 28.8075008392334}","(79.49048435600008, 17.06180805200006, 79.66976062200007, 17.28486849600006)",01-02-2023.geojson,Suryapet,,,,,
Nagarkurnool,TSSD0488,226.32,"{'min': 32.37181854248047, 'max': 36.525238037109375, 'mean': 34.153091922883064, 'count': 62, 'sum': 2117.49169921875, 'median': 33.980003356933594}","(78.26727079000005, 16.49459693400007, 78.45711110600007, 16.688643456000023)",01-02-2023.geojson,Tadoor,,,,,
Mulugu,TSSD0489,839.17,"{'min': 29.736087799072266, 'max': 34.989131927490234, 'mean': 31.558322731508028, 'count': 218, 'sum': 6879.71435546875, 'median': 31.439128875732422}","(80.10419615200004, 17.996319820000053, 80.48000297700008, 18.393553888000042)",01-02-2023.geojson,Tadvai (Sammakka Sarakka),,,,,
Kamareddy,TSSD0490,177.12,"{'min': 30.605833053588867, 'max': 37.3981819152832, 'mean': 35.74315886801862, 'count': 47, 'sum': 1679.928466796875, 'median': 35.982173919677734}","(78.15208823200004, 18.213409773000024, 78.30662145900004, 18.383527335000053)",01-02-2023.geojson,Tadwai,,,,,
Rangareddy,TSSD0491,245.69,"{'min': 33.94333267211914, 'max': 36.63190460205078, 'mean': 35.61734286221591, 'count': 66, 'sum': 2350.74462890625, 'median': 35.712860107421875}","(78.32295389600006, 16.777295856000023, 78.50523085400005, 16.961749273000066)",01-02-2023.geojson,Talakondapally,,,,,
Adilabad,TSSD0492,285.66,"{'min': 32.099998474121094, 'max': 36.46916580200195, 'mean': 34.442347429800726, 'count': 69, 'sum': 2376.52197265625, 'median': 34.4566650390625}","(78.26295216300008, 19.53761522600007, 78.49682900700003, 19.716183126000033)",01-02-2023.geojson,Talamadugu,,,,,
Adilabad,TSSD0493,97.7,"{'min': 32.09583282470703, 'max': 37.67583465576172, 'mean': 35.0867919921875, 'count': 27, 'sum': 947.3433837890625, 'median': 35.35166549682617}","(78.33972411600007, 19.63174893000007, 78.51576933100006, 19.752904132000026)",01-02-2023.geojson,Tamsi,,,,,
Mancherial,TSSD0494,177.0,"{'min': 31.40565299987793, 'max': 36.74913024902344, 'mean': 34.14794921875, 'count': 50, 'sum': 1707.3974609375, 'median': 34.15043640136719}","(79.32361030500005, 19.082851204000065, 79.57052485400004, 19.226889392000032)",01-02-2023.geojson,Tandur,,,,,
Vikarabad,TSSD0495,240.33,"{'min': 33.700435638427734, 'max': 38.0625, 'mean': 36.59736633300781, 'count': 64, 'sum': 2342.2314453125, 'median': 36.73481750488281}","(77.43695612500005, 17.209464535000052, 77.67739970400004, 17.402500187000044)",01-02-2023.geojson,Tandur,,,,,
Nirmal,TSSD0496,217.5,"{'min': 33.738800048828125, 'max': 37.4276008605957, 'mean': 36.26026218220339, 'count': 59, 'sum': 2139.35546875, 'median': 36.260398864746094}","(77.76173454100007, 18.90445741800005, 77.90387245800008, 19.155003113000078)",01-02-2023.geojson,Tanoor,,,,,
Medak,TSSD0497,138.61,"{'min': 30.422500610351562, 'max': 36.02519989013672, 'mean': 33.42407869037829, 'count': 38, 'sum': 1270.114990234375, 'median': 33.35784912109375}","(77.96914892900008, 17.877695860000074, 78.09576951400004, 18.071839029000046)",01-02-2023.geojson,Tekmal,,,,,
Bhadradri Kothagudem,TSSD0498,467.77,"{'min': 30.761999130249023, 'max': 36.100399017333984, 'mean': 33.50982165727459, 'count': 122, 'sum': 4088.1982421875, 'median': 33.53820037841797}","(80.37730808200007, 17.508099650000077, 80.62125353800008, 17.765024521000043)",01-02-2023.geojson,Tekulapalle,,,,,
Jayashankar Bhupalpally,TSSD0499,105.62,"{'min': 30.97166633605957, 'max': 33.20333480834961, 'mean': 31.779381888253347, 'count': 28, 'sum': 889.8226928710938, 'median': 31.898876190185547}","(79.56830471500007, 18.351151408000078, 79.68021060700005, 18.481462286000067)",01-02-2023.geojson,Tekumatla,,,,,
Nagarkurnool,TSSD0500,246.35,"{'min': 31.83818244934082, 'max': 36.42142868041992, 'mean': 33.46589279174805, 'count': 64, 'sum': 2141.817138671875, 'median': 33.383636474609375}","(78.34696131600003, 16.292821352000033, 78.51629761100008, 16.523862474000055)",01-02-2023.geojson,Telkapalle,,,,,
Khammam,TSSD0501,201.36,"{'min': 27.823333740234375, 'max': 32.78809356689453, 'mean': 30.591536611880898, 'count': 53, 'sum': 1621.3514404296875, 'median': 30.62714195251465}","(80.37659267100008, 17.090031495000062, 80.51879083800003, 17.305187707000073)",01-02-2023.geojson,Thallada,,,,,
Rajanna Sircilla,TSSD0502,188.9,"{'min': 26.870868682861328, 'max': 33.06545639038086, 'mean': 31.114501953125, 'count': 52, 'sum': 1617.9541015625, 'median': 31.440553665161133}","(78.72705830300004, 18.25399247500019, 78.94322523800008, 18.414849795000066)",01-02-2023.geojson,Thangallapalli,,,,,
Jangoan,TSSD0503,85.48,"{'min': 32.274349212646484, 'max': 34.47347640991211, 'mean': 33.593601771763396, 'count': 21, 'sum': 705.4656372070312, 'median': 33.45261001586914}","(79.11661335800005, 17.901698373000045, 79.23410722300008, 17.998869741000078)",01-02-2023.geojson,Tharigoppula,,,,,
Nagarkurnool,TSSD0504,211.8,"{'min': 32.98143005371094, 'max': 36.99272537231445, 'mean': 35.27750436883224, 'count': 57, 'sum': 2010.8177490234375, 'median': 35.46809387207031}","(78.12774301200005, 16.58719177000006, 78.30066679700008, 16.739122914000063)",01-02-2023.geojson,Thimmajipeta,,,,,
Karimnagar,TSSD0505,159.28,"{'min': 26.4404354095459, 'max': 32.09869384765625, 'mean': 30.068685842114824, 'count': 43, 'sum': 1292.9534912109375, 'median': 30.390869140625}","(79.10148313700006, 18.256739006000032, 79.27138762700008, 18.42426985000003)",01-02-2023.geojson,Thimmapur,,,,,
Siddipet,TSSD0506,163.65,"{'min': 27.610000610351562, 'max': 33.9327278137207, 'mean': 31.31713336447011, 'count': 46, 'sum': 1440.588134765625, 'median': 31.950454711914062}","(78.64082299900008, 17.935194339000077, 78.80609777400008, 18.103813367000043)",01-02-2023.geojson,Thoguta,,,,,
Mahabubabad,TSSD0507,190.94,"{'min': 29.419166564941406, 'max': 33.27347946166992, 'mean': 30.87193552652995, 'count': 48, 'sum': 1481.8529052734375, 'median': 30.729909896850586}","(79.57724589900005, 17.48583601000007, 79.73451208900008, 17.685591776000024)",01-02-2023.geojson,Thorrur,,,,,
Suryapet,TSSD0508,155.64,"{'min': 28.916955947875977, 'max': 31.544782638549805, 'mean': 30.504933911700583, 'count': 43, 'sum': 1311.712158203125, 'median': 30.4404354095459}","(79.53306376300003, 17.336875194000072, 79.65698014400004, 17.505487876000075)",01-02-2023.geojson,Thungathurthy,,,,,
Nalgonda,TSSD0509,191.03,"{'min': 27.815217971801758, 'max': 32.819091796875, 'mean': 30.224269492953432, 'count': 51, 'sum': 1541.437744140625, 'median': 30.28545379638672}","(79.30130099300004, 16.962640196000052, 79.50775880800006, 17.107243536000055)",01-02-2023.geojson,Tipparthy,,,,,
Suryapet,TSSD0510,133.14,"{'min': 29.60130500793457, 'max': 34.6150016784668, 'mean': 32.287684849330354, 'count': 35, 'sum': 1130.0689697265625, 'median': 32.45500183105469}","(79.36516547400004, 17.434097946000065, 79.57840336100008, 17.524158415000045)",01-02-2023.geojson,Tirumalagiri,,,,,
Nalgonda,TSSD0511,252.04,"{'min': 26.911666870117188, 'max': 36.630001068115234, 'mean': 33.199872295673075, 'count': 65, 'sum': 2157.99169921875, 'median': 34.44583511352539}","(79.26163271700005, 16.580070085000045, 79.46872681600007, 16.764696361000063)",01-02-2023.geojson,Tirumalagiri_Sagar,,,,,
Khammam,TSSD0512,235.92,"{'min': 30.118696212768555, 'max': 35.25600051879883, 'mean': 31.919569227430557, 'count': 63, 'sum': 2010.932861328125, 'median': 31.584545135498047}","(79.80212475200005, 17.26260219900007, 80.05769935000006, 17.405974666000077)",01-02-2023.geojson,Tirumalayapalem,,,,,
Hyderabad,TSSD0513,13.97,"{'min': 33.634544372558594, 'max': 34.819091796875, 'mean': 34.09613800048828, 'count': 4, 'sum': 136.38455200195312, 'median': 33.9654541015625}","(78.46457994100007, 17.44383310300003, 78.51669244400006, 17.484285331000024)",01-02-2023.geojson,Tirumalgiri,,,,,
Kumurambheem Asifabad,TSSD0514,581.75,"{'min': 28.23869514465332, 'max': 36.87782669067383, 'mean': 33.76262785259046, 'count': 152, 'sum': 5131.91943359375, 'median': 33.83125305175781}","(79.03492001100005, 19.050559607000025, 79.39561347700004, 19.31944793300005)",01-02-2023.geojson,Tiryani,,,,,
Nalgonda,TSSD0515,161.12,"{'min': 26.80727195739746, 'max': 32.06416702270508, 'mean': 28.40042724609375, 'count': 40, 'sum': 1136.01708984375, 'median': 27.770977020263672}","(79.38610741200006, 16.71370968100007, 79.55776053800008, 16.93653709800003)",01-02-2023.geojson,Tripuraram,,,,,
Yadadri Bhuvanagiri,TSSD0516,188.2,"{'min': 32.404781341552734, 'max': 35.139564514160156, 'mean': 34.19612004206731, 'count': 52, 'sum': 1778.1982421875, 'median': 34.25260925292969}","(78.73050890600007, 17.570452835000026, 78.89834246500004, 17.752589976000024)",01-02-2023.geojson,Turkapalle_M,,,,,
Jogulamba Gadwal,TSSD0517,170.36,"{'min': 32.988182067871094, 'max': 41.514347076416016, 'mean': 37.71896575218023, 'count': 43, 'sum': 1621.91552734375, 'median': 38.1578254699707}","(77.88159823500007, 15.863581044000057, 78.08622663000006, 16.053428277000023)",01-02-2023.geojson,Undavelly,,,,,
Medchal_Malkajgiri,TSSD0518,52.14,"{'min': 32.77727127075195, 'max': 34.830909729003906, 'mean': 33.64929903470553, 'count': 13, 'sum': 437.4408874511719, 'median': 33.58636474609375}","(78.51557767600008, 17.36244841100006, 78.59239104200003, 17.472398036000072)",01-02-2023.geojson,Uppal,,,,,
Nagarkurnool,TSSD0519,220.67,"{'min': 29.509090423583984, 'max': 34.813636779785156, 'mean': 33.092655505164196, 'count': 59, 'sum': 1952.4666748046875, 'median': 33.05695724487305}","(78.49480188900003, 16.427307790000043, 78.78066858400007, 16.540239662000033)",01-02-2023.geojson,Uppunuthala,,,,,
Nagarkurnool,TSSD0520,151.12,"{'min': 33.143333435058594, 'max': 36.95380783081055, 'mean': 35.392796107700896, 'count': 42, 'sum': 1486.4974365234375, 'median': 35.57047653198242}","(78.32047445900008, 16.645373909000057, 78.49203880200008, 16.79728595000006)",01-02-2023.geojson,Urkonda,,,,,
Adilabad,TSSD0521,387.91,"{'min': 31.694347381591797, 'max': 37.143333435058594, 'mean': 34.94181622199292, 'count': 106, 'sum': 3703.83251953125, 'median': 35.21208190917969}","(78.67318644400007, 19.21647222100006, 78.88463769300006, 19.513128066000036)",01-02-2023.geojson,Utnur,,,,,
Karimnagar,TSSD0522,142.44,"{'min': 29.414348602294922, 'max': 32.74565124511719, 'mean': 30.81981779399671, 'count': 38, 'sum': 1171.153076171875, 'median': 30.795652389526367}","(79.24194008100005, 18.132462591000035, 79.37717220500008, 18.263355341000022)",01-02-2023.geojson,V_Saidapur,,,,,
Nizamabad,TSSD0523,135.3,"{'min': 28.887392044067383, 'max': 32.51250076293945, 'mean': 30.59838189019097, 'count': 36, 'sum': 1101.541748046875, 'median': 30.58916664123535}","(78.33304706400008, 18.693780867000044, 78.47512705800006, 18.85105660800002)",01-02-2023.geojson,Vailpur,,,,,
Yadadri Bhuvanagiri,TSSD0524,316.13,"{'min': 27.989999771118164, 'max': 35.21782684326172, 'mean': 31.24607588605183, 'count': 82, 'sum': 2562.17822265625, 'median': 31.460433959960938}","(78.90535444600005, 17.313647203000073, 79.22099072200007, 17.479032318000066)",01-02-2023.geojson,Valigonda,,,,,
Nagarkurnool,TSSD0525,244.56,"{'min': 30.63260841369629, 'max': 35.98478317260742, 'mean': 34.12545129024621, 'count': 66, 'sum': 2252.27978515625, 'median': 34.23163986206055}","(78.48140456800007, 16.498402209000062, 78.71532448400006, 16.664788172000044)",01-02-2023.geojson,Vangoor,,,,,
Nizamabad,TSSD0526,134.67,"{'min': 25.9596004486084, 'max': 35.69240188598633, 'mean': 30.496683175223215, 'count': 35, 'sum': 1067.3839111328125, 'median': 30.56999969482422}","(77.84552225000004, 18.434438427000032, 78.04087699300004, 18.57495128000005)",01-02-2023.geojson,Varni,,,,,
Sangareddy,TSSD0527,138.9,"{'min': 25.297199249267578, 'max': 39.06439971923828, 'mean': 34.70992238898026, 'count': 38, 'sum': 1318.97705078125, 'median': 36.74323272705078}","(77.82626219800005, 17.806470842000067, 77.97597402000008, 17.94784828400003)",01-02-2023.geojson,Vatpally,,,,,
Karimnagar,TSSD0528,149.05,"{'min': 27.130868911743164, 'max': 31.46912956237793, 'mean': 28.545281982421876, 'count': 40, 'sum': 1141.811279296875, 'median': 28.087390899658203}","(79.32153135600004, 18.284775453000066, 79.47308686900004, 18.451735262000057)",01-02-2023.geojson,Veenavanka,,,,,
Rajanna Sircilla,TSSD0529,108.34,"{'min': 30.275217056274414, 'max': 36.70304489135742, 'mean': 33.101837158203125, 'count': 28, 'sum': 926.8514404296875, 'median': 32.655982971191406}","(78.52432514700007, 18.43250137900003, 78.66155136400005, 18.551319524000064)",01-02-2023.geojson,Veernapalli,,,,,
Warangal_Urban,TSSD0530,99.79,"{'min': 30.89434814453125, 'max': 33.50043487548828, 'mean': 32.36304443359375, 'count': 25, 'sum': 809.0761108398438, 'median': 32.38825988769531}","(79.22835213700006, 17.93079546100006, 79.37723082100007, 18.05131547900004)",01-02-2023.geojson,Velair,,,,,
Nagarkurnool,TSSD0531,241.3,"{'min': 34.74272537231445, 'max': 37.79818344116211, 'mean': 35.66095671106557, 'count': 61, 'sum': 2175.318359375, 'median': 35.633636474609375}","(78.46270790300008, 16.666440694000073, 78.68353178700005, 16.830959432000043)",01-02-2023.geojson,Veldanda,,,,,
Jagtial,TSSD0532,186.9,"{'min': 27.6369571685791, 'max': 32.3421745300293, 'mean': 30.199547592474488, 'count': 49, 'sum': 1479.77783203125, 'median': 30.40565299987793}","(79.12494408400005, 18.722845411000037, 79.29767471800005, 18.894953697000062)",01-02-2023.geojson,Velgatur,,,,,
Mancherial,TSSD0533,250.71,"{'min': 28.486665725708008, 'max': 34.10166549682617, 'mean': 31.438385465251866, 'count': 67, 'sum': 2106.371826171875, 'median': 31.286666870117188}","(79.69774836700003, 18.995230109000033, 79.93090835500004, 19.173999767000055)",01-02-2023.geojson,Vemanpalle,,,,,
Khammam,TSSD0534,212.09,"{'min': 28.996999740600586, 'max': 35.5576171875, 'mean': 31.719633345170454, 'count': 55, 'sum': 1744.579833984375, 'median': 31.729999542236328}","(80.65028236900008, 17.04501079700003, 80.87710057800007, 17.186178728000073)",01-02-2023.geojson,Vemsoor,,,,,
Nalgonda,TSSD0535,112.25,"{'min': 26.86833381652832, 'max': 31.110000610351562, 'mean': 28.139004615045362, 'count': 31, 'sum': 872.3091430664062, 'median': 27.690000534057617}","(79.49070453100006, 16.89060024500003, 79.61612180500003, 17.07767939000007)",01-02-2023.geojson,Vemulapally,,,,,
Rajanna Sircilla,TSSD0536,84.86,"{'min': 30.98043441772461, 'max': 35.51727294921875, 'mean': 33.578863525390624, 'count': 20, 'sum': 671.5772705078125, 'median': 33.774349212646484}","(78.80779904800005, 18.41516011400006, 78.91545277600005, 18.54459724000003)",01-02-2023.geojson,Vemulawada,,,,,
Rajanna Sircilla,TSSD0537,107.21,"{'min': 27.338695526123047, 'max': 35.24727249145508, 'mean': 31.927607945033483, 'count': 28, 'sum': 893.9730224609375, 'median': 32.2172737121582}","(78.77384337400008, 18.403529220000053, 78.91728096300005, 18.597872276000032)",01-02-2023.geojson,Vemulawada Rural,,,,,
Mulugu,TSSD0538,370.83,"{'min': 26.927499771118164, 'max': 34.44416809082031, 'mean': 31.17176864170792, 'count': 101, 'sum': 3148.3486328125, 'median': 30.88759994506836}","(79.85087728600007, 18.200829315000078, 80.17916133800009, 18.400974098000063)",01-02-2023.geojson,Venkatapur,,,,,
Mulugu,TSSD0539,588.35,"{'min': 29.58916664123535, 'max': 36.727500915527344, 'mean': 32.40931740785256, 'count': 156, 'sum': 5055.853515625, 'median': 32.34560012817383}","(80.46538317500006, 18.105970334000062, 80.79370483500009, 18.449384397000074)",01-02-2023.geojson,Venkatapuram,,,,,
Vikarabad,TSSD0540,270.72,"{'min': 34.61750030517578, 'max': 38.50912857055664, 'mean': 36.73878959760274, 'count': 73, 'sum': 2681.931640625, 'median': 36.852500915527344}","(77.79093909400007, 17.228214577000074, 78.02432692200006, 17.44577402500005)",01-02-2023.geojson,Vikarabad,,,,,
Jogulamba Gadwal,TSSD0541,129.2,"{'min': 31.409090042114258, 'max': 41.738182067871094, 'mean': 34.6495361328125, 'count': 33, 'sum': 1143.4346923828125, 'median': 34.137271881103516}","(77.71231111200007, 15.89601525300003, 77.89649991000005, 16.018746091000025)",01-02-2023.geojson,Waddepally,,,,,
Wanaparthy,TSSD0542,201.88,"{'min': 30.66181755065918, 'max': 36.98181915283203, 'mean': 35.32797660079657, 'count': 51, 'sum': 1801.726806640625, 'median': 35.56142807006836}","(77.95375639600007, 16.253768913000044, 78.13510940900005, 16.464866955000048)",01-02-2023.geojson,Wanaparthy,,,,,
Kumurambheem Asifabad,TSSD0543,335.2,"{'min': 31.986665725708008, 'max': 37.43869400024414, 'mean': 35.80047465479651, 'count': 86, 'sum': 3078.8408203125, 'median': 35.948333740234375}","(79.20433473500003, 19.379408367000053, 79.42272052200008, 19.61653411900005)",01-02-2023.geojson,Wankidi,,,,,
Warangal_Urban,TSSD0544,39.54,"{'min': 31.47333335876465, 'max': 33.435001373291016, 'mean': 32.53947032581676, 'count': 11, 'sum': 357.9341735839844, 'median': 32.579166412353516}","(79.59074538600004, 17.974576416000048, 79.67092088100003, 18.04143189300015)",01-02-2023.geojson,Warangal,,,,,
Warangal_Rural,TSSD0545,158.41,"{'min': 28.462499618530273, 'max': 33.55416488647461, 'mean': 31.347578568892047, 'count': 44, 'sum': 1379.29345703125, 'median': 31.508333206176758}","(79.47950597500005, 17.695552186000043, 79.66242391200007, 17.87391055100005)",01-02-2023.geojson,Wardhannapet,,,,,
Siddipet,TSSD0546,141.87,"{'min': 31.611818313598633, 'max': 34.474544525146484, 'mean': 32.932321648848685, 'count': 38, 'sum': 1251.42822265625, 'median': 32.99818420410156}","(78.510667, 17.737442558000055, 78.67005759100005, 17.837924042000054)",01-02-2023.geojson,Wargal,,,,,
Wanaparthy,TSSD0547,165.53,"{'min': 31.676362991333008, 'max': 37.13999938964844, 'mean': 33.99484181958576, 'count': 43, 'sum': 1461.7781982421875, 'median': 33.852725982666016}","(78.03872356400007, 16.081036264000033, 78.22753261000008, 16.189588461000028)",01-02-2023.geojson,Weepangandla,,,,,
Khammam,TSSD0548,135.48,"{'min': 30.047895431518555, 'max': 32.2023811340332, 'mean': 31.14527027027027, 'count': 37, 'sum': 1152.375, 'median': 31.17095184326172}","(80.29245451900005, 17.052642821000063, 80.43887726800006, 17.202658917000065)",01-02-2023.geojson,Wyra,,,,,
Rangareddy,TSSD0549,316.92,"{'min': 33.47272872924805, 'max': 36.564781188964844, 'mean': 35.448408917682926, 'count': 82, 'sum': 2906.76953125, 'median': 35.533477783203125}","(78.54568468000008, 16.934093064000024, 78.80793281600006, 17.12867297300005)",01-02-2023.geojson,Yacharam,,,,,
Yadadri Bhuvanagiri,TSSD0550,186.21,"{'min': 33.71434783935547, 'max': 37.200435638427734, 'mean': 35.00045237821691, 'count': 51, 'sum': 1785.0230712890625, 'median': 34.931739807128906}","(78.84835935400008, 17.534587685000076, 79.03828959100008, 17.686530936000054)",01-02-2023.geojson,Yadagirigutta,,,,,
Nizamabad,TSSD0551,94.89,"{'min': 25.97916603088379, 'max': 31.15166664123535, 'mean': 27.82483144906851, 'count': 26, 'sum': 723.4456176757812, 'median': 27.386016845703125}","(77.91550924600006, 18.623425712000028, 78.04225781600007, 18.729394451000076)",01-02-2023.geojson,Yedapally,,,,,
Vikarabad,TSSD0552,198.18,"{'min': 32.205833435058594, 'max': 37.78083419799805, 'mean': 35.404914407169116, 'count': 51, 'sum': 1805.650634765625, 'median': 35.3828010559082}","(77.52786449900003, 17.13053142700005, 77.75138027800006, 17.285580779000043)",01-02-2023.geojson,Yelal,,,,,
Medak,TSSD0553,163.31,"{'min': 30.791738510131836, 'max': 34.35416793823242, 'mean': 32.62086022418478, 'count': 46, 'sum': 1500.5595703125, 'median': 32.576087951660156}","(78.25020444800003, 17.845214376000058, 78.42507897600012, 17.987096653000037)",01-02-2023.geojson,Yeldurthy,,,,,
Bhadradri Kothagudem,TSSD0554,446.45,"{'min': 29.770000457763672, 'max': 35.1169548034668, 'mean': 32.8675537109375, 'count': 124, 'sum': 4075.57666015625, 'median': 32.956993103027344}","(80.20203604400007, 17.495235336000064, 80.42881209300003, 17.784950355000035)",01-02-2023.geojson,Yellandu,,,,,
Kamareddy,TSSD0555,184.45,"{'min': 25.237199783325195, 'max': 32.63666534423828, 'mean': 30.124618841677297, 'count': 49, 'sum': 1476.1063232421875, 'median': 30.672399520874023}","(77.94077074800003, 18.10658015200005, 78.09588024100003, 18.321288552000055)",01-02-2023.geojson,Yellareddy,,,,,
Rajanna Sircilla,TSSD0556,186.82,"{'min': 29.0674991607666, 'max': 35.15363693237305, 'mean': 32.180793313419116, 'count': 51, 'sum': 1641.220458984375, 'median': 32.60818099975586}","(78.54791135700003, 18.319811327000025, 78.75757783600005, 18.46288011300004)",01-02-2023.geojson,Yellareddypet,,,,,
Nizamabad,TSSD0557,68.02,"{'min': 29.391666412353516, 'max': 31.411739349365234, 'mean': 30.49802533318015, 'count': 17, 'sum': 518.4664306640625, 'median': 30.55782699584961}","(78.43614230700007, 18.871916310000074, 78.53864631300007, 18.97312927200005)",01-02-2023.geojson,Yergatla,,,,,
Khammam,TSSD0558,262.24,"{'min': 30.222726821899414, 'max': 34.390869140625, 'mean': 32.38441256009615, 'count': 65, 'sum': 2104.98681640625, 'median': 32.344783782958984}","(80.42901058800004, 16.768789670000046, 80.60532488100006, 16.96155575100005)",01-02-2023.geojson,Yerrupalem,,,,,
Jangoan,TSSD0559,163.78,"{'min': 29.921667098999023, 'max': 33.72083282470703, 'mean': 32.104923502604166, 'count': 45, 'sum': 1444.7215576171875, 'median': 31.987499237060547}","(79.40432095600005, 17.69860641200006, 79.51467165900004, 17.89232289800003)",01-02-2023.geojson,Zaffergadh,,,,,
Sangareddy,TSSD0560,243.94,"{'min': 34.96839904785156, 'max': 37.95880126953125, 'mean': 36.77463970762311, 'count': 66, 'sum': 2427.126220703125, 'median': 36.88999938964844}","(77.47167387100006, 17.54590518200007, 77.71357368300005, 17.749326707000023)",01-02-2023.geojson,Zahirabad,,,,,
Nagarkurnool,TSSD0561,183.51,"{'min': 33.03091049194336, 'max': 36.543914794921875, 'mean': 34.51272370094477, 'count': 43, 'sum': 1484.047119140625, 'median': 34.38217544555664}","(78.43086370300006, 16.197314094000035, 78.59402431200004, 16.37663690200003)",01-02-2023.geojson,Lingal,,,,,
Nagarkurnool,TSSD0562,222.74,"{'min': 29.96636390686035, 'max': 35.72047805786133, 'mean': 33.02287292480469, 'count': 56, 'sum': 1849.2808837890625, 'median': 32.900367736816406}","(78.20110216600006, 16.35091361800005, 78.42443343200006, 16.530833019000056)",01-02-2023.geojson,Nagar_Kurnool,,,,,
Mahabubnagar,TSSD0563,145.45,"{'min': 32.40217208862305, 'max': 34.755455017089844, 'mean': 33.5985702886814, 'count': 41, 'sum': 1377.5413818359375, 'median': 33.63090896606445}","(77.82864822500005, 16.643852022000033, 77.99254221500007, 16.772605979000048)",01-02-2023.geojson,Mahabubnagar_Rural,,,,,
Narayanpet,TSSD0564,256.63,"{'min': 34.55083465576172, 'max': 40.16391372680664, 'mean': 37.86819278492647, 'count': 68, 'sum': 2575.037109375, 'median': 37.90435028076172}","(77.41869071500008, 16.543696836000038, 77.63466779000004, 16.729675432000022)",01-02-2023.geojson,Utkoor,,,,,
Rangareddy,TSSD0565,22.03,"{'min': 33.39272689819336, 'max': 33.901817321777344, 'mean': 33.69236450195312, 'count': 5, 'sum': 168.46182250976562, 'median': 33.72545623779297}","(78.50689165600005, 17.336093290000065, 78.58558260100006, 17.37992626500005)",01-02-2023.geojson,Saroornagar,,,,,
Sangareddy,TSSD0566,37.76,"{'min': 32.42217254638672, 'max': 34.671905517578125, 'mean': 33.581153869628906, 'count': 8, 'sum': 268.64923095703125, 'median': 33.606361389160156}","(78.28021050800004, 17.505606920000048, 78.35002219800003, 17.57992215400003)",01-02-2023.geojson,Ameenpur,,,,,
Sangareddy,TSSD0567,111.94,"{'min': 31.86391258239746, 'max': 35.84238052368164, 'mean': 33.58016690340909, 'count': 33, 'sum': 1108.1455078125, 'median': 33.66130447387695}","(78.22737331300004, 17.528204591000076, 78.38745191600003, 17.67226987500004)",01-02-2023.geojson,Jinnaram,,,,,
Medak,TSSD0568,112.07,"{'min': 31.956087112426758, 'max': 34.049129486083984, 'mean': 32.98347691127232, 'count': 28, 'sum': 923.537353515625, 'median': 32.94825744628906}","(78.42603746200007, 17.77588639100003, 78.56138370400004, 17.89800592200004)",01-02-2023.geojson,Toopran,,,,,
Medak,TSSD0569,88.1,"{'min': 32.267391204833984, 'max': 35.200435638427734, 'mean': 33.6569569905599, 'count': 24, 'sum': 807.7669677734375, 'median': 33.673912048339844}","(78.41929055500003, 17.692085064000025, 78.52257619700003, 17.817608290000067)",01-02-2023.geojson,Manoharabad,,,,,
Siddipet,TSSD0570,129.06,"{'min': 31.40565299987793, 'max': 33.8290901184082, 'mean': 32.598839653862846, 'count': 36, 'sum': 1173.5582275390625, 'median': 32.67173767089844}","(78.52730335900003, 17.878079271000047, 78.64358807000008, 18.041003706000026)",01-02-2023.geojson,Doultabad,,,,,
Medak,TSSD0571,76.05,"{'min': 29.879167556762695, 'max': 33.63999938964844, 'mean': 32.07679748535156, 'count': 20, 'sum': 641.5359497070312, 'median': 32.14500045776367}","(78.07364299200003, 17.796666895000044, 78.18678124500008, 17.905026876000022)",01-02-2023.geojson,Chilipched,,,,,
Medak,TSSD0572,136.79,"{'min': 29.643043518066406, 'max': 33.536956787109375, 'mean': 32.16152871621622, 'count': 37, 'sum': 1189.9765625, 'median': 32.39695739746094}","(78.32685103200004, 17.904917194000063, 78.44243876400003, 18.081304571000032)",01-02-2023.geojson,Shankarampet_R,,,,,
Medak,TSSD0573,131.44,"{'min': 30.79347801208496, 'max': 33.9760856628418, 'mean': 32.222816467285156, 'count': 32, 'sum': 1031.130126953125, 'median': 32.068695068359375}","(78.43107409900006, 17.905682555000055, 78.58520918700003, 18.06554777300005)",01-02-2023.geojson,Chegunta,,,,,
Kamareddy,TSSD0574,74.34,"{'min': 30.207273483276367, 'max': 33.54999923706055, 'mean': 31.984278628700658, 'count': 19, 'sum': 607.7012939453125, 'median': 31.976957321166992}","(78.37757087100005, 18.21350254400005, 78.52579487700007, 18.30009331800005)",01-02-2023.geojson,Domakonda,,,,,
Kamareddy,TSSD0575,168.77,"{'min': 27.84280014038086, 'max': 33.80759811401367, 'mean': 31.507761885480182, 'count': 41, 'sum': 1291.8182373046875, 'median': 31.79400062561035}","(77.72979911700008, 18.190311369000028, 77.89310396100007, 18.380507752000028)",01-02-2023.geojson,Pitlam,,,,,
Kamareddy,TSSD0576,191.8,"{'min': 28.90999984741211, 'max': 36.700401306152344, 'mean': 33.633793668926884, 'count': 53, 'sum': 1782.591064453125, 'median': 33.86520004272461}","(77.65355776700005, 18.300626045000058, 77.83219913400006, 18.488304079000045)",01-02-2023.geojson,Bichkunda,,,,,
Kamareddy,TSSD0577,82.32,"{'min': 26.282499313354492, 'max': 31.31800079345703, 'mean': 28.484824440696023, 'count': 22, 'sum': 626.6661376953125, 'median': 28.028400421142578}","(77.75813508500005, 18.372326572000077, 77.86341082200005, 18.505311680000034)",01-02-2023.geojson,Birkoor,,,,,
Adilabad,TSSD0578,34.92,"{'min': 33.11750030517578, 'max': 35.157501220703125, 'mean': 34.433413696289065, 'count': 10, 'sum': 344.3341369628906, 'median': 34.640830993652344}","(78.48710289700006, 19.60170591600007, 78.54305936500003, 19.683661252000036)",01-02-2023.geojson,Mavala,,,,,
Peddapalli,TSSD0579,122.7,"{'min': 27.27434730529785, 'max': 34.571739196777344, 'mean': 31.664461263020833, 'count': 30, 'sum': 949.933837890625, 'median': 32.30695343017578}","(79.31124542100008, 18.728421345000072, 79.45668509800004, 18.855615717000035)",01-02-2023.geojson,Anthergaon,,,,,
Mulugu,TSSD0580,576.05,"{'min': 30.660400390625, 'max': 35.34166717529297, 'mean': 33.04846918977649, 'count': 151, 'sum': 4990.31884765625, 'median': 33.011600494384766}","(80.37410149900006, 18.33990656700007, 80.68734144600006, 18.632607707000034)",01-02-2023.geojson,Wazeed,,,,,
Nizamabad,TSSD0581,158.53,"{'min': 29.28565216064453, 'max': 33.415000915527344, 'mean': 31.378281704215116, 'count': 43, 'sum': 1349.26611328125, 'median': 31.54304313659668}","(78.47512705800006, 18.684195498000065, 78.64029038200005, 18.900912592000054)",01-02-2023.geojson,Kammarpally,,,,,
Jangoan,TSSD0582,120.55,"{'min': 29.072500228881836, 'max': 33.5433349609375, 'mean': 31.87511989048549, 'count': 28, 'sum': 892.5033569335938, 'median': 32.16875076293945}","(79.38361325200003, 17.491730369000038, 79.56249112400008, 17.63017571100005)",01-02-2023.geojson,Kodakandla,,,,,
Narayanpet,TSSD0583,172.63,"{'min': 29.14272689819336, 'max': 40.99636459350586, 'mean': 35.42287930575284, 'count': 44, 'sum': 1558.606689453125, 'median': 36.2470817565918}","(77.23725451100006, 16.366338565000035, 77.45641595200004, 16.49439566000018)",01-02-2023.geojson,Krishna,,,,,
Mancherial,TSSD0584,414.48,"{'min': 29.36833381652832, 'max': 35.51333236694336, 'mean': 32.34651376668689, 'count': 103, 'sum': 3331.69091796875, 'median': 32.392608642578125}","(79.69063140800006, 18.824880136000047, 79.96247775100005, 19.055750638000063)",01-02-2023.geojson,Kotapalle,,,,,
Warangal_Rural,TSSD0585,96.85,"{'min': 29.310869216918945, 'max': 31.982500076293945, 'mean': 30.971966083233173, 'count': 26, 'sum': 805.2711181640625, 'median': 31.112607955932617}","(79.58000525100005, 18.13079426400003, 79.67613864900011, 18.273366891000023)",01-02-2023.geojson,Nadikuda,,,,,
Medchal_Malkajgiri,TSSD0586,92.19,"{'min': 32.62181854248047, 'max': 35.244544982910156, 'mean': 34.31961294320914, 'count': 26, 'sum': 892.3099365234375, 'median': 34.42591094970703}","(78.60919935000027, 17.572950565000042, 78.72357522400006, 17.698451215000034)",01-02-2023.geojson,Muduchinthalaphally,,,,,
Siddipet,TSSD0587,66.64,"{'min': 30.96727180480957, 'max': 32.6239128112793, 'mean': 31.70880126953125, 'count': 18, 'sum': 570.7584228515625, 'median': 31.704208374023438}","(78.75009036300014, 18.179105241000116, 78.85292966200007, 18.26297022400007)",01-02-2023.geojson,Narayanraopet,,,,,
Nizamabad,TSSD0588,59.09,"{'min': 25.949199676513672, 'max': 32.7783317565918, 'mean': 29.33979034423828, 'count': 16, 'sum': 469.4366455078125, 'median': 28.751667022705078}","(77.93403706700008, 18.52915054300007, 78.05329923800008, 18.639067520000026)",01-02-2023.geojson,Mosra,,,,,
Nizamabad,TSSD0589,49.75,"{'min': 25.982799530029297, 'max': 32.785831451416016, 'mean': 28.677823747907365, 'count': 14, 'sum': 401.4895324707031, 'median': 28.588478088378906}","(77.91841617100005, 18.496525074000033, 78.04060240200005, 18.590460833)",01-02-2023.geojson,Chandur,,,,,
Sangareddy,TSSD0590,97.98,"{'min': 28.475000381469727, 'max': 36.61666488647461, 'mean': 33.50082510489005, 'count': 27, 'sum': 904.5222778320312, 'median': 33.55416488647461}","(78.03596075900009, 17.649676136000153, 78.15543426700003, 17.771041394000065)",01-02-2023.geojson,Chowtakur,,,,,
Medak,TSSD0591,67.5,"{'min': 29.890832901000977, 'max': 33.82652282714844, 'mean': 32.276699490017364, 'count': 18, 'sum': 580.9805908203125, 'median': 32.762611389160156}","(78.39670312900006, 17.869416313000045, 78.53362296600005, 17.948666831000025)",01-02-2023.geojson,Masaipet,,,,,
Siddipet,TSSD0592,70.13,"{'min': 31.704782485961914, 'max': 33.78217315673828, 'mean': 32.83796450966283, 'count': 19, 'sum': 623.9213256835938, 'median': 32.92304229736328}","(79.03345267100008, 17.94056795000006, 79.15307655800007, 18.032435260000113)",01-02-2023.geojson,Dhoolumitta,,,,,
Rangareddy,TSSD0001,254.22,"{'min': 31.33727264404297, 'max': 37.31999969482422, 'mean': 35.62211470170455, 'count': 66, 'sum': 2351.0595703125, 'median': 35.87824249267578}","(78.55995755200007, 17.23432776100003, 78.76246159900006, 17.40383786600006)",01-03-2023.geojson,Abdullapurmet,,,,,
Nagarkurnool,TSSD0002,502.12,"{'min': 34.02727127075195, 'max': 39.32090759277344, 'mean': 36.76657056051587, 'count': 126, 'sum': 4632.587890625, 'median': 36.66681671142578}","(78.58204158400008, 16.328785754000023, 79.06420699900008, 16.552355156000033)",01-03-2023.geojson,Achampet,,,,,
Nalgonda,TSSD0003,124.12,"{'min': 29.547895431518555, 'max': 38.181766510009766, 'mean': 34.27899354876894, 'count': 33, 'sum': 1131.206787109375, 'median': 34.06578826904297}","(79.40552823000007, 16.61250682600007, 79.58503520000005, 16.727679548000026)",01-03-2023.geojson,Adavidevulapally,,,,,
Yadadri Bhuvanagiri,TSSD0004,141.84,"{'min': 31.677059173583984, 'max': 37.79249954223633, 'mean': 34.235341925370065, 'count': 38, 'sum': 1300.9429931640625, 'median': 34.040340423583984}","(79.30480125000008, 17.343213083000023, 79.45808114400006, 17.48429223000005)",01-03-2023.geojson,Addagudur,,,,,
Mahabubnagar,TSSD0005,133.19,"{'min': 32.49956512451172, 'max': 38.53727340698242, 'mean': 36.234232584635414, 'count': 36, 'sum': 1304.432373046875, 'median': 36.20043182373047}","(77.85964485800008, 16.441965785000036, 78.01275922800005, 16.583453924000025)",01-03-2023.geojson,Addakal,,,,,
Adilabad,TSSD0006,296.11,"{'min': 36.446800231933594, 'max': 41.80391311645508, 'mean': 39.04643427861201, 'count': 77, 'sum': 3006.575439453125, 'median': 39.0672721862793}","(78.46791283600004, 19.529549935000034, 78.75075334500008, 19.743971118000047)",01-03-2023.geojson,Adilabad Rural,,,,,
Adilabad,TSSD0007,18.64,"{'min': 37.39545440673828, 'max': 39.23545455932617, 'mean': 38.106136322021484, 'count': 4, 'sum': 152.42454528808594, 'median': 37.896820068359375}","(78.51136180900005, 19.64107290800007, 78.56091570800004, 19.696663797000042)",01-03-2023.geojson,Adilabad Urban,,,,,
Jogulamba Gadwal,TSSD0008,281.08,"{'min': 31.18181800842285, 'max': 41.046363830566406, 'mean': 36.866534165933096, 'count': 71, 'sum': 2617.52392578125, 'median': 37.52043533325195}","(77.51085515500006, 15.892624954000041, 77.79118149700008, 16.073899572000073)",01-03-2023.geojson,Aiza,,,,,
Siddipet,TSSD0009,181.57,"{'min': 30.712726593017578, 'max': 34.18473815917969, 'mean': 32.44447265625, 'count': 50, 'sum': 1622.2236328125, 'median': 32.55181884765625}","(79.09867562300008, 17.991228970000066, 79.28258652700003, 18.10859845500005)",01-03-2023.geojson,Akkannapet,,,,,
Yadadri Bhuvanagiri,TSSD0010,165.31,"{'min': 31.860475540161133, 'max': 36.27571487426758, 'mean': 33.823690724927324, 'count': 43, 'sum': 1454.418701171875, 'median': 33.686363220214844}","(78.99234199800003, 17.567113119000055, 79.16709451200006, 17.725946442000065)",01-03-2023.geojson,Alair,,,,,
Jogulamba Gadwal,TSSD0011,212.17,"{'min': 34.24399948120117, 'max': 43.72200012207031, 'mean': 39.96609731820914, 'count': 52, 'sum': 2078.237060546875, 'median': 40.35449981689453}","(78.05931506700006, 15.836429923000026, 78.25321888900004, 16.011158503000047)",01-03-2023.geojson,Alampur,,,,,
Medak,TSSD0012,106.37,"{'min': 33.11479949951172, 'max': 39.69879913330078, 'mean': 36.395064742476855, 'count': 27, 'sum': 982.666748046875, 'median': 36.510799407958984}","(77.88797224100006, 17.883895607000056, 78.00388009500006, 18.014119892000053)",01-03-2023.geojson,Alladurg,,,,,
Bhadradri Kothagudem,TSSD0013,507.54,"{'min': 31.11777687072754, 'max': 36.95500183105469, 'mean': 33.69318921638258, 'count': 132, 'sum': 4447.5009765625, 'median': 33.595001220703125}","(80.39744846200006, 17.75296549600006, 80.69612561700006, 18.05460231400002)",01-03-2023.geojson,Allapalli,,,,,
Medchal_Malkajgiri,TSSD0014,43.73,"{'min': 33.82826232910156, 'max': 34.517826080322266, 'mean': 34.14112437855113, 'count': 11, 'sum': 375.5523681640625, 'median': 34.1865234375}","(78.47891113600008, 17.480615318000048, 78.57688553000008, 17.549306657000045)",01-03-2023.geojson,Alwal,,,,,
Rangareddy,TSSD0015,138.08,"{'min': 34.616085052490234, 'max': 37.387271881103516, 'mean': 36.1300048828125, 'count': 36, 'sum': 1300.68017578125, 'median': 36.288002014160156}","(78.48719442500004, 16.794263726000054, 78.63278904100008, 16.922855003000052)",01-03-2023.geojson,Amangal,,,,,
Wanaparthy,TSSD0016,110.02,"{'min': 26.93782615661621, 'max': 36.81181716918945, 'mean': 33.42119547526042, 'count': 30, 'sum': 1002.6358642578125, 'median': 34.12628173828125}","(77.65718116000005, 16.32682638500006, 77.80141077600007, 16.437234124000042)",01-03-2023.geojson,Amarchintha,,,,,
Hyderabad,TSSD0017,9.23,"{'min': 34.40416717529297, 'max': 34.98500061035156, 'mean': 34.64646911621094, 'count': 4, 'sum': 138.58587646484375, 'median': 34.598350524902344}","(78.48463282000006, 17.368221164000033, 78.52881660000008, 17.40365662100004)",01-03-2023.geojson,Amberpet,,,,,
Hyderabad,TSSD0018,3.86,"{'min': 33.90599822998047, 'max': 33.90599822998047, 'mean': 33.90599822998047, 'count': 1, 'sum': 33.90599822998047, 'median': 33.90599822998047}","(78.42921871100003, 17.43080978200004, 78.46511365000003, 17.45407132100007)",01-03-2023.geojson,Ammerpet,,,,,
Nagarkurnool,TSSD0019,1218.96,"{'min': 32.50619125366211, 'max': 38.849998474121094, 'mean': 35.63904359879032, 'count': 310, 'sum': 11048.103515625, 'median': 35.624183654785156}","(78.48741327000005, 16.00923712100007, 79.02694515400003, 16.415272880000032)",01-03-2023.geojson,Amrabad,,,,,
Suryapet,TSSD0020,116.56,"{'min': 26.9022216796875, 'max': 29.275333404541016, 'mean': 27.9627685546875, 'count': 30, 'sum': 838.883056640625, 'median': 27.954574584960938}","(79.90212536100006, 16.982533018000026, 80.06097163900006, 17.132924940000066)",01-03-2023.geojson,Ananthagiri,,,,,
Sangareddy,TSSD0021,186.83,"{'min': 30.788400650024414, 'max': 40.238800048828125, 'mean': 34.73190762134308, 'count': 47, 'sum': 1632.399658203125, 'median': 34.693199157714844}","(77.94290081500003, 17.75956500500007, 78.11621519700003, 17.925892899000075)",01-03-2023.geojson,Andole,,,,,
Bhadradri Kothagudem,TSSD0022,176.27,"{'min': 31.842857360839844, 'max': 36.13666534423828, 'mean': 33.46049167798913, 'count': 46, 'sum': 1539.1826171875, 'median': 33.34749984741211}","(80.64118685200003, 17.28576821300004, 80.85142774000008, 17.41689142100006)",01-03-2023.geojson,Annapureddipalle,,,,,
Nalgonda,TSSD0023,190.48,"{'min': 27.656665802001953, 'max': 37.222633361816406, 'mean': 33.21057373046875, 'count': 50, 'sum': 1660.5286865234375, 'median': 33.927764892578125}","(79.19527357000004, 16.726884840000025, 79.39201370200004, 16.913228080000067)",01-03-2023.geojson,Anumula_Haliya,,,,,
Nizamabad,TSSD0024,221.85,"{'min': 25.695833206176758, 'max': 34.545833587646484, 'mean': 31.09800008138021, 'count': 60, 'sum': 1865.8800048828125, 'median': 31.184799194335938}","(78.17296352400007, 18.74292431300006, 78.35632004600006, 18.93725310900004)",01-03-2023.geojson,Armoor,,,,,
Kumurambheem Asifabad,TSSD0025,380.26,"{'min': 29.919523239135742, 'max': 41.38142776489258, 'mean': 37.914388020833336, 'count': 102, 'sum': 3867.267578125, 'median': 38.05704879760742}","(79.05947913700004, 19.250334717000044, 79.39455949500007, 19.45064135100006)",01-03-2023.geojson,Asifabad,,,,,
Hyderabad,TSSD0026,12.88,"{'min': 33.504398345947266, 'max': 35.649131774902344, 'mean': 34.71164321899414, 'count': 4, 'sum': 138.84657287597656, 'median': 34.846519470214844}","(78.42582161500007, 17.359808491000024, 78.46198218000006, 17.408130664000055)",01-03-2023.geojson,Asifnagar,,,,,
Bhadradri Kothagudem,TSSD0027,329.09,"{'min': 30.17133331298828, 'max': 35.88999938964844, 'mean': 33.63966230912642, 'count': 88, 'sum': 2960.290283203125, 'median': 33.708343505859375}","(80.68546006000008, 17.692266541000038, 80.88829418500006, 17.933206824000024)",01-03-2023.geojson,Aswapuram,,,,,
Bhadradri Kothagudem,TSSD0028,564.09,"{'min': 29.696666717529297, 'max': 36.41307830810547, 'mean': 33.1548163231383, 'count': 141, 'sum': 4674.8291015625, 'median': 33.310001373291016}","(81.00029477700008, 17.215797421000048, 81.31479948400005, 17.495516869000028)",01-03-2023.geojson,Aswaraopeta,,,,,
Yadadri Bhuvanagiri,TSSD0029,171.54,"{'min': 31.326000213623047, 'max': 33.979000091552734, 'mean': 33.054828559027776, 'count': 45, 'sum': 1487.46728515625, 'median': 33.15842056274414}","(79.08082893600005, 17.39675374600006, 79.24565290200007, 17.53585182000006)",01-03-2023.geojson,Athmakur (M),,,,,
Wanaparthy,TSSD0030,137.9,"{'min': 29.295385360717773, 'max': 35.56999969482422, 'mean': 31.987141927083332, 'count': 36, 'sum': 1151.537109375, 'median': 31.82358169555664}","(77.73676945900007, 16.203007356000057, 77.92502598300007, 16.38983216400004)",01-03-2023.geojson,Atmakur,,,,,
Warangal_Rural,TSSD0031,100.48,"{'min': 29.9950008392334, 'max': 33.503334045410156, 'mean': 31.51378690279447, 'count': 26, 'sum': 819.3584594726562, 'median': 31.372501373291016}","(79.67890460400008, 17.996386791000077, 79.82038191900006, 18.11908245500007)",01-03-2023.geojson,Atmakur,,,,,
Suryapet,TSSD0032,206.49,"{'min': 28.747894287109375, 'max': 33.54624938964844, 'mean': 31.069422496448862, 'count': 55, 'sum': 1708.8182373046875, 'median': 31.30875015258789}","(79.59145821600004, 17.18757524600005, 79.81482135400006, 17.314815594000038)",01-03-2023.geojson,Atmakur_S,,,,,
Yadadri Bhuvanagiri,TSSD0033,188.28,"{'min': 27.0595645904541, 'max': 35.509090423583984, 'mean': 31.002364813112745, 'count': 51, 'sum': 1581.12060546875, 'median': 30.709091186523438}","(78.70944519200003, 17.280238217000033, 78.91168170600008, 17.414015307000057)",01-03-2023.geojson,B.Pochampally,,,,,
Jangoan,TSSD0034,215.84,"{'min': 30.98238182067871, 'max': 34.31545639038086, 'mean': 33.09896955818966, 'count': 58, 'sum': 1919.740234375, 'median': 33.12950134277344}","(78.86787166400006, 17.709206091000055, 79.10262993800006, 17.8761671850001)",01-03-2023.geojson,Bachannapet,,,,,
Medchal_Malkajgiri,TSSD0035,17.73,"{'min': 33.55400085449219, 'max': 35.75320053100586, 'mean': 34.180239868164065, 'count': 5, 'sum': 170.9011993408203, 'median': 33.813201904296875}","(78.34798865200008, 17.510629856000037, 78.39909413900006, 17.553712028000064)",01-03-2023.geojson,Bachupally,,,,,
Hyderabad,TSSD0036,15.01,"{'min': 33.26217269897461, 'max': 35.53086853027344, 'mean': 34.53840637207031, 'count': 3, 'sum': 103.61521911621094, 'median': 34.822174072265625}","(78.43027281000008, 17.326923403000023, 78.47901840600008, 17.372507289000055)",01-03-2023.geojson,Bahadurpura,,,,,
Mahabubnagar,TSSD0037,174.74,"{'min': 34.9379997253418, 'max': 37.32083511352539, 'mean': 36.20261814283288, 'count': 46, 'sum': 1665.3204345703125, 'median': 36.209197998046875}","(78.08729467400008, 16.845259309000028, 78.30248119100008, 17.011459106000075)",01-03-2023.geojson,Balanagar,,,,,
Medchal_Malkajgiri,TSSD0038,19.28,"{'min': 34.23695755004883, 'max': 35.43333435058594, 'mean': 34.94202880859375, 'count': 5, 'sum': 174.71014404296875, 'median': 34.86304473876953}","(78.41398145500006, 17.437593329000038, 78.49711234500006, 17.495946916000037)",01-03-2023.geojson,Balanagar,,,,,
Rangareddy,TSSD0039,131.84,"{'min': 34.033477783203125, 'max': 36.709999084472656, 'mean': 35.204966517857144, 'count': 35, 'sum': 1232.173828125, 'median': 35.170833587646484}","(78.40825680200004, 17.228240129000028, 78.57240744700005, 17.342781479000053)",01-03-2023.geojson,Balapur,,,,,
Nizamabad,TSSD0040,97.3,"{'min': 25.435832977294922, 'max': 32.76416778564453, 'mean': 29.72979248046875, 'count': 25, 'sum': 743.2448120117188, 'median': 30.799165725708008}","(78.27055155900007, 18.820303712000054, 78.39954724000006, 18.968813210000064)",01-03-2023.geojson,Balkonda,,,,,
Nagarkurnool,TSSD0041,243.17,"{'min': 33.33608627319336, 'max': 39.50636291503906, 'mean': 37.04819711538462, 'count': 65, 'sum': 2408.1328125, 'median': 37.322174072265625}","(78.49549449900007, 16.225707747000058, 78.67809309200004, 16.452804138000033)",01-03-2023.geojson,Balmoor,,,,,
Hyderabad,TSSD0042,21.38,"{'min': 35.04666519165039, 'max': 36.11166763305664, 'mean': 35.49807484944662, 'count': 6, 'sum': 212.9884490966797, 'median': 35.443748474121094}","(78.45371439300004, 17.293465379000054, 78.51861491400007, 17.352247109000075)",01-03-2023.geojson,Bandlaguda,,,,,
Kamareddy,TSSD0043,142.84,"{'min': 27.70039939880371, 'max': 36.749229431152344, 'mean': 30.83833705357143, 'count': 35, 'sum': 1079.341796875, 'median': 30.013200759887695}","(77.83852436200004, 18.316119945000025, 78.03038834200004, 18.45416467000007)",01-03-2023.geojson,Banswada,,,,,
Vikarabad,TSSD0044,91.56,"{'min': 37.80120086669922, 'max': 40.103599548339844, 'mean': 39.0626220703125, 'count': 25, 'sum': 976.5655517578125, 'median': 39.150001525878906}","(77.61390270400005, 17.383589031000042, 77.77189871100006, 17.483158091000064)",01-03-2023.geojson,Bantwaram,,,,,
Nirmal,TSSD0045,108.16,"{'min': 32.49833297729492, 'max': 41.11399841308594, 'mean': 38.323713631465516, 'count': 29, 'sum': 1111.3876953125, 'median': 38.417198181152344}","(77.87395490400007, 18.84522452500005, 78.04060419300004, 18.95240894500006)",01-03-2023.geojson,Basar,,,,,
Vikarabad,TSSD0046,206.01,"{'min': 35.38249969482422, 'max': 41.96739196777344, 'mean': 39.30774156102594, 'count': 53, 'sum': 2083.310302734375, 'median': 39.349998474121094}","(77.36247981800005, 17.108590786000036, 77.53841200600004, 17.271892981000065)",01-03-2023.geojson,Basheerabad,,,,,
Mahabubabad,TSSD0047,307.29,"{'min': 31.519332885742188, 'max': 37.15571594238281, 'mean': 34.23327787422839, 'count': 81, 'sum': 2772.8955078125, 'median': 34.03941345214844}","(80.05728874800008, 17.53352028000006, 80.26094565000005, 17.75039165800007)",01-03-2023.geojson,Bayyaram,,,,,
Adilabad,TSSD0048,253.13,"{'min': 35.63666534423828, 'max': 39.76279830932617, 'mean': 38.25901925223214, 'count': 70, 'sum': 2678.13134765625, 'median': 38.332000732421875}","(78.27492577100008, 19.393371099000035, 78.47377904700005, 19.580545785000027)",01-03-2023.geojson,Bazarhathnoor,,,,,
Jagtial,TSSD0049,108.89,"{'min': 31.542631149291992, 'max': 36.365238189697266, 'mean': 33.9586181640625, 'count': 31, 'sum': 1052.7171630859375, 'median': 33.981998443603516}","(78.87792220400007, 18.96036622300005, 79.02108975900006, 19.07988819600007)",01-03-2023.geojson,Beerpur,,,,,
Siddipet,TSSD0050,152.56,"{'min': 30.459524154663086, 'max': 36.293479919433594, 'mean': 33.30769653320313, 'count': 40, 'sum': 1332.307861328125, 'median': 33.401885986328125}","(78.95201931600008, 18.18925398600004, 79.11791494600004, 18.34315846100003)",01-03-2023.geojson,Bejjanki,,,,,
Kumurambheem Asifabad,TSSD0051,282.92,"{'min': 33.16157913208008, 'max': 38.363685607910156, 'mean': 35.87047526041667, 'count': 75, 'sum': 2690.28564453125, 'median': 35.9900016784668}","(79.71984640800008, 19.26669339700004, 79.96748160900006, 19.444060153000066)",01-03-2023.geojson,Bejjur,,,,,
Adilabad,TSSD0052,252.64,"{'min': 35.30500030517578, 'max': 42.07181930541992, 'mean': 39.89833135190217, 'count': 69, 'sum': 2752.98486328125, 'median': 40.07181930541992}","(78.68107592100006, 19.56508431800006, 78.85966689500003, 19.782733789000076)",01-03-2023.geojson,Bela,,,,,
Mancherial,TSSD0053,146.79,"{'min': 33.93555450439453, 'max': 37.692222595214844, 'mean': 35.43728332519531, 'count': 40, 'sum': 1417.4913330078125, 'median': 35.46874237060547}","(79.41901996000007, 18.98112085100007, 79.58961168500008, 19.132048594000025)",01-03-2023.geojson,Bellampalle,,,,,
Bhadradri Kothagudem,TSSD0054,11.21,"{'min': 34.91875076293945, 'max': 35.29499816894531, 'mean': 35.10687255859375, 'count': 2, 'sum': 70.2137451171875, 'median': 35.10687255859375}","(80.87537144200007, 17.64270969100005, 80.91092172600008, 17.683719212000028)",01-03-2023.geojson,Bhadrachalam,,,,,
Nirmal,TSSD0055,247.42,"{'min': 31.46583366394043, 'max': 39.3658332824707, 'mean': 34.81533130247202, 'count': 67, 'sum': 2332.627197265625, 'median': 34.44499969482422}","(77.87843723700007, 19.03252738200007, 78.09109643600004, 19.219462747000023)",01-03-2023.geojson,Bhainsa,,,,,
Warangal_Urban,TSSD0056,147.17,"{'min': 29.88428497314453, 'max': 33.40142822265625, 'mean': 31.702113560267858, 'count': 35, 'sum': 1109.573974609375, 'median': 31.612857818603516}","(79.25802483300004, 18.001111758000036, 79.41034323000008, 18.156221128000027)",01-03-2023.geojson,Bheemadevarapalli,,,,,
Mancherial,TSSD0057,156.12,"{'min': 32.53888702392578, 'max': 35.32444381713867, 'mean': 33.65889798677885, 'count': 39, 'sum': 1312.697021484375, 'median': 33.59421157836914}","(79.58636746400003, 18.76414004000003, 79.73368796500006, 18.942415460000063)",01-03-2023.geojson,Bheemaram,,,,,
Nizamabad,TSSD0058,225.03,"{'min': 29.59000015258789, 'max': 35.10279846191406, 'mean': 32.16051025390625, 'count': 60, 'sum': 1929.630615234375, 'median': 32.31125259399414}","(78.35785953300007, 18.617871123000043, 78.59699998100007, 18.754933092000044)",01-03-2023.geojson,Bheemgal,,,,,
Mancherial,TSSD0059,151.63,"{'min': 36.018890380859375, 'max': 39.454444885253906, 'mean': 37.98951330850291, 'count': 43, 'sum': 1633.549072265625, 'median': 37.86888885498047}","(79.50578178000006, 19.14043541600006, 79.67664248700004, 19.288073780000047)",01-03-2023.geojson,Bheemini,,,,,
Adilabad,TSSD0060,195.62,"{'min': 39.255218505859375, 'max': 42.54130554199219, 'mean': 40.89990234375, 'count': 47, 'sum': 1922.29541015625, 'median': 40.90304183959961}","(78.28468101500005, 19.728594951000048, 78.49256909000007, 19.91690008100005)",01-03-2023.geojson,Bheempoor,,,,,
Kamareddy,TSSD0061,154.94,"{'min': 29.740833282470703, 'max': 35.2859992980957, 'mean': 32.36118861607143, 'count': 42, 'sum': 1359.169921875, 'median': 32.25774002075195}","(78.33227141500004, 18.122403492000046, 78.50250512100007, 18.278813365000076)",01-03-2023.geojson,Bhiknoor,,,,,
Yadadri Bhuvanagiri,TSSD0062,299.2,"{'min': 27.579999923706055, 'max': 37.96523666381836, 'mean': 33.670829577323715, 'count': 78, 'sum': 2626.32470703125, 'median': 33.639564514160156}","(78.80997708400008, 17.36896378700004, 79.04721217500008, 17.595952069000077)",01-03-2023.geojson,Bhongiri,,,,,
Mahabubnagar,TSSD0063,177.56,"{'min': 33.6709098815918, 'max': 37.32272720336914, 'mean': 35.50148302443484, 'count': 47, 'sum': 1668.5697021484375, 'median': 35.442726135253906}","(77.97152580800008, 16.592727025000045, 78.15346036600005, 16.739702366000074)",01-03-2023.geojson,Bhoothpur,,,,,
Jayashankar Bhupalpally,TSSD0064,412.31,"{'min': 28.518888473510742, 'max': 34.442630767822266, 'mean': 32.70954047309028, 'count': 108, 'sum': 3532.63037109375, 'median': 32.829811096191406}","(79.72643010900003, 18.326274666000074, 80.15195044700005, 18.518666378000034)",01-03-2023.geojson,Bhupalpally,,,,,
Yadadri Bhuvanagiri,TSSD0065,181.21,"{'min': 28.196086883544922, 'max': 35.47434616088867, 'mean': 33.221854073660715, 'count': 49, 'sum': 1627.870849609375, 'median': 33.829166412353516}","(78.70762825800006, 17.383774324000058, 78.91649957900006, 17.531102042000043)",01-03-2023.geojson,Bibinagar,,,,,
Kamareddy,TSSD0066,80.7,"{'min': 28.621665954589844, 'max': 32.90083312988281, 'mean': 31.10932312011719, 'count': 20, 'sum': 622.1864624023438, 'median': 31.305767059326172}","(78.46247299900006, 18.169106830000032, 78.56926485100007, 18.275633318000075)",01-03-2023.geojson,Bibipet,,,,,
Nagarkurnool,TSSD0067,265.69,"{'min': 30.243043899536133, 'max': 38.310001373291016, 'mean': 34.576283482142856, 'count': 70, 'sum': 2420.33984375, 'median': 34.581817626953125}","(78.10083116400006, 16.421414171000038, 78.28225422800006, 16.626726615000052)",01-03-2023.geojson,Bijinapalle,,,,,
Adilabad,TSSD0068,324.19,"{'min': 34.16538619995117, 'max': 39.626800537109375, 'mean': 37.204750543908226, 'count': 79, 'sum': 2939.17529296875, 'median': 37.21083450317383}","(78.17215629700007, 19.264980181000055, 78.39684222400007, 19.45647146400006)",01-03-2023.geojson,Boath,,,,,
Nizamabad,TSSD0069,274.45,"{'min': 27.171600341796875, 'max': 38.93159866333008, 'mean': 31.983732876712327, 'count': 73, 'sum': 2334.8125, 'median': 31.171600341796875}","(77.73094369300003, 18.573510121000027, 77.96006357300001, 18.81143505500006)",01-03-2023.geojson,Bodhan,,,,,
Rajanna Sircilla,TSSD0070,143.88,"{'min': 27.172727584838867, 'max': 35.889129638671875, 'mean': 31.664342368521343, 'count': 41, 'sum': 1298.238037109375, 'median': 31.494348526000977}","(78.89142673800006, 18.39155487200003, 78.99623800100005, 18.58330450400007)",01-03-2023.geojson,Boinpalli,,,,,
Yadadri Bhuvanagiri,TSSD0071,165.4,"{'min': 32.84652328491211, 'max': 35.630001068115234, 'mean': 34.1844976515997, 'count': 42, 'sum': 1435.7489013671875, 'median': 34.176185607910156}","(78.68260567800007, 17.506909476000033, 78.83660271700006, 17.66778853200003)",01-03-2023.geojson,Bommalaramaram,,,,,
Vikarabad,TSSD0072,219.46,"{'min': 33.904544830322266, 'max': 39.75583267211914, 'mean': 35.524671282087056, 'count': 56, 'sum': 1989.381591796875, 'median': 35.16875076293945}","(77.61321700700006, 17.021545857000035, 77.78997648900008, 17.236770282000066)",01-03-2023.geojson,Bommaraspeta,,,,,
Khammam,TSSD0073,164.0,"{'min': 29.068750381469727, 'max': 33.323333740234375, 'mean': 30.619637838224087, 'count': 41, 'sum': 1255.4051513671875, 'median': 30.510000228881836}","(80.19836868700008, 16.94670916900003, 80.36649696300003, 17.117145719000064)",01-03-2023.geojson,Bonakal,,,,,
Jagtial,TSSD0074,80.72,"{'min': 30.262380599975586, 'max': 33.11952209472656, 'mean': 31.748044221297555, 'count': 23, 'sum': 730.2050170898438, 'median': 31.667142868041992}","(79.00621644400007, 18.822787249000044, 79.14474962700007, 18.91916278800005)",01-03-2023.geojson,Buggaram,,,,,
Bhadradri Kothagudem,TSSD0075,212.03,"{'min': 32.58466720581055, 'max': 37.22600173950195, 'mean': 34.925405996817126, 'count': 54, 'sum': 1885.971923828125, 'median': 34.8385009765625}","(80.73228080900003, 17.59843230000007, 80.90367732300007, 17.75553509100007)",01-03-2023.geojson,Burgampadu,,,,,
Nalgonda,TSSD0076,349.48,"{'min': 32.45899963378906, 'max': 38.50619125366211, 'mean': 36.26552681300951, 'count': 92, 'sum': 3336.428466796875, 'median': 36.32372283935547}","(78.83961784400003, 16.35584791900004, 79.21275923200005, 16.646382362000054)",01-03-2023.geojson,Chandampet,,,,,
Bhadradri Kothagudem,TSSD0077,146.4,"{'min': 30.197999954223633, 'max': 36.86000061035156, 'mean': 34.62532662056588, 'count': 37, 'sum': 1281.1370849609375, 'median': 35.04249954223633}","(80.55637660300005, 17.31648540200007, 80.69607967500008, 17.452303995000022)",01-03-2023.geojson,Chandrugonda,,,,,
Nalgonda,TSSD0078,210.39,"{'min': 35.229000091552734, 'max': 40.46200180053711, 'mean': 38.225157539799525, 'count': 53, 'sum': 2025.933349609375, 'median': 38.08000183105469}","(78.89291217500005, 16.893248166000035, 79.10048328200008, 17.094642131000057)",01-03-2023.geojson,Chandur,,,,,
Nagarkurnool,TSSD0079,172.21,"{'min': 35.73695755004883, 'max': 40.06304168701172, 'mean': 37.14058702256944, 'count': 45, 'sum': 1671.326416015625, 'median': 37.0099983215332}","(78.57614983600007, 16.636888998000074, 78.79233917400006, 16.779519700000037)",01-03-2023.geojson,Charakonda,,,,,
Hyderabad,TSSD0080,5.37,"{'min': 35.95000076293945, 'max': 35.95000076293945, 'mean': 35.95000076293945, 'count': 1, 'sum': 35.95000076293945, 'median': 35.95000076293945}","(78.47460501900008, 17.34768383200003, 78.50070316000006, 17.376123801000062)",01-03-2023.geojson,Charminar,,,,,
Rajanna Sircilla,TSSD0081,172.75,"{'min': 29.59000015258789, 'max': 37.18000030517578, 'mean': 32.776041666666664, 'count': 48, 'sum': 1573.25, 'median': 32.65745162963867}","(78.61274932300006, 18.50685668500006, 78.84598478800007, 18.63425720600003)",01-03-2023.geojson,Chendurthi,,,,,
Warangal_Rural,TSSD0082,99.63,"{'min': 29.206249237060547, 'max': 31.469999313354492, 'mean': 30.17799114358836, 'count': 29, 'sum': 875.1617431640625, 'median': 30.09857177734375}","(79.77887035600008, 17.796694865000063, 79.93870076600007, 17.912052966000033)",01-03-2023.geojson,Chennaraopet,,,,,
Mancherial,TSSD0083,348.6,"{'min': 28.282222747802734, 'max': 35.418888092041016, 'mean': 33.11506984544837, 'count': 92, 'sum': 3046.58642578125, 'median': 33.27176284790039}","(79.65949015600006, 18.682762397000033, 79.84767354200005, 18.959046801000056)",01-03-2023.geojson,Chennur,,,,,
Siddipet,TSSD0084,222.44,"{'min': 31.182727813720703, 'max': 35.74809646606445, 'mean': 33.611855717028604, 'count': 59, 'sum': 1983.0994873046875, 'median': 33.68809509277344}","(78.86758954600003, 17.828098220000072, 79.06729449200009, 18.036935309000057)",01-03-2023.geojson,Cherial,,,,,
Bhadradri Kothagudem,TSSD0085,477.35,"{'min': 30.1924991607666, 'max': 36.03125, 'mean': 33.580201187754064, 'count': 123, 'sum': 4130.36474609375, 'median': 33.73428726196289}","(80.73391161600006, 17.933206824000024, 80.98568532800005, 18.238859586000046)",01-03-2023.geojson,Cherla,,,,,
Rangareddy,TSSD0086,276.14,"{'min': 36.766666412353516, 'max': 39.77000045776367, 'mean': 38.58248943172089, 'count': 73, 'sum': 2816.521728515625, 'median': 38.66583251953125}","(78.00412674500006, 17.23299501100007, 78.21859291200008, 17.409433687000046)",01-03-2023.geojson,Chevella,,,,,
Karimnagar,TSSD0087,149.85,"{'min': 30.08909034729004, 'max': 33.00714111328125, 'mean': 31.41568603515625, 'count': 40, 'sum': 1256.62744140625, 'median': 31.413536071777344}","(79.10798904900008, 18.16049209700003, 79.25728156700006, 18.285204140000076)",01-03-2023.geojson,Chigurumamidi,,,,,
Suryapet,TSSD0088,109.2,"{'min': 26.308889389038086, 'max': 29.44411849975586, 'mean': 27.340247017996653, 'count': 28, 'sum': 765.5269165039062, 'median': 27.129444122314453}","(79.79036079100007, 16.906046110000034, 79.93531953700005, 17.024466438000047)",01-03-2023.geojson,Chilkur,,,,,
Jangoan,TSSD0089,157.63,"{'min': 29.588947296142578, 'max': 33.13190460205078, 'mean': 31.745355650436046, 'count': 43, 'sum': 1365.05029296875, 'median': 31.877368927001953}","(79.20344106000005, 17.85176273600007, 79.44938298400007, 17.98733100100003)",01-03-2023.geojson,Chilpur,,,,,
Mahabubnagar,TSSD0090,182.6,"{'min': 32.48478317260742, 'max': 40.328094482421875, 'mean': 37.0969189453125, 'count': 50, 'sum': 1854.845947265625, 'median': 37.015445709228516}","(77.73330203000006, 16.37851123300004, 77.87096754700008, 16.616724610000063)",01-03-2023.geojson,Chinna Chinta Kunta,,,,,
Mahabubabad,TSSD0091,62.33,"{'min': 30.235000610351562, 'max': 32.09470748901367, 'mean': 31.11826459099265, 'count': 17, 'sum': 529.010498046875, 'median': 31.049999237060547}","(79.84909294100004, 17.449136596000073, 79.93830751200005, 17.551928229000055)",01-03-2023.geojson,Chinnagudur,,,,,
Siddipet,TSSD0092,210.1,"{'min': 30.169166564941406, 'max': 34.49260711669922, 'mean': 32.379764811197916, 'count': 60, 'sum': 1942.785888671875, 'median': 32.387474060058594}","(78.82494370000006, 18.112037676000057, 79.02016956300008, 18.25691097600003)",01-03-2023.geojson,Chinnakodur,,,,,
Wanaparthy,TSSD0093,211.48,"{'min': 33.008094787597656, 'max': 41.11399841308594, 'mean': 37.35077114762931, 'count': 58, 'sum': 2166.3447265625, 'median': 36.983001708984375}","(78.05946824700004, 15.943903422000062, 78.25862092700004, 16.10487720200007)",01-03-2023.geojson,Chinnambavi,,,,,
Khammam,TSSD0094,188.05,"{'min': 29.03769302368164, 'max': 33.44076919555664, 'mean': 30.473184336786684, 'count': 46, 'sum': 1401.7664794921875, 'median': 30.348751068115234}","(80.15749622700008, 17.00863986300004, 80.30764277300005, 17.236461319000057)",01-03-2023.geojson,Chintakani,,,,,
Kumurambheem Asifabad,TSSD0095,288.59,"{'min': 33.54789352416992, 'max': 38.224735260009766, 'mean': 36.108523559570315, 'count': 80, 'sum': 2888.681884765625, 'median': 36.18959045410156}","(79.67767908700006, 19.36047807800003, 79.97913072000006, 19.567678157000046)",01-03-2023.geojson,Chintalamanepally,,,,,
Suryapet,TSSD0096,202.08,"{'min': 28.177059173583984, 'max': 37.73307800292969, 'mean': 34.24966011795343, 'count': 51, 'sum': 1746.732666015625, 'median': 35.20333480834961}","(79.89168709400008, 16.63122235000003, 80.07323171000007, 16.848894700000073)",01-03-2023.geojson,Chinthala palem,,,,,
Nalgonda,TSSD0097,274.6,"{'min': 35.84272766113281, 'max': 40.48904800415039, 'mean': 37.80119466145833, 'count': 75, 'sum': 2835.089599609375, 'median': 37.80181884765625}","(78.69548427600006, 16.739825453000037, 78.92444476600008, 16.973748571000044)",01-03-2023.geojson,Chinthapally,,,,,
Jayashankar Bhupalpally,TSSD0098,210.42,"{'min': 30.52777862548828, 'max': 35.68882369995117, 'mean': 33.01604689213268, 'count': 57, 'sum': 1881.9146728515625, 'median': 33.05888748168945}","(79.64088009700004, 18.283442338000043, 79.79196266500009, 18.492380515000036)",01-03-2023.geojson,Chityal,,,,,
Nalgonda,TSSD0099,237.77,"{'min': 33.29090881347656, 'max': 38.782379150390625, 'mean': 35.181591796875, 'count': 60, 'sum': 2110.8955078125, 'median': 34.87333297729492}","(78.96087085700003, 17.126777316000073, 79.17779320000005, 17.284106424000072)",01-03-2023.geojson,Chityal,,,,,
Suryapet,TSSD0100,151.19,"{'min': 29.05500030517578, 'max': 33.571109771728516, 'mean': 30.907232666015624, 'count': 40, 'sum': 1236.289306640625, 'median': 30.727638244628906}","(79.61526708400004, 17.06178183000003, 79.77234545500005, 17.21508940600006)",01-03-2023.geojson,Chivvemla,,,,,
Karimnagar,TSSD0101,141.96,"{'min': 27.39699935913086, 'max': 31.831905364990234, 'mean': 29.74977513363487, 'count': 38, 'sum': 1130.491455078125, 'median': 29.742271423339844}","(79.09673047900003, 18.516979337000066, 79.23072403500004, 18.66557143500006)",01-03-2023.geojson,Choppadandi,,,,,
Yadadri Bhuvanagiri,TSSD0102,264.84,"{'min': 31.204782485961914, 'max': 39.91666793823242, 'mean': 34.58996066241197, 'count': 71, 'sum': 2455.88720703125, 'median': 34.47909164428711}","(78.747570484, 17.19528529400003, 78.99749932000003, 17.348531597000033)",01-03-2023.geojson,Choutuppal,,,,,
Rangareddy,TSSD0103,111.15,"{'min': 33.56739044189453, 'max': 40.11083221435547, 'mean': 35.62022795500579, 'count': 27, 'sum': 961.7461547851562, 'median': 35.03499984741211}","(77.92190617600005, 16.980166997000026, 78.03572549400008, 17.14859407800003)",01-03-2023.geojson,Chowdergudem,,,,,
Bhadradri Kothagudem,TSSD0104,113.98,"{'min': 32.241249084472656, 'max': 36.83000183105469, 'mean': 33.59591576360887, 'count': 31, 'sum': 1041.473388671875, 'median': 33.47624969482422}","(80.59078646000006, 17.397527010000033, 80.73926192500005, 17.56175825500003)",01-03-2023.geojson,Chunchupally,,,,,
Kumurambheem Asifabad,TSSD0105,282.91,"{'min': 32.04999923706055, 'max': 38.942222595214844, 'mean': 35.357659417229726, 'count': 74, 'sum': 2616.466796875, 'median': 35.21555709838867}","(79.55061502100006, 19.147024978000047, 79.94481136900004, 19.320003257000053)",01-03-2023.geojson,Dahegaon,,,,,
Nalgonda,TSSD0106,212.91,"{'min': 27.607999801635742, 'max': 39.131248474121094, 'mean': 32.29710804332387, 'count': 55, 'sum': 1776.3409423828125, 'median': 32.21666717529297}","(79.52381292400008, 16.65992049600004, 79.70200312500003, 16.812899723000044)",01-03-2023.geojson,Damaracherla,,,,,
Narayanpet,TSSD0107,197.8,"{'min': 33.55091094970703, 'max': 41.28363800048828, 'mean': 36.7685400390625, 'count': 50, 'sum': 1838.427001953125, 'median': 36.710792541503906}","(77.45634407100005, 16.764877660000025, 77.60496874100005, 16.959326115000067)",01-03-2023.geojson,Damargidda,,,,,
Warangal_Rural,TSSD0108,89.35,"{'min': 29.48789405822754, 'max': 34.224998474121094, 'mean': 31.655873616536457, 'count': 24, 'sum': 759.740966796875, 'median': 31.595993041992188}","(79.60072347200008, 18.00572767700004, 79.70643829000005, 18.13897497800008)",01-03-2023.geojson,Damera,,,,,
Bhadradri Kothagudem,TSSD0109,482.53,"{'min': 28.95400047302246, 'max': 35.105712890625, 'mean': 32.224293870192305, 'count': 130, 'sum': 4189.158203125, 'median': 32.28153991699219}","(80.86476856000007, 17.190519193000057, 81.08735919600008, 17.56822006400006)",01-03-2023.geojson,Dammapeta,,,,,
Mancherial,TSSD0110,212.73,"{'min': 29.593158721923828, 'max': 34.78333282470703, 'mean': 32.4264558490954, 'count': 57, 'sum': 1848.3079833984375, 'median': 32.73099899291992}","(79.08727409600004, 18.884636873000034, 79.22437932800005, 19.103216721000024)",01-03-2023.geojson,Dandepalle,,,,,
Mahabubabad,TSSD0111,108.96,"{'min': 29.421249389648438, 'max': 32.76625061035156, 'mean': 31.091976042716734, 'count': 31, 'sum': 963.8512573242188, 'median': 31.15117645263672}","(79.65560623800008, 17.428868298000054, 79.78530222000006, 17.546608658000025)",01-03-2023.geojson,Danthalapalle,,,,,
Nirmal,TSSD0112,76.62,"{'min': 30.33380889892578, 'max': 35.41476058959961, 'mean': 32.49106316817434, 'count': 19, 'sum': 617.3302001953125, 'median': 32.367000579833984}","(78.82647409500004, 19.034610264000037, 78.95076054900005, 19.132845763000034)",01-03-2023.geojson,Dasturabad,,,,,
Nalgonda,TSSD0113,235.21,"{'min': 33.38818359375, 'max': 39.414546966552734, 'mean': 37.89578345514113, 'count': 62, 'sum': 2349.53857421875, 'median': 38.085514068603516}","(78.75664741300005, 16.599618543000076, 78.96744054100003, 16.769811435000065)",01-03-2023.geojson,Devarakonda,,,,,
Mahabubnagar,TSSD0114,238.37,"{'min': 28.810832977294922, 'max': 39.797271728515625, 'mean': 35.181246849798384, 'count': 62, 'sum': 2181.2373046875, 'median': 35.46590805053711}","(77.76466384500003, 16.454975524000076, 77.92512638900007, 16.738387466000063)",01-03-2023.geojson,Devarkadra,,,,,
Jangoan,TSSD0115,182.53,"{'min': 31.378889083862305, 'max': 34.9900016784668, 'mean': 33.070478515625, 'count': 50, 'sum': 1653.52392578125, 'median': 32.98947525024414}","(79.21277209400006, 17.510665525000036, 79.40089799000003, 17.677652839000075)",01-03-2023.geojson,Devaruppula,,,,,
Narayanpet,TSSD0116,153.65,"{'min': 32.61750030517578, 'max': 38.910831451416016, 'mean': 35.979455896326016, 'count': 37, 'sum': 1331.2398681640625, 'median': 35.93583297729492}","(77.59496902800004, 16.571400942000025, 77.76875056600005, 16.754234962000055)",01-03-2023.geojson,Dhanwada,,,,,
Jagtial,TSSD0117,175.9,"{'min': 30.0290470123291, 'max': 35.96523666381836, 'mean': 33.395654296875, 'count': 45, 'sum': 1502.804443359375, 'median': 33.64699935913086}","(78.99144763200007, 18.877766286000053, 79.16011736700005, 19.07420193200005)",01-03-2023.geojson,Dharmapuri,,,,,
Peddapalli,TSSD0118,201.92,"{'min': 28.165788650512695, 'max': 33.33856964111328, 'mean': 30.34957713001179, 'count': 53, 'sum': 1608.527587890625, 'median': 30.08809471130371}","(79.11294947900006, 18.616084372000046, 79.33879022800005, 18.75580704600003)",01-03-2023.geojson,Dharmaram,,,,,
Warangal_Urban,TSSD0119,166.63,"{'min': 29.868947982788086, 'max': 32.970001220703125, 'mean': 31.527457682291665, 'count': 45, 'sum': 1418.735595703125, 'median': 31.567893981933594}","(79.34392484200004, 17.872946780000063, 79.49559988700008, 18.064662017000046)",01-03-2023.geojson,Dharmasagar,,,,,
Jogulamba Gadwal,TSSD0120,233.51,"{'min': 27.260000228881836, 'max': 35.60200119018555, 'mean': 32.14222005208333, 'count': 60, 'sum': 1928.533203125, 'median': 32.52384567260742}","(77.59027451200006, 16.165087868000057, 77.75403082300005, 16.362950969000053)",01-03-2023.geojson,Dharoor,,,,,
Vikarabad,TSSD0121,204.41,"{'min': 33.60307693481445, 'max': 40.02333450317383, 'mean': 36.83266977163461, 'count': 52, 'sum': 1915.298828125, 'median': 36.46605682373047}","(77.69853344900008, 17.210650905000023, 77.85683392500005, 17.378989310000065)",01-03-2023.geojson,Dharoor,,,,,
Nizamabad,TSSD0122,181.87,"{'min': 29.63319969177246, 'max': 35.662174224853516, 'mean': 32.93747010522959, 'count': 49, 'sum': 1613.93603515625, 'median': 32.75559997558594}","(78.27142695800006, 18.455096901000047, 78.41235874700004, 18.675940208000043)",01-03-2023.geojson,Dharpally,,,,,
Nizamabad,TSSD0123,165.76,"{'min': 28.684999465942383, 'max': 35.24359893798828, 'mean': 31.851226128472224, 'count': 45, 'sum': 1433.30517578125, 'median': 32.25320053100586}","(78.13708897600003, 18.552299339000058, 78.33103872900006, 18.67400565300005)",01-03-2023.geojson,Dichpally,,,,,
Nirmal,TSSD0124,155.33,"{'min': 25.786521911621094, 'max': 38.78919982910156, 'mean': 31.9216796875, 'count': 40, 'sum': 1276.8671875, 'median': 32.17869567871094}","(78.18162478500005, 18.979193036000026, 78.31903817300008, 19.15181674400003)",01-03-2023.geojson,Dilawarpur,,,,,
Vikarabad,TSSD0125,169.11,"{'min': 32.537498474121094, 'max': 36.57615280151367, 'mean': 34.55976451526988, 'count': 44, 'sum': 1520.629638671875, 'median': 34.598915100097656}","(77.75350961300006, 16.993685688000028, 77.91797159400005, 17.151011999000048)",01-03-2023.geojson,Doma,,,,,
Mahabubabad,TSSD0126,157.58,"{'min': 32.032222747802734, 'max': 33.908573150634766, 'mean': 32.87554485041921, 'count': 41, 'sum': 1347.8973388671875, 'median': 32.86866760253906}","(80.00919088400008, 17.34578428800006, 80.17130219700005, 17.498026924000044)",01-03-2023.geojson,Dornakal,,,,,
Vikarabad,TSSD0127,206.9,"{'min': 33.497825622558594, 'max': 41.05434799194336, 'mean': 36.33051476111779, 'count': 52, 'sum': 1889.186767578125, 'median': 35.88774871826172}","(77.47254906600006, 16.90300025500005, 77.65396255100006, 17.070101057000045)",01-03-2023.geojson,Doulthabad,,,,,
Siddipet,TSSD0128,239.89,"{'min': 30.009166717529297, 'max': 34.04916763305664, 'mean': 31.897511315724206, 'count': 63, 'sum': 2009.543212890625, 'median': 31.85608673095703}","(78.54681796600005, 18.097298073000047, 78.75700455300006, 18.255668025000034)",01-03-2023.geojson,Dubbak,,,,,
Warangal_Rural,TSSD0129,117.69,"{'min': 29.950000762939453, 'max': 32.5793342590332, 'mean': 31.144037062121974, 'count': 31, 'sum': 965.4651489257812, 'median': 30.99888801574707}","(79.74503783800003, 17.911539967000067, 79.86925509200006, 18.07929052000003)",01-03-2023.geojson,Duggondi,,,,,
Bhadradri Kothagudem,TSSD0130,322.15,"{'min': 30.043750762939453, 'max': 37.522857666015625, 'mean': 35.23587943412162, 'count': 74, 'sum': 2607.455078125, 'median': 35.7779541015625}","(80.86195260000005, 17.696811285000024, 81.09376572500008, 17.952898013000038)",01-03-2023.geojson,Dummugudem,,,,,
Medchal_Malkajgiri,TSSD0131,81.34,"{'min': 33.072608947753906, 'max': 35.514801025390625, 'mean': 34.21205444335938, 'count': 20, 'sum': 684.2410888671875, 'median': 34.158695220947266}","(78.36001430200008, 17.525573036000026, 78.50711033000005, 17.638921073000063)",01-03-2023.geojson,Dundigal Gandimaisamma,,,,,
Peddapalli,TSSD0132,76.87,"{'min': 27.500526428222656, 'max': 29.82900047302246, 'mean': 28.42425537109375, 'count': 22, 'sum': 625.3336181640625, 'median': 28.362342834472656}","(79.21615438200007, 18.50700951700003, 79.32467419700004, 18.611289084000077)",01-03-2023.geojson,Eligaid,,,,,
Warangal_Urban,TSSD0133,130.61,"{'min': 27.03700065612793, 'max': 32.24238204956055, 'mean': 29.82603695518092, 'count': 38, 'sum': 1133.389404296875, 'median': 29.917526245117188}","(79.37430346400004, 18.03182084900004, 79.56117484200007, 18.167621027000052)",01-03-2023.geojson,Elkathurthi,,,,,
Karimnagar,TSSD0134,97.13,"{'min': 28.388750076293945, 'max': 31.1773681640625, 'mean': 29.441387469951923, 'count': 26, 'sum': 765.47607421875, 'median': 29.2325439453125}","(79.48944079000006, 18.22671351400004, 79.58025617800007, 18.37787529900004)",01-03-2023.geojson,Ellandakunta,,,,,
Khammam,TSSD0135,189.89,"{'min': 31.29857063293457, 'max': 35.38428497314453, 'mean': 32.80845971200981, 'count': 51, 'sum': 1673.2314453125, 'median': 32.759334564208984}","(80.32325062100006, 17.259354917000053, 80.50833243100004, 17.441441247000057)",01-03-2023.geojson,Enkoor,,,,,
Mulugu,TSSD0136,343.37,"{'min': 28.915555953979492, 'max': 35.80176544189453, 'mean': 32.69796620244565, 'count': 92, 'sum': 3008.212890625, 'median': 32.84222412109375}","(80.26936561700006, 18.23370998300004, 80.49039395700004, 18.462636728000064)",01-03-2023.geojson,Eturnagaram,,,,,
Rangareddy,TSSD0137,278.36,"{'min': 34.65480041503906, 'max': 38.11640167236328, 'mean': 36.025944010416666, 'count': 75, 'sum': 2701.94580078125, 'median': 36.10333251953125}","(78.06823301000003, 16.93980447000007, 78.31577077500003, 17.115180701000043)",01-03-2023.geojson,Farooqnagar,,,,,
Adilabad,TSSD0138,227.73,"{'min': 36.97181701660156, 'max': 41.08565139770508, 'mean': 39.59468653944672, 'count': 61, 'sum': 2415.27587890625, 'median': 39.60652160644531}","(78.77129668200007, 19.52875835800006, 78.97180690400006, 19.672134552000045)",01-03-2023.geojson,Gadiguda,,,,,
Jogulamba Gadwal,TSSD0139,264.89,"{'min': 29.568260192871094, 'max': 42.692726135253906, 'mean': 34.90873325892857, 'count': 70, 'sum': 2443.611328125, 'median': 35.15520095825195}","(77.72121964000007, 16.085291977000054, 77.93275208300008, 16.318733621000035)",01-03-2023.geojson,Gadwal,,,,,
Siddipet,TSSD0140,212.47,"{'min': 30.587499618530273, 'max': 36.3536376953125, 'mean': 33.87005380483774, 'count': 52, 'sum': 1761.2427978515625, 'median': 34.091697692871094}","(78.58303917400008, 17.794325789000027, 78.78577283400006, 17.975258496000038)",01-03-2023.geojson,Gajwel,,,,,
Rajanna Sircilla,TSSD0141,156.05,"{'min': 28.108400344848633, 'max': 34.0433349609375, 'mean': 31.013671875, 'count': 41, 'sum': 1271.560546875, 'median': 30.8843994140625}","(78.52078465300008, 18.22335373800007, 78.64656692100004, 18.42659197100005)",01-03-2023.geojson,Gambhiraopet,,,,,
Mahabubnagar,TSSD0142,228.82,"{'min': 31.548181533813477, 'max': 35.74363708496094, 'mean': 34.11572265625, 'count': 63, 'sum': 2149.29052734375, 'median': 34.125831604003906}","(77.73779362900007, 16.845154139000044, 77.95386938900003, 16.999075455000025)",01-03-2023.geojson,Gandeed,,,,,
Kamareddy,TSSD0143,333.76,"{'min': 30.139230728149414, 'max': 40.082801818847656, 'mean': 36.056242142600574, 'count': 87, 'sum': 3136.89306640625, 'median': 36.43239974975586}","(77.92036537400008, 18.313249016000043, 78.18359844500003, 18.50402559500003)",01-03-2023.geojson,Gandhari,,,,,
Rangareddy,TSSD0144,104.67,"{'min': 27.081199645996094, 'max': 36.09000015258789, 'mean': 32.74644587590144, 'count': 26, 'sum': 851.4075927734375, 'median': 33.62408447265625}","(78.22812814200006, 17.32859737600006, 78.42011614800003, 17.43391934600004)",01-03-2023.geojson,Gandipet,,,,,
Karimnagar,TSSD0145,160.18,"{'min': 29.28523826599121, 'max': 33.23908996582031, 'mean': 31.076680501302082, 'count': 42, 'sum': 1305.2205810546875, 'median': 31.042774200439453}","(78.94956144100007, 18.417228382000076, 79.08057825900005, 18.682963267000048)",01-03-2023.geojson,Gangadhara,,,,,
Mahabubabad,TSSD0146,388.97,"{'min': 31.397058486938477, 'max': 38.38846206665039, 'mean': 34.95085261418269, 'count': 104, 'sum': 3634.888671875, 'median': 35.13087463378906}","(80.09945621800006, 17.703358498000057, 80.32312548900006, 18.023583650000035)",01-03-2023.geojson,Gangaram,,,,,
Karimnagar,TSSD0147,128.88,"{'min': 26.205453872680664, 'max': 34.5790901184082, 'mean': 30.087590997869317, 'count': 33, 'sum': 992.8905029296875, 'median': 30.515714645385742}","(79.00593677600006, 18.285893647000023, 79.15761711400006, 18.42386993300005)",01-03-2023.geojson,Ganneruvaram,,,,,
Suryapet,TSSD0148,196.75,"{'min': 26.432106018066406, 'max': 30.951250076293945, 'mean': 27.695711576021633, 'count': 52, 'sum': 1440.177001953125, 'median': 27.44070053100586}","(79.69899423300006, 16.791794304000064, 79.84726513600003, 16.996734263000064)",01-03-2023.geojson,Garidepalli,,,,,
Mahabubabad,TSSD0149,134.15,"{'min': 31.757999420166016, 'max': 36.068572998046875, 'mean': 33.4996337890625, 'count': 35, 'sum': 1172.4871826171875, 'median': 33.422000885009766}","(80.09119141800005, 17.438011174000053, 80.22850494600004, 17.593396365000046)",01-03-2023.geojson,Garla,,,,,
Warangal_Rural,TSSD0150,134.93,"{'min': 30.46500015258789, 'max': 34.4935302734375, 'mean': 31.948716517857143, 'count': 35, 'sum': 1118.205078125, 'median': 31.844118118286133}","(79.61786745500007, 17.897533089000035, 79.78756875100004, 18.025592932000052)",01-03-2023.geojson,Geesugonda,,,,,
Jayashankar Bhupalpally,TSSD0151,135.95,"{'min': 28.24333381652832, 'max': 34.54624938964844, 'mean': 32.153722814611484, 'count': 37, 'sum': 1189.687744140625, 'median': 32.66875076293945}","(79.80756877900006, 18.262592781000023, 79.95276371100005, 18.417946673000074)",01-03-2023.geojson,Ghanapur_Mulug,,,,,
Wanaparthy,TSSD0152,155.07,"{'min': 31.365238189697266, 'max': 36.935455322265625, 'mean': 34.79550652754934, 'count': 38, 'sum': 1322.229248046875, 'median': 34.86189651489258}","(77.98310490100005, 16.47901398600004, 78.12571646600009, 16.626992442000073)",01-03-2023.geojson,Ghanpur,,,,,
Jangoan,TSSD0153,172.06,"{'min': 28.480525970458984, 'max': 33.72999954223633, 'mean': 31.663001844618055, 'count': 45, 'sum': 1424.8350830078125, 'median': 31.82111167907715}","(79.23152818800008, 17.720237033000046, 79.42362870100004, 17.892366453000022)",01-03-2023.geojson,Ghanpur (Stn),,,,,
Medchal_Malkajgiri,TSSD0154,123.94,"{'min': 29.982173919677734, 'max': 35.52652359008789, 'mean': 33.99227806829637, 'count': 31, 'sum': 1053.7606201171875, 'median': 34.43260955810547}","(78.61964476900005, 17.377866780000033, 78.75985781500003, 17.488422350000064)",01-03-2023.geojson,Ghatkesar,,,,,
Jogulamba Gadwal,TSSD0155,267.38,"{'min': 31.81999969482422, 'max': 40.662498474121094, 'mean': 36.897990481954224, 'count': 71, 'sum': 2619.75732421875, 'median': 37.032501220703125}","(77.49353266000008, 15.976683508000065, 77.64425295800004, 16.21363012000006)",01-03-2023.geojson,Ghattu,,,,,
Hyderabad,TSSD0156,9.86,"{'min': 33.866798400878906, 'max': 34.431739807128906, 'mean': 34.149269104003906, 'count': 2, 'sum': 68.29853820800781, 'median': 34.149269104003906}","(78.38383245800003, 17.369513270000027, 78.43137261900006, 17.39634099500006)",01-03-2023.geojson,Golkonda,,,,,
Jagtial,TSSD0157,151.75,"{'min': 29.542726516723633, 'max': 33.17909240722656, 'mean': 30.896097819010418, 'count': 42, 'sum': 1297.6361083984375, 'median': 30.885238647460938}","(78.95794203800006, 18.74532743900005, 79.15334781300004, 18.85190287000006)",01-03-2023.geojson,Gollapalli,,,,,
Wanaparthy,TSSD0158,125.4,"{'min': 30.97249984741211, 'max': 35.96739196777344, 'mean': 33.77158203125, 'count': 35, 'sum': 1182.00537109375, 'median': 33.665653228759766}","(78.08591650400007, 16.328531611000074, 78.20166738400007, 16.47124508400003)",01-03-2023.geojson,Gopalpet,,,,,
Mulugu,TSSD0159,343.34,"{'min': 28.877058029174805, 'max': 35.297142028808594, 'mean': 32.96613957331731, 'count': 91, 'sum': 2999.918701171875, 'median': 33.11000061035156}","(79.99281799200008, 18.08316615600006, 80.26935217700003, 18.29768950400006)",01-03-2023.geojson,Govindaraopet,,,,,
Adilabad,TSSD0160,159.79,"{'min': 36.92818069458008, 'max': 40.332725524902344, 'mean': 38.793885842347755, 'count': 39, 'sum': 1512.9615478515625, 'median': 38.73695755004883}","(78.44054848400003, 19.441831296000146, 78.58019452000008, 19.607753279000065)",01-03-2023.geojson,Gudihathnur,,,,,
Mahabubabad,TSSD0161,312.8,"{'min': 29.761999130249023, 'max': 36.810001373291016, 'mean': 33.176471989329265, 'count': 82, 'sum': 2720.470703125, 'median': 33.130126953125}","(79.87550272900006, 17.686846624000054, 80.15255229900004, 17.87590134000004)",01-03-2023.geojson,Gudur,,,,,
Sangareddy,TSSD0162,98.98,"{'min': 33.46833419799805, 'max': 36.606666564941406, 'mean': 34.8837060546875, 'count': 25, 'sum': 872.0926513671875, 'median': 34.924400329589844}","(78.31472103200008, 17.61424192000004, 78.44886573200006, 17.746359040000073)",01-03-2023.geojson,Gummadidala,,,,,
Bhadradri Kothagudem,TSSD0163,495.92,"{'min': 31.913530349731445, 'max': 38.81571578979492, 'mean': 34.865519205729164, 'count': 132, 'sum': 4602.24853515625, 'median': 34.99808883666992}","(80.25193695800004, 17.734911501000056, 80.47191641100005, 18.082237242000076)",01-03-2023.geojson,Gundala,,,,,
Yadadri Bhuvanagiri,TSSD0164,172.25,"{'min': 31.468181610107422, 'max': 34.18058776855469, 'mean': 32.76700938831676, 'count': 44, 'sum': 1441.7484130859375, 'median': 32.7023811340332}","(79.14910012700005, 17.45209845900007, 79.37870067300008, 17.62417806900004)",01-03-2023.geojson,Gundala,,,,,
Nalgonda,TSSD0165,263.41,"{'min': 31.35636329650879, 'max': 37.92217254638672, 'mean': 35.390556784237134, 'count': 68, 'sum': 2406.557861328125, 'median': 35.729129791259766}","(78.61528553800008, 16.514907610000023, 78.85800945400007, 16.715959889000032)",01-03-2023.geojson,Gundlapally,,,,,
Nalgonda,TSSD0166,309.8,"{'min': 32.215999603271484, 'max': 37.849998474121094, 'mean': 35.38555163871951, 'count': 82, 'sum': 2901.615234375, 'median': 35.490501403808594}","(78.99484315300003, 16.723799824000025, 79.20953000900005, 16.93974487500003)",01-03-2023.geojson,Gurrampode,,,,,
Mancherial,TSSD0167,257.54,"{'min': 28.05500030517578, 'max': 37.61421203613281, 'mean': 34.020664760044646, 'count': 70, 'sum': 2381.446533203125, 'median': 34.22100067138672}","(79.26565732000006, 18.814436070000056, 79.42256325600005, 19.008309308000037)",01-03-2023.geojson,Hajipur,,,,,
Warangal_Urban,TSSD0168,45.74,"{'min': 31.602941513061523, 'max': 33.999412536621094, 'mean': 32.95951843261719, 'count': 12, 'sum': 395.51422119140625, 'median': 33.198822021484375}","(79.50733597600004, 17.982258095000077, 79.59918790600005, 18.051422419000062)",01-03-2023.geojson,Hanamkonda,,,,,
Mahabubnagar,TSSD0169,168.92,"{'min': 33.07782745361328, 'max': 35.64908981323242, 'mean': 34.3882363059304, 'count': 44, 'sum': 1513.0823974609375, 'median': 34.406089782714844}","(77.76252807700007, 16.752192707000063, 77.98873493800005, 16.893183992000047)",01-03-2023.geojson,Hanwada,,,,,
Warangal_Urban,TSSD0170,161.17,"{'min': 27.351999282836914, 'max': 33.893157958984375, 'mean': 30.706111464389537, 'count': 43, 'sum': 1320.36279296875, 'median': 30.69444465637207}","(79.43172067800003, 17.991968021000048, 79.62513964800007, 18.143584798000063)",01-03-2023.geojson,Hasanparthy,,,,,
Sangareddy,TSSD0171,204.77,"{'min': 31.774999618530273, 'max': 35.8380012512207, 'mean': 33.67408316476004, 'count': 56, 'sum': 1885.7486572265625, 'median': 33.63880157470703}","(78.10555045300003, 17.63393108100007, 78.31945472700005, 17.83424511100003)",01-03-2023.geojson,Hathnoora,,,,,
Medak,TSSD0172,187.01,"{'min': 27.620399475097656, 'max': 35.246665954589844, 'mean': 31.51530715654481, 'count': 53, 'sum': 1670.311279296875, 'median': 31.946666717529297}","(78.15651423700007, 18.05332005300005, 78.35309415700004, 18.215476757000033)",01-03-2023.geojson,Havelighanpur,,,,,
Rangareddy,TSSD0173,30.54,"{'min': 34.39521789550781, 'max': 35.7599983215332, 'mean': 35.02324761284722, 'count': 9, 'sum': 315.209228515625, 'median': 34.94908905029297}","(78.52755004100004, 17.306583933000013, 78.61900574700013, 17.348163568000075)",01-03-2023.geojson,Hayathnagar,,,,,
Hyderabad,TSSD0174,6.58,"{'min': 32.45333480834961, 'max': 33.03083419799805, 'mean': 32.74208450317383, 'count': 2, 'sum': 65.48416900634766, 'median': 32.74208450317383}","(78.47360807500007, 17.38688961500003, 78.50484873500005, 17.421948936000035)",01-03-2023.geojson,Himayatnagar,,,,,
Siddipet,TSSD0175,117.52,"{'min': 30.345455169677734, 'max': 34.783042907714844, 'mean': 32.09412999306956, 'count': 31, 'sum': 994.9180297851562, 'median': 32.175453186035156}","(79.13916242100004, 18.08470961100005, 79.30335584600004, 18.180728988000055)",01-03-2023.geojson,Husnabad,,,,,
Suryapet,TSSD0176,126.8,"{'min': 26.568889617919922, 'max': 29.858888626098633, 'mean': 27.43944942589962, 'count': 33, 'sum': 905.5018310546875, 'median': 27.28333282470703}","(79.76496890800007, 16.81112220400007, 79.93455343000005, 16.95645507200004)",01-03-2023.geojson,Huzur nagar,,,,,
Karimnagar,TSSD0177,138.33,"{'min': 27.118000030517578, 'max': 31.075000762939453, 'mean': 28.50296359592014, 'count': 36, 'sum': 1026.106689453125, 'median': 28.127946853637695}","(79.33974401500006, 18.149110196000038, 79.48471113900007, 18.285271040000055)",01-03-2023.geojson,Huzurabad,,,,,
Jagtial,TSSD0178,142.28,"{'min': 31.15399932861328, 'max': 33.55818176269531, 'mean': 32.17822265625, 'count': 37, 'sum': 1190.59423828125, 'median': 32.0341682434082}","(78.51963186500006, 18.84352731300004, 78.64824793900004, 19.00011807900006)",01-03-2023.geojson,Ibrahimpatnam,,,,,
Rangareddy,TSSD0179,274.25,"{'min': 31.630908966064453, 'max': 37.59363555908203, 'mean': 35.97381930881076, 'count': 72, 'sum': 2590.114990234375, 'median': 36.076377868652344}","(78.51594250300008, 17.11693136100007, 78.81737317200003, 17.26846339900004)",01-03-2023.geojson,Ibrahimpatnam,,,,,
Adilabad,TSSD0180,211.85,"{'min': 36.25166702270508, 'max': 40.25, 'mean': 38.84903826032366, 'count': 56, 'sum': 2175.546142578125, 'median': 39.172080993652344}","(78.40972741900003, 19.27144580600003, 78.59073863400005, 19.476086989000066)",01-03-2023.geojson,Ichoda,,,,,
Rajanna Sircilla,TSSD0181,222.52,"{'min': 28.261817932128906, 'max': 35.560001373291016, 'mean': 32.074260843211206, 'count': 58, 'sum': 1860.30712890625, 'median': 31.872173309326172}","(78.82265059000008, 18.234493222000026, 79.02266919100003, 18.400162883000064)",01-03-2023.geojson,Illanthakunta,,,,,
Warangal_Urban,TSSD0182,154.53,"{'min': 30.61941146850586, 'max': 35.548824310302734, 'mean': 32.10831392728365, 'count': 39, 'sum': 1252.2242431640625, 'median': 31.812665939331055}","(79.48651884400005, 17.786163054000042, 79.62215459200007, 17.94046736200005)",01-03-2023.geojson,Inavolu,,,,,
Nizamabad,TSSD0183,187.42,"{'min': 31.394166946411133, 'max': 35.805198669433594, 'mean': 33.346699617346935, 'count': 49, 'sum': 1633.98828125, 'median': 33.008399963378906}","(78.16214130800006, 18.452259628000036, 78.35381027700004, 18.595203980000065)",01-03-2023.geojson,Indalwai,,,,,
Adilabad,TSSD0184,209.33,"{'min': 36.81999969482422, 'max': 40.73249816894531, 'mean': 38.472511574074076, 'count': 54, 'sum': 2077.515625, 'median': 38.43968963623047}","(78.56653272500006, 19.379057926000144, 78.76792306800007, 19.567601660000037)",01-03-2023.geojson,Inderavelly,,,,,
Jogulamba Gadwal,TSSD0185,302.11,"{'min': 31.176362991333008, 'max': 43.901817321777344, 'mean': 38.98626239483173, 'count': 78, 'sum': 3040.928466796875, 'median': 39.17906951904297}","(77.74751634700004, 15.980643073000067, 77.98393237000005, 16.184409668000058)",01-03-2023.geojson,Itikyal,,,,,
Mahabubnagar,TSSD0186,294.27,"{'min': 33.64833450317383, 'max': 37.74636459350586, 'mean': 36.22178385416667, 'count': 75, 'sum': 2716.6337890625, 'median': 36.41999816894531}","(78.04502359400004, 16.680028693000054, 78.33050907800003, 16.87941384800007)",01-03-2023.geojson,Jadcherla,,,,,
Siddipet,TSSD0187,180.4,"{'min': 32.72142791748047, 'max': 37.621429443359375, 'mean': 34.96380988919005, 'count': 49, 'sum': 1713.2266845703125, 'median': 34.77381134033203}","(78.75126357400006, 17.708628498000053, 78.87944648100006, 17.882764563000023)",01-03-2023.geojson,Jagdevpur,,,,,
Jagtial,TSSD0188,167.3,"{'min': 29.150909423828125, 'max': 33.835453033447266, 'mean': 30.854006680575285, 'count': 44, 'sum': 1357.5762939453125, 'median': 30.669090270996094}","(78.83197213700004, 18.733277460000068, 79.02319924200003, 18.91632891000006)",01-03-2023.geojson,Jagityal_Rural,,,,,
Jagtial,TSSD0189,42.64,"{'min': 29.529130935668945, 'max': 32.94454574584961, 'mean': 31.041849772135418, 'count': 12, 'sum': 372.502197265625, 'median': 30.67074966430664}","(78.86249569300008, 18.75130130900004, 78.95751334400006, 18.846050929000057)",01-03-2023.geojson,Jagtial,,,,,
Adilabad,TSSD0190,292.5,"{'min': 35.99833297729492, 'max': 42.47782516479492, 'mean': 40.63629845727848, 'count': 79, 'sum': 3210.267578125, 'median': 40.98826217651367}","(78.48221105400006, 19.607848390000072, 78.72451328000005, 19.824464031000048)",01-03-2023.geojson,Jainad,,,,,
Kumurambheem Asifabad,TSSD0191,218.89,"{'min': 37.34363555908203, 'max': 40.7928581237793, 'mean': 38.835255589978445, 'count': 58, 'sum': 2252.44482421875, 'median': 38.77863693237305}","(78.81724445500004, 19.330609164000066, 79.02370996100007, 19.493592587000023)",01-03-2023.geojson,Jainoor,,,,,
Mancherial,TSSD0192,276.43,"{'min': 27.990869522094727, 'max': 34.904998779296875, 'mean': 32.957037848395274, 'count': 74, 'sum': 2438.82080078125, 'median': 33.38947296142578}","(79.49531298200003, 18.672040560000028, 79.72117428100006, 18.918660784000053)",01-03-2023.geojson,Jaipur,,,,,
Suryapet,TSSD0193,133.29,"{'min': 29.461111068725586, 'max': 34.22200012207031, 'mean': 30.910825787168562, 'count': 33, 'sum': 1020.0572509765625, 'median': 30.726470947265625}","(79.46290112300005, 17.258733534000044, 79.63232247300004, 17.380224128000066)",01-03-2023.geojson,Jajireddigudem,,,,,
Nizamabad,TSSD0194,148.29,"{'min': 30.627500534057617, 'max': 35.47639846801758, 'mean': 33.60612605168269, 'count': 39, 'sum': 1310.638916015625, 'median': 33.59166717529297}","(78.20206317300006, 18.65066335100005, 78.36254571500007, 18.77647975900004)",01-03-2023.geojson,Jakranpally,,,,,
Karimnagar,TSSD0195,134.59,"{'min': 27.06599998474121, 'max': 31.101579666137695, 'mean': 29.662481134588067, 'count': 33, 'sum': 978.8618774414062, 'median': 29.980525970458984}","(79.40829887400008, 18.227515953000022, 79.57987678900008, 18.423882431000038)",01-03-2023.geojson,Jammikunta,,,,,
Jangoan,TSSD0196,196.46,"{'min': 30.84000015258789, 'max': 34.634761810302734, 'mean': 32.66461958451705, 'count': 55, 'sum': 1796.5540771484375, 'median': 32.730953216552734}","(79.04601963500005, 17.668628100000035, 79.21037403500003, 17.842303224000034)",01-03-2023.geojson,Jangoan,,,,,
Mancherial,TSSD0197,325.26,"{'min': 31.263683319091797, 'max': 37.80454635620117, 'mean': 33.77986934267241, 'count': 87, 'sum': 2938.8486328125, 'median': 33.88999938964844}","(78.87934684700008, 19.019900233000044, 79.14171378500004, 19.252420733000065)",01-03-2023.geojson,Jannaram,,,,,
Sangareddy,TSSD0198,201.74,"{'min': 37.40840148925781, 'max': 41.4466667175293, 'mean': 39.234519675925924, 'count': 54, 'sum': 2118.6640625, 'median': 39.05558395385742}","(77.61983002400007, 17.658920608000074, 77.80166598000005, 17.830565180000065)",01-03-2023.geojson,Jharasangam,,,,,
Kamareddy,TSSD0199,202.26,"{'min': 32.959999084472656, 'max': 40.59090805053711, 'mean': 38.295663871017155, 'count': 51, 'sum': 1953.078857421875, 'median': 38.915218353271484}","(77.52089201100006, 18.28200709200007, 77.71327737400003, 18.44419848700005)",01-03-2023.geojson,Jukkal,,,,,
Peddapalli,TSSD0200,99.87,"{'min': 27.9233341217041, 'max': 31.093000411987305, 'mean': 29.162958984375, 'count': 25, 'sum': 729.073974609375, 'median': 28.941429138183594}","(79.18432516400003, 18.56760788400004, 79.32424630400004, 18.684515247000036)",01-03-2023.geojson,Julapalli,,,,,
Bhadradri Kothagudem,TSSD0201,238.74,"{'min': 30.606250762939453, 'max': 38.10285568237305, 'mean': 34.61341300843254, 'count': 63, 'sum': 2180.64501953125, 'median': 34.53533172607422}","(80.39497889400008, 17.31732979800006, 80.57083109400008, 17.508103492000032)",01-03-2023.geojson,Julurupad,,,,,
Nirmal,TSSD0202,468.09,"{'min': 29.6299991607666, 'max': 36.540000915527344, 'mean': 34.3160234375, 'count': 125, 'sum': 4289.5029296875, 'median': 34.6609992980957}","(78.69038218300005, 19.013677769000026, 78.95237500500008, 19.29677890000005)",01-03-2023.geojson,Kaddampeddur,,,,,
Rangareddy,TSSD0203,206.42,"{'min': 34.255218505859375, 'max': 36.736087799072266, 'mean': 35.7099292896412, 'count': 54, 'sum': 1928.336181640625, 'median': 35.87800598144531}","(78.39963638200004, 16.889455397000063, 78.66726844000004, 17.01510399700004)",01-03-2023.geojson,Kadthal,,,,,
Kumurambheem Asifabad,TSSD0204,442.33,"{'min': 32.83333206176758, 'max': 39.3963623046875, 'mean': 35.5324496565194, 'count': 116, 'sum': 4121.76416015625, 'median': 35.06366729736328}","(79.37624127800007, 19.26380363800007, 79.74691375500004, 19.538272434000078)",01-03-2023.geojson,Kagaznagar,,,,,
Sangareddy,TSSD0205,148.77,"{'min': 26.651538848876953, 'max': 34.6171989440918, 'mean': 31.75947529560811, 'count': 37, 'sum': 1175.1005859375, 'median': 32.1069221496582}","(77.76680836100007, 18.084424897000076, 77.94552432200004, 18.20773521800004)",01-03-2023.geojson,Kalher,,,,,
Khammam,TSSD0206,369.38,"{'min': 27.224285125732422, 'max': 34.628334045410156, 'mean': 30.050529060782967, 'count': 91, 'sum': 2734.59814453125, 'median': 29.875713348388672}","(80.41727157700007, 17.030005989000074, 80.66704650100007, 17.34559519800007)",01-03-2023.geojson,Kalluru,,,,,
Jogulamba Gadwal,TSSD0207,176.12,"{'min': 33.54119873046875, 'max': 38.37818145751953, 'mean': 36.28604329427083, 'count': 45, 'sum': 1632.8719482421875, 'median': 36.63782501220703}","(77.48561464400007, 16.116851987000075, 77.61961696400004, 16.303990486000032)",01-03-2023.geojson,Kaloor_Thimmandoddi,,,,,
Nagarkurnool,TSSD0208,291.99,"{'min': 34.569129943847656, 'max': 38.514347076416016, 'mean': 36.40037777549342, 'count': 76, 'sum': 2766.4287109375, 'median': 36.29693603515625}","(78.36374511900004, 16.483303271000068, 78.58638191300008, 16.728683611000065)",01-03-2023.geojson,Kalwakurthy,,,,,
Warangal_Urban,TSSD0209,158.52,"{'min': 26.648000717163086, 'max': 31.93000030517578, 'mean': 29.147312709263392, 'count': 42, 'sum': 1224.1871337890625, 'median': 29.34158706665039}","(79.45670027600005, 18.120212555000023, 79.60823806600007, 18.266255774000058)",01-03-2023.geojson,Kamalapur,,,,,
Peddapalli,TSSD0210,60.42,"{'min': 29.04157829284668, 'max': 34.5099983215332, 'mean': 30.905316162109376, 'count': 15, 'sum': 463.5797424316406, 'median': 30.344444274902344}","(79.44875966900008, 18.60172770400004, 79.55246524200004, 18.72207649300003)",01-03-2023.geojson,Kamanpur,,,,,
Kamareddy,TSSD0211,128.44,"{'min': 30.220399856567383, 'max': 37.03960037231445, 'mean': 33.232095157398895, 'count': 34, 'sum': 1129.8912353515625, 'median': 32.81800079345703}","(78.28734170500007, 18.25636160700003, 78.42834563700006, 18.390731163000055)",01-03-2023.geojson,Kamareddy,,,,,
Khammam,TSSD0212,181.36,"{'min': 31.688749313354492, 'max': 35.820770263671875, 'mean': 33.79977230149873, 'count': 49, 'sum': 1656.1888427734375, 'median': 33.619998931884766}","(80.15945686500004, 17.360238606000053, 80.35567105000007, 17.479176385000073)",01-03-2023.geojson,Kamepally,,,,,
Nalgonda,TSSD0213,224.78,"{'min': 28.974210739135742, 'max': 35.05699920654297, 'mean': 31.421074047423247, 'count': 57, 'sum': 1791.001220703125, 'median': 31.43400001525879}","(79.08479661000007, 16.864916728000026, 79.34770917300006, 17.030184575000078)",01-03-2023.geojson,Kanagal,,,,,
Sangareddy,TSSD0214,133.14,"{'min': 33.036399841308594, 'max': 39.3466682434082, 'mean': 36.024509006076386, 'count': 36, 'sum': 1296.88232421875, 'median': 35.83088302612305}","(78.05577804100005, 17.483520140000053, 78.23367294200006, 17.655179960000055)",01-03-2023.geojson,Kandi,,,,,
Rangareddy,TSSD0215,307.2,"{'min': 34.7172737121582, 'max': 38.77000045776367, 'mean': 36.33178401898734, 'count': 79, 'sum': 2870.2109375, 'median': 36.279998779296875}","(78.37786338200004, 16.983478904000037, 78.61378330000008, 17.178800228000057)",01-03-2023.geojson,Kandukur,,,,,
Sangareddy,TSSD0216,229.57,"{'min': 33.717201232910156, 'max': 42.3558349609375, 'mean': 39.98024529925848, 'count': 59, 'sum': 2358.83447265625, 'median': 40.92583465576172}","(77.57077416300007, 18.120266103000063, 77.74494665400005, 18.30851545200005)",01-03-2023.geojson,Kangti,,,,,
Mulugu,TSSD0217,375.33,"{'min': 30.768823623657227, 'max': 35.13666534423828, 'mean': 32.48636402803309, 'count': 102, 'sum': 3313.609130859375, 'median': 32.386985778808594}","(80.21744759700005, 18.35017838500005, 80.43136112100007, 18.610090848000027)",01-03-2023.geojson,Kannaigudem,,,,,
Mancherial,TSSD0218,169.42,"{'min': 33.04684066772461, 'max': 38.65666580200195, 'mean': 36.29701564622962, 'count': 46, 'sum': 1669.6627197265625, 'median': 36.407222747802734}","(79.54341301, 19.086726224000074, 79.80515899400007, 19.21311288000004)",01-03-2023.geojson,Kannepalli,,,,,
Medchal_Malkajgiri,TSSD0219,37.4,"{'min': 33.974544525146484, 'max': 35.24272537231445, 'mean': 34.47890125621449, 'count': 11, 'sum': 379.2679138183594, 'median': 34.55091094970703}","(78.53993706400007, 17.44957181700005, 78.62275029699998, 17.55306448500005)",01-03-2023.geojson,Kapra,,,,,
Bhadradri Kothagudem,TSSD0220,222.05,"{'min': 31.588666915893555, 'max': 35.341251373291016, 'mean': 33.60593387998384, 'count': 58, 'sum': 1949.1441650390625, 'median': 33.688751220703125}","(80.43846561000004, 17.91182510400006, 80.64919648500006, 18.143483696000033)",01-03-2023.geojson,Karakagudem,,,,,
Karimnagar,TSSD0221,34.8,"{'min': 27.938180923461914, 'max': 33.9636344909668, 'mean': 31.63747787475586, 'count': 8, 'sum': 253.09982299804688, 'median': 32.18408966064453}","(79.07978481800006, 18.39706940700006, 79.15386183100003, 18.460363398000027)",01-03-2023.geojson,Karimnagar,,,,,
Karimnagar,TSSD0222,108.97,"{'min': 28.118999481201172, 'max': 34.16523742675781, 'mean': 30.94112287248884, 'count': 28, 'sum': 866.3514404296875, 'median': 30.918052673339844}","(79.11435933800004, 18.420124626000074, 79.23690609300007, 18.537991315000056)",01-03-2023.geojson,Karimnagar_Rural,,,,,
Mancherial,TSSD0223,335.72,"{'min': 31.433000564575195, 'max': 38.53105163574219, 'mean': 36.206507703993054, 'count': 90, 'sum': 3258.585693359375, 'median': 36.19414138793945}","(79.21160353400006, 18.98447436300006, 79.48608882700012, 19.158965162000072)",01-03-2023.geojson,Kasipet,,,,,
Jayashankar Bhupalpally,TSSD0224,274.84,"{'min': 28.993999481201172, 'max': 37.088890075683594, 'mean': 33.74105709546233, 'count': 73, 'sum': 2463.09716796875, 'median': 33.655555725097656}","(79.81231549100005, 18.510496689000036, 80.03347280200006, 18.756648708000057)",01-03-2023.geojson,Kataram,,,,,
Jagtial,TSSD0225,181.36,"{'min': 29.73869514465332, 'max': 35.900001525878906, 'mean': 31.667698636968087, 'count': 47, 'sum': 1488.3818359375, 'median': 31.023042678833008}","(78.63177820100003, 18.63224633300007, 78.76086174700004, 18.789508428000033)",01-03-2023.geojson,Kathlapur,,,,,
Nalgonda,TSSD0226,192.46,"{'min': 29.761249542236328, 'max': 36.973331451416016, 'mean': 32.859743702168366, 'count': 49, 'sum': 1610.12744140625, 'median': 33.09000015258789}","(79.24206770600006, 17.11172541600007, 79.38446925700003, 17.291596570000024)",01-03-2023.geojson,Kattangur,,,,,
Medchal_Malkajgiri,TSSD0227,134.6,"{'min': 34.155216217041016, 'max': 35.2054557800293, 'mean': 34.625705295138886, 'count': 36, 'sum': 1246.525390625, 'median': 34.57227325439453}","(78.58185183200004, 17.451533257000108, 78.71265088600006, 17.579974081000103)",01-03-2023.geojson,Keesara,,,,,
Kumurambheem Asifabad,TSSD0228,347.89,"{'min': 33.5576171875, 'max': 39.81416702270508, 'mean': 37.94812414148352, 'count': 91, 'sum': 3453.279296875, 'median': 38.17900085449219}","(78.93889619900006, 19.359033433000036, 79.22333654800008, 19.56146381700006)",01-03-2023.geojson,Kerameri,,,,,
Mahabubabad,TSSD0229,223.57,"{'min': 28.952499389648438, 'max': 32.44466781616211, 'mean': 30.67785430372807, 'count': 57, 'sum': 1748.6376953125, 'median': 30.715333938598633}","(79.76580500600005, 17.60004913100005, 80.002845149, 17.77047760000005)",01-03-2023.geojson,Kesamudram,,,,,
Rangareddy,TSSD0230,224.92,"{'min': 34.80666732788086, 'max': 37.464168548583984, 'mean': 36.284322102864586, 'count': 60, 'sum': 2177.059326171875, 'median': 36.292083740234375}","(78.24782720400003, 16.852182651000078, 78.41558469000006, 17.051382707000073)",01-03-2023.geojson,Keshampeta,,,,,
Nalgonda,TSSD0231,147.6,"{'min': 27.6744441986084, 'max': 36.35353088378906, 'mean': 31.317564352964745, 'count': 39, 'sum': 1221.385009765625, 'median': 31.15333366394043}","(79.43344777400006, 17.072395302000075, 79.59338210900006, 17.250148180000053)",01-03-2023.geojson,Kethepally,,,,,
Warangal_Urban,TSSD0232,107.02,"{'min': 31.253528594970703, 'max': 33.92529296875, 'mean': 32.65998444733796, 'count': 27, 'sum': 881.819580078125, 'median': 32.81705856323242}","(79.43206155600006, 17.908547911000028, 79.58935561300007, 18.00993669500002)",01-03-2023.geojson,Khaazipet,,,,,
Hyderabad,TSSD0233,17.24,"{'min': 29.9148006439209, 'max': 34.4183349609375, 'mean': 32.471282958984375, 'count': 4, 'sum': 129.8851318359375, 'median': 32.7760009765625}","(78.40497752100003, 17.40010627500004, 78.47749341400004, 17.45407132100007)",01-03-2023.geojson,Khairatabad,,,,,
Khammam,TSSD0234,193.74,"{'min': 31.305999755859375, 'max': 36.62428665161133, 'mean': 33.23115234375, 'count': 50, 'sum': 1661.5576171875, 'median': 33.33147430419922}","(80.01676642200005, 17.178663853000046, 80.16691561700003, 17.394157440000072)",01-03-2023.geojson,Khammam_Rural,,,,,
Khammam,TSSD0235,92.31,"{'min': 31.18000030517578, 'max': 35.09714126586914, 'mean': 33.36255413552989, 'count': 23, 'sum': 767.3387451171875, 'median': 33.58466720581055}","(80.12187342100003, 17.179281596000067, 80.21584618000009, 17.31547050200004)",01-03-2023.geojson,Khammam_Urban,,,,,
Nirmal,TSSD0236,237.88,"{'min': 30.540433883666992, 'max': 36.399566650390625, 'mean': 34.50789260864258, 'count': 64, 'sum': 2208.505126953125, 'median': 34.98590850830078}","(78.50897303500005, 18.978111671000022, 78.74854953300007, 19.202461990000074)",01-03-2023.geojson,Khanapur,,,,,
Warangal_Rural,TSSD0237,139.46,"{'min': 28.344118118286133, 'max': 34.59749984741211, 'mean': 30.797200520833332, 'count': 36, 'sum': 1108.69921875, 'median': 30.176876068115234}","(79.88459942400004, 17.83523181700002, 80.00451405900003, 18.01960718500004)",01-03-2023.geojson,Khanapur,,,,,
Warangal_Urban,TSSD0238,81.36,"{'min': 32.056251525878906, 'max': 34.38176345825195, 'mean': 33.23503528941762, 'count': 22, 'sum': 731.1707763671875, 'median': 33.381370544433594}","(79.55364750200005, 17.86915675800003, 79.65825854800005, 17.98640269400005)",01-03-2023.geojson,Khila Warangal,,,,,
Suryapet,TSSD0239,172.15,"{'min': 27.228822708129883, 'max': 32.27750015258789, 'mean': 28.689929780505953, 'count': 42, 'sum': 1204.97705078125, 'median': 28.202362060546875}","(79.91293512200008, 16.880339314000025, 80.06097163900006, 17.02691814700006)",01-03-2023.geojson,Kodad,,,,,
Nagarkurnool,TSSD0240,205.2,"{'min': 31.066364288330078, 'max': 36.95380783081055, 'mean': 34.606619375723376, 'count': 54, 'sum': 1868.7574462890625, 'median': 34.567813873291016}","(78.16474055700007, 16.14974309100006, 78.34461354300004, 16.333836054000074)",01-03-2023.geojson,Kodair,,,,,
Vikarabad,TSSD0241,249.51,"{'min': 32.26750183105469, 'max': 42.32478332519531, 'mean': 38.245138729319855, 'count': 68, 'sum': 2600.66943359375, 'median': 38.664581298828125}","(77.46259225600005, 17.020933969000055, 77.71683994900008, 17.17841245900007)",01-03-2023.geojson,Kodangal,,,,,
Jagtial,TSSD0242,173.87,"{'min': 30.10565185546875, 'max': 33.770870208740234, 'mean': 31.682080078125, 'count': 45, 'sum': 1425.693603515625, 'median': 31.627391815185547}","(78.78718529200006, 18.563739734000023, 78.98850070800006, 18.686862396000038)",01-03-2023.geojson,Kodimial,,,,,
Siddipet,TSSD0243,206.41,"{'min': 29.076086044311523, 'max': 34.485652923583984, 'mean': 32.320150522085335, 'count': 52, 'sum': 1680.6478271484375, 'median': 32.41795349121094}","(79.00475320700008, 18.075903099000072, 79.16300517000008, 18.272269959000027)",01-03-2023.geojson,Koheda,,,,,
Sangareddy,TSSD0244,227.62,"{'min': 36.394798278808594, 'max': 39.78499984741211, 'mean': 37.890993279925844, 'count': 59, 'sum': 2235.568603515625, 'median': 37.66680145263672}","(77.59549222600003, 17.509127681000052, 77.78321894100003, 17.705224807000036)",01-03-2023.geojson,Kohir,,,,,
Mahabubnagar,TSSD0245,223.05,"{'min': 30.53173828125, 'max': 37.77000045776367, 'mean': 34.70589473329741, 'count': 58, 'sum': 2012.94189453125, 'median': 34.900611877441406}","(77.67537161200005, 16.697912056000064, 77.90854289100008, 16.881360866000023)",01-03-2023.geojson,Koilkonda,,,,,
Nagarkurnool,TSSD0246,550.84,"{'min': 32.77454376220703, 'max': 39.414546966552734, 'mean': 36.150930693655305, 'count': 132, 'sum': 4771.9228515625, 'median': 36.150001525878906}","(78.21815549000007, 16.033659166000064, 78.66318925900003, 16.216795599000022)",01-03-2023.geojson,Kollapur,,,,,
Siddipet,TSSD0247,70.37,"{'min': 31.127273559570312, 'max': 34.20818328857422, 'mean': 32.964999728732636, 'count': 18, 'sum': 593.3699951171875, 'median': 32.99409103393555}","(78.82737597900007, 17.86888004900004, 78.93496047300005, 17.983517422000034)",01-03-2023.geojson,Komuravelli,,,,,
Rajanna Sircilla,TSSD0248,206.05,"{'min': 29.80727195739746, 'max': 36.43869400024414, 'mean': 32.74059606481482, 'count': 54, 'sum': 1767.9921875, 'median': 32.937644958496094}","(78.59701726600008, 18.404112823000048, 78.81650433000004, 18.58795516200007)",01-03-2023.geojson,Konaraopet,,,,,
Nalgonda,TSSD0249,129.18,"{'min': 31.089000701904297, 'max': 39.04999923706055, 'mean': 35.946736653645836, 'count': 33, 'sum': 1186.2423095703125, 'median': 37.106998443603516}","(78.91051620800005, 16.62638713000007, 79.06204241500006, 16.761790924000024)",01-03-2023.geojson,Kondamallapally,,,,,
Siddipet,TSSD0250,228.02,"{'min': 28.7073917388916, 'max': 35.1709098815918, 'mean': 33.09949731045082, 'count': 61, 'sum': 2019.0693359375, 'median': 33.29181671142578}","(78.73352452400007, 17.87685569000007, 78.96029991500006, 18.053425754000045)",01-03-2023.geojson,Kondapak,,,,,
Sangareddy,TSSD0251,151.36,"{'min': 30.715599060058594, 'max': 39.095001220703125, 'mean': 36.60574419070513, 'count': 39, 'sum': 1427.6240234375, 'median': 37.08919906616211}","(77.93383054400005, 17.44954626200007, 78.07324348600008, 17.61087989500004)",01-03-2023.geojson,Kondapur,,,,,
Rangareddy,TSSD0252,130.56,"{'min': 34.68119812011719, 'max': 40.28499984741211, 'mean': 37.145461623733105, 'count': 37, 'sum': 1374.382080078125, 'median': 36.5348014831543}","(78.01091079200006, 16.999636834000057, 78.09773848800006, 17.187709674000075)",01-03-2023.geojson,Kondurg,,,,,
Khammam,TSSD0253,248.08,"{'min': 28.27153778076172, 'max': 35.40833282470703, 'mean': 30.871687455610797, 'count': 66, 'sum': 2037.5313720703125, 'median': 30.437522888183594}","(80.22907869200003, 17.128139428000054, 80.38924637100007, 17.358600223000053)",01-03-2023.geojson,Konijerla,,,,,
Jagtial,TSSD0254,137.05,"{'min': 29.423913955688477, 'max': 34.36454391479492, 'mean': 30.95971037212171, 'count': 38, 'sum': 1176.468994140625, 'median': 30.59090805053711}","(78.66979872300004, 18.779122311000037, 78.80776997400005, 18.901121141000033)",01-03-2023.geojson,Korutla,,,,,
Narayanpet,TSSD0255,202.41,"{'min': 34.035831451416016, 'max': 36.685001373291016, 'mean': 35.21178747106482, 'count': 54, 'sum': 1901.4365234375, 'median': 35.19428253173828}","(77.62150517800006, 16.868413100000055, 77.78388791600008, 17.061626292000028)",01-03-2023.geojson,Kosgi,,,,,
Nizamabad,TSSD0256,167.13,"{'min': 27.149999618530273, 'max': 38.024166107177734, 'mean': 30.80003096417683, 'count': 41, 'sum': 1262.80126953125, 'median': 29.87583351135254}","(77.73094932200007, 18.49717835900003, 77.85433638100005, 18.66689713100004)",01-03-2023.geojson,Kotagiri,,,,,
Vikarabad,TSSD0257,113.18,"{'min': 35.62076950073242, 'max': 40.38999938964844, 'mean': 38.81746156754032, 'count': 31, 'sum': 1203.34130859375, 'median': 38.92359924316406}","(77.66819483500007, 17.359928257000036, 77.85253462800006, 17.473344975000032)",01-03-2023.geojson,Kotepally,,,,,
Mahabubabad,TSSD0258,542.64,"{'min': 27.726470947265625, 'max': 38.568572998046875, 'mean': 35.15865331338652, 'count': 141, 'sum': 4957.3701171875, 'median': 35.51124954223633}","(79.98324728200004, 17.77379955500004, 80.22702134100007, 18.106543834000036)",01-03-2023.geojson,Kothaguda,,,,,
Bhadradri Kothagudem,TSSD0259,16.26,"{'min': 32.56529235839844, 'max': 33.91999816894531, 'mean': 33.51342010498047, 'count': 4, 'sum': 134.05368041992188, 'median': 33.7841911315918}","(80.60094010100005, 17.503240987000027, 80.65378575800008, 17.562464026000043)",01-03-2023.geojson,Kothagudem,,,,,
Wanaparthy,TSSD0260,171.68,"{'min': 29.191667556762695, 'max': 36.33608627319336, 'mean': 33.102578021110375, 'count': 47, 'sum': 1555.8211669921875, 'median': 33.231666564941406}","(77.88176111000007, 16.234691046000023, 77.99240426200004, 16.448187482000037)",01-03-2023.geojson,Kothakota,,,,,
Karimnagar,TSSD0261,97.2,"{'min': 27.580476760864258, 'max': 34.31272888183594, 'mean': 31.917743389423077, 'count': 26, 'sum': 829.861328125, 'median': 31.884605407714844}","(78.98612238300007, 18.39948258100003, 79.12597429000004, 18.514396049000027)",01-03-2023.geojson,Kothapally,,,,,
Rangareddy,TSSD0262,105.51,"{'min': 35.61333465576172, 'max': 37.69333267211914, 'mean': 36.616861979166664, 'count': 30, 'sum': 1098.505859375, 'median': 36.495147705078125}","(78.21019675400004, 17.04105323500005, 78.36970700400008, 17.225492944000052)",01-03-2023.geojson,Kothur,,,,,
Kumurambheem Asifabad,TSSD0263,178.1,"{'min': 32.369998931884766, 'max': 37.25736999511719, 'mean': 35.920399767287236, 'count': 47, 'sum': 1688.2587890625, 'median': 36.13526153564453}","(79.63414387600005, 19.452242796000064, 79.81867852100004, 19.607819128000074)",01-03-2023.geojson,Kouthala,,,,,
Medak,TSSD0264,161.34,"{'min': 31.229999542236328, 'max': 35.31833267211914, 'mean': 33.10568166333576, 'count': 43, 'sum': 1423.5443115234375, 'median': 33.0533332824707}","(78.10564250300007, 17.787310025000068, 78.29841681600004, 17.936446078000074)",01-03-2023.geojson,Kowdipally,,,,,
Nirmal,TSSD0265,282.48,"{'min': 35.255001068115234, 'max': 39.97174072265625, 'mean': 37.42547526041667, 'count': 75, 'sum': 2806.91064453125, 'median': 37.63833236694336}","(77.84760754200005, 19.143786309000063, 78.05573992700005, 19.342882151000026)",01-03-2023.geojson,Kubeer,,,,,
Medchal_Malkajgiri,TSSD0266,39.02,"{'min': 33.82120132446289, 'max': 35.130001068115234, 'mean': 34.38076504794034, 'count': 11, 'sum': 378.18841552734375, 'median': 34.27083206176758}","(78.36804921900006, 17.450165494000032, 78.44563956200005, 17.513917809000077)",01-03-2023.geojson,Kukatpally,,,,,
Medak,TSSD0267,155.55,"{'min': 28.065200805664062, 'max': 34.85749816894531, 'mean': 31.370865671258223, 'count': 38, 'sum': 1192.0928955078125, 'median': 31.122400283813477}","(78.05900573700006, 17.903386933000036, 78.28836760200005, 18.020195513000033)",01-03-2023.geojson,Kulcharam,,,,,
Vikarabad,TSSD0268,196.33,"{'min': 33.39434814453125, 'max': 36.40636444091797, 'mean': 34.98965688852164, 'count': 52, 'sum': 1819.462158203125, 'median': 35.065059661865234}","(77.79636866200008, 16.916114566000033, 77.99996008000005, 17.10676938000006)",01-03-2023.geojson,Kulkacharla,,,,,
Nirmal,TSSD0269,140.25,"{'min': 31.9233341217041, 'max': 38.45500183105469, 'mean': 34.39360747466216, 'count': 37, 'sum': 1272.5634765625, 'median': 33.49166488647461}","(78.02051881300008, 19.088268194000023, 78.15736433900008, 19.254793077000045)",01-03-2023.geojson,Kuntala,,,,,
Mahabubabad,TSSD0270,241.32,"{'min': 29.91941261291504, 'max': 33.76625061035156, 'mean': 31.820740685096155, 'count': 65, 'sum': 2068.34814453125, 'median': 31.734285354614258}","(79.89569772600004, 17.36986128800004, 80.09682891600005, 17.588288271000067)",01-03-2023.geojson,Kuravi,,,,,
Khammam,TSSD0271,220.86,"{'min': 26.72058868408203, 'max': 34.64500045776367, 'mean': 30.167442584859913, 'count': 58, 'sum': 1749.711669921875, 'median': 30.220195770263672}","(79.87484026500005, 17.11399079800003, 80.04316183700007, 17.29547575600003)",01-03-2023.geojson,Kusumanchi,,,,,
Nirmal,TSSD0272,125.72,"{'min': 29.70916748046875, 'max': 35.08000183105469, 'mean': 32.11679615693934, 'count': 34, 'sum': 1091.9710693359375, 'median': 31.9112491607666}","(78.40349407400004, 18.95386539200007, 78.52341344300004, 19.102668410000035)",01-03-2023.geojson,Laxmanchanda,,,,,
Bhadradri Kothagudem,TSSD0273,229.46,"{'min': 28.308822631835938, 'max': 36.902000427246094, 'mean': 34.063291488155244, 'count': 62, 'sum': 2111.924072265625, 'median': 34.26750183105469}","(80.51384827600003, 17.535477607000075, 80.67198351200005, 17.81657303700007)",01-03-2023.geojson,Laxmidevipally,,,,,
Jangoan,TSSD0274,187.87,"{'min': 31.014209747314453, 'max': 36.69300079345703, 'mean': 33.50397849569515, 'count': 49, 'sum': 1641.6949462890625, 'median': 33.2363166809082}","(79.13021988100007, 17.575431923000053, 79.31745159400003, 17.72563423400004)",01-03-2023.geojson,Lingalaghanpur,,,,,
Kamareddy,TSSD0275,255.84,"{'min': 28.864166259765625, 'max': 39.059165954589844, 'mean': 33.280496036305145, 'count': 68, 'sum': 2263.07373046875, 'median': 33.51416778564453}","(78.02552329400004, 18.13087097700003, 78.21768245400006, 18.355649218000053)",01-03-2023.geojson,Lingampet,,,,,
Kumurambheem Asifabad,TSSD0276,162.69,"{'min': 35.130001068115234, 'max': 40.21285629272461, 'mean': 38.16408469460227, 'count': 44, 'sum': 1679.2197265625, 'median': 38.39488983154297}","(78.91810375000006, 19.205612909000024, 79.11073564000003, 19.342131322000057)",01-03-2023.geojson,Lingapur,,,,,
Nirmal,TSSD0277,222.97,"{'min': 27.125652313232422, 'max': 34.189998626708984, 'mean': 31.259383138020834, 'count': 60, 'sum': 1875.56298828125, 'median': 31.64849853515625}","(78.00594866600005, 18.931946796000034, 78.23875211300003, 19.085518010000044)",01-03-2023.geojson,Lokeshwaram,,,,,
Mancherial,TSSD0278,151.79,"{'min': 29.621999740600586, 'max': 35.03799819946289, 'mean': 32.077473958333336, 'count': 39, 'sum': 1251.021484375, 'median': 31.9280948638916}","(79.16655337500003, 18.832516484000053, 79.30981884700003, 19.005514334000054)",01-03-2023.geojson,Luxettipet,,,,,
Kamareddy,TSSD0279,210.35,"{'min': 30.905000686645508, 'max': 37.414798736572266, 'mean': 33.56470162527902, 'count': 56, 'sum': 1879.623291015625, 'median': 33.29331970214844}","(78.38704550600005, 18.26697810400003, 78.56264784400008, 18.467778762000023)",01-03-2023.geojson,Machareddy,,,,,
Wanaparthy,TSSD0280,102.15,"{'min': 28.143333435058594, 'max': 37.130001068115234, 'mean': 32.81880615234375, 'count': 25, 'sum': 820.4701538085938, 'median': 33.02083206176758}","(77.82095279900005, 16.300196190000065, 77.92236147200003, 16.45097719200004)",01-03-2023.geojson,Madanapur,,,,,
Suryapet,TSSD0281,130.55,"{'min': 29.66111183166504, 'max': 33.29624938964844, 'mean': 31.59651576450893, 'count': 35, 'sum': 1105.8780517578125, 'median': 31.544116973876953}","(79.63339168000005, 17.351837121000074, 79.79652225800004, 17.470968053000036)",01-03-2023.geojson,Maddirala,,,,,
Narayanpet,TSSD0282,229.43,"{'min': 33.81782531738281, 'max': 37.31695556640625, 'mean': 35.580997721354166, 'count': 60, 'sum': 2134.85986328125, 'median': 35.537391662597656}","(77.56183110400008, 16.77489021100007, 77.74489013300007, 16.952964019000035)",01-03-2023.geojson,Maddur,,,,,
Siddipet,TSSD0283,90.43,"{'min': 32.14047622680664, 'max': 35.54399871826172, 'mean': 33.70356241861979, 'count': 24, 'sum': 808.885498046875, 'median': 33.800498962402344}","(79.01132752500001, 17.86198517100007, 79.12089267400006, 17.966105778000042)",01-03-2023.geojson,Maddur,,,,,
Rangareddy,TSSD0284,264.88,"{'min': 35.966190338134766, 'max': 40.978179931640625, 'mean': 38.60279676649306, 'count': 72, 'sum': 2779.4013671875, 'median': 38.44681930541992}","(78.58095395400005, 16.75043613200006, 78.80230556900005, 16.944488267000054)",01-03-2023.geojson,Madgul,,,,,
Khammam,TSSD0285,210.2,"{'min': 31.3700008392334, 'max': 37.73615264892578, 'mean': 34.818531709558826, 'count': 51, 'sum': 1775.7451171875, 'median': 35.040000915527344}","(80.31236943000005, 16.82168020900002, 80.47000219000006, 17.070547697000052)",01-03-2023.geojson,Madhira,,,,,
Kamareddy,TSSD0286,235.87,"{'min': 29.6299991607666, 'max': 41.060001373291016, 'mean': 37.773539881552416, 'count': 62, 'sum': 2341.95947265625, 'median': 38.531211853027344}","(77.54916412900008, 18.384667036000053, 77.76294653600007, 18.55697662400007)",01-03-2023.geojson,Madnur,,,,,
Nalgonda,TSSD0287,219.21,"{'min': 27.152856826782227, 'max': 37.11947250366211, 'mean': 31.40232413155692, 'count': 56, 'sum': 1758.5301513671875, 'median': 31.535499572753906}","(79.34641497200005, 16.895418574000075, 79.56245174900005, 17.09279099500003)",01-03-2023.geojson,Madugulapally,,,,,
Narayanpet,TSSD0288,182.41,"{'min': 29.794166564941406, 'max': 41.068260192871094, 'mean': 36.26791249150815, 'count': 46, 'sum': 1668.323974609375, 'median': 36.478424072265625}","(77.36910946300009, 16.375499069, 77.53031708000003, 16.588101701000085)",01-03-2023.geojson,Maganoor,,,,,
Mahabubabad,TSSD0289,229.64,"{'min': 29.856250762939453, 'max': 34.28571319580078, 'mean': 31.871604043929302, 'count': 61, 'sum': 1944.1678466796875, 'median': 31.97857093811035}","(79.84115276500006, 17.501311835000024, 80.09111942000004, 17.697718735000137)",01-03-2023.geojson,Mahabubabad,,,,,
Mahabubnagar,TSSD0290,99.98,"{'min': 33.973636627197266, 'max': 37.193477630615234, 'mean': 35.7008837890625, 'count': 25, 'sum': 892.5220947265625, 'median': 35.80363464355469}","(77.94626825800003, 16.706941769000025, 78.09470899900003, 16.806279568000036)",01-03-2023.geojson,Mahabubnagar_Urban,,,,,
Jayashankar Bhupalpally,TSSD0291,299.12,"{'min': 27.983333587646484, 'max': 35.822940826416016, 'mean': 32.57745888792438, 'count': 81, 'sum': 2638.774169921875, 'median': 32.537498474121094}","(79.82048229900005, 18.630638763000036, 80.11061256100004, 18.86890015800003)",01-03-2023.geojson,Mahadevpur,,,,,
Rangareddy,TSSD0292,252.27,"{'min': 32.32090759277344, 'max': 37.53952407836914, 'mean': 36.36720628004808, 'count': 65, 'sum': 2363.868408203125, 'median': 36.53333282470703}","(78.30122014300008, 17.028058688000044, 78.54049373500004, 17.239387140000076)",01-03-2023.geojson,Maheswaram,,,,,
Nizamabad,TSSD0293,193.35,"{'min': 27.996400833129883, 'max': 34.186668395996094, 'mean': 30.29906522310697, 'count': 52, 'sum': 1575.5513916015625, 'median': 29.641998291015625}","(78.05675830000007, 18.66482496200007, 78.22576505800004, 18.852068687000042)",01-03-2023.geojson,Makloor,,,,,
Narayanpet,TSSD0294,363.86,"{'min': 30.554800033569336, 'max': 39.80500030517578, 'mean': 36.58338058635753, 'count': 93, 'sum': 3402.25439453125, 'median': 37.3978271484375}","(77.45220537800003, 16.34148046400003, 77.67347100500007, 16.59593542500005)",01-03-2023.geojson,Makthal,,,,,
Jogulamba Gadwal,TSSD0295,241.46,"{'min': 32.36750030517578, 'max': 42.16999816894531, 'mean': 36.41698843149038, 'count': 65, 'sum': 2367.104248046875, 'median': 36.11000061035156}","(77.63191914500004, 16.011527430000058, 77.79042152200003, 16.212472503000072)",01-03-2023.geojson,Maldakal,,,,,
Jayashankar Bhupalpally,TSSD0296,330.72,"{'min': 30.037776947021484, 'max': 34.87823486328125, 'mean': 32.83777139353197, 'count': 86, 'sum': 2824.04833984375, 'median': 32.894622802734375}","(79.67910470400005, 18.410415433000026, 79.92225416300005, 18.645377148000023)",01-03-2023.geojson,Malharrao,,,,,
Medchal_Malkajgiri,TSSD0297,30.3,"{'min': 34.19499969482422, 'max': 34.74250030517578, 'mean': 34.452907986111114, 'count': 9, 'sum': 310.076171875, 'median': 34.404781341552734}","(78.50463339200007, 17.428292171000066, 78.55954592700004, 17.505731841000056)",01-03-2023.geojson,Malkajgiri,,,,,
Jagtial,TSSD0298,213.62,"{'min': 30.328094482421875, 'max': 36.029998779296875, 'mean': 32.82852826799665, 'count': 56, 'sum': 1838.3975830078125, 'median': 32.651344299316406}","(78.61662895600006, 18.874482111000077, 78.81309041900005, 19.03748223200006)",01-03-2023.geojson,Mallapur,,,,,
Jagtial,TSSD0299,151.65,"{'min': 29.37636375427246, 'max': 33.06272888183594, 'mean': 31.359273770960368, 'count': 41, 'sum': 1285.730224609375, 'median': 31.32090950012207}","(78.83599988400005, 18.650343142000054, 79.00846227100004, 18.762767418000067)",01-03-2023.geojson,Mallial,,,,,
Nirmal,TSSD0300,303.59,"{'min': 31.212499618530273, 'max': 38.777618408203125, 'mean': 35.233584594726565, 'count': 80, 'sum': 2818.686767578125, 'median': 35.14454650878906}","(78.40539725900004, 18.946457939000027, 78.61865077500005, 19.23040426800003)",01-03-2023.geojson,Mamda,,,,,
Karimnagar,TSSD0301,205.41,"{'min': 27.485294342041016, 'max': 32.21190643310547, 'mean': 29.171346811147835, 'count': 52, 'sum': 1516.9100341796875, 'median': 28.89937973022461}","(79.15750397500005, 18.315741219000074, 79.35328729400004, 18.481920999000067)",01-03-2023.geojson,Manakondur,,,,,
Rangareddy,TSSD0302,234.43,"{'min': 32.88999938964844, 'max': 37.373809814453125, 'mean': 35.92935672883065, 'count': 62, 'sum': 2227.6201171875, 'median': 36.143096923828125}","(78.65286760000004, 17.00487583200004, 78.84397639500008, 17.201225641000065)",01-03-2023.geojson,Manchal,,,,,
Mancherial,TSSD0303,40.12,"{'min': 34.551998138427734, 'max': 35.86894607543945, 'mean': 35.17296808416193, 'count': 11, 'sum': 386.90264892578125, 'median': 35.13999938964844}","(79.41610667100008, 18.835052002000054, 79.48472162900003, 18.913545975000034)",01-03-2023.geojson,Mancherial,,,,,
Mancherial,TSSD0304,171.08,"{'min': 33.21631622314453, 'max': 36.09315872192383, 'mean': 34.76591352982955, 'count': 44, 'sum': 1529.7001953125, 'median': 34.701316833496094}","(79.39193241000004, 18.891641181000068, 79.59105304600007, 19.015526930000078)",01-03-2023.geojson,Mandamarri,,,,,
Mulugu,TSSD0305,392.56,"{'min': 29.4737491607666, 'max': 37.174705505371094, 'mean': 32.83797595570388, 'count': 103, 'sum': 3382.3115234375, 'median': 32.797142028808594}","(80.40836158100007, 18.080546712000057, 80.70882201500007, 18.304706081000063)",01-03-2023.geojson,Mangapet,,,,,
Sangareddy,TSSD0306,148.62,"{'min': 31.65461540222168, 'max': 40.53166580200195, 'mean': 37.74509336890244, 'count': 41, 'sum': 1547.548828125, 'median': 38.623600006103516}","(77.64845538500003, 17.878779076000058, 77.83149306000007, 18.04513193200006)",01-03-2023.geojson,Manoor,,,,,
Jogulamba Gadwal,TSSD0307,163.37,"{'min': 33.99272537231445, 'max': 42.83700180053711, 'mean': 39.55152754350142, 'count': 44, 'sum': 1740.2672119140625, 'median': 40.509422302246094}","(77.86929360900007, 15.885358944000075, 78.03319288300008, 16.08949442000005)",01-03-2023.geojson,Manopad,,,,,
Peddapalli,TSSD0308,311.44,"{'min': 28.579090118408203, 'max': 34.996665954589844, 'mean': 32.35038829985119, 'count': 84, 'sum': 2717.4326171875, 'median': 32.51160430908203}","(79.56456396600004, 18.561850238000034, 79.83268954900007, 18.738350264000076)",01-03-2023.geojson,Manthani,,,,,
Bhadradri Kothagudem,TSSD0309,241.6,"{'min': 32.40999984741211, 'max': 36.77375030517578, 'mean': 34.207433143028844, 'count': 65, 'sum': 2223.483154296875, 'median': 34.26856994628906}","(80.66740807500008, 17.879481733000034, 80.88542464200003, 18.045849738000072)",01-03-2023.geojson,Manuguru,,,,,
Hyderabad,TSSD0310,12.89,"{'min': 34.45500183105469, 'max': 34.79166793823242, 'mean': 34.607503255208336, 'count': 3, 'sum': 103.822509765625, 'median': 34.57583236694336}","(78.49007358600005, 17.42094839600003, 78.55631568500007, 17.46893287000006)",01-03-2023.geojson,Maredpally,,,,,
Narayanpet,TSSD0311,159.77,"{'min': 29.897825241088867, 'max': 40.16416549682617, 'mean': 37.084937686011905, 'count': 42, 'sum': 1557.5673828125, 'median': 37.853607177734375}","(77.65664280100003, 16.506114195000066, 77.79841434500008, 16.665240555000025)",01-03-2023.geojson,Marikal,,,,,
Mahabubabad,TSSD0312,234.68,"{'min': 29.96882438659668, 'max': 32.580589294433594, 'mean': 31.131043514962922, 'count': 59, 'sum': 1836.7315673828125, 'median': 30.994705200195312}","(79.76148480300003, 17.321621569000058, 79.98270166300006, 17.48693560600003)",01-03-2023.geojson,Maripeda,,,,,
Siddipet,TSSD0313,105.43,"{'min': 28.778696060180664, 'max': 35.645652770996094, 'mean': 33.93267604282924, 'count': 28, 'sum': 950.1149291992188, 'median': 34.237274169921875}","(78.66415458400007, 17.667265188000044, 78.78250869300007, 17.810152515000027)",01-03-2023.geojson,Markook,,,,,
Vikarabad,TSSD0314,225.88,"{'min': 36.828399658203125, 'max': 40.11000061035156, 'mean': 38.616535055226294, 'count': 58, 'sum': 2239.759033203125, 'median': 38.764400482177734}","(77.68610927900005, 17.453891702000078, 77.87740943300008, 17.638691618000053)",01-03-2023.geojson,Marpalle,,,,,
Nalgonda,TSSD0315,229.14,"{'min': 32.94904708862305, 'max': 41.52000045776367, 'mean': 36.72976434426229, 'count': 61, 'sum': 2240.515625, 'median': 36.779998779296875}","(78.75919635200006, 16.90874455200003, 78.96448818000005, 17.07201425200003)",01-03-2023.geojson,Marriguda,,,,,
Suryapet,TSSD0316,210.69,"{'min': 26.479473114013672, 'max': 37.482940673828125, 'mean': 31.564618956367923, 'count': 53, 'sum': 1672.9248046875, 'median': 30.37125015258789}","(79.76031217600007, 16.657641133000027, 79.94384993900007, 16.842244540000024)",01-03-2023.geojson,Mattampalli,,,,,
Medak,TSSD0317,140.85,"{'min': 29.010799407958984, 'max': 35.052398681640625, 'mean': 31.98030049092061, 'count': 37, 'sum': 1183.2711181640625, 'median': 31.967500686645508}","(78.20774346500008, 17.973932821000062, 78.36819518300007, 18.10438747300003)",01-03-2023.geojson,Medak,,,,,
Medchal_Malkajgiri,TSSD0318,187.56,"{'min': 33.440433502197266, 'max': 36.09956359863281, 'mean': 34.51253568209135, 'count': 52, 'sum': 1794.65185546875, 'median': 34.45728302001953}","(78.38095406300005, 17.551049357000068, 78.56000059500008, 17.70854524600003)",01-03-2023.geojson,Medchal,,,,,
Jagtial,TSSD0319,206.03,"{'min': 29.19454574584961, 'max': 33.45174026489258, 'mean': 31.06604669744318, 'count': 55, 'sum': 1708.632568359375, 'median': 30.823333740234375}","(78.73214094600007, 18.624887353000076, 78.85330317100005, 18.885390032000032)",01-03-2023.geojson,Medipalle,,,,,
Medchal_Malkajgiri,TSSD0320,33.63,"{'min': 34.02217483520508, 'max': 35.435455322265625, 'mean': 34.731693267822266, 'count': 8, 'sum': 277.8535461425781, 'median': 34.7437744140625}","(78.56396765400007, 17.387088967000068, 78.62540001600007, 17.4548326310001)",01-03-2023.geojson,Medipally,,,,,
Suryapet,TSSD0321,148.48,"{'min': 26.958234786987305, 'max': 38.06999969482422, 'mean': 31.58647766113281, 'count': 40, 'sum': 1263.4591064453125, 'median': 30.63353729248047}","(79.86430255300007, 16.749144942000044, 80.04667389300005, 16.897589783000058)",01-03-2023.geojson,Mellachervu,,,,,
Nizamabad,TSSD0322,74.74,"{'min': 27.260833740234375, 'max': 33.12826156616211, 'mean': 31.133758544921875, 'count': 20, 'sum': 622.6751708984375, 'median': 31.32086944580078}","(78.34141407100003, 18.91286552100007, 78.45746941500005, 19.003231226000025)",01-03-2023.geojson,Mendora,,,,,
Jagtial,TSSD0323,189.57,"{'min': 29.29347801208496, 'max': 35.44130325317383, 'mean': 32.239767635569855, 'count': 51, 'sum': 1644.2281494140625, 'median': 31.693477630615234}","(78.53968262500007, 18.72081223600003, 78.67956378400004, 18.895674916000075)",01-03-2023.geojson,Metpalli,,,,,
Mahabubnagar,TSSD0324,164.85,"{'min': 33.67521667480469, 'max': 38.11347961425781, 'mean': 36.3379400344122, 'count': 42, 'sum': 1526.1934814453125, 'median': 36.849002838134766}","(78.21714079300006, 16.678018442000052, 78.36989334400005, 16.825534489000063)",01-03-2023.geojson,Midjil,,,,,
Siddipet,TSSD0325,167.82,"{'min': 30.534799575805664, 'max': 33.59320068359375, 'mean': 31.808451807776162, 'count': 43, 'sum': 1367.763427734375, 'median': 31.649166107177734}","(78.56910611300003, 17.992796036000072, 78.73068591400005, 18.14881470800003)",01-03-2023.geojson,Mirdoddi,,,,,
Nalgonda,TSSD0326,248.98,"{'min': 27.107500076293945, 'max': 32.782222747802734, 'mean': 28.68051528930664, 'count': 64, 'sum': 1835.552978515625, 'median': 28.332984924316406}","(79.48474594700008, 16.761982963000037, 79.66781758100007, 17.007573905000072)",01-03-2023.geojson,Miryalaguda,,,,,
Sangareddy,TSSD0327,152.32,"{'min': 37.410831451416016, 'max': 40.6795654296875, 'mean': 39.07238127055921, 'count': 38, 'sum': 1484.75048828125, 'median': 39.10749816894531}","(77.44416825100006, 17.542551853000077, 77.59394938800006, 17.703749020000032)",01-03-2023.geojson,Mogudampally,,,,,
Jayashankar Bhupalpally,TSSD0328,117.77,"{'min': 29.276315689086914, 'max': 31.58052635192871, 'mean': 30.529409100932458, 'count': 31, 'sum': 946.4116821289062, 'median': 30.551111221313477}","(79.55918339200008, 18.25321451900004, 79.69624194900007, 18.367730020000067)",01-03-2023.geojson,Mogullapally,,,,,
Rangareddy,TSSD0329,210.03,"{'min': 28.510000228881836, 'max': 38.1158332824707, 'mean': 35.47731135441707, 'count': 52, 'sum': 1844.8201904296875, 'median': 36.00440216064453}","(78.18364043400004, 17.24469818700004, 78.37521359500005, 17.39979780400006)",01-03-2023.geojson,Moinabad,,,,,
Vikarabad,TSSD0330,185.55,"{'min': 35.97560119628906, 'max': 39.70166778564453, 'mean': 38.338706820618874, 'count': 51, 'sum': 1955.2740478515625, 'median': 38.440399169921875}","(77.80132142600007, 17.440949010000054, 78.02278448100003, 17.58481577400005)",01-03-2023.geojson,Mominpet,,,,,
Mahabubnagar,TSSD0331,95.02,"{'min': 32.6647834777832, 'max': 37.19521713256836, 'mean': 35.52145150991586, 'count': 26, 'sum': 923.5577392578125, 'median': 35.77362823486328}","(77.88815901700008, 16.55990335200005, 78.03642113100005, 16.65578400800007)",01-03-2023.geojson,Moosapet,,,,,
Nizamabad,TSSD0332,110.93,"{'min': 30.628334045410156, 'max': 33.36333465576172, 'mean': 32.01915690104167, 'count': 30, 'sum': 960.57470703125, 'median': 31.957550048828125}","(78.39569656400005, 18.754933092000044, 78.51049422500006, 18.895877668000026)",01-03-2023.geojson,Morthad,,,,,
Yadadri Bhuvanagiri,TSSD0333,154.09,"{'min': 32.081817626953125, 'max': 38.70899963378906, 'mean': 34.161458333333336, 'count': 42, 'sum': 1434.78125, 'median': 33.758544921875}","(79.02191272500005, 17.447705855000038, 79.18771359200008, 17.614164877000064)",01-03-2023.geojson,Motakondur,,,,,
Suryapet,TSSD0334,191.84,"{'min': 27.1688232421875, 'max': 33.10625076293945, 'mean': 31.12, 'count': 50, 'sum': 1556.0, 'median': 31.44849967956543}","(79.72864807600007, 17.098594648000073, 79.90108897100004, 17.295132846000058)",01-03-2023.geojson,Mothey,,,,,
Yadadri Bhuvanagiri,TSSD0335,146.43,"{'min': 31.64900016784668, 'max': 35.30400085449219, 'mean': 33.45117500500801, 'count': 39, 'sum': 1304.5958251953125, 'median': 33.54158020019531}","(79.17886738600004, 17.35663582600006, 79.34505761300005, 17.499013259000037)",01-03-2023.geojson,Mothkur,,,,,
Nirmal,TSSD0336,187.43,"{'min': 30.704166412353516, 'max': 41.09479904174805, 'mean': 35.98143469769022, 'count': 46, 'sum': 1655.14599609375, 'median': 35.56959915161133}","(77.87363589400007, 18.90926259400004, 78.04943334300003, 19.05199254100006)",01-03-2023.geojson,Mudhole,,,,,
Khammam,TSSD0337,202.95,"{'min': 27.256250381469727, 'max': 33.599998474121094, 'mean': 30.09917273888221, 'count': 52, 'sum': 1565.156982421875, 'median': 29.813125610351562}","(79.99976989400005, 16.987411645000066, 80.17144520800008, 17.21465495600006)",01-03-2023.geojson,Mudigonda,,,,,
Nizamabad,TSSD0338,196.22,"{'min': 28.87769317626953, 'max': 37.75640106201172, 'mean': 33.130179610906865, 'count': 51, 'sum': 1689.63916015625, 'median': 33.28230667114258}","(78.03331485400008, 18.477793812000073, 78.18413506400003, 18.66033533700005)",01-03-2023.geojson,Mugpal,,,,,
Bhadradri Kothagudem,TSSD0339,514.62,"{'min': 31.547332763671875, 'max': 36.999229431152344, 'mean': 34.01175130208333, 'count': 135, 'sum': 4591.58642578125, 'median': 33.91999816894531}","(80.70650352000007, 17.353825033000078, 80.96455307900004, 17.59430879000007)",01-03-2023.geojson,Mulakalapally,,,,,
Mulugu,TSSD0340,363.24,"{'min': 27.54866600036621, 'max': 36.592857360839844, 'mean': 33.45996864720395, 'count': 95, 'sum': 3178.697021484375, 'median': 33.90999984741211}","(79.81475825400008, 18.07019176600005, 80.14227776900003, 18.247994896000023)",01-03-2023.geojson,Mulug,,,,,
Siddipet,TSSD0341,148.86,"{'min': 27.57782554626465, 'max': 35.924285888671875, 'mean': 34.50453225160256, 'count': 39, 'sum': 1345.6767578125, 'median': 34.98181915283203}","(78.49289586600008, 17.669503792000057, 78.72948919400005, 17.760743728000023)",01-03-2023.geojson,Mulug,,,,,
Suryapet,TSSD0342,140.35,"{'min': 26.724445343017578, 'max': 35.391334533691406, 'mean': 30.51937255859375, 'count': 40, 'sum': 1220.77490234375, 'median': 30.516040802001953}","(79.71348967800003, 16.97659834500007, 79.93382971200003, 17.162332160000062)",01-03-2023.geojson,Munagala,,,,,
Sangareddy,TSSD0343,221.68,"{'min': 27.029199600219727, 'max': 41.184165954589844, 'mean': 38.33522251674107, 'count': 56, 'sum': 2146.7724609375, 'median': 40.0614013671875}","(77.76970420300006, 17.61306823700005, 77.93222993400008, 17.821658166000077)",01-03-2023.geojson,Munipally,,,,,
Nalgonda,TSSD0344,242.13,"{'min': 33.323001861572266, 'max': 41.29571533203125, 'mean': 37.84994229403409, 'count': 66, 'sum': 2498.09619140625, 'median': 37.974857330322266}","(78.92781504300007, 16.99371558000007, 79.14931293500007, 17.18453899000002)",01-03-2023.geojson,Munugode,,,,,
Nizamabad,TSSD0345,53.32,"{'min': 25.9613037109375, 'max': 33.600833892822266, 'mean': 30.623938424246653, 'count': 14, 'sum': 428.7351379394531, 'median': 30.942934036254883}","(78.33239376200004, 18.87289880800006, 78.45351563000008, 18.968813642000043)",01-03-2023.geojson,Mupkal,,,,,
Hyderabad,TSSD0346,9.91,"{'min': 34.40583419799805, 'max': 34.50583267211914, 'mean': 34.455833435058594, 'count': 2, 'sum': 68.91166687011719, 'median': 34.455833435058594}","(78.47735671700008, 17.40191402800002, 78.52763446200004, 17.43504124900005)",01-03-2023.geojson,Musheerabad,,,,,
Rajanna Sircilla,TSSD0347,162.34,"{'min': 29.290000915527344, 'max': 33.19260787963867, 'mean': 31.705861646075583, 'count': 43, 'sum': 1363.35205078125, 'median': 32.2282600402832}","(78.62827650500003, 18.21376387500004, 78.77109860300004, 18.360829288000048)",01-03-2023.geojson,Mustabad,,,,,
Jayashankar Bhupalpally,TSSD0348,603.81,"{'min': 31.38888931274414, 'max': 35.99470520019531, 'mean': 33.17832641601562, 'count': 160, 'sum': 5308.5322265625, 'median': 33.04621124267578}","(79.93211438700007, 18.348852581000074, 80.27331132300003, 18.665550444000075)",01-03-2023.geojson,Mutharam_Mahadevpur,,,,,
Peddapalli,TSSD0349,143.95,"{'min': 29.48200035095215, 'max': 34.43600082397461, 'mean': 32.39564594469572, 'count': 38, 'sum': 1231.0345458984375, 'median': 32.621498107910156}","(79.56376559100005, 18.46670946200004, 79.71861493100005, 18.60236795900005)",01-03-2023.geojson,Mutharam_Manthani,,,,,
Suryapet,TSSD0350,132.47,"{'min': 27.23235321044922, 'max': 34.86375045776367, 'mean': 29.10272216796875, 'count': 33, 'sum': 960.3898315429688, 'median': 28.124116897583008}","(79.81542641000004, 17.031014071000072, 79.94769370600005, 17.174546916000054)",01-03-2023.geojson,Nadigudem,,,,,
Sangareddy,TSSD0351,148.84,"{'min': 37.29499816894531, 'max': 41.73749923706055, 'mean': 39.94804077148437, 'count': 40, 'sum': 1597.921630859375, 'median': 40.16999816894531}","(77.54918865800005, 17.98547994300003, 77.71900749600007, 18.124343363000037)",01-03-2023.geojson,Nagalgidda,,,,,
Suryapet,TSSD0352,134.54,"{'min': 29.671052932739258, 'max': 34.017059326171875, 'mean': 31.59659598214286, 'count': 35, 'sum': 1105.880859375, 'median': 31.274999618530273}","(79.41253491600008, 17.34124849500006, 79.57155473400007, 17.45790335600003)",01-03-2023.geojson,Nagaram,,,,,
Kamareddy,TSSD0353,138.95,"{'min': 27.510000228881836, 'max': 34.417999267578125, 'mean': 30.473259420955884, 'count': 34, 'sum': 1036.0908203125, 'median': 30.283599853515625}","(78.01381962800008, 18.068441783000026, 78.17948646600007, 18.201817321000078)",01-03-2023.geojson,Nagi_Reddypet,,,,,
Nalgonda,TSSD0354,151.19,"{'min': 28.479999542236328, 'max': 35.97842025756836, 'mean': 31.952313232421876, 'count': 40, 'sum': 1278.092529296875, 'median': 31.99315643310547}","(79.36271400100003, 17.074334117000035, 79.51356132300003, 17.265691678000053)",01-03-2023.geojson,Nakrekal,,,,,
Nalgonda,TSSD0355,356.0,"{'min': 28.96894645690918, 'max': 37.055999755859375, 'mean': 33.405517578125, 'count': 91, 'sum': 3039.902099609375, 'median': 33.42599868774414}","(79.11238633500005, 16.95004682000007, 79.38632643800008, 17.14875526800006)",01-03-2023.geojson,Nalgonda,,,,,
Warangal_Rural,TSSD0356,164.31,"{'min': 29.34375, 'max': 36.198570251464844, 'mean': 32.51581827799479, 'count': 48, 'sum': 1560.75927734375, 'median': 32.267520904541016}","(79.81066170600008, 17.993540445000065, 80.04124404200007, 18.11528805000006)",01-03-2023.geojson,Nallabelli,,,,,
Hyderabad,TSSD0357,11.34,"{'min': 32.54520034790039, 'max': 35.556087493896484, 'mean': 34.45014953613281, 'count': 3, 'sum': 103.35044860839844, 'median': 35.249168395996094}","(78.45809052700008, 17.36457170500006, 78.49555773000003, 17.405714060000037)",01-03-2023.geojson,Nampally,,,,,
Nalgonda,TSSD0358,280.57,"{'min': 35.4554557800293, 'max': 39.97545623779297, 'mean': 38.001732395119866, 'count': 73, 'sum': 2774.12646484375, 'median': 37.96636199951172}","(78.84925232700004, 16.740287084000045, 79.04788463500006, 16.965538953000078)",01-03-2023.geojson,Nampally,,,,,
Rangareddy,TSSD0359,86.28,"{'min': 36.20119857788086, 'max': 38.549129486083984, 'mean': 36.73914406516335, 'count': 22, 'sum': 808.2611694335938, 'median': 36.643333435058594}","(78.16420628000003, 17.07450775600006, 78.31375295500004, 17.187439899000026)",01-03-2023.geojson,Nandigama,,,,,
Nizamabad,TSSD0360,296.41,"{'min': 25.641666412353516, 'max': 31.697500228881836, 'mean': 29.069272524350648, 'count': 77, 'sum': 2238.333984375, 'median': 29.09320068359375}","(78.06391450200005, 18.810123935000036, 78.27745292600008, 19.015809954000076)",01-03-2023.geojson,Nandipet,,,,,
Siddipet,TSSD0361,173.43,"{'min': 32.23500061035156, 'max': 33.862998962402344, 'mean': 32.997406005859375, 'count': 44, 'sum': 1451.8858642578125, 'median': 32.94215393066406}","(78.91642615100005, 18.005257581000023, 79.12553882600008, 18.139313947000062)",01-03-2023.geojson,Nangnoor,,,,,
Yadadri Bhuvanagiri,TSSD0362,255.72,"{'min': 33.76142883300781, 'max': 41.5629997253418, 'mean': 36.60941938920455, 'count': 66, 'sum': 2416.2216796875, 'median': 35.79380798339844}","(78.76727420200007, 17.04527964400006, 78.99214673900008, 17.215539860000035)",01-03-2023.geojson,Narayanapoor,,,,,
Sangareddy,TSSD0363,221.04,"{'min': 30.8238468170166, 'max': 40.81833267211914, 'mean': 37.226222304047134, 'count': 61, 'sum': 2270.799560546875, 'median': 37.925384521484375}","(77.65873951100008, 17.969087139000067, 77.91619762300007, 18.131861117000028)",01-03-2023.geojson,Narayankhed,,,,,
Narayanpet,TSSD0364,253.45,"{'min': 35.0816650390625, 'max': 39.65956497192383, 'mean': 36.92715594951923, 'count': 65, 'sum': 2400.26513671875, 'median': 36.67695617675781}","(77.42683117400003, 16.65053467100006, 77.68547301300003, 16.797928967000075)",01-03-2023.geojson,Narayanpet,,,,,
Nalgonda,TSSD0365,234.39,"{'min': 29.549999237060547, 'max': 38.16579055786133, 'mean': 34.25777374751984, 'count': 63, 'sum': 2158.23974609375, 'median': 34.446842193603516}","(79.12064748900008, 17.11371295600003, 79.30389623300005, 17.35996707100003)",01-03-2023.geojson,Narketpally,,,,,
Jangoan,TSSD0366,125.01,"{'min': 30.984285354614258, 'max': 34.22999954223633, 'mean': 32.782185872395836, 'count': 33, 'sum': 1081.8121337890625, 'median': 32.79800033569336}","(79.09279653800007, 17.82066930900004, 79.25505581500005, 17.932063776000064)",01-03-2023.geojson,Narmetta,,,,,
Adilabad,TSSD0367,201.81,"{'min': 38.01333236694336, 'max': 40.35416793823242, 'mean': 39.126501695165096, 'count': 53, 'sum': 2073.70458984375, 'median': 39.021820068359375}","(78.75741661700005, 19.424395872000048, 78.97780666900007, 19.57535441500005)",01-03-2023.geojson,Narnoor,,,,,
Warangal_Rural,TSSD0368,128.11,"{'min': 28.427499771118164, 'max': 33.19933319091797, 'mean': 31.116914749145508, 'count': 32, 'sum': 995.7412719726562, 'median': 31.32235336303711}","(79.80201610100005, 17.882928224000068, 79.94435882900007, 18.020538076000037)",01-03-2023.geojson,Narsampet,,,,,
Medak,TSSD0369,177.98,"{'min': 30.9233341217041, 'max': 35.06999969482422, 'mean': 33.32152184774709, 'count': 43, 'sum': 1432.825439453125, 'median': 33.45320129394531}","(78.16308671700006, 17.659841237000023, 78.33116213500006, 17.840150954000023)",01-03-2023.geojson,Narsapur,,,,,
Nirmal,TSSD0370,147.48,"{'min': 29.549999237060547, 'max': 39.40217208862305, 'mean': 34.101963588169646, 'count': 42, 'sum': 1432.282470703125, 'median': 33.70079803466797}","(78.07428315700008, 19.02509410700003, 78.21913771600003, 19.23774101400005)",01-03-2023.geojson,Narsapur_G,,,,,
Mahabubabad,TSSD0371,100.62,"{'min': 30.020587921142578, 'max': 33.17625045776367, 'mean': 31.455754032841437, 'count': 27, 'sum': 849.3053588867188, 'median': 31.472352981567383}","(79.74961810900004, 17.432922034000057, 79.85804564900008, 17.55949727500007)",01-03-2023.geojson,Narsimhulapet,,,,,
Medak,TSSD0372,55.63,"{'min': 28.841999053955078, 'max': 34.20840072631836, 'mean': 31.3090763092041, 'count': 16, 'sum': 500.9452209472656, 'median': 31.15920066833496}","(78.39229916300008, 17.98830749900003, 78.47149849900006, 18.093264383000076)",01-03-2023.geojson,Narsingi,,,,,
Narayanpet,TSSD0373,194.24,"{'min': 32.6875, 'max': 39.83000183105469, 'mean': 37.208642578125, 'count': 50, 'sum': 1860.43212890625, 'median': 37.308692932128906}","(77.57900273500007, 16.392118486000072, 77.76051168400005, 16.55740275000005)",01-03-2023.geojson,Narva,,,,,
Mancherial,TSSD0374,52.98,"{'min': 30.631999969482422, 'max': 35.10764694213867, 'mean': 33.67105756487165, 'count': 14, 'sum': 471.3948059082031, 'median': 34.108421325683594}","(79.45022792100008, 18.798759303000054, 79.52726676000003, 18.914394050000055)",01-03-2023.geojson,Naspur,,,,,
Kamareddy,TSSD0375,102.21,"{'min': 27.19615364074707, 'max': 34.88538360595703, 'mean': 29.636797223772323, 'count': 28, 'sum': 829.830322265625, 'median': 29.09256362915039}","(77.81879634400008, 18.411273927000025, 77.97648352900006, 18.509137527000064)",01-03-2023.geojson,Nasurullabad,,,,,
Nizamabad,TSSD0376,192.08,"{'min': 27.696399688720703, 'max': 33.13916778564453, 'mean': 30.1494775390625, 'count': 50, 'sum': 1507.473876953125, 'median': 30.029600143432617}","(77.94333219400005, 18.72259983600003, 78.08733714300007, 18.94072022900008)",01-03-2023.geojson,Navipet,,,,,
Mahabubnagar,TSSD0377,296.21,"{'min': 33.23583221435547, 'max': 36.58913040161133, 'mean': 34.79333337560877, 'count': 77, 'sum': 2679.086669921875, 'median': 34.724998474121094}","(77.92099457500007, 16.78332651100004, 78.11899967800008, 17.01427203800006)",01-03-2023.geojson,Nawabpet,,,,,
Vikarabad,TSSD0378,158.3,"{'min': 37.13719940185547, 'max': 39.84416580200195, 'mean': 38.736408512766765, 'count': 41, 'sum': 1588.1927490234375, 'median': 38.90919876098633}","(77.88176503700004, 17.365495641000052, 78.07175069100003, 17.471223939000026)",01-03-2023.geojson,Nawabpet,,,,,
Warangal_Rural,TSSD0379,188.28,"{'min': 28.53125, 'max': 32.17142868041992, 'mean': 30.4373046875, 'count': 50, 'sum': 1521.865234375, 'median': 30.34933853149414}","(79.74746045700005, 17.696488769000155, 79.90634128700003, 17.879678624000064)",01-03-2023.geojson,Nekkonda,,,,,
Khammam,TSSD0380,186.76,"{'min': 26.951250076293945, 'max': 31.56571388244629, 'mean': 29.063999720982142, 'count': 49, 'sum': 1424.135986328125, 'median': 28.691333770751953}","(79.96784028800005, 16.968121411000027, 80.11000795600006, 17.174936235000075)",01-03-2023.geojson,Nelakondapally,,,,,
Mahabubabad,TSSD0381,206.97,"{'min': 29.043333053588867, 'max': 32.029998779296875, 'mean': 30.48870849609375, 'count': 54, 'sum': 1646.3902587890625, 'median': 30.439117431640625}","(79.71439804300002, 17.541887375000044, 79.91872236700016, 17.698785481000073)",01-03-2023.geojson,Nellikudur,,,,,
Mancherial,TSSD0382,269.42,"{'min': 32.74444580078125, 'max': 37.571109771728516, 'mean': 34.599516532790496, 'count': 71, 'sum': 2456.565673828125, 'median': 34.475555419921875}","(79.52664994100007, 18.93089886100006, 79.73295653300005, 19.12578670700003)",01-03-2023.geojson,Nennel,,,,,
Adilabad,TSSD0383,328.19,"{'min': 35.31800079345703, 'max': 40.551666259765625, 'mean': 37.821212254213485, 'count': 89, 'sum': 3366.087890625, 'median': 37.73249816894531}","(78.26082714200004, 19.17277807100004, 78.55364642200004, 19.39715159900004)",01-03-2023.geojson,Neradigonda,,,,,
Suryapet,TSSD0384,126.74,"{'min': 27.112104415893555, 'max': 29.264118194580078, 'mean': 27.853745814732143, 'count': 35, 'sum': 974.881103515625, 'median': 27.88888931274414}","(79.61424865900005, 16.828891998000074, 79.72807247700007, 16.983950306000054)",01-03-2023.geojson,Nereducherla,,,,,
Nalgonda,TSSD0385,161.07,"{'min': 30.86809539794922, 'max': 38.11600112915039, 'mean': 36.18193470348012, 'count': 44, 'sum': 1592.005126953125, 'median': 36.52899932861328}","(78.94273533400008, 16.468748120000043, 79.11690272800007, 16.651020135000067)",01-03-2023.geojson,Neredugommu,,,,,
Nalgonda,TSSD0386,217.58,"{'min': 27.581579208374023, 'max': 34.98523712158203, 'mean': 30.143883656647247, 'count': 59, 'sum': 1778.4891357421875, 'median': 29.353809356689453}","(79.29369591300008, 16.726884840000025, 79.46702657000003, 16.93694350900006)",01-03-2023.geojson,Nidamanoor,,,,,
Nirmal,TSSD0387,26.54,"{'min': 33.36333465576172, 'max': 35.06083297729492, 'mean': 34.267415364583336, 'count': 9, 'sum': 308.40673828125, 'median': 34.30913162231445}","(78.32125738700006, 19.06142155400005, 78.36703256100003, 19.13503668900006)",01-03-2023.geojson,Nirmal,,,,,
Nirmal,TSSD0388,121.65,"{'min': 30.641666412353516, 'max': 36.04750061035156, 'mean': 34.180396295362904, 'count': 31, 'sum': 1059.59228515625, 'median': 34.358333587646484}","(78.28619783500005, 19.030659180000043, 78.42042812500006, 19.18711090100004)",01-03-2023.geojson,Nirmal Rural,,,,,
Nizamabad,TSSD0389,8.31,"{'min': 31.70359992980957, 'max': 34.53538513183594, 'mean': 33.45526123046875, 'count': 3, 'sum': 100.36578369140625, 'median': 34.126800537109375}","(78.05163596200003, 18.674492592000036, 78.12730598000007, 18.70039857300003)",01-03-2023.geojson,Nizamabad North,,,,,
Nizamabad,TSSD0390,143.88,"{'min': 27.802799224853516, 'max': 35.02280044555664, 'mean': 31.644203587582236, 'count': 38, 'sum': 1202.479736328125, 'median': 32.22238540649414}","(77.98560033100006, 18.565702533000035, 78.16225447400006, 18.788720459000047)",01-03-2023.geojson,Nizamabad Rural,,,,,
Nizamabad,TSSD0391,30.08,"{'min': 33.846923828125, 'max': 35.394798278808594, 'mean': 34.659415108816965, 'count': 7, 'sum': 242.61590576171875, 'median': 34.90119934082031}","(78.05135267700007, 18.638141734000044, 78.12035163300004, 18.70039857300003)",01-03-2023.geojson,Nizamabad South,,,,,
Medak,TSSD0392,96.69,"{'min': 30.31260871887207, 'max': 32.762001037597656, 'mean': 31.497482299804688, 'count': 28, 'sum': 881.9295043945312, 'median': 31.60273551940918}","(78.48347828600004, 18.052927198000077, 78.58043728400008, 18.186685228000044)",01-03-2023.geojson,Nizampet,,,,,
Kamareddy,TSSD0393,241.59,"{'min': 25.376399993896484, 'max': 35.09159851074219, 'mean': 30.017896864149307, 'count': 72, 'sum': 2161.28857421875, 'median': 30.1708927154541}","(77.84561923400008, 18.09283344800002, 78.00817764400006, 18.34553889500006)",01-03-2023.geojson,Nizamsagar,,,,,
Suryapet,TSSD0394,119.91,"{'min': 29.314762115478516, 'max': 33.86058807373047, 'mean': 31.886866714015152, 'count': 33, 'sum': 1052.2666015625, 'median': 31.471111297607422}","(79.62642963900004, 17.281058334000022, 79.80860422700005, 17.37862805900005)",01-03-2023.geojson,Noothankal,,,,,
Sangareddy,TSSD0395,259.19,"{'min': 36.227500915527344, 'max': 40.779563903808594, 'mean': 38.749382467830884, 'count': 68, 'sum': 2634.9580078125, 'median': 38.565834045410156}","(77.50905262900005, 17.743666096000027, 77.70963585900006, 17.95290998400003)",01-03-2023.geojson,Nyalkal,,,,,
Peddapalli,TSSD0396,148.08,"{'min': 27.46666717529297, 'max': 32.79823684692383, 'mean': 29.706363075657894, 'count': 38, 'sum': 1128.841796875, 'median': 29.52488899230957}","(79.36660364000005, 18.386385288000042, 79.55224107200007, 18.53271052300005)",01-03-2023.geojson,Odela,,,,,
Nagarkurnool,TSSD0397,630.47,"{'min': 31.89299964904785, 'max': 39.828887939453125, 'mean': 37.299853515625, 'count': 160, 'sum': 5967.9765625, 'median': 37.33000183105469}","(78.85902477800005, 16.210348460000034, 79.23432760400004, 16.461405856000056)",01-03-2023.geojson,Padara,,,,,
Suryapet,TSSD0398,132.07,"{'min': 27.203332901000977, 'max': 35.07624816894531, 'mean': 29.893463134765625, 'count': 36, 'sum': 1076.1646728515625, 'median': 28.722152709960938}","(79.66762645300008, 16.689675125000065, 79.78908743200003, 16.836615472000062)",01-03-2023.geojson,Palakeedu,,,,,
Jangoan,TSSD0399,255.42,"{'min': 30.985000610351562, 'max': 34.50899887084961, 'mean': 32.80789462002841, 'count': 66, 'sum': 2165.321044921875, 'median': 32.82221984863281}","(79.34225257900005, 17.560267294000028, 79.54008752200008, 17.75819989300004)",01-03-2023.geojson,Palakurthy,,,,,
Peddapalli,TSSD0400,137.42,"{'min': 27.715999603271484, 'max': 34.13210678100586, 'mean': 31.302490234375, 'count': 37, 'sum': 1158.192138671875, 'median': 31.261579513549805}","(79.25348235000007, 18.670677110000042, 79.50381904800008, 18.81832694700006)",01-03-2023.geojson,Palakurthy,,,,,
Jayashankar Bhupalpally,TSSD0401,226.16,"{'min': 31.38249969482422, 'max': 36.30500030517578, 'mean': 33.14732259114583, 'count': 60, 'sum': 1988.83935546875, 'median': 32.916046142578125}","(80.10237686500005, 18.587417120000055, 80.34460111300007, 18.722365577000062)",01-03-2023.geojson,Palmela,,,,,
Bhadradri Kothagudem,TSSD0402,421.11,"{'min': 28.172353744506836, 'max': 35.89588165283203, 'mean': 33.091407569679056, 'count': 111, 'sum': 3673.146240234375, 'median': 33.217498779296875}","(80.57151962200004, 17.50317956400005, 80.86723947600007, 17.895408489000033)",01-03-2023.geojson,Palvancha,,,,,
Wanaparthy,TSSD0403,205.91,"{'min': 32.676666259765625, 'max': 37.15347671508789, 'mean': 34.75784188729745, 'count': 54, 'sum': 1876.9234619140625, 'median': 34.83708190917969}","(78.02855847800004, 16.173396301000025, 78.22246788200005, 16.341012469000077)",01-03-2023.geojson,Pangal,,,,,
Medak,TSSD0404,205.14,"{'min': 27.8891658782959, 'max': 34.389198303222656, 'mean': 30.974664861505683, 'count': 55, 'sum': 1703.6065673828125, 'median': 31.0939998626709}","(77.99790429400008, 17.965407912000046, 78.21345417200007, 18.109216143000026)",01-03-2023.geojson,Papannapet,,,,,
Vikarabad,TSSD0405,227.88,"{'min': 33.553199768066406, 'max': 39.849998474121094, 'mean': 37.45406845868644, 'count': 59, 'sum': 2209.7900390625, 'median': 38.20920181274414}","(77.76414678500004, 17.074105024000062, 77.99328854900006, 17.257275064000055)",01-03-2023.geojson,Pargi,,,,,
Warangal_Rural,TSSD0406,79.71,"{'min': 30.921249389648438, 'max': 32.488948822021484, 'mean': 31.64722900390625, 'count': 20, 'sum': 632.944580078125, 'median': 31.637895584106445}","(79.645823469, 18.135041913000066, 79.73250177000006, 18.279244378000044)",01-03-2023.geojson,Parkal,,,,,
Warangal_Rural,TSSD0407,161.29,"{'min': 28.540000915527344, 'max': 31.575332641601562, 'mean': 29.869207473028276, 'count': 42, 'sum': 1254.5067138671875, 'median': 29.785999298095703}","(79.64445348100008, 17.68264110900003, 79.78084029400003, 17.843589961000077)",01-03-2023.geojson,Parvathagiri,,,,,
Sangareddy,TSSD0408,186.54,"{'min': 34.39833450317383, 'max': 36.80666732788086, 'mean': 35.45150390625, 'count': 50, 'sum': 1772.5751953125, 'median': 35.33041763305664}","(78.13716356700007, 17.463618334000046, 78.28967759800008, 17.628094657000076)",01-03-2023.geojson,Patancheruvu,,,,,
Wanaparthy,TSSD0409,199.7,"{'min': 29.325653076171875, 'max': 38.01762008666992, 'mean': 33.6707763671875, 'count': 52, 'sum': 1750.88037109375, 'median': 33.874000549316406}","(77.91611806600008, 16.024587675000078, 78.07471604300008, 16.26834650400002)",01-03-2023.geojson,Pebbair,,,,,
Nalgonda,TSSD0410,534.97,"{'min': 26.43947410583496, 'max': 37.625999450683594, 'mean': 32.32974089478417, 'count': 139, 'sum': 4493.833984375, 'median': 32.59600067138672}","(79.02131319100005, 16.429164953000054, 79.31131002400008, 16.806345736000026)",01-03-2023.geojson,Peda Adisharla Palli,,,,,
Kamareddy,TSSD0411,93.4,"{'min': 32.829166412353516, 'max': 40.801666259765625, 'mean': 36.8511962890625, 'count': 26, 'sum': 958.131103515625, 'median': 36.453330993652344}","(77.64296889100007, 18.23434125800003, 77.79440383200006, 18.363266914000064)",01-03-2023.geojson,Pedda Kodapgal,,,,,
Nagarkurnool,TSSD0412,268.13,"{'min': 31.495454788208008, 'max': 40.20619201660156, 'mean': 36.221038818359375, 'count': 72, 'sum': 2607.914794921875, 'median': 36.18809509277344}","(78.28210328600005, 16.15614634700006, 78.46080747200006, 16.378297329000077)",01-03-2023.geojson,Peddakothapalle,,,,,
Wanaparthy,TSSD0413,184.53,"{'min': 31.540000915527344, 'max': 38.39083480834961, 'mean': 35.38445281982422, 'count': 48, 'sum': 1698.4537353515625, 'median': 35.75416564941406}","(77.91764372000006, 16.364835636000066, 78.12790212400006, 16.52562722400006)",01-03-2023.geojson,Peddamandaddi,,,,,
Peddapalli,TSSD0414,249.03,"{'min': 28.171112060546875, 'max': 34.081111907958984, 'mean': 30.50743744338768, 'count': 69, 'sum': 2105.01318359375, 'median': 30.546842575073242}","(79.30969398300005, 18.526543618000062, 79.49350302700003, 18.70415850100005)",01-03-2023.geojson,Peddapalli,,,,,
Mahabubabad,TSSD0415,111.61,"{'min': 28.857500076293945, 'max': 32.534706115722656, 'mean': 30.647904459635416, 'count': 30, 'sum': 919.4371337890625, 'median': 30.487903594970703}","(79.51263601700003, 17.490564388000053, 79.63852224900006, 17.619982297000035)",01-03-2023.geojson,Peddavangara,,,,,
Nalgonda,TSSD0416,289.57,"{'min': 29.344736099243164, 'max': 37.67300033569336, 'mean': 33.873192725243506, 'count': 77, 'sum': 2608.23583984375, 'median': 34.20899963378906}","(79.13353438500008, 16.575213949000045, 79.36044542900004, 16.832719401000077)",01-03-2023.geojson,Peddavoora,,,,,
Vikarabad,TSSD0417,240.11,"{'min': 34.529998779296875, 'max': 40.687599182128906, 'mean': 38.51730248235887, 'count': 62, 'sum': 2388.07275390625, 'median': 38.699302673339844}","(77.51261111400004, 17.261553169000024, 77.72573047400004, 17.456603014000052)",01-03-2023.geojson,Peddemul,,,,,
Jagtial,TSSD0418,131.5,"{'min': 28.15380859375, 'max': 32.17900085449219, 'mean': 29.658756031709558, 'count': 34, 'sum': 1008.397705078125, 'median': 29.56333351135254}","(79.00313586800007, 18.638171251000074, 79.13566837800005, 18.76691388300003)",01-03-2023.geojson,Pegadapalli,,,,,
Nirmal,TSSD0419,315.89,"{'min': 34.06428527832031, 'max': 38.22999954223633, 'mean': 36.00380859375, 'count': 85, 'sum': 3060.32373046875, 'median': 35.93476104736328}","(78.48200096200003, 19.08543736100006, 78.72744941700006, 19.317058780000025)",01-03-2023.geojson,Pembi,,,,,
Kumurambheem Asifabad,TSSD0420,209.6,"{'min': 32.66555404663086, 'max': 36.42222213745117, 'mean': 34.40912301199777, 'count': 56, 'sum': 1926.910888671875, 'median': 34.33512878417969}","(79.66386794600004, 19.199781307000023, 79.94222848200008, 19.367035272000066)",01-03-2023.geojson,Penchikalpet,,,,,
Suryapet,TSSD0421,190.1,"{'min': 27.13736915588379, 'max': 32.86647033691406, 'mean': 29.919275620404413, 'count': 51, 'sum': 1525.883056640625, 'median': 29.974000930786133}","(79.59300492900007, 16.958133916000065, 79.81245856700008, 17.09085837200007)",01-03-2023.geojson,Penpahad,,,,,
Nagarkurnool,TSSD0422,100.6,"{'min': 35.28818130493164, 'max': 38.76100158691406, 'mean': 37.23319868607955, 'count': 22, 'sum': 819.13037109375, 'median': 37.164974212646484}","(78.18107699600006, 16.00532167600005, 78.32316639500004, 16.139543263000064)",01-03-2023.geojson,Pentlavelli,,,,,
Khammam,TSSD0423,273.41,"{'min': 27.9471435546875, 'max': 35.939998626708984, 'mean': 32.31107923719618, 'count': 72, 'sum': 2326.397705078125, 'median': 33.03516387939453}","(80.59580834400003, 17.100783087000025, 80.77536110100004, 17.320991373000027)",01-03-2023.geojson,Penuballi,,,,,
Bhadradri Kothagudem,TSSD0424,237.05,"{'min': 29.99842071533203, 'max': 35.78285598754883, 'mean': 33.103943810096155, 'count': 65, 'sum': 2151.75634765625, 'median': 33.27947235107422}","(80.60213672700007, 17.921962273000076, 80.77371604900003, 18.158406092000064)",01-03-2023.geojson,Pinapaka,,,,,
Vikarabad,TSSD0425,206.05,"{'min': 36.417198181152344, 'max': 40.18280029296875, 'mean': 38.62678132233796, 'count': 54, 'sum': 2085.84619140625, 'median': 38.86958312988281}","(77.89676249700005, 17.131204728000057, 78.06049801700004, 17.32409672800003)",01-03-2023.geojson,Pudur,,,,,
Sangareddy,TSSD0426,148.67,"{'min': 25.692399978637695, 'max': 39.603599548339844, 'mean': 32.62730102539062, 'count': 40, 'sum': 1305.092041015625, 'median': 32.86683654785156}","(77.90516574499998, 17.65983009000007, 78.07454656600015, 17.812841045000027)",01-03-2023.geojson,Pulkal,,,,,
Medchal_Malkajgiri,TSSD0427,43.97,"{'min': 33.9651985168457, 'max': 35.44599914550781, 'mean': 34.577493286132814, 'count': 10, 'sum': 345.7749328613281, 'median': 34.50666809082031}","(78.38920413800008, 17.480972, 78.50036789700005, 17.561433864000037)",01-03-2023.geojson,Quthbullapur,,,,,
Khammam,TSSD0428,192.3,"{'min': 31.911428451538086, 'max': 35.297142028808594, 'mean': 33.8563232421875, 'count': 50, 'sum': 1692.816162109375, 'median': 33.99500274658203}","(80.13318105300004, 17.232712673000037, 80.34275288000003, 17.401110535000043)",01-03-2023.geojson,Raghunadhapalem,,,,,
Jangoan,TSSD0429,251.68,"{'min': 30.514209747314453, 'max': 36.3650016784668, 'mean': 33.16191989272388, 'count': 67, 'sum': 2221.8486328125, 'median': 33.07666778564453}","(79.17884629500008, 17.67337913600005, 79.37330906100004, 17.858329210000022)",01-03-2023.geojson,Ragunathpally,,,,,
Jagtial,TSSD0430,266.42,"{'min': 29.739089965820312, 'max': 36.21699905395508, 'mean': 32.59503993703358, 'count': 67, 'sum': 2183.86767578125, 'median': 32.38739013671875}","(78.72887764300003, 18.831214958000032, 78.93391600400008, 19.071133686000053)",01-03-2023.geojson,Raikal,,,,,
Sangareddy,TSSD0431,223.22,"{'min': 27.337200164794922, 'max': 41.47833251953125, 'mean': 37.09526956492457, 'count': 58, 'sum': 2151.525634765625, 'median': 38.83080291748047}","(77.66777327100004, 17.76655052700005, 77.88238395400003, 17.93163760300007)",01-03-2023.geojson,Raikode,,,,,
Warangal_Rural,TSSD0432,219.17,"{'min': 27.501249313354492, 'max': 33.03555679321289, 'mean': 30.662247721354166, 'count': 60, 'sum': 1839.73486328125, 'median': 30.608726501464844}","(79.48142998600008, 17.619651097000144, 79.69554202900008, 17.76142627300004)",01-03-2023.geojson,Raiparthy,,,,,
Siddipet,TSSD0433,104.17,"{'min': 30.97879981994629, 'max': 34.19583511352539, 'mean': 32.7342318830819, 'count': 29, 'sum': 949.292724609375, 'median': 32.5966682434082}","(78.55726942800004, 17.83236618500007, 78.68891396900005, 17.985113187000024)",01-03-2023.geojson,Raipole,,,,,
Kamareddy,TSSD0434,126.93,"{'min': 31.217199325561523, 'max': 38.0525016784668, 'mean': 34.59738697725184, 'count': 34, 'sum': 1176.3111572265625, 'median': 35.10960006713867}","(78.21768245400006, 18.146799025000064, 78.37609676800008, 18.26765991900004)",01-03-2023.geojson,Rajampet,,,,,
Yadadri Bhuvanagiri,TSSD0435,197.22,"{'min': 32.49363708496094, 'max': 35.680477142333984, 'mean': 34.040614536830354, 'count': 49, 'sum': 1667.9901123046875, 'median': 34.12047576904297}","(78.85825081100006, 17.654937046000043, 79.01597518100004, 17.812669696000057)",01-03-2023.geojson,Rajapeta,,,,,
Mahabubnagar,TSSD0436,125.06,"{'min': 34.59749984741211, 'max': 37.40583419799805, 'mean': 36.24126838235294, 'count': 34, 'sum': 1232.203125, 'median': 36.4078254699707}","(78.07616216600007, 16.827293433000023, 78.23953804100006, 16.936410312000078)",01-03-2023.geojson,Rajapur,,,,,
Rangareddy,TSSD0437,48.26,"{'min': 30.313199996948242, 'max': 35.77869415283203, 'mean': 34.2616943359375, 'count': 15, 'sum': 513.9254150390625, 'median': 34.275001525878906}","(78.37469952800006, 17.27932147300004, 78.46010745500007, 17.37208799600006)",01-03-2023.geojson,Rajendranagar,,,,,
Jogulamba Gadwal,TSSD0438,129.05,"{'min': 33.624000549316406, 'max': 37.90399932861328, 'mean': 35.21490478515625, 'count': 34, 'sum': 1197.3067626953125, 'median': 35.113502502441406}","(77.64468695100004, 15.874725880000028, 77.86920549500007, 15.955733610000038)",01-03-2023.geojson,Rajoli,,,,,
Sangareddy,TSSD0439,76.01,"{'min': 33.235599517822266, 'max': 36.31434631347656, 'mean': 34.95024349814967, 'count': 19, 'sum': 664.0546264648438, 'median': 35.34333419799805}","(78.20639802000005, 17.42785604100004, 78.31670013100006, 17.529947374000074)",01-03-2023.geojson,Ramachandrapuram,,,,,
Karimnagar,TSSD0440,134.02,"{'min': 28.746000289916992, 'max': 35.51762008666992, 'mean': 31.11821025126689, 'count': 37, 'sum': 1151.373779296875, 'median': 30.690000534057617}","(79.02101613600007, 18.468415441000047, 79.13300998100004, 18.662426753000034)",01-03-2023.geojson,Ramadugu,,,,,
Peddapalli,TSSD0441,174.25,"{'min': 29.094444274902344, 'max': 35.76789474487305, 'mean': 32.18330522017045, 'count': 44, 'sum': 1416.0654296875, 'median': 32.3057861328125}","(79.49644329500006, 18.537401654000064, 79.64857378700003, 18.777236066000057)",01-03-2023.geojson,Ramagiri,,,,,
Peddapalli,TSSD0442,113.66,"{'min': 30.768999099731445, 'max': 34.84684371948242, 'mean': 32.850867486769154, 'count': 31, 'sum': 1018.3768920898438, 'median': 32.819000244140625}","(79.41357231200004, 18.674221571000032, 79.54617280200006, 18.82875034600005)",01-03-2023.geojson,Ramagundam,,,,,
Yadadri Bhuvanagiri,TSSD0443,229.79,"{'min': 27.583044052124023, 'max': 35.66904830932617, 'mean': 32.13879597981771, 'count': 60, 'sum': 1928.3277587890625, 'median': 32.26161575317383}","(78.98814184100007, 17.24503517000005, 79.25341493800005, 17.371267423000063)",01-03-2023.geojson,Ramannapet,,,,,
Kamareddy,TSSD0444,168.07,"{'min': 30.09239959716797, 'max': 36.47880172729492, 'mean': 33.54091058775436, 'count': 43, 'sum': 1442.2591552734375, 'median': 33.604400634765625}","(78.30521243600003, 18.353492533000065, 78.49228659800008, 18.483468182000024)",01-03-2023.geojson,Ramareddy,,,,,
Medak,TSSD0445,151.12,"{'min': 30.765199661254883, 'max': 35.904998779296875, 'mean': 33.000583224826386, 'count': 36, 'sum': 1188.02099609375, 'median': 33.234580993652344}","(78.30425113600006, 18.0235726680001, 78.52133388100003, 18.202632038000047)",01-03-2023.geojson,Ramayampet,,,,,
Kumurambheem Asifabad,TSSD0446,259.91,"{'min': 34.724998474121094, 'max': 39.5790901184082, 'mean': 36.97939104352679, 'count': 70, 'sum': 2588.557373046875, 'median': 37.04949951171875}","(79.32166087900004, 19.178187793000063, 79.54911338400007, 19.34967844600004)",01-03-2023.geojson,Rebbena,,,,,
Medak,TSSD0447,80.04,"{'min': 34.90599822998047, 'max': 39.985198974609375, 'mean': 37.993798828125, 'count': 20, 'sum': 759.8759765625, 'median': 38.74440002441406}","(77.79480732300004, 17.899738504000027, 77.90762447000003, 18.02227582200004)",01-03-2023.geojson,Regode,,,,,
Jayashankar Bhupalpally,TSSD0448,230.7,"{'min': 30.553157806396484, 'max': 34.42599868774414, 'mean': 32.16141005693856, 'count': 59, 'sum': 1897.523193359375, 'median': 32.05352783203125}","(79.69264018100006, 18.156703452000045, 79.86309632500007, 18.338586973000076)",01-03-2023.geojson,Regonda,,,,,
Nizamabad,TSSD0449,113.22,"{'min': 27.534799575805664, 'max': 37.93083190917969, 'mean': 31.49564208984375, 'count': 30, 'sum': 944.8692626953125, 'median': 29.612083435058594}","(77.86138268200006, 18.703789855000025, 78.00478559000004, 18.827805693000073)",01-03-2023.geojson,Renjal,,,,,
Wanaparthy,TSSD0450,123.03,"{'min': 32.08000183105469, 'max': 36.45090866088867, 'mean': 33.736256318933826, 'count': 34, 'sum': 1147.03271484375, 'median': 33.39272689819336}","(78.18099529600005, 16.28925188900007, 78.31347526600007, 16.41654954300003)",01-03-2023.geojson,Revally,,,,,
Rajanna Sircilla,TSSD0451,102.53,"{'min': 30.183332443237305, 'max': 37.727500915527344, 'mean': 35.181680532602165, 'count': 26, 'sum': 914.7236938476562, 'median': 35.51340103149414}","(78.58056651000004, 18.58307069400007, 78.73259018200008, 18.69041016700004)",01-03-2023.geojson,Rudrangi,,,,,
Nizamabad,TSSD0452,49.47,"{'min': 27.257999420166016, 'max': 30.617826461791992, 'mean': 28.390981038411457, 'count': 15, 'sum': 425.8647155761719, 'median': 28.2947998046875}","(77.83311309200008, 18.52944754200007, 77.90865557200004, 18.627816633000066)",01-03-2023.geojson,Rudrur,,,,,
Kamareddy,TSSD0453,196.13,"{'min': 31.565200805664062, 'max': 40.122798919677734, 'mean': 36.55667056677476, 'count': 53, 'sum': 1937.5035400390625, 'median': 36.462799072265625}","(78.13861896100008, 18.353770851000036, 78.32975145300009, 18.507260761000055)",01-03-2023.geojson,Sadashivnagar,,,,,
Sangareddy,TSSD0454,248.56,"{'min': 31.6387996673584, 'max': 40.494998931884766, 'mean': 38.01979334214155, 'count': 68, 'sum': 2585.345947265625, 'median': 38.53083038330078}","(77.85634040500008, 17.56144371700003, 78.05470115400004, 17.744826153000076)",01-03-2023.geojson,Sadasivpet,,,,,
Hyderabad,TSSD0455,4.44,"{'min': 35.434165954589844, 'max': 35.434165954589844, 'mean': 35.434165954589844, 'count': 1, 'sum': 35.434165954589844, 'median': 35.434165954589844}","(78.49666183500005, 17.34852849400005, 78.52105110000008, 17.37992626500005)",01-03-2023.geojson,Saidabad,,,,,
Sangareddy,TSSD0456,85.0,"{'min': 29.835599899291992, 'max': 36.336666107177734, 'mean': 34.12367466517857, 'count': 21, 'sum': 716.59716796875, 'median': 34.54999923706055}","(78.04085741600005, 17.553553519000047, 78.16506055600007, 17.67324188400005)",01-03-2023.geojson,Sangareddy,,,,,
Warangal_Rural,TSSD0457,147.68,"{'min': 27.755556106567383, 'max': 33.157501220703125, 'mean': 31.06452058490954, 'count': 38, 'sum': 1180.4517822265625, 'median': 31.047157287597656}","(79.62671724200004, 17.820931420000022, 79.79112790100004, 17.944659224000077)",01-03-2023.geojson,Sangem,,,,,
Jagtial,TSSD0458,143.97,"{'min': 29.651817321777344, 'max': 36.222381591796875, 'mean': 32.572950409679876, 'count': 41, 'sum': 1335.490966796875, 'median': 32.7054557800293}","(78.88862723900007, 18.84957074600004, 79.01218592200007, 19.00894877500002)",01-03-2023.geojson,Sarangapur,,,,,
Nirmal,TSSD0459,255.36,"{'min': 30.175832748413086, 'max': 40.059165954589844, 'mean': 33.93474786931818, 'count': 66, 'sum': 2239.693359375, 'median': 33.37160110473633}","(78.17542674100008, 19.119711206000034, 78.37414495300004, 19.317393956000046)",01-03-2023.geojson,Sarangapur,,,,,
Khammam,TSSD0460,285.22,"{'min': 27.983333587646484, 'max': 36.82666778564453, 'mean': 32.73129147046233, 'count': 73, 'sum': 2389.38427734375, 'median': 33.18077087402344}","(80.75683769000005, 17.117241266000065, 80.92560532200008, 17.37735310100004)",01-03-2023.geojson,Sathupally,,,,,
Hyderabad,TSSD0461,3.33,"{'min': 33.62519836425781, 'max': 33.62519836425781, 'mean': 33.62519836425781, 'count': 1, 'sum': 33.62519836425781, 'median': 33.62519836425781}","(78.46963204300005, 17.426530425000067, 78.49977880800003, 17.44386382500005)",01-03-2023.geojson,Secunderabad,,,,,
Rangareddy,TSSD0462,96.56,"{'min': 33.379600524902344, 'max': 35.0099983215332, 'mean': 33.90655953543527, 'count': 28, 'sum': 949.3836669921875, 'median': 33.87519836425781}","(78.27172464700004, 17.409225719000062, 78.40724610200004, 17.522654105000072)",01-03-2023.geojson,Serilingampalle,,,,,
Rangareddy,TSSD0463,232.51,"{'min': 35.67250061035156, 'max': 39.919166564941406, 'mean': 37.63889075969828, 'count': 58, 'sum': 2183.0556640625, 'median': 37.378753662109375}","(78.04592706400007, 17.084200252000073, 78.25929582200007, 17.259301650000054)",01-03-2023.geojson,Shabad,,,,,
Hyderabad,TSSD0464,23.35,"{'min': 33.42839813232422, 'max': 34.18083190917969, 'mean': 33.837806701660156, 'count': 6, 'sum': 203.02684020996094, 'median': 33.89080047607422}","(78.38838433400008, 17.386491415000023, 78.45185860300006, 17.441244402000052)",01-03-2023.geojson,Shaikpet,,,,,
Nalgonda,TSSD0465,228.95,"{'min': 28.77666664123535, 'max': 38.71444320678711, 'mean': 33.37742513020833, 'count': 60, 'sum': 2002.6455078125, 'median': 33.41950225830078}","(79.28719940500008, 17.21166416600005, 79.50079969900008, 17.35925323300006)",01-03-2023.geojson,Shaligouraram,,,,,
Medchal_Malkajgiri,TSSD0466,150.73,"{'min': 31.67608642578125, 'max': 35.83608627319336, 'mean': 34.435003662109374, 'count': 40, 'sum': 1377.400146484375, 'median': 34.56391143798828}","(78.49393641100005, 17.536372458000073, 78.65615437000014, 17.695841263000034)",01-03-2023.geojson,Shamirpet,,,,,
Rangareddy,TSSD0467,199.4,"{'min': 32.440433502197266, 'max': 36.95249938964844, 'mean': 35.64952674278846, 'count': 52, 'sum': 1853.775390625, 'median': 35.780433654785156}","(78.23263628200004, 17.145048406000058, 78.43688465000008, 17.322722112000065)",01-03-2023.geojson,Shamshabad,,,,,
Medak,TSSD0468,142.04,"{'min': 26.110769271850586, 'max': 35.959598541259766, 'mean': 33.798959832442435, 'count': 38, 'sum': 1284.3604736328125, 'median': 34.70199966430664}","(77.85211008600004, 17.994571649000022, 78.00442992900008, 18.123550200000068)",01-03-2023.geojson,Shankarampet_A,,,,,
Karimnagar,TSSD0469,144.28,"{'min': 27.24142837524414, 'max': 30.00090980529785, 'mean': 28.364862060546876, 'count': 40, 'sum': 1134.594482421875, 'median': 28.289501190185547}","(79.25766646100004, 18.226704529000074, 79.40468523700008, 18.368117502000075)",01-03-2023.geojson,Shankarapatnam,,,,,
Rangareddy,TSSD0470,210.66,"{'min': 34.473331451416016, 'max': 40.002498626708984, 'mean': 37.03771351959746, 'count': 59, 'sum': 2185.22509765625, 'median': 37.08039855957031}","(78.03518070400008, 17.36271017200005, 78.28884776000007, 17.519074225000054)",01-03-2023.geojson,Shankarpalle,,,,,
Warangal_Rural,TSSD0471,116.47,"{'min': 28.27705955505371, 'max': 33.22999954223633, 'mean': 31.26734161376953, 'count': 32, 'sum': 1000.554931640625, 'median': 31.53720474243164}","(79.65749409800003, 18.09115618000004, 79.85468848500005, 18.192367870000055)",01-03-2023.geojson,Shayampet,,,,,
Medak,TSSD0472,193.23,"{'min': 31.13260841369629, 'max': 37.77583312988281, 'mean': 33.54098822146046, 'count': 49, 'sum': 1643.5084228515625, 'median': 33.5465202331543}","(78.29506747900007, 17.69907432800005, 78.44788785400004, 17.878551977000086)",01-03-2023.geojson,Shivampet,,,,,
Siddipet,TSSD0473,112.6,"{'min': 31.581666946411133, 'max': 34.16749954223633, 'mean': 32.54890659877232, 'count': 28, 'sum': 911.369384765625, 'median': 32.65222930908203}","(78.71740480300008, 18.05814766800006, 78.82931055600005, 18.221303904000138)",01-03-2023.geojson,Siddipet_Rural,,,,,
Siddipet,TSSD0474,140.55,"{'min': 30.838333129882812, 'max': 34.776668548583984, 'mean': 33.39375135633681, 'count': 36, 'sum': 1202.175048828125, 'median': 33.41693878173828}","(78.77407040900005, 18.036517040000035, 78.93338480300008, 18.152979642000048)",01-03-2023.geojson,Siddipet_Urban,,,,,
Khammam,TSSD0475,248.58,"{'min': 32.582942962646484, 'max': 36.178001403808594, 'mean': 34.153968811035156, 'count': 64, 'sum': 2185.85400390625, 'median': 34.074668884277344}","(80.19501777600004, 17.426341041000057, 80.47158959500007, 17.577896090000024)",01-03-2023.geojson,Singareni,,,,,
Rajanna Sircilla,TSSD0476,53.12,"{'min': 31.588260650634766, 'max': 34.70738983154297, 'mean': 33.18273271833147, 'count': 14, 'sum': 464.5582580566406, 'median': 33.41956329345703}","(78.74143609700008, 18.35280534900005, 78.85232997100007, 18.43330245100003)",01-03-2023.geojson,Sircilla,,,,,
Sangareddy,TSSD0477,119.81,"{'min': 30.41320037841797, 'max': 41.11666488647461, 'mean': 36.42967936197917, 'count': 30, 'sum': 1092.890380859375, 'median': 36.48283004760742}","(77.63761782900008, 18.101238527000078, 77.80019010900008, 18.20600259400004)",01-03-2023.geojson,Sirgapoor,,,,,
Adilabad,TSSD0478,202.11,"{'min': 36.1709098815918, 'max': 39.934165954589844, 'mean': 37.813686794704864, 'count': 54, 'sum': 2041.9390869140625, 'median': 37.92814636230469}","(78.50741267300003, 19.29955482500003, 78.69361824700007, 19.472598296000115)",01-03-2023.geojson,Sirikonda,,,,,
Nizamabad,TSSD0479,334.45,"{'min': 29.383333206176758, 'max': 36.717498779296875, 'mean': 33.16222034801137, 'count': 88, 'sum': 2918.275390625, 'median': 33.720436096191406}","(78.38760279100006, 18.43949633400007, 78.61969949700006, 18.654543137000076)",01-03-2023.geojson,Sirikonda,,,,,
Kumurambheem Asifabad,TSSD0480,336.55,"{'min': 32.779998779296875, 'max': 37.6077766418457, 'mean': 34.86999795603197, 'count': 86, 'sum': 2998.81982421875, 'median': 34.80210876464844}","(79.45414155100008, 19.378014544000052, 79.70518129200008, 19.576127453000026)",01-03-2023.geojson,Sirpur_T,,,,,
Kumurambheem Asifabad,TSSD0481,188.92,"{'min': 34.612857818603516, 'max': 40.56047439575195, 'mean': 38.4684814453125, 'count': 50, 'sum': 1923.424072265625, 'median': 38.88545608520508}","(78.86004844600006, 19.270764704000044, 79.06911914200003, 19.420337200000063)",01-03-2023.geojson,Sirpur_U,,,,,
Nirmal,TSSD0482,83.77,"{'min': 25.50666618347168, 'max': 33.59086990356445, 'mean': 30.371378580729168, 'count': 21, 'sum': 637.7989501953125, 'median': 31.236087799072266}","(78.27684201200003, 18.95122860600003, 78.41145082100007, 19.069772912000076)",01-03-2023.geojson,Soan,,,,,
Peddapalli,TSSD0483,188.77,"{'min': 28.728822708129883, 'max': 34.378421783447266, 'mean': 31.163325291053923, 'count': 51, 'sum': 1589.32958984375, 'median': 30.947778701782227}","(79.43915173000005, 18.412581072000023, 79.59585151700009, 18.604812498000058)",01-03-2023.geojson,Srirampur,,,,,
Wanaparthy,TSSD0484,78.54,"{'min': 28.947500228881836, 'max': 35.763912200927734, 'mean': 32.04286193847656, 'count': 20, 'sum': 640.8572387695312, 'median': 32.09958267211914}","(77.99102928900004, 16.130406421000032, 78.08846242100003, 16.26036345500006)",01-03-2023.geojson,Srirangapur,,,,,
Bhadradri Kothagudem,TSSD0485,105.54,"{'min': 32.61941146850586, 'max': 37.58571243286133, 'mean': 35.58234296526228, 'count': 28, 'sum': 996.3056030273438, 'median': 35.88999938964844}","(80.48722315900005, 17.43343624000005, 80.65641156200007, 17.547570692000022)",01-03-2023.geojson,Sujathanagar,,,,,
Peddapalli,TSSD0486,165.88,"{'min': 27.63888931274414, 'max': 31.962223052978516, 'mean': 29.357505104758523, 'count': 44, 'sum': 1291.730224609375, 'median': 29.009262084960938}","(79.21551160500007, 18.440055271000062, 79.39913112200009, 18.60634948300003)",01-03-2023.geojson,Sultanabad,,,,,
Suryapet,TSSD0487,218.55,"{'min': 27.554706573486328, 'max': 32.97444534301758, 'mean': 29.667677494517545, 'count': 57, 'sum': 1691.0576171875, 'median': 29.302940368652344}","(79.49048435600008, 17.06180805200006, 79.66976062200007, 17.28486849600006)",01-03-2023.geojson,Suryapet,,,,,
Nagarkurnool,TSSD0488,226.32,"{'min': 33.21916580200195, 'max': 37.96523666381836, 'mean': 35.669331212197584, 'count': 62, 'sum': 2211.49853515625, 'median': 35.69727325439453}","(78.26727079000005, 16.49459693400007, 78.45711110600007, 16.688643456000023)",01-03-2023.geojson,Tadoor,,,,,
Mulugu,TSSD0489,839.17,"{'min': 31.825000762939453, 'max': 36.79999923706055, 'mean': 33.6949698071961, 'count': 218, 'sum': 7345.50341796875, 'median': 33.53441619873047}","(80.10419615200004, 17.996319820000053, 80.48000297700008, 18.393553888000042)",01-03-2023.geojson,Tadvai (Sammakka Sarakka),,,,,
Kamareddy,TSSD0490,177.12,"{'min': 31.68120002746582, 'max': 39.15999984741211, 'mean': 37.357442652925535, 'count': 47, 'sum': 1755.7998046875, 'median': 37.75559997558594}","(78.15208823200004, 18.213409773000024, 78.30662145900004, 18.383527335000053)",01-03-2023.geojson,Tadwai,,,,,
Rangareddy,TSSD0491,245.69,"{'min': 34.40391159057617, 'max': 37.39250183105469, 'mean': 36.088027491714016, 'count': 66, 'sum': 2381.809814453125, 'median': 36.114784240722656}","(78.32295389600006, 16.777295856000023, 78.50523085400005, 16.961749273000066)",01-03-2023.geojson,Talakondapally,,,,,
Adilabad,TSSD0492,285.66,"{'min': 35.2717399597168, 'max': 40.77347946166992, 'mean': 38.47128693953805, 'count': 69, 'sum': 2654.518798828125, 'median': 38.58913040161133}","(78.26295216300008, 19.53761522600007, 78.49682900700003, 19.716183126000033)",01-03-2023.geojson,Talamadugu,,,,,
Adilabad,TSSD0493,97.7,"{'min': 35.34304428100586, 'max': 41.73782730102539, 'mean': 39.332266348379626, 'count': 27, 'sum': 1061.97119140625, 'median': 39.635215759277344}","(78.33972411600007, 19.63174893000007, 78.51576933100006, 19.752904132000026)",01-03-2023.geojson,Tamsi,,,,,
Mancherial,TSSD0494,177.0,"{'min': 34.058998107910156, 'max': 39.25777816772461, 'mean': 36.185009765625, 'count': 50, 'sum': 1809.25048828125, 'median': 35.96631622314453}","(79.32361030500005, 19.082851204000065, 79.57052485400004, 19.226889392000032)",01-03-2023.geojson,Tandur,,,,,
Vikarabad,TSSD0495,240.33,"{'min': 34.29399871826172, 'max': 40.81087112426758, 'mean': 38.3196907043457, 'count': 64, 'sum': 2452.460205078125, 'median': 38.616249084472656}","(77.43695612500005, 17.209464535000052, 77.67739970400004, 17.402500187000044)",01-03-2023.geojson,Tandur,,,,,
Nirmal,TSSD0496,217.5,"{'min': 36.26250076293945, 'max': 42.1783332824707, 'mean': 39.91649563029661, 'count': 59, 'sum': 2355.0732421875, 'median': 40.12913131713867}","(77.76173454100007, 18.90445741800005, 77.90387245800008, 19.155003113000078)",01-03-2023.geojson,Tanoor,,,,,
Medak,TSSD0497,138.61,"{'min': 30.233999252319336, 'max': 36.86360168457031, 'mean': 34.05572509765625, 'count': 38, 'sum': 1294.1175537109375, 'median': 34.2052001953125}","(77.96914892900008, 17.877695860000074, 78.09576951400004, 18.071839029000046)",01-03-2023.geojson,Tekmal,,,,,
Bhadradri Kothagudem,TSSD0498,467.77,"{'min': 31.84666633605957, 'max': 37.516666412353516, 'mean': 34.87957063268443, 'count': 122, 'sum': 4255.3076171875, 'median': 35.05853271484375}","(80.37730808200007, 17.508099650000077, 80.62125353800008, 17.765024521000043)",01-03-2023.geojson,Tekulapalle,,,,,
Jayashankar Bhupalpally,TSSD0499,105.62,"{'min': 30.777999877929688, 'max': 33.569000244140625, 'mean': 31.984281267438615, 'count': 28, 'sum': 895.5598754882812, 'median': 31.820079803466797}","(79.56830471500007, 18.351151408000078, 79.68021060700005, 18.481462286000067)",01-03-2023.geojson,Tekumatla,,,,,
Nagarkurnool,TSSD0500,246.35,"{'min': 34.06739044189453, 'max': 38.277618408203125, 'mean': 35.99617004394531, 'count': 64, 'sum': 2303.7548828125, 'median': 35.96136474609375}","(78.34696131600003, 16.292821352000033, 78.51629761100008, 16.523862474000055)",01-03-2023.geojson,Telkapalle,,,,,
Khammam,TSSD0501,201.36,"{'min': 27.413530349731445, 'max': 34.65153884887695, 'mean': 30.58546994767099, 'count': 53, 'sum': 1621.0299072265625, 'median': 30.44285774230957}","(80.37659267100008, 17.090031495000062, 80.51879083800003, 17.305187707000073)",01-03-2023.geojson,Thallada,,,,,
Rajanna Sircilla,TSSD0502,188.9,"{'min': 27.14363670349121, 'max': 33.69260787963867, 'mean': 31.435643122746395, 'count': 52, 'sum': 1634.6534423828125, 'median': 31.754783630371094}","(78.72705830300004, 18.25399247500019, 78.94322523800008, 18.414849795000066)",01-03-2023.geojson,Thangallapalli,,,,,
Jangoan,TSSD0503,85.48,"{'min': 32.18619155883789, 'max': 33.81666564941406, 'mean': 33.136282784598215, 'count': 21, 'sum': 695.8619384765625, 'median': 33.08636474609375}","(79.11661335800005, 17.901698373000045, 79.23410722300008, 17.998869741000078)",01-03-2023.geojson,Tharigoppula,,,,,
Nagarkurnool,TSSD0504,211.8,"{'min': 33.3760871887207, 'max': 37.849998474121094, 'mean': 36.241455078125, 'count': 57, 'sum': 2065.762939453125, 'median': 36.39347839355469}","(78.12774301200005, 16.58719177000006, 78.30066679700008, 16.739122914000063)",01-03-2023.geojson,Thimmajipeta,,,,,
Karimnagar,TSSD0505,159.28,"{'min': 26.922727584838867, 'max': 31.969999313354492, 'mean': 30.2741330168968, 'count': 43, 'sum': 1301.7877197265625, 'median': 30.610952377319336}","(79.10148313700006, 18.256739006000032, 79.27138762700008, 18.42426985000003)",01-03-2023.geojson,Thimmapur,,,,,
Siddipet,TSSD0506,163.65,"{'min': 27.98043441772461, 'max': 34.47999954223633, 'mean': 31.565315578294836, 'count': 46, 'sum': 1452.0045166015625, 'median': 31.9891300201416}","(78.64082299900008, 17.935194339000077, 78.80609777400008, 18.103813367000043)",01-03-2023.geojson,Thoguta,,,,,
Mahabubabad,TSSD0507,190.94,"{'min': 29.010000228881836, 'max': 33.3650016784668, 'mean': 30.702768961588543, 'count': 48, 'sum': 1473.73291015625, 'median': 30.610084533691406}","(79.57724589900005, 17.48583601000007, 79.73451208900008, 17.685591776000024)",01-03-2023.geojson,Thorrur,,,,,
Suryapet,TSSD0508,155.64,"{'min': 28.657777786254883, 'max': 31.9325008392334, 'mean': 30.33000147619913, 'count': 43, 'sum': 1304.1900634765625, 'median': 30.262941360473633}","(79.53306376300003, 17.336875194000072, 79.65698014400004, 17.505487876000075)",01-03-2023.geojson,Thungathurthy,,,,,
Nalgonda,TSSD0509,191.03,"{'min': 28.811111450195312, 'max': 34.11421203613281, 'mean': 31.180903416053923, 'count': 51, 'sum': 1590.22607421875, 'median': 31.156314849853516}","(79.30130099300004, 16.962640196000052, 79.50775880800006, 17.107243536000055)",01-03-2023.geojson,Tipparthy,,,,,
Suryapet,TSSD0510,133.14,"{'min': 29.39588165283203, 'max': 35.17353057861328, 'mean': 32.394566127232146, 'count': 35, 'sum': 1133.809814453125, 'median': 32.68294143676758}","(79.36516547400004, 17.434097946000065, 79.57840336100008, 17.524158415000045)",01-03-2023.geojson,Tirumalagiri,,,,,
Nalgonda,TSSD0511,252.04,"{'min': 27.700475692749023, 'max': 37.84400177001953, 'mean': 34.28143780048077, 'count': 65, 'sum': 2228.29345703125, 'median': 35.87300109863281}","(79.26163271700005, 16.580070085000045, 79.46872681600007, 16.764696361000063)",01-03-2023.geojson,Tirumalagiri_Sagar,,,,,
Khammam,TSSD0512,235.92,"{'min': 29.687646865844727, 'max': 36.731536865234375, 'mean': 31.764222160218253, 'count': 63, 'sum': 2001.14599609375, 'median': 31.131175994873047}","(79.80212475200005, 17.26260219900007, 80.05769935000006, 17.405974666000077)",01-03-2023.geojson,Tirumalayapalem,,,,,
Hyderabad,TSSD0513,13.97,"{'min': 34.37086868286133, 'max': 35.242000579833984, 'mean': 34.78444290161133, 'count': 4, 'sum': 139.1377716064453, 'median': 34.762451171875}","(78.46457994100007, 17.44383310300003, 78.51669244400006, 17.484285331000024)",01-03-2023.geojson,Tirumalgiri,,,,,
Kumurambheem Asifabad,TSSD0514,581.75,"{'min': 29.593809127807617, 'max': 39.61454391479492, 'mean': 36.43106882195724, 'count': 152, 'sum': 5537.5224609375, 'median': 36.59381103515625}","(79.03492001100005, 19.050559607000025, 79.39561347700004, 19.31944793300005)",01-03-2023.geojson,Tiryani,,,,,
Nalgonda,TSSD0515,161.12,"{'min': 27.389999389648438, 'max': 33.0260009765625, 'mean': 29.144964599609374, 'count': 40, 'sum': 1165.798583984375, 'median': 28.417736053466797}","(79.38610741200006, 16.71370968100007, 79.55776053800008, 16.93653709800003)",01-03-2023.geojson,Tripuraram,,,,,
Yadadri Bhuvanagiri,TSSD0516,188.2,"{'min': 32.639522552490234, 'max': 35.095218658447266, 'mean': 34.33924044095553, 'count': 52, 'sum': 1785.6405029296875, 'median': 34.42876434326172}","(78.73050890600007, 17.570452835000026, 78.89834246500004, 17.752589976000024)",01-03-2023.geojson,Turkapalle_M,,,,,
Jogulamba Gadwal,TSSD0517,170.36,"{'min': 35.12904739379883, 'max': 42.907142639160156, 'mean': 39.90146370821221, 'count': 43, 'sum': 1715.762939453125, 'median': 40.28368377685547}","(77.88159823500007, 15.863581044000057, 78.08622663000006, 16.053428277000023)",01-03-2023.geojson,Undavelly,,,,,
Medchal_Malkajgiri,TSSD0518,52.14,"{'min': 34.18825912475586, 'max': 35.4716682434082, 'mean': 34.65730168269231, 'count': 13, 'sum': 450.544921875, 'median': 34.609092712402344}","(78.51557767600008, 17.36244841100006, 78.59239104200003, 17.472398036000072)",01-03-2023.geojson,Uppal,,,,,
Nagarkurnool,TSSD0519,220.67,"{'min': 31.19636344909668, 'max': 38.133636474609375, 'mean': 36.34060513771186, 'count': 59, 'sum': 2144.095703125, 'median': 36.59363555908203}","(78.49480188900003, 16.427307790000043, 78.78066858400007, 16.540239662000033)",01-03-2023.geojson,Uppunuthala,,,,,
Nagarkurnool,TSSD0520,151.12,"{'min': 33.89347839355469, 'max': 38.14272689819336, 'mean': 36.715858096168155, 'count': 42, 'sum': 1542.0660400390625, 'median': 36.95478057861328}","(78.32047445900008, 16.645373909000057, 78.49203880200008, 16.79728595000006)",01-03-2023.geojson,Urkonda,,,,,
Adilabad,TSSD0521,387.91,"{'min': 34.37799835205078, 'max': 39.49380874633789, 'mean': 37.461692954009436, 'count': 106, 'sum': 3970.939453125, 'median': 37.645912170410156}","(78.67318644400007, 19.21647222100006, 78.88463769300006, 19.513128066000036)",01-03-2023.geojson,Utnur,,,,,
Karimnagar,TSSD0522,142.44,"{'min': 29.12181854248047, 'max': 33.00714111328125, 'mean': 30.794937936883223, 'count': 38, 'sum': 1170.2076416015625, 'median': 30.78286361694336}","(79.24194008100005, 18.132462591000035, 79.37717220500008, 18.263355341000022)",01-03-2023.geojson,V_Saidapur,,,,,
Nizamabad,TSSD0523,135.3,"{'min': 31.13479995727539, 'max': 34.900909423828125, 'mean': 32.65418158637153, 'count': 36, 'sum': 1175.550537109375, 'median': 32.50250244140625}","(78.33304706400008, 18.693780867000044, 78.47512705800006, 18.85105660800002)",01-03-2023.geojson,Vailpur,,,,,
Yadadri Bhuvanagiri,TSSD0524,316.13,"{'min': 27.881818771362305, 'max': 34.32652282714844, 'mean': 31.256704935213413, 'count': 82, 'sum': 2563.0498046875, 'median': 31.714000701904297}","(78.90535444600005, 17.313647203000073, 79.22099072200007, 17.479032318000066)",01-03-2023.geojson,Valigonda,,,,,
Nagarkurnool,TSSD0525,244.56,"{'min': 33.78181838989258, 'max': 38.94363784790039, 'mean': 36.87977183948863, 'count': 66, 'sum': 2434.06494140625, 'median': 36.890907287597656}","(78.48140456800007, 16.498402209000062, 78.71532448400006, 16.664788172000044)",01-03-2023.geojson,Vangoor,,,,,
Nizamabad,TSSD0526,134.67,"{'min': 27.540000915527344, 'max': 38.36920166015625, 'mean': 32.78703264508928, 'count': 35, 'sum': 1147.546142578125, 'median': 33.078800201416016}","(77.84552225000004, 18.434438427000032, 78.04087699300004, 18.57495128000005)",01-03-2023.geojson,Varni,,,,,
Sangareddy,TSSD0527,138.9,"{'min': 26.077199935913086, 'max': 40.24359893798828, 'mean': 35.81034449527138, 'count': 38, 'sum': 1360.7930908203125, 'median': 37.78759765625}","(77.82626219800005, 17.806470842000067, 77.97597402000008, 17.94784828400003)",01-03-2023.geojson,Vatpally,,,,,
Karimnagar,TSSD0528,149.05,"{'min': 27.115999221801758, 'max': 31.112104415893555, 'mean': 28.592242431640624, 'count': 40, 'sum': 1143.689697265625, 'median': 28.18468475341797}","(79.32153135600004, 18.284775453000066, 79.47308686900004, 18.451735262000057)",01-03-2023.geojson,Veenavanka,,,,,
Rajanna Sircilla,TSSD0529,108.34,"{'min': 30.866666793823242, 'max': 38.079166412353516, 'mean': 34.308009556361604, 'count': 28, 'sum': 960.624267578125, 'median': 33.623748779296875}","(78.52432514700007, 18.43250137900003, 78.66155136400005, 18.551319524000064)",01-03-2023.geojson,Veernapalli,,,,,
Warangal_Urban,TSSD0530,99.79,"{'min': 30.766666412353516, 'max': 32.96368408203125, 'mean': 32.06235595703125, 'count': 25, 'sum': 801.5588989257812, 'median': 32.17476272583008}","(79.22835213700006, 17.93079546100006, 79.37723082100007, 18.05131547900004)",01-03-2023.geojson,Velair,,,,,
Nagarkurnool,TSSD0531,241.3,"{'min': 36.01260757446289, 'max': 39.76818084716797, 'mean': 37.57059266137295, 'count': 61, 'sum': 2291.80615234375, 'median': 37.53260803222656}","(78.46270790300008, 16.666440694000073, 78.68353178700005, 16.830959432000043)",01-03-2023.geojson,Veldanda,,,,,
Jagtial,TSSD0532,186.9,"{'min': 28.14299964904785, 'max': 33.16428756713867, 'mean': 30.883024254623724, 'count': 49, 'sum': 1513.2681884765625, 'median': 31.23900032043457}","(79.12494408400005, 18.722845411000037, 79.29767471800005, 18.894953697000062)",01-03-2023.geojson,Velgatur,,,,,
Mancherial,TSSD0533,250.71,"{'min': 30.14647102355957, 'max': 36.15399932861328, 'mean': 33.824838211287314, 'count': 67, 'sum': 2266.26416015625, 'median': 33.912353515625}","(79.69774836700003, 18.995230109000033, 79.93090835500004, 19.173999767000055)",01-03-2023.geojson,Vemanpalle,,,,,
Khammam,TSSD0534,212.09,"{'min': 28.04866600036621, 'max': 37.53153991699219, 'mean': 32.45492276278409, 'count': 55, 'sum': 1785.020751953125, 'median': 32.339229583740234}","(80.65028236900008, 17.04501079700003, 80.87710057800007, 17.186178728000073)",01-03-2023.geojson,Vemsoor,,,,,
Nalgonda,TSSD0535,112.25,"{'min': 27.559999465942383, 'max': 31.701765060424805, 'mean': 28.611320249495968, 'count': 31, 'sum': 886.950927734375, 'median': 28.181110382080078}","(79.49070453100006, 16.89060024500003, 79.61612180500003, 17.07767939000007)",01-03-2023.geojson,Vemulapally,,,,,
Rajanna Sircilla,TSSD0536,84.86,"{'min': 32.170867919921875, 'max': 37.15087127685547, 'mean': 34.583447265625, 'count': 20, 'sum': 691.6689453125, 'median': 34.47203826904297}","(78.80779904800005, 18.41516011400006, 78.91545277600005, 18.54459724000003)",01-03-2023.geojson,Vemulawada,,,,,
Rajanna Sircilla,TSSD0537,107.21,"{'min': 27.9836368560791, 'max': 36.106666564941406, 'mean': 32.63706534249442, 'count': 28, 'sum': 913.8378295898438, 'median': 32.93328857421875}","(78.77384337400008, 18.403529220000053, 78.91728096300005, 18.597872276000032)",01-03-2023.geojson,Vemulawada Rural,,,,,
Mulugu,TSSD0538,370.83,"{'min': 27.091333389282227, 'max': 36.0042839050293, 'mean': 32.323831992574256, 'count': 101, 'sum': 3264.70703125, 'median': 32.592498779296875}","(79.85087728600007, 18.200829315000078, 80.17916133800009, 18.400974098000063)",01-03-2023.geojson,Venkatapur,,,,,
Mulugu,TSSD0539,588.35,"{'min': 31.612499237060547, 'max': 38.14875030517578, 'mean': 34.277656750801285, 'count': 156, 'sum': 5347.314453125, 'median': 34.10902786254883}","(80.46538317500006, 18.105970334000062, 80.79370483500009, 18.449384397000074)",01-03-2023.geojson,Venkatapuram,,,,,
Vikarabad,TSSD0540,270.72,"{'min': 35.24440002441406, 'max': 39.36040115356445, 'mean': 38.0321697078339, 'count': 73, 'sum': 2776.348388671875, 'median': 38.062801361083984}","(77.79093909400007, 17.228214577000074, 78.02432692200006, 17.44577402500005)",01-03-2023.geojson,Vikarabad,,,,,
Jogulamba Gadwal,TSSD0541,129.2,"{'min': 34.72142791748047, 'max': 43.890907287597656, 'mean': 37.43867631392045, 'count': 33, 'sum': 1235.476318359375, 'median': 36.845237731933594}","(77.71231111200007, 15.89601525300003, 77.89649991000005, 16.018746091000025)",01-03-2023.geojson,Waddepally,,,,,
Wanaparthy,TSSD0542,201.88,"{'min': 30.8891658782959, 'max': 37.24583435058594, 'mean': 35.77124262791054, 'count': 51, 'sum': 1824.3333740234375, 'median': 36.165653228759766}","(77.95375639600007, 16.253768913000044, 78.13510940900005, 16.464866955000048)",01-03-2023.geojson,Wanaparthy,,,,,
Kumurambheem Asifabad,TSSD0543,335.2,"{'min': 35.32238006591797, 'max': 40.68428421020508, 'mean': 38.58696516170058, 'count': 86, 'sum': 3318.47900390625, 'median': 38.7552375793457}","(79.20433473500003, 19.379408367000053, 79.42272052200008, 19.61653411900005)",01-03-2023.geojson,Wankidi,,,,,
Warangal_Urban,TSSD0544,39.54,"{'min': 32.20529556274414, 'max': 34.2405891418457, 'mean': 33.358556574041195, 'count': 11, 'sum': 366.9441223144531, 'median': 33.54294204711914}","(79.59074538600004, 17.974576416000048, 79.67092088100003, 18.04143189300015)",01-03-2023.geojson,Warangal,,,,,
Warangal_Rural,TSSD0545,158.41,"{'min': 28.040000915527344, 'max': 34.12176513671875, 'mean': 31.506147904829547, 'count': 44, 'sum': 1386.2705078125, 'median': 31.497940063476562}","(79.47950597500005, 17.695552186000043, 79.66242391200007, 17.87391055100005)",01-03-2023.geojson,Wardhannapet,,,,,
Siddipet,TSSD0546,141.87,"{'min': 31.5738468170166, 'max': 35.638572692871094, 'mean': 33.74513003700658, 'count': 38, 'sum': 1282.31494140625, 'median': 33.496665954589844}","(78.510667, 17.737442558000055, 78.67005759100005, 17.837924042000054)",01-03-2023.geojson,Wargal,,,,,
Wanaparthy,TSSD0547,165.53,"{'min': 31.236955642700195, 'max': 38.32899856567383, 'mean': 34.377648641896805, 'count': 43, 'sum': 1478.2388916015625, 'median': 34.37908935546875}","(78.03872356400007, 16.081036264000033, 78.22753261000008, 16.189588461000028)",01-03-2023.geojson,Weepangandla,,,,,
Khammam,TSSD0548,135.48,"{'min': 28.541250228881836, 'max': 32.828460693359375, 'mean': 30.679073849239863, 'count': 37, 'sum': 1135.125732421875, 'median': 30.635334014892578}","(80.29245451900005, 17.052642821000063, 80.43887726800006, 17.202658917000065)",01-03-2023.geojson,Wyra,,,,,
Rangareddy,TSSD0549,316.92,"{'min': 35.03908920288086, 'max': 37.542728424072266, 'mean': 36.3532119378811, 'count': 82, 'sum': 2980.96337890625, 'median': 36.40318298339844}","(78.54568468000008, 16.934093064000024, 78.80793281600006, 17.12867297300005)",01-03-2023.geojson,Yacharam,,,,,
Yadadri Bhuvanagiri,TSSD0550,186.21,"{'min': 32.994544982910156, 'max': 36.71952438354492, 'mean': 34.49881280637255, 'count': 51, 'sum': 1759.439453125, 'median': 34.42909240722656}","(78.84835935400008, 17.534587685000076, 79.03828959100008, 17.686530936000054)",01-03-2023.geojson,Yadagirigutta,,,,,
Nizamabad,TSSD0551,94.89,"{'min': 26.98769187927246, 'max': 33.05461502075195, 'mean': 29.179340069110577, 'count': 26, 'sum': 758.662841796875, 'median': 28.581924438476562}","(77.91550924600006, 18.623425712000028, 78.04225781600007, 18.729394451000076)",01-03-2023.geojson,Yedapally,,,,,
Vikarabad,TSSD0552,198.18,"{'min': 33.06520080566406, 'max': 39.26333236694336, 'mean': 36.31589163985907, 'count': 51, 'sum': 1852.1104736328125, 'median': 35.97153854370117}","(77.52786449900003, 17.13053142700005, 77.75138027800006, 17.285580779000043)",01-03-2023.geojson,Yelal,,,,,
Medak,TSSD0553,163.31,"{'min': 30.776399612426758, 'max': 35.143043518066406, 'mean': 33.14757770040761, 'count': 46, 'sum': 1524.78857421875, 'median': 33.148780822753906}","(78.25020444800003, 17.845214376000058, 78.42507897600012, 17.987096653000037)",01-03-2023.geojson,Yeldurthy,,,,,
Bhadradri Kothagudem,TSSD0554,446.45,"{'min': 30.66411781311035, 'max': 36.90599822998047, 'mean': 34.01697958669355, 'count': 124, 'sum': 4218.10546875, 'median': 33.967498779296875}","(80.20203604400007, 17.495235336000064, 80.42881209300003, 17.784950355000035)",01-03-2023.geojson,Yellandu,,,,,
Kamareddy,TSSD0555,184.45,"{'min': 26.733076095581055, 'max': 34.7476921081543, 'mean': 31.481799067283163, 'count': 49, 'sum': 1542.608154296875, 'median': 31.54153823852539}","(77.94077074800003, 18.10658015200005, 78.09588024100003, 18.321288552000055)",01-03-2023.geojson,Yellareddy,,,,,
Rajanna Sircilla,TSSD0556,186.82,"{'min': 29.209199905395508, 'max': 35.75833511352539, 'mean': 32.76077569699755, 'count': 51, 'sum': 1670.799560546875, 'median': 33.32833480834961}","(78.54791135700003, 18.319811327000025, 78.75757783600005, 18.46288011300004)",01-03-2023.geojson,Yellareddypet,,,,,
Nizamabad,TSSD0557,68.02,"{'min': 31.03499984741211, 'max': 33.04083251953125, 'mean': 31.984938677619486, 'count': 17, 'sum': 543.7439575195312, 'median': 32.03333282470703}","(78.43614230700007, 18.871916310000074, 78.53864631300007, 18.97312927200005)",01-03-2023.geojson,Yergatla,,,,,
Khammam,TSSD0558,262.24,"{'min': 31.51533317565918, 'max': 36.81922912597656, 'mean': 33.78241436298077, 'count': 65, 'sum': 2195.85693359375, 'median': 33.75923156738281}","(80.42901058800004, 16.768789670000046, 80.60532488100006, 16.96155575100005)",01-03-2023.geojson,Yerrupalem,,,,,
Jangoan,TSSD0559,163.78,"{'min': 30.367647171020508, 'max': 34.3347053527832, 'mean': 32.37409125434028, 'count': 45, 'sum': 1456.8341064453125, 'median': 32.31117630004883}","(79.40432095600005, 17.69860641200006, 79.51467165900004, 17.89232289800003)",01-03-2023.geojson,Zaffergadh,,,,,
Sangareddy,TSSD0560,243.94,"{'min': 35.96833419799805, 'max': 39.935218811035156, 'mean': 38.34913219105113, 'count': 66, 'sum': 2531.042724609375, 'median': 38.420616149902344}","(77.47167387100006, 17.54590518200007, 77.71357368300005, 17.749326707000023)",01-03-2023.geojson,Zahirabad,,,,,
Nagarkurnool,TSSD0561,183.51,"{'min': 36.27000045776367, 'max': 39.52217483520508, 'mean': 37.63461232739826, 'count': 43, 'sum': 1618.288330078125, 'median': 37.41999816894531}","(78.43086370300006, 16.197314094000035, 78.59402431200004, 16.37663690200003)",01-03-2023.geojson,Lingal,,,,,
Nagarkurnool,TSSD0562,222.74,"{'min': 31.273635864257812, 'max': 37.491905212402344, 'mean': 34.44183131626674, 'count': 56, 'sum': 1928.7425537109375, 'median': 34.33095169067383}","(78.20110216600006, 16.35091361800005, 78.42443343200006, 16.530833019000056)",01-03-2023.geojson,Nagar_Kurnool,,,,,
Mahabubnagar,TSSD0563,145.45,"{'min': 33.65434646606445, 'max': 36.0052375793457, 'mean': 34.85360196741616, 'count': 41, 'sum': 1428.9976806640625, 'median': 34.77190399169922}","(77.82864822500005, 16.643852022000033, 77.99254221500007, 16.772605979000048)",01-03-2023.geojson,Mahabubnagar_Rural,,,,,
Narayanpet,TSSD0564,256.63,"{'min': 35.771820068359375, 'max': 41.72439956665039, 'mean': 39.47733082490809, 'count': 68, 'sum': 2684.45849609375, 'median': 39.63666534423828}","(77.41869071500008, 16.543696836000038, 77.63466779000004, 16.729675432000022)",01-03-2023.geojson,Utkoor,,,,,
Rangareddy,TSSD0565,22.03,"{'min': 34.68043518066406, 'max': 35.245452880859375, 'mean': 34.98683166503906, 'count': 5, 'sum': 174.9341583251953, 'median': 35.06739044189453}","(78.50689165600005, 17.336093290000065, 78.58558260100006, 17.37992626500005)",01-03-2023.geojson,Saroornagar,,,,,
Sangareddy,TSSD0566,37.76,"{'min': 33.10919952392578, 'max': 35.08039855957031, 'mean': 34.253700256347656, 'count': 8, 'sum': 274.02960205078125, 'median': 34.394798278808594}","(78.28021050800004, 17.505606920000048, 78.35002219800003, 17.57992215400003)",01-03-2023.geojson,Ameenpur,,,,,
Sangareddy,TSSD0567,111.94,"{'min': 32.41960144042969, 'max': 36.17416763305664, 'mean': 34.383859345407195, 'count': 33, 'sum': 1134.6673583984375, 'median': 34.44916534423828}","(78.22737331300004, 17.528204591000076, 78.38745191600003, 17.67226987500004)",01-03-2023.geojson,Jinnaram,,,,,
Medak,TSSD0568,112.07,"{'min': 32.22391128540039, 'max': 35.27560043334961, 'mean': 33.449083600725444, 'count': 28, 'sum': 936.5743408203125, 'median': 33.326446533203125}","(78.42603746200007, 17.77588639100003, 78.56138370400004, 17.89800592200004)",01-03-2023.geojson,Toopran,,,,,
Medak,TSSD0569,88.1,"{'min': 32.5191650390625, 'max': 36.12826156616211, 'mean': 34.618141174316406, 'count': 24, 'sum': 830.8353881835938, 'median': 34.74217224121094}","(78.41929055500003, 17.692085064000025, 78.52257619700003, 17.817608290000067)",01-03-2023.geojson,Manoharabad,,,,,
Siddipet,TSSD0570,129.06,"{'min': 31.244783401489258, 'max': 34.53239822387695, 'mean': 32.818627251519096, 'count': 36, 'sum': 1181.4705810546875, 'median': 32.779884338378906}","(78.52730335900003, 17.878079271000047, 78.64358807000008, 18.041003706000026)",01-03-2023.geojson,Doultabad,,,,,
Medak,TSSD0571,76.05,"{'min': 29.760833740234375, 'max': 34.7783317565918, 'mean': 32.504449462890626, 'count': 20, 'sum': 650.0889892578125, 'median': 32.410003662109375}","(78.07364299200003, 17.796666895000044, 78.18678124500008, 17.905026876000022)",01-03-2023.geojson,Chilipched,,,,,
Medak,TSSD0572,136.79,"{'min': 30.615833282470703, 'max': 34.87083435058594, 'mean': 32.72513724662162, 'count': 37, 'sum': 1210.830078125, 'median': 32.649166107177734}","(78.32685103200004, 17.904917194000063, 78.44243876400003, 18.081304571000032)",01-03-2023.geojson,Shankarampet_R,,,,,
Medak,TSSD0573,131.44,"{'min': 30.648332595825195, 'max': 34.8558349609375, 'mean': 32.31999969482422, 'count': 32, 'sum': 1034.239990234375, 'median': 32.08580017089844}","(78.43107409900006, 17.905682555000055, 78.58520918700003, 18.06554777300005)",01-03-2023.geojson,Chegunta,,,,,
Kamareddy,TSSD0574,74.34,"{'min': 29.74920082092285, 'max': 32.807498931884766, 'mean': 31.412241082442435, 'count': 19, 'sum': 596.8325805664062, 'median': 31.532400131225586}","(78.37757087100005, 18.21350254400005, 78.52579487700007, 18.30009331800005)",01-03-2023.geojson,Domakonda,,,,,
Kamareddy,TSSD0575,168.77,"{'min': 28.530000686645508, 'max': 35.647499084472656, 'mean': 32.792802019817074, 'count': 41, 'sum': 1344.5048828125, 'median': 33.0172004699707}","(77.72979911700008, 18.190311369000028, 77.89310396100007, 18.380507752000028)",01-03-2023.geojson,Pitlam,,,,,
Kamareddy,TSSD0576,191.8,"{'min': 29.677200317382812, 'max': 39.4900016784668, 'mean': 35.639671469634436, 'count': 53, 'sum': 1888.902587890625, 'median': 35.74440002441406}","(77.65355776700005, 18.300626045000058, 77.83219913400006, 18.488304079000045)",01-03-2023.geojson,Bichkunda,,,,,
Kamareddy,TSSD0577,82.32,"{'min': 26.852609634399414, 'max': 32.93818283081055, 'mean': 29.59918212890625, 'count': 22, 'sum': 651.1820068359375, 'median': 29.006938934326172}","(77.75813508500005, 18.372326572000077, 77.86341082200005, 18.505311680000034)",01-03-2023.geojson,Birkoor,,,,,
Adilabad,TSSD0578,34.92,"{'min': 36.88999938964844, 'max': 38.39173889160156, 'mean': 37.7032470703125, 'count': 10, 'sum': 377.032470703125, 'median': 37.822879791259766}","(78.48710289700006, 19.60170591600007, 78.54305936500003, 19.683661252000036)",01-03-2023.geojson,Mavala,,,,,
Peddapalli,TSSD0579,122.7,"{'min': 27.804000854492188, 'max': 35.59199905395508, 'mean': 32.529443359375, 'count': 30, 'sum': 975.88330078125, 'median': 33.49552536010742}","(79.31124542100008, 18.728421345000072, 79.45668509800004, 18.855615717000035)",01-03-2023.geojson,Anthergaon,,,,,
Mulugu,TSSD0580,576.05,"{'min': 31.791250228881836, 'max': 37.88999938964844, 'mean': 35.1699736134106, 'count': 151, 'sum': 5310.666015625, 'median': 35.14789581298828}","(80.37410149900006, 18.33990656700007, 80.68734144600006, 18.632607707000034)",01-03-2023.geojson,Wazeed,,,,,
Nizamabad,TSSD0581,158.53,"{'min': 30.587499618530273, 'max': 35.65285873413086, 'mean': 33.57201012899709, 'count': 43, 'sum': 1443.596435546875, 'median': 33.80043411254883}","(78.47512705800006, 18.684195498000065, 78.64029038200005, 18.900912592000054)",01-03-2023.geojson,Kammarpally,,,,,
Jangoan,TSSD0582,120.55,"{'min': 29.095882415771484, 'max': 33.5970573425293, 'mean': 31.679997035435267, 'count': 28, 'sum': 887.0399169921875, 'median': 31.78696060180664}","(79.38361325200003, 17.491730369000038, 79.56249112400008, 17.63017571100005)",01-03-2023.geojson,Kodakandla,,,,,
Narayanpet,TSSD0583,172.63,"{'min': 29.395000457763672, 'max': 42.7928581237793, 'mean': 36.54296042702415, 'count': 44, 'sum': 1607.8902587890625, 'median': 37.114112854003906}","(77.23725451100006, 16.366338565000035, 77.45641595200004, 16.49439566000018)",01-03-2023.geojson,Krishna,,,,,
Mancherial,TSSD0584,414.48,"{'min': 31.931177139282227, 'max': 37.91875076293945, 'mean': 34.511628678701456, 'count': 103, 'sum': 3554.69775390625, 'median': 34.577999114990234}","(79.69063140800006, 18.824880136000047, 79.96247775100005, 19.055750638000063)",01-03-2023.geojson,Kotapalle,,,,,
Warangal_Rural,TSSD0585,96.85,"{'min': 28.808000564575195, 'max': 32.533748626708984, 'mean': 30.92808415339543, 'count': 26, 'sum': 804.1301879882812, 'median': 31.29111099243164}","(79.58000525100005, 18.13079426400003, 79.67613864900011, 18.273366891000023)",01-03-2023.geojson,Nadikuda,,,,,
Medchal_Malkajgiri,TSSD0586,92.19,"{'min': 33.01636505126953, 'max': 35.599525451660156, 'mean': 34.66548978365385, 'count': 26, 'sum': 901.302734375, 'median': 34.685455322265625}","(78.60919935000027, 17.572950565000042, 78.72357522400006, 17.698451215000034)",01-03-2023.geojson,Muduchinthalaphally,,,,,
Siddipet,TSSD0587,66.64,"{'min': 31.040433883666992, 'max': 32.90272903442383, 'mean': 31.82854546440972, 'count': 18, 'sum': 572.913818359375, 'median': 31.880985260009766}","(78.75009036300014, 18.179105241000116, 78.85292966200007, 18.26297022400007)",01-03-2023.geojson,Narayanraopet,,,,,
Nizamabad,TSSD0588,59.09,"{'min': 27.37583351135254, 'max': 36.05400085449219, 'mean': 31.579734802246094, 'count': 16, 'sum': 505.2757568359375, 'median': 30.589599609375}","(77.93403706700008, 18.52915054300007, 78.05329923800008, 18.639067520000026)",01-03-2023.geojson,Mosra,,,,,
Nizamabad,TSSD0589,49.75,"{'min': 27.56839942932129, 'max': 35.620399475097656, 'mean': 30.614617483956472, 'count': 14, 'sum': 428.6046447753906, 'median': 30.404800415039062}","(77.91841617100005, 18.496525074000033, 78.04060240200005, 18.590460833)",01-03-2023.geojson,Chandur,,,,,
Sangareddy,TSSD0590,97.98,"{'min': 29.214799880981445, 'max': 37.48040008544922, 'mean': 34.292236328125, 'count': 27, 'sum': 925.890380859375, 'median': 34.276668548583984}","(78.03596075900009, 17.649676136000153, 78.15543426700003, 17.771041394000065)",01-03-2023.geojson,Chowtakur,,,,,
Medak,TSSD0591,67.5,"{'min': 30.02280044555664, 'max': 34.40583419799805, 'mean': 32.657124837239586, 'count': 18, 'sum': 587.8282470703125, 'median': 33.11920166015625}","(78.39670312900006, 17.869416313000045, 78.53362296600005, 17.948666831000025)",01-03-2023.geojson,Masaipet,,,,,
Siddipet,TSSD0592,70.13,"{'min': 31.738571166992188, 'max': 33.89947509765625, 'mean': 32.966318230879935, 'count': 19, 'sum': 626.3600463867188, 'median': 33.0}","(79.03345267100008, 17.94056795000006, 79.15307655800007, 18.032435260000113)",01-03-2023.geojson,Dhoolumitta,,,,,
Rangareddy,TSSD0001,254.22,"{'min': 34.27000045776367, 'max': 41.05190658569336, 'mean': 38.84909150094697, 'count': 66, 'sum': 2564.0400390625, 'median': 39.001304626464844}","(78.55995755200007, 17.23432776100003, 78.76246159900006, 17.40383786600006)",01-04-2023.geojson,Abdullapurmet,,,,,
Nagarkurnool,TSSD0002,502.12,"{'min': 37.098182678222656, 'max': 43.12545394897461, 'mean': 40.178982204861114, 'count': 126, 'sum': 5062.5517578125, 'median': 40.14249038696289}","(78.58204158400008, 16.328785754000023, 79.06420699900008, 16.552355156000033)",01-04-2023.geojson,Achampet,,,,,
Nalgonda,TSSD0003,124.12,"{'min': 34.30636215209961, 'max': 42.172855377197266, 'mean': 38.29036088423295, 'count': 33, 'sum': 1263.5819091796875, 'median': 38.148948669433594}","(79.40552823000007, 16.61250682600007, 79.58503520000005, 16.727679548000026)",01-04-2023.geojson,Adavidevulapally,,,,,
Yadadri Bhuvanagiri,TSSD0004,141.84,"{'min': 35.365238189697266, 'max': 40.65095138549805, 'mean': 37.56163908305921, 'count': 38, 'sum': 1427.34228515625, 'median': 37.63909149169922}","(79.30480125000008, 17.343213083000023, 79.45808114400006, 17.48429223000005)",01-04-2023.geojson,Addagudur,,,,,
Mahabubnagar,TSSD0005,133.19,"{'min': 37.237274169921875, 'max': 43.08818054199219, 'mean': 40.76952446831597, 'count': 36, 'sum': 1467.702880859375, 'median': 40.98999786376953}","(77.85964485800008, 16.441965785000036, 78.01275922800005, 16.583453924000025)",01-04-2023.geojson,Addakal,,,,,
Adilabad,TSSD0006,296.11,"{'min': 41.45571517944336, 'max': 45.57181930541992, 'mean': 43.70745611810065, 'count': 77, 'sum': 3365.47412109375, 'median': 43.69363784790039}","(78.46791283600004, 19.529549935000034, 78.75075334500008, 19.743971118000047)",01-04-2023.geojson,Adilabad Rural,,,,,
Adilabad,TSSD0007,18.64,"{'min': 40.81666564941406, 'max': 43.942726135253906, 'mean': 42.042022705078125, 'count': 4, 'sum': 168.1680908203125, 'median': 41.704349517822266}","(78.51136180900005, 19.64107290800007, 78.56091570800004, 19.696663797000042)",01-04-2023.geojson,Adilabad Urban,,,,,
Jogulamba Gadwal,TSSD0008,281.08,"{'min': 35.43916702270508, 'max': 46.524784088134766, 'mean': 41.878569267165496, 'count': 71, 'sum': 2973.37841796875, 'median': 42.52825927734375}","(77.51085515500006, 15.892624954000041, 77.79118149700008, 16.073899572000073)",01-04-2023.geojson,Aiza,,,,,
Siddipet,TSSD0009,181.57,"{'min': 34.241817474365234, 'max': 38.4010009765625, 'mean': 35.9636865234375, 'count': 50, 'sum': 1798.184326171875, 'median': 36.09727478027344}","(79.09867562300008, 17.991228970000066, 79.28258652700003, 18.10859845500005)",01-04-2023.geojson,Akkannapet,,,,,
Yadadri Bhuvanagiri,TSSD0010,165.31,"{'min': 34.95000076293945, 'max': 40.229000091552734, 'mean': 37.02413869458576, 'count': 43, 'sum': 1592.0379638671875, 'median': 37.01545333862305}","(78.99234199800003, 17.567113119000055, 79.16709451200006, 17.725946442000065)",01-04-2023.geojson,Alair,,,,,
Jogulamba Gadwal,TSSD0011,212.17,"{'min': 38.53260803222656, 'max': 48.55099868774414, 'mean': 45.12624887319711, 'count': 52, 'sum': 2346.56494140625, 'median': 45.52532958984375}","(78.05931506700006, 15.836429923000026, 78.25321888900004, 16.011158503000047)",01-04-2023.geojson,Alampur,,,,,
Medak,TSSD0012,106.37,"{'min': 36.150001525878906, 'max': 43.49333190917969, 'mean': 39.928611472800924, 'count': 27, 'sum': 1078.072509765625, 'median': 40.00619125366211}","(77.88797224100006, 17.883895607000056, 78.00388009500006, 18.014119892000053)",01-04-2023.geojson,Alladurg,,,,,
Bhadradri Kothagudem,TSSD0013,507.54,"{'min': 30.996315002441406, 'max': 37.4010009765625, 'mean': 33.53663219105113, 'count': 132, 'sum': 4426.83544921875, 'median': 33.40142822265625}","(80.39744846200006, 17.75296549600006, 80.69612561700006, 18.05460231400002)",01-04-2023.geojson,Allapalli,,,,,
Medchal_Malkajgiri,TSSD0014,43.73,"{'min': 35.96333312988281, 'max': 36.87095260620117, 'mean': 36.40327592329545, 'count': 11, 'sum': 400.43603515625, 'median': 36.44809341430664}","(78.47891113600008, 17.480615318000048, 78.57688553000008, 17.549306657000045)",01-04-2023.geojson,Alwal,,,,,
Rangareddy,TSSD0015,138.08,"{'min': 37.6036376953125, 'max': 40.88825988769531, 'mean': 39.226596408420136, 'count': 36, 'sum': 1412.157470703125, 'median': 39.23869323730469}","(78.48719442500004, 16.794263726000054, 78.63278904100008, 16.922855003000052)",01-04-2023.geojson,Amangal,,,,,
Wanaparthy,TSSD0016,110.02,"{'min': 29.790868759155273, 'max': 41.96333312988281, 'mean': 37.62600911458333, 'count': 30, 'sum': 1128.7802734375, 'median': 38.53507614135742}","(77.65718116000005, 16.32682638500006, 77.80141077600007, 16.437234124000042)",01-04-2023.geojson,Amarchintha,,,,,
Hyderabad,TSSD0017,9.23,"{'min': 37.655452728271484, 'max': 38.45090866088867, 'mean': 37.96901321411133, 'count': 4, 'sum': 151.8760528564453, 'median': 37.884849548339844}","(78.48463282000006, 17.368221164000033, 78.52881660000008, 17.40365662100004)",01-04-2023.geojson,Amberpet,,,,,
Hyderabad,TSSD0018,3.86,"{'min': 37.749046325683594, 'max': 37.749046325683594, 'mean': 37.749046325683594, 'count': 1, 'sum': 37.749046325683594, 'median': 37.749046325683594}","(78.42921871100003, 17.43080978200004, 78.46511365000003, 17.45407132100007)",01-04-2023.geojson,Ammerpet,,,,,
Nagarkurnool,TSSD0019,1218.96,"{'min': 34.963043212890625, 'max': 41.498695373535156, 'mean': 38.11785534274193, 'count': 310, 'sum': 11816.53515625, 'median': 38.19635772705078}","(78.48741327000005, 16.00923712100007, 79.02694515400003, 16.415272880000032)",01-04-2023.geojson,Amrabad,,,,,
Suryapet,TSSD0020,116.56,"{'min': 32.27000045776367, 'max': 34.727500915527344, 'mean': 33.621710205078124, 'count': 30, 'sum': 1008.6513061523438, 'median': 33.724998474121094}","(79.90212536100006, 16.982533018000026, 80.06097163900006, 17.132924940000066)",01-04-2023.geojson,Ananthagiri,,,,,
Sangareddy,TSSD0021,186.83,"{'min': 32.88333511352539, 'max': 44.15888977050781, 'mean': 38.225149601063826, 'count': 47, 'sum': 1796.58203125, 'median': 38.143001556396484}","(77.94290081500003, 17.75956500500007, 78.11621519700003, 17.925892899000075)",01-04-2023.geojson,Andole,,,,,
Bhadradri Kothagudem,TSSD0022,176.27,"{'min': 34.27000045776367, 'max': 37.20888900756836, 'mean': 36.06570567255435, 'count': 46, 'sum': 1659.0224609375, 'median': 36.165000915527344}","(80.64118685200003, 17.28576821300004, 80.85142774000008, 17.41689142100006)",01-04-2023.geojson,Annapureddipalle,,,,,
Nalgonda,TSSD0023,190.48,"{'min': 31.759523391723633, 'max': 40.58909225463867, 'mean': 37.48691650390625, 'count': 50, 'sum': 1874.3458251953125, 'median': 38.128570556640625}","(79.19527357000004, 16.726884840000025, 79.39201370200004, 16.913228080000067)",01-04-2023.geojson,Anumula_Haliya,,,,,
Nizamabad,TSSD0024,221.85,"{'min': 27.640525817871094, 'max': 38.87631607055664, 'mean': 35.52762044270833, 'count': 60, 'sum': 2131.6572265625, 'median': 35.792633056640625}","(78.17296352400007, 18.74292431300006, 78.35632004600006, 18.93725310900004)",01-04-2023.geojson,Armoor,,,,,
Kumurambheem Asifabad,TSSD0025,380.26,"{'min': 31.577367782592773, 'max': 44.08157730102539, 'mean': 40.707375919117645, 'count': 102, 'sum': 4152.15234375, 'median': 41.167137145996094}","(79.05947913700004, 19.250334717000044, 79.39455949500007, 19.45064135100006)",01-04-2023.geojson,Asifabad,,,,,
Hyderabad,TSSD0026,12.88,"{'min': 37.09727096557617, 'max': 38.90272903442383, 'mean': 38.00802993774414, 'count': 4, 'sum': 152.03211975097656, 'median': 38.01605987548828}","(78.42582161500007, 17.359808491000024, 78.46198218000006, 17.408130664000055)",01-04-2023.geojson,Asifnagar,,,,,
Bhadradri Kothagudem,TSSD0027,329.09,"{'min': 31.241579055786133, 'max': 39.34684371948242, 'mean': 34.23133711381392, 'count': 88, 'sum': 3012.357666015625, 'median': 33.990909576416016}","(80.68546006000008, 17.692266541000038, 80.88829418500006, 17.933206824000024)",01-04-2023.geojson,Aswapuram,,,,,
Bhadradri Kothagudem,TSSD0028,564.09,"{'min': 32.150001525878906, 'max': 37.3922233581543, 'mean': 34.328505928634755, 'count': 141, 'sum': 4840.3193359375, 'median': 34.162940979003906}","(81.00029477700008, 17.215797421000048, 81.31479948400005, 17.495516869000028)",01-04-2023.geojson,Aswaraopeta,,,,,
Yadadri Bhuvanagiri,TSSD0029,171.54,"{'min': 35.58727264404297, 'max': 38.582725524902344, 'mean': 36.99456651475695, 'count': 45, 'sum': 1664.7554931640625, 'median': 36.86809539794922}","(79.08082893600005, 17.39675374600006, 79.24565290200007, 17.53585182000006)",01-04-2023.geojson,Athmakur (M),,,,,
Wanaparthy,TSSD0030,137.9,"{'min': 32.89521789550781, 'max': 40.95240020751953, 'mean': 35.932339138454864, 'count': 36, 'sum': 1293.564208984375, 'median': 35.417747497558594}","(77.73676945900007, 16.203007356000057, 77.92502598300007, 16.38983216400004)",01-04-2023.geojson,Atmakur,,,,,
Warangal_Rural,TSSD0031,100.48,"{'min': 30.802499771118164, 'max': 36.238182067871094, 'mean': 33.69878211388221, 'count': 26, 'sum': 876.1683349609375, 'median': 33.64838790893555}","(79.67890460400008, 17.996386791000077, 79.82038191900006, 18.11908245500007)",01-04-2023.geojson,Atmakur,,,,,
Suryapet,TSSD0032,206.49,"{'min': 33.474544525146484, 'max': 36.947776794433594, 'mean': 35.18959295099432, 'count': 55, 'sum': 1935.4276123046875, 'median': 35.2636833190918}","(79.59145821600004, 17.18757524600005, 79.81482135400006, 17.314815594000038)",01-04-2023.geojson,Atmakur_S,,,,,
Yadadri Bhuvanagiri,TSSD0033,188.28,"{'min': 31.328332901000977, 'max': 39.00272750854492, 'mean': 34.56837373621323, 'count': 51, 'sum': 1762.987060546875, 'median': 34.205833435058594}","(78.70944519200003, 17.280238217000033, 78.91168170600008, 17.414015307000057)",01-04-2023.geojson,B.Pochampally,,,,,
Jangoan,TSSD0034,215.84,"{'min': 33.689998626708984, 'max': 36.956363677978516, 'mean': 35.35195817618534, 'count': 58, 'sum': 2050.41357421875, 'median': 35.255455017089844}","(78.86787166400006, 17.709206091000055, 79.10262993800006, 17.8761671850001)",01-04-2023.geojson,Bachannapet,,,,,
Medchal_Malkajgiri,TSSD0035,17.73,"{'min': 36.614349365234375, 'max': 39.28727340698242, 'mean': 37.51300964355469, 'count': 5, 'sum': 187.56504821777344, 'median': 37.13199996948242}","(78.34798865200008, 17.510629856000037, 78.39909413900006, 17.553712028000064)",01-04-2023.geojson,Bachupally,,,,,
Hyderabad,TSSD0036,15.01,"{'min': 36.14047622680664, 'max': 38.974761962890625, 'mean': 37.72143046061198, 'count': 3, 'sum': 113.16429138183594, 'median': 38.049049377441406}","(78.43027281000008, 17.326923403000023, 78.47901840600008, 17.372507289000055)",01-04-2023.geojson,Bahadurpura,,,,,
Mahabubnagar,TSSD0037,174.74,"{'min': 37.11521911621094, 'max': 39.8134765625, 'mean': 38.59629224694294, 'count': 46, 'sum': 1775.429443359375, 'median': 38.50575256347656}","(78.08729467400008, 16.845259309000028, 78.30248119100008, 17.011459106000075)",01-04-2023.geojson,Balanagar,,,,,
Medchal_Malkajgiri,TSSD0038,19.28,"{'min': 36.159523010253906, 'max': 38.878570556640625, 'mean': 37.75495300292969, 'count': 5, 'sum': 188.77476501464844, 'median': 37.882381439208984}","(78.41398145500006, 17.437593329000038, 78.49711234500006, 17.495946916000037)",01-04-2023.geojson,Balanagar,,,,,
Rangareddy,TSSD0039,131.84,"{'min': 36.049129486083984, 'max': 40.52000045776367, 'mean': 37.901112583705356, 'count': 35, 'sum': 1326.5389404296875, 'median': 37.759090423583984}","(78.40825680200004, 17.228240129000028, 78.57240744700005, 17.342781479000053)",01-04-2023.geojson,Balapur,,,,,
Nizamabad,TSSD0040,97.3,"{'min': 27.219999313354492, 'max': 36.70052719116211, 'mean': 33.237412109375, 'count': 25, 'sum': 830.935302734375, 'median': 35.09700012207031}","(78.27055155900007, 18.820303712000054, 78.39954724000006, 18.968813210000064)",01-04-2023.geojson,Balkonda,,,,,
Nagarkurnool,TSSD0041,243.17,"{'min': 36.23173904418945, 'max': 43.41761779785156, 'mean': 40.636884014423075, 'count': 65, 'sum': 2641.3974609375, 'median': 41.255455017089844}","(78.49549449900007, 16.225707747000058, 78.67809309200004, 16.452804138000033)",01-04-2023.geojson,Balmoor,,,,,
Hyderabad,TSSD0042,21.38,"{'min': 38.2452392578125, 'max': 39.5004768371582, 'mean': 38.791882832845054, 'count': 6, 'sum': 232.7512969970703, 'median': 38.73809814453125}","(78.45371439300004, 17.293465379000054, 78.51861491400007, 17.352247109000075)",01-04-2023.geojson,Bandlaguda,,,,,
Kamareddy,TSSD0043,142.84,"{'min': 31.182727813720703, 'max': 41.83571243286133, 'mean': 35.16709681919643, 'count': 35, 'sum': 1230.848388671875, 'median': 33.63782501220703}","(77.83852436200004, 18.316119945000025, 78.03038834200004, 18.45416467000007)",01-04-2023.geojson,Banswada,,,,,
Vikarabad,TSSD0044,91.56,"{'min': 40.352725982666016, 'max': 46.03631591796875, 'mean': 43.43408203125, 'count': 25, 'sum': 1085.85205078125, 'median': 42.7172737121582}","(77.61390270400005, 17.383589031000042, 77.77189871100006, 17.483158091000064)",01-04-2023.geojson,Bantwaram,,,,,
Nirmal,TSSD0045,108.16,"{'min': 35.88100051879883, 'max': 45.22618865966797, 'mean': 42.39163102774784, 'count': 29, 'sum': 1229.3572998046875, 'median': 42.97999954223633}","(77.87395490400007, 18.84522452500005, 78.04060419300004, 18.95240894500006)",01-04-2023.geojson,Basar,,,,,
Vikarabad,TSSD0046,206.01,"{'min': 38.477500915527344, 'max': 46.66899871826172, 'mean': 43.94931548496462, 'count': 53, 'sum': 2329.313720703125, 'median': 44.00714111328125}","(77.36247981800005, 17.108590786000036, 77.53841200600004, 17.271892981000065)",01-04-2023.geojson,Basheerabad,,,,,
Mahabubabad,TSSD0047,307.29,"{'min': 34.595455169677734, 'max': 39.616249084472656, 'mean': 36.9565731095679, 'count': 81, 'sum': 2993.482421875, 'median': 36.75761795043945}","(80.05728874800008, 17.53352028000006, 80.26094565000005, 17.75039165800007)",01-04-2023.geojson,Bayyaram,,,,,
Adilabad,TSSD0048,253.13,"{'min': 39.78428649902344, 'max': 45.16579055786133, 'mean': 42.76379743303571, 'count': 70, 'sum': 2993.4658203125, 'median': 42.751426696777344}","(78.27492577100008, 19.393371099000035, 78.47377904700005, 19.580545785000027)",01-04-2023.geojson,Bazarhathnoor,,,,,
Jagtial,TSSD0049,108.89,"{'min': 34.8005256652832, 'max': 41.2511100769043, 'mean': 38.569969915574596, 'count': 31, 'sum': 1195.6690673828125, 'median': 38.65315628051758}","(78.87792220400007, 18.96036622300005, 79.02108975900006, 19.07988819600007)",01-04-2023.geojson,Beerpur,,,,,
Siddipet,TSSD0050,152.56,"{'min': 34.290000915527344, 'max': 40.491905212402344, 'mean': 37.089840698242185, 'count': 40, 'sum': 1483.5936279296875, 'median': 37.04330825805664}","(78.95201931600008, 18.18925398600004, 79.11791494600004, 18.34315846100003)",01-04-2023.geojson,Bejjanki,,,,,
Kumurambheem Asifabad,TSSD0051,282.92,"{'min': 37.65444564819336, 'max': 43.615882873535156, 'mean': 40.55458333333333, 'count': 75, 'sum': 3041.59375, 'median': 40.44444274902344}","(79.71984640800008, 19.26669339700004, 79.96748160900006, 19.444060153000066)",01-04-2023.geojson,Bejjur,,,,,
Adilabad,TSSD0052,252.64,"{'min': 39.61666488647461, 'max': 46.738182067871094, 'mean': 44.55850883152174, 'count': 69, 'sum': 3074.537109375, 'median': 44.77454376220703}","(78.68107592100006, 19.56508431800006, 78.85966689500003, 19.782733789000076)",01-04-2023.geojson,Bela,,,,,
Mancherial,TSSD0053,146.79,"{'min': 36.4195671081543, 'max': 40.981998443603516, 'mean': 38.56280517578125, 'count': 40, 'sum': 1542.51220703125, 'median': 38.57428741455078}","(79.41901996000007, 18.98112085100007, 79.58961168500008, 19.132048594000025)",01-04-2023.geojson,Bellampalle,,,,,
Bhadradri Kothagudem,TSSD0054,11.21,"{'min': 36.76599884033203, 'max': 37.34579086303711, 'mean': 37.05589294433594, 'count': 2, 'sum': 74.11178588867188, 'median': 37.05589294433594}","(80.87537144200007, 17.64270969100005, 80.91092172600008, 17.683719212000028)",01-04-2023.geojson,Bhadrachalam,,,,,
Nirmal,TSSD0055,247.42,"{'min': 35.045650482177734, 'max': 43.82143020629883, 'mean': 39.56262389225746, 'count': 67, 'sum': 2650.69580078125, 'median': 39.61090850830078}","(77.87843723700007, 19.03252738200007, 78.09109643600004, 19.219462747000023)",01-04-2023.geojson,Bhainsa,,,,,
Warangal_Urban,TSSD0056,147.17,"{'min': 33.667999267578125, 'max': 37.46428680419922, 'mean': 35.78125697544643, 'count': 35, 'sum': 1252.343994140625, 'median': 35.779090881347656}","(79.25802483300004, 18.001111758000036, 79.41034323000008, 18.156221128000027)",01-04-2023.geojson,Bheemadevarapalli,,,,,
Mancherial,TSSD0057,156.12,"{'min': 35.0970573425293, 'max': 39.224117279052734, 'mean': 36.87643667367789, 'count': 39, 'sum': 1438.1810302734375, 'median': 36.71111297607422}","(79.58636746400003, 18.76414004000003, 79.73368796500006, 18.942415460000063)",01-04-2023.geojson,Bheemaram,,,,,
Nizamabad,TSSD0058,225.03,"{'min': 35.874000549316406, 'max': 38.5880012512207, 'mean': 37.11917317708333, 'count': 60, 'sum': 2227.150390625, 'median': 36.953712463378906}","(78.35785953300007, 18.617871123000043, 78.59699998100007, 18.754933092000044)",01-04-2023.geojson,Bheemgal,,,,,
Mancherial,TSSD0059,151.63,"{'min': 39.313331604003906, 'max': 43.011051177978516, 'mean': 41.7005132630814, 'count': 43, 'sum': 1793.1220703125, 'median': 41.79823684692383}","(79.50578178000006, 19.14043541600006, 79.67664248700004, 19.288073780000047)",01-04-2023.geojson,Bheemini,,,,,
Adilabad,TSSD0060,195.62,"{'min': 44.758182525634766, 'max': 47.86333465576172, 'mean': 46.05646920711436, 'count': 47, 'sum': 2164.654052734375, 'median': 46.05699920654297}","(78.28468101500005, 19.728594951000048, 78.49256909000007, 19.91690008100005)",01-04-2023.geojson,Bheempoor,,,,,
Kamareddy,TSSD0061,154.94,"{'min': 31.927143096923828, 'max': 38.81571578979492, 'mean': 35.192286900111604, 'count': 42, 'sum': 1478.0760498046875, 'median': 35.17681884765625}","(78.33227141500004, 18.122403492000046, 78.50250512100007, 18.278813365000076)",01-04-2023.geojson,Bhiknoor,,,,,
Yadadri Bhuvanagiri,TSSD0062,299.2,"{'min': 31.555217742919922, 'max': 41.996665954589844, 'mean': 37.48461601061699, 'count': 78, 'sum': 2923.800048828125, 'median': 37.390869140625}","(78.80997708400008, 17.36896378700004, 79.04721217500008, 17.595952069000077)",01-04-2023.geojson,Bhongiri,,,,,
Mahabubnagar,TSSD0063,177.56,"{'min': 36.88999938964844, 'max': 41.23842239379883, 'mean': 38.906582446808514, 'count': 47, 'sum': 1828.609375, 'median': 38.57381057739258}","(77.97152580800008, 16.592727025000045, 78.15346036600005, 16.739702366000074)",01-04-2023.geojson,Bhoothpur,,,,,
Jayashankar Bhupalpally,TSSD0064,412.31,"{'min': 31.683332443237305, 'max': 39.89210510253906, 'mean': 36.50318739149306, 'count': 108, 'sum': 3942.34423828125, 'median': 36.79923629760742}","(79.72643010900003, 18.326274666000074, 80.15195044700005, 18.518666378000034)",01-04-2023.geojson,Bhupalpally,,,,,
Yadadri Bhuvanagiri,TSSD0065,181.21,"{'min': 31.2549991607666, 'max': 38.2400016784668, 'mean': 36.27738859215561, 'count': 49, 'sum': 1777.592041015625, 'median': 36.72391128540039}","(78.70762825800006, 17.383774324000058, 78.91649957900006, 17.531102042000043)",01-04-2023.geojson,Bibinagar,,,,,
Kamareddy,TSSD0066,80.7,"{'min': 31.242380142211914, 'max': 36.37666702270508, 'mean': 34.3836669921875, 'count': 20, 'sum': 687.67333984375, 'median': 34.73143005371094}","(78.46247299900006, 18.169106830000032, 78.56926485100007, 18.275633318000075)",01-04-2023.geojson,Bibipet,,,,,
Nagarkurnool,TSSD0067,265.69,"{'min': 34.12047576904297, 'max': 41.90800094604492, 'mean': 38.001028878348215, 'count': 70, 'sum': 2660.072021484375, 'median': 37.828338623046875}","(78.10083116400006, 16.421414171000038, 78.28225422800006, 16.626726615000052)",01-04-2023.geojson,Bijinapalle,,,,,
Adilabad,TSSD0068,324.19,"{'min': 39.1619987487793, 'max': 44.11899948120117, 'mean': 41.374221222310126, 'count': 79, 'sum': 3268.5634765625, 'median': 41.36600112915039}","(78.17215629700007, 19.264980181000055, 78.39684222400007, 19.45647146400006)",01-04-2023.geojson,Boath,,,,,
Nizamabad,TSSD0069,274.45,"{'min': 31.770999908447266, 'max': 43.6131591796875, 'mean': 37.038172891695204, 'count': 73, 'sum': 2703.78662109375, 'median': 36.03736877441406}","(77.73094369300003, 18.573510121000027, 77.96006357300001, 18.81143505500006)",01-04-2023.geojson,Bodhan,,,,,
Rajanna Sircilla,TSSD0070,143.88,"{'min': 28.78714370727539, 'max': 39.318572998046875, 'mean': 34.79412395198171, 'count': 41, 'sum': 1426.55908203125, 'median': 35.16999816894531}","(78.89142673800006, 18.39155487200003, 78.99623800100005, 18.58330450400007)",01-04-2023.geojson,Boinpalli,,,,,
Yadadri Bhuvanagiri,TSSD0071,165.4,"{'min': 35.07782745361328, 'max': 38.25608825683594, 'mean': 36.66407993861607, 'count': 42, 'sum': 1539.891357421875, 'median': 36.5869255065918}","(78.68260567800007, 17.506909476000033, 78.83660271700006, 17.66778853200003)",01-04-2023.geojson,Bommalaramaram,,,,,
Vikarabad,TSSD0072,219.46,"{'min': 37.418697357177734, 'max': 45.15095138549805, 'mean': 39.52528599330357, 'count': 56, 'sum': 2213.416015625, 'median': 39.02766418457031}","(77.61321700700006, 17.021545857000035, 77.78997648900008, 17.236770282000066)",01-04-2023.geojson,Bommaraspeta,,,,,
Khammam,TSSD0073,164.0,"{'min': 33.3577766418457, 'max': 37.15266799926758, 'mean': 35.492023747141765, 'count': 41, 'sum': 1455.1729736328125, 'median': 35.593528747558594}","(80.19836868700008, 16.94670916900003, 80.36649696300003, 17.117145719000064)",01-04-2023.geojson,Bonakal,,,,,
Jagtial,TSSD0074,80.72,"{'min': 33.81666564941406, 'max': 37.15888977050781, 'mean': 35.4938036047894, 'count': 23, 'sum': 816.3574829101562, 'median': 35.68684387207031}","(79.00621644400007, 18.822787249000044, 79.14474962700007, 18.91916278800005)",01-04-2023.geojson,Buggaram,,,,,
Bhadradri Kothagudem,TSSD0075,212.03,"{'min': 34.731109619140625, 'max': 39.62333297729492, 'mean': 37.119972511574076, 'count': 54, 'sum': 2004.478515625, 'median': 37.06781768798828}","(80.73228080900003, 17.59843230000007, 80.90367732300007, 17.75553509100007)",01-04-2023.geojson,Burgampadu,,,,,
Nalgonda,TSSD0076,349.48,"{'min': 35.58909225463867, 'max': 43.14908981323242, 'mean': 39.64995011039402, 'count': 92, 'sum': 3647.79541015625, 'median': 39.80511474609375}","(78.83961784400003, 16.35584791900004, 79.21275923200005, 16.646382362000054)",01-04-2023.geojson,Chandampet,,,,,
Bhadradri Kothagudem,TSSD0077,146.4,"{'min': 32.231109619140625, 'max': 40.03947448730469, 'mean': 37.341585726351354, 'count': 37, 'sum': 1381.638671875, 'median': 37.85333251953125}","(80.55637660300005, 17.31648540200007, 80.69607967500008, 17.452303995000022)",01-04-2023.geojson,Chandrugonda,,,,,
Nalgonda,TSSD0078,210.39,"{'min': 37.872501373291016, 'max': 43.30523681640625, 'mean': 40.611295880011795, 'count': 53, 'sum': 2152.398681640625, 'median': 40.660831451416016}","(78.89291217500005, 16.893248166000035, 79.10048328200008, 17.094642131000057)",01-04-2023.geojson,Chandur,,,,,
Nagarkurnool,TSSD0079,172.21,"{'min': 38.490909576416016, 'max': 44.16826248168945, 'mean': 40.27388237847222, 'count': 45, 'sum': 1812.32470703125, 'median': 39.86909103393555}","(78.57614983600007, 16.636888998000074, 78.79233917400006, 16.779519700000037)",01-04-2023.geojson,Charakonda,,,,,
Hyderabad,TSSD0080,5.37,"{'min': 39.68333435058594, 'max': 39.68333435058594, 'mean': 39.68333435058594, 'count': 1, 'sum': 39.68333435058594, 'median': 39.68333435058594}","(78.47460501900008, 17.34768383200003, 78.50070316000006, 17.376123801000062)",01-04-2023.geojson,Charminar,,,,,
Rajanna Sircilla,TSSD0081,172.75,"{'min': 32.9119987487793, 'max': 40.12714385986328, 'mean': 35.63188680013021, 'count': 48, 'sum': 1710.33056640625, 'median': 35.0238151550293}","(78.61274932300006, 18.50685668500006, 78.84598478800007, 18.63425720600003)",01-04-2023.geojson,Chendurthi,,,,,
Warangal_Rural,TSSD0082,99.63,"{'min': 31.923913955688477, 'max': 34.636085510253906, 'mean': 33.37755926724138, 'count': 29, 'sum': 967.94921875, 'median': 33.24238204956055}","(79.77887035600008, 17.796694865000063, 79.93870076600007, 17.912052966000033)",01-04-2023.geojson,Chennaraopet,,,,,
Mancherial,TSSD0083,348.6,"{'min': 30.540000915527344, 'max': 40.55888748168945, 'mean': 36.904604704483695, 'count': 92, 'sum': 3395.2236328125, 'median': 37.150291442871094}","(79.65949015600006, 18.682762397000033, 79.84767354200005, 18.959046801000056)",01-04-2023.geojson,Chennur,,,,,
Siddipet,TSSD0084,222.44,"{'min': 33.801429748535156, 'max': 39.11190414428711, 'mean': 36.45931955111229, 'count': 59, 'sum': 2151.099853515625, 'median': 36.53545379638672}","(78.86758954600003, 17.828098220000072, 79.06729449200009, 18.036935309000057)",01-04-2023.geojson,Cherial,,,,,
Bhadradri Kothagudem,TSSD0085,477.35,"{'min': 32.25555419921875, 'max': 39.42473602294922, 'mean': 35.00318375254065, 'count': 123, 'sum': 4305.3916015625, 'median': 34.99420928955078}","(80.73391161600006, 17.933206824000024, 80.98568532800005, 18.238859586000046)",01-04-2023.geojson,Cherla,,,,,
Rangareddy,TSSD0086,276.14,"{'min': 39.45869445800781, 'max': 44.475555419921875, 'mean': 42.05450355843322, 'count': 73, 'sum': 3069.978759765625, 'median': 42.2071418762207}","(78.00412674500006, 17.23299501100007, 78.21859291200008, 17.409433687000046)",01-04-2023.geojson,Chevella,,,,,
Karimnagar,TSSD0087,149.85,"{'min': 33.67476272583008, 'max': 36.75526428222656, 'mean': 35.04103393554688, 'count': 40, 'sum': 1401.641357421875, 'median': 34.907142639160156}","(79.10798904900008, 18.16049209700003, 79.25728156700006, 18.285204140000076)",01-04-2023.geojson,Chigurumamidi,,,,,
Suryapet,TSSD0088,109.2,"{'min': 31.698572158813477, 'max': 34.96099853515625, 'mean': 32.97217450823103, 'count': 28, 'sum': 923.2208862304688, 'median': 32.80381774902344}","(79.79036079100007, 16.906046110000034, 79.93531953700005, 17.024466438000047)",01-04-2023.geojson,Chilkur,,,,,
Jangoan,TSSD0089,157.63,"{'min': 32.431819915771484, 'max': 36.23381042480469, 'mean': 34.508808934411334, 'count': 43, 'sum': 1483.8787841796875, 'median': 34.5363655090332}","(79.20344106000005, 17.85176273600007, 79.44938298400007, 17.98733100100003)",01-04-2023.geojson,Chilpur,,,,,
Mahabubnagar,TSSD0090,182.6,"{'min': 36.72618865966797, 'max': 44.97272872924805, 'mean': 41.74455078125, 'count': 50, 'sum': 2087.2275390625, 'median': 41.88644027709961}","(77.73330203000006, 16.37851123300004, 77.87096754700008, 16.616724610000063)",01-04-2023.geojson,Chinna Chinta Kunta,,,,,
Mahabubabad,TSSD0091,62.33,"{'min': 33.034210205078125, 'max': 35.0533332824707, 'mean': 34.008584415211395, 'count': 17, 'sum': 578.1459350585938, 'median': 33.702999114990234}","(79.84909294100004, 17.449136596000073, 79.93830751200005, 17.551928229000055)",01-04-2023.geojson,Chinnagudur,,,,,
Siddipet,TSSD0092,210.1,"{'min': 33.56545639038086, 'max': 36.84714126586914, 'mean': 35.206660970052084, 'count': 60, 'sum': 2112.399658203125, 'median': 35.385711669921875}","(78.82494370000006, 18.112037676000057, 79.02016956300008, 18.25691097600003)",01-04-2023.geojson,Chinnakodur,,,,,
Wanaparthy,TSSD0093,211.48,"{'min': 37.30130386352539, 'max': 46.99315643310547, 'mean': 42.36065042429957, 'count': 58, 'sum': 2456.917724609375, 'median': 42.600303649902344}","(78.05946824700004, 15.943903422000062, 78.25862092700004, 16.10487720200007)",01-04-2023.geojson,Chinnambavi,,,,,
Khammam,TSSD0094,188.05,"{'min': 34.37444305419922, 'max': 37.79352951049805, 'mean': 35.82576851222826, 'count': 46, 'sum': 1647.9853515625, 'median': 35.723655700683594}","(80.15749622700008, 17.00863986300004, 80.30764277300005, 17.236461319000057)",01-04-2023.geojson,Chintakani,,,,,
Kumurambheem Asifabad,TSSD0095,288.59,"{'min': 37.67777633666992, 'max': 43.27470397949219, 'mean': 40.73869323730469, 'count': 80, 'sum': 3259.095458984375, 'median': 40.76388931274414}","(79.67767908700006, 19.36047807800003, 79.97913072000006, 19.567678157000046)",01-04-2023.geojson,Chintalamanepally,,,,,
Suryapet,TSSD0096,202.08,"{'min': 31.10545539855957, 'max': 41.393001556396484, 'mean': 37.63336301317402, 'count': 51, 'sum': 1919.301513671875, 'median': 38.94300079345703}","(79.89168709400008, 16.63122235000003, 80.07323171000007, 16.848894700000073)",01-04-2023.geojson,Chinthala palem,,,,,
Nalgonda,TSSD0097,274.6,"{'min': 38.43583297729492, 'max': 43.75416564941406, 'mean': 41.089557291666665, 'count': 75, 'sum': 3081.716796875, 'median': 41.174800872802734}","(78.69548427600006, 16.739825453000037, 78.92444476600008, 16.973748571000044)",01-04-2023.geojson,Chinthapally,,,,,
Jayashankar Bhupalpally,TSSD0098,210.42,"{'min': 34.15571594238281, 'max': 38.95600128173828, 'mean': 36.81749417489035, 'count': 57, 'sum': 2098.59716796875, 'median': 36.79190444946289}","(79.64088009700004, 18.283442338000043, 79.79196266500009, 18.492380515000036)",01-04-2023.geojson,Chityal,,,,,
Nalgonda,TSSD0099,237.77,"{'min': 36.94091033935547, 'max': 40.46478271484375, 'mean': 38.48357340494792, 'count': 60, 'sum': 2309.014404296875, 'median': 38.394134521484375}","(78.96087085700003, 17.126777316000073, 79.17779320000005, 17.284106424000072)",01-04-2023.geojson,Chityal,,,,,
Suryapet,TSSD0100,151.19,"{'min': 33.148948669433594, 'max': 38.369998931884766, 'mean': 35.486627197265626, 'count': 40, 'sum': 1419.465087890625, 'median': 35.535240173339844}","(79.61526708400004, 17.06178183000003, 79.77234545500005, 17.21508940600006)",01-04-2023.geojson,Chivvemla,,,,,
Karimnagar,TSSD0101,141.96,"{'min': 31.102380752563477, 'max': 35.729000091552734, 'mean': 33.3084074321546, 'count': 38, 'sum': 1265.719482421875, 'median': 33.14649963378906}","(79.09673047900003, 18.516979337000066, 79.23072403500004, 18.66557143500006)",01-04-2023.geojson,Choppadandi,,,,,
Yadadri Bhuvanagiri,TSSD0102,264.84,"{'min': 34.94583511352539, 'max': 42.501304626464844, 'mean': 37.991623569542256, 'count': 71, 'sum': 2697.4052734375, 'median': 37.97261047363281}","(78.747570484, 17.19528529400003, 78.99749932000003, 17.348531597000033)",01-04-2023.geojson,Choutuppal,,,,,
Rangareddy,TSSD0103,111.15,"{'min': 35.87091064453125, 'max': 43.83000183105469, 'mean': 38.408266420717595, 'count': 27, 'sum': 1037.023193359375, 'median': 37.53727340698242}","(77.92190617600005, 16.980166997000026, 78.03572549400008, 17.14859407800003)",01-04-2023.geojson,Chowdergudem,,,,,
Bhadradri Kothagudem,TSSD0104,113.98,"{'min': 34.69095230102539, 'max': 38.795555114746094, 'mean': 36.051513671875, 'count': 31, 'sum': 1117.596923828125, 'median': 35.893001556396484}","(80.59078646000006, 17.397527010000033, 80.73926192500005, 17.56175825500003)",01-04-2023.geojson,Chunchupally,,,,,
Kumurambheem Asifabad,TSSD0105,282.91,"{'min': 35.018001556396484, 'max': 43.16666793823242, 'mean': 39.021180848817565, 'count': 74, 'sum': 2887.5673828125, 'median': 38.398216247558594}","(79.55061502100006, 19.147024978000047, 79.94481136900004, 19.320003257000053)",01-04-2023.geojson,Dahegaon,,,,,
Nalgonda,TSSD0106,212.91,"{'min': 35.28052520751953, 'max': 43.20428466796875, 'mean': 38.02224343039773, 'count': 55, 'sum': 2091.223388671875, 'median': 37.59235382080078}","(79.52381292400008, 16.65992049600004, 79.70200312500003, 16.812899723000044)",01-04-2023.geojson,Damaracherla,,,,,
Narayanpet,TSSD0107,197.8,"{'min': 36.970001220703125, 'max': 45.272499084472656, 'mean': 40.975478515625, 'count': 50, 'sum': 2048.77392578125, 'median': 41.18327331542969}","(77.45634407100005, 16.764877660000025, 77.60496874100005, 16.959326115000067)",01-04-2023.geojson,Damargidda,,,,,
Warangal_Rural,TSSD0108,89.35,"{'min': 31.64272689819336, 'max': 36.718570709228516, 'mean': 33.7389170328776, 'count': 24, 'sum': 809.7340087890625, 'median': 33.81879425048828}","(79.60072347200008, 18.00572767700004, 79.70643829000005, 18.13897497800008)",01-04-2023.geojson,Damera,,,,,
Bhadradri Kothagudem,TSSD0109,482.53,"{'min': 32.512351989746094, 'max': 37.154998779296875, 'mean': 34.44579326923077, 'count': 130, 'sum': 4477.953125, 'median': 34.486488342285156}","(80.86476856000007, 17.190519193000057, 81.08735919600008, 17.56822006400006)",01-04-2023.geojson,Dammapeta,,,,,
Mancherial,TSSD0110,212.73,"{'min': 32.815555572509766, 'max': 39.191001892089844, 'mean': 36.665925678453945, 'count': 57, 'sum': 2089.957763671875, 'median': 36.904998779296875}","(79.08727409600004, 18.884636873000034, 79.22437932800005, 19.103216721000024)",01-04-2023.geojson,Dandepalle,,,,,
Mahabubabad,TSSD0111,108.96,"{'min': 32.70800018310547, 'max': 35.58473587036133, 'mean': 34.178080897177416, 'count': 31, 'sum': 1059.5205078125, 'median': 34.22578811645508}","(79.65560623800008, 17.428868298000054, 79.78530222000006, 17.546608658000025)",01-04-2023.geojson,Danthalapalle,,,,,
Nirmal,TSSD0112,76.62,"{'min': 33.148887634277344, 'max': 40.67555618286133, 'mean': 36.195363898026315, 'count': 19, 'sum': 687.7119140625, 'median': 35.880001068115234}","(78.82647409500004, 19.034610264000037, 78.95076054900005, 19.132845763000034)",01-04-2023.geojson,Dasturabad,,,,,
Nalgonda,TSSD0113,235.21,"{'min': 36.46217346191406, 'max': 43.724544525146484, 'mean': 41.833834740423384, 'count': 62, 'sum': 2593.69775390625, 'median': 41.922080993652344}","(78.75664741300005, 16.599618543000076, 78.96744054100003, 16.769811435000065)",01-04-2023.geojson,Devarakonda,,,,,
Mahabubnagar,TSSD0114,238.37,"{'min': 32.93952560424805, 'max': 44.779090881347656, 'mean': 39.86247401083669, 'count': 62, 'sum': 2471.473388671875, 'median': 40.53948211669922}","(77.76466384500003, 16.454975524000076, 77.92512638900007, 16.738387466000063)",01-04-2023.geojson,Devarkadra,,,,,
Jangoan,TSSD0115,182.53,"{'min': 35.650001525878906, 'max': 39.11090850830078, 'mean': 37.226630859375, 'count': 50, 'sum': 1861.33154296875, 'median': 37.237213134765625}","(79.21277209400006, 17.510665525000036, 79.40089799000003, 17.677652839000075)",01-04-2023.geojson,Devaruppula,,,,,
Narayanpet,TSSD0116,153.65,"{'min': 37.04478073120117, 'max': 44.56100082397461, 'mean': 40.4091236011402, 'count': 37, 'sum': 1495.1375732421875, 'median': 40.451904296875}","(77.59496902800004, 16.571400942000025, 77.76875056600005, 16.754234962000055)",01-04-2023.geojson,Dhanwada,,,,,
Jagtial,TSSD0117,175.9,"{'min': 34.723331451416016, 'max': 41.10176467895508, 'mean': 38.14913194444444, 'count': 45, 'sum': 1716.7109375, 'median': 38.216251373291016}","(78.99144763200007, 18.877766286000053, 79.16011736700005, 19.07420193200005)",01-04-2023.geojson,Dharmapuri,,,,,
Peddapalli,TSSD0118,201.92,"{'min': 31.08473777770996, 'max': 36.05095291137695, 'mean': 33.601663841391506, 'count': 53, 'sum': 1780.88818359375, 'median': 33.415000915527344}","(79.11294947900006, 18.616084372000046, 79.33879022800005, 18.75580704600003)",01-04-2023.geojson,Dharmaram,,,,,
Warangal_Urban,TSSD0119,166.63,"{'min': 32.48272705078125, 'max': 36.36619186401367, 'mean': 34.81823459201389, 'count': 45, 'sum': 1566.820556640625, 'median': 34.85952377319336}","(79.34392484200004, 17.872946780000063, 79.49559988700008, 18.064662017000046)",01-04-2023.geojson,Dharmasagar,,,,,
Jogulamba Gadwal,TSSD0120,233.51,"{'min': 30.180435180664062, 'max': 40.410831451416016, 'mean': 36.6485595703125, 'count': 60, 'sum': 2198.91357421875, 'median': 37.50383377075195}","(77.59027451200006, 16.165087868000057, 77.75403082300005, 16.362950969000053)",01-04-2023.geojson,Dharoor,,,,,
Vikarabad,TSSD0121,204.41,"{'min': 36.676666259765625, 'max': 45.393001556396484, 'mean': 40.93834510216346, 'count': 52, 'sum': 2128.7939453125, 'median': 40.53567123413086}","(77.69853344900008, 17.210650905000023, 77.85683392500005, 17.378989310000065)",01-04-2023.geojson,Dharoor,,,,,
Nizamabad,TSSD0122,181.87,"{'min': 34.238887786865234, 'max': 39.33000183105469, 'mean': 37.422771843112244, 'count': 49, 'sum': 1833.7158203125, 'median': 37.702999114990234}","(78.27142695800006, 18.455096901000047, 78.41235874700004, 18.675940208000043)",01-04-2023.geojson,Dharpally,,,,,
Nizamabad,TSSD0123,165.76,"{'min': 33.197776794433594, 'max': 39.292999267578125, 'mean': 36.740961371527774, 'count': 45, 'sum': 1653.34326171875, 'median': 37.10293960571289}","(78.13708897600003, 18.552299339000058, 78.33103872900006, 18.67400565300005)",01-04-2023.geojson,Dichpally,,,,,
Nirmal,TSSD0124,155.33,"{'min': 28.305789947509766, 'max': 43.90618896484375, 'mean': 35.7874755859375, 'count': 40, 'sum': 1431.4990234375, 'median': 36.2040901184082}","(78.18162478500005, 18.979193036000026, 78.31903817300008, 19.15181674400003)",01-04-2023.geojson,Dilawarpur,,,,,
Vikarabad,TSSD0125,169.11,"{'min': 35.47782516479492, 'max': 41.68809509277344, 'mean': 38.14298317649148, 'count': 44, 'sum': 1678.291259765625, 'median': 38.06227111816406}","(77.75350961300006, 16.993685688000028, 77.91797159400005, 17.151011999000048)",01-04-2023.geojson,Doma,,,,,
Mahabubabad,TSSD0126,157.58,"{'min': 34.56636428833008, 'max': 37.65470504760742, 'mean': 36.21426614900915, 'count': 41, 'sum': 1484.784912109375, 'median': 36.34714126586914}","(80.00919088400008, 17.34578428800006, 80.17130219700005, 17.498026924000044)",01-04-2023.geojson,Dornakal,,,,,
Vikarabad,TSSD0127,206.9,"{'min': 36.73347854614258, 'max': 45.794349670410156, 'mean': 40.14732947716346, 'count': 52, 'sum': 2087.6611328125, 'median': 39.7161865234375}","(77.47254906600006, 16.90300025500005, 77.65396255100006, 17.070101057000045)",01-04-2023.geojson,Doulthabad,,,,,
Siddipet,TSSD0128,239.89,"{'min': 33.08333206176758, 'max': 37.62699890136719, 'mean': 35.09343998015873, 'count': 63, 'sum': 2210.88671875, 'median': 35.0260009765625}","(78.54681796600005, 18.097298073000047, 78.75700455300006, 18.255668025000034)",01-04-2023.geojson,Dubbak,,,,,
Warangal_Rural,TSSD0129,117.69,"{'min': 33.00739288330078, 'max': 36.319091796875, 'mean': 34.25569792716734, 'count': 31, 'sum': 1061.9266357421875, 'median': 34.08217239379883}","(79.74503783800003, 17.911539967000067, 79.86925509200006, 18.07929052000003)",01-04-2023.geojson,Duggondi,,,,,
Bhadradri Kothagudem,TSSD0130,322.15,"{'min': 31.477619171142578, 'max': 38.36058807373047, 'mean': 36.158698004645274, 'count': 74, 'sum': 2675.74365234375, 'median': 36.54634094238281}","(80.86195260000005, 17.696811285000024, 81.09376572500008, 17.952898013000038)",01-04-2023.geojson,Dummugudem,,,,,
Medchal_Malkajgiri,TSSD0131,81.34,"{'min': 34.580474853515625, 'max': 39.11899948120117, 'mean': 37.2310546875, 'count': 20, 'sum': 744.62109375, 'median': 37.33757019042969}","(78.36001430200008, 17.525573036000026, 78.50711033000005, 17.638921073000063)",01-04-2023.geojson,Dundigal Gandimaisamma,,,,,
Peddapalli,TSSD0132,76.87,"{'min': 30.680477142333984, 'max': 33.46809387207031, 'mean': 31.573380903764203, 'count': 22, 'sum': 694.6143798828125, 'median': 31.439239501953125}","(79.21615438200007, 18.50700951700003, 79.32467419700004, 18.611289084000077)",01-04-2023.geojson,Eligaid,,,,,
Warangal_Urban,TSSD0133,130.61,"{'min': 31.1200008392334, 'max': 35.65380859375, 'mean': 33.505563836348685, 'count': 38, 'sum': 1273.21142578125, 'median': 33.77300262451172}","(79.37430346400004, 18.03182084900004, 79.56117484200007, 18.167621027000052)",01-04-2023.geojson,Elkathurthi,,,,,
Karimnagar,TSSD0134,97.13,"{'min': 31.442222595214844, 'max': 34.224998474121094, 'mean': 32.69571627103365, 'count': 26, 'sum': 850.088623046875, 'median': 32.88055419921875}","(79.48944079000006, 18.22671351400004, 79.58025617800007, 18.37787529900004)",01-04-2023.geojson,Ellandakunta,,,,,
Khammam,TSSD0135,189.89,"{'min': 33.3311767578125, 'max': 37.647647857666016, 'mean': 35.369667202818626, 'count': 51, 'sum': 1803.85302734375, 'median': 35.1879997253418}","(80.32325062100006, 17.259354917000053, 80.50833243100004, 17.441441247000057)",01-04-2023.geojson,Enkoor,,,,,
Mulugu,TSSD0136,343.37,"{'min': 32.01315689086914, 'max': 39.62699890136719, 'mean': 36.21377165421195, 'count': 92, 'sum': 3331.6669921875, 'median': 36.460670471191406}","(80.26936561700006, 18.23370998300004, 80.49039395700004, 18.462636728000064)",01-04-2023.geojson,Eturnagaram,,,,,
Rangareddy,TSSD0137,278.36,"{'min': 36.276363372802734, 'max': 41.82579040527344, 'mean': 38.278346354166665, 'count': 75, 'sum': 2870.8759765625, 'median': 38.262725830078125}","(78.06823301000003, 16.93980447000007, 78.31577077500003, 17.115180701000043)",01-04-2023.geojson,Farooqnagar,,,,,
Adilabad,TSSD0138,227.73,"{'min': 41.676666259765625, 'max': 45.838890075683594, 'mean': 43.65323226178279, 'count': 61, 'sum': 2662.84716796875, 'median': 43.58618927001953}","(78.77129668200007, 19.52875835800006, 78.97180690400006, 19.672134552000045)",01-04-2023.geojson,Gadiguda,,,,,
Jogulamba Gadwal,TSSD0139,264.89,"{'min': 33.27750015258789, 'max': 47.353477478027344, 'mean': 39.38883231026786, 'count': 70, 'sum': 2757.21826171875, 'median': 39.82429885864258}","(77.72121964000007, 16.085291977000054, 77.93275208300008, 16.318733621000035)",01-04-2023.geojson,Gadwal,,,,,
Siddipet,TSSD0140,212.47,"{'min': 33.286521911621094, 'max': 40.880001068115234, 'mean': 37.470367431640625, 'count': 52, 'sum': 1948.4591064453125, 'median': 37.673500061035156}","(78.58303917400008, 17.794325789000027, 78.78577283400006, 17.975258496000038)",01-04-2023.geojson,Gajwel,,,,,
Rajanna Sircilla,TSSD0141,156.05,"{'min': 31.089048385620117, 'max': 37.47600173950195, 'mean': 34.02257407583841, 'count': 41, 'sum': 1394.925537109375, 'median': 34.13285827636719}","(78.52078465300008, 18.22335373800007, 78.64656692100004, 18.42659197100005)",01-04-2023.geojson,Gambhiraopet,,,,,
Mahabubnagar,TSSD0142,228.82,"{'min': 34.088096618652344, 'max': 39.137271881103516, 'mean': 36.61762152777778, 'count': 63, 'sum': 2306.91015625, 'median': 36.68333435058594}","(77.73779362900007, 16.845154139000044, 77.95386938900003, 16.999075455000025)",01-04-2023.geojson,Gandeed,,,,,
Kamareddy,TSSD0143,333.76,"{'min': 34.89908981323242, 'max': 44.737369537353516, 'mean': 40.62548828125, 'count': 87, 'sum': 3534.41748046875, 'median': 41.042999267578125}","(77.92036537400008, 18.313249016000043, 78.18359844500003, 18.50402559500003)",01-04-2023.geojson,Gandhari,,,,,
Rangareddy,TSSD0144,104.67,"{'min': 29.746191024780273, 'max': 38.93000030517578, 'mean': 35.51351693960336, 'count': 26, 'sum': 923.3514404296875, 'median': 36.468894958496094}","(78.22812814200006, 17.32859737600006, 78.42011614800003, 17.43391934600004)",01-04-2023.geojson,Gandipet,,,,,
Karimnagar,TSSD0145,160.18,"{'min': 32.97315979003906, 'max': 36.88809585571289, 'mean': 34.537027994791664, 'count': 42, 'sum': 1450.55517578125, 'median': 34.448448181152344}","(78.94956144100007, 18.417228382000076, 79.08057825900005, 18.682963267000048)",01-04-2023.geojson,Gangadhara,,,,,
Mahabubabad,TSSD0146,388.97,"{'min': 31.796316146850586, 'max': 38.180999755859375, 'mean': 35.05608191856971, 'count': 104, 'sum': 3645.83251953125, 'median': 35.13633728027344}","(80.09945621800006, 17.703358498000057, 80.32312548900006, 18.023583650000035)",01-04-2023.geojson,Gangaram,,,,,
Karimnagar,TSSD0147,128.88,"{'min': 28.66391372680664, 'max': 38.23434829711914, 'mean': 33.66883433948863, 'count': 33, 'sum': 1111.071533203125, 'median': 34.21521759033203}","(79.00593677600006, 18.285893647000023, 79.15761711400006, 18.42386993300005)",01-04-2023.geojson,Ganneruvaram,,,,,
Suryapet,TSSD0148,196.75,"{'min': 32.86894607543945, 'max': 36.92578887939453, 'mean': 34.493438720703125, 'count': 52, 'sum': 1793.6588134765625, 'median': 34.51148223876953}","(79.69899423300006, 16.791794304000064, 79.84726513600003, 16.996734263000064)",01-04-2023.geojson,Garidepalli,,,,,
Mahabubabad,TSSD0149,134.15,"{'min': 35.32899856567383, 'max': 38.25, 'mean': 36.91251395089286, 'count': 35, 'sum': 1291.93798828125, 'median': 36.81842041015625}","(80.09119141800005, 17.438011174000053, 80.22850494600004, 17.593396365000046)",01-04-2023.geojson,Garla,,,,,
Warangal_Rural,TSSD0150,134.93,"{'min': 33.198570251464844, 'max': 37.049049377441406, 'mean': 35.17939801897322, 'count': 35, 'sum': 1231.2789306640625, 'median': 35.20619201660156}","(79.61786745500007, 17.897533089000035, 79.78756875100004, 18.025592932000052)",01-04-2023.geojson,Geesugonda,,,,,
Jayashankar Bhupalpally,TSSD0151,135.95,"{'min': 30.527000427246094, 'max': 38.46263122558594, 'mean': 35.3694969383446, 'count': 37, 'sum': 1308.67138671875, 'median': 36.029998779296875}","(79.80756877900006, 18.262592781000023, 79.95276371100005, 18.417946673000074)",01-04-2023.geojson,Ghanapur_Mulug,,,,,
Wanaparthy,TSSD0152,155.07,"{'min': 34.72428512573242, 'max': 40.47380828857422, 'mean': 38.2157560649671, 'count': 38, 'sum': 1452.19873046875, 'median': 38.32798767089844}","(77.98310490100005, 16.47901398600004, 78.12571646600009, 16.626992442000073)",01-04-2023.geojson,Ghanpur,,,,,
Jangoan,TSSD0153,172.06,"{'min': 31.386363983154297, 'max': 36.25749969482422, 'mean': 34.228656684027776, 'count': 45, 'sum': 1540.28955078125, 'median': 34.26130294799805}","(79.23152818800008, 17.720237033000046, 79.42362870100004, 17.892366453000022)",01-04-2023.geojson,Ghanpur (Stn),,,,,
Medchal_Malkajgiri,TSSD0154,123.94,"{'min': 33.27782440185547, 'max': 39.11190414428711, 'mean': 36.83979255922379, 'count': 31, 'sum': 1142.0335693359375, 'median': 37.46908950805664}","(78.61964476900005, 17.377866780000033, 78.75985781500003, 17.488422350000064)",01-04-2023.geojson,Ghatkesar,,,,,
Jogulamba Gadwal,TSSD0155,267.38,"{'min': 35.056400299072266, 'max': 45.854347229003906, 'mean': 41.094592457086264, 'count': 71, 'sum': 2917.716064453125, 'median': 41.107391357421875}","(77.49353266000008, 15.976683508000065, 77.64425295800004, 16.21363012000006)",01-04-2023.geojson,Ghattu,,,,,
Hyderabad,TSSD0156,9.86,"{'min': 36.87636184692383, 'max': 37.352725982666016, 'mean': 37.11454391479492, 'count': 2, 'sum': 74.22908782958984, 'median': 37.11454391479492}","(78.38383245800003, 17.369513270000027, 78.43137261900006, 17.39634099500006)",01-04-2023.geojson,Golkonda,,,,,
Jagtial,TSSD0157,151.75,"{'min': 31.913000106811523, 'max': 36.28200149536133, 'mean': 34.50557163783482, 'count': 42, 'sum': 1449.2340087890625, 'median': 34.5313835144043}","(78.95794203800006, 18.74532743900005, 79.15334781300004, 18.85190287000006)",01-04-2023.geojson,Gollapalli,,,,,
Wanaparthy,TSSD0158,125.4,"{'min': 35.431739807128906, 'max': 39.97956466674805, 'mean': 37.36334402901786, 'count': 35, 'sum': 1307.717041015625, 'median': 37.130001068115234}","(78.08591650400007, 16.328531611000074, 78.20166738400007, 16.47124508400003)",01-04-2023.geojson,Gopalpet,,,,,
Mulugu,TSSD0159,343.34,"{'min': 30.961427688598633, 'max': 37.69599914550781, 'mean': 35.09489021720467, 'count': 91, 'sum': 3193.635009765625, 'median': 35.37095260620117}","(79.99281799200008, 18.08316615600006, 80.26935217700003, 18.29768950400006)",01-04-2023.geojson,Govindaraopet,,,,,
Adilabad,TSSD0160,159.79,"{'min': 40.85173797607422, 'max': 45.76411819458008, 'mean': 43.26282051282051, 'count': 39, 'sum': 1687.25, 'median': 43.32904815673828}","(78.44054848400003, 19.441831296000146, 78.58019452000008, 19.607753279000065)",01-04-2023.geojson,Gudihathnur,,,,,
Mahabubabad,TSSD0161,312.8,"{'min': 33.011817932128906, 'max': 38.18333435058594, 'mean': 35.44766458650915, 'count': 82, 'sum': 2906.70849609375, 'median': 35.45454788208008}","(79.87550272900006, 17.686846624000054, 80.15255229900004, 17.87590134000004)",01-04-2023.geojson,Gudur,,,,,
Sangareddy,TSSD0162,98.98,"{'min': 35.42363739013672, 'max': 41.00363540649414, 'mean': 37.92959228515625, 'count': 25, 'sum': 948.2398071289062, 'median': 38.06999969482422}","(78.31472103200008, 17.61424192000004, 78.44886573200006, 17.746359040000073)",01-04-2023.geojson,Gummadidala,,,,,
Bhadradri Kothagudem,TSSD0163,495.92,"{'min': 31.99380874633789, 'max': 37.61333465576172, 'mean': 35.039713541666664, 'count': 132, 'sum': 4625.2421875, 'median': 35.06623840332031}","(80.25193695800004, 17.734911501000056, 80.47191641100005, 18.082237242000076)",01-04-2023.geojson,Gundala,,,,,
Yadadri Bhuvanagiri,TSSD0164,172.25,"{'min': 35.48636245727539, 'max': 38.54142761230469, 'mean': 36.8054032759233, 'count': 44, 'sum': 1619.437744140625, 'median': 36.71617126464844}","(79.14910012700005, 17.45209845900007, 79.37870067300008, 17.62417806900004)",01-04-2023.geojson,Gundala,,,,,
Nalgonda,TSSD0165,263.41,"{'min': 33.9203987121582, 'max': 42.10826110839844, 'mean': 38.595695944393384, 'count': 68, 'sum': 2624.50732421875, 'median': 39.09782409667969}","(78.61528553800008, 16.514907610000023, 78.85800945400007, 16.715959889000032)",01-04-2023.geojson,Gundlapally,,,,,
Nalgonda,TSSD0166,309.8,"{'min': 36.162174224853516, 'max': 41.87173843383789, 'mean': 38.66492592416159, 'count': 82, 'sum': 3170.52392578125, 'median': 38.502349853515625}","(78.99484315300003, 16.723799824000025, 79.20953000900005, 16.93974487500003)",01-04-2023.geojson,Gurrampode,,,,,
Mancherial,TSSD0167,257.54,"{'min': 31.294761657714844, 'max': 41.996315002441406, 'mean': 38.01403459821429, 'count': 70, 'sum': 2660.982421875, 'median': 38.36210632324219}","(79.26565732000006, 18.814436070000056, 79.42256325600005, 19.008309308000037)",01-04-2023.geojson,Hajipur,,,,,
Warangal_Urban,TSSD0168,45.74,"{'min': 33.69091033935547, 'max': 36.44523620605469, 'mean': 35.14201354980469, 'count': 12, 'sum': 421.70416259765625, 'median': 35.150001525878906}","(79.50733597600004, 17.982258095000077, 79.59918790600005, 18.051422419000062)",01-04-2023.geojson,Hanamkonda,,,,,
Mahabubnagar,TSSD0169,168.92,"{'min': 35.885650634765625, 'max': 39.724544525146484, 'mean': 37.62734153053977, 'count': 44, 'sum': 1655.60302734375, 'median': 37.59861373901367}","(77.76252807700007, 16.752192707000063, 77.98873493800005, 16.893183992000047)",01-04-2023.geojson,Hanwada,,,,,
Warangal_Urban,TSSD0170,161.17,"{'min': 30.72052574157715, 'max': 36.23454666137695, 'mean': 33.45538472020349, 'count': 43, 'sum': 1438.58154296875, 'median': 33.268001556396484}","(79.43172067800003, 17.991968021000048, 79.62513964800007, 18.143584798000063)",01-04-2023.geojson,Hasanparthy,,,,,
Sangareddy,TSSD0171,204.77,"{'min': 34.91166687011719, 'max': 38.75166702270508, 'mean': 36.83384050641741, 'count': 56, 'sum': 2062.695068359375, 'median': 37.00056838989258}","(78.10555045300003, 17.63393108100007, 78.31945472700005, 17.83424511100003)",01-04-2023.geojson,Hathnoora,,,,,
Medak,TSSD0172,187.01,"{'min': 31.72100067138672, 'max': 39.547000885009766, 'mean': 35.26433980689858, 'count': 53, 'sum': 1869.010009765625, 'median': 35.61666488647461}","(78.15651423700007, 18.05332005300005, 78.35309415700004, 18.215476757000033)",01-04-2023.geojson,Havelighanpur,,,,,
Rangareddy,TSSD0173,30.54,"{'min': 37.883636474609375, 'max': 39.35727310180664, 'mean': 38.57404242621528, 'count': 9, 'sum': 347.1663818359375, 'median': 38.50090789794922}","(78.52755004100004, 17.306583933000013, 78.61900574700013, 17.348163568000075)",01-04-2023.geojson,Hayathnagar,,,,,
Hyderabad,TSSD0174,6.58,"{'min': 34.88545608520508, 'max': 36.00636291503906, 'mean': 35.44590759277344, 'count': 2, 'sum': 70.89181518554688, 'median': 35.44590759277344}","(78.47360807500007, 17.38688961500003, 78.50484873500005, 17.421948936000035)",01-04-2023.geojson,Himayatnagar,,,,,
Siddipet,TSSD0175,117.52,"{'min': 33.2400016784668, 'max': 38.87947463989258, 'mean': 35.08138152091734, 'count': 31, 'sum': 1087.5228271484375, 'median': 35.08333206176758}","(79.13916242100004, 18.08470961100005, 79.30335584600004, 18.180728988000055)",01-04-2023.geojson,Husnabad,,,,,
Suryapet,TSSD0176,126.8,"{'min': 32.75761795043945, 'max': 35.872222900390625, 'mean': 34.410574248342805, 'count': 33, 'sum': 1135.5489501953125, 'median': 34.573333740234375}","(79.76496890800007, 16.81112220400007, 79.93455343000005, 16.95645507200004)",01-04-2023.geojson,Huzur nagar,,,,,
Karimnagar,TSSD0177,138.33,"{'min': 30.253334045410156, 'max': 34.46500015258789, 'mean': 32.31464301215278, 'count': 36, 'sum': 1163.3271484375, 'median': 32.14631652832031}","(79.33974401500006, 18.149110196000038, 79.48471113900007, 18.285271040000055)",01-04-2023.geojson,Huzurabad,,,,,
Jagtial,TSSD0178,142.28,"{'min': 34.63999938964844, 'max': 38.09315872192383, 'mean': 36.298386032516895, 'count': 37, 'sum': 1343.040283203125, 'median': 36.307777404785156}","(78.51963186500006, 18.84352731300004, 78.64824793900004, 19.00011807900006)",01-04-2023.geojson,Ibrahimpatnam,,,,,
Rangareddy,TSSD0179,274.25,"{'min': 34.0275993347168, 'max': 40.250831604003906, 'mean': 38.703331841362846, 'count': 72, 'sum': 2786.639892578125, 'median': 38.88068389892578}","(78.51594250300008, 17.11693136100007, 78.81737317200003, 17.26846339900004)",01-04-2023.geojson,Ibrahimpatnam,,,,,
Adilabad,TSSD0180,211.85,"{'min': 39.335262298583984, 'max': 45.619998931884766, 'mean': 42.97877720424107, 'count': 56, 'sum': 2406.8115234375, 'median': 42.86930847167969}","(78.40972741900003, 19.27144580600003, 78.59073863400005, 19.476086989000066)",01-04-2023.geojson,Ichoda,,,,,
Rajanna Sircilla,TSSD0181,222.52,"{'min': 30.55363655090332, 'max': 39.63545608520508, 'mean': 35.67235486260776, 'count': 58, 'sum': 2068.99658203125, 'median': 35.34000015258789}","(78.82265059000008, 18.234493222000026, 79.02266919100003, 18.400162883000064)",01-04-2023.geojson,Illanthakunta,,,,,
Warangal_Urban,TSSD0182,154.53,"{'min': 33.24272537231445, 'max': 39.01869583129883, 'mean': 35.25083258213141, 'count': 39, 'sum': 1374.782470703125, 'median': 35.1136360168457}","(79.48651884400005, 17.786163054000042, 79.62215459200007, 17.94046736200005)",01-04-2023.geojson,Inavolu,,,,,
Nizamabad,TSSD0183,187.42,"{'min': 35.45899963378906, 'max': 40.29499816894531, 'mean': 37.542811802455354, 'count': 49, 'sum': 1839.5977783203125, 'median': 37.33000183105469}","(78.16214130800006, 18.452259628000036, 78.35381027700004, 18.595203980000065)",01-04-2023.geojson,Indalwai,,,,,
Adilabad,TSSD0184,209.33,"{'min': 41.176666259765625, 'max': 46.080589294433594, 'mean': 43.17478660300926, 'count': 54, 'sum': 2331.4384765625, 'median': 43.11750030517578}","(78.56653272500006, 19.379057926000144, 78.76792306800007, 19.567601660000037)",01-04-2023.geojson,Inderavelly,,,,,
Jogulamba Gadwal,TSSD0185,302.11,"{'min': 35.19956588745117, 'max': 48.496315002441406, 'mean': 43.938426482371796, 'count': 78, 'sum': 3427.197265625, 'median': 44.1335334777832}","(77.74751634700004, 15.980643073000067, 77.98393237000005, 16.184409668000058)",01-04-2023.geojson,Itikyal,,,,,
Mahabubnagar,TSSD0186,294.27,"{'min': 36.1018180847168, 'max': 41.566001892089844, 'mean': 39.484905598958335, 'count': 75, 'sum': 2961.367919921875, 'median': 39.66999816894531}","(78.04502359400004, 16.680028693000054, 78.33050907800003, 16.87941384800007)",01-04-2023.geojson,Jadcherla,,,,,
Siddipet,TSSD0187,180.4,"{'min': 34.56636428833008, 'max': 40.810951232910156, 'mean': 37.554774693080354, 'count': 49, 'sum': 1840.1839599609375, 'median': 37.181819915771484}","(78.75126357400006, 17.708628498000053, 78.87944648100006, 17.882764563000023)",01-04-2023.geojson,Jagdevpur,,,,,
Jagtial,TSSD0188,167.3,"{'min': 32.919410705566406, 'max': 37.29111099243164, 'mean': 34.61133922230113, 'count': 44, 'sum': 1522.89892578125, 'median': 34.55718994140625}","(78.83197213700004, 18.733277460000068, 79.02319924200003, 18.91632891000006)",01-04-2023.geojson,Jagityal_Rural,,,,,
Jagtial,TSSD0189,42.64,"{'min': 33.67555618286133, 'max': 36.46333312988281, 'mean': 34.6643320719401, 'count': 12, 'sum': 415.97198486328125, 'median': 34.29853820800781}","(78.86249569300008, 18.75130130900004, 78.95751334400006, 18.846050929000057)",01-04-2023.geojson,Jagtial,,,,,
Adilabad,TSSD0190,292.5,"{'min': 40.86714172363281, 'max': 46.76578903198242, 'mean': 45.16628448872627, 'count': 79, 'sum': 3568.136474609375, 'median': 45.37095260620117}","(78.48221105400006, 19.607848390000072, 78.72451328000005, 19.824464031000048)",01-04-2023.geojson,Jainad,,,,,
Kumurambheem Asifabad,TSSD0191,218.89,"{'min': 41.0542106628418, 'max': 44.54999923706055, 'mean': 43.040758856411635, 'count': 58, 'sum': 2496.364013671875, 'median': 42.974998474121094}","(78.81724445500004, 19.330609164000066, 79.02370996100007, 19.493592587000023)",01-04-2023.geojson,Jainoor,,,,,
Mancherial,TSSD0192,276.43,"{'min': 30.935556411743164, 'max': 38.23777770996094, 'mean': 36.025694151182435, 'count': 74, 'sum': 2665.9013671875, 'median': 36.42499923706055}","(79.49531298200003, 18.672040560000028, 79.72117428100006, 18.918660784000053)",01-04-2023.geojson,Jaipur,,,,,
Suryapet,TSSD0193,133.29,"{'min': 33.29909133911133, 'max': 39.61521911621094, 'mean': 34.94149872750947, 'count': 33, 'sum': 1153.0694580078125, 'median': 34.87434768676758}","(79.46290112300005, 17.258733534000044, 79.63232247300004, 17.380224128000066)",01-04-2023.geojson,Jajireddigudem,,,,,
Nizamabad,TSSD0194,148.29,"{'min': 35.29666519165039, 'max': 39.95222091674805, 'mean': 37.98732346754808, 'count': 39, 'sum': 1481.505615234375, 'median': 38.104736328125}","(78.20206317300006, 18.65066335100005, 78.36254571500007, 18.77647975900004)",01-04-2023.geojson,Jakranpally,,,,,
Karimnagar,TSSD0195,134.59,"{'min': 30.945554733276367, 'max': 34.39631652832031, 'mean': 32.86597419507576, 'count': 33, 'sum': 1084.5771484375, 'median': 33.05947494506836}","(79.40829887400008, 18.227515953000022, 79.57987678900008, 18.423882431000038)",01-04-2023.geojson,Jammikunta,,,,,
Jangoan,TSSD0196,196.46,"{'min': 33.212608337402344, 'max': 37.35380935668945, 'mean': 35.14559659090909, 'count': 55, 'sum': 1933.0078125, 'median': 35.01727294921875}","(79.04601963500005, 17.668628100000035, 79.21037403500003, 17.842303224000034)",01-04-2023.geojson,Jangoan,,,,,
Mancherial,TSSD0197,325.26,"{'min': 35.05666732788086, 'max': 42.69117736816406, 'mean': 38.36638211655891, 'count': 87, 'sum': 3337.875244140625, 'median': 38.52777862548828}","(78.87934684700008, 19.019900233000044, 79.14171378500004, 19.252420733000065)",01-04-2023.geojson,Jannaram,,,,,
Sangareddy,TSSD0198,201.74,"{'min': 41.375999450683594, 'max': 45.32500076293945, 'mean': 43.242770724826386, 'count': 54, 'sum': 2335.109619140625, 'median': 42.9739990234375}","(77.61983002400007, 17.658920608000074, 77.80166598000005, 17.830565180000065)",01-04-2023.geojson,Jharasangam,,,,,
Kamareddy,TSSD0199,202.26,"{'min': 35.70809555053711, 'max': 45.39476013183594, 'mean': 42.291159237132355, 'count': 51, 'sum': 2156.84912109375, 'median': 43.3536376953125}","(77.52089201100006, 18.28200709200007, 77.71327737400003, 18.44419848700005)",01-04-2023.geojson,Jukkal,,,,,
Peddapalli,TSSD0200,99.87,"{'min': 30.694000244140625, 'max': 33.79899978637695, 'mean': 31.96242919921875, 'count': 25, 'sum': 799.0607299804688, 'median': 32.01300048828125}","(79.18432516400003, 18.56760788400004, 79.32424630400004, 18.684515247000036)",01-04-2023.geojson,Julapalli,,,,,
Bhadradri Kothagudem,TSSD0201,238.74,"{'min': 32.488887786865234, 'max': 40.96294021606445, 'mean': 37.39618598090278, 'count': 63, 'sum': 2355.959716796875, 'median': 37.39444351196289}","(80.39497889400008, 17.31732979800006, 80.57083109400008, 17.508103492000032)",01-04-2023.geojson,Julurupad,,,,,
Nirmal,TSSD0202,468.09,"{'min': 33.10789489746094, 'max': 41.80684280395508, 'mean': 38.65230078125, 'count': 125, 'sum': 4831.53759765625, 'median': 39.1268424987793}","(78.69038218300005, 19.013677769000026, 78.95237500500008, 19.29677890000005)",01-04-2023.geojson,Kaddampeddur,,,,,
Rangareddy,TSSD0203,206.42,"{'min': 36.20217514038086, 'max': 39.69608688354492, 'mean': 38.137491861979164, 'count': 54, 'sum': 2059.424560546875, 'median': 38.241737365722656}","(78.39963638200004, 16.889455397000063, 78.66726844000004, 17.01510399700004)",01-04-2023.geojson,Kadthal,,,,,
Kumurambheem Asifabad,TSSD0204,442.33,"{'min': 34.76599884033203, 'max': 43.5910530090332, 'mean': 39.281300511853445, 'count': 116, 'sum': 4556.630859375, 'median': 39.11225509643555}","(79.37624127800007, 19.26380363800007, 79.74691375500004, 19.538272434000078)",01-04-2023.geojson,Kagaznagar,,,,,
Sangareddy,TSSD0205,148.77,"{'min': 29.403636932373047, 'max': 37.43381118774414, 'mean': 35.222257047086146, 'count': 37, 'sum': 1303.2235107421875, 'median': 35.76818084716797}","(77.76680836100007, 18.084424897000076, 77.94552432200004, 18.20773521800004)",01-04-2023.geojson,Kalher,,,,,
Khammam,TSSD0206,369.38,"{'min': 30.985000610351562, 'max': 37.680667877197266, 'mean': 33.5739263178228, 'count': 91, 'sum': 3055.227294921875, 'median': 33.5273323059082}","(80.41727157700007, 17.030005989000074, 80.66704650100007, 17.34559519800007)",01-04-2023.geojson,Kalluru,,,,,
Jogulamba Gadwal,TSSD0207,176.12,"{'min': 37.873077392578125, 'max': 43.22200012207031, 'mean': 40.39519314236111, 'count': 45, 'sum': 1817.78369140625, 'median': 40.58833312988281}","(77.48561464400007, 16.116851987000075, 77.61961696400004, 16.303990486000032)",01-04-2023.geojson,Kaloor_Thimmandoddi,,,,,
Nagarkurnool,TSSD0208,291.99,"{'min': 37.866363525390625, 'max': 41.828094482421875, 'mean': 39.67097232216283, 'count': 76, 'sum': 3014.993896484375, 'median': 39.49727249145508}","(78.36374511900004, 16.483303271000068, 78.58638191300008, 16.728683611000065)",01-04-2023.geojson,Kalwakurthy,,,,,
Warangal_Urban,TSSD0209,158.52,"{'min': 30.4233341217041, 'max': 35.85631561279297, 'mean': 32.91439674014137, 'count': 42, 'sum': 1382.4046630859375, 'median': 32.86842346191406}","(79.45670027600005, 18.120212555000023, 79.60823806600007, 18.266255774000058)",01-04-2023.geojson,Kamalapur,,,,,
Peddapalli,TSSD0210,60.42,"{'min': 32.90473556518555, 'max': 37.57699966430664, 'mean': 34.8144775390625, 'count': 15, 'sum': 522.2171630859375, 'median': 34.25736999511719}","(79.44875966900008, 18.60172770400004, 79.55246524200004, 18.72207649300003)",01-04-2023.geojson,Kamanpur,,,,,
Kamareddy,TSSD0211,128.44,"{'min': 32.05099868774414, 'max': 41.03190612792969, 'mean': 36.240518008961395, 'count': 34, 'sum': 1232.1776123046875, 'median': 35.614784240722656}","(78.28734170500007, 18.25636160700003, 78.42834563700006, 18.390731163000055)",01-04-2023.geojson,Kamareddy,,,,,
Khammam,TSSD0212,181.36,"{'min': 36.27421188354492, 'max': 39.72444534301758, 'mean': 37.89085170200893, 'count': 49, 'sum': 1856.6517333984375, 'median': 37.78764724731445}","(80.15945686500004, 17.360238606000053, 80.35567105000007, 17.479176385000073)",01-04-2023.geojson,Kamepally,,,,,
Nalgonda,TSSD0213,224.78,"{'min': 34.45750045776367, 'max': 38.81260681152344, 'mean': 36.57357199150219, 'count': 57, 'sum': 2084.693603515625, 'median': 36.51250076293945}","(79.08479661000007, 16.864916728000026, 79.34770917300006, 17.030184575000078)",01-04-2023.geojson,Kanagal,,,,,
Sangareddy,TSSD0214,133.14,"{'min': 36.159523010253906, 'max': 44.164737701416016, 'mean': 39.44342380099826, 'count': 36, 'sum': 1419.9632568359375, 'median': 38.839229583740234}","(78.05577804100005, 17.483520140000053, 78.23367294200006, 17.655179960000055)",01-04-2023.geojson,Kandi,,,,,
Rangareddy,TSSD0215,307.2,"{'min': 37.0099983215332, 'max': 41.033477783203125, 'mean': 38.65154642998418, 'count': 79, 'sum': 3053.47216796875, 'median': 38.703914642333984}","(78.37786338200004, 16.983478904000037, 78.61378330000008, 17.178800228000057)",01-04-2023.geojson,Kandukur,,,,,
Sangareddy,TSSD0216,229.57,"{'min': 37.81782531738281, 'max': 47.040000915527344, 'mean': 44.00296279131356, 'count': 59, 'sum': 2596.1748046875, 'median': 44.8995246887207}","(77.57077416300007, 18.120266103000063, 77.74494665400005, 18.30851545200005)",01-04-2023.geojson,Kangti,,,,,
Mulugu,TSSD0217,375.33,"{'min': 34.970001220703125, 'max': 38.56999969482422, 'mean': 36.92520680147059, 'count': 102, 'sum': 3766.37109375, 'median': 36.894500732421875}","(80.21744759700005, 18.35017838500005, 80.43136112100007, 18.610090848000027)",01-04-2023.geojson,Kannaigudem,,,,,
Mancherial,TSSD0218,169.42,"{'min': 36.11600112915039, 'max': 42.878421783447266, 'mean': 39.71180260699728, 'count': 46, 'sum': 1826.742919921875, 'median': 39.77777862548828}","(79.54341301, 19.086726224000074, 79.80515899400007, 19.21311288000004)",01-04-2023.geojson,Kannepalli,,,,,
Medchal_Malkajgiri,TSSD0219,37.4,"{'min': 36.121429443359375, 'max': 37.3849983215332, 'mean': 36.83849265358665, 'count': 11, 'sum': 405.2234191894531, 'median': 36.962379455566406}","(78.53993706400007, 17.44957181700005, 78.62275029699998, 17.55306448500005)",01-04-2023.geojson,Kapra,,,,,
Bhadradri Kothagudem,TSSD0220,222.05,"{'min': 31.05500030517578, 'max': 35.709999084472656, 'mean': 34.057057347790945, 'count': 58, 'sum': 1975.309326171875, 'median': 34.2504997253418}","(80.43846561000004, 17.91182510400006, 80.64919648500006, 18.143483696000033)",01-04-2023.geojson,Karakagudem,,,,,
Karimnagar,TSSD0221,34.8,"{'min': 31.028181076049805, 'max': 37.36909103393555, 'mean': 34.775596618652344, 'count': 8, 'sum': 278.20477294921875, 'median': 35.44000244140625}","(79.07978481800006, 18.39706940700006, 79.15386183100003, 18.460363398000027)",01-04-2023.geojson,Karimnagar,,,,,
Karimnagar,TSSD0222,108.97,"{'min': 31.40999984741211, 'max': 36.9554557800293, 'mean': 33.9296875, 'count': 28, 'sum': 950.03125, 'median': 33.965431213378906}","(79.11435933800004, 18.420124626000074, 79.23690609300007, 18.537991315000056)",01-04-2023.geojson,Karimnagar_Rural,,,,,
Mancherial,TSSD0223,335.72,"{'min': 35.083683013916016, 'max': 42.689998626708984, 'mean': 39.64127875434028, 'count': 90, 'sum': 3567.715087890625, 'median': 39.535789489746094}","(79.21160353400006, 18.98447436300006, 79.48608882700012, 19.158965162000072)",01-04-2023.geojson,Kasipet,,,,,
Jayashankar Bhupalpally,TSSD0224,274.84,"{'min': 31.23285675048828, 'max': 41.316314697265625, 'mean': 37.95057322880993, 'count': 73, 'sum': 2770.391845703125, 'median': 38.20333480834961}","(79.81231549100005, 18.510496689000036, 80.03347280200006, 18.756648708000057)",01-04-2023.geojson,Kataram,,,,,
Jagtial,TSSD0225,181.36,"{'min': 33.778419494628906, 'max': 37.14799880981445, 'mean': 35.29203634059176, 'count': 47, 'sum': 1658.7257080078125, 'median': 35.108001708984375}","(78.63177820100003, 18.63224633300007, 78.76086174700004, 18.789508428000033)",01-04-2023.geojson,Kathlapur,,,,,
Nalgonda,TSSD0226,192.46,"{'min': 35.366363525390625, 'max': 39.956085205078125, 'mean': 37.326879384566325, 'count': 49, 'sum': 1829.01708984375, 'median': 37.470001220703125}","(79.24206770600006, 17.11172541600007, 79.38446925700003, 17.291596570000024)",01-04-2023.geojson,Kattangur,,,,,
Medchal_Malkajgiri,TSSD0227,134.6,"{'min': 36.009090423583984, 'max': 38.02238082885742, 'mean': 37.01313612196181, 'count': 36, 'sum': 1332.472900390625, 'median': 37.057315826416016}","(78.58185183200004, 17.451533257000108, 78.71265088600006, 17.579974081000103)",01-04-2023.geojson,Keesara,,,,,
Kumurambheem Asifabad,TSSD0228,347.89,"{'min': 36.08523941040039, 'max': 44.540000915527344, 'mean': 41.18821900755494, 'count': 91, 'sum': 3748.1279296875, 'median': 41.39947509765625}","(78.93889619900006, 19.359033433000036, 79.22333654800008, 19.56146381700006)",01-04-2023.geojson,Kerameri,,,,,
Mahabubabad,TSSD0229,223.57,"{'min': 32.444000244140625, 'max': 35.89400100708008, 'mean': 33.86145233689693, 'count': 57, 'sum': 1930.102783203125, 'median': 34.03952407836914}","(79.76580500600005, 17.60004913100005, 80.002845149, 17.77047760000005)",01-04-2023.geojson,Kesamudram,,,,,
Rangareddy,TSSD0230,224.92,"{'min': 37.30391311645508, 'max': 40.356956481933594, 'mean': 38.925760904947914, 'count': 60, 'sum': 2335.545654296875, 'median': 38.793182373046875}","(78.24782720400003, 16.852182651000078, 78.41558469000006, 17.051382707000073)",01-04-2023.geojson,Keshampeta,,,,,
Nalgonda,TSSD0231,147.6,"{'min': 32.016998291015625, 'max': 42.713157653808594, 'mean': 36.84814453125, 'count': 39, 'sum': 1437.07763671875, 'median': 36.69908905029297}","(79.43344777400006, 17.072395302000075, 79.59338210900006, 17.250148180000053)",01-04-2023.geojson,Kethepally,,,,,
Warangal_Urban,TSSD0232,107.02,"{'min': 33.39173889160156, 'max': 35.637271881103516, 'mean': 34.74987340856482, 'count': 27, 'sum': 938.24658203125, 'median': 34.91181945800781}","(79.43206155600006, 17.908547911000028, 79.58935561300007, 18.00993669500002)",01-04-2023.geojson,Khaazipet,,,,,
Hyderabad,TSSD0233,17.24,"{'min': 32.71095275878906, 'max': 37.88523864746094, 'mean': 35.635433197021484, 'count': 4, 'sum': 142.54173278808594, 'median': 35.97277069091797}","(78.40497752100003, 17.40010627500004, 78.47749341400004, 17.45407132100007)",01-04-2023.geojson,Khairatabad,,,,,
Khammam,TSSD0234,193.74,"{'min': 35.026668548583984, 'max': 38.98899841308594, 'mean': 36.6196337890625, 'count': 50, 'sum': 1830.981689453125, 'median': 36.789737701416016}","(80.01676642200005, 17.178663853000046, 80.16691561700003, 17.394157440000072)",01-04-2023.geojson,Khammam_Rural,,,,,
Khammam,TSSD0235,92.31,"{'min': 34.5, 'max': 38.067779541015625, 'mean': 36.53861667798913, 'count': 23, 'sum': 840.38818359375, 'median': 36.82579040527344}","(80.12187342100003, 17.179281596000067, 80.21584618000009, 17.31547050200004)",01-04-2023.geojson,Khammam_Urban,,,,,
Nirmal,TSSD0236,237.88,"{'min': 32.772220611572266, 'max': 40.79315948486328, 'mean': 38.659568786621094, 'count': 64, 'sum': 2474.21240234375, 'median': 39.172237396240234}","(78.50897303500005, 18.978111671000022, 78.74854953300007, 19.202461990000074)",01-04-2023.geojson,Khanapur,,,,,
Warangal_Rural,TSSD0237,139.46,"{'min': 29.310909271240234, 'max': 37.84238052368164, 'mean': 32.755032009548614, 'count': 36, 'sum': 1179.18115234375, 'median': 32.00023651123047}","(79.88459942400004, 17.83523181700002, 80.00451405900003, 18.01960718500004)",01-04-2023.geojson,Khanapur,,,,,
Warangal_Urban,TSSD0238,81.36,"{'min': 34.86619186401367, 'max': 36.96428680419922, 'mean': 35.78288130326705, 'count': 22, 'sum': 787.223388671875, 'median': 35.89537048339844}","(79.55364750200005, 17.86915675800003, 79.65825854800005, 17.98640269400005)",01-04-2023.geojson,Khila Warangal,,,,,
Suryapet,TSSD0239,172.15,"{'min': 32.05555725097656, 'max': 35.98777770996094, 'mean': 33.83417038690476, 'count': 42, 'sum': 1421.03515625, 'median': 33.75514602661133}","(79.91293512200008, 16.880339314000025, 80.06097163900006, 17.02691814700006)",01-04-2023.geojson,Kodad,,,,,
Nagarkurnool,TSSD0240,205.2,"{'min': 34.26091003417969, 'max': 41.419090270996094, 'mean': 38.0625, 'count': 54, 'sum': 2055.375, 'median': 38.053184509277344}","(78.16474055700007, 16.14974309100006, 78.34461354300004, 16.333836054000074)",01-04-2023.geojson,Kodair,,,,,
Vikarabad,TSSD0241,249.51,"{'min': 35.34825897216797, 'max': 47.46052551269531, 'mean': 42.34753776999081, 'count': 68, 'sum': 2879.632568359375, 'median': 42.53859329223633}","(77.46259225600005, 17.020933969000055, 77.71683994900008, 17.17841245900007)",01-04-2023.geojson,Kodangal,,,,,
Jagtial,TSSD0242,173.87,"{'min': 32.41315841674805, 'max': 35.82619094848633, 'mean': 34.210590277777776, 'count': 45, 'sum': 1539.4765625, 'median': 34.285789489746094}","(78.78718529200006, 18.563739734000023, 78.98850070800006, 18.686862396000038)",01-04-2023.geojson,Kodimial,,,,,
Siddipet,TSSD0243,206.41,"{'min': 30.975454330444336, 'max': 37.082000732421875, 'mean': 35.21314180814303, 'count': 52, 'sum': 1831.0833740234375, 'median': 35.40774917602539}","(79.00475320700008, 18.075903099000072, 79.16300517000008, 18.272269959000027)",01-04-2023.geojson,Koheda,,,,,
Sangareddy,TSSD0244,227.62,"{'min': 38.2023811340332, 'max': 44.704444885253906, 'mean': 41.04234391551907, 'count': 59, 'sum': 2421.498291015625, 'median': 40.81105422973633}","(77.59549222600003, 17.509127681000052, 77.78321894100003, 17.705224807000036)",01-04-2023.geojson,Kohir,,,,,
Mahabubnagar,TSSD0245,223.05,"{'min': 34.47782516479492, 'max': 42.602725982666016, 'mean': 38.94579236260776, 'count': 58, 'sum': 2258.85595703125, 'median': 38.835670471191406}","(77.67537161200005, 16.697912056000064, 77.90854289100008, 16.881360866000023)",01-04-2023.geojson,Koilkonda,,,,,
Nagarkurnool,TSSD0246,550.84,"{'min': 34.899566650390625, 'max': 43.24333190917969, 'mean': 38.88137724905303, 'count': 132, 'sum': 5132.341796875, 'median': 39.11456298828125}","(78.21815549000007, 16.033659166000064, 78.66318925900003, 16.216795599000022)",01-04-2023.geojson,Kollapur,,,,,
Siddipet,TSSD0247,70.37,"{'min': 33.25363540649414, 'max': 36.57476043701172, 'mean': 35.212565104166664, 'count': 18, 'sum': 633.826171875, 'median': 35.224998474121094}","(78.82737597900007, 17.86888004900004, 78.93496047300005, 17.983517422000034)",01-04-2023.geojson,Komuravelli,,,,,
Rajanna Sircilla,TSSD0248,206.05,"{'min': 33.59600067138672, 'max': 40.4566650390625, 'mean': 36.33413131148727, 'count': 54, 'sum': 1962.0430908203125, 'median': 36.54882049560547}","(78.59701726600008, 18.404112823000048, 78.81650433000004, 18.58795516200007)",01-04-2023.geojson,Konaraopet,,,,,
Nalgonda,TSSD0249,129.18,"{'min': 34.322174072265625, 'max': 42.796363830566406, 'mean': 39.64235617897727, 'count': 33, 'sum': 1308.19775390625, 'median': 40.921302795410156}","(78.91051620800005, 16.62638713000007, 79.06204241500006, 16.761790924000024)",01-04-2023.geojson,Kondamallapally,,,,,
Siddipet,TSSD0250,228.02,"{'min': 31.05727195739746, 'max': 37.332725524902344, 'mean': 35.49739449923156, 'count': 61, 'sum': 2165.341064453125, 'median': 35.60714340209961}","(78.73352452400007, 17.87685569000007, 78.96029991500006, 18.053425754000045)",01-04-2023.geojson,Kondapak,,,,,
Sangareddy,TSSD0251,151.36,"{'min': 33.2400016784668, 'max': 43.9900016784668, 'mean': 40.27027619190705, 'count': 39, 'sum': 1570.540771484375, 'median': 40.61095428466797}","(77.93383054400005, 17.44954626200007, 78.07324348600008, 17.61087989500004)",01-04-2023.geojson,Kondapur,,,,,
Rangareddy,TSSD0252,130.56,"{'min': 37.299232482910156, 'max': 44.29666519165039, 'mean': 40.43645415434966, 'count': 37, 'sum': 1496.1488037109375, 'median': 40.00166702270508}","(78.01091079200006, 16.999636834000057, 78.09773848800006, 17.187709674000075)",01-04-2023.geojson,Kondurg,,,,,
Khammam,TSSD0253,248.08,"{'min': 30.82200050354004, 'max': 38.70375061035156, 'mean': 34.97329249526515, 'count': 66, 'sum': 2308.2373046875, 'median': 34.8477783203125}","(80.22907869200003, 17.128139428000054, 80.38924637100007, 17.358600223000053)",01-04-2023.geojson,Konijerla,,,,,
Jagtial,TSSD0254,137.05,"{'min': 33.48555374145508, 'max': 38.30789566040039, 'mean': 34.90835089432566, 'count': 38, 'sum': 1326.517333984375, 'median': 34.465904235839844}","(78.66979872300004, 18.779122311000037, 78.80776997400005, 18.901121141000033)",01-04-2023.geojson,Korutla,,,,,
Narayanpet,TSSD0255,202.41,"{'min': 36.3204345703125, 'max': 41.141998291015625, 'mean': 38.16669379340278, 'count': 54, 'sum': 2061.00146484375, 'median': 37.75086975097656}","(77.62150517800006, 16.868413100000055, 77.78388791600008, 17.061626292000028)",01-04-2023.geojson,Kosgi,,,,,
Nizamabad,TSSD0256,167.13,"{'min': 32.727272033691406, 'max': 42.37952423095703, 'mean': 36.182813690929876, 'count': 41, 'sum': 1483.495361328125, 'median': 35.37099838256836}","(77.73094932200007, 18.49717835900003, 77.85433638100005, 18.66689713100004)",01-04-2023.geojson,Kotagiri,,,,,
Vikarabad,TSSD0257,113.18,"{'min': 38.98749923706055, 'max': 46.094444274902344, 'mean': 43.18558625252016, 'count': 31, 'sum': 1338.753173828125, 'median': 43.47571563720703}","(77.66819483500007, 17.359928257000036, 77.85253462800006, 17.473344975000032)",01-04-2023.geojson,Kotepally,,,,,
Mahabubabad,TSSD0258,542.64,"{'min': 29.720476150512695, 'max': 39.01420974731445, 'mean': 36.1047969304078, 'count': 141, 'sum': 5090.7763671875, 'median': 36.32444381713867}","(79.98324728200004, 17.77379955500004, 80.22702134100007, 18.106543834000036)",01-04-2023.geojson,Kothaguda,,,,,
Bhadradri Kothagudem,TSSD0259,16.26,"{'min': 35.5533332824707, 'max': 37.43000030517578, 'mean': 36.65296173095703, 'count': 4, 'sum': 146.61184692382812, 'median': 36.81426239013672}","(80.60094010100005, 17.503240987000027, 80.65378575800008, 17.562464026000043)",01-04-2023.geojson,Kothagudem,,,,,
Wanaparthy,TSSD0260,171.68,"{'min': 33.72083282470703, 'max': 40.908180236816406, 'mean': 37.60866855053192, 'count': 47, 'sum': 1767.607421875, 'median': 37.53086853027344}","(77.88176111000007, 16.234691046000023, 77.99240426200004, 16.448187482000037)",01-04-2023.geojson,Kothakota,,,,,
Karimnagar,TSSD0261,97.2,"{'min': 30.64900016784668, 'max': 37.35857009887695, 'mean': 35.2745596078726, 'count': 26, 'sum': 917.1385498046875, 'median': 35.244049072265625}","(78.98612238300007, 18.39948258100003, 79.12597429000004, 18.514396049000027)",01-04-2023.geojson,Kothapally,,,,,
Rangareddy,TSSD0262,105.51,"{'min': 37.24217224121094, 'max': 40.24636459350586, 'mean': 38.951595052083334, 'count': 30, 'sum': 1168.5478515625, 'median': 38.922271728515625}","(78.21019675400004, 17.04105323500005, 78.36970700400008, 17.225492944000052)",01-04-2023.geojson,Kothur,,,,,
Kumurambheem Asifabad,TSSD0263,178.1,"{'min': 34.66789627075195, 'max': 42.67555618286133, 'mean': 40.435141705452125, 'count': 47, 'sum': 1900.45166015625, 'median': 40.996665954589844}","(79.63414387600005, 19.452242796000064, 79.81867852100004, 19.607819128000074)",01-04-2023.geojson,Kouthala,,,,,
Medak,TSSD0264,161.34,"{'min': 33.71333312988281, 'max': 38.21636199951172, 'mean': 35.941428960755815, 'count': 43, 'sum': 1545.4814453125, 'median': 36.19908905029297}","(78.10564250300007, 17.787310025000068, 78.29841681600004, 17.936446078000074)",01-04-2023.geojson,Kowdipally,,,,,
Nirmal,TSSD0265,282.48,"{'min': 40.14545440673828, 'max': 44.786190032958984, 'mean': 42.67272786458334, 'count': 75, 'sum': 3200.45458984375, 'median': 42.709999084472656}","(77.84760754200005, 19.143786309000063, 78.05573992700005, 19.342882151000026)",01-04-2023.geojson,Kubeer,,,,,
Medchal_Malkajgiri,TSSD0266,39.02,"{'min': 36.87636184692383, 'max': 38.239524841308594, 'mean': 37.57277610085227, 'count': 11, 'sum': 413.300537109375, 'median': 37.52199935913086}","(78.36804921900006, 17.450165494000032, 78.44563956200005, 17.513917809000077)",01-04-2023.geojson,Kukatpally,,,,,
Medak,TSSD0267,155.55,"{'min': 31.58368492126465, 'max': 36.784000396728516, 'mean': 34.305391010485195, 'count': 38, 'sum': 1303.6048583984375, 'median': 34.325862884521484}","(78.05900573700006, 17.903386933000036, 78.28836760200005, 18.020195513000033)",01-04-2023.geojson,Kulcharam,,,,,
Vikarabad,TSSD0268,196.33,"{'min': 35.133480072021484, 'max': 39.07666778564453, 'mean': 36.72458355243389, 'count': 52, 'sum': 1909.6783447265625, 'median': 36.59696960449219}","(77.79636866200008, 16.916114566000033, 77.99996008000005, 17.10676938000006)",01-04-2023.geojson,Kulkacharla,,,,,
Nirmal,TSSD0269,140.25,"{'min': 37.209999084472656, 'max': 43.571903228759766, 'mean': 40.0416160789696, 'count': 37, 'sum': 1481.539794921875, 'median': 39.45000076293945}","(78.02051881300008, 19.088268194000023, 78.15736433900008, 19.254793077000045)",01-04-2023.geojson,Kuntala,,,,,
Mahabubabad,TSSD0270,241.32,"{'min': 33.28900146484375, 'max': 36.625789642333984, 'mean': 35.08460787259615, 'count': 65, 'sum': 2280.49951171875, 'median': 34.98666763305664}","(79.89569772600004, 17.36986128800004, 80.09682891600005, 17.588288271000067)",01-04-2023.geojson,Kuravi,,,,,
Khammam,TSSD0271,220.86,"{'min': 30.120908737182617, 'max': 38.328948974609375, 'mean': 35.22348759092134, 'count': 58, 'sum': 2042.9622802734375, 'median': 35.42353820800781}","(79.87484026500005, 17.11399079800003, 80.04316183700007, 17.29547575600003)",01-04-2023.geojson,Kusumanchi,,,,,
Nirmal,TSSD0272,125.72,"{'min': 32.561763763427734, 'max': 39.15999984741211, 'mean': 35.604851217830884, 'count': 34, 'sum': 1210.56494140625, 'median': 35.303810119628906}","(78.40349407400004, 18.95386539200007, 78.52341344300004, 19.102668410000035)",01-04-2023.geojson,Laxmanchanda,,,,,
Bhadradri Kothagudem,TSSD0273,229.46,"{'min': 30.535999298095703, 'max': 40.15705871582031, 'mean': 36.53779454385081, 'count': 62, 'sum': 2265.34326171875, 'median': 36.47225570678711}","(80.51384827600003, 17.535477607000075, 80.67198351200005, 17.81657303700007)",01-04-2023.geojson,Laxmidevipally,,,,,
Jangoan,TSSD0274,187.87,"{'min': 34.20478439331055, 'max': 39.82523727416992, 'mean': 37.177487743144134, 'count': 49, 'sum': 1821.6968994140625, 'median': 36.97999954223633}","(79.13021988100007, 17.575431923000053, 79.31745159400003, 17.72563423400004)",01-04-2023.geojson,Lingalaghanpur,,,,,
Kamareddy,TSSD0275,255.84,"{'min': 33.83380889892578, 'max': 43.01599884033203, 'mean': 37.42929256663603, 'count': 68, 'sum': 2545.19189453125, 'median': 37.531471252441406}","(78.02552329400004, 18.13087097700003, 78.21768245400006, 18.355649218000053)",01-04-2023.geojson,Lingampet,,,,,
Kumurambheem Asifabad,TSSD0276,162.69,"{'min': 39.225555419921875, 'max': 44.71235275268555, 'mean': 42.57842462713068, 'count': 44, 'sum': 1873.45068359375, 'median': 42.72937774658203}","(78.91810375000006, 19.205612909000024, 79.11073564000003, 19.342131322000057)",01-04-2023.geojson,Lingapur,,,,,
Nirmal,TSSD0277,222.97,"{'min': 30.56523895263672, 'max': 38.37521743774414, 'mean': 35.53829345703125, 'count': 60, 'sum': 2132.297607421875, 'median': 35.76521682739258}","(78.00594866600005, 18.931946796000034, 78.23875211300003, 19.085518010000044)",01-04-2023.geojson,Lokeshwaram,,,,,
Mancherial,TSSD0278,151.79,"{'min': 33.073158264160156, 'max': 39.335262298583984, 'mean': 36.46567946213942, 'count': 39, 'sum': 1422.1614990234375, 'median': 36.553157806396484}","(79.16655337500003, 18.832516484000053, 79.30981884700003, 19.005514334000054)",01-04-2023.geojson,Luxettipet,,,,,
Kamareddy,TSSD0279,210.35,"{'min': 33.832000732421875, 'max': 41.683685302734375, 'mean': 36.813711983816965, 'count': 56, 'sum': 2061.56787109375, 'median': 36.378211975097656}","(78.38704550600005, 18.26697810400003, 78.56264784400008, 18.467778762000023)",01-04-2023.geojson,Machareddy,,,,,
Wanaparthy,TSSD0280,102.15,"{'min': 32.9053840637207, 'max': 42.35416793823242, 'mean': 37.88314453125, 'count': 25, 'sum': 947.07861328125, 'median': 37.38840103149414}","(77.82095279900005, 16.300196190000065, 77.92236147200003, 16.45097719200004)",01-04-2023.geojson,Madanapur,,,,,
Suryapet,TSSD0281,130.55,"{'min': 33.64545440673828, 'max': 36.19599914550781, 'mean': 35.092313058035714, 'count': 35, 'sum': 1228.23095703125, 'median': 35.16444396972656}","(79.63339168000005, 17.351837121000074, 79.79652225800004, 17.470968053000036)",01-04-2023.geojson,Maddirala,,,,,
Narayanpet,TSSD0282,229.43,"{'min': 37.2933349609375, 'max': 42.90800094604492, 'mean': 40.044392903645836, 'count': 60, 'sum': 2402.66357421875, 'median': 39.854583740234375}","(77.56183110400008, 16.77489021100007, 77.74489013300007, 16.952964019000035)",01-04-2023.geojson,Maddur,,,,,
Siddipet,TSSD0283,90.43,"{'min': 34.59727096557617, 'max': 37.189998626708984, 'mean': 35.90875498453776, 'count': 24, 'sum': 861.8101196289062, 'median': 35.78954315185547}","(79.01132752500001, 17.86198517100007, 79.12089267400006, 17.966105778000042)",01-04-2023.geojson,Maddur,,,,,
Rangareddy,TSSD0284,264.88,"{'min': 38.93347930908203, 'max': 44.61095428466797, 'mean': 41.93610297309028, 'count': 72, 'sum': 3019.3994140625, 'median': 41.87235641479492}","(78.58095395400005, 16.75043613200006, 78.80230556900005, 16.944488267000054)",01-04-2023.geojson,Madgul,,,,,
Khammam,TSSD0285,210.2,"{'min': 34.43000030517578, 'max': 40.25666809082031, 'mean': 37.358896292892155, 'count': 51, 'sum': 1905.3037109375, 'median': 37.11235427856445}","(80.31236943000005, 16.82168020900002, 80.47000219000006, 17.070547697000052)",01-04-2023.geojson,Madhira,,,,,
Kamareddy,TSSD0286,235.87,"{'min': 35.509090423583984, 'max': 45.79499816894531, 'mean': 42.37154265372984, 'count': 62, 'sum': 2627.03564453125, 'median': 42.9890251159668}","(77.54916412900008, 18.384667036000053, 77.76294653600007, 18.55697662400007)",01-04-2023.geojson,Madnur,,,,,
Nalgonda,TSSD0287,219.21,"{'min': 32.91434860229492, 'max': 40.88090896606445, 'mean': 37.276620047433035, 'count': 56, 'sum': 2087.49072265625, 'median': 37.45869445800781}","(79.34641497200005, 16.895418574000075, 79.56245174900005, 17.09279099500003)",01-04-2023.geojson,Madugulapally,,,,,
Narayanpet,TSSD0288,182.41,"{'min': 32.47079849243164, 'max': 46.13399887084961, 'mean': 40.80528723675272, 'count': 46, 'sum': 1877.043212890625, 'median': 41.387142181396484}","(77.36910946300009, 16.375499069, 77.53031708000003, 16.588101701000085)",01-04-2023.geojson,Maganoor,,,,,
Mahabubabad,TSSD0289,229.64,"{'min': 33.0042839050293, 'max': 36.406471252441406, 'mean': 34.794993916495905, 'count': 61, 'sum': 2122.49462890625, 'median': 34.772220611572266}","(79.84115276500006, 17.501311835000024, 80.09111942000004, 17.697718735000137)",01-04-2023.geojson,Mahabubabad,,,,,
Mahabubnagar,TSSD0290,99.98,"{'min': 36.3023796081543, 'max': 40.6150016784668, 'mean': 38.6186962890625, 'count': 25, 'sum': 965.4674072265625, 'median': 38.90652084350586}","(77.94626825800003, 16.706941769000025, 78.09470899900003, 16.806279568000036)",01-04-2023.geojson,Mahabubnagar_Urban,,,,,
Jayashankar Bhupalpally,TSSD0291,299.12,"{'min': 30.55299949645996, 'max': 40.768001556396484, 'mean': 37.43477225597994, 'count': 81, 'sum': 3032.216552734375, 'median': 37.7140007019043}","(79.82048229900005, 18.630638763000036, 80.11061256100004, 18.86890015800003)",01-04-2023.geojson,Mahadevpur,,,,,
Rangareddy,TSSD0292,252.27,"{'min': 34.255218505859375, 'max': 40.239524841308594, 'mean': 38.476363431490384, 'count': 65, 'sum': 2500.963623046875, 'median': 38.65999984741211}","(78.30122014300008, 17.028058688000044, 78.54049373500004, 17.239387140000076)",01-04-2023.geojson,Maheswaram,,,,,
Nizamabad,TSSD0293,193.35,"{'min': 32.04888916015625, 'max': 39.317779541015625, 'mean': 34.896881103515625, 'count': 52, 'sum': 1814.6378173828125, 'median': 34.520790100097656}","(78.05675830000007, 18.66482496200007, 78.22576505800004, 18.852068687000042)",01-04-2023.geojson,Makloor,,,,,
Narayanpet,TSSD0294,363.86,"{'min': 33.8755989074707, 'max': 45.38545608520508, 'mean': 41.3101557249664, 'count': 93, 'sum': 3841.844482421875, 'median': 42.168182373046875}","(77.45220537800003, 16.34148046400003, 77.67347100500007, 16.59593542500005)",01-04-2023.geojson,Makthal,,,,,
Jogulamba Gadwal,TSSD0295,241.46,"{'min': 36.1875, 'max': 46.098331451416016, 'mean': 41.57078575721154, 'count': 65, 'sum': 2702.10107421875, 'median': 41.4900016784668}","(77.63191914500004, 16.011527430000058, 77.79042152200003, 16.212472503000072)",01-04-2023.geojson,Maldakal,,,,,
Jayashankar Bhupalpally,TSSD0296,330.72,"{'min': 32.66263198852539, 'max': 39.38444519042969, 'mean': 36.54322424600291, 'count': 86, 'sum': 3142.71728515625, 'median': 36.72792053222656}","(79.67910470400005, 18.410415433000026, 79.92225416300005, 18.645377148000023)",01-04-2023.geojson,Malharrao,,,,,
Medchal_Malkajgiri,TSSD0297,30.3,"{'min': 36.46636199951172, 'max': 37.66999816894531, 'mean': 36.866177029079864, 'count': 9, 'sum': 331.79559326171875, 'median': 36.82090759277344}","(78.50463339200007, 17.428292171000066, 78.55954592700004, 17.505731841000056)",01-04-2023.geojson,Malkajgiri,,,,,
Jagtial,TSSD0298,213.62,"{'min': 33.7400016784668, 'max': 40.1510009765625, 'mean': 36.60064697265625, 'count': 56, 'sum': 2049.63623046875, 'median': 36.29638671875}","(78.61662895600006, 18.874482111000077, 78.81309041900005, 19.03748223200006)",01-04-2023.geojson,Mallapur,,,,,
Jagtial,TSSD0299,151.65,"{'min': 31.854209899902344, 'max': 35.47235107421875, 'mean': 34.011373380335364, 'count': 41, 'sum': 1394.46630859375, 'median': 34.08684158325195}","(78.83599988400005, 18.650343142000054, 79.00846227100004, 18.762767418000067)",01-04-2023.geojson,Mallial,,,,,
Nirmal,TSSD0300,303.59,"{'min': 34.501766204833984, 'max': 43.220001220703125, 'mean': 39.08334655761719, 'count': 80, 'sum': 3126.667724609375, 'median': 39.077579498291016}","(78.40539725900004, 18.946457939000027, 78.61865077500005, 19.23040426800003)",01-04-2023.geojson,Mamda,,,,,
Karimnagar,TSSD0301,205.41,"{'min': 31.395263671875, 'max': 35.513999938964844, 'mean': 32.70966280423678, 'count': 52, 'sum': 1700.9024658203125, 'median': 32.40955352783203}","(79.15750397500005, 18.315741219000074, 79.35328729400004, 18.481920999000067)",01-04-2023.geojson,Manakondur,,,,,
Rangareddy,TSSD0302,234.43,"{'min': 35.150001525878906, 'max': 40.18391418457031, 'mean': 38.29025170110887, 'count': 62, 'sum': 2373.99560546875, 'median': 38.51693344116211}","(78.65286760000004, 17.00487583200004, 78.84397639500008, 17.201225641000065)",01-04-2023.geojson,Manchal,,,,,
Mancherial,TSSD0303,40.12,"{'min': 37.22700119018555, 'max': 39.189998626708984, 'mean': 38.3613114790483, 'count': 11, 'sum': 421.97442626953125, 'median': 38.35555648803711}","(79.41610667100008, 18.835052002000054, 79.48472162900003, 18.913545975000034)",01-04-2023.geojson,Mancherial,,,,,
Mancherial,TSSD0304,171.08,"{'min': 35.74473571777344, 'max': 39.377620697021484, 'mean': 37.632080078125, 'count': 44, 'sum': 1655.8115234375, 'median': 37.701026916503906}","(79.39193241000004, 18.891641181000068, 79.59105304600007, 19.015526930000078)",01-04-2023.geojson,Mandamarri,,,,,
Mulugu,TSSD0305,392.56,"{'min': 31.8747615814209, 'max': 40.72142791748047, 'mean': 34.66421893962379, 'count': 103, 'sum': 3570.41455078125, 'median': 34.637367248535156}","(80.40836158100007, 18.080546712000057, 80.70882201500007, 18.304706081000063)",01-04-2023.geojson,Mangapet,,,,,
Sangareddy,TSSD0306,148.62,"{'min': 34.584781646728516, 'max': 45.612998962402344, 'mean': 42.09776045636433, 'count': 41, 'sum': 1726.0081787109375, 'median': 43.180999755859375}","(77.64845538500003, 17.878779076000058, 77.83149306000007, 18.04513193200006)",01-04-2023.geojson,Manoor,,,,,
Jogulamba Gadwal,TSSD0307,163.37,"{'min': 38.5672721862793, 'max': 48.29999923706055, 'mean': 44.60139604048295, 'count': 44, 'sum': 1962.46142578125, 'median': 45.39625549316406}","(77.86929360900007, 15.885358944000075, 78.03319288300008, 16.08949442000005)",01-04-2023.geojson,Manopad,,,,,
Peddapalli,TSSD0308,311.44,"{'min': 31.027999877929688, 'max': 38.74684143066406, 'mean': 35.86083984375, 'count': 84, 'sum': 3012.310546875, 'median': 36.246734619140625}","(79.56456396600004, 18.561850238000034, 79.83268954900007, 18.738350264000076)",01-04-2023.geojson,Manthani,,,,,
Bhadradri Kothagudem,TSSD0309,241.6,"{'min': 31.285999298095703, 'max': 40.54999923706055, 'mean': 34.59812199519231, 'count': 65, 'sum': 2248.8779296875, 'median': 34.630001068115234}","(80.66740807500008, 17.879481733000034, 80.88542464200003, 18.045849738000072)",01-04-2023.geojson,Manuguru,,,,,
Hyderabad,TSSD0310,12.89,"{'min': 37.0052375793457, 'max': 37.81666564941406, 'mean': 37.4630126953125, 'count': 3, 'sum': 112.3890380859375, 'median': 37.567142486572266}","(78.49007358600005, 17.42094839600003, 78.55631568500007, 17.46893287000006)",01-04-2023.geojson,Maredpally,,,,,
Narayanpet,TSSD0311,159.77,"{'min': 35.29181671142578, 'max': 44.669132232666016, 'mean': 41.60774158296131, 'count': 42, 'sum': 1747.525146484375, 'median': 42.05738830566406}","(77.65664280100003, 16.506114195000066, 77.79841434500008, 16.665240555000025)",01-04-2023.geojson,Marikal,,,,,
Mahabubabad,TSSD0312,234.68,"{'min': 32.65909194946289, 'max': 35.80799865722656, 'mean': 34.41505354541843, 'count': 59, 'sum': 2030.4881591796875, 'median': 34.38999938964844}","(79.76148480300003, 17.321621569000058, 79.98270166300006, 17.48693560600003)",01-04-2023.geojson,Maripeda,,,,,
Siddipet,TSSD0313,105.43,"{'min': 31.649999618530273, 'max': 38.7760009765625, 'mean': 37.03352573939732, 'count': 28, 'sum': 1036.938720703125, 'median': 37.53668975830078}","(78.66415458400007, 17.667265188000044, 78.78250869300007, 17.810152515000027)",01-04-2023.geojson,Markook,,,,,
Vikarabad,TSSD0314,225.88,"{'min': 39.259090423583984, 'max': 45.15666580200195, 'mean': 43.18387156519397, 'count': 58, 'sum': 2504.66455078125, 'median': 43.494651794433594}","(77.68610927900005, 17.453891702000078, 77.87740943300008, 17.638691618000053)",01-04-2023.geojson,Marpalle,,,,,
Nalgonda,TSSD0315,229.14,"{'min': 35.85319900512695, 'max': 43.698333740234375, 'mean': 39.57900950947746, 'count': 61, 'sum': 2414.319580078125, 'median': 39.72439956665039}","(78.75919635200006, 16.90874455200003, 78.96448818000005, 17.07201425200003)",01-04-2023.geojson,Marriguda,,,,,
Suryapet,TSSD0316,210.69,"{'min': 33.1014289855957, 'max': 41.05888748168945, 'mean': 37.011170585200475, 'count': 53, 'sum': 1961.592041015625, 'median': 36.22200012207031}","(79.76031217600007, 16.657641133000027, 79.94384993900007, 16.842244540000024)",01-04-2023.geojson,Mattampalli,,,,,
Medak,TSSD0317,140.85,"{'min': 31.964000701904297, 'max': 38.159523010253906, 'mean': 34.97549355996622, 'count': 37, 'sum': 1294.09326171875, 'median': 35.2599983215332}","(78.20774346500008, 17.973932821000062, 78.36819518300007, 18.10438747300003)",01-04-2023.geojson,Medak,,,,,
Medchal_Malkajgiri,TSSD0318,187.56,"{'min': 35.99272537231445, 'max': 39.33761978149414, 'mean': 37.49899526742789, 'count': 52, 'sum': 1949.94775390625, 'median': 37.537620544433594}","(78.38095406300005, 17.551049357000068, 78.56000059500008, 17.70854524600003)",01-04-2023.geojson,Medchal,,,,,
Jagtial,TSSD0319,206.03,"{'min': 33.439998626708984, 'max': 36.2363166809082, 'mean': 34.495361328125, 'count': 55, 'sum': 1897.244873046875, 'median': 34.39842224121094}","(78.73214094600007, 18.624887353000076, 78.85330317100005, 18.885390032000032)",01-04-2023.geojson,Medipalle,,,,,
Medchal_Malkajgiri,TSSD0320,33.63,"{'min': 37.73761749267578, 'max': 38.23381042480469, 'mean': 38.00737380981445, 'count': 8, 'sum': 304.0589904785156, 'median': 38.06523895263672}","(78.56396765400007, 17.387088967000068, 78.62540001600007, 17.4548326310001)",01-04-2023.geojson,Medipally,,,,,
Suryapet,TSSD0321,148.48,"{'min': 33.23947525024414, 'max': 41.64619064331055, 'mean': 36.611026000976565, 'count': 40, 'sum': 1464.4410400390625, 'median': 36.40399932861328}","(79.86430255300007, 16.749144942000044, 80.04667389300005, 16.897589783000058)",01-04-2023.geojson,Mellachervu,,,,,
Nizamabad,TSSD0322,74.74,"{'min': 29.615999221801758, 'max': 37.7721061706543, 'mean': 34.938055419921874, 'count': 20, 'sum': 698.7611083984375, 'median': 35.198211669921875}","(78.34141407100003, 18.91286552100007, 78.45746941500005, 19.003231226000025)",01-04-2023.geojson,Mendora,,,,,
Jagtial,TSSD0323,189.57,"{'min': 33.073158264160156, 'max': 38.995262145996094, 'mean': 36.23709405637255, 'count': 51, 'sum': 1848.091796875, 'median': 36.0260009765625}","(78.53968262500007, 18.72081223600003, 78.67956378400004, 18.895674916000075)",01-04-2023.geojson,Metpalli,,,,,
Mahabubnagar,TSSD0324,164.85,"{'min': 36.49909210205078, 'max': 42.58238220214844, 'mean': 39.953857421875, 'count': 42, 'sum': 1678.06201171875, 'median': 40.285911560058594}","(78.21714079300006, 16.678018442000052, 78.36989334400005, 16.825534489000063)",01-04-2023.geojson,Midjil,,,,,
Siddipet,TSSD0325,167.82,"{'min': 33.23699951171875, 'max': 37.584999084472656, 'mean': 35.29455850290697, 'count': 43, 'sum': 1517.666015625, 'median': 35.19545364379883}","(78.56910611300003, 17.992796036000072, 78.73068591400005, 18.14881470800003)",01-04-2023.geojson,Mirdoddi,,,,,
Nalgonda,TSSD0326,248.98,"{'min': 33.64908981323242, 'max': 38.1510009765625, 'mean': 35.82145690917969, 'count': 64, 'sum': 2292.5732421875, 'median': 35.799949645996094}","(79.48474594700008, 16.761982963000037, 79.66781758100007, 17.007573905000072)",01-04-2023.geojson,Miryalaguda,,,,,
Sangareddy,TSSD0327,152.32,"{'min': 39.62047576904297, 'max': 44.69300079345703, 'mean': 43.19801732113487, 'count': 38, 'sum': 1641.524658203125, 'median': 43.16999816894531}","(77.44416825100006, 17.542551853000077, 77.59394938800006, 17.703749020000032)",01-04-2023.geojson,Mogudampally,,,,,
Jayashankar Bhupalpally,TSSD0328,117.77,"{'min': 32.62052536010742, 'max': 35.81380844116211, 'mean': 34.54232295866935, 'count': 31, 'sum': 1070.81201171875, 'median': 34.483001708984375}","(79.55918339200008, 18.25321451900004, 79.69624194900007, 18.367730020000067)",01-04-2023.geojson,Mogullapally,,,,,
Rangareddy,TSSD0329,210.03,"{'min': 30.513809204101562, 'max': 41.8536376953125, 'mean': 37.92505821814904, 'count': 52, 'sum': 1972.10302734375, 'median': 38.23045349121094}","(78.18364043400004, 17.24469818700004, 78.37521359500005, 17.39979780400006)",01-04-2023.geojson,Moinabad,,,,,
Vikarabad,TSSD0330,185.55,"{'min': 38.37908935546875, 'max': 44.81111145019531, 'mean': 42.59823069852941, 'count': 51, 'sum': 2172.509765625, 'median': 42.89421081542969}","(77.80132142600007, 17.440949010000054, 78.02278448100003, 17.58481577400005)",01-04-2023.geojson,Mominpet,,,,,
Mahabubnagar,TSSD0331,95.02,"{'min': 36.81571578979492, 'max': 41.612857818603516, 'mean': 39.28375713641827, 'count': 26, 'sum': 1021.377685546875, 'median': 39.04395294189453}","(77.88815901700008, 16.55990335200005, 78.03642113100005, 16.65578400800007)",01-04-2023.geojson,Moosapet,,,,,
Nizamabad,TSSD0332,110.93,"{'min': 34.87666702270508, 'max': 38.09222412109375, 'mean': 36.211751302083336, 'count': 30, 'sum': 1086.3525390625, 'median': 36.24578857421875}","(78.39569656400005, 18.754933092000044, 78.51049422500006, 18.895877668000026)",01-04-2023.geojson,Morthad,,,,,
Yadadri Bhuvanagiri,TSSD0333,154.09,"{'min': 35.98237991333008, 'max': 42.54999923706055, 'mean': 37.840265183221724, 'count': 42, 'sum': 1589.2911376953125, 'median': 37.34373474121094}","(79.02191272500005, 17.447705855000038, 79.18771359200008, 17.614164877000064)",01-04-2023.geojson,Motakondur,,,,,
Suryapet,TSSD0334,191.84,"{'min': 31.728946685791016, 'max': 38.655555725097656, 'mean': 35.88696533203125, 'count': 50, 'sum': 1794.3482666015625, 'median': 36.037166595458984}","(79.72864807600007, 17.098594648000073, 79.90108897100004, 17.295132846000058)",01-04-2023.geojson,Mothey,,,,,
Yadadri Bhuvanagiri,TSSD0335,146.43,"{'min': 35.13695526123047, 'max': 39.65999984741211, 'mean': 37.15828137520032, 'count': 39, 'sum': 1449.1729736328125, 'median': 37.06272888183594}","(79.17886738600004, 17.35663582600006, 79.34505761300005, 17.499013259000037)",01-04-2023.geojson,Mothkur,,,,,
Nirmal,TSSD0336,187.43,"{'min': 34.55521774291992, 'max': 45.33000183105469, 'mean': 39.93861190132473, 'count': 46, 'sum': 1837.1761474609375, 'median': 39.69389343261719}","(77.87363589400007, 18.90926259400004, 78.04943334300003, 19.05199254100006)",01-04-2023.geojson,Mudhole,,,,,
Khammam,TSSD0337,202.95,"{'min': 32.20058822631836, 'max': 37.130001068115234, 'mean': 34.58918644831731, 'count': 52, 'sum': 1798.6376953125, 'median': 34.78266525268555}","(79.99976989400005, 16.987411645000066, 80.17144520800008, 17.21465495600006)",01-04-2023.geojson,Mudigonda,,,,,
Nizamabad,TSSD0338,196.22,"{'min': 32.86000061035156, 'max': 41.725555419921875, 'mean': 37.3187806372549, 'count': 51, 'sum': 1903.2578125, 'median': 37.82789611816406}","(78.03331485400008, 18.477793812000073, 78.18413506400003, 18.66033533700005)",01-04-2023.geojson,Mugpal,,,,,
Bhadradri Kothagudem,TSSD0339,514.62,"{'min': 32.9900016784668, 'max': 39.465293884277344, 'mean': 36.19079137731482, 'count': 135, 'sum': 4885.7568359375, 'median': 36.260589599609375}","(80.70650352000007, 17.353825033000078, 80.96455307900004, 17.59430879000007)",01-04-2023.geojson,Mulakalapally,,,,,
Mulugu,TSSD0340,363.24,"{'min': 29.931903839111328, 'max': 40.72111129760742, 'mean': 36.55594418174342, 'count': 95, 'sum': 3472.814697265625, 'median': 36.7415771484375}","(79.81475825400008, 18.07019176600005, 80.14227776900003, 18.247994896000023)",01-04-2023.geojson,Mulug,,,,,
Siddipet,TSSD0341,148.86,"{'min': 29.852609634399414, 'max': 39.10523986816406, 'mean': 37.462339743589745, 'count': 39, 'sum': 1461.03125, 'median': 38.09600067138672}","(78.49289586600008, 17.669503792000057, 78.72948919400005, 17.760743728000023)",01-04-2023.geojson,Mulug,,,,,
Suryapet,TSSD0342,140.35,"{'min': 32.367000579833984, 'max': 40.112220764160156, 'mean': 36.053533935546874, 'count': 40, 'sum': 1442.141357421875, 'median': 35.832496643066406}","(79.71348967800003, 16.97659834500007, 79.93382971200003, 17.162332160000062)",01-04-2023.geojson,Munagala,,,,,
Sangareddy,TSSD0343,221.68,"{'min': 29.5068416595459, 'max': 45.28888702392578, 'mean': 41.53294154575893, 'count': 56, 'sum': 2325.8447265625, 'median': 43.189090728759766}","(77.76970420300006, 17.61306823700005, 77.93222993400008, 17.821658166000077)",01-04-2023.geojson,Munipally,,,,,
Nalgonda,TSSD0344,242.13,"{'min': 36.623043060302734, 'max': 43.527000427246094, 'mean': 39.96836529356061, 'count': 66, 'sum': 2637.912109375, 'median': 39.68053436279297}","(78.92781504300007, 16.99371558000007, 79.14931293500007, 17.18453899000002)",01-04-2023.geojson,Munugode,,,,,
Nizamabad,TSSD0345,53.32,"{'min': 27.577367782592773, 'max': 37.224735260009766, 'mean': 34.14227948869978, 'count': 14, 'sum': 477.9919128417969, 'median': 34.69550323486328}","(78.33239376200004, 18.87289880800006, 78.45351563000008, 18.968813642000043)",01-04-2023.geojson,Mupkal,,,,,
Hyderabad,TSSD0346,9.91,"{'min': 37.68333435058594, 'max': 37.946189880371094, 'mean': 37.814762115478516, 'count': 2, 'sum': 75.62952423095703, 'median': 37.814762115478516}","(78.47735671700008, 17.40191402800002, 78.52763446200004, 17.43504124900005)",01-04-2023.geojson,Musheerabad,,,,,
Rajanna Sircilla,TSSD0347,162.34,"{'min': 33.328094482421875, 'max': 36.99380874633789, 'mean': 35.22848723655523, 'count': 43, 'sum': 1514.824951171875, 'median': 35.40142822265625}","(78.62827650500003, 18.21376387500004, 78.77109860300004, 18.360829288000048)",01-04-2023.geojson,Mustabad,,,,,
Jayashankar Bhupalpally,TSSD0348,603.81,"{'min': 33.7014274597168, 'max': 40.310951232910156, 'mean': 37.4675048828125, 'count': 160, 'sum': 5994.80078125, 'median': 37.457366943359375}","(79.93211438700007, 18.348852581000074, 80.27331132300003, 18.665550444000075)",01-04-2023.geojson,Mutharam_Mahadevpur,,,,,
Peddapalli,TSSD0349,143.95,"{'min': 32.553001403808594, 'max': 37.880001068115234, 'mean': 35.884225945723685, 'count': 38, 'sum': 1363.6005859375, 'median': 35.93473815917969}","(79.56376559100005, 18.46670946200004, 79.71861493100005, 18.60236795900005)",01-04-2023.geojson,Mutharam_Manthani,,,,,
Suryapet,TSSD0350,132.47,"{'min': 32.487648010253906, 'max': 39.68294143676758, 'mean': 34.595717921401516, 'count': 33, 'sum': 1141.65869140625, 'median': 33.83100128173828}","(79.81542641000004, 17.031014071000072, 79.94769370600005, 17.174546916000054)",01-04-2023.geojson,Nadigudem,,,,,
Sangareddy,TSSD0351,148.84,"{'min': 40.36217498779297, 'max': 46.32500076293945, 'mean': 43.75912780761719, 'count': 40, 'sum': 1750.3651123046875, 'median': 44.012855529785156}","(77.54918865800005, 17.98547994300003, 77.71900749600007, 18.124343363000037)",01-04-2023.geojson,Nagalgidda,,,,,
Suryapet,TSSD0352,134.54,"{'min': 33.19727325439453, 'max': 36.7400016784668, 'mean': 34.98060477120536, 'count': 35, 'sum': 1224.3211669921875, 'median': 34.970951080322266}","(79.41253491600008, 17.34124849500006, 79.57155473400007, 17.45790335600003)",01-04-2023.geojson,Nagaram,,,,,
Kamareddy,TSSD0353,138.95,"{'min': 31.798181533813477, 'max': 39.18714141845703, 'mean': 34.78887580422794, 'count': 34, 'sum': 1182.82177734375, 'median': 34.76580047607422}","(78.01381962800008, 18.068441783000026, 78.17948646600007, 18.201817321000078)",01-04-2023.geojson,Nagi_Reddypet,,,,,
Nalgonda,TSSD0354,151.19,"{'min': 34.15727233886719, 'max': 40.672855377197266, 'mean': 36.80111389160156, 'count': 40, 'sum': 1472.0445556640625, 'median': 36.41681671142578}","(79.36271400100003, 17.074334117000035, 79.51356132300003, 17.265691678000053)",01-04-2023.geojson,Nakrekal,,,,,
Nalgonda,TSSD0355,356.0,"{'min': 32.08913040161133, 'max': 39.19173812866211, 'mean': 36.94278792496566, 'count': 91, 'sum': 3361.793701171875, 'median': 37.010833740234375}","(79.11238633500005, 16.95004682000007, 79.38632643800008, 17.14875526800006)",01-04-2023.geojson,Nalgonda,,,,,
Warangal_Rural,TSSD0356,164.31,"{'min': 32.21699905395508, 'max': 37.994998931884766, 'mean': 35.65361022949219, 'count': 48, 'sum': 1711.373291015625, 'median': 35.62930679321289}","(79.81066170600008, 17.993540445000065, 80.04124404200007, 18.11528805000006)",01-04-2023.geojson,Nallabelli,,,,,
Hyderabad,TSSD0357,11.34,"{'min': 35.70000076293945, 'max': 38.90272903442383, 'mean': 37.764241536458336, 'count': 3, 'sum': 113.292724609375, 'median': 38.689998626708984}","(78.45809052700008, 17.36457170500006, 78.49555773000003, 17.405714060000037)",01-04-2023.geojson,Nampally,,,,,
Nalgonda,TSSD0358,280.57,"{'min': 38.610801696777344, 'max': 43.349998474121094, 'mean': 41.20479719606164, 'count': 73, 'sum': 3007.9501953125, 'median': 41.28333282470703}","(78.84925232700004, 16.740287084000045, 79.04788463500006, 16.965538953000078)",01-04-2023.geojson,Nampally,,,,,
Rangareddy,TSSD0359,86.28,"{'min': 37.900001525878906, 'max': 41.919525146484375, 'mean': 39.02564031427557, 'count': 22, 'sum': 858.5640869140625, 'median': 38.88182067871094}","(78.16420628000003, 17.07450775600006, 78.31375295500004, 17.187439899000026)",01-04-2023.geojson,Nandigama,,,,,
Nizamabad,TSSD0360,296.41,"{'min': 27.95888900756836, 'max': 36.790000915527344, 'mean': 33.71585836038961, 'count': 77, 'sum': 2596.12109375, 'median': 34.0327262878418}","(78.06391450200005, 18.810123935000036, 78.27745292600008, 19.015809954000076)",01-04-2023.geojson,Nandipet,,,,,
Siddipet,TSSD0361,173.43,"{'min': 34.88181686401367, 'max': 37.168182373046875, 'mean': 35.66403475674716, 'count': 44, 'sum': 1569.217529296875, 'median': 35.639129638671875}","(78.91642615100005, 18.005257581000023, 79.12553882600008, 18.139313947000062)",01-04-2023.geojson,Nangnoor,,,,,
Yadadri Bhuvanagiri,TSSD0362,255.72,"{'min': 36.5091667175293, 'max': 43.77727127075195, 'mean': 39.361209753787875, 'count': 66, 'sum': 2597.83984375, 'median': 38.7672004699707}","(78.76727420200007, 17.04527964400006, 78.99214673900008, 17.215539860000035)",01-04-2023.geojson,Narayanapoor,,,,,
Sangareddy,TSSD0363,221.04,"{'min': 34.28091049194336, 'max': 44.71666717529297, 'mean': 40.96885405993852, 'count': 61, 'sum': 2499.10009765625, 'median': 42.625}","(77.65873951100008, 17.969087139000067, 77.91619762300007, 18.131861117000028)",01-04-2023.geojson,Narayankhed,,,,,
Narayanpet,TSSD0364,253.45,"{'min': 39.890907287597656, 'max': 44.02727127075195, 'mean': 41.52173227163462, 'count': 65, 'sum': 2698.91259765625, 'median': 41.356666564941406}","(77.42683117400003, 16.65053467100006, 77.68547301300003, 16.797928967000075)",01-04-2023.geojson,Narayanpet,,,,,
Nalgonda,TSSD0365,234.39,"{'min': 35.27857208251953, 'max': 39.407501220703125, 'mean': 37.834639291914684, 'count': 63, 'sum': 2383.582275390625, 'median': 38.106998443603516}","(79.12064748900008, 17.11371295600003, 79.30389623300005, 17.35996707100003)",01-04-2023.geojson,Narketpally,,,,,
Jangoan,TSSD0366,125.01,"{'min': 33.64908981323242, 'max': 38.534210205078125, 'mean': 35.73013583096591, 'count': 33, 'sum': 1179.094482421875, 'median': 35.64272689819336}","(79.09279653800007, 17.82066930900004, 79.25505581500005, 17.932063776000064)",01-04-2023.geojson,Narmetta,,,,,
Adilabad,TSSD0367,201.81,"{'min': 41.47190475463867, 'max': 45.61823654174805, 'mean': 42.85910322081368, 'count': 53, 'sum': 2271.532470703125, 'median': 42.7869987487793}","(78.75741661700005, 19.424395872000048, 78.97780666900007, 19.57535441500005)",01-04-2023.geojson,Narnoor,,,,,
Warangal_Rural,TSSD0368,128.11,"{'min': 30.606521606445312, 'max': 35.375999450683594, 'mean': 33.80529022216797, 'count': 32, 'sum': 1081.769287109375, 'median': 34.12318420410156}","(79.80201610100005, 17.882928224000068, 79.94435882900007, 18.020538076000037)",01-04-2023.geojson,Narsampet,,,,,
Medak,TSSD0369,177.98,"{'min': 33.630001068115234, 'max': 38.037620544433594, 'mean': 36.28022233829942, 'count': 43, 'sum': 1560.049560546875, 'median': 36.1875}","(78.16308671700006, 17.659841237000023, 78.33116213500006, 17.840150954000023)",01-04-2023.geojson,Narsapur,,,,,
Nirmal,TSSD0370,147.48,"{'min': 33.290000915527344, 'max': 44.62699890136719, 'mean': 38.549275716145836, 'count': 42, 'sum': 1619.069580078125, 'median': 38.315391540527344}","(78.07428315700008, 19.02509410700003, 78.21913771600003, 19.23774101400005)",01-04-2023.geojson,Narsapur_G,,,,,
Mahabubabad,TSSD0371,100.62,"{'min': 32.777000427246094, 'max': 36.50263214111328, 'mean': 34.40812400535301, 'count': 27, 'sum': 929.0193481445312, 'median': 34.412105560302734}","(79.74961810900004, 17.432922034000057, 79.85804564900008, 17.55949727500007)",01-04-2023.geojson,Narsimhulapet,,,,,
Medak,TSSD0372,55.63,"{'min': 33.06142807006836, 'max': 37.0004768371582, 'mean': 34.82194900512695, 'count': 16, 'sum': 557.1511840820312, 'median': 34.76333236694336}","(78.39229916300008, 17.98830749900003, 78.47149849900006, 18.093264383000076)",01-04-2023.geojson,Narsingi,,,,,
Narayanpet,TSSD0373,194.24,"{'min': 36.860435485839844, 'max': 45.181819915771484, 'mean': 42.081162109375, 'count': 50, 'sum': 2104.05810546875, 'median': 42.26305389404297}","(77.57900273500007, 16.392118486000072, 77.76051168400005, 16.55740275000005)",01-04-2023.geojson,Narva,,,,,
Mancherial,TSSD0374,52.98,"{'min': 32.916316986083984, 'max': 37.4678955078125, 'mean': 36.233180454799104, 'count': 14, 'sum': 507.2645263671875, 'median': 36.68186950683594}","(79.45022792100008, 18.798759303000054, 79.52726676000003, 18.914394050000055)",01-04-2023.geojson,Naspur,,,,,
Kamareddy,TSSD0375,102.21,"{'min': 32.54090881347656, 'max': 38.64047622680664, 'mean': 34.84916687011719, 'count': 28, 'sum': 975.7766723632812, 'median': 34.561500549316406}","(77.81879634400008, 18.411273927000025, 77.97648352900006, 18.509137527000064)",01-04-2023.geojson,Nasurullabad,,,,,
Nizamabad,TSSD0376,192.08,"{'min': 32.863685607910156, 'max': 37.47315979003906, 'mean': 34.77428955078125, 'count': 50, 'sum': 1738.7144775390625, 'median': 34.54650115966797}","(77.94333219400005, 18.72259983600003, 78.08733714300007, 18.94072022900008)",01-04-2023.geojson,Navipet,,,,,
Mahabubnagar,TSSD0377,296.21,"{'min': 34.6136360168457, 'max': 38.939998626708984, 'mean': 36.88383345170455, 'count': 77, 'sum': 2840.05517578125, 'median': 37.030799865722656}","(77.92099457500007, 16.78332651100004, 78.11899967800008, 17.01427203800006)",01-04-2023.geojson,Nawabpet,,,,,
Vikarabad,TSSD0378,158.3,"{'min': 41.2945442199707, 'max': 45.183685302734375, 'mean': 43.99967249428354, 'count': 41, 'sum': 1803.986572265625, 'median': 44.18777847290039}","(77.88176503700004, 17.365495641000052, 78.07175069100003, 17.471223939000026)",01-04-2023.geojson,Nawabpet,,,,,
Warangal_Rural,TSSD0379,188.28,"{'min': 31.680477142333984, 'max': 35.01727294921875, 'mean': 33.1533837890625, 'count': 50, 'sum': 1657.669189453125, 'median': 33.105712890625}","(79.74746045700005, 17.696488769000155, 79.90634128700003, 17.879678624000064)",01-04-2023.geojson,Nekkonda,,,,,
Khammam,TSSD0380,186.76,"{'min': 31.47705841064453, 'max': 36.307777404785156, 'mean': 33.66639180086097, 'count': 49, 'sum': 1649.6531982421875, 'median': 33.58529281616211}","(79.96784028800005, 16.968121411000027, 80.11000795600006, 17.174936235000075)",01-04-2023.geojson,Nelakondapally,,,,,
Mahabubabad,TSSD0381,206.97,"{'min': 32.62200164794922, 'max': 34.57500076293945, 'mean': 33.55487060546875, 'count': 54, 'sum': 1811.9630126953125, 'median': 33.510475158691406}","(79.71439804300002, 17.541887375000044, 79.91872236700016, 17.698785481000073)",01-04-2023.geojson,Nellikudur,,,,,
Mancherial,TSSD0382,269.42,"{'min': 35.058998107910156, 'max': 40.58894729614258, 'mean': 37.55639992297535, 'count': 71, 'sum': 2666.50439453125, 'median': 37.22764587402344}","(79.52664994100007, 18.93089886100006, 79.73295653300005, 19.12578670700003)",01-04-2023.geojson,Nennel,,,,,
Adilabad,TSSD0383,328.19,"{'min': 38.970951080322266, 'max': 46.0321044921875, 'mean': 42.07734594452247, 'count': 89, 'sum': 3744.8837890625, 'median': 42.2278938293457}","(78.26082714200004, 19.17277807100004, 78.55364642200004, 19.39715159900004)",01-04-2023.geojson,Neradigonda,,,,,
Suryapet,TSSD0384,126.74,"{'min': 33.402000427246094, 'max': 36.31947326660156, 'mean': 34.8443359375, 'count': 35, 'sum': 1219.5517578125, 'median': 34.676666259765625}","(79.61424865900005, 16.828891998000074, 79.72807247700007, 16.983950306000054)",01-04-2023.geojson,Nereducherla,,,,,
Nalgonda,TSSD0385,161.07,"{'min': 35.165000915527344, 'max': 42.48739242553711, 'mean': 40.06906405362216, 'count': 44, 'sum': 1763.038818359375, 'median': 39.89387512207031}","(78.94273533400008, 16.468748120000043, 79.11690272800007, 16.651020135000067)",01-04-2023.geojson,Neredugommu,,,,,
Nalgonda,TSSD0386,217.58,"{'min': 33.09476089477539, 'max': 39.2518196105957, 'mean': 36.148238877118644, 'count': 59, 'sum': 2132.74609375, 'median': 35.91666793823242}","(79.29369591300008, 16.726884840000025, 79.46702657000003, 16.93694350900006)",01-04-2023.geojson,Nidamanoor,,,,,
Nirmal,TSSD0387,26.54,"{'min': 36.39476013183594, 'max': 38.00299835205078, 'mean': 37.173241509331596, 'count': 9, 'sum': 334.5591735839844, 'median': 37.35200119018555}","(78.32125738700006, 19.06142155400005, 78.36703256100003, 19.13503668900006)",01-04-2023.geojson,Nirmal,,,,,
Nirmal,TSSD0388,121.65,"{'min': 33.78727340698242, 'max': 40.01900100708008, 'mean': 37.66470829133065, 'count': 31, 'sum': 1167.60595703125, 'median': 37.694000244140625}","(78.28619783500005, 19.030659180000043, 78.42042812500006, 19.18711090100004)",01-04-2023.geojson,Nirmal Rural,,,,,
Nizamabad,TSSD0389,8.31,"{'min': 35.459999084472656, 'max': 38.973331451416016, 'mean': 37.63444519042969, 'count': 3, 'sum': 112.90333557128906, 'median': 38.470001220703125}","(78.05163596200003, 18.674492592000036, 78.12730598000007, 18.70039857300003)",01-04-2023.geojson,Nizamabad North,,,,,
Nizamabad,TSSD0390,143.88,"{'min': 31.663333892822266, 'max': 39.27000045776367, 'mean': 35.88778204666941, 'count': 38, 'sum': 1363.7357177734375, 'median': 36.329559326171875}","(77.98560033100006, 18.565702533000035, 78.16225447400006, 18.788720459000047)",01-04-2023.geojson,Nizamabad Rural,,,,,
Nizamabad,TSSD0391,30.08,"{'min': 38.225555419921875, 'max': 39.31888961791992, 'mean': 38.801112583705354, 'count': 7, 'sum': 271.6077880859375, 'median': 38.95000076293945}","(78.05135267700007, 18.638141734000044, 78.12035163300004, 18.70039857300003)",01-04-2023.geojson,Nizamabad South,,,,,
Medak,TSSD0392,96.69,"{'min': 33.37091064453125, 'max': 36.39363479614258, 'mean': 34.98301042829241, 'count': 28, 'sum': 979.5242919921875, 'median': 35.09251403808594}","(78.48347828600004, 18.052927198000077, 78.58043728400008, 18.186685228000044)",01-04-2023.geojson,Nizampet,,,,,
Kamareddy,TSSD0393,241.59,"{'min': 27.758182525634766, 'max': 38.69173812866211, 'mean': 33.41920640733507, 'count': 72, 'sum': 2406.182861328125, 'median': 33.39686584472656}","(77.84561923400008, 18.09283344800002, 78.00817764400006, 18.34553889500006)",01-04-2023.geojson,Nizamsagar,,,,,
Suryapet,TSSD0394,119.91,"{'min': 34.60052490234375, 'max': 38.016666412353516, 'mean': 36.0574951171875, 'count': 33, 'sum': 1189.8973388671875, 'median': 35.715999603271484}","(79.62642963900004, 17.281058334000022, 79.80860422700005, 17.37862805900005)",01-04-2023.geojson,Noothankal,,,,,
Sangareddy,TSSD0395,259.19,"{'min': 40.18789291381836, 'max': 44.83000183105469, 'mean': 42.74136891084559, 'count': 68, 'sum': 2906.4130859375, 'median': 42.80699920654297}","(77.50905262900005, 17.743666096000027, 77.70963585900006, 17.95290998400003)",01-04-2023.geojson,Nyalkal,,,,,
Peddapalli,TSSD0396,148.08,"{'min': 31.42473602294922, 'max': 36.258888244628906, 'mean': 33.36768863075658, 'count': 38, 'sum': 1267.97216796875, 'median': 33.31344985961914}","(79.36660364000005, 18.386385288000042, 79.55224107200007, 18.53271052300005)",01-04-2023.geojson,Odela,,,,,
Nagarkurnool,TSSD0397,630.47,"{'min': 35.23400115966797, 'max': 42.27869415283203, 'mean': 39.247561645507815, 'count': 160, 'sum': 6279.60986328125, 'median': 39.390987396240234}","(78.85902477800005, 16.210348460000034, 79.23432760400004, 16.461405856000056)",01-04-2023.geojson,Padara,,,,,
Suryapet,TSSD0398,132.07,"{'min': 35.42222213745117, 'max': 39.52399826049805, 'mean': 36.71820407443576, 'count': 36, 'sum': 1321.8553466796875, 'median': 36.25568389892578}","(79.66762645300008, 16.689675125000065, 79.78908743200003, 16.836615472000062)",01-04-2023.geojson,Palakeedu,,,,,
Jangoan,TSSD0399,255.42,"{'min': 34.45174026489258, 'max': 38.327144622802734, 'mean': 36.2081298828125, 'count': 66, 'sum': 2389.736572265625, 'median': 36.232765197753906}","(79.34225257900005, 17.560267294000028, 79.54008752200008, 17.75819989300004)",01-04-2023.geojson,Palakurthy,,,,,
Peddapalli,TSSD0400,137.42,"{'min': 30.479999542236328, 'max': 37.1490478515625, 'mean': 34.581345016891895, 'count': 37, 'sum': 1279.509765625, 'median': 34.62666702270508}","(79.25348235000007, 18.670677110000042, 79.50381904800008, 18.81832694700006)",01-04-2023.geojson,Palakurthy,,,,,
Jayashankar Bhupalpally,TSSD0401,226.16,"{'min': 35.70789337158203, 'max': 40.495262145996094, 'mean': 38.28715413411458, 'count': 60, 'sum': 2297.229248046875, 'median': 38.134647369384766}","(80.10237686500005, 18.587417120000055, 80.34460111300007, 18.722365577000062)",01-04-2023.geojson,Palmela,,,,,
Bhadradri Kothagudem,TSSD0402,421.11,"{'min': 30.67799949645996, 'max': 37.58157730102539, 'mean': 35.062337239583336, 'count': 111, 'sum': 3891.91943359375, 'median': 35.382633209228516}","(80.57151962200004, 17.50317956400005, 80.86723947600007, 17.895408489000033)",01-04-2023.geojson,Palvancha,,,,,
Wanaparthy,TSSD0403,205.91,"{'min': 36.23347854614258, 'max': 41.010868072509766, 'mean': 38.58476652922454, 'count': 54, 'sum': 2083.577392578125, 'median': 38.791954040527344}","(78.02855847800004, 16.173396301000025, 78.22246788200005, 16.341012469000077)",01-04-2023.geojson,Pangal,,,,,
Medak,TSSD0404,205.14,"{'min': 31.049999237060547, 'max': 38.042999267578125, 'mean': 34.40848721590909, 'count': 55, 'sum': 1892.466796875, 'median': 34.70899963378906}","(77.99790429400008, 17.965407912000046, 78.21345417200007, 18.109216143000026)",01-04-2023.geojson,Papannapet,,,,,
Vikarabad,TSSD0405,227.88,"{'min': 37.40043640136719, 'max': 45.948001861572266, 'mean': 42.156792074947035, 'count': 59, 'sum': 2487.250732421875, 'median': 42.78200149536133}","(77.76414678500004, 17.074105024000062, 77.99328854900006, 17.257275064000055)",01-04-2023.geojson,Pargi,,,,,
Warangal_Rural,TSSD0406,79.71,"{'min': 33.67818069458008, 'max': 36.81636428833008, 'mean': 35.39889221191406, 'count': 20, 'sum': 707.9778442382812, 'median': 35.46886444091797}","(79.645823469, 18.135041913000066, 79.73250177000006, 18.279244378000044)",01-04-2023.geojson,Parkal,,,,,
Warangal_Rural,TSSD0407,161.29,"{'min': 31.68600082397461, 'max': 34.4173698425293, 'mean': 33.145208449590776, 'count': 42, 'sum': 1392.0987548828125, 'median': 33.08158874511719}","(79.64445348100008, 17.68264110900003, 79.78084029400003, 17.843589961000077)",01-04-2023.geojson,Parvathagiri,,,,,
Sangareddy,TSSD0408,186.54,"{'min': 37.45782470703125, 'max': 40.206520080566406, 'mean': 38.81026611328125, 'count': 50, 'sum': 1940.5133056640625, 'median': 38.84260940551758}","(78.13716356700007, 17.463618334000046, 78.28967759800008, 17.628094657000076)",01-04-2023.geojson,Patancheruvu,,,,,
Wanaparthy,TSSD0409,199.7,"{'min': 33.57181930541992, 'max': 44.0363655090332, 'mean': 38.368664081280045, 'count': 52, 'sum': 1995.1705322265625, 'median': 37.938785552978516}","(77.91611806600008, 16.024587675000078, 78.07471604300008, 16.26834650400002)",01-04-2023.geojson,Pebbair,,,,,
Nalgonda,TSSD0410,534.97,"{'min': 28.663333892822266, 'max': 41.470001220703125, 'mean': 35.625994126573744, 'count': 139, 'sum': 4952.01318359375, 'median': 36.053810119628906}","(79.02131319100005, 16.429164953000054, 79.31131002400008, 16.806345736000026)",01-04-2023.geojson,Peda Adisharla Palli,,,,,
Kamareddy,TSSD0411,93.4,"{'min': 36.93000030517578, 'max': 44.96200180053711, 'mean': 40.5553964468149, 'count': 26, 'sum': 1054.4403076171875, 'median': 39.89014434814453}","(77.64296889100007, 18.23434125800003, 77.79440383200006, 18.363266914000064)",01-04-2023.geojson,Pedda Kodapgal,,,,,
Nagarkurnool,TSSD0412,268.13,"{'min': 34.71454620361328, 'max': 42.72999954223633, 'mean': 38.91014946831597, 'count': 72, 'sum': 2801.53076171875, 'median': 38.60016632080078}","(78.28210328600005, 16.15614634700006, 78.46080747200006, 16.378297329000077)",01-04-2023.geojson,Peddakothapalle,,,,,
Wanaparthy,TSSD0413,184.53,"{'min': 36.65174102783203, 'max': 42.92636489868164, 'mean': 39.74798075358073, 'count': 48, 'sum': 1907.903076171875, 'median': 39.8698616027832}","(77.91764372000006, 16.364835636000066, 78.12790212400006, 16.52562722400006)",01-04-2023.geojson,Peddamandaddi,,,,,
Peddapalli,TSSD0414,249.03,"{'min': 31.476999282836914, 'max': 37.86000061035156, 'mean': 33.988444010416664, 'count': 69, 'sum': 2345.20263671875, 'median': 33.946842193603516}","(79.30969398300005, 18.526543618000062, 79.49350302700003, 18.70415850100005)",01-04-2023.geojson,Peddapalli,,,,,
Mahabubabad,TSSD0415,111.61,"{'min': 32.86333465576172, 'max': 35.47761917114258, 'mean': 34.143408203125, 'count': 30, 'sum': 1024.30224609375, 'median': 34.148887634277344}","(79.51263601700003, 17.490564388000053, 79.63852224900006, 17.619982297000035)",01-04-2023.geojson,Peddavangara,,,,,
Nalgonda,TSSD0416,289.57,"{'min': 31.770870208740234, 'max': 41.05091094970703, 'mean': 37.488734654017854, 'count': 77, 'sum': 2886.632568359375, 'median': 37.974544525146484}","(79.13353438500008, 16.575213949000045, 79.36044542900004, 16.832719401000077)",01-04-2023.geojson,Peddavoora,,,,,
Vikarabad,TSSD0417,240.11,"{'min': 37.1058349609375, 'max': 46.718421936035156, 'mean': 42.45791724420363, 'count': 62, 'sum': 2632.390869140625, 'median': 42.51974105834961}","(77.51261111400004, 17.261553169000024, 77.72573047400004, 17.456603014000052)",01-04-2023.geojson,Peddemul,,,,,
Jagtial,TSSD0418,131.5,"{'min': 31.71500015258789, 'max': 34.440589904785156, 'mean': 32.901449764476105, 'count': 34, 'sum': 1118.6492919921875, 'median': 32.821739196777344}","(79.00313586800007, 18.638171251000074, 79.13566837800005, 18.76691388300003)",01-04-2023.geojson,Pegadapalli,,,,,
Nirmal,TSSD0419,315.89,"{'min': 37.9089469909668, 'max': 42.33315658569336, 'mean': 40.011707261029414, 'count': 85, 'sum': 3400.9951171875, 'median': 39.94157791137695}","(78.48200096200003, 19.08543736100006, 78.72744941700006, 19.317058780000025)",01-04-2023.geojson,Pembi,,,,,
Kumurambheem Asifabad,TSSD0420,209.6,"{'min': 35.79222106933594, 'max': 40.7944450378418, 'mean': 38.290841238839285, 'count': 56, 'sum': 2144.287109375, 'median': 38.158790588378906}","(79.66386794600004, 19.199781307000023, 79.94222848200008, 19.367035272000066)",01-04-2023.geojson,Penchikalpet,,,,,
Suryapet,TSSD0421,190.1,"{'min': 32.935455322265625, 'max': 37.932106018066406, 'mean': 35.32806276807598, 'count': 51, 'sum': 1801.731201171875, 'median': 35.46473693847656}","(79.59300492900007, 16.958133916000065, 79.81245856700008, 17.09085837200007)",01-04-2023.geojson,Penpahad,,,,,
Nagarkurnool,TSSD0422,100.6,"{'min': 38.636085510253906, 'max': 42.48047637939453, 'mean': 40.75321266867898, 'count': 22, 'sum': 896.5706787109375, 'median': 40.819610595703125}","(78.18107699600006, 16.00532167600005, 78.32316639500004, 16.139543263000064)",01-04-2023.geojson,Pentlavelli,,,,,
Khammam,TSSD0423,273.41,"{'min': 31.197059631347656, 'max': 37.970001220703125, 'mean': 35.46043565538194, 'count': 72, 'sum': 2553.1513671875, 'median': 35.66407012939453}","(80.59580834400003, 17.100783087000025, 80.77536110100004, 17.320991373000027)",01-04-2023.geojson,Penuballi,,,,,
Bhadradri Kothagudem,TSSD0424,237.05,"{'min': 30.67300033569336, 'max': 37.38600158691406, 'mean': 34.35739558293269, 'count': 65, 'sum': 2233.230712890625, 'median': 34.516998291015625}","(80.60213672700007, 17.921962273000076, 80.77371604900003, 18.158406092000064)",01-04-2023.geojson,Pinapaka,,,,,
Vikarabad,TSSD0425,206.05,"{'min': 39.25090789794922, 'max': 45.215999603271484, 'mean': 42.72912145543982, 'count': 54, 'sum': 2307.37255859375, 'median': 43.01454544067383}","(77.89676249700005, 17.131204728000057, 78.06049801700004, 17.32409672800003)",01-04-2023.geojson,Pudur,,,,,
Sangareddy,TSSD0426,148.67,"{'min': 27.94300079345703, 'max': 43.17100143432617, 'mean': 35.44184875488281, 'count': 40, 'sum': 1417.6739501953125, 'median': 35.5914306640625}","(77.90516574499998, 17.65983009000007, 78.07454656600015, 17.812841045000027)",01-04-2023.geojson,Pulkal,,,,,
Medchal_Malkajgiri,TSSD0427,43.97,"{'min': 36.768096923828125, 'max': 38.81800079345703, 'mean': 37.817623901367185, 'count': 10, 'sum': 378.1762390136719, 'median': 37.871498107910156}","(78.38920413800008, 17.480972, 78.50036789700005, 17.561433864000037)",01-04-2023.geojson,Quthbullapur,,,,,
Khammam,TSSD0428,192.3,"{'min': 35.18777847290039, 'max': 38.430999755859375, 'mean': 37.302783203125, 'count': 50, 'sum': 1865.13916015625, 'median': 37.5283317565918}","(80.13318105300004, 17.232712673000037, 80.34275288000003, 17.401110535000043)",01-04-2023.geojson,Raghunadhapalem,,,,,
Jangoan,TSSD0429,251.68,"{'min': 32.770870208740234, 'max': 39.20619201660156, 'mean': 35.82136922807836, 'count': 67, 'sum': 2400.03173828125, 'median': 35.70166778564453}","(79.17884629500008, 17.67337913600005, 79.37330906100004, 17.858329210000022)",01-04-2023.geojson,Ragunathpally,,,,,
Jagtial,TSSD0430,266.42,"{'min': 33.58000183105469, 'max': 41.10157775878906, 'mean': 36.759033203125, 'count': 67, 'sum': 2462.855224609375, 'median': 36.409000396728516}","(78.72887764300003, 18.831214958000032, 78.93391600400008, 19.071133686000053)",01-04-2023.geojson,Raikal,,,,,
Sangareddy,TSSD0431,223.22,"{'min': 30.173809051513672, 'max': 44.90523910522461, 'mean': 40.84229357489224, 'count': 58, 'sum': 2368.85302734375, 'median': 42.59000015258789}","(77.66777327100004, 17.76655052700005, 77.88238395400003, 17.93163760300007)",01-04-2023.geojson,Raikode,,,,,
Warangal_Rural,TSSD0432,219.17,"{'min': 30.756956100463867, 'max': 37.47380828857422, 'mean': 35.01551106770833, 'count': 60, 'sum': 2100.9306640625, 'median': 34.85818099975586}","(79.48142998600008, 17.619651097000144, 79.69554202900008, 17.76142627300004)",01-04-2023.geojson,Raiparthy,,,,,
Siddipet,TSSD0433,104.17,"{'min': 34.113807678222656, 'max': 37.37095260620117, 'mean': 36.21630438442888, 'count': 29, 'sum': 1050.2728271484375, 'median': 36.41363525390625}","(78.55726942800004, 17.83236618500007, 78.68891396900005, 17.985113187000024)",01-04-2023.geojson,Raipole,,,,,
Kamareddy,TSSD0434,126.93,"{'min': 34.35857009887695, 'max': 42.90599822998047, 'mean': 38.1195858226103, 'count': 34, 'sum': 1296.06591796875, 'median': 38.48173904418945}","(78.21768245400006, 18.146799025000064, 78.37609676800008, 18.26765991900004)",01-04-2023.geojson,Rajampet,,,,,
Yadadri Bhuvanagiri,TSSD0435,197.22,"{'min': 34.96818161010742, 'max': 38.970909118652344, 'mean': 36.84121392697704, 'count': 49, 'sum': 1805.219482421875, 'median': 36.836666107177734}","(78.85825081100006, 17.654937046000043, 79.01597518100004, 17.812669696000057)",01-04-2023.geojson,Rajapeta,,,,,
Mahabubnagar,TSSD0436,125.06,"{'min': 36.767391204833984, 'max': 40.110870361328125, 'mean': 38.51913272633272, 'count': 34, 'sum': 1309.6505126953125, 'median': 38.6542854309082}","(78.07616216600007, 16.827293433000023, 78.23953804100006, 16.936410312000078)",01-04-2023.geojson,Rajapur,,,,,
Rangareddy,TSSD0437,48.26,"{'min': 33.0004768371582, 'max': 38.799522399902344, 'mean': 36.6347900390625, 'count': 15, 'sum': 549.5218505859375, 'median': 36.744544982910156}","(78.37469952800006, 17.27932147300004, 78.46010745500007, 17.37208799600006)",01-04-2023.geojson,Rajendranagar,,,,,
Jogulamba Gadwal,TSSD0438,129.05,"{'min': 37.70199966430664, 'max': 43.40523910522461, 'mean': 40.269951315487134, 'count': 34, 'sum': 1369.1783447265625, 'median': 40.21068572998047}","(77.64468695100004, 15.874725880000028, 77.86920549500007, 15.955733610000038)",01-04-2023.geojson,Rajoli,,,,,
Sangareddy,TSSD0439,76.01,"{'min': 35.73782730102539, 'max': 39.831817626953125, 'mean': 37.914396587171055, 'count': 19, 'sum': 720.37353515625, 'median': 38.418182373046875}","(78.20639802000005, 17.42785604100004, 78.31670013100006, 17.529947374000074)",01-04-2023.geojson,Ramachandrapuram,,,,,
Karimnagar,TSSD0440,134.02,"{'min': 32.617000579833984, 'max': 39.25857162475586, 'mean': 34.681568042652025, 'count': 37, 'sum': 1283.218017578125, 'median': 34.504547119140625}","(79.02101613600007, 18.468415441000047, 79.13300998100004, 18.662426753000034)",01-04-2023.geojson,Ramadugu,,,,,
Peddapalli,TSSD0441,174.25,"{'min': 31.174999237060547, 'max': 38.9370002746582, 'mean': 35.51372736150568, 'count': 44, 'sum': 1562.60400390625, 'median': 35.2241096496582}","(79.49644329500006, 18.537401654000064, 79.64857378700003, 18.777236066000057)",01-04-2023.geojson,Ramagiri,,,,,
Peddapalli,TSSD0442,113.66,"{'min': 33.863685607910156, 'max': 37.53799819946289, 'mean': 35.77161038306452, 'count': 31, 'sum': 1108.919921875, 'median': 35.680999755859375}","(79.41357231200004, 18.674221571000032, 79.54617280200006, 18.82875034600005)",01-04-2023.geojson,Ramagundam,,,,,
Yadadri Bhuvanagiri,TSSD0443,229.79,"{'min': 32.17818069458008, 'max': 39.22809600830078, 'mean': 36.33116048177083, 'count': 60, 'sum': 2179.86962890625, 'median': 36.45539855957031}","(78.98814184100007, 17.24503517000005, 79.25341493800005, 17.371267423000063)",01-04-2023.geojson,Ramannapet,,,,,
Kamareddy,TSSD0444,168.07,"{'min': 33.61000061035156, 'max': 40.347896575927734, 'mean': 36.87627180232558, 'count': 43, 'sum': 1585.6796875, 'median': 36.957000732421875}","(78.30521243600003, 18.353492533000065, 78.49228659800008, 18.483468182000024)",01-04-2023.geojson,Ramareddy,,,,,
Medak,TSSD0445,151.12,"{'min': 34.13090896606445, 'max': 38.80181884765625, 'mean': 35.93016221788194, 'count': 36, 'sum': 1293.48583984375, 'median': 36.14668273925781}","(78.30425113600006, 18.0235726680001, 78.52133388100003, 18.202632038000047)",01-04-2023.geojson,Ramayampet,,,,,
Kumurambheem Asifabad,TSSD0446,259.91,"{'min': 36.26894760131836, 'max': 43.80684280395508, 'mean': 40.15087890625, 'count': 70, 'sum': 2810.5615234375, 'median': 40.09602355957031}","(79.32166087900004, 19.178187793000063, 79.54911338400007, 19.34967844600004)",01-04-2023.geojson,Rebbena,,,,,
Medak,TSSD0447,80.04,"{'min': 38.194000244140625, 'max': 44.68600082397461, 'mean': 42.08297119140625, 'count': 20, 'sum': 841.659423828125, 'median': 43.31813049316406}","(77.79480732300004, 17.899738504000027, 77.90762447000003, 18.02227582200004)",01-04-2023.geojson,Regode,,,,,
Jayashankar Bhupalpally,TSSD0448,230.7,"{'min': 32.33363723754883, 'max': 37.6966667175293, 'mean': 35.61411298331568, 'count': 59, 'sum': 2101.232666015625, 'median': 35.61476135253906}","(79.69264018100006, 18.156703452000045, 79.86309632500007, 18.338586973000076)",01-04-2023.geojson,Regonda,,,,,
Nizamabad,TSSD0449,113.22,"{'min': 31.8700008392334, 'max': 43.12473678588867, 'mean': 36.29815673828125, 'count': 30, 'sum': 1088.9447021484375, 'median': 34.6368408203125}","(77.86138268200006, 18.703789855000025, 78.00478559000004, 18.827805693000073)",01-04-2023.geojson,Renjal,,,,,
Wanaparthy,TSSD0450,123.03,"{'min': 35.474544525146484, 'max': 39.29249954223633, 'mean': 37.05252613740809, 'count': 34, 'sum': 1259.785888671875, 'median': 37.036376953125}","(78.18099529600005, 16.28925188900007, 78.31347526600007, 16.41654954300003)",01-04-2023.geojson,Revally,,,,,
Rajanna Sircilla,TSSD0451,102.53,"{'min': 33.357059478759766, 'max': 40.56058883666992, 'mean': 37.50181227463942, 'count': 26, 'sum': 975.047119140625, 'median': 37.22655487060547}","(78.58056651000004, 18.58307069400007, 78.73259018200008, 18.69041016700004)",01-04-2023.geojson,Rudrangi,,,,,
Nizamabad,TSSD0452,49.47,"{'min': 33.095001220703125, 'max': 34.845237731933594, 'mean': 33.98501180013021, 'count': 15, 'sum': 509.7751770019531, 'median': 33.816314697265625}","(77.83311309200008, 18.52944754200007, 77.90865557200004, 18.627816633000066)",01-04-2023.geojson,Rudrur,,,,,
Kamareddy,TSSD0453,196.13,"{'min': 33.21699905395508, 'max': 44.66157913208008, 'mean': 40.635069649174525, 'count': 53, 'sum': 2153.65869140625, 'median': 40.588890075683594}","(78.13861896100008, 18.353770851000036, 78.32975145300009, 18.507260761000055)",01-04-2023.geojson,Sadashivnagar,,,,,
Sangareddy,TSSD0454,248.56,"{'min': 34.15272903442383, 'max': 44.087894439697266, 'mean': 40.64625818589155, 'count': 68, 'sum': 2763.945556640625, 'median': 41.05500030517578}","(77.85634040500008, 17.56144371700003, 78.05470115400004, 17.744826153000076)",01-04-2023.geojson,Sadasivpet,,,,,
Hyderabad,TSSD0455,4.44,"{'min': 39.654762268066406, 'max': 39.654762268066406, 'mean': 39.654762268066406, 'count': 1, 'sum': 39.654762268066406, 'median': 39.654762268066406}","(78.49666183500005, 17.34852849400005, 78.52105110000008, 17.37992626500005)",01-04-2023.geojson,Saidabad,,,,,
Sangareddy,TSSD0456,85.0,"{'min': 32.200435638427734, 'max': 39.008182525634766, 'mean': 36.809000651041664, 'count': 21, 'sum': 772.989013671875, 'median': 37.395999908447266}","(78.04085741600005, 17.553553519000047, 78.16506055600007, 17.67324188400005)",01-04-2023.geojson,Sangareddy,,,,,
Warangal_Rural,TSSD0457,147.68,"{'min': 30.998571395874023, 'max': 36.98699951171875, 'mean': 34.36744770250822, 'count': 38, 'sum': 1305.9630126953125, 'median': 34.55759811401367}","(79.62671724200004, 17.820931420000022, 79.79112790100004, 17.944659224000077)",01-04-2023.geojson,Sangem,,,,,
Jagtial,TSSD0458,143.97,"{'min': 33.76529312133789, 'max': 41.00882339477539, 'mean': 36.711080411585364, 'count': 41, 'sum': 1505.154296875, 'median': 37.01444625854492}","(78.88862723900007, 18.84957074600004, 79.01218592200007, 19.00894877500002)",01-04-2023.geojson,Sarangapur,,,,,
Nirmal,TSSD0459,255.36,"{'min': 33.638572692871094, 'max': 43.43190383911133, 'mean': 38.131429036458336, 'count': 66, 'sum': 2516.67431640625, 'median': 37.72333526611328}","(78.17542674100008, 19.119711206000034, 78.37414495300004, 19.317393956000046)",01-04-2023.geojson,Sarangapur,,,,,
Khammam,TSSD0460,285.22,"{'min': 33.384666442871094, 'max': 37.662940979003906, 'mean': 35.37141815603596, 'count': 73, 'sum': 2582.113525390625, 'median': 35.241249084472656}","(80.75683769000005, 17.117241266000065, 80.92560532200008, 17.37735310100004)",01-04-2023.geojson,Sathupally,,,,,
Hyderabad,TSSD0461,3.33,"{'min': 36.709049224853516, 'max': 36.709049224853516, 'mean': 36.709049224853516, 'count': 1, 'sum': 36.709049224853516, 'median': 36.709049224853516}","(78.46963204300005, 17.426530425000067, 78.49977880800003, 17.44386382500005)",01-04-2023.geojson,Secunderabad,,,,,
Rangareddy,TSSD0462,96.56,"{'min': 36.03956604003906, 'max': 37.991817474365234, 'mean': 36.916211809430806, 'count': 28, 'sum': 1033.6539306640625, 'median': 36.949546813964844}","(78.27172464700004, 17.409225719000062, 78.40724610200004, 17.522654105000072)",01-04-2023.geojson,Serilingampalle,,,,,
Rangareddy,TSSD0463,232.51,"{'min': 38.55454635620117, 'max': 44.08636474609375, 'mean': 41.13668928475216, 'count': 58, 'sum': 2385.927978515625, 'median': 40.80043411254883}","(78.04592706400007, 17.084200252000073, 78.25929582200007, 17.259301650000054)",01-04-2023.geojson,Shabad,,,,,
Hyderabad,TSSD0464,23.35,"{'min': 36.830909729003906, 'max': 37.27190399169922, 'mean': 37.08423614501953, 'count': 6, 'sum': 222.5054168701172, 'median': 37.11175537109375}","(78.38838433400008, 17.386491415000023, 78.45185860300006, 17.441244402000052)",01-04-2023.geojson,Shaikpet,,,,,
Nalgonda,TSSD0465,228.95,"{'min': 33.464168548583984, 'max': 43.241817474365234, 'mean': 37.79053548177083, 'count': 60, 'sum': 2267.43212890625, 'median': 37.83677673339844}","(79.28719940500008, 17.21166416600005, 79.50079969900008, 17.35925323300006)",01-04-2023.geojson,Shaligouraram,,,,,
Medchal_Malkajgiri,TSSD0466,150.73,"{'min': 34.45571517944336, 'max': 39.13380813598633, 'mean': 36.953817749023436, 'count': 40, 'sum': 1478.1527099609375, 'median': 36.583984375}","(78.49393641100005, 17.536372458000073, 78.65615437000014, 17.695841263000034)",01-04-2023.geojson,Shamirpet,,,,,
Rangareddy,TSSD0467,199.4,"{'min': 34.5004768371582, 'max': 39.563636779785156, 'mean': 37.44869290865385, 'count': 52, 'sum': 1947.33203125, 'median': 37.373695373535156}","(78.23263628200004, 17.145048406000058, 78.43688465000008, 17.322722112000065)",01-04-2023.geojson,Shamshabad,,,,,
Medak,TSSD0468,142.04,"{'min': 29.89727210998535, 'max': 39.69599914550781, 'mean': 37.01745284231085, 'count': 38, 'sum': 1406.6632080078125, 'median': 37.75875473022461}","(77.85211008600004, 17.994571649000022, 78.00442992900008, 18.123550200000068)",01-04-2023.geojson,Shankarampet_A,,,,,
Karimnagar,TSSD0469,144.28,"{'min': 30.420000076293945, 'max': 33.21470642089844, 'mean': 31.95771179199219, 'count': 40, 'sum': 1278.3084716796875, 'median': 32.090553283691406}","(79.25766646100004, 18.226704529000074, 79.40468523700008, 18.368117502000075)",01-04-2023.geojson,Shankarapatnam,,,,,
Rangareddy,TSSD0470,210.66,"{'min': 36.89272689819336, 'max': 45.17900085449219, 'mean': 40.93832759533898, 'count': 59, 'sum': 2415.361328125, 'median': 40.82090759277344}","(78.03518070400008, 17.36271017200005, 78.28884776000007, 17.519074225000054)",01-04-2023.geojson,Shankarpalle,,,,,
Warangal_Rural,TSSD0471,116.47,"{'min': 30.46416664123535, 'max': 36.33095169067383, 'mean': 33.691551208496094, 'count': 32, 'sum': 1078.129638671875, 'median': 33.94874954223633}","(79.65749409800003, 18.09115618000004, 79.85468848500005, 18.192367870000055)",01-04-2023.geojson,Shayampet,,,,,
Medak,TSSD0472,193.23,"{'min': 33.98454666137695, 'max': 42.2400016784668, 'mean': 36.57486647002551, 'count': 49, 'sum': 1792.16845703125, 'median': 36.529998779296875}","(78.29506747900007, 17.69907432800005, 78.44788785400004, 17.878551977000086)",01-04-2023.geojson,Shivampet,,,,,
Siddipet,TSSD0473,112.6,"{'min': 34.11181640625, 'max': 36.90142822265625, 'mean': 35.44199916294643, 'count': 28, 'sum': 992.3759765625, 'median': 35.215736389160156}","(78.71740480300008, 18.05814766800006, 78.82931055600005, 18.221303904000138)",01-04-2023.geojson,Siddipet_Rural,,,,,
Siddipet,TSSD0474,140.55,"{'min': 34.062381744384766, 'max': 37.83300018310547, 'mean': 35.968176947699654, 'count': 36, 'sum': 1294.8543701171875, 'median': 35.91619110107422}","(78.77407040900005, 18.036517040000035, 78.93338480300008, 18.152979642000048)",01-04-2023.geojson,Siddipet_Urban,,,,,
Khammam,TSSD0475,248.58,"{'min': 35.88800048828125, 'max': 40.31666564941406, 'mean': 38.01742172241211, 'count': 64, 'sum': 2433.114990234375, 'median': 37.99708557128906}","(80.19501777600004, 17.426341041000057, 80.47158959500007, 17.577896090000024)",01-04-2023.geojson,Singareni,,,,,
Rajanna Sircilla,TSSD0476,53.12,"{'min': 34.6363639831543, 'max': 38.48047637939453, 'mean': 36.53230721609933, 'count': 14, 'sum': 511.4523010253906, 'median': 36.87000274658203}","(78.74143609700008, 18.35280534900005, 78.85232997100007, 18.43330245100003)",01-04-2023.geojson,Sircilla,,,,,
Sangareddy,TSSD0477,119.81,"{'min': 33.1363639831543, 'max': 45.28052520751953, 'mean': 39.989013671875, 'count': 30, 'sum': 1199.67041015625, 'median': 40.342529296875}","(77.63761782900008, 18.101238527000078, 77.80019010900008, 18.20600259400004)",01-04-2023.geojson,Sirgapoor,,,,,
Adilabad,TSSD0478,202.11,"{'min': 39.16666793823242, 'max': 44.29947280883789, 'mean': 41.701090494791664, 'count': 54, 'sum': 2251.85888671875, 'median': 41.78890609741211}","(78.50741267300003, 19.29955482500003, 78.69361824700007, 19.472598296000115)",01-04-2023.geojson,Sirikonda,,,,,
Nizamabad,TSSD0479,334.45,"{'min': 34.69210433959961, 'max': 40.672000885009766, 'mean': 37.395477294921875, 'count': 88, 'sum': 3290.802001953125, 'median': 37.33876419067383}","(78.38760279100006, 18.43949633400007, 78.61969949700006, 18.654543137000076)",01-04-2023.geojson,Sirikonda,,,,,
Kumurambheem Asifabad,TSSD0480,336.55,"{'min': 34.97526168823242, 'max': 41.7488899230957, 'mean': 38.43594715207122, 'count': 86, 'sum': 3305.491455078125, 'median': 38.529327392578125}","(79.45414155100008, 19.378014544000052, 79.70518129200008, 19.576127453000026)",01-04-2023.geojson,Sirpur_T,,,,,
Kumurambheem Asifabad,TSSD0481,188.92,"{'min': 38.7055549621582, 'max': 45.145294189453125, 'mean': 42.794521484375, 'count': 50, 'sum': 2139.72607421875, 'median': 43.045555114746094}","(78.86004844600006, 19.270764704000044, 79.06911914200003, 19.420337200000063)",01-04-2023.geojson,Sirpur_U,,,,,
Nirmal,TSSD0482,83.77,"{'min': 27.614999771118164, 'max': 37.512855529785156, 'mean': 33.33377220517113, 'count': 21, 'sum': 700.0092163085938, 'median': 34.03666687011719}","(78.27684201200003, 18.95122860600003, 78.41145082100007, 19.069772912000076)",01-04-2023.geojson,Soan,,,,,
Peddapalli,TSSD0483,188.77,"{'min': 32.816314697265625, 'max': 38.21210479736328, 'mean': 34.831748812806374, 'count': 51, 'sum': 1776.419189453125, 'median': 34.85222244262695}","(79.43915173000005, 18.412581072000023, 79.59585151700009, 18.604812498000058)",01-04-2023.geojson,Srirampur,,,,,
Wanaparthy,TSSD0484,78.54,"{'min': 32.7783317565918, 'max': 39.42913055419922, 'mean': 35.809356689453125, 'count': 20, 'sum': 716.1871337890625, 'median': 35.597084045410156}","(77.99102928900004, 16.130406421000032, 78.08846242100003, 16.26036345500006)",01-04-2023.geojson,Srirangapur,,,,,
Bhadradri Kothagudem,TSSD0485,105.54,"{'min': 35.22578811645508, 'max': 41.40684127807617, 'mean': 38.38912091936384, 'count': 28, 'sum': 1074.8953857421875, 'median': 38.36882400512695}","(80.48722315900005, 17.43343624000005, 80.65641156200007, 17.547570692000022)",01-04-2023.geojson,Sujathanagar,,,,,
Peddapalli,TSSD0486,165.88,"{'min': 30.806190490722656, 'max': 35.45800018310547, 'mean': 32.72253695401278, 'count': 44, 'sum': 1439.7916259765625, 'median': 32.528236389160156}","(79.21551160500007, 18.440055271000062, 79.39913112200009, 18.60634948300003)",01-04-2023.geojson,Sultanabad,,,,,
Suryapet,TSSD0487,218.55,"{'min': 31.70578956604004, 'max': 37.51599884033203, 'mean': 34.73868386787281, 'count': 57, 'sum': 1980.10498046875, 'median': 34.63999938964844}","(79.49048435600008, 17.06180805200006, 79.66976062200007, 17.28486849600006)",01-04-2023.geojson,Suryapet,,,,,
Nagarkurnool,TSSD0488,226.32,"{'min': 37.58636474609375, 'max': 42.11909103393555, 'mean': 39.42658848916331, 'count': 62, 'sum': 2444.448486328125, 'median': 39.332725524902344}","(78.26727079000005, 16.49459693400007, 78.45711110600007, 16.688643456000023)",01-04-2023.geojson,Tadoor,,,,,
Mulugu,TSSD0489,839.17,"{'min': 32.9566650390625, 'max': 37.362632751464844, 'mean': 35.50389729071101, 'count': 218, 'sum': 7739.849609375, 'median': 35.54900360107422}","(80.10419615200004, 17.996319820000053, 80.48000297700008, 18.393553888000042)",01-04-2023.geojson,Tadvai (Sammakka Sarakka),,,,,
Kamareddy,TSSD0490,177.12,"{'min': 34.73222351074219, 'max': 44.060001373291016, 'mean': 41.571896816821805, 'count': 47, 'sum': 1953.879150390625, 'median': 41.839473724365234}","(78.15208823200004, 18.213409773000024, 78.30662145900004, 18.383527335000053)",01-04-2023.geojson,Tadwai,,,,,
Rangareddy,TSSD0491,245.69,"{'min': 36.818695068359375, 'max': 41.567142486572266, 'mean': 39.20537035392992, 'count': 66, 'sum': 2587.554443359375, 'median': 39.23912811279297}","(78.32295389600006, 16.777295856000023, 78.50523085400005, 16.961749273000066)",01-04-2023.geojson,Talakondapally,,,,,
Adilabad,TSSD0492,285.66,"{'min': 39.30272674560547, 'max': 46.470951080322266, 'mean': 42.893363620923914, 'count': 69, 'sum': 2959.64208984375, 'median': 42.88142776489258}","(78.26295216300008, 19.53761522600007, 78.49682900700003, 19.716183126000033)",01-04-2023.geojson,Talamadugu,,,,,
Adilabad,TSSD0493,97.7,"{'min': 40.341819763183594, 'max': 46.54523849487305, 'mean': 44.23352502893518, 'count': 27, 'sum': 1194.30517578125, 'median': 44.94545364379883}","(78.33972411600007, 19.63174893000007, 78.51576933100006, 19.752904132000026)",01-04-2023.geojson,Tamsi,,,,,
Mancherial,TSSD0494,177.0,"{'min': 37.003684997558594, 'max': 42.27000045776367, 'mean': 39.06847412109375, 'count': 50, 'sum': 1953.4237060546875, 'median': 38.6500244140625}","(79.32361030500005, 19.082851204000065, 79.57052485400004, 19.226889392000032)",01-04-2023.geojson,Tandur,,,,,
Vikarabad,TSSD0495,240.33,"{'min': 36.663333892822266, 'max': 46.728946685791016, 'mean': 43.106292724609375, 'count': 64, 'sum': 2758.802734375, 'median': 43.33941650390625}","(77.43695612500005, 17.209464535000052, 77.67739970400004, 17.402500187000044)",01-04-2023.geojson,Tandur,,,,,
Nirmal,TSSD0496,217.5,"{'min': 40.16739273071289, 'max': 46.207000732421875, 'mean': 44.303764731197035, 'count': 59, 'sum': 2613.922119140625, 'median': 44.478572845458984}","(77.76173454100007, 18.90445741800005, 77.90387245800008, 19.155003113000078)",01-04-2023.geojson,Tanoor,,,,,
Medak,TSSD0497,138.61,"{'min': 33.705787658691406, 'max': 40.7636833190918, 'mean': 37.7379792865954, 'count': 38, 'sum': 1434.043212890625, 'median': 37.76350021362305}","(77.96914892900008, 17.877695860000074, 78.09576951400004, 18.071839029000046)",01-04-2023.geojson,Tekmal,,,,,
Bhadradri Kothagudem,TSSD0498,467.77,"{'min': 34.1879997253418, 'max': 40.244998931884766, 'mean': 37.47666655993852, 'count': 122, 'sum': 4572.1533203125, 'median': 37.67333221435547}","(80.37730808200007, 17.508099650000077, 80.62125353800008, 17.765024521000043)",01-04-2023.geojson,Tekulapalle,,,,,
Jayashankar Bhupalpally,TSSD0499,105.62,"{'min': 33.970001220703125, 'max': 37.65700149536133, 'mean': 35.644727434430806, 'count': 28, 'sum': 998.0523681640625, 'median': 35.63349914550781}","(79.56830471500007, 18.351151408000078, 79.68021060700005, 18.481462286000067)",01-04-2023.geojson,Tekumatla,,,,,
Nagarkurnool,TSSD0500,246.35,"{'min': 37.79818344116211, 'max': 42.3290901184082, 'mean': 39.62708282470703, 'count': 64, 'sum': 2536.13330078125, 'median': 39.31739044189453}","(78.34696131600003, 16.292821352000033, 78.51629761100008, 16.523862474000055)",01-04-2023.geojson,Telkapalle,,,,,
Khammam,TSSD0501,201.36,"{'min': 31.259410858154297, 'max': 37.49250030517578, 'mean': 34.09953797538326, 'count': 53, 'sum': 1807.2755126953125, 'median': 33.88142776489258}","(80.37659267100008, 17.090031495000062, 80.51879083800003, 17.305187707000073)",01-04-2023.geojson,Thallada,,,,,
Rajanna Sircilla,TSSD0502,188.9,"{'min': 28.809999465942383, 'max': 37.407142639160156, 'mean': 35.11296668419471, 'count': 52, 'sum': 1825.874267578125, 'median': 35.685890197753906}","(78.72705830300004, 18.25399247500019, 78.94322523800008, 18.414849795000066)",01-04-2023.geojson,Thangallapalli,,,,,
Jangoan,TSSD0503,85.48,"{'min': 35.01091003417969, 'max': 38.137779235839844, 'mean': 36.558512369791664, 'count': 21, 'sum': 767.728759765625, 'median': 36.64739227294922}","(79.11661335800005, 17.901698373000045, 79.23410722300008, 17.998869741000078)",01-04-2023.geojson,Tharigoppula,,,,,
Nagarkurnool,TSSD0504,211.8,"{'min': 36.55181884765625, 'max': 42.31842041015625, 'mean': 39.58899139939693, 'count': 57, 'sum': 2256.572509765625, 'median': 39.66181945800781}","(78.12774301200005, 16.58719177000006, 78.30066679700008, 16.739122914000063)",01-04-2023.geojson,Thimmajipeta,,,,,
Karimnagar,TSSD0505,159.28,"{'min': 29.400434494018555, 'max': 35.97666549682617, 'mean': 33.920265375181685, 'count': 43, 'sum': 1458.5714111328125, 'median': 34.180477142333984}","(79.10148313700006, 18.256739006000032, 79.27138762700008, 18.42426985000003)",01-04-2023.geojson,Thimmapur,,,,,
Siddipet,TSSD0506,163.65,"{'min': 29.742000579833984, 'max': 38.70000076293945, 'mean': 34.563967497452445, 'count': 46, 'sum': 1589.9425048828125, 'median': 34.900901794433594}","(78.64082299900008, 17.935194339000077, 78.80609777400008, 18.103813367000043)",01-04-2023.geojson,Thoguta,,,,,
Mahabubabad,TSSD0507,190.94,"{'min': 32.30818176269531, 'max': 36.4029426574707, 'mean': 33.84894307454427, 'count': 48, 'sum': 1624.749267578125, 'median': 33.473201751708984}","(79.57724589900005, 17.48583601000007, 79.73451208900008, 17.685591776000024)",01-04-2023.geojson,Thorrur,,,,,
Suryapet,TSSD0508,155.64,"{'min': 32.68157958984375, 'max': 36.03499984741211, 'mean': 34.26928994821947, 'count': 43, 'sum': 1473.5794677734375, 'median': 34.25666809082031}","(79.53306376300003, 17.336875194000072, 79.65698014400004, 17.505487876000075)",01-04-2023.geojson,Thungathurthy,,,,,
Nalgonda,TSSD0509,191.03,"{'min': 34.21333312988281, 'max': 38.06739044189453, 'mean': 36.44445561427696, 'count': 51, 'sum': 1858.667236328125, 'median': 36.42333221435547}","(79.30130099300004, 16.962640196000052, 79.50775880800006, 17.107243536000055)",01-04-2023.geojson,Tipparthy,,,,,
Suryapet,TSSD0510,133.14,"{'min': 33.51777648925781, 'max': 37.71869659423828, 'mean': 35.831752232142854, 'count': 35, 'sum': 1254.111328125, 'median': 36.075714111328125}","(79.36516547400004, 17.434097946000065, 79.57840336100008, 17.524158415000045)",01-04-2023.geojson,Tirumalagiri,,,,,
Nalgonda,TSSD0511,252.04,"{'min': 31.959524154663086, 'max': 41.59600067138672, 'mean': 37.58106219951923, 'count': 65, 'sum': 2442.76904296875, 'median': 38.600433349609375}","(79.26163271700005, 16.580070085000045, 79.46872681600007, 16.764696361000063)",01-04-2023.geojson,Tirumalagiri_Sagar,,,,,
Khammam,TSSD0512,235.92,"{'min': 33.25727462768555, 'max': 38.70619201660156, 'mean': 35.222536117311506, 'count': 63, 'sum': 2219.019775390625, 'median': 34.986000061035156}","(79.80212475200005, 17.26260219900007, 80.05769935000006, 17.405974666000077)",01-04-2023.geojson,Tirumalayapalem,,,,,
Hyderabad,TSSD0513,13.97,"{'min': 36.87095260620117, 'max': 38.400474548339844, 'mean': 37.47119140625, 'count': 4, 'sum': 149.884765625, 'median': 37.30666732788086}","(78.46457994100007, 17.44383310300003, 78.51669244400006, 17.484285331000024)",01-04-2023.geojson,Tirumalgiri,,,,,
Kumurambheem Asifabad,TSSD0514,581.75,"{'min': 33.108890533447266, 'max': 44.03444290161133, 'mean': 40.136442485608555, 'count': 152, 'sum': 6100.7392578125, 'median': 39.972511291503906}","(79.03492001100005, 19.050559607000025, 79.39561347700004, 19.31944793300005)",01-04-2023.geojson,Tiryani,,,,,
Nalgonda,TSSD0515,161.12,"{'min': 33.1795654296875, 'max': 38.05571365356445, 'mean': 35.64066162109375, 'count': 40, 'sum': 1425.62646484375, 'median': 35.576637268066406}","(79.38610741200006, 16.71370968100007, 79.55776053800008, 16.93653709800003)",01-04-2023.geojson,Tripuraram,,,,,
Yadadri Bhuvanagiri,TSSD0516,188.2,"{'min': 35.029048919677734, 'max': 38.0528564453125, 'mean': 37.2070077749399, 'count': 52, 'sum': 1934.764404296875, 'median': 37.25883102416992}","(78.73050890600007, 17.570452835000026, 78.89834246500004, 17.752589976000024)",01-04-2023.geojson,Turkapalle_M,,,,,
Jogulamba Gadwal,TSSD0517,170.36,"{'min': 40.58250045776367, 'max': 47.7400016784668, 'mean': 45.21578624636628, 'count': 43, 'sum': 1944.27880859375, 'median': 45.55363464355469}","(77.88159823500007, 15.863581044000057, 78.08622663000006, 16.053428277000023)",01-04-2023.geojson,Undavelly,,,,,
Medchal_Malkajgiri,TSSD0518,52.14,"{'min': 36.814544677734375, 'max': 38.2945442199707, 'mean': 37.71488600510817, 'count': 13, 'sum': 490.29351806640625, 'median': 37.7827262878418}","(78.51557767600008, 17.36244841100006, 78.59239104200003, 17.472398036000072)",01-04-2023.geojson,Uppal,,,,,
Nagarkurnool,TSSD0519,220.67,"{'min': 34.205650329589844, 'max': 43.14363479614258, 'mean': 40.391419491525426, 'count': 59, 'sum': 2383.09375, 'median': 40.390869140625}","(78.49480188900003, 16.427307790000043, 78.78066858400007, 16.540239662000033)",01-04-2023.geojson,Uppunuthala,,,,,
Nagarkurnool,TSSD0520,151.12,"{'min': 36.526363372802734, 'max': 41.94904708862305, 'mean': 39.58094424293155, 'count': 42, 'sum': 1662.399658203125, 'median': 39.871192932128906}","(78.32047445900008, 16.645373909000057, 78.49203880200008, 16.79728595000006)",01-04-2023.geojson,Urkonda,,,,,
Adilabad,TSSD0521,387.91,"{'min': 37.57352828979492, 'max': 45.698890686035156, 'mean': 41.5882407134434, 'count': 106, 'sum': 4408.353515625, 'median': 42.05611038208008}","(78.67318644400007, 19.21647222100006, 78.88463769300006, 19.513128066000036)",01-04-2023.geojson,Utnur,,,,,
Karimnagar,TSSD0522,142.44,"{'min': 33.05666732788086, 'max': 36.029998779296875, 'mean': 34.41194554379112, 'count': 38, 'sum': 1307.6539306640625, 'median': 34.432857513427734}","(79.24194008100005, 18.132462591000035, 79.37717220500008, 18.263355341000022)",01-04-2023.geojson,V_Saidapur,,,,,
Nizamabad,TSSD0523,135.3,"{'min': 35.012351989746094, 'max': 39.76578903198242, 'mean': 37.013339572482636, 'count': 36, 'sum': 1332.480224609375, 'median': 36.90166473388672}","(78.33304706400008, 18.693780867000044, 78.47512705800006, 18.85105660800002)",01-04-2023.geojson,Vailpur,,,,,
Yadadri Bhuvanagiri,TSSD0524,316.13,"{'min': 31.424999237060547, 'max': 39.24333190917969, 'mean': 35.5281952648628, 'count': 82, 'sum': 2913.31201171875, 'median': 36.10231018066406}","(78.90535444600005, 17.313647203000073, 79.22099072200007, 17.479032318000066)",01-04-2023.geojson,Valigonda,,,,,
Nagarkurnool,TSSD0525,244.56,"{'min': 37.630001068115234, 'max': 42.73454666137695, 'mean': 40.24854255445076, 'count': 66, 'sum': 2656.40380859375, 'median': 40.23588943481445}","(78.48140456800007, 16.498402209000062, 78.71532448400006, 16.664788172000044)",01-04-2023.geojson,Vangoor,,,,,
Nizamabad,TSSD0526,134.67,"{'min': 34.5433349609375, 'max': 43.202999114990234, 'mean': 37.79189453125, 'count': 35, 'sum': 1322.71630859375, 'median': 37.38999938964844}","(77.84552225000004, 18.434438427000032, 78.04087699300004, 18.57495128000005)",01-04-2023.geojson,Varni,,,,,
Sangareddy,TSSD0527,138.9,"{'min': 28.22333335876465, 'max': 44.55476379394531, 'mean': 39.66660670230263, 'count': 38, 'sum': 1507.3310546875, 'median': 41.583709716796875}","(77.82626219800005, 17.806470842000067, 77.97597402000008, 17.94784828400003)",01-04-2023.geojson,Vatpally,,,,,
Karimnagar,TSSD0528,149.05,"{'min': 30.7923526763916, 'max': 34.246665954589844, 'mean': 32.22965087890625, 'count': 40, 'sum': 1289.18603515625, 'median': 32.042972564697266}","(79.32153135600004, 18.284775453000066, 79.47308686900004, 18.451735262000057)",01-04-2023.geojson,Veenavanka,,,,,
Rajanna Sircilla,TSSD0529,108.34,"{'min': 34.42052459716797, 'max': 41.40262985229492, 'mean': 37.739859444754465, 'count': 28, 'sum': 1056.716064453125, 'median': 37.038856506347656}","(78.52432514700007, 18.43250137900003, 78.66155136400005, 18.551319524000064)",01-04-2023.geojson,Veernapalli,,,,,
Warangal_Urban,TSSD0530,99.79,"{'min': 34.89476013183594, 'max': 37.12900161743164, 'mean': 35.93315673828125, 'count': 25, 'sum': 898.3289184570312, 'median': 35.9995231628418}","(79.22835213700006, 17.93079546100006, 79.37723082100007, 18.05131547900004)",01-04-2023.geojson,Velair,,,,,
Nagarkurnool,TSSD0531,241.3,"{'min': 39.11909103393555, 'max': 43.33818054199219, 'mean': 40.84429431352459, 'count': 61, 'sum': 2491.501953125, 'median': 40.793479919433594}","(78.46270790300008, 16.666440694000073, 78.68353178700005, 16.830959432000043)",01-04-2023.geojson,Veldanda,,,,,
Jagtial,TSSD0532,186.9,"{'min': 31.592857360839844, 'max': 37.6510009765625, 'mean': 34.730349170918366, 'count': 49, 'sum': 1701.787109375, 'median': 34.82238006591797}","(79.12494408400005, 18.722845411000037, 79.29767471800005, 18.894953697000062)",01-04-2023.geojson,Velgatur,,,,,
Mancherial,TSSD0533,250.71,"{'min': 32.500999450683594, 'max': 38.90578842163086, 'mean': 36.86302617770522, 'count': 67, 'sum': 2469.82275390625, 'median': 36.9815788269043}","(79.69774836700003, 18.995230109000033, 79.93090835500004, 19.173999767000055)",01-04-2023.geojson,Vemanpalle,,,,,
Khammam,TSSD0534,212.09,"{'min': 31.323749542236328, 'max': 38.45000076293945, 'mean': 35.34670188210227, 'count': 55, 'sum': 1944.068603515625, 'median': 35.2944450378418}","(80.65028236900008, 17.04501079700003, 80.87710057800007, 17.186178728000073)",01-04-2023.geojson,Vemsoor,,,,,
Nalgonda,TSSD0535,112.25,"{'min': 33.96272659301758, 'max': 37.97272872924805, 'mean': 35.47168756300403, 'count': 31, 'sum': 1099.622314453125, 'median': 35.514347076416016}","(79.49070453100006, 16.89060024500003, 79.61612180500003, 17.07767939000007)",01-04-2023.geojson,Vemulapally,,,,,
Rajanna Sircilla,TSSD0536,84.86,"{'min': 35.27381134033203, 'max': 40.983333587646484, 'mean': 38.18223876953125, 'count': 20, 'sum': 763.644775390625, 'median': 38.19095230102539}","(78.80779904800005, 18.41516011400006, 78.91545277600005, 18.54459724000003)",01-04-2023.geojson,Vemulawada,,,,,
Rajanna Sircilla,TSSD0537,107.21,"{'min': 29.557619094848633, 'max': 40.41381072998047, 'mean': 35.969800676618306, 'count': 28, 'sum': 1007.1544189453125, 'median': 36.2985725402832}","(78.77384337400008, 18.403529220000053, 78.91728096300005, 18.597872276000032)",01-04-2023.geojson,Vemulawada Rural,,,,,
Mulugu,TSSD0538,370.83,"{'min': 29.65571403503418, 'max': 38.35210418701172, 'mean': 35.42770053372525, 'count': 101, 'sum': 3578.19775390625, 'median': 35.917999267578125}","(79.85087728600007, 18.200829315000078, 80.17916133800009, 18.400974098000063)",01-04-2023.geojson,Venkatapur,,,,,
Mulugu,TSSD0539,588.35,"{'min': 32.0880012512207, 'max': 41.1879997253418, 'mean': 35.63726337139423, 'count': 156, 'sum': 5559.4130859375, 'median': 35.348182678222656}","(80.46538317500006, 18.105970334000062, 80.79370483500009, 18.449384397000074)",01-04-2023.geojson,Venkatapuram,,,,,
Vikarabad,TSSD0540,270.72,"{'min': 38.27090835571289, 'max': 44.71699905395508, 'mean': 42.24710041202911, 'count': 73, 'sum': 3084.038330078125, 'median': 42.31272888183594}","(77.79093909400007, 17.228214577000074, 78.02432692200006, 17.44577402500005)",01-04-2023.geojson,Vikarabad,,,,,
Jogulamba Gadwal,TSSD0541,129.2,"{'min': 40.23173904418945, 'max': 48.21952438354492, 'mean': 42.86356238162879, 'count': 33, 'sum': 1414.49755859375, 'median': 42.60818099975586}","(77.71231111200007, 15.89601525300003, 77.89649991000005, 16.018746091000025)",01-04-2023.geojson,Waddepally,,,,,
Wanaparthy,TSSD0542,201.88,"{'min': 36.02818298339844, 'max': 41.63434600830078, 'mean': 39.779541015625, 'count': 51, 'sum': 2028.756591796875, 'median': 39.90043640136719}","(77.95375639600007, 16.253768913000044, 78.13510940900005, 16.464866955000048)",01-04-2023.geojson,Wanaparthy,,,,,
Kumurambheem Asifabad,TSSD0543,335.2,"{'min': 38.854209899902344, 'max': 45.59111022949219, 'mean': 42.63489905069041, 'count': 86, 'sum': 3666.601318359375, 'median': 42.68000030517578}","(79.20433473500003, 19.379408367000053, 79.42272052200008, 19.61653411900005)",01-04-2023.geojson,Wankidi,,,,,
Warangal_Urban,TSSD0544,39.54,"{'min': 34.250953674316406, 'max': 36.099525451660156, 'mean': 35.42144220525568, 'count': 11, 'sum': 389.6358642578125, 'median': 35.48619079589844}","(79.59074538600004, 17.974576416000048, 79.67092088100003, 18.04143189300015)",01-04-2023.geojson,Warangal,,,,,
Warangal_Rural,TSSD0545,158.41,"{'min': 32.0369987487793, 'max': 38.18454360961914, 'mean': 35.17593661221591, 'count': 44, 'sum': 1547.7412109375, 'median': 35.474544525146484}","(79.47950597500005, 17.695552186000043, 79.66242391200007, 17.87391055100005)",01-04-2023.geojson,Wardhannapet,,,,,
Siddipet,TSSD0546,141.87,"{'min': 34.863914489746094, 'max': 39.070953369140625, 'mean': 36.84242650082237, 'count': 38, 'sum': 1400.01220703125, 'median': 36.968910217285156}","(78.510667, 17.737442558000055, 78.67005759100005, 17.837924042000054)",01-04-2023.geojson,Wargal,,,,,
Wanaparthy,TSSD0547,165.53,"{'min': 34.29999923706055, 'max': 42.4423828125, 'mean': 38.20740881631541, 'count': 43, 'sum': 1642.9185791015625, 'median': 37.9760856628418}","(78.03872356400007, 16.081036264000033, 78.22753261000008, 16.189588461000028)",01-04-2023.geojson,Weepangandla,,,,,
Khammam,TSSD0548,135.48,"{'min': 31.384117126464844, 'max': 36.17353057861328, 'mean': 34.356128589527025, 'count': 37, 'sum': 1271.1767578125, 'median': 34.786251068115234}","(80.29245451900005, 17.052642821000063, 80.43887726800006, 17.202658917000065)",01-04-2023.geojson,Wyra,,,,,
Rangareddy,TSSD0549,316.92,"{'min': 36.77260971069336, 'max': 39.8691291809082, 'mean': 38.764088700457314, 'count': 82, 'sum': 3178.6552734375, 'median': 38.842498779296875}","(78.54568468000008, 16.934093064000024, 78.80793281600006, 17.12867297300005)",01-04-2023.geojson,Yacharam,,,,,
Yadadri Bhuvanagiri,TSSD0550,186.21,"{'min': 35.772727966308594, 'max': 41.05400085449219, 'mean': 37.5107421875, 'count': 51, 'sum': 1913.0478515625, 'median': 37.38428497314453}","(78.84835935400008, 17.534587685000076, 79.03828959100008, 17.686530936000054)",01-04-2023.geojson,Yadagirigutta,,,,,
Nizamabad,TSSD0551,94.89,"{'min': 32.69111251831055, 'max': 37.4555549621582, 'mean': 34.16416813777043, 'count': 26, 'sum': 888.2683715820312, 'median': 33.93555450439453}","(77.91550924600006, 18.623425712000028, 78.04225781600007, 18.729394451000076)",01-04-2023.geojson,Yedapally,,,,,
Vikarabad,TSSD0552,198.18,"{'min': 35.42913055419922, 'max': 44.495262145996094, 'mean': 39.8466007008272, 'count': 51, 'sum': 2032.1766357421875, 'median': 39.23363494873047}","(77.52786449900003, 17.13053142700005, 77.75138027800006, 17.285580779000043)",01-04-2023.geojson,Yelal,,,,,
Medak,TSSD0553,163.31,"{'min': 34.02090835571289, 'max': 38.12217330932617, 'mean': 36.29851764181386, 'count': 46, 'sum': 1669.7318115234375, 'median': 36.264583587646484}","(78.25020444800003, 17.845214376000058, 78.42507897600012, 17.987096653000037)",01-04-2023.geojson,Yeldurthy,,,,,
Bhadradri Kothagudem,TSSD0554,446.45,"{'min': 31.348947525024414, 'max': 39.53315734863281, 'mean': 36.47803915700605, 'count': 124, 'sum': 4523.27685546875, 'median': 36.65593719482422}","(80.20203604400007, 17.495235336000064, 80.42881209300003, 17.784950355000035)",01-04-2023.geojson,Yellandu,,,,,
Kamareddy,TSSD0555,184.45,"{'min': 30.993637084960938, 'max': 39.033809661865234, 'mean': 35.51855966996173, 'count': 49, 'sum': 1740.409423828125, 'median': 35.84363555908203}","(77.94077074800003, 18.10658015200005, 78.09588024100003, 18.321288552000055)",01-04-2023.geojson,Yellareddy,,,,,
Rajanna Sircilla,TSSD0556,186.82,"{'min': 32.49100112915039, 'max': 39.6131591796875, 'mean': 36.05947935814951, 'count': 51, 'sum': 1839.033447265625, 'median': 36.27476119995117}","(78.54791135700003, 18.319811327000025, 78.75757783600005, 18.46288011300004)",01-04-2023.geojson,Yellareddypet,,,,,
Nizamabad,TSSD0557,68.02,"{'min': 34.47210693359375, 'max': 36.955265045166016, 'mean': 35.7423526539522, 'count': 17, 'sum': 607.6199951171875, 'median': 35.9022216796875}","(78.43614230700007, 18.871916310000074, 78.53864631300007, 18.97312927200005)",01-04-2023.geojson,Yergatla,,,,,
Khammam,TSSD0558,262.24,"{'min': 33.31941223144531, 'max': 39.37125015258789, 'mean': 35.93404071514423, 'count': 65, 'sum': 2335.712646484375, 'median': 35.859413146972656}","(80.42901058800004, 16.768789670000046, 80.60532488100006, 16.96155575100005)",01-04-2023.geojson,Yerrupalem,,,,,
Jangoan,TSSD0559,163.78,"{'min': 32.502174377441406, 'max': 37.435218811035156, 'mean': 35.37545030381944, 'count': 45, 'sum': 1591.895263671875, 'median': 35.31999969482422}","(79.40432095600005, 17.69860641200006, 79.51467165900004, 17.89232289800003)",01-04-2023.geojson,Zaffergadh,,,,,
Sangareddy,TSSD0560,243.94,"{'min': 38.96099853515625, 'max': 43.992000579833984, 'mean': 41.70531486742424, 'count': 66, 'sum': 2752.55078125, 'median': 41.620948791503906}","(77.47167387100006, 17.54590518200007, 77.71357368300005, 17.749326707000023)",01-04-2023.geojson,Zahirabad,,,,,
Nagarkurnool,TSSD0561,183.51,"{'min': 38.646522521972656, 'max': 43.35727310180664, 'mean': 41.0999273255814, 'count': 43, 'sum': 1767.296875, 'median': 40.82826232910156}","(78.43086370300006, 16.197314094000035, 78.59402431200004, 16.37663690200003)",01-04-2023.geojson,Lingal,,,,,
Nagarkurnool,TSSD0562,222.74,"{'min': 34.41636276245117, 'max': 41.25272750854492, 'mean': 37.51375470842634, 'count': 56, 'sum': 2100.770263671875, 'median': 37.526363372802734}","(78.20110216600006, 16.35091361800005, 78.42443343200006, 16.530833019000056)",01-04-2023.geojson,Nagar_Kurnool,,,,,
Mahabubnagar,TSSD0563,145.45,"{'min': 37.41761779785156, 'max': 40.176998138427734, 'mean': 38.498823956745426, 'count': 41, 'sum': 1578.4517822265625, 'median': 38.470001220703125}","(77.82864822500005, 16.643852022000033, 77.99254221500007, 16.772605979000048)",01-04-2023.geojson,Mahabubnagar_Rural,,,,,
Narayanpet,TSSD0564,256.63,"{'min': 40.09090805053711, 'max': 47.09299850463867, 'mean': 44.38260067210478, 'count': 68, 'sum': 3018.016845703125, 'median': 44.595726013183594}","(77.41869071500008, 16.543696836000038, 77.63466779000004, 16.729675432000022)",01-04-2023.geojson,Utkoor,,,,,
Rangareddy,TSSD0565,22.03,"{'min': 38.07272720336914, 'max': 38.79818344116211, 'mean': 38.361456298828124, 'count': 5, 'sum': 191.80728149414062, 'median': 38.26545333862305}","(78.50689165600005, 17.336093290000065, 78.58558260100006, 17.37992626500005)",01-04-2023.geojson,Saroornagar,,,,,
Sangareddy,TSSD0566,37.76,"{'min': 35.985652923583984, 'max': 38.548095703125, 'mean': 37.40648651123047, 'count': 8, 'sum': 299.25189208984375, 'median': 37.62737274169922}","(78.28021050800004, 17.505606920000048, 78.35002219800003, 17.57992215400003)",01-04-2023.geojson,Ameenpur,,,,,
Sangareddy,TSSD0567,111.94,"{'min': 35.935218811035156, 'max': 39.66090774536133, 'mean': 37.71976355350379, 'count': 33, 'sum': 1244.752197265625, 'median': 37.840476989746094}","(78.22737331300004, 17.528204591000076, 78.38745191600003, 17.67226987500004)",01-04-2023.geojson,Jinnaram,,,,,
Medak,TSSD0568,112.07,"{'min': 35.344547271728516, 'max': 38.90636444091797, 'mean': 36.72869873046875, 'count': 28, 'sum': 1028.403564453125, 'median': 36.8077278137207}","(78.42603746200007, 17.77588639100003, 78.56138370400004, 17.89800592200004)",01-04-2023.geojson,Toopran,,,,,
Medak,TSSD0569,88.1,"{'min': 35.873809814453125, 'max': 39.29999923706055, 'mean': 37.69340515136719, 'count': 24, 'sum': 904.6417236328125, 'median': 37.922725677490234}","(78.41929055500003, 17.692085064000025, 78.52257619700003, 17.817608290000067)",01-04-2023.geojson,Manoharabad,,,,,
Siddipet,TSSD0570,129.06,"{'min': 34.39521789550781, 'max': 38.008094787597656, 'mean': 36.2598876953125, 'count': 36, 'sum': 1305.35595703125, 'median': 36.21904754638672}","(78.52730335900003, 17.878079271000047, 78.64358807000008, 18.041003706000026)",01-04-2023.geojson,Doultabad,,,,,
Medak,TSSD0571,76.05,"{'min': 32.92238235473633, 'max': 38.4678955078125, 'mean': 35.73785400390625, 'count': 20, 'sum': 714.757080078125, 'median': 35.86384201049805}","(78.07364299200003, 17.796666895000044, 78.18678124500008, 17.905026876000022)",01-04-2023.geojson,Chilipched,,,,,
Medak,TSSD0572,136.79,"{'min': 33.56052780151367, 'max': 37.730953216552734, 'mean': 35.937331740920605, 'count': 37, 'sum': 1329.6812744140625, 'median': 36.19952392578125}","(78.32685103200004, 17.904917194000063, 78.44243876400003, 18.081304571000032)",01-04-2023.geojson,Shankarampet_R,,,,,
Medak,TSSD0573,131.44,"{'min': 33.664546966552734, 'max': 37.27095413208008, 'mean': 35.21388244628906, 'count': 32, 'sum': 1126.84423828125, 'median': 34.92863464355469}","(78.43107409900006, 17.905682555000055, 78.58520918700003, 18.06554777300005)",01-04-2023.geojson,Chegunta,,,,,
Kamareddy,TSSD0574,74.34,"{'min': 33.18894577026367, 'max': 35.88523864746094, 'mean': 34.302419562088815, 'count': 19, 'sum': 651.7459716796875, 'median': 34.37736892700195}","(78.37757087100005, 18.21350254400005, 78.52579487700007, 18.30009331800005)",01-04-2023.geojson,Domakonda,,,,,
Kamareddy,TSSD0575,168.77,"{'min': 32.314544677734375, 'max': 39.67818069458008, 'mean': 36.66754596989329, 'count': 41, 'sum': 1503.369384765625, 'median': 36.89908981323242}","(77.72979911700008, 18.190311369000028, 77.89310396100007, 18.380507752000028)",01-04-2023.geojson,Pitlam,,,,,
Kamareddy,TSSD0576,191.8,"{'min': 33.824546813964844, 'max': 44.33315658569336, 'mean': 39.993145636792455, 'count': 53, 'sum': 2119.63671875, 'median': 39.86454391479492}","(77.65355776700005, 18.300626045000058, 77.83219913400006, 18.488304079000045)",01-04-2023.geojson,Bichkunda,,,,,
Kamareddy,TSSD0577,82.32,"{'min': 32.562381744384766, 'max': 37.77381134033203, 'mean': 34.93285855379972, 'count': 22, 'sum': 768.5228881835938, 'median': 34.587833404541016}","(77.75813508500005, 18.372326572000077, 77.86341082200005, 18.505311680000034)",01-04-2023.geojson,Birkoor,,,,,
Adilabad,TSSD0578,34.92,"{'min': 41.419525146484375, 'max': 42.95909118652344, 'mean': 42.205081176757815, 'count': 10, 'sum': 422.0508117675781, 'median': 42.396820068359375}","(78.48710289700006, 19.60170591600007, 78.54305936500003, 19.683661252000036)",01-04-2023.geojson,Mavala,,,,,
Peddapalli,TSSD0579,122.7,"{'min': 30.053810119628906, 'max': 39.130001068115234, 'mean': 35.74893391927083, 'count': 30, 'sum': 1072.468017578125, 'median': 36.654762268066406}","(79.31124542100008, 18.728421345000072, 79.45668509800004, 18.855615717000035)",01-04-2023.geojson,Anthergaon,,,,,
Mulugu,TSSD0580,576.05,"{'min': 33.69900131225586, 'max': 40.439998626708984, 'mean': 38.06744748551324, 'count': 151, 'sum': 5748.1845703125, 'median': 38.175262451171875}","(80.37410149900006, 18.33990656700007, 80.68734144600006, 18.632607707000034)",01-04-2023.geojson,Wazeed,,,,,
Nizamabad,TSSD0581,158.53,"{'min': 34.664737701416016, 'max': 40.08399963378906, 'mean': 37.554131086482556, 'count': 43, 'sum': 1614.82763671875, 'median': 37.66684341430664}","(78.47512705800006, 18.684195498000065, 78.64029038200005, 18.900912592000054)",01-04-2023.geojson,Kammarpally,,,,,
Jangoan,TSSD0582,120.55,"{'min': 32.06130599975586, 'max': 36.707271575927734, 'mean': 35.06612287248884, 'count': 28, 'sum': 981.8514404296875, 'median': 35.47954559326172}","(79.38361325200003, 17.491730369000038, 79.56249112400008, 17.63017571100005)",01-04-2023.geojson,Kodakandla,,,,,
Narayanpet,TSSD0583,172.63,"{'min': 34.3408317565918, 'max': 48.343685150146484, 'mean': 41.61303433504972, 'count': 44, 'sum': 1830.9735107421875, 'median': 42.17952346801758}","(77.23725451100006, 16.366338565000035, 77.45641595200004, 16.49439566000018)",01-04-2023.geojson,Krishna,,,,,
Mancherial,TSSD0584,414.48,"{'min': 34.90299987792969, 'max': 41.83777618408203, 'mean': 37.97200678853155, 'count': 103, 'sum': 3911.11669921875, 'median': 38.03285598754883}","(79.69063140800006, 18.824880136000047, 79.96247775100005, 19.055750638000063)",01-04-2023.geojson,Kotapalle,,,,,
Warangal_Rural,TSSD0585,96.85,"{'min': 33.063682556152344, 'max': 36.42399978637695, 'mean': 34.574136587289665, 'count': 26, 'sum': 898.9275512695312, 'median': 34.50285720825195}","(79.58000525100005, 18.13079426400003, 79.67613864900011, 18.273366891000023)",01-04-2023.geojson,Nadikuda,,,,,
Medchal_Malkajgiri,TSSD0586,92.19,"{'min': 34.41181945800781, 'max': 38.962379455566406, 'mean': 37.18178147536058, 'count': 26, 'sum': 966.726318359375, 'median': 37.302337646484375}","(78.60919935000027, 17.572950565000042, 78.72357522400006, 17.698451215000034)",01-04-2023.geojson,Muduchinthalaphally,,,,,
Siddipet,TSSD0587,66.64,"{'min': 33.29181671142578, 'max': 36.47666549682617, 'mean': 34.80146280924479, 'count': 18, 'sum': 626.4263305664062, 'median': 34.663917541503906}","(78.75009036300014, 18.179105241000116, 78.85292966200007, 18.26297022400007)",01-04-2023.geojson,Narayanraopet,,,,,
Nizamabad,TSSD0588,59.09,"{'min': 33.141998291015625, 'max': 40.22578811645508, 'mean': 36.51008987426758, 'count': 16, 'sum': 584.1614379882812, 'median': 35.602630615234375}","(77.93403706700008, 18.52915054300007, 78.05329923800008, 18.639067520000026)",01-04-2023.geojson,Mosra,,,,,
Nizamabad,TSSD0589,49.75,"{'min': 34.18684387207031, 'max': 39.55947494506836, 'mean': 35.892386300223215, 'count': 14, 'sum': 502.493408203125, 'median': 35.548946380615234}","(77.91841617100005, 18.496525074000033, 78.04060240200005, 18.590460833)",01-04-2023.geojson,Chandur,,,,,
Sangareddy,TSSD0590,97.98,"{'min': 31.036087036132812, 'max': 40.4672737121582, 'mean': 37.12416359230324, 'count': 27, 'sum': 1002.3524169921875, 'median': 37.294761657714844}","(78.03596075900009, 17.649676136000153, 78.15543426700003, 17.771041394000065)",01-04-2023.geojson,Chowtakur,,,,,
Medak,TSSD0591,67.5,"{'min': 32.887271881103516, 'max': 37.69908905029297, 'mean': 35.83171929253472, 'count': 18, 'sum': 644.970947265625, 'median': 36.449546813964844}","(78.39670312900006, 17.869416313000045, 78.53362296600005, 17.948666831000025)",01-04-2023.geojson,Masaipet,,,,,
Siddipet,TSSD0592,70.13,"{'min': 35.25363540649414, 'max': 37.37285614013672, 'mean': 36.28739848889803, 'count': 19, 'sum': 689.4605712890625, 'median': 36.40523910522461}","(79.03345267100008, 17.94056795000006, 79.15307655800007, 18.032435260000113)",01-04-2023.geojson,Dhoolumitta,,,,,
Rangareddy,TSSD0001,254.22,"{'min': 34.689998626708984, 'max': 39.001426696777344, 'mean': 36.79969371448863, 'count': 66, 'sum': 2428.77978515625, 'median': 36.87428283691406}","(78.55995755200007, 17.23432776100003, 78.76246159900006, 17.40383786600006)",01-05-2023.geojson,Abdullapurmet,,,,,
Nagarkurnool,TSSD0002,502.12,"{'min': 34.17266845703125, 'max': 41.52384567260742, 'mean': 37.814243861607146, 'count': 126, 'sum': 4764.5947265625, 'median': 38.15808868408203}","(78.58204158400008, 16.328785754000023, 79.06420699900008, 16.552355156000033)",01-05-2023.geojson,Achampet,,,,,
Nalgonda,TSSD0003,124.12,"{'min': 36.04066848754883, 'max': 44.433998107910156, 'mean': 41.407156279592805, 'count': 33, 'sum': 1366.4361572265625, 'median': 41.49266815185547}","(79.40552823000007, 16.61250682600007, 79.58503520000005, 16.727679548000026)",01-05-2023.geojson,Adavidevulapally,,,,,
Yadadri Bhuvanagiri,TSSD0004,141.84,"{'min': 37.935001373291016, 'max': 43.150001525878906, 'mean': 40.1013761821546, 'count': 38, 'sum': 1523.852294921875, 'median': 40.06061935424805}","(79.30480125000008, 17.343213083000023, 79.45808114400006, 17.48429223000005)",01-05-2023.geojson,Addagudur,,,,,
Mahabubnagar,TSSD0005,133.19,"{'min': 37.73125076293945, 'max': 43.70857238769531, 'mean': 41.85546875, 'count': 36, 'sum': 1506.796875, 'median': 41.991207122802734}","(77.85964485800008, 16.441965785000036, 78.01275922800005, 16.583453924000025)",01-05-2023.geojson,Addakal,,,,,
Adilabad,TSSD0006,296.11,"{'min': 38.479000091552734, 'max': 46.66400146484375, 'mean': 42.865681437702925, 'count': 77, 'sum': 3300.657470703125, 'median': 42.93421173095703}","(78.46791283600004, 19.529549935000034, 78.75075334500008, 19.743971118000047)",01-05-2023.geojson,Adilabad Rural,,,,,
Adilabad,TSSD0007,18.64,"{'min': 41.496315002441406, 'max': 43.938419342041016, 'mean': 42.432369232177734, 'count': 4, 'sum': 169.72947692871094, 'median': 42.147369384765625}","(78.51136180900005, 19.64107290800007, 78.56091570800004, 19.696663797000042)",01-05-2023.geojson,Adilabad Urban,,,,,
Jogulamba Gadwal,TSSD0008,281.08,"{'min': 35.93235397338867, 'max': 44.25, 'mean': 40.14334837147887, 'count': 71, 'sum': 2850.177734375, 'median': 40.65705871582031}","(77.51085515500006, 15.892624954000041, 77.79118149700008, 16.073899572000073)",01-05-2023.geojson,Aiza,,,,,
Siddipet,TSSD0009,181.57,"{'min': 38.15444564819336, 'max': 40.62176513671875, 'mean': 39.6406005859375, 'count': 50, 'sum': 1982.030029296875, 'median': 39.65395736694336}","(79.09867562300008, 17.991228970000066, 79.28258652700003, 18.10859845500005)",01-05-2023.geojson,Akkannapet,,,,,
Yadadri Bhuvanagiri,TSSD0010,165.31,"{'min': 36.17499923706055, 'max': 40.252105712890625, 'mean': 38.28050622274709, 'count': 43, 'sum': 1646.061767578125, 'median': 38.316314697265625}","(78.99234199800003, 17.567113119000055, 79.16709451200006, 17.725946442000065)",01-05-2023.geojson,Alair,,,,,
Jogulamba Gadwal,TSSD0011,212.17,"{'min': 38.321250915527344, 'max': 46.128665924072266, 'mean': 43.58768873948317, 'count': 52, 'sum': 2266.559814453125, 'median': 44.150665283203125}","(78.05931506700006, 15.836429923000026, 78.25321888900004, 16.011158503000047)",01-05-2023.geojson,Alampur,,,,,
Medak,TSSD0012,106.37,"{'min': 36.970001220703125, 'max': 44.43777847290039, 'mean': 41.129109700520836, 'count': 27, 'sum': 1110.4859619140625, 'median': 41.52294158935547}","(77.88797224100006, 17.883895607000056, 78.00388009500006, 18.014119892000053)",01-05-2023.geojson,Alladurg,,,,,
Bhadradri Kothagudem,TSSD0013,507.54,"{'min': 31.985294342041016, 'max': 39.65615463256836, 'mean': 35.30231267755682, 'count': 132, 'sum': 4659.9052734375, 'median': 34.64289093017578}","(80.39744846200006, 17.75296549600006, 80.69612561700006, 18.05460231400002)",01-05-2023.geojson,Allapalli,,,,,
Medchal_Malkajgiri,TSSD0014,43.73,"{'min': 35.78764724731445, 'max': 37.46125030517578, 'mean': 36.4603437943892, 'count': 11, 'sum': 401.06378173828125, 'median': 36.47666549682617}","(78.47891113600008, 17.480615318000048, 78.57688553000008, 17.549306657000045)",01-05-2023.geojson,Alwal,,,,,
Rangareddy,TSSD0015,138.08,"{'min': 35.852352142333984, 'max': 39.791175842285156, 'mean': 37.865091959635414, 'count': 36, 'sum': 1363.143310546875, 'median': 37.662940979003906}","(78.48719442500004, 16.794263726000054, 78.63278904100008, 16.922855003000052)",01-05-2023.geojson,Amangal,,,,,
Wanaparthy,TSSD0016,110.02,"{'min': 30.332666397094727, 'max': 41.46875, 'mean': 38.1998779296875, 'count': 30, 'sum': 1145.996337890625, 'median': 38.92637634277344}","(77.65718116000005, 16.32682638500006, 77.80141077600007, 16.437234124000042)",01-05-2023.geojson,Amarchintha,,,,,
Hyderabad,TSSD0017,9.23,"{'min': 37.02000045776367, 'max': 38.13999938964844, 'mean': 37.49534606933594, 'count': 4, 'sum': 149.98138427734375, 'median': 37.41069793701172}","(78.48463282000006, 17.368221164000033, 78.52881660000008, 17.40365662100004)",01-05-2023.geojson,Amberpet,,,,,
Hyderabad,TSSD0018,3.86,"{'min': 36.59199905395508, 'max': 36.59199905395508, 'mean': 36.59199905395508, 'count': 1, 'sum': 36.59199905395508, 'median': 36.59199905395508}","(78.42921871100003, 17.43080978200004, 78.46511365000003, 17.45407132100007)",01-05-2023.geojson,Ammerpet,,,,,
Nagarkurnool,TSSD0019,1218.96,"{'min': 29.966249465942383, 'max': 39.10529327392578, 'mean': 33.65970892137097, 'count': 310, 'sum': 10434.509765625, 'median': 33.32215881347656}","(78.48741327000005, 16.00923712100007, 79.02694515400003, 16.415272880000032)",01-05-2023.geojson,Amrabad,,,,,
Suryapet,TSSD0020,116.56,"{'min': 38.62333297729492, 'max': 41.25266647338867, 'mean': 39.800244140625, 'count': 30, 'sum': 1194.00732421875, 'median': 39.86800003051758}","(79.90212536100006, 16.982533018000026, 80.06097163900006, 17.132924940000066)",01-05-2023.geojson,Ananthagiri,,,,,
Sangareddy,TSSD0021,186.83,"{'min': 36.15285873413086, 'max': 44.72142791748047, 'mean': 40.26213950299202, 'count': 47, 'sum': 1892.320556640625, 'median': 40.21636199951172}","(77.94290081500003, 17.75956500500007, 78.11621519700003, 17.925892899000075)",01-05-2023.geojson,Andole,,,,,
Bhadradri Kothagudem,TSSD0022,176.27,"{'min': 32.93571472167969, 'max': 37.063846588134766, 'mean': 34.9536477793818, 'count': 46, 'sum': 1607.8677978515625, 'median': 35.02773666381836}","(80.64118685200003, 17.28576821300004, 80.85142774000008, 17.41689142100006)",01-05-2023.geojson,Annapureddipalle,,,,,
Nalgonda,TSSD0023,190.48,"{'min': 39.88666534423828, 'max': 43.96285629272461, 'mean': 41.8178125, 'count': 50, 'sum': 2090.890625, 'median': 41.775001525878906}","(79.19527357000004, 16.726884840000025, 79.39201370200004, 16.913228080000067)",01-05-2023.geojson,Anumula_Haliya,,,,,
Nizamabad,TSSD0024,221.85,"{'min': 29.368947982788086, 'max': 41.32684326171875, 'mean': 39.56355387369792, 'count': 60, 'sum': 2373.813232421875, 'median': 40.309913635253906}","(78.17296352400007, 18.74292431300006, 78.35632004600006, 18.93725310900004)",01-05-2023.geojson,Armoor,,,,,
Kumurambheem Asifabad,TSSD0025,380.26,"{'min': 31.98238182067871, 'max': 47.02294158935547, 'mean': 42.394401999080884, 'count': 102, 'sum': 4324.22900390625, 'median': 42.53900146484375}","(79.05947913700004, 19.250334717000044, 79.39455949500007, 19.45064135100006)",01-05-2023.geojson,Asifabad,,,,,
Hyderabad,TSSD0026,12.88,"{'min': 36.297000885009766, 'max': 38.79499816894531, 'mean': 37.62535858154297, 'count': 4, 'sum': 150.50143432617188, 'median': 37.70471954345703}","(78.42582161500007, 17.359808491000024, 78.46198218000006, 17.408130664000055)",01-05-2023.geojson,Asifnagar,,,,,
Bhadradri Kothagudem,TSSD0027,329.09,"{'min': 31.866249084472656, 'max': 39.026363372802734, 'mean': 35.69128695401278, 'count': 88, 'sum': 3140.833251953125, 'median': 35.745765686035156}","(80.68546006000008, 17.692266541000038, 80.88829418500006, 17.933206824000024)",01-05-2023.geojson,Aswapuram,,,,,
Bhadradri Kothagudem,TSSD0028,564.09,"{'min': 31.07428550720215, 'max': 37.05400085449219, 'mean': 34.59772204676418, 'count': 141, 'sum': 4878.27880859375, 'median': 34.675453186035156}","(81.00029477700008, 17.215797421000048, 81.31479948400005, 17.495516869000028)",01-05-2023.geojson,Aswaraopeta,,,,,
Yadadri Bhuvanagiri,TSSD0029,171.54,"{'min': 36.936317443847656, 'max': 40.42499923706055, 'mean': 38.50482855902778, 'count': 45, 'sum': 1732.71728515625, 'median': 38.579410552978516}","(79.08082893600005, 17.39675374600006, 79.24565290200007, 17.53585182000006)",01-05-2023.geojson,Athmakur (M),,,,,
Wanaparthy,TSSD0030,137.9,"{'min': 35.4787483215332, 'max': 42.224666595458984, 'mean': 37.96997409396701, 'count': 36, 'sum': 1366.9190673828125, 'median': 37.92937469482422}","(77.73676945900007, 16.203007356000057, 77.92502598300007, 16.38983216400004)",01-05-2023.geojson,Atmakur,,,,,
Warangal_Rural,TSSD0031,100.48,"{'min': 35.7140007019043, 'max': 39.28230667114258, 'mean': 37.98727651742789, 'count': 26, 'sum': 987.669189453125, 'median': 38.18471145629883}","(79.67890460400008, 17.996386791000077, 79.82038191900006, 18.11908245500007)",01-05-2023.geojson,Atmakur,,,,,
Suryapet,TSSD0032,206.49,"{'min': 38.147647857666016, 'max': 41.797691345214844, 'mean': 40.128533380681816, 'count': 55, 'sum': 2207.0693359375, 'median': 40.28333282470703}","(79.59145821600004, 17.18757524600005, 79.81482135400006, 17.314815594000038)",01-05-2023.geojson,Atmakur_S,,,,,
Yadadri Bhuvanagiri,TSSD0033,188.28,"{'min': 35.1533317565918, 'max': 39.092498779296875, 'mean': 37.091064453125, 'count': 51, 'sum': 1891.644287109375, 'median': 37.14666748046875}","(78.70944519200003, 17.280238217000033, 78.91168170600008, 17.414015307000057)",01-05-2023.geojson,B.Pochampally,,,,,
Jangoan,TSSD0034,215.84,"{'min': 33.83380889892578, 'max': 38.84333419799805, 'mean': 36.897595635775865, 'count': 58, 'sum': 2140.060546875, 'median': 36.76631546020508}","(78.86787166400006, 17.709206091000055, 79.10262993800006, 17.8761671850001)",01-05-2023.geojson,Bachannapet,,,,,
Medchal_Malkajgiri,TSSD0035,17.73,"{'min': 35.71875, 'max': 38.21235275268555, 'mean': 36.59285278320313, 'count': 5, 'sum': 182.96426391601562, 'median': 36.063751220703125}","(78.34798865200008, 17.510629856000037, 78.39909413900006, 17.553712028000064)",01-05-2023.geojson,Bachupally,,,,,
Hyderabad,TSSD0036,15.01,"{'min': 35.80875015258789, 'max': 38.65625, 'mean': 37.40166727701823, 'count': 3, 'sum': 112.20500183105469, 'median': 37.7400016784668}","(78.43027281000008, 17.326923403000023, 78.47901840600008, 17.372507289000055)",01-05-2023.geojson,Bahadurpura,,,,,
Mahabubnagar,TSSD0037,174.74,"{'min': 37.974998474121094, 'max': 41.7859992980957, 'mean': 39.94352390455163, 'count': 46, 'sum': 1837.402099609375, 'median': 39.859336853027344}","(78.08729467400008, 16.845259309000028, 78.30248119100008, 17.011459106000075)",01-05-2023.geojson,Balanagar,,,,,
Medchal_Malkajgiri,TSSD0038,19.28,"{'min': 36.41999816894531, 'max': 38.11666488647461, 'mean': 37.2701171875, 'count': 5, 'sum': 186.3505859375, 'median': 37.12444305419922}","(78.41398145500006, 17.437593329000038, 78.49711234500006, 17.495946916000037)",01-05-2023.geojson,Balanagar,,,,,
Rangareddy,TSSD0039,131.84,"{'min': 35.18882369995117, 'max': 38.032222747802734, 'mean': 36.47239815848214, 'count': 35, 'sum': 1276.533935546875, 'median': 36.27705764770508}","(78.40825680200004, 17.228240129000028, 78.57240744700005, 17.342781479000053)",01-05-2023.geojson,Balapur,,,,,
Nizamabad,TSSD0040,97.3,"{'min': 28.91777801513672, 'max': 41.183685302734375, 'mean': 36.598056640625, 'count': 25, 'sum': 914.951416015625, 'median': 38.28052520751953}","(78.27055155900007, 18.820303712000054, 78.39954724000006, 18.968813210000064)",01-05-2023.geojson,Balkonda,,,,,
Nagarkurnool,TSSD0041,243.17,"{'min': 31.728666305541992, 'max': 41.028751373291016, 'mean': 38.33155048076923, 'count': 65, 'sum': 2491.55078125, 'median': 38.9970588684082}","(78.49549449900007, 16.225707747000058, 78.67809309200004, 16.452804138000033)",01-05-2023.geojson,Balmoor,,,,,
Hyderabad,TSSD0042,21.38,"{'min': 37.64066696166992, 'max': 39.317501068115234, 'mean': 38.49850209554037, 'count': 6, 'sum': 230.9910125732422, 'median': 38.564544677734375}","(78.45371439300004, 17.293465379000054, 78.51861491400007, 17.352247109000075)",01-05-2023.geojson,Bandlaguda,,,,,
Kamareddy,TSSD0043,142.84,"{'min': 35.939998626708984, 'max': 41.16666793823242, 'mean': 38.50184500558036, 'count': 35, 'sum': 1347.5645751953125, 'median': 38.470951080322266}","(77.83852436200004, 18.316119945000025, 78.03038834200004, 18.45416467000007)",01-05-2023.geojson,Banswada,,,,,
Vikarabad,TSSD0044,91.56,"{'min': 37.62799835205078, 'max': 42.26894760131836, 'mean': 40.1321875, 'count': 25, 'sum': 1003.3046875, 'median': 39.66090774536133}","(77.61390270400005, 17.383589031000042, 77.77189871100006, 17.483158091000064)",01-05-2023.geojson,Bantwaram,,,,,
Nirmal,TSSD0045,108.16,"{'min': 39.36684036254883, 'max': 46.60444259643555, 'mean': 44.658038961476294, 'count': 29, 'sum': 1295.0831298828125, 'median': 45.258888244628906}","(77.87395490400007, 18.84522452500005, 78.04060419300004, 18.95240894500006)",01-05-2023.geojson,Basar,,,,,
Vikarabad,TSSD0046,206.01,"{'min': 37.148887634277344, 'max': 44.8650016784668, 'mean': 41.233052955483494, 'count': 53, 'sum': 2185.351806640625, 'median': 41.331050872802734}","(77.36247981800005, 17.108590786000036, 77.53841200600004, 17.271892981000065)",01-05-2023.geojson,Basheerabad,,,,,
Mahabubabad,TSSD0047,307.29,"{'min': 33.93000030517578, 'max': 43.7066650390625, 'mean': 38.72071518132716, 'count': 81, 'sum': 3136.3779296875, 'median': 38.70857238769531}","(80.05728874800008, 17.53352028000006, 80.26094565000005, 17.75039165800007)",01-05-2023.geojson,Bayyaram,,,,,
Adilabad,TSSD0048,253.13,"{'min': 36.935264587402344, 'max': 46.996315002441406, 'mean': 42.814365931919646, 'count': 70, 'sum': 2997.005615234375, 'median': 42.347999572753906}","(78.27492577100008, 19.393371099000035, 78.47377904700005, 19.580545785000027)",01-05-2023.geojson,Bazarhathnoor,,,,,
Jagtial,TSSD0049,108.89,"{'min': 38.831905364990234, 'max': 43.59700012207031, 'mean': 41.292007938508064, 'count': 31, 'sum': 1280.05224609375, 'median': 41.05526351928711}","(78.87792220400007, 18.96036622300005, 79.02108975900006, 19.07988819600007)",01-05-2023.geojson,Beerpur,,,,,
Siddipet,TSSD0050,152.56,"{'min': 37.224117279052734, 'max': 43.743751525878906, 'mean': 40.53789367675781, 'count': 40, 'sum': 1621.5157470703125, 'median': 40.48012924194336}","(78.95201931600008, 18.18925398600004, 79.11791494600004, 18.34315846100003)",01-05-2023.geojson,Bejjanki,,,,,
Kumurambheem Asifabad,TSSD0051,282.92,"{'min': 36.228946685791016, 'max': 43.683998107910156, 'mean': 40.393404947916665, 'count': 75, 'sum': 3029.50537109375, 'median': 40.569000244140625}","(79.71984640800008, 19.26669339700004, 79.96748160900006, 19.444060153000066)",01-05-2023.geojson,Bejjur,,,,,
Adilabad,TSSD0052,252.64,"{'min': 39.68894577026367, 'max': 47.65190505981445, 'mean': 44.575230695199274, 'count': 69, 'sum': 3075.69091796875, 'median': 44.87631607055664}","(78.68107592100006, 19.56508431800006, 78.85966689500003, 19.782733789000076)",01-05-2023.geojson,Bela,,,,,
Mancherial,TSSD0053,146.79,"{'min': 37.25, 'max': 40.58157730102539, 'mean': 38.68214111328125, 'count': 40, 'sum': 1547.28564453125, 'median': 38.60094451904297}","(79.41901996000007, 18.98112085100007, 79.58961168500008, 19.132048594000025)",01-05-2023.geojson,Bellampalle,,,,,
Bhadradri Kothagudem,TSSD0054,11.21,"{'min': 38.91615295410156, 'max': 39.52846145629883, 'mean': 39.22230529785156, 'count': 2, 'sum': 78.44461059570312, 'median': 39.22230529785156}","(80.87537144200007, 17.64270969100005, 80.91092172600008, 17.683719212000028)",01-05-2023.geojson,Bhadrachalam,,,,,
Nirmal,TSSD0055,247.42,"{'min': 35.8985710144043, 'max': 44.71476364135742, 'mean': 41.975425606343286, 'count': 67, 'sum': 2812.353515625, 'median': 42.45952224731445}","(77.87843723700007, 19.03252738200007, 78.09109643600004, 19.219462747000023)",01-05-2023.geojson,Bhainsa,,,,,
Warangal_Urban,TSSD0056,147.17,"{'min': 36.30888748168945, 'max': 40.33571243286133, 'mean': 38.7674560546875, 'count': 35, 'sum': 1356.8609619140625, 'median': 38.99399948120117}","(79.25802483300004, 18.001111758000036, 79.41034323000008, 18.156221128000027)",01-05-2023.geojson,Bheemadevarapalli,,,,,
Mancherial,TSSD0057,156.12,"{'min': 37.343685150146484, 'max': 43.061248779296875, 'mean': 39.79463391426282, 'count': 39, 'sum': 1551.99072265625, 'median': 39.886470794677734}","(79.58636746400003, 18.76414004000003, 79.73368796500006, 18.942415460000063)",01-05-2023.geojson,Bheemaram,,,,,
Nizamabad,TSSD0058,225.03,"{'min': 34.697059631347656, 'max': 41.90529251098633, 'mean': 39.796923828125, 'count': 60, 'sum': 2387.8154296875, 'median': 40.452789306640625}","(78.35785953300007, 18.617871123000043, 78.59699998100007, 18.754933092000044)",01-05-2023.geojson,Bheemgal,,,,,
Mancherial,TSSD0059,151.63,"{'min': 41.79800033569336, 'max': 44.4089469909668, 'mean': 42.96495162609012, 'count': 43, 'sum': 1847.492919921875, 'median': 42.87699890136719}","(79.50578178000006, 19.14043541600006, 79.67664248700004, 19.288073780000047)",01-05-2023.geojson,Bheemini,,,,,
Adilabad,TSSD0060,195.62,"{'min': 41.518890380859375, 'max': 46.49777603149414, 'mean': 44.18111078789894, 'count': 47, 'sum': 2076.51220703125, 'median': 43.932106018066406}","(78.28468101500005, 19.728594951000048, 78.49256909000007, 19.91690008100005)",01-05-2023.geojson,Bheempoor,,,,,
Kamareddy,TSSD0061,154.94,"{'min': 36.2464714050293, 'max': 38.755001068115234, 'mean': 37.418416341145836, 'count': 42, 'sum': 1571.573486328125, 'median': 37.39235305786133}","(78.33227141500004, 18.122403492000046, 78.50250512100007, 18.278813365000076)",01-05-2023.geojson,Bhiknoor,,,,,
Yadadri Bhuvanagiri,TSSD0062,299.2,"{'min': 35.17631530761719, 'max': 40.106842041015625, 'mean': 37.523518880208336, 'count': 78, 'sum': 2926.83447265625, 'median': 37.35792541503906}","(78.80997708400008, 17.36896378700004, 79.04721217500008, 17.595952069000077)",01-05-2023.geojson,Bhongiri,,,,,
Mahabubnagar,TSSD0063,177.56,"{'min': 37.06764602661133, 'max': 40.53533172607422, 'mean': 38.531135721409576, 'count': 47, 'sum': 1810.96337890625, 'median': 38.30875015258789}","(77.97152580800008, 16.592727025000045, 78.15346036600005, 16.739702366000074)",01-05-2023.geojson,Bhoothpur,,,,,
Jayashankar Bhupalpally,TSSD0064,412.31,"{'min': 33.91315841674805, 'max': 42.29133224487305, 'mean': 38.107498734085645, 'count': 108, 'sum': 4115.60986328125, 'median': 37.939918518066406}","(79.72643010900003, 18.326274666000074, 80.15195044700005, 18.518666378000034)",01-05-2023.geojson,Bhupalpally,,,,,
Yadadri Bhuvanagiri,TSSD0065,181.21,"{'min': 34.02579116821289, 'max': 37.39666748046875, 'mean': 35.76865433673469, 'count': 49, 'sum': 1752.6640625, 'median': 35.815555572509766}","(78.70762825800006, 17.383774324000058, 78.91649957900006, 17.531102042000043)",01-05-2023.geojson,Bibinagar,,,,,
Kamareddy,TSSD0066,80.7,"{'min': 33.93375015258789, 'max': 39.60285568237305, 'mean': 37.61777954101562, 'count': 20, 'sum': 752.3555908203125, 'median': 37.95000076293945}","(78.46247299900006, 18.169106830000032, 78.56926485100007, 18.275633318000075)",01-05-2023.geojson,Bibipet,,,,,
Nagarkurnool,TSSD0067,265.69,"{'min': 35.04999923706055, 'max': 40.4913330078125, 'mean': 38.12768205915179, 'count': 70, 'sum': 2668.937744140625, 'median': 38.26139831542969}","(78.10083116400006, 16.421414171000038, 78.28225422800006, 16.626726615000052)",01-05-2023.geojson,Bijinapalle,,,,,
Adilabad,TSSD0068,324.19,"{'min': 37.34157943725586, 'max': 46.689998626708984, 'mean': 43.23990061313291, 'count': 79, 'sum': 3415.9521484375, 'median': 43.71210479736328}","(78.17215629700007, 19.264980181000055, 78.39684222400007, 19.45647146400006)",01-05-2023.geojson,Boath,,,,,
Nizamabad,TSSD0069,274.45,"{'min': 35.4900016784668, 'max': 45.16899871826172, 'mean': 40.563523383989725, 'count': 73, 'sum': 2961.13720703125, 'median': 39.9640007019043}","(77.73094369300003, 18.573510121000027, 77.96006357300001, 18.81143505500006)",01-05-2023.geojson,Bodhan,,,,,
Rajanna Sircilla,TSSD0070,143.88,"{'min': 29.86400032043457, 'max': 41.364444732666016, 'mean': 38.138255049542686, 'count': 41, 'sum': 1563.66845703125, 'median': 39.04999923706055}","(78.89142673800006, 18.39155487200003, 78.99623800100005, 18.58330450400007)",01-05-2023.geojson,Boinpalli,,,,,
Yadadri Bhuvanagiri,TSSD0071,165.4,"{'min': 33.858001708984375, 'max': 38.28293991088867, 'mean': 36.55464099702381, 'count': 42, 'sum': 1535.294921875, 'median': 36.63166809082031}","(78.68260567800007, 17.506909476000033, 78.83660271700006, 17.66778853200003)",01-05-2023.geojson,Bommalaramaram,,,,,
Vikarabad,TSSD0072,219.46,"{'min': 36.859474182128906, 'max': 43.61823654174805, 'mean': 38.95306832449777, 'count': 56, 'sum': 2181.371826171875, 'median': 38.725730895996094}","(77.61321700700006, 17.021545857000035, 77.78997648900008, 17.236770282000066)",01-05-2023.geojson,Bommaraspeta,,,,,
Khammam,TSSD0073,164.0,"{'min': 34.401248931884766, 'max': 38.825714111328125, 'mean': 36.6990966796875, 'count': 41, 'sum': 1504.6629638671875, 'median': 36.54066848754883}","(80.19836868700008, 16.94670916900003, 80.36649696300003, 17.117145719000064)",01-05-2023.geojson,Bonakal,,,,,
Jagtial,TSSD0074,80.72,"{'min': 37.53736877441406, 'max': 39.6522216796875, 'mean': 38.60734491762908, 'count': 23, 'sum': 887.9689331054688, 'median': 38.671905517578125}","(79.00621644400007, 18.822787249000044, 79.14474962700007, 18.91916278800005)",01-05-2023.geojson,Buggaram,,,,,
Bhadradri Kothagudem,TSSD0075,212.03,"{'min': 36.9515380859375, 'max': 41.5023078918457, 'mean': 39.09666160300926, 'count': 54, 'sum': 2111.2197265625, 'median': 38.90916442871094}","(80.73228080900003, 17.59843230000007, 80.90367732300007, 17.75553509100007)",01-05-2023.geojson,Burgampadu,,,,,
Nalgonda,TSSD0076,349.48,"{'min': 35.534706115722656, 'max': 42.825714111328125, 'mean': 38.90913722826087, 'count': 92, 'sum': 3579.640625, 'median': 38.68260955810547}","(78.83961784400003, 16.35584791900004, 79.21275923200005, 16.646382362000054)",01-05-2023.geojson,Chandampet,,,,,
Bhadradri Kothagudem,TSSD0077,146.4,"{'min': 32.59714126586914, 'max': 41.45461654663086, 'mean': 37.304542335304056, 'count': 37, 'sum': 1380.26806640625, 'median': 36.52166748046875}","(80.55637660300005, 17.31648540200007, 80.69607967500008, 17.452303995000022)",01-05-2023.geojson,Chandrugonda,,,,,
Nalgonda,TSSD0078,210.39,"{'min': 38.613529205322266, 'max': 42.81461715698242, 'mean': 40.791024837853776, 'count': 53, 'sum': 2161.92431640625, 'median': 40.83000183105469}","(78.89291217500005, 16.893248166000035, 79.10048328200008, 17.094642131000057)",01-05-2023.geojson,Chandur,,,,,
Nagarkurnool,TSSD0079,172.21,"{'min': 36.78466796875, 'max': 40.15353012084961, 'mean': 38.70898708767361, 'count': 45, 'sum': 1741.9044189453125, 'median': 38.85588073730469}","(78.57614983600007, 16.636888998000074, 78.79233917400006, 16.779519700000037)",01-05-2023.geojson,Charakonda,,,,,
Hyderabad,TSSD0080,5.37,"{'min': 39.30500030517578, 'max': 39.30500030517578, 'mean': 39.30500030517578, 'count': 1, 'sum': 39.30500030517578, 'median': 39.30500030517578}","(78.47460501900008, 17.34768383200003, 78.50070316000006, 17.376123801000062)",01-05-2023.geojson,Charminar,,,,,
Rajanna Sircilla,TSSD0081,172.75,"{'min': 33.76599884033203, 'max': 43.057369232177734, 'mean': 37.73208363850912, 'count': 48, 'sum': 1811.1400146484375, 'median': 38.177268981933594}","(78.61274932300006, 18.50685668500006, 78.84598478800007, 18.63425720600003)",01-05-2023.geojson,Chendurthi,,,,,
Warangal_Rural,TSSD0082,99.63,"{'min': 36.98249816894531, 'max': 39.63249969482422, 'mean': 38.614733465786635, 'count': 29, 'sum': 1119.8272705078125, 'median': 38.76333236694336}","(79.77887035600008, 17.796694865000063, 79.93870076600007, 17.912052966000033)",01-05-2023.geojson,Chennaraopet,,,,,
Mancherial,TSSD0083,348.6,"{'min': 34.163333892822266, 'max': 43.78293991088867, 'mean': 39.99531886888587, 'count': 92, 'sum': 3679.5693359375, 'median': 39.512535095214844}","(79.65949015600006, 18.682762397000033, 79.84767354200005, 18.959046801000056)",01-05-2023.geojson,Chennur,,,,,
Siddipet,TSSD0084,222.44,"{'min': 36.33588409423828, 'max': 39.505001068115234, 'mean': 37.941294524629235, 'count': 59, 'sum': 2238.536376953125, 'median': 38.092105865478516}","(78.86758954600003, 17.828098220000072, 79.06729449200009, 18.036935309000057)",01-05-2023.geojson,Cherial,,,,,
Bhadradri Kothagudem,TSSD0085,477.35,"{'min': 32.45941162109375, 'max': 42.76076889038086, 'mean': 36.6827362804878, 'count': 123, 'sum': 4511.9765625, 'median': 36.08599853515625}","(80.73391161600006, 17.933206824000024, 80.98568532800005, 18.238859586000046)",01-05-2023.geojson,Cherla,,,,,
Rangareddy,TSSD0086,276.14,"{'min': 39.1037483215332, 'max': 43.872222900390625, 'mean': 41.53232020547945, 'count': 73, 'sum': 3031.859375, 'median': 41.65235137939453}","(78.00412674500006, 17.23299501100007, 78.21859291200008, 17.409433687000046)",01-05-2023.geojson,Chevella,,,,,
Karimnagar,TSSD0087,149.85,"{'min': 38.282222747802734, 'max': 39.8922233581543, 'mean': 39.27037353515625, 'count': 40, 'sum': 1570.81494140625, 'median': 39.349998474121094}","(79.10798904900008, 18.16049209700003, 79.25728156700006, 18.285204140000076)",01-05-2023.geojson,Chigurumamidi,,,,,
Suryapet,TSSD0088,109.2,"{'min': 38.313751220703125, 'max': 42.75266647338867, 'mean': 40.72813197544643, 'count': 28, 'sum': 1140.3876953125, 'median': 40.940093994140625}","(79.79036079100007, 16.906046110000034, 79.93531953700005, 17.024466438000047)",01-05-2023.geojson,Chilkur,,,,,
Jangoan,TSSD0089,157.63,"{'min': 35.92473602294922, 'max': 40.130001068115234, 'mean': 38.46458541515262, 'count': 43, 'sum': 1653.9771728515625, 'median': 38.695556640625}","(79.20344106000005, 17.85176273600007, 79.44938298400007, 17.98733100100003)",01-05-2023.geojson,Chilpur,,,,,
Mahabubnagar,TSSD0090,182.6,"{'min': 39.523685455322266, 'max': 43.55666732788086, 'mean': 42.02880859375, 'count': 50, 'sum': 2101.4404296875, 'median': 42.12775802612305}","(77.73330203000006, 16.37851123300004, 77.87096754700008, 16.616724610000063)",01-05-2023.geojson,Chinna Chinta Kunta,,,,,
Mahabubabad,TSSD0091,62.33,"{'min': 38.42124938964844, 'max': 39.6594123840332, 'mean': 39.03146541819853, 'count': 17, 'sum': 663.534912109375, 'median': 39.06888961791992}","(79.84909294100004, 17.449136596000073, 79.93830751200005, 17.551928229000055)",01-05-2023.geojson,Chinnagudur,,,,,
Siddipet,TSSD0092,210.1,"{'min': 35.47636413574219, 'max': 39.042999267578125, 'mean': 37.35649007161458, 'count': 60, 'sum': 2241.389404296875, 'median': 37.454978942871094}","(78.82494370000006, 18.112037676000057, 79.02016956300008, 18.25691097600003)",01-05-2023.geojson,Chinnakodur,,,,,
Wanaparthy,TSSD0093,211.48,"{'min': 37.61000061035156, 'max': 43.775333404541016, 'mean': 40.879929115032326, 'count': 58, 'sum': 2371.035888671875, 'median': 40.91416931152344}","(78.05946824700004, 15.943903422000062, 78.25862092700004, 16.10487720200007)",01-05-2023.geojson,Chinnambavi,,,,,
Khammam,TSSD0094,188.05,"{'min': 35.87933349609375, 'max': 39.06999969482422, 'mean': 37.54621422809103, 'count': 46, 'sum': 1727.1258544921875, 'median': 37.65333557128906}","(80.15749622700008, 17.00863986300004, 80.30764277300005, 17.236461319000057)",01-05-2023.geojson,Chintakani,,,,,
Kumurambheem Asifabad,TSSD0095,288.59,"{'min': 35.946842193603516, 'max': 43.384735107421875, 'mean': 40.49858093261719, 'count': 80, 'sum': 3239.886474609375, 'median': 40.73981475830078}","(79.67767908700006, 19.36047807800003, 79.97913072000006, 19.567678157000046)",01-05-2023.geojson,Chintalamanepally,,,,,
Suryapet,TSSD0096,202.08,"{'min': 31.863750457763672, 'max': 43.27000045776367, 'mean': 38.417868221507355, 'count': 51, 'sum': 1959.311279296875, 'median': 39.337059020996094}","(79.89168709400008, 16.63122235000003, 80.07323171000007, 16.848894700000073)",01-05-2023.geojson,Chinthala palem,,,,,
Nalgonda,TSSD0097,274.6,"{'min': 37.09000015258789, 'max': 43.537498474121094, 'mean': 40.59525390625, 'count': 75, 'sum': 3044.64404296875, 'median': 40.38999938964844}","(78.69548427600006, 16.739825453000037, 78.92444476600008, 16.973748571000044)",01-05-2023.geojson,Chinthapally,,,,,
Jayashankar Bhupalpally,TSSD0098,210.42,"{'min': 38.178749084472656, 'max': 42.64250183105469, 'mean': 40.726905153508774, 'count': 57, 'sum': 2321.43359375, 'median': 40.89933395385742}","(79.64088009700004, 18.283442338000043, 79.79196266500009, 18.492380515000036)",01-05-2023.geojson,Chityal,,,,,
Nalgonda,TSSD0099,237.77,"{'min': 39.380001068115234, 'max': 42.93333435058594, 'mean': 41.20437825520833, 'count': 60, 'sum': 2472.2626953125, 'median': 41.25044250488281}","(78.96087085700003, 17.126777316000073, 79.17779320000005, 17.284106424000072)",01-05-2023.geojson,Chityal,,,,,
Suryapet,TSSD0100,151.19,"{'min': 38.59000015258789, 'max': 42.922855377197266, 'mean': 40.711343383789064, 'count': 40, 'sum': 1628.4537353515625, 'median': 40.94804763793945}","(79.61526708400004, 17.06178183000003, 79.77234545500005, 17.21508940600006)",01-05-2023.geojson,Chivvemla,,,,,
Karimnagar,TSSD0101,141.96,"{'min': 38.29588317871094, 'max': 40.53333282470703, 'mean': 39.41071841591283, 'count': 38, 'sum': 1497.6072998046875, 'median': 39.37823486328125}","(79.09673047900003, 18.516979337000066, 79.23072403500004, 18.66557143500006)",01-05-2023.geojson,Choppadandi,,,,,
Yadadri Bhuvanagiri,TSSD0102,264.84,"{'min': 36.9088249206543, 'max': 43.6533317565918, 'mean': 39.88799447073063, 'count': 71, 'sum': 2832.047607421875, 'median': 39.9162483215332}","(78.747570484, 17.19528529400003, 78.99749932000003, 17.348531597000033)",01-05-2023.geojson,Choutuppal,,,,,
Rangareddy,TSSD0103,111.15,"{'min': 37.207645416259766, 'max': 43.28066635131836, 'mean': 38.99135109230324, 'count': 27, 'sum': 1052.7664794921875, 'median': 38.23749923706055}","(77.92190617600005, 16.980166997000026, 78.03572549400008, 17.14859407800003)",01-05-2023.geojson,Chowdergudem,,,,,
Bhadradri Kothagudem,TSSD0104,113.98,"{'min': 32.99714279174805, 'max': 41.310001373291016, 'mean': 35.84375393775202, 'count': 31, 'sum': 1111.1563720703125, 'median': 35.726924896240234}","(80.59078646000006, 17.397527010000033, 80.73926192500005, 17.56175825500003)",01-05-2023.geojson,Chunchupally,,,,,
Kumurambheem Asifabad,TSSD0105,282.91,"{'min': 34.97947311401367, 'max': 44.63105392456055, 'mean': 40.47114851668074, 'count': 74, 'sum': 2994.864990234375, 'median': 40.856666564941406}","(79.55061502100006, 19.147024978000047, 79.94481136900004, 19.320003257000053)",01-05-2023.geojson,Dahegaon,,,,,
Nalgonda,TSSD0106,212.91,"{'min': 37.20624923706055, 'max': 43.45000076293945, 'mean': 39.21106178977273, 'count': 55, 'sum': 2156.6083984375, 'median': 39.022499084472656}","(79.52381292400008, 16.65992049600004, 79.70200312500003, 16.812899723000044)",01-05-2023.geojson,Damaracherla,,,,,
Narayanpet,TSSD0107,197.8,"{'min': 37.46500015258789, 'max': 44.307647705078125, 'mean': 39.63359375, 'count': 50, 'sum': 1981.6796875, 'median': 39.492393493652344}","(77.45634407100005, 16.764877660000025, 77.60496874100005, 16.959326115000067)",01-05-2023.geojson,Damargidda,,,,,
Warangal_Rural,TSSD0108,89.35,"{'min': 36.841251373291016, 'max': 39.29307556152344, 'mean': 37.8516591389974, 'count': 24, 'sum': 908.4398193359375, 'median': 37.78180694580078}","(79.60072347200008, 18.00572767700004, 79.70643829000005, 18.13897497800008)",01-05-2023.geojson,Damera,,,,,
Bhadradri Kothagudem,TSSD0109,482.53,"{'min': 31.525714874267578, 'max': 37.779998779296875, 'mean': 34.06203801081731, 'count': 130, 'sum': 4428.06494140625, 'median': 34.117061614990234}","(80.86476856000007, 17.190519193000057, 81.08735919600008, 17.56822006400006)",01-05-2023.geojson,Dammapeta,,,,,
Mancherial,TSSD0110,212.73,"{'min': 36.03947448730469, 'max': 43.310001373291016, 'mean': 39.76015967653509, 'count': 57, 'sum': 2266.3291015625, 'median': 40.10368347167969}","(79.08727409600004, 18.884636873000034, 79.22437932800005, 19.103216721000024)",01-05-2023.geojson,Dandepalle,,,,,
Mahabubabad,TSSD0111,108.96,"{'min': 37.376251220703125, 'max': 40.033748626708984, 'mean': 38.40450951360887, 'count': 31, 'sum': 1190.539794921875, 'median': 38.31666564941406}","(79.65560623800008, 17.428868298000054, 79.78530222000006, 17.546608658000025)",01-05-2023.geojson,Danthalapalle,,,,,
Nirmal,TSSD0112,76.62,"{'min': 38.819522857666016, 'max': 41.200477600097656, 'mean': 40.06432462993421, 'count': 19, 'sum': 761.22216796875, 'median': 40.04399871826172}","(78.82647409500004, 19.034610264000037, 78.95076054900005, 19.132845763000034)",01-05-2023.geojson,Dasturabad,,,,,
Nalgonda,TSSD0113,235.21,"{'min': 37.278236389160156, 'max': 43.781429290771484, 'mean': 41.45500330771169, 'count': 62, 'sum': 2570.210205078125, 'median': 41.538124084472656}","(78.75664741300005, 16.599618543000076, 78.96744054100003, 16.769811435000065)",01-05-2023.geojson,Devarakonda,,,,,
Mahabubnagar,TSSD0114,238.37,"{'min': 35.046470642089844, 'max': 44.5412483215332, 'mean': 41.07242313508065, 'count': 62, 'sum': 2546.490234375, 'median': 41.5313606262207}","(77.76466384500003, 16.454975524000076, 77.92512638900007, 16.738387466000063)",01-05-2023.geojson,Devarkadra,,,,,
Jangoan,TSSD0115,182.53,"{'min': 38.354000091552734, 'max': 40.43000030517578, 'mean': 39.37173828125, 'count': 50, 'sum': 1968.5869140625, 'median': 39.373207092285156}","(79.21277209400006, 17.510665525000036, 79.40089799000003, 17.677652839000075)",01-05-2023.geojson,Devaruppula,,,,,
Narayanpet,TSSD0116,153.65,"{'min': 36.922630310058594, 'max': 43.02764892578125, 'mean': 39.99690535261824, 'count': 37, 'sum': 1479.885498046875, 'median': 39.83420944213867}","(77.59496902800004, 16.571400942000025, 77.76875056600005, 16.754234962000055)",01-05-2023.geojson,Dhanwada,,,,,
Jagtial,TSSD0117,175.9,"{'min': 37.92157745361328, 'max': 44.608821868896484, 'mean': 41.230748155381946, 'count': 45, 'sum': 1855.3836669921875, 'median': 41.53315734863281}","(78.99144763200007, 18.877766286000053, 79.16011736700005, 19.07420193200005)",01-05-2023.geojson,Dharmapuri,,,,,
Peddapalli,TSSD0118,201.92,"{'min': 35.303001403808594, 'max': 40.14411926269531, 'mean': 38.295850070017686, 'count': 53, 'sum': 2029.6800537109375, 'median': 38.255882263183594}","(79.11294947900006, 18.616084372000046, 79.33879022800005, 18.75580704600003)",01-05-2023.geojson,Dharmaram,,,,,
Warangal_Urban,TSSD0119,166.63,"{'min': 34.7594108581543, 'max': 40.07400131225586, 'mean': 38.64178331163195, 'count': 45, 'sum': 1738.8802490234375, 'median': 38.98625183105469}","(79.34392484200004, 17.872946780000063, 79.49559988700008, 18.064662017000046)",01-05-2023.geojson,Dharmasagar,,,,,
Jogulamba Gadwal,TSSD0120,233.51,"{'min': 29.931333541870117, 'max': 40.349998474121094, 'mean': 37.61605631510417, 'count': 60, 'sum': 2256.96337890625, 'median': 38.49117660522461}","(77.59027451200006, 16.165087868000057, 77.75403082300005, 16.362950969000053)",01-05-2023.geojson,Dharoor,,,,,
Vikarabad,TSSD0121,204.41,"{'min': 35.36052703857422, 'max': 43.388824462890625, 'mean': 40.02450796274039, 'count': 52, 'sum': 2081.2744140625, 'median': 39.76428985595703}","(77.69853344900008, 17.210650905000023, 77.85683392500005, 17.378989310000065)",01-05-2023.geojson,Dharoor,,,,,
Nizamabad,TSSD0122,181.87,"{'min': 35.31624984741211, 'max': 40.69111251831055, 'mean': 37.967359893176024, 'count': 49, 'sum': 1860.400634765625, 'median': 38.047645568847656}","(78.27142695800006, 18.455096901000047, 78.41235874700004, 18.675940208000043)",01-05-2023.geojson,Dharpally,,,,,
Nizamabad,TSSD0123,165.76,"{'min': 35.85200119018555, 'max': 40.801998138427734, 'mean': 38.83225911458333, 'count': 45, 'sum': 1747.45166015625, 'median': 39.00777816772461}","(78.13708897600003, 18.552299339000058, 78.33103872900006, 18.67400565300005)",01-05-2023.geojson,Dichpally,,,,,
Nirmal,TSSD0124,155.33,"{'min': 29.610000610351562, 'max': 44.74222183227539, 'mean': 37.89109497070312, 'count': 40, 'sum': 1515.643798828125, 'median': 38.993682861328125}","(78.18162478500005, 18.979193036000026, 78.31903817300008, 19.15181674400003)",01-05-2023.geojson,Dilawarpur,,,,,
Vikarabad,TSSD0125,169.11,"{'min': 36.304443359375, 'max': 39.43941116333008, 'mean': 37.75337357954545, 'count': 44, 'sum': 1661.1484375, 'median': 37.65940856933594}","(77.75350961300006, 16.993685688000028, 77.91797159400005, 17.151011999000048)",01-05-2023.geojson,Doma,,,,,
Mahabubabad,TSSD0126,157.58,"{'min': 36.76124954223633, 'max': 39.73749923706055, 'mean': 38.355182926829265, 'count': 41, 'sum': 1572.5625, 'median': 38.38600158691406}","(80.00919088400008, 17.34578428800006, 80.17130219700005, 17.498026924000044)",01-05-2023.geojson,Dornakal,,,,,
Vikarabad,TSSD0127,206.9,"{'min': 38.38764572143555, 'max': 44.391178131103516, 'mean': 40.80046198918269, 'count': 52, 'sum': 2121.6240234375, 'median': 40.5174446105957}","(77.47254906600006, 16.90300025500005, 77.65396255100006, 17.070101057000045)",01-05-2023.geojson,Doulthabad,,,,,
Siddipet,TSSD0128,239.89,"{'min': 36.54111099243164, 'max': 39.534210205078125, 'mean': 38.18951125372024, 'count': 63, 'sum': 2405.939208984375, 'median': 38.168888092041016}","(78.54681796600005, 18.097298073000047, 78.75700455300006, 18.255668025000034)",01-05-2023.geojson,Dubbak,,,,,
Warangal_Rural,TSSD0129,117.69,"{'min': 37.19823455810547, 'max': 40.682308197021484, 'mean': 38.87650815902218, 'count': 31, 'sum': 1205.1717529296875, 'median': 38.908748626708984}","(79.74503783800003, 17.911539967000067, 79.86925509200006, 18.07929052000003)",01-05-2023.geojson,Duggondi,,,,,
Bhadradri Kothagudem,TSSD0130,322.15,"{'min': 33.97533416748047, 'max': 41.276668548583984, 'mean': 38.591219515413854, 'count': 74, 'sum': 2855.750244140625, 'median': 38.75054168701172}","(80.86195260000005, 17.696811285000024, 81.09376572500008, 17.952898013000038)",01-05-2023.geojson,Dummugudem,,,,,
Medchal_Malkajgiri,TSSD0131,81.34,"{'min': 34.32157897949219, 'max': 36.29315948486328, 'mean': 35.650430297851564, 'count': 20, 'sum': 713.0086059570312, 'median': 35.86408233642578}","(78.36001430200008, 17.525573036000026, 78.50711033000005, 17.638921073000063)",01-05-2023.geojson,Dundigal Gandimaisamma,,,,,
Peddapalli,TSSD0132,76.87,"{'min': 37.68333435058594, 'max': 39.94571304321289, 'mean': 39.02860329367898, 'count': 22, 'sum': 858.6292724609375, 'median': 39.11176300048828}","(79.21615438200007, 18.50700951700003, 79.32467419700004, 18.611289084000077)",01-05-2023.geojson,Eligaid,,,,,
Warangal_Urban,TSSD0133,130.61,"{'min': 37.026248931884766, 'max': 40.744667053222656, 'mean': 39.18493009868421, 'count': 38, 'sum': 1489.02734375, 'median': 39.209999084472656}","(79.37430346400004, 18.03182084900004, 79.56117484200007, 18.167621027000052)",01-05-2023.geojson,Elkathurthi,,,,,
Karimnagar,TSSD0134,97.13,"{'min': 38.17399978637695, 'max': 41.271331787109375, 'mean': 39.7977060171274, 'count': 26, 'sum': 1034.7403564453125, 'median': 39.84014129638672}","(79.48944079000006, 18.22671351400004, 79.58025617800007, 18.37787529900004)",01-05-2023.geojson,Ellandakunta,,,,,
Khammam,TSSD0135,189.89,"{'min': 34.57857131958008, 'max': 41.80400085449219, 'mean': 38.22735715379902, 'count': 51, 'sum': 1949.59521484375, 'median': 38.57307815551758}","(80.32325062100006, 17.259354917000053, 80.50833243100004, 17.441441247000057)",01-05-2023.geojson,Enkoor,,,,,
Mulugu,TSSD0136,343.37,"{'min': 36.34882354736328, 'max': 42.587646484375, 'mean': 38.04417883831522, 'count': 92, 'sum': 3500.064453125, 'median': 37.82936096191406}","(80.26936561700006, 18.23370998300004, 80.49039395700004, 18.462636728000064)",01-05-2023.geojson,Eturnagaram,,,,,
Rangareddy,TSSD0137,278.36,"{'min': 36.82500076293945, 'max': 40.352500915527344, 'mean': 38.64003255208333, 'count': 75, 'sum': 2898.00244140625, 'median': 38.74866485595703}","(78.06823301000003, 16.93980447000007, 78.31577077500003, 17.115180701000043)",01-05-2023.geojson,Farooqnagar,,,,,
Adilabad,TSSD0138,227.73,"{'min': 40.523685455322266, 'max': 44.33095169067383, 'mean': 42.801597720286885, 'count': 61, 'sum': 2610.8974609375, 'median': 42.97105407714844}","(78.77129668200007, 19.52875835800006, 78.97180690400006, 19.672134552000045)",01-05-2023.geojson,Gadiguda,,,,,
Jogulamba Gadwal,TSSD0139,264.89,"{'min': 35.776248931884766, 'max': 45.248748779296875, 'mean': 39.70274135044643, 'count': 70, 'sum': 2779.19189453125, 'median': 39.553123474121094}","(77.72121964000007, 16.085291977000054, 77.93275208300008, 16.318733621000035)",01-05-2023.geojson,Gadwal,,,,,
Siddipet,TSSD0140,212.47,"{'min': 36.29947280883789, 'max': 42.6875, 'mean': 39.10737492487981, 'count': 52, 'sum': 2033.58349609375, 'median': 39.0816650390625}","(78.58303917400008, 17.794325789000027, 78.78577283400006, 17.975258496000038)",01-05-2023.geojson,Gajwel,,,,,
Rajanna Sircilla,TSSD0141,156.05,"{'min': 33.8125, 'max': 38.66714096069336, 'mean': 36.597001238567074, 'count': 41, 'sum': 1500.47705078125, 'median': 36.83124923706055}","(78.52078465300008, 18.22335373800007, 78.64656692100004, 18.42659197100005)",01-05-2023.geojson,Gambhiraopet,,,,,
Mahabubnagar,TSSD0142,228.82,"{'min': 34.13470458984375, 'max': 40.98374938964844, 'mean': 37.83819289434524, 'count': 63, 'sum': 2383.80615234375, 'median': 37.8447380065918}","(77.73779362900007, 16.845154139000044, 77.95386938900003, 16.999075455000025)",01-05-2023.geojson,Gandeed,,,,,
Kamareddy,TSSD0143,333.76,"{'min': 36.17380905151367, 'max': 44.59749984741211, 'mean': 40.2470843435704, 'count': 87, 'sum': 3501.496337890625, 'median': 40.09222412109375}","(77.92036537400008, 18.313249016000043, 78.18359844500003, 18.50402559500003)",01-05-2023.geojson,Gandhari,,,,,
Rangareddy,TSSD0144,104.67,"{'min': 30.018888473510742, 'max': 37.095001220703125, 'mean': 35.00977971003606, 'count': 26, 'sum': 910.2542724609375, 'median': 35.85813903808594}","(78.22812814200006, 17.32859737600006, 78.42011614800003, 17.43391934600004)",01-05-2023.geojson,Gandipet,,,,,
Karimnagar,TSSD0145,160.18,"{'min': 37.51117706298828, 'max': 40.95777893066406, 'mean': 39.16990443638393, 'count': 42, 'sum': 1645.135986328125, 'median': 39.243682861328125}","(78.94956144100007, 18.417228382000076, 79.08057825900005, 18.682963267000048)",01-05-2023.geojson,Gangadhara,,,,,
Mahabubabad,TSSD0146,388.97,"{'min': 31.162940979003906, 'max': 37.627498626708984, 'mean': 34.32509906475361, 'count': 104, 'sum': 3569.810302734375, 'median': 34.22349166870117}","(80.09945621800006, 17.703358498000057, 80.32312548900006, 18.023583650000035)",01-05-2023.geojson,Gangaram,,,,,
Karimnagar,TSSD0147,128.88,"{'min': 30.545000076293945, 'max': 40.53888702392578, 'mean': 36.90408232717803, 'count': 33, 'sum': 1217.834716796875, 'median': 37.94789505004883}","(79.00593677600006, 18.285893647000023, 79.15761711400006, 18.42386993300005)",01-05-2023.geojson,Ganneruvaram,,,,,
Suryapet,TSSD0148,196.75,"{'min': 37.43714141845703, 'max': 41.68600082397461, 'mean': 40.46628981370192, 'count': 52, 'sum': 2104.2470703125, 'median': 40.6542854309082}","(79.69899423300006, 16.791794304000064, 79.84726513600003, 16.996734263000064)",01-05-2023.geojson,Garidepalli,,,,,
Mahabubabad,TSSD0149,134.15,"{'min': 37.307498931884766, 'max': 43.00166702270508, 'mean': 39.69160853794643, 'count': 35, 'sum': 1389.206298828125, 'median': 39.63399887084961}","(80.09119141800005, 17.438011174000053, 80.22850494600004, 17.593396365000046)",01-05-2023.geojson,Garla,,,,,
Warangal_Rural,TSSD0150,134.93,"{'min': 37.41400146484375, 'max': 40.96846008300781, 'mean': 39.04343959263393, 'count': 35, 'sum': 1366.5203857421875, 'median': 38.854286193847656}","(79.61786745500007, 17.897533089000035, 79.78756875100004, 18.025592932000052)",01-05-2023.geojson,Geesugonda,,,,,
Jayashankar Bhupalpally,TSSD0151,135.95,"{'min': 33.175262451171875, 'max': 40.79142761230469, 'mean': 37.856762035472975, 'count': 37, 'sum': 1400.7001953125, 'median': 38.067779541015625}","(79.80756877900006, 18.262592781000023, 79.95276371100005, 18.417946673000074)",01-05-2023.geojson,Ghanapur_Mulug,,,,,
Wanaparthy,TSSD0152,155.07,"{'min': 35.5260009765625, 'max': 40.355712890625, 'mean': 37.28025416324013, 'count': 38, 'sum': 1416.649658203125, 'median': 37.080665588378906}","(77.98310490100005, 16.47901398600004, 78.12571646600009, 16.626992442000073)",01-05-2023.geojson,Ghanpur,,,,,
Jangoan,TSSD0153,172.06,"{'min': 34.80058670043945, 'max': 40.10200119018555, 'mean': 38.28827853732639, 'count': 45, 'sum': 1722.9725341796875, 'median': 38.54875183105469}","(79.23152818800008, 17.720237033000046, 79.42362870100004, 17.892366453000022)",01-05-2023.geojson,Ghanpur (Stn),,,,,
Medchal_Malkajgiri,TSSD0154,123.94,"{'min': 33.65420913696289, 'max': 36.86058807373047, 'mean': 35.480043472782256, 'count': 31, 'sum': 1099.88134765625, 'median': 35.49777603149414}","(78.61964476900005, 17.377866780000033, 78.75985781500003, 17.488422350000064)",01-05-2023.geojson,Ghatkesar,,,,,
Jogulamba Gadwal,TSSD0155,267.38,"{'min': 34.67250061035156, 'max': 42.21500015258789, 'mean': 39.16681338028169, 'count': 71, 'sum': 2780.84375, 'median': 39.13111114501953}","(77.49353266000008, 15.976683508000065, 77.64425295800004, 16.21363012000006)",01-05-2023.geojson,Ghattu,,,,,
Hyderabad,TSSD0156,9.86,"{'min': 35.93470764160156, 'max': 36.79666519165039, 'mean': 36.365684509277344, 'count': 2, 'sum': 72.73136901855469, 'median': 36.365684509277344}","(78.38383245800003, 17.369513270000027, 78.43137261900006, 17.39634099500006)",01-05-2023.geojson,Golkonda,,,,,
Jagtial,TSSD0157,151.75,"{'min': 35.45333480834961, 'max': 40.62874984741211, 'mean': 38.932960146949405, 'count': 42, 'sum': 1635.184326171875, 'median': 38.8922233581543}","(78.95794203800006, 18.74532743900005, 79.15334781300004, 18.85190287000006)",01-05-2023.geojson,Gollapalli,,,,,
Wanaparthy,TSSD0158,125.4,"{'min': 36.69874954223633, 'max': 39.97800064086914, 'mean': 38.06992885044643, 'count': 35, 'sum': 1332.447509765625, 'median': 37.999332427978516}","(78.08591650400007, 16.328531611000074, 78.20166738400007, 16.47124508400003)",01-05-2023.geojson,Gopalpet,,,,,
Mulugu,TSSD0159,343.34,"{'min': 34.825294494628906, 'max': 38.70249938964844, 'mean': 36.685616629464285, 'count': 91, 'sum': 3338.39111328125, 'median': 36.671539306640625}","(79.99281799200008, 18.08316615600006, 80.26935217700003, 18.29768950400006)",01-05-2023.geojson,Govindaraopet,,,,,
Adilabad,TSSD0160,159.79,"{'min': 39.29100036621094, 'max': 45.83285903930664, 'mean': 43.33623798076923, 'count': 39, 'sum': 1690.11328125, 'median': 43.205787658691406}","(78.44054848400003, 19.441831296000146, 78.58019452000008, 19.607753279000065)",01-05-2023.geojson,Gudihathnur,,,,,
Mahabubabad,TSSD0161,312.8,"{'min': 33.4474983215332, 'max': 39.51374816894531, 'mean': 36.964677019817074, 'count': 82, 'sum': 3031.103515625, 'median': 37.605369567871094}","(79.87550272900006, 17.686846624000054, 80.15255229900004, 17.87590134000004)",01-05-2023.geojson,Gudur,,,,,
Sangareddy,TSSD0162,98.98,"{'min': 33.90299987792969, 'max': 39.447776794433594, 'mean': 36.35952392578125, 'count': 25, 'sum': 908.9880981445312, 'median': 36.48222351074219}","(78.31472103200008, 17.61424192000004, 78.44886573200006, 17.746359040000073)",01-05-2023.geojson,Gummadidala,,,,,
Bhadradri Kothagudem,TSSD0163,495.92,"{'min': 32.220001220703125, 'max': 38.42166519165039, 'mean': 35.63986298532197, 'count': 132, 'sum': 4704.4619140625, 'median': 35.80287170410156}","(80.25193695800004, 17.734911501000056, 80.47191641100005, 18.082237242000076)",01-05-2023.geojson,Gundala,,,,,
Yadadri Bhuvanagiri,TSSD0164,172.25,"{'min': 37.902000427246094, 'max': 40.116153717041016, 'mean': 38.94846690784801, 'count': 44, 'sum': 1713.7325439453125, 'median': 38.91437530517578}","(79.14910012700005, 17.45209845900007, 79.37870067300008, 17.62417806900004)",01-05-2023.geojson,Gundala,,,,,
Nalgonda,TSSD0165,263.41,"{'min': 34.778236389160156, 'max': 42.17714309692383, 'mean': 38.86328484030331, 'count': 68, 'sum': 2642.703369140625, 'median': 38.75941467285156}","(78.61528553800008, 16.514907610000023, 78.85800945400007, 16.715959889000032)",01-05-2023.geojson,Gundlapally,,,,,
Nalgonda,TSSD0166,309.8,"{'min': 36.85124969482422, 'max': 42.75133514404297, 'mean': 40.79244771817835, 'count': 82, 'sum': 3344.980712890625, 'median': 41.06071472167969}","(78.99484315300003, 16.723799824000025, 79.20953000900005, 16.93974487500003)",01-05-2023.geojson,Gurrampode,,,,,
Mancherial,TSSD0167,257.54,"{'min': 32.1077766418457, 'max': 43.04999923706055, 'mean': 39.64293038504464, 'count': 70, 'sum': 2775.005126953125, 'median': 39.852779388427734}","(79.26565732000006, 18.814436070000056, 79.42256325600005, 19.008309308000037)",01-05-2023.geojson,Hajipur,,,,,
Warangal_Urban,TSSD0168,45.74,"{'min': 35.91666793823242, 'max': 38.6775016784668, 'mean': 37.45594278971354, 'count': 12, 'sum': 449.4713134765625, 'median': 37.581748962402344}","(79.50733597600004, 17.982258095000077, 79.59918790600005, 18.051422419000062)",01-05-2023.geojson,Hanamkonda,,,,,
Mahabubnagar,TSSD0169,168.92,"{'min': 34.393333435058594, 'max': 39.459999084472656, 'mean': 37.75381192294034, 'count': 44, 'sum': 1661.167724609375, 'median': 37.708126068115234}","(77.76252807700007, 16.752192707000063, 77.98873493800005, 16.893183992000047)",01-05-2023.geojson,Hanwada,,,,,
Warangal_Urban,TSSD0170,161.17,"{'min': 35.73374938964844, 'max': 39.618751525878906, 'mean': 37.85764898255814, 'count': 43, 'sum': 1627.87890625, 'median': 37.92333221435547}","(79.43172067800003, 17.991968021000048, 79.62513964800007, 18.143584798000063)",01-05-2023.geojson,Hasanparthy,,,,,
Sangareddy,TSSD0171,204.77,"{'min': 34.858421325683594, 'max': 40.67333221435547, 'mean': 37.94256155831473, 'count': 56, 'sum': 2124.783447265625, 'median': 37.76158142089844}","(78.10555045300003, 17.63393108100007, 78.31945472700005, 17.83424511100003)",01-05-2023.geojson,Hathnoora,,,,,
Medak,TSSD0172,187.01,"{'min': 33.89666748046875, 'max': 38.66666793823242, 'mean': 36.76700692806604, 'count': 53, 'sum': 1948.6513671875, 'median': 36.940589904785156}","(78.15651423700007, 18.05332005300005, 78.35309415700004, 18.215476757000033)",01-05-2023.geojson,Havelighanpur,,,,,
Rangareddy,TSSD0173,30.54,"{'min': 35.87210464477539, 'max': 37.39470672607422, 'mean': 36.66045464409722, 'count': 9, 'sum': 329.944091796875, 'median': 36.571109771728516}","(78.52755004100004, 17.306583933000013, 78.61900574700013, 17.348163568000075)",01-05-2023.geojson,Hayathnagar,,,,,
Hyderabad,TSSD0174,6.58,"{'min': 35.10555648803711, 'max': 35.93888854980469, 'mean': 35.52222442626953, 'count': 2, 'sum': 71.04444885253906, 'median': 35.52222442626953}","(78.47360807500007, 17.38688961500003, 78.50484873500005, 17.421948936000035)",01-05-2023.geojson,Himayatnagar,,,,,
Siddipet,TSSD0175,117.52,"{'min': 35.528751373291016, 'max': 41.119998931884766, 'mean': 38.229019657258064, 'count': 31, 'sum': 1185.099609375, 'median': 38.276668548583984}","(79.13916242100004, 18.08470961100005, 79.30335584600004, 18.180728988000055)",01-05-2023.geojson,Husnabad,,,,,
Suryapet,TSSD0176,126.8,"{'min': 38.361427307128906, 'max': 41.660667419433594, 'mean': 39.59272534919508, 'count': 33, 'sum': 1306.5599365234375, 'median': 39.551429748535156}","(79.76496890800007, 16.81112220400007, 79.93455343000005, 16.95645507200004)",01-05-2023.geojson,Huzur nagar,,,,,
Karimnagar,TSSD0177,138.33,"{'min': 38.066001892089844, 'max': 40.41374969482422, 'mean': 39.38019476996528, 'count': 36, 'sum': 1417.68701171875, 'median': 39.48249816894531}","(79.33974401500006, 18.149110196000038, 79.48471113900007, 18.285271040000055)",01-05-2023.geojson,Huzurabad,,,,,
Jagtial,TSSD0178,142.28,"{'min': 38.198570251464844, 'max': 42.00411605834961, 'mean': 40.48935019003378, 'count': 37, 'sum': 1498.10595703125, 'median': 40.49777603149414}","(78.51963186500006, 18.84352731300004, 78.64824793900004, 19.00011807900006)",01-05-2023.geojson,Ibrahimpatnam,,,,,
Rangareddy,TSSD0179,274.25,"{'min': 33.23421096801758, 'max': 39.502498626708984, 'mean': 37.36070760091146, 'count': 72, 'sum': 2689.970947265625, 'median': 37.43389129638672}","(78.51594250300008, 17.11693136100007, 78.81737317200003, 17.26846339900004)",01-05-2023.geojson,Ibrahimpatnam,,,,,
Adilabad,TSSD0180,211.85,"{'min': 38.79210662841797, 'max': 46.90473556518555, 'mean': 44.402701241629465, 'count': 56, 'sum': 2486.55126953125, 'median': 44.87189483642578}","(78.40972741900003, 19.27144580600003, 78.59073863400005, 19.476086989000066)",01-05-2023.geojson,Ichoda,,,,,
Rajanna Sircilla,TSSD0181,222.52,"{'min': 32.43737030029297, 'max': 42.92882537841797, 'mean': 39.373278387661635, 'count': 58, 'sum': 2283.650146484375, 'median': 39.70804214477539}","(78.82265059000008, 18.234493222000026, 79.02266919100003, 18.400162883000064)",01-05-2023.geojson,Illanthakunta,,,,,
Warangal_Urban,TSSD0182,154.53,"{'min': 38.54999923706055, 'max': 41.766666412353516, 'mean': 40.14612755408654, 'count': 39, 'sum': 1565.698974609375, 'median': 40.113075256347656}","(79.48651884400005, 17.786163054000042, 79.62215459200007, 17.94046736200005)",01-05-2023.geojson,Inavolu,,,,,
Nizamabad,TSSD0183,187.42,"{'min': 35.1652946472168, 'max': 40.84263229370117, 'mean': 37.88508699378189, 'count': 49, 'sum': 1856.3692626953125, 'median': 38.00777816772461}","(78.16214130800006, 18.452259628000036, 78.35381027700004, 18.595203980000065)",01-05-2023.geojson,Indalwai,,,,,
Adilabad,TSSD0184,209.33,"{'min': 39.236000061035156, 'max': 45.935264587402344, 'mean': 43.43022551359954, 'count': 54, 'sum': 2345.232177734375, 'median': 43.47694396972656}","(78.56653272500006, 19.379057926000144, 78.76792306800007, 19.567601660000037)",01-05-2023.geojson,Inderavelly,,,,,
Jogulamba Gadwal,TSSD0185,302.11,"{'min': 36.778751373291016, 'max': 45.81624984741211, 'mean': 42.78456780849359, 'count': 78, 'sum': 3337.1962890625, 'median': 43.36687469482422}","(77.74751634700004, 15.980643073000067, 77.98393237000005, 16.184409668000058)",01-05-2023.geojson,Itikyal,,,,,
Mahabubnagar,TSSD0186,294.27,"{'min': 35.84749984741211, 'max': 42.23533248901367, 'mean': 40.40687825520833, 'count': 75, 'sum': 3030.515869140625, 'median': 40.55799865722656}","(78.04502359400004, 16.680028693000054, 78.33050907800003, 16.87941384800007)",01-05-2023.geojson,Jadcherla,,,,,
Siddipet,TSSD0187,180.4,"{'min': 35.678890228271484, 'max': 41.066471099853516, 'mean': 38.69398218271684, 'count': 49, 'sum': 1896.005126953125, 'median': 38.55875015258789}","(78.75126357400006, 17.708628498000053, 78.87944648100006, 17.882764563000023)",01-05-2023.geojson,Jagdevpur,,,,,
Jagtial,TSSD0188,167.3,"{'min': 36.77000045776367, 'max': 40.150001525878906, 'mean': 38.76548350941051, 'count': 44, 'sum': 1705.6812744140625, 'median': 38.80400085449219}","(78.83197213700004, 18.733277460000068, 79.02319924200003, 18.91632891000006)",01-05-2023.geojson,Jagityal_Rural,,,,,
Jagtial,TSSD0189,42.64,"{'min': 37.81111145019531, 'max': 39.792354583740234, 'mean': 38.68090565999349, 'count': 12, 'sum': 464.1708679199219, 'median': 38.72666931152344}","(78.86249569300008, 18.75130130900004, 78.95751334400006, 18.846050929000057)",01-05-2023.geojson,Jagtial,,,,,
Adilabad,TSSD0190,292.5,"{'min': 39.572105407714844, 'max': 48.034210205078125, 'mean': 45.96572760087025, 'count': 79, 'sum': 3631.29248046875, 'median': 46.305789947509766}","(78.48221105400006, 19.607848390000072, 78.72451328000005, 19.824464031000048)",01-05-2023.geojson,Jainad,,,,,
Kumurambheem Asifabad,TSSD0191,218.89,"{'min': 40.39272689819336, 'max': 44.73272705078125, 'mean': 42.7012728987069, 'count': 58, 'sum': 2476.673828125, 'median': 42.82099914550781}","(78.81724445500004, 19.330609164000066, 79.02370996100007, 19.493592587000023)",01-05-2023.geojson,Jainoor,,,,,
Mancherial,TSSD0192,276.43,"{'min': 35.05095291137695, 'max': 41.46333312988281, 'mean': 38.984869879645274, 'count': 74, 'sum': 2884.88037109375, 'median': 39.2991828918457}","(79.49531298200003, 18.672040560000028, 79.72117428100006, 18.918660784000053)",01-05-2023.geojson,Jaipur,,,,,
Suryapet,TSSD0193,133.29,"{'min': 36.52764892578125, 'max': 39.98538589477539, 'mean': 37.98226651278409, 'count': 33, 'sum': 1253.414794921875, 'median': 37.849998474121094}","(79.46290112300005, 17.258733534000044, 79.63232247300004, 17.380224128000066)",01-05-2023.geojson,Jajireddigudem,,,,,
Nizamabad,TSSD0194,148.29,"{'min': 36.2859992980957, 'max': 40.89235305786133, 'mean': 38.928773537660255, 'count': 39, 'sum': 1518.22216796875, 'median': 39.466251373291016}","(78.20206317300006, 18.65066335100005, 78.36254571500007, 18.77647975900004)",01-05-2023.geojson,Jakranpally,,,,,
Karimnagar,TSSD0195,134.59,"{'min': 37.98500061035156, 'max': 42.18571472167969, 'mean': 39.973880652225375, 'count': 33, 'sum': 1319.1380615234375, 'median': 39.939998626708984}","(79.40829887400008, 18.227515953000022, 79.57987678900008, 18.423882431000038)",01-05-2023.geojson,Jammikunta,,,,,
Jangoan,TSSD0196,196.46,"{'min': 35.41222381591797, 'max': 38.99117660522461, 'mean': 37.331969105113636, 'count': 55, 'sum': 2053.25830078125, 'median': 37.431053161621094}","(79.04601963500005, 17.668628100000035, 79.21037403500003, 17.842303224000034)",01-05-2023.geojson,Jangoan,,,,,
Mancherial,TSSD0197,325.26,"{'min': 36.11777877807617, 'max': 43.00199890136719, 'mean': 40.217130814475574, 'count': 87, 'sum': 3498.890380859375, 'median': 40.448001861572266}","(78.87934684700008, 19.019900233000044, 79.14171378500004, 19.252420733000065)",01-05-2023.geojson,Jannaram,,,,,
Sangareddy,TSSD0198,201.74,"{'min': 39.25761795043945, 'max': 45.997501373291016, 'mean': 42.540694625289355, 'count': 54, 'sum': 2297.197509765625, 'median': 42.68149948120117}","(77.61983002400007, 17.658920608000074, 77.80166598000005, 17.830565180000065)",01-05-2023.geojson,Jharasangam,,,,,
Kamareddy,TSSD0199,202.26,"{'min': 36.49250030517578, 'max': 44.77000045776367, 'mean': 42.29797602634804, 'count': 51, 'sum': 2157.19677734375, 'median': 42.93333435058594}","(77.52089201100006, 18.28200709200007, 77.71327737400003, 18.44419848700005)",01-05-2023.geojson,Jukkal,,,,,
Peddapalli,TSSD0200,99.87,"{'min': 37.255001068115234, 'max': 39.58333206176758, 'mean': 38.6081396484375, 'count': 25, 'sum': 965.2034912109375, 'median': 38.57777786254883}","(79.18432516400003, 18.56760788400004, 79.32424630400004, 18.684515247000036)",01-05-2023.geojson,Julapalli,,,,,
Bhadradri Kothagudem,TSSD0201,238.74,"{'min': 33.2599983215332, 'max': 42.1453857421875, 'mean': 38.496337890625, 'count': 63, 'sum': 2425.269287109375, 'median': 38.650001525878906}","(80.39497889400008, 17.31732979800006, 80.57083109400008, 17.508103492000032)",01-05-2023.geojson,Julurupad,,,,,
Nirmal,TSSD0202,468.09,"{'min': 35.05545425415039, 'max': 43.45380783081055, 'mean': 39.1011640625, 'count': 125, 'sum': 4887.6455078125, 'median': 39.21476364135742}","(78.69038218300005, 19.013677769000026, 78.95237500500008, 19.29677890000005)",01-05-2023.geojson,Kaddampeddur,,,,,
Rangareddy,TSSD0203,206.42,"{'min': 34.78293991088867, 'max': 39.16733169555664, 'mean': 37.032741970486114, 'count': 54, 'sum': 1999.76806640625, 'median': 37.2213249206543}","(78.39963638200004, 16.889455397000063, 78.66726844000004, 17.01510399700004)",01-05-2023.geojson,Kadthal,,,,,
Kumurambheem Asifabad,TSSD0204,442.33,"{'min': 36.79888916015625, 'max': 45.53526306152344, 'mean': 40.64535627693966, 'count': 116, 'sum': 4714.861328125, 'median': 40.14111328125}","(79.37624127800007, 19.26380363800007, 79.74691375500004, 19.538272434000078)",01-05-2023.geojson,Kagaznagar,,,,,
Sangareddy,TSSD0205,148.77,"{'min': 31.65315818786621, 'max': 39.999332427978516, 'mean': 36.364304001266895, 'count': 37, 'sum': 1345.479248046875, 'median': 36.57105255126953}","(77.76680836100007, 18.084424897000076, 77.94552432200004, 18.20773521800004)",01-05-2023.geojson,Kalher,,,,,
Khammam,TSSD0206,369.38,"{'min': 31.30714225769043, 'max': 39.80666732788086, 'mean': 36.38929161658654, 'count': 91, 'sum': 3311.425537109375, 'median': 37.436153411865234}","(80.41727157700007, 17.030005989000074, 80.66704650100007, 17.34559519800007)",01-05-2023.geojson,Kalluru,,,,,
Jogulamba Gadwal,TSSD0207,176.12,"{'min': 37.016666412353516, 'max': 39.677059173583984, 'mean': 38.506572808159724, 'count': 45, 'sum': 1732.7957763671875, 'median': 38.52555465698242}","(77.48561464400007, 16.116851987000075, 77.61961696400004, 16.303990486000032)",01-05-2023.geojson,Kaloor_Thimmandoddi,,,,,
Nagarkurnool,TSSD0208,291.99,"{'min': 35.92473602294922, 'max': 40.45399856567383, 'mean': 37.84969289679276, 'count': 76, 'sum': 2876.57666015625, 'median': 37.81208038330078}","(78.36374511900004, 16.483303271000068, 78.58638191300008, 16.728683611000065)",01-05-2023.geojson,Kalwakurthy,,,,,
Warangal_Urban,TSSD0209,158.52,"{'min': 35.839332580566406, 'max': 40.922306060791016, 'mean': 38.840948195684526, 'count': 42, 'sum': 1631.31982421875, 'median': 38.80866622924805}","(79.45670027600005, 18.120212555000023, 79.60823806600007, 18.266255774000058)",01-05-2023.geojson,Kamalapur,,,,,
Peddapalli,TSSD0210,60.42,"{'min': 38.73470687866211, 'max': 41.18733215332031, 'mean': 39.99611002604167, 'count': 15, 'sum': 599.941650390625, 'median': 40.19353103637695}","(79.44875966900008, 18.60172770400004, 79.55246524200004, 18.72207649300003)",01-05-2023.geojson,Kamanpur,,,,,
Kamareddy,TSSD0211,128.44,"{'min': 34.0011100769043, 'max': 41.40999984741211, 'mean': 37.209695255055145, 'count': 34, 'sum': 1265.129638671875, 'median': 36.909942626953125}","(78.28734170500007, 18.25636160700003, 78.42834563700006, 18.390731163000055)",01-05-2023.geojson,Kamareddy,,,,,
Khammam,TSSD0212,181.36,"{'min': 35.30428695678711, 'max': 42.595001220703125, 'mean': 39.03919702646684, 'count': 49, 'sum': 1912.920654296875, 'median': 38.665714263916016}","(80.15945686500004, 17.360238606000053, 80.35567105000007, 17.479176385000073)",01-05-2023.geojson,Kamepally,,,,,
Nalgonda,TSSD0213,224.78,"{'min': 37.97285842895508, 'max': 43.20571517944336, 'mean': 40.98711622807018, 'count': 57, 'sum': 2336.265625, 'median': 41.22999954223633}","(79.08479661000007, 16.864916728000026, 79.34770917300006, 17.030184575000078)",01-05-2023.geojson,Kanagal,,,,,
Sangareddy,TSSD0214,133.14,"{'min': 35.47999954223633, 'max': 41.470001220703125, 'mean': 37.83196343315972, 'count': 36, 'sum': 1361.95068359375, 'median': 37.52050018310547}","(78.05577804100005, 17.483520140000053, 78.23367294200006, 17.655179960000055)",01-05-2023.geojson,Kandi,,,,,
Rangareddy,TSSD0215,307.2,"{'min': 35.26052474975586, 'max': 40.33124923706055, 'mean': 37.25836258900316, 'count': 79, 'sum': 2943.41064453125, 'median': 37.20375061035156}","(78.37786338200004, 16.983478904000037, 78.61378330000008, 17.178800228000057)",01-05-2023.geojson,Kandukur,,,,,
Sangareddy,TSSD0216,229.57,"{'min': 38.21083450317383, 'max': 44.66130447387695, 'mean': 42.23371292372882, 'count': 59, 'sum': 2491.7890625, 'median': 42.427391052246094}","(77.57077416300007, 18.120266103000063, 77.74494665400005, 18.30851545200005)",01-05-2023.geojson,Kangti,,,,,
Mulugu,TSSD0217,375.33,"{'min': 35.119998931884766, 'max': 40.9900016784668, 'mean': 37.509971469056374, 'count': 102, 'sum': 3826.01708984375, 'median': 37.433929443359375}","(80.21744759700005, 18.35017838500005, 80.43136112100007, 18.610090848000027)",01-05-2023.geojson,Kannaigudem,,,,,
Mancherial,TSSD0218,169.42,"{'min': 38.410953521728516, 'max': 43.558998107910156, 'mean': 41.167106296705164, 'count': 46, 'sum': 1893.6868896484375, 'median': 41.258811950683594}","(79.54341301, 19.086726224000074, 79.80515899400007, 19.21311288000004)",01-05-2023.geojson,Kannepalli,,,,,
Medchal_Malkajgiri,TSSD0219,37.4,"{'min': 35.44293975830078, 'max': 37.5029411315918, 'mean': 36.76827725497159, 'count': 11, 'sum': 404.4510498046875, 'median': 37.17444610595703}","(78.53993706400007, 17.44957181700005, 78.62275029699998, 17.55306448500005)",01-05-2023.geojson,Kapra,,,,,
Bhadradri Kothagudem,TSSD0220,222.05,"{'min': 32.792354583740234, 'max': 38.84857177734375, 'mean': 36.55648908943966, 'count': 58, 'sum': 2120.2763671875, 'median': 37.00580596923828}","(80.43846561000004, 17.91182510400006, 80.64919648500006, 18.143483696000033)",01-05-2023.geojson,Karakagudem,,,,,
Karimnagar,TSSD0221,34.8,"{'min': 32.429046630859375, 'max': 39.965293884277344, 'mean': 36.578060150146484, 'count': 8, 'sum': 292.6244812011719, 'median': 36.7825927734375}","(79.07978481800006, 18.39706940700006, 79.15386183100003, 18.460363398000027)",01-05-2023.geojson,Karimnagar,,,,,
Karimnagar,TSSD0222,108.97,"{'min': 38.35588073730469, 'max': 41.17499923706055, 'mean': 39.56583949497768, 'count': 28, 'sum': 1107.843505859375, 'median': 39.66827392578125}","(79.11435933800004, 18.420124626000074, 79.23690609300007, 18.537991315000056)",01-05-2023.geojson,Karimnagar_Rural,,,,,
Mancherial,TSSD0223,335.72,"{'min': 35.10789489746094, 'max': 43.59555435180664, 'mean': 39.17449001736111, 'count': 90, 'sum': 3525.7041015625, 'median': 38.840553283691406}","(79.21160353400006, 18.98447436300006, 79.48608882700012, 19.158965162000072)",01-05-2023.geojson,Kasipet,,,,,
Jayashankar Bhupalpally,TSSD0224,274.84,"{'min': 33.96894836425781, 'max': 43.04666519165039, 'mean': 40.28667460402397, 'count': 73, 'sum': 2940.92724609375, 'median': 40.43000030517578}","(79.81231549100005, 18.510496689000036, 80.03347280200006, 18.756648708000057)",01-05-2023.geojson,Kataram,,,,,
Jagtial,TSSD0225,181.36,"{'min': 34.23105239868164, 'max': 41.91526412963867, 'mean': 38.211031000664896, 'count': 47, 'sum': 1795.91845703125, 'median': 38.43571472167969}","(78.63177820100003, 18.63224633300007, 78.76086174700004, 18.789508428000033)",01-05-2023.geojson,Kathlapur,,,,,
Nalgonda,TSSD0226,192.46,"{'min': 39.473751068115234, 'max': 43.352664947509766, 'mean': 41.47191884566327, 'count': 49, 'sum': 2032.1240234375, 'median': 41.50199890136719}","(79.24206770600006, 17.11172541600007, 79.38446925700003, 17.291596570000024)",01-05-2023.geojson,Kattangur,,,,,
Medchal_Malkajgiri,TSSD0227,134.6,"{'min': 34.16999816894531, 'max': 37.42293930053711, 'mean': 35.96813286675347, 'count': 36, 'sum': 1294.852783203125, 'median': 36.05210494995117}","(78.58185183200004, 17.451533257000108, 78.71265088600006, 17.579974081000103)",01-05-2023.geojson,Keesara,,,,,
Kumurambheem Asifabad,TSSD0228,347.89,"{'min': 36.491817474365234, 'max': 43.98619079589844, 'mean': 40.898864075377745, 'count': 91, 'sum': 3721.796630859375, 'median': 41.05190658569336}","(78.93889619900006, 19.359033433000036, 79.22333654800008, 19.56146381700006)",01-05-2023.geojson,Kerameri,,,,,
Mahabubabad,TSSD0229,223.57,"{'min': 37.033748626708984, 'max': 39.595882415771484, 'mean': 38.37860642817982, 'count': 57, 'sum': 2187.58056640625, 'median': 38.4900016784668}","(79.76580500600005, 17.60004913100005, 80.002845149, 17.77047760000005)",01-05-2023.geojson,Kesamudram,,,,,
Rangareddy,TSSD0230,224.92,"{'min': 36.354705810546875, 'max': 41.36199951171875, 'mean': 38.871602376302086, 'count': 60, 'sum': 2332.296142578125, 'median': 38.83662414550781}","(78.24782720400003, 16.852182651000078, 78.41558469000006, 17.051382707000073)",01-05-2023.geojson,Keshampeta,,,,,
Nalgonda,TSSD0231,147.6,"{'min': 32.39799880981445, 'max': 44.1446647644043, 'mean': 41.07651930588942, 'count': 39, 'sum': 1601.9842529296875, 'median': 41.16857147216797}","(79.43344777400006, 17.072395302000075, 79.59338210900006, 17.250148180000053)",01-05-2023.geojson,Kethepally,,,,,
Warangal_Urban,TSSD0232,107.02,"{'min': 37.08466720581055, 'max': 40.43153762817383, 'mean': 38.926278573495374, 'count': 27, 'sum': 1051.009521484375, 'median': 38.89923095703125}","(79.43206155600006, 17.908547911000028, 79.58935561300007, 18.00993669500002)",01-05-2023.geojson,Khaazipet,,,,,
Hyderabad,TSSD0233,17.24,"{'min': 32.72294235229492, 'max': 36.70052719116211, 'mean': 35.1385498046875, 'count': 4, 'sum': 140.55419921875, 'median': 35.56536865234375}","(78.40497752100003, 17.40010627500004, 78.47749341400004, 17.45407132100007)",01-05-2023.geojson,Khairatabad,,,,,
Khammam,TSSD0234,193.74,"{'min': 37.239410400390625, 'max': 40.90999984741211, 'mean': 39.11216796875, 'count': 50, 'sum': 1955.6083984375, 'median': 39.21603012084961}","(80.01676642200005, 17.178663853000046, 80.16691561700003, 17.394157440000072)",01-05-2023.geojson,Khammam_Rural,,,,,
Khammam,TSSD0235,92.31,"{'min': 36.34749984741211, 'max': 38.15285873413086, 'mean': 37.275027067764945, 'count': 23, 'sum': 857.3256225585938, 'median': 37.27000045776367}","(80.12187342100003, 17.179281596000067, 80.21584618000009, 17.31547050200004)",01-05-2023.geojson,Khammam_Urban,,,,,
Nirmal,TSSD0236,237.88,"{'min': 36.92523956298828, 'max': 43.10578918457031, 'mean': 39.901954650878906, 'count': 64, 'sum': 2553.72509765625, 'median': 39.63904571533203}","(78.50897303500005, 18.978111671000022, 78.74854953300007, 19.202461990000074)",01-05-2023.geojson,Khanapur,,,,,
Warangal_Rural,TSSD0237,139.46,"{'min': 33.73143005371094, 'max': 39.01250076293945, 'mean': 36.67213270399306, 'count': 36, 'sum': 1320.19677734375, 'median': 36.70428466796875}","(79.88459942400004, 17.83523181700002, 80.00451405900003, 18.01960718500004)",01-05-2023.geojson,Khanapur,,,,,
Warangal_Urban,TSSD0238,81.36,"{'min': 38.415000915527344, 'max': 40.68000030517578, 'mean': 39.31710537997159, 'count': 22, 'sum': 864.976318359375, 'median': 39.21769332885742}","(79.55364750200005, 17.86915675800003, 79.65825854800005, 17.98640269400005)",01-05-2023.geojson,Khila Warangal,,,,,
Suryapet,TSSD0239,172.15,"{'min': 37.018001556396484, 'max': 40.81533432006836, 'mean': 39.068760463169646, 'count': 42, 'sum': 1640.887939453125, 'median': 39.0706672668457}","(79.91293512200008, 16.880339314000025, 80.06097163900006, 17.02691814700006)",01-05-2023.geojson,Kodad,,,,,
Nagarkurnool,TSSD0240,205.2,"{'min': 33.35874938964844, 'max': 40.674285888671875, 'mean': 38.25856300636574, 'count': 54, 'sum': 2065.96240234375, 'median': 38.21533203125}","(78.16474055700007, 16.14974309100006, 78.34461354300004, 16.333836054000074)",01-05-2023.geojson,Kodair,,,,,
Vikarabad,TSSD0241,249.51,"{'min': 36.374210357666016, 'max': 43.65777587890625, 'mean': 40.41446461397059, 'count': 68, 'sum': 2748.18359375, 'median': 40.3762092590332}","(77.46259225600005, 17.020933969000055, 77.71683994900008, 17.17841245900007)",01-05-2023.geojson,Kodangal,,,,,
Jagtial,TSSD0242,173.87,"{'min': 34.20368576049805, 'max': 39.3363151550293, 'mean': 37.16318630642361, 'count': 45, 'sum': 1672.3433837890625, 'median': 37.56888961791992}","(78.78718529200006, 18.563739734000023, 78.98850070800006, 18.686862396000038)",01-05-2023.geojson,Kodimial,,,,,
Siddipet,TSSD0243,206.41,"{'min': 33.86714172363281, 'max': 40.439998626708984, 'mean': 38.96814903846154, 'count': 52, 'sum': 2026.34375, 'median': 39.283775329589844}","(79.00475320700008, 18.075903099000072, 79.16300517000008, 18.272269959000027)",01-05-2023.geojson,Koheda,,,,,
Sangareddy,TSSD0244,227.62,"{'min': 36.86894607543945, 'max': 42.79210662841797, 'mean': 39.35702462923729, 'count': 59, 'sum': 2322.064453125, 'median': 39.32904815673828}","(77.59549222600003, 17.509127681000052, 77.78321894100003, 17.705224807000036)",01-05-2023.geojson,Kohir,,,,,
Mahabubnagar,TSSD0245,223.05,"{'min': 36.77000045776367, 'max': 41.627498626708984, 'mean': 39.132488382273706, 'count': 58, 'sum': 2269.684326171875, 'median': 38.978450775146484}","(77.67537161200005, 16.697912056000064, 77.90854289100008, 16.881360866000023)",01-05-2023.geojson,Koilkonda,,,,,
Nagarkurnool,TSSD0246,550.84,"{'min': 30.638750076293945, 'max': 40.29875183105469, 'mean': 34.99663011955492, 'count': 132, 'sum': 4619.55517578125, 'median': 35.351112365722656}","(78.21815549000007, 16.033659166000064, 78.66318925900003, 16.216795599000022)",01-05-2023.geojson,Kollapur,,,,,
Siddipet,TSSD0247,70.37,"{'min': 35.72111129760742, 'max': 38.81999969482422, 'mean': 37.68083360460069, 'count': 18, 'sum': 678.2550048828125, 'median': 37.84117889404297}","(78.82737597900007, 17.86888004900004, 78.93496047300005, 17.983517422000034)",01-05-2023.geojson,Komuravelli,,,,,
Rajanna Sircilla,TSSD0248,206.05,"{'min': 35.3650016784668, 'max': 43.4900016784668, 'mean': 38.21784125434028, 'count': 54, 'sum': 2063.763427734375, 'median': 38.165260314941406}","(78.59701726600008, 18.404112823000048, 78.81650433000004, 18.58795516200007)",01-05-2023.geojson,Konaraopet,,,,,
Nalgonda,TSSD0249,129.18,"{'min': 37.903751373291016, 'max': 42.62066650390625, 'mean': 40.56714607007576, 'count': 33, 'sum': 1338.7158203125, 'median': 40.6150016784668}","(78.91051620800005, 16.62638713000007, 79.06204241500006, 16.761790924000024)",01-05-2023.geojson,Kondamallapally,,,,,
Siddipet,TSSD0250,228.02,"{'min': 32.791053771972656, 'max': 38.759334564208984, 'mean': 36.78373142930328, 'count': 61, 'sum': 2243.8076171875, 'median': 36.96714401245117}","(78.73352452400007, 17.87685569000007, 78.96029991500006, 18.053425754000045)",01-05-2023.geojson,Kondapak,,,,,
Sangareddy,TSSD0251,151.36,"{'min': 33.79841995239258, 'max': 42.156314849853516, 'mean': 38.36329064002404, 'count': 39, 'sum': 1496.1683349609375, 'median': 38.4900016784668}","(77.93383054400005, 17.44954626200007, 78.07324348600008, 17.61087989500004)",01-05-2023.geojson,Kondapur,,,,,
Rangareddy,TSSD0252,130.56,"{'min': 37.31588363647461, 'max': 45.13666534423828, 'mean': 40.42752982474662, 'count': 37, 'sum': 1495.818603515625, 'median': 39.258750915527344}","(78.01091079200006, 16.999636834000057, 78.09773848800006, 17.187709674000075)",01-05-2023.geojson,Kondurg,,,,,
Khammam,TSSD0253,248.08,"{'min': 32.477691650390625, 'max': 39.8007698059082, 'mean': 37.98779296875, 'count': 66, 'sum': 2507.1943359375, 'median': 38.190711975097656}","(80.22907869200003, 17.128139428000054, 80.38924637100007, 17.358600223000053)",01-05-2023.geojson,Konijerla,,,,,
Jagtial,TSSD0254,137.05,"{'min': 38.8466682434082, 'max': 41.92894744873047, 'mean': 40.50862844366776, 'count': 38, 'sum': 1539.327880859375, 'median': 40.50105667114258}","(78.66979872300004, 18.779122311000037, 78.80776997400005, 18.901121141000033)",01-05-2023.geojson,Korutla,,,,,
Narayanpet,TSSD0255,202.41,"{'min': 37.56999969482422, 'max': 41.874000549316406, 'mean': 39.60677535445602, 'count': 54, 'sum': 2138.765869140625, 'median': 39.565460205078125}","(77.62150517800006, 16.868413100000055, 77.78388791600008, 17.061626292000028)",01-05-2023.geojson,Kosgi,,,,,
Nizamabad,TSSD0256,167.13,"{'min': 36.6014289855957, 'max': 42.05476379394531, 'mean': 39.96070526867378, 'count': 41, 'sum': 1638.388916015625, 'median': 39.99100112915039}","(77.73094932200007, 18.49717835900003, 77.85433638100005, 18.66689713100004)",01-05-2023.geojson,Kotagiri,,,,,
Vikarabad,TSSD0257,113.18,"{'min': 37.082000732421875, 'max': 42.54499816894531, 'mean': 40.23139805947581, 'count': 31, 'sum': 1247.17333984375, 'median': 40.37105178833008}","(77.66819483500007, 17.359928257000036, 77.85253462800006, 17.473344975000032)",01-05-2023.geojson,Kotepally,,,,,
Mahabubabad,TSSD0258,542.64,"{'min': 31.415000915527344, 'max': 38.45769119262695, 'mean': 35.218105884308514, 'count': 141, 'sum': 4965.7529296875, 'median': 35.276248931884766}","(79.98324728200004, 17.77379955500004, 80.22702134100007, 18.106543834000036)",01-05-2023.geojson,Kothaguda,,,,,
Bhadradri Kothagudem,TSSD0259,16.26,"{'min': 37.7400016784668, 'max': 39.63833236694336, 'mean': 38.70166778564453, 'count': 4, 'sum': 154.80667114257812, 'median': 38.71416473388672}","(80.60094010100005, 17.503240987000027, 80.65378575800008, 17.562464026000043)",01-05-2023.geojson,Kothagudem,,,,,
Wanaparthy,TSSD0260,171.68,"{'min': 36.98466491699219, 'max': 41.5260009765625, 'mean': 39.229141560006646, 'count': 47, 'sum': 1843.7696533203125, 'median': 39.144287109375}","(77.88176111000007, 16.234691046000023, 77.99240426200004, 16.448187482000037)",01-05-2023.geojson,Kothakota,,,,,
Karimnagar,TSSD0261,97.2,"{'min': 32.4109992980957, 'max': 40.099998474121094, 'mean': 38.40447998046875, 'count': 26, 'sum': 998.5164794921875, 'median': 39.025264739990234}","(78.98612238300007, 18.39948258100003, 79.12597429000004, 18.514396049000027)",01-05-2023.geojson,Kothapally,,,,,
Rangareddy,TSSD0262,105.51,"{'min': 37.598751068115234, 'max': 40.996665954589844, 'mean': 38.636800130208336, 'count': 30, 'sum': 1159.10400390625, 'median': 38.287498474121094}","(78.21019675400004, 17.04105323500005, 78.36970700400008, 17.225492944000052)",01-05-2023.geojson,Kothur,,,,,
Kumurambheem Asifabad,TSSD0263,178.1,"{'min': 37.09000015258789, 'max': 43.213157653808594, 'mean': 41.529239735704785, 'count': 47, 'sum': 1951.874267578125, 'median': 41.78368377685547}","(79.63414387600005, 19.452242796000064, 79.81867852100004, 19.607819128000074)",01-05-2023.geojson,Kouthala,,,,,
Medak,TSSD0264,161.34,"{'min': 35.95100021362305, 'max': 39.94473648071289, 'mean': 38.244384765625, 'count': 43, 'sum': 1644.508544921875, 'median': 38.45111083984375}","(78.10564250300007, 17.787310025000068, 78.29841681600004, 17.936446078000074)",01-05-2023.geojson,Kowdipally,,,,,
Nirmal,TSSD0265,282.48,"{'min': 39.14263153076172, 'max': 45.56262969970703, 'mean': 43.440052083333335, 'count': 75, 'sum': 3258.00390625, 'median': 44.03818130493164}","(77.84760754200005, 19.143786309000063, 78.05573992700005, 19.342882151000026)",01-05-2023.geojson,Kubeer,,,,,
Medchal_Malkajgiri,TSSD0266,39.02,"{'min': 35.79499816894531, 'max': 38.34749984741211, 'mean': 37.03364979137074, 'count': 11, 'sum': 407.3701477050781, 'median': 36.80646896362305}","(78.36804921900006, 17.450165494000032, 78.44563956200005, 17.513917809000077)",01-05-2023.geojson,Kukatpally,,,,,
Medak,TSSD0267,155.55,"{'min': 35.15888977050781, 'max': 39.8488883972168, 'mean': 37.90793971011513, 'count': 38, 'sum': 1440.501708984375, 'median': 37.94140625}","(78.05900573700006, 17.903386933000036, 78.28836760200005, 18.020195513000033)",01-05-2023.geojson,Kulcharam,,,,,
Vikarabad,TSSD0268,196.33,"{'min': 36.11600112915039, 'max': 38.88294219970703, 'mean': 37.46251971905048, 'count': 52, 'sum': 1948.051025390625, 'median': 37.33454132080078}","(77.79636866200008, 16.916114566000033, 77.99996008000005, 17.10676938000006)",01-05-2023.geojson,Kulkacharla,,,,,
Nirmal,TSSD0269,140.25,"{'min': 39.465999603271484, 'max': 44.6976203918457, 'mean': 42.81545608108108, 'count': 37, 'sum': 1584.171875, 'median': 43.12523651123047}","(78.02051881300008, 19.088268194000023, 78.15736433900008, 19.254793077000045)",01-05-2023.geojson,Kuntala,,,,,
Mahabubabad,TSSD0270,241.32,"{'min': 37.517059326171875, 'max': 40.349998474121094, 'mean': 38.80740685096154, 'count': 65, 'sum': 2522.4814453125, 'median': 38.7464714050293}","(79.89569772600004, 17.36986128800004, 80.09682891600005, 17.588288271000067)",01-05-2023.geojson,Kuravi,,,,,
Khammam,TSSD0271,220.86,"{'min': 33.60874938964844, 'max': 42.575714111328125, 'mean': 39.6756802262931, 'count': 58, 'sum': 2301.189453125, 'median': 40.29139709472656}","(79.87484026500005, 17.11399079800003, 80.04316183700007, 17.29547575600003)",01-05-2023.geojson,Kusumanchi,,,,,
Nirmal,TSSD0272,125.72,"{'min': 37.89631652832031, 'max': 43.412105560302734, 'mean': 40.201394473805145, 'count': 34, 'sum': 1366.847412109375, 'median': 40.05526351928711}","(78.40349407400004, 18.95386539200007, 78.52341344300004, 19.102668410000035)",01-05-2023.geojson,Laxmanchanda,,,,,
Bhadradri Kothagudem,TSSD0273,229.46,"{'min': 31.908666610717773, 'max': 42.271427154541016, 'mean': 38.818540511592744, 'count': 62, 'sum': 2406.74951171875, 'median': 39.09048080444336}","(80.51384827600003, 17.535477607000075, 80.67198351200005, 17.81657303700007)",01-05-2023.geojson,Laxmidevipally,,,,,
Jangoan,TSSD0274,187.87,"{'min': 36.866249084472656, 'max': 40.08625030517578, 'mean': 38.702392578125, 'count': 49, 'sum': 1896.417236328125, 'median': 38.781429290771484}","(79.13021988100007, 17.575431923000053, 79.31745159400003, 17.72563423400004)",01-05-2023.geojson,Lingalaghanpur,,,,,
Kamareddy,TSSD0275,255.84,"{'min': 35.53705978393555, 'max': 41.161109924316406, 'mean': 38.10909495634191, 'count': 68, 'sum': 2591.41845703125, 'median': 38.081241607666016}","(78.02552329400004, 18.13087097700003, 78.21768245400006, 18.355649218000053)",01-05-2023.geojson,Lingampet,,,,,
Kumurambheem Asifabad,TSSD0276,162.69,"{'min': 38.43857192993164, 'max': 44.138572692871094, 'mean': 41.60370982776988, 'count': 44, 'sum': 1830.563232421875, 'median': 41.54523849487305}","(78.91810375000006, 19.205612909000024, 79.11073564000003, 19.342131322000057)",01-05-2023.geojson,Lingapur,,,,,
Nirmal,TSSD0277,222.97,"{'min': 33.59470748901367, 'max': 42.8363151550293, 'mean': 39.70450032552083, 'count': 60, 'sum': 2382.27001953125, 'median': 40.666526794433594}","(78.00594866600005, 18.931946796000034, 78.23875211300003, 19.085518010000044)",01-05-2023.geojson,Lokeshwaram,,,,,
Mancherial,TSSD0278,151.79,"{'min': 35.91381072998047, 'max': 42.86777877807617, 'mean': 39.34842623197115, 'count': 39, 'sum': 1534.588623046875, 'median': 38.938419342041016}","(79.16655337500003, 18.832516484000053, 79.30981884700003, 19.005514334000054)",01-05-2023.geojson,Luxettipet,,,,,
Kamareddy,TSSD0279,210.35,"{'min': 35.338748931884766, 'max': 40.96500015258789, 'mean': 37.346505301339285, 'count': 56, 'sum': 2091.404296875, 'median': 37.42764663696289}","(78.38704550600005, 18.26697810400003, 78.56264784400008, 18.467778762000023)",01-05-2023.geojson,Machareddy,,,,,
Wanaparthy,TSSD0280,102.15,"{'min': 36.1974983215332, 'max': 42.025001525878906, 'mean': 39.65041015625, 'count': 25, 'sum': 991.26025390625, 'median': 39.744667053222656}","(77.82095279900005, 16.300196190000065, 77.92236147200003, 16.45097719200004)",01-05-2023.geojson,Madanapur,,,,,
Suryapet,TSSD0281,130.55,"{'min': 37.92499923706055, 'max': 40.83124923706055, 'mean': 39.432017299107144, 'count': 35, 'sum': 1380.12060546875, 'median': 39.41666793823242}","(79.63339168000005, 17.351837121000074, 79.79652225800004, 17.470968053000036)",01-05-2023.geojson,Maddirala,,,,,
Narayanpet,TSSD0282,229.43,"{'min': 38.21352767944336, 'max': 42.840667724609375, 'mean': 40.53528645833333, 'count': 60, 'sum': 2432.1171875, 'median': 40.385292053222656}","(77.56183110400008, 16.77489021100007, 77.74489013300007, 16.952964019000035)",01-05-2023.geojson,Maddur,,,,,
Siddipet,TSSD0283,90.43,"{'min': 36.05799865722656, 'max': 38.72529602050781, 'mean': 37.57469685872396, 'count': 24, 'sum': 901.792724609375, 'median': 37.65605163574219}","(79.01132752500001, 17.86198517100007, 79.12089267400006, 17.966105778000042)",01-05-2023.geojson,Maddur,,,,,
Rangareddy,TSSD0284,264.88,"{'min': 37.45941162109375, 'max': 43.88750076293945, 'mean': 40.43635728624132, 'count': 72, 'sum': 2911.417724609375, 'median': 40.42555236816406}","(78.58095395400005, 16.75043613200006, 78.80230556900005, 16.944488267000054)",01-05-2023.geojson,Madgul,,,,,
Khammam,TSSD0285,210.2,"{'min': 34.764286041259766, 'max': 41.31461715698242, 'mean': 37.16576909083946, 'count': 51, 'sum': 1895.4542236328125, 'median': 36.711429595947266}","(80.31236943000005, 16.82168020900002, 80.47000219000006, 17.070547697000052)",01-05-2023.geojson,Madhira,,,,,
Kamareddy,TSSD0286,235.87,"{'min': 39.83173751831055, 'max': 45.235713958740234, 'mean': 42.722384545110884, 'count': 62, 'sum': 2648.787841796875, 'median': 42.86741256713867}","(77.54916412900008, 18.384667036000053, 77.76294653600007, 18.55697662400007)",01-05-2023.geojson,Madnur,,,,,
Nalgonda,TSSD0287,219.21,"{'min': 37.068668365478516, 'max': 44.60466766357422, 'mean': 41.784432547433035, 'count': 56, 'sum': 2339.92822265625, 'median': 41.79579162597656}","(79.34641497200005, 16.895418574000075, 79.56245174900005, 17.09279099500003)",01-05-2023.geojson,Madugulapally,,,,,
Narayanpet,TSSD0288,182.41,"{'min': 32.44411849975586, 'max': 41.1522216796875, 'mean': 38.96394149116848, 'count': 46, 'sum': 1792.34130859375, 'median': 39.126895904541016}","(77.36910946300009, 16.375499069, 77.53031708000003, 16.588101701000085)",01-05-2023.geojson,Maganoor,,,,,
Mahabubabad,TSSD0289,229.64,"{'min': 36.76466751098633, 'max': 40.3033332824707, 'mean': 38.52370965676229, 'count': 61, 'sum': 2349.9462890625, 'median': 38.42647171020508}","(79.84115276500006, 17.501311835000024, 80.09111942000004, 17.697718735000137)",01-05-2023.geojson,Mahabubabad,,,,,
Mahabubnagar,TSSD0290,99.98,"{'min': 36.39875030517578, 'max': 40.01124954223633, 'mean': 37.81605224609375, 'count': 25, 'sum': 945.4013061523438, 'median': 37.61470413208008}","(77.94626825800003, 16.706941769000025, 78.09470899900003, 16.806279568000036)",01-05-2023.geojson,Mahabubnagar_Urban,,,,,
Jayashankar Bhupalpally,TSSD0291,299.12,"{'min': 37.69444274902344, 'max': 43.39555740356445, 'mean': 39.94255160108025, 'count': 81, 'sum': 3235.3466796875, 'median': 39.62666702270508}","(79.82048229900005, 18.630638763000036, 80.11061256100004, 18.86890015800003)",01-05-2023.geojson,Mahadevpur,,,,,
Rangareddy,TSSD0292,252.27,"{'min': 34.47249984741211, 'max': 39.147335052490234, 'mean': 37.50342548076923, 'count': 65, 'sum': 2437.72265625, 'median': 37.62874984741211}","(78.30122014300008, 17.028058688000044, 78.54049373500004, 17.239387140000076)",01-05-2023.geojson,Maheswaram,,,,,
Nizamabad,TSSD0293,193.35,"{'min': 36.41105270385742, 'max': 40.98579025268555, 'mean': 38.37965275691106, 'count': 52, 'sum': 1995.741943359375, 'median': 38.295310974121094}","(78.05675830000007, 18.66482496200007, 78.22576505800004, 18.852068687000042)",01-05-2023.geojson,Makloor,,,,,
Narayanpet,TSSD0294,363.86,"{'min': 33.72999954223633, 'max': 43.711334228515625, 'mean': 40.38008757560484, 'count': 93, 'sum': 3755.34814453125, 'median': 40.79705810546875}","(77.45220537800003, 16.34148046400003, 77.67347100500007, 16.59593542500005)",01-05-2023.geojson,Makthal,,,,,
Jogulamba Gadwal,TSSD0295,241.46,"{'min': 35.66374969482422, 'max': 44.5, 'mean': 40.75648287259615, 'count': 65, 'sum': 2649.17138671875, 'median': 40.529998779296875}","(77.63191914500004, 16.011527430000058, 77.79042152200003, 16.212472503000072)",01-05-2023.geojson,Maldakal,,,,,
Jayashankar Bhupalpally,TSSD0296,330.72,"{'min': 35.50882339477539, 'max': 42.23923110961914, 'mean': 38.9521484375, 'count': 86, 'sum': 3349.884765625, 'median': 39.022056579589844}","(79.67910470400005, 18.410415433000026, 79.92225416300005, 18.645377148000023)",01-05-2023.geojson,Malharrao,,,,,
Medchal_Malkajgiri,TSSD0297,30.3,"{'min': 36.453529357910156, 'max': 37.78293991088867, 'mean': 37.125339084201386, 'count': 9, 'sum': 334.1280517578125, 'median': 37.029998779296875}","(78.50463339200007, 17.428292171000066, 78.55954592700004, 17.505731841000056)",01-05-2023.geojson,Malkajgiri,,,,,
Jagtial,TSSD0298,213.62,"{'min': 38.048095703125, 'max': 41.349998474121094, 'mean': 39.74292428152902, 'count': 56, 'sum': 2225.603759765625, 'median': 39.68318176269531}","(78.61662895600006, 18.874482111000077, 78.81309041900005, 19.03748223200006)",01-05-2023.geojson,Mallapur,,,,,
Jagtial,TSSD0299,151.65,"{'min': 34.12052536010742, 'max': 38.79947280883789, 'mean': 37.072950409679876, 'count': 41, 'sum': 1519.990966796875, 'median': 37.385555267333984}","(78.83599988400005, 18.650343142000054, 79.00846227100004, 18.762767418000067)",01-05-2023.geojson,Mallial,,,,,
Nirmal,TSSD0300,303.59,"{'min': 37.858001708984375, 'max': 45.52052688598633, 'mean': 41.06080017089844, 'count': 80, 'sum': 3284.864013671875, 'median': 41.06157684326172}","(78.40539725900004, 18.946457939000027, 78.61865077500005, 19.23040426800003)",01-05-2023.geojson,Mamda,,,,,
Karimnagar,TSSD0301,205.41,"{'min': 37.540000915527344, 'max': 41.44499969482422, 'mean': 39.65229679987981, 'count': 52, 'sum': 2061.91943359375, 'median': 39.68687438964844}","(79.15750397500005, 18.315741219000074, 79.35328729400004, 18.481920999000067)",01-05-2023.geojson,Manakondur,,,,,
Rangareddy,TSSD0302,234.43,"{'min': 35.62555694580078, 'max': 40.209999084472656, 'mean': 37.66483036164315, 'count': 62, 'sum': 2335.219482421875, 'median': 37.728973388671875}","(78.65286760000004, 17.00487583200004, 78.84397639500008, 17.201225641000065)",01-05-2023.geojson,Manchal,,,,,
Mancherial,TSSD0303,40.12,"{'min': 40.083683013916016, 'max': 42.171112060546875, 'mean': 41.09910999644887, 'count': 11, 'sum': 452.0902099609375, 'median': 41.266666412353516}","(79.41610667100008, 18.835052002000054, 79.48472162900003, 18.913545975000034)",01-05-2023.geojson,Mancherial,,,,,
Mancherial,TSSD0304,171.08,"{'min': 37.47222137451172, 'max': 41.09111022949219, 'mean': 39.6104736328125, 'count': 44, 'sum': 1742.86083984375, 'median': 39.6290283203125}","(79.39193241000004, 18.891641181000068, 79.59105304600007, 19.015526930000078)",01-05-2023.geojson,Mandamarri,,,,,
Mulugu,TSSD0305,392.56,"{'min': 35.69117736816406, 'max': 42.671051025390625, 'mean': 38.27836297785194, 'count': 103, 'sum': 3942.67138671875, 'median': 38.196250915527344}","(80.40836158100007, 18.080546712000057, 80.70882201500007, 18.304706081000063)",01-05-2023.geojson,Mangapet,,,,,
Sangareddy,TSSD0306,148.62,"{'min': 36.08894729614258, 'max': 44.63842010498047, 'mean': 41.20886825933689, 'count': 41, 'sum': 1689.5635986328125, 'median': 41.68714141845703}","(77.64845538500003, 17.878779076000058, 77.83149306000007, 18.04513193200006)",01-05-2023.geojson,Manoor,,,,,
Jogulamba Gadwal,TSSD0307,163.37,"{'min': 37.217498779296875, 'max': 46.03533172607422, 'mean': 43.18639304421165, 'count': 44, 'sum': 1900.2012939453125, 'median': 44.16437530517578}","(77.86929360900007, 15.885358944000075, 78.03319288300008, 16.08949442000005)",01-05-2023.geojson,Manopad,,,,,
Peddapalli,TSSD0308,311.44,"{'min': 33.7400016784668, 'max': 43.20818328857422, 'mean': 39.24119349888393, 'count': 84, 'sum': 3296.26025390625, 'median': 39.54365921020508}","(79.56456396600004, 18.561850238000034, 79.83268954900007, 18.738350264000076)",01-05-2023.geojson,Manthani,,,,,
Bhadradri Kothagudem,TSSD0309,241.6,"{'min': 32.154998779296875, 'max': 42.63153839111328, 'mean': 37.322577373798076, 'count': 65, 'sum': 2425.967529296875, 'median': 37.779232025146484}","(80.66740807500008, 17.879481733000034, 80.88542464200003, 18.045849738000072)",01-05-2023.geojson,Manuguru,,,,,
Hyderabad,TSSD0310,12.89,"{'min': 36.78666687011719, 'max': 38.160667419433594, 'mean': 37.42689005533854, 'count': 3, 'sum': 112.28067016601562, 'median': 37.33333206176758}","(78.49007358600005, 17.42094839600003, 78.55631568500007, 17.46893287000006)",01-05-2023.geojson,Maredpally,,,,,
Narayanpet,TSSD0311,159.77,"{'min': 39.59526443481445, 'max': 43.775882720947266, 'mean': 41.798697335379465, 'count': 42, 'sum': 1755.5452880859375, 'median': 41.93307113647461}","(77.65664280100003, 16.506114195000066, 77.79841434500008, 16.665240555000025)",01-05-2023.geojson,Marikal,,,,,
Mahabubabad,TSSD0312,234.68,"{'min': 38.786251068115234, 'max': 41.45124816894531, 'mean': 39.95370431673729, 'count': 59, 'sum': 2357.2685546875, 'median': 39.942501068115234}","(79.76148480300003, 17.321621569000058, 79.98270166300006, 17.48693560600003)",01-05-2023.geojson,Maripeda,,,,,
Siddipet,TSSD0313,105.43,"{'min': 31.410999298095703, 'max': 38.684444427490234, 'mean': 36.57696533203125, 'count': 28, 'sum': 1024.155029296875, 'median': 36.86862564086914}","(78.66415458400007, 17.667265188000044, 78.78250869300007, 17.810152515000027)",01-05-2023.geojson,Markook,,,,,
Vikarabad,TSSD0314,225.88,"{'min': 37.2400016784668, 'max': 43.202632904052734, 'mean': 40.649094154094826, 'count': 58, 'sum': 2357.6474609375, 'median': 40.75255584716797}","(77.68610927900005, 17.453891702000078, 77.87740943300008, 17.638691618000053)",01-05-2023.geojson,Marpalle,,,,,
Nalgonda,TSSD0315,229.14,"{'min': 36.23143005371094, 'max': 43.34199905395508, 'mean': 40.01445632684426, 'count': 61, 'sum': 2440.8818359375, 'median': 40.07266616821289}","(78.75919635200006, 16.90874455200003, 78.96448818000005, 17.07201425200003)",01-05-2023.geojson,Marriguda,,,,,
Suryapet,TSSD0316,210.69,"{'min': 35.19941329956055, 'max': 43.05799865722656, 'mean': 39.580114976415096, 'count': 53, 'sum': 2097.74609375, 'median': 39.35714340209961}","(79.76031217600007, 16.657641133000027, 79.94384993900007, 16.842244540000024)",01-05-2023.geojson,Mattampalli,,,,,
Medak,TSSD0317,140.85,"{'min': 35.12333297729492, 'max': 37.334999084472656, 'mean': 36.229591163429056, 'count': 37, 'sum': 1340.494873046875, 'median': 36.328460693359375}","(78.20774346500008, 17.973932821000062, 78.36819518300007, 18.10438747300003)",01-05-2023.geojson,Medak,,,,,
Medchal_Malkajgiri,TSSD0318,187.56,"{'min': 33.95899963378906, 'max': 37.53555679321289, 'mean': 36.33812537560096, 'count': 52, 'sum': 1889.58251953125, 'median': 36.43684387207031}","(78.38095406300005, 17.551049357000068, 78.56000059500008, 17.70854524600003)",01-05-2023.geojson,Medchal,,,,,
Jagtial,TSSD0319,206.03,"{'min': 34.540000915527344, 'max': 40.19588088989258, 'mean': 38.13456143465909, 'count': 55, 'sum': 2097.40087890625, 'median': 38.48904800415039}","(78.73214094600007, 18.624887353000076, 78.85330317100005, 18.885390032000032)",01-05-2023.geojson,Medipalle,,,,,
Medchal_Malkajgiri,TSSD0320,33.63,"{'min': 35.69117736816406, 'max': 37.868751525878906, 'mean': 37.046844482421875, 'count': 8, 'sum': 296.374755859375, 'median': 37.15374755859375}","(78.56396765400007, 17.387088967000068, 78.62540001600007, 17.4548326310001)",01-05-2023.geojson,Medipally,,,,,
Suryapet,TSSD0321,148.48,"{'min': 38.39400100708008, 'max': 43.51874923706055, 'mean': 39.9939697265625, 'count': 40, 'sum': 1599.7587890625, 'median': 39.433998107910156}","(79.86430255300007, 16.749144942000044, 80.04667389300005, 16.897589783000058)",01-05-2023.geojson,Mellachervu,,,,,
Nizamabad,TSSD0322,74.74,"{'min': 32.148948669433594, 'max': 41.641109466552734, 'mean': 38.767724609375, 'count': 20, 'sum': 775.3544921875, 'median': 39.33526611328125}","(78.34141407100003, 18.91286552100007, 78.45746941500005, 19.003231226000025)",01-05-2023.geojson,Mendora,,,,,
Jagtial,TSSD0323,189.57,"{'min': 37.58052444458008, 'max': 41.645294189453125, 'mean': 40.06485523897059, 'count': 51, 'sum': 2043.3076171875, 'median': 40.08052444458008}","(78.53968262500007, 18.72081223600003, 78.67956378400004, 18.895674916000075)",01-05-2023.geojson,Metpalli,,,,,
Mahabubnagar,TSSD0324,164.85,"{'min': 38.42625045776367, 'max': 42.13800048828125, 'mean': 40.399222237723215, 'count': 42, 'sum': 1696.767333984375, 'median': 40.48101043701172}","(78.21714079300006, 16.678018442000052, 78.36989334400005, 16.825534489000063)",01-05-2023.geojson,Midjil,,,,,
Siddipet,TSSD0325,167.82,"{'min': 37.168888092041016, 'max': 40.487648010253906, 'mean': 38.86359068404796, 'count': 43, 'sum': 1671.1343994140625, 'median': 38.671051025390625}","(78.56910611300003, 17.992796036000072, 78.73068591400005, 18.14881470800003)",01-05-2023.geojson,Mirdoddi,,,,,
Nalgonda,TSSD0326,248.98,"{'min': 37.26599884033203, 'max': 42.69181823730469, 'mean': 39.731849670410156, 'count': 64, 'sum': 2542.83837890625, 'median': 39.87000274658203}","(79.48474594700008, 16.761982963000037, 79.66781758100007, 17.007573905000072)",01-05-2023.geojson,Miryalaguda,,,,,
Sangareddy,TSSD0327,152.32,"{'min': 40.33454513549805, 'max': 43.69952392578125, 'mean': 42.218904194078945, 'count': 38, 'sum': 1604.318359375, 'median': 42.24285888671875}","(77.44416825100006, 17.542551853000077, 77.59394938800006, 17.703749020000032)",01-05-2023.geojson,Mogudampally,,,,,
Jayashankar Bhupalpally,TSSD0328,117.77,"{'min': 39.34428405761719, 'max': 41.72666549682617, 'mean': 40.70011655745968, 'count': 31, 'sum': 1261.70361328125, 'median': 40.70538330078125}","(79.55918339200008, 18.25321451900004, 79.69624194900007, 18.367730020000067)",01-05-2023.geojson,Mogullapally,,,,,
Rangareddy,TSSD0329,210.03,"{'min': 30.813749313354492, 'max': 42.0724983215332, 'mean': 38.12121347280649, 'count': 52, 'sum': 1982.3031005859375, 'median': 38.60676574707031}","(78.18364043400004, 17.24469818700004, 78.37521359500005, 17.39979780400006)",01-05-2023.geojson,Moinabad,,,,,
Vikarabad,TSSD0330,185.55,"{'min': 37.638999938964844, 'max': 43.3033332824707, 'mean': 39.771709367340684, 'count': 51, 'sum': 2028.357177734375, 'median': 39.60176467895508}","(77.80132142600007, 17.440949010000054, 78.02278448100003, 17.58481577400005)",01-05-2023.geojson,Mominpet,,,,,
Mahabubnagar,TSSD0331,95.02,"{'min': 37.16875076293945, 'max': 43.08856964111328, 'mean': 39.83450082632211, 'count': 26, 'sum': 1035.697021484375, 'median': 39.79533386230469}","(77.88815901700008, 16.55990335200005, 78.03642113100005, 16.65578400800007)",01-05-2023.geojson,Moosapet,,,,,
Nizamabad,TSSD0332,110.93,"{'min': 40.28555679321289, 'max': 42.46111297607422, 'mean': 41.25453287760417, 'count': 30, 'sum': 1237.635986328125, 'median': 41.22777557373047}","(78.39569656400005, 18.754933092000044, 78.51049422500006, 18.895877668000026)",01-05-2023.geojson,Morthad,,,,,
Yadadri Bhuvanagiri,TSSD0333,154.09,"{'min': 36.47420883178711, 'max': 41.13222122192383, 'mean': 38.61546688988095, 'count': 42, 'sum': 1621.849609375, 'median': 38.623313903808594}","(79.02191272500005, 17.447705855000038, 79.18771359200008, 17.614164877000064)",01-05-2023.geojson,Motakondur,,,,,
Suryapet,TSSD0334,191.84,"{'min': 35.27000045776367, 'max': 42.499332427978516, 'mean': 40.4113623046875, 'count': 50, 'sum': 2020.568115234375, 'median': 40.5467529296875}","(79.72864807600007, 17.098594648000073, 79.90108897100004, 17.295132846000058)",01-05-2023.geojson,Mothey,,,,,
Yadadri Bhuvanagiri,TSSD0335,146.43,"{'min': 37.98882293701172, 'max': 40.842498779296875, 'mean': 38.99351149338942, 'count': 39, 'sum': 1520.7469482421875, 'median': 38.93470764160156}","(79.17886738600004, 17.35663582600006, 79.34505761300005, 17.499013259000037)",01-05-2023.geojson,Mothkur,,,,,
Nirmal,TSSD0336,187.43,"{'min': 39.56999969482422, 'max': 46.897369384765625, 'mean': 43.38390582540761, 'count': 46, 'sum': 1995.65966796875, 'median': 43.625885009765625}","(77.87363589400007, 18.90926259400004, 78.04943334300003, 19.05199254100006)",01-05-2023.geojson,Mudhole,,,,,
Khammam,TSSD0337,202.95,"{'min': 36.94733428955078, 'max': 41.01750183105469, 'mean': 38.53736290564904, 'count': 52, 'sum': 2003.94287109375, 'median': 38.342124938964844}","(79.99976989400005, 16.987411645000066, 80.17144520800008, 17.21465495600006)",01-05-2023.geojson,Mudigonda,,,,,
Nizamabad,TSSD0338,196.22,"{'min': 35.29888916015625, 'max': 41.42499923706055, 'mean': 38.21641630284927, 'count': 51, 'sum': 1949.0372314453125, 'median': 38.19111251831055}","(78.03331485400008, 18.477793812000073, 78.18413506400003, 18.66033533700005)",01-05-2023.geojson,Mugpal,,,,,
Bhadradri Kothagudem,TSSD0339,514.62,"{'min': 32.38428497314453, 'max': 39.331539154052734, 'mean': 35.73442925347222, 'count': 135, 'sum': 4824.14794921875, 'median': 35.70692443847656}","(80.70650352000007, 17.353825033000078, 80.96455307900004, 17.59430879000007)",01-05-2023.geojson,Mulakalapally,,,,,
Mulugu,TSSD0340,363.24,"{'min': 32.015262603759766, 'max': 41.5099983215332, 'mean': 38.08271484375, 'count': 95, 'sum': 3617.85791015625, 'median': 38.29999923706055}","(79.81475825400008, 18.07019176600005, 80.14227776900003, 18.247994896000023)",01-05-2023.geojson,Mulug,,,,,
Siddipet,TSSD0341,148.86,"{'min': 30.44473648071289, 'max': 38.50411605834961, 'mean': 36.377269255809296, 'count': 39, 'sum': 1418.7135009765625, 'median': 36.66299819946289}","(78.49289586600008, 17.669503792000057, 78.72948919400005, 17.760743728000023)",01-05-2023.geojson,Mulug,,,,,
Suryapet,TSSD0342,140.35,"{'min': 39.967498779296875, 'max': 42.60733413696289, 'mean': 41.50003356933594, 'count': 40, 'sum': 1660.0013427734375, 'median': 41.479286193847656}","(79.71348967800003, 16.97659834500007, 79.93382971200003, 17.162332160000062)",01-05-2023.geojson,Munagala,,,,,
Sangareddy,TSSD0343,221.68,"{'min': 30.12700080871582, 'max': 45.587646484375, 'mean': 42.278189522879465, 'count': 56, 'sum': 2367.57861328125, 'median': 43.80263137817383}","(77.76970420300006, 17.61306823700005, 77.93222993400008, 17.821658166000077)",01-05-2023.geojson,Munipally,,,,,
Nalgonda,TSSD0344,242.13,"{'min': 39.70647048950195, 'max': 44.040000915527344, 'mean': 42.00933283025568, 'count': 66, 'sum': 2772.615966796875, 'median': 42.10205841064453}","(78.92781504300007, 16.99371558000007, 79.14931293500007, 17.18453899000002)",01-05-2023.geojson,Munugode,,,,,
Nizamabad,TSSD0345,53.32,"{'min': 29.49736785888672, 'max': 41.50666809082031, 'mean': 38.357025146484375, 'count': 14, 'sum': 536.9983520507812, 'median': 39.2178955078125}","(78.33239376200004, 18.87289880800006, 78.45351563000008, 18.968813642000043)",01-05-2023.geojson,Mupkal,,,,,
Hyderabad,TSSD0346,9.91,"{'min': 37.04499816894531, 'max': 37.386470794677734, 'mean': 37.215736389160156, 'count': 2, 'sum': 74.43147277832031, 'median': 37.215736389160156}","(78.47735671700008, 17.40191402800002, 78.52763446200004, 17.43504124900005)",01-05-2023.geojson,Musheerabad,,,,,
Rajanna Sircilla,TSSD0347,162.34,"{'min': 36.970001220703125, 'max': 40.496665954589844, 'mean': 39.02412733920785, 'count': 43, 'sum': 1678.0374755859375, 'median': 39.05555725097656}","(78.62827650500003, 18.21376387500004, 78.77109860300004, 18.360829288000048)",01-05-2023.geojson,Mustabad,,,,,
Jayashankar Bhupalpally,TSSD0348,603.81,"{'min': 36.3224983215332, 'max': 42.2712516784668, 'mean': 38.9771240234375, 'count': 160, 'sum': 6236.33984375, 'median': 39.01464080810547}","(79.93211438700007, 18.348852581000074, 80.27331132300003, 18.665550444000075)",01-05-2023.geojson,Mutharam_Mahadevpur,,,,,
Peddapalli,TSSD0349,143.95,"{'min': 38.32624816894531, 'max': 42.599998474121094, 'mean': 40.53617457339638, 'count': 38, 'sum': 1540.3746337890625, 'median': 40.643333435058594}","(79.56376559100005, 18.46670946200004, 79.71861493100005, 18.60236795900005)",01-05-2023.geojson,Mutharam_Manthani,,,,,
Suryapet,TSSD0350,132.47,"{'min': 38.306251525878906, 'max': 42.34600067138672, 'mean': 40.46736283735795, 'count': 33, 'sum': 1335.4229736328125, 'median': 40.354000091552734}","(79.81542641000004, 17.031014071000072, 79.94769370600005, 17.174546916000054)",01-05-2023.geojson,Nadigudem,,,,,
Sangareddy,TSSD0351,148.84,"{'min': 38.16143035888672, 'max': 43.63761901855469, 'mean': 41.24711303710937, 'count': 40, 'sum': 1649.884521484375, 'median': 41.177772521972656}","(77.54918865800005, 17.98547994300003, 77.71900749600007, 18.124343363000037)",01-05-2023.geojson,Nagalgidda,,,,,
Suryapet,TSSD0352,134.54,"{'min': 36.694705963134766, 'max': 40.561248779296875, 'mean': 38.77184361049107, 'count': 35, 'sum': 1357.0145263671875, 'median': 38.89470672607422}","(79.41253491600008, 17.34124849500006, 79.57155473400007, 17.45790335600003)",01-05-2023.geojson,Nagaram,,,,,
Kamareddy,TSSD0353,138.95,"{'min': 32.8390007019043, 'max': 38.428749084472656, 'mean': 37.18072150735294, 'count': 34, 'sum': 1264.14453125, 'median': 37.472808837890625}","(78.01381962800008, 18.068441783000026, 78.17948646600007, 18.201817321000078)",01-05-2023.geojson,Nagi_Reddypet,,,,,
Nalgonda,TSSD0354,151.19,"{'min': 35.47999954223633, 'max': 42.1974983215332, 'mean': 40.67505798339844, 'count': 40, 'sum': 1627.0023193359375, 'median': 40.88105010986328}","(79.36271400100003, 17.074334117000035, 79.51356132300003, 17.265691678000053)",01-05-2023.geojson,Nakrekal,,,,,
Nalgonda,TSSD0355,356.0,"{'min': 34.36750030517578, 'max': 43.271427154541016, 'mean': 41.13906625600961, 'count': 91, 'sum': 3743.655029296875, 'median': 41.451332092285156}","(79.11238633500005, 16.95004682000007, 79.38632643800008, 17.14875526800006)",01-05-2023.geojson,Nalgonda,,,,,
Warangal_Rural,TSSD0356,164.31,"{'min': 35.36750030517578, 'max': 39.20058822631836, 'mean': 37.28955841064453, 'count': 48, 'sum': 1789.8988037109375, 'median': 37.331417083740234}","(79.81066170600008, 17.993540445000065, 80.04124404200007, 18.11528805000006)",01-05-2023.geojson,Nallabelli,,,,,
Hyderabad,TSSD0357,11.34,"{'min': 35.3477783203125, 'max': 38.747501373291016, 'mean': 37.61009216308594, 'count': 3, 'sum': 112.83027648925781, 'median': 38.73500061035156}","(78.45809052700008, 17.36457170500006, 78.49555773000003, 17.405714060000037)",01-05-2023.geojson,Nampally,,,,,
Nalgonda,TSSD0358,280.57,"{'min': 38.11800003051758, 'max': 43.487144470214844, 'mean': 40.90162136130137, 'count': 73, 'sum': 2985.818359375, 'median': 40.80875015258789}","(78.84925232700004, 16.740287084000045, 79.04788463500006, 16.965538953000078)",01-05-2023.geojson,Nampally,,,,,
Rangareddy,TSSD0359,86.28,"{'min': 36.5911750793457, 'max': 40.133750915527344, 'mean': 38.16086925159801, 'count': 22, 'sum': 839.5391235351562, 'median': 38.1557731628418}","(78.16420628000003, 17.07450775600006, 78.31375295500004, 17.187439899000026)",01-05-2023.geojson,Nandigama,,,,,
Nizamabad,TSSD0360,296.41,"{'min': 29.122222900390625, 'max': 41.87444305419922, 'mean': 38.30476359577922, 'count': 77, 'sum': 2949.466796875, 'median': 39.09315872192383}","(78.06391450200005, 18.810123935000036, 78.27745292600008, 19.015809954000076)",01-05-2023.geojson,Nandipet,,,,,
Siddipet,TSSD0361,173.43,"{'min': 36.05571365356445, 'max': 39.143001556396484, 'mean': 37.718969171697445, 'count': 44, 'sum': 1659.6346435546875, 'median': 37.769020080566406}","(78.91642615100005, 18.005257581000023, 79.12553882600008, 18.139313947000062)",01-05-2023.geojson,Nangnoor,,,,,
Yadadri Bhuvanagiri,TSSD0362,255.72,"{'min': 36.723751068115234, 'max': 44.16999816894531, 'mean': 40.03995028409091, 'count': 66, 'sum': 2642.63671875, 'median': 39.63233184814453}","(78.76727420200007, 17.04527964400006, 78.99214673900008, 17.215539860000035)",01-05-2023.geojson,Narayanapoor,,,,,
Sangareddy,TSSD0363,221.04,"{'min': 35.40999984741211, 'max': 43.88800048828125, 'mean': 40.11785188268443, 'count': 61, 'sum': 2447.18896484375, 'median': 40.8985710144043}","(77.65873951100008, 17.969087139000067, 77.91619762300007, 18.131861117000028)",01-05-2023.geojson,Narayankhed,,,,,
Narayanpet,TSSD0364,253.45,"{'min': 37.790000915527344, 'max': 43.1723518371582, 'mean': 39.71605694110577, 'count': 65, 'sum': 2581.543701171875, 'median': 39.491249084472656}","(77.42683117400003, 16.65053467100006, 77.68547301300003, 16.797928967000075)",01-05-2023.geojson,Narayanpet,,,,,
Nalgonda,TSSD0365,234.39,"{'min': 38.552223205566406, 'max': 43.380001068115234, 'mean': 40.74407474578373, 'count': 63, 'sum': 2566.876708984375, 'median': 40.57428741455078}","(79.12064748900008, 17.11371295600003, 79.30389623300005, 17.35996707100003)",01-05-2023.geojson,Narketpally,,,,,
Jangoan,TSSD0366,125.01,"{'min': 34.16904830932617, 'max': 38.970001220703125, 'mean': 36.60539476799242, 'count': 33, 'sum': 1207.97802734375, 'median': 36.637779235839844}","(79.09279653800007, 17.82066930900004, 79.25505581500005, 17.932063776000064)",01-05-2023.geojson,Narmetta,,,,,
Adilabad,TSSD0367,201.81,"{'min': 40.42913055419922, 'max': 44.26523971557617, 'mean': 42.8419719192217, 'count': 53, 'sum': 2270.62451171875, 'median': 42.96799850463867}","(78.75741661700005, 19.424395872000048, 78.97780666900007, 19.57535441500005)",01-05-2023.geojson,Narnoor,,,,,
Warangal_Rural,TSSD0368,128.11,"{'min': 34.876251220703125, 'max': 39.28733444213867, 'mean': 37.5566291809082, 'count': 32, 'sum': 1201.8121337890625, 'median': 37.371307373046875}","(79.80201610100005, 17.882928224000068, 79.94435882900007, 18.020538076000037)",01-05-2023.geojson,Narsampet,,,,,
Medak,TSSD0369,177.98,"{'min': 35.13315963745117, 'max': 38.423683166503906, 'mean': 36.72296568404796, 'count': 43, 'sum': 1579.0875244140625, 'median': 36.71631622314453}","(78.16308671700006, 17.659841237000023, 78.33116213500006, 17.840150954000023)",01-05-2023.geojson,Narsapur,,,,,
Nirmal,TSSD0370,147.48,"{'min': 36.48789596557617, 'max': 44.10499954223633, 'mean': 40.37547084263393, 'count': 42, 'sum': 1695.769775390625, 'median': 40.42475891113281}","(78.07428315700008, 19.02509410700003, 78.21913771600003, 19.23774101400005)",01-05-2023.geojson,Narsapur_G,,,,,
Mahabubabad,TSSD0371,100.62,"{'min': 37.68888854980469, 'max': 40.559410095214844, 'mean': 39.450991030092595, 'count': 27, 'sum': 1065.1767578125, 'median': 39.580589294433594}","(79.74961810900004, 17.432922034000057, 79.85804564900008, 17.55949727500007)",01-05-2023.geojson,Narsimhulapet,,,,,
Medak,TSSD0372,55.63,"{'min': 35.391178131103516, 'max': 38.11125183105469, 'mean': 36.66408157348633, 'count': 16, 'sum': 586.6253051757812, 'median': 36.415626525878906}","(78.39229916300008, 17.98830749900003, 78.47149849900006, 18.093264383000076)",01-05-2023.geojson,Narsingi,,,,,
Narayanpet,TSSD0373,194.24,"{'min': 39.04600143432617, 'max': 43.71533203125, 'mean': 41.6254931640625, 'count': 50, 'sum': 2081.274658203125, 'median': 41.673126220703125}","(77.57900273500007, 16.392118486000072, 77.76051168400005, 16.55740275000005)",01-05-2023.geojson,Narva,,,,,
Mancherial,TSSD0374,52.98,"{'min': 35.786842346191406, 'max': 40.62529373168945, 'mean': 38.88995361328125, 'count': 14, 'sum': 544.4593505859375, 'median': 38.924503326416016}","(79.45022792100008, 18.798759303000054, 79.52726676000003, 18.914394050000055)",01-05-2023.geojson,Naspur,,,,,
Kamareddy,TSSD0375,102.21,"{'min': 36.80523681640625, 'max': 40.93899917602539, 'mean': 38.72443062918527, 'count': 28, 'sum': 1084.2840576171875, 'median': 38.76736831665039}","(77.81879634400008, 18.411273927000025, 77.97648352900006, 18.509137527000064)",01-05-2023.geojson,Nasurullabad,,,,,
Nizamabad,TSSD0376,192.08,"{'min': 36.529998779296875, 'max': 40.94894790649414, 'mean': 38.7237158203125, 'count': 50, 'sum': 1936.185791015625, 'median': 38.817115783691406}","(77.94333219400005, 18.72259983600003, 78.08733714300007, 18.94072022900008)",01-05-2023.geojson,Navipet,,,,,
Mahabubnagar,TSSD0377,296.21,"{'min': 33.65117645263672, 'max': 40.002498626708984, 'mean': 37.715271788758116, 'count': 77, 'sum': 2904.075927734375, 'median': 38.082942962646484}","(77.92099457500007, 16.78332651100004, 78.11899967800008, 17.01427203800006)",01-05-2023.geojson,Nawabpet,,,,,
Vikarabad,TSSD0378,158.3,"{'min': 38.24263000488281, 'max': 43.87444305419922, 'mean': 41.37468738090701, 'count': 41, 'sum': 1696.3621826171875, 'median': 41.27555465698242}","(77.88176503700004, 17.365495641000052, 78.07175069100003, 17.471223939000026)",01-05-2023.geojson,Nawabpet,,,,,
Warangal_Rural,TSSD0379,188.28,"{'min': 36.81999969482422, 'max': 40.9379997253418, 'mean': 38.55140625, 'count': 50, 'sum': 1927.5703125, 'median': 38.477638244628906}","(79.74746045700005, 17.696488769000155, 79.90634128700003, 17.879678624000064)",01-05-2023.geojson,Nekkonda,,,,,
Khammam,TSSD0380,186.76,"{'min': 36.311248779296875, 'max': 40.496665954589844, 'mean': 38.385517976721935, 'count': 49, 'sum': 1880.890380859375, 'median': 38.346248626708984}","(79.96784028800005, 16.968121411000027, 80.11000795600006, 17.174936235000075)",01-05-2023.geojson,Nelakondapally,,,,,
Mahabubabad,TSSD0381,206.97,"{'min': 36.052223205566406, 'max': 40.45571517944336, 'mean': 38.46364113136574, 'count': 54, 'sum': 2077.03662109375, 'median': 38.713958740234375}","(79.71439804300002, 17.541887375000044, 79.91872236700016, 17.698785481000073)",01-05-2023.geojson,Nellikudur,,,,,
Mancherial,TSSD0382,269.42,"{'min': 37.380001068115234, 'max': 42.047000885009766, 'mean': 38.92737332196303, 'count': 71, 'sum': 2763.843505859375, 'median': 38.714210510253906}","(79.52664994100007, 18.93089886100006, 79.73295653300005, 19.12578670700003)",01-05-2023.geojson,Nennel,,,,,
Adilabad,TSSD0383,328.19,"{'min': 38.476314544677734, 'max': 47.02789306640625, 'mean': 42.975509129213485, 'count': 89, 'sum': 3824.8203125, 'median': 43.1552619934082}","(78.26082714200004, 19.17277807100004, 78.55364642200004, 19.39715159900004)",01-05-2023.geojson,Neradigonda,,,,,
Suryapet,TSSD0384,126.74,"{'min': 38.262855529785156, 'max': 41.053077697753906, 'mean': 40.15364815848214, 'count': 35, 'sum': 1405.377685546875, 'median': 40.297142028808594}","(79.61424865900005, 16.828891998000074, 79.72807247700007, 16.983950306000054)",01-05-2023.geojson,Nereducherla,,,,,
Nalgonda,TSSD0385,161.07,"{'min': 35.68375015258789, 'max': 43.23285675048828, 'mean': 39.74543346058238, 'count': 44, 'sum': 1748.799072265625, 'median': 39.99928283691406}","(78.94273533400008, 16.468748120000043, 79.11690272800007, 16.651020135000067)",01-05-2023.geojson,Neredugommu,,,,,
Nalgonda,TSSD0386,217.58,"{'min': 39.58466720581055, 'max': 43.90285873413086, 'mean': 41.625972424523304, 'count': 59, 'sum': 2455.932373046875, 'median': 41.54090881347656}","(79.29369591300008, 16.726884840000025, 79.46702657000003, 16.93694350900006)",01-05-2023.geojson,Nidamanoor,,,,,
Nirmal,TSSD0387,26.54,"{'min': 37.79600143432617, 'max': 40.52684020996094, 'mean': 39.29051717122396, 'count': 9, 'sum': 353.6146545410156, 'median': 39.62111282348633}","(78.32125738700006, 19.06142155400005, 78.36703256100003, 19.13503668900006)",01-05-2023.geojson,Nirmal,,,,,
Nirmal,TSSD0388,121.65,"{'min': 37.64099884033203, 'max': 41.83315658569336, 'mean': 40.36019799017137, 'count': 31, 'sum': 1251.1661376953125, 'median': 40.31736755371094}","(78.28619783500005, 19.030659180000043, 78.42042812500006, 19.18711090100004)",01-05-2023.geojson,Nirmal Rural,,,,,
Nizamabad,TSSD0389,8.31,"{'min': 36.54052734375, 'max': 39.846248626708984, 'mean': 37.82804870605469, 'count': 3, 'sum': 113.48414611816406, 'median': 37.09737014770508}","(78.05163596200003, 18.674492592000036, 78.12730598000007, 18.70039857300003)",01-05-2023.geojson,Nizamabad North,,,,,
Nizamabad,TSSD0390,143.88,"{'min': 35.41777801513672, 'max': 39.31842041015625, 'mean': 37.610910516036185, 'count': 38, 'sum': 1429.214599609375, 'median': 37.608421325683594}","(77.98560033100006, 18.565702533000035, 78.16225447400006, 18.788720459000047)",01-05-2023.geojson,Nizamabad Rural,,,,,
Nizamabad,TSSD0391,30.08,"{'min': 37.10894775390625, 'max': 40.0029411315918, 'mean': 38.404881068638396, 'count': 7, 'sum': 268.83416748046875, 'median': 38.41117477416992}","(78.05135267700007, 18.638141734000044, 78.12035163300004, 18.70039857300003)",01-05-2023.geojson,Nizamabad South,,,,,
Medak,TSSD0392,96.69,"{'min': 37.09235382080078, 'max': 40.08142852783203, 'mean': 38.60770961216518, 'count': 28, 'sum': 1081.015869140625, 'median': 38.71763610839844}","(78.48347828600004, 18.052927198000077, 78.58043728400008, 18.186685228000044)",01-05-2023.geojson,Nizampet,,,,,
Kamareddy,TSSD0393,241.59,"{'min': 28.557777404785156, 'max': 38.271053314208984, 'mean': 34.70526462131076, 'count': 72, 'sum': 2498.779052734375, 'median': 35.502052307128906}","(77.84561923400008, 18.09283344800002, 78.00817764400006, 18.34553889500006)",01-05-2023.geojson,Nizamsagar,,,,,
Suryapet,TSSD0394,119.91,"{'min': 38.7405891418457, 'max': 42.105384826660156, 'mean': 39.95366876775568, 'count': 33, 'sum': 1318.4710693359375, 'median': 39.69874954223633}","(79.62642963900004, 17.281058334000022, 79.80860422700005, 17.37862805900005)",01-05-2023.geojson,Noothankal,,,,,
Sangareddy,TSSD0395,259.19,"{'min': 38.27095413208008, 'max': 43.498573303222656, 'mean': 41.08062385110294, 'count': 68, 'sum': 2793.482421875, 'median': 40.91547393798828}","(77.50905262900005, 17.743666096000027, 77.70963585900006, 17.95290998400003)",01-05-2023.geojson,Nyalkal,,,,,
Peddapalli,TSSD0396,148.08,"{'min': 38.0841178894043, 'max': 42.311248779296875, 'mean': 40.11461759868421, 'count': 38, 'sum': 1524.35546875, 'median': 39.90562438964844}","(79.36660364000005, 18.386385288000042, 79.55224107200007, 18.53271052300005)",01-05-2023.geojson,Odela,,,,,
Nagarkurnool,TSSD0397,630.47,"{'min': 34.23588180541992, 'max': 40.47624969482422, 'mean': 37.89045715332031, 'count': 160, 'sum': 6062.47314453125, 'median': 37.927223205566406}","(78.85902477800005, 16.210348460000034, 79.23432760400004, 16.461405856000056)",01-05-2023.geojson,Padara,,,,,
Suryapet,TSSD0398,132.07,"{'min': 37.59749984741211, 'max': 41.621665954589844, 'mean': 39.69084337022569, 'count': 36, 'sum': 1428.870361328125, 'median': 39.5054931640625}","(79.66762645300008, 16.689675125000065, 79.78908743200003, 16.836615472000062)",01-05-2023.geojson,Palakeedu,,,,,
Jangoan,TSSD0399,255.42,"{'min': 38.0260009765625, 'max': 41.598331451416016, 'mean': 39.57968602035985, 'count': 66, 'sum': 2612.25927734375, 'median': 39.513221740722656}","(79.34225257900005, 17.560267294000028, 79.54008752200008, 17.75819989300004)",01-05-2023.geojson,Palakurthy,,,,,
Peddapalli,TSSD0400,137.42,"{'min': 32.10333251953125, 'max': 40.59555435180664, 'mean': 38.688522751266895, 'count': 37, 'sum': 1431.475341796875, 'median': 39.0099983215332}","(79.25348235000007, 18.670677110000042, 79.50381904800008, 18.81832694700006)",01-05-2023.geojson,Palakurthy,,,,,
Jayashankar Bhupalpally,TSSD0401,226.16,"{'min': 35.87533187866211, 'max': 43.372352600097656, 'mean': 39.50224202473958, 'count': 60, 'sum': 2370.134521484375, 'median': 39.66899871826172}","(80.10237686500005, 18.587417120000055, 80.34460111300007, 18.722365577000062)",01-05-2023.geojson,Palmela,,,,,
Bhadradri Kothagudem,TSSD0402,421.11,"{'min': 31.889999389648438, 'max': 40.50714111328125, 'mean': 37.0142041455518, 'count': 111, 'sum': 4108.57666015625, 'median': 37.34428405761719}","(80.57151962200004, 17.50317956400005, 80.86723947600007, 17.895408489000033)",01-05-2023.geojson,Palvancha,,,,,
Wanaparthy,TSSD0403,205.91,"{'min': 37.19133377075195, 'max': 39.499332427978516, 'mean': 38.32469346788194, 'count': 54, 'sum': 2069.533447265625, 'median': 38.23400115966797}","(78.02855847800004, 16.173396301000025, 78.22246788200005, 16.341012469000077)",01-05-2023.geojson,Pangal,,,,,
Medak,TSSD0404,205.14,"{'min': 35.15947341918945, 'max': 38.43000030517578, 'mean': 37.291259765625, 'count': 55, 'sum': 2051.019287109375, 'median': 37.4109992980957}","(77.99790429400008, 17.965407912000046, 78.21345417200007, 18.109216143000026)",01-05-2023.geojson,Papannapet,,,,,
Vikarabad,TSSD0405,227.88,"{'min': 37.14882278442383, 'max': 43.39250183105469, 'mean': 40.17967094809322, 'count': 59, 'sum': 2370.6005859375, 'median': 40.44293975830078}","(77.76414678500004, 17.074105024000062, 77.99328854900006, 17.257275064000055)",01-05-2023.geojson,Pargi,,,,,
Warangal_Rural,TSSD0406,79.71,"{'min': 37.08250045776367, 'max': 40.09000015258789, 'mean': 39.01932983398437, 'count': 20, 'sum': 780.3865966796875, 'median': 39.15062713623047}","(79.645823469, 18.135041913000066, 79.73250177000006, 18.279244378000044)",01-05-2023.geojson,Parkal,,,,,
Warangal_Rural,TSSD0407,161.29,"{'min': 36.93000030517578, 'max': 41.17571258544922, 'mean': 38.958408900669646, 'count': 42, 'sum': 1636.253173828125, 'median': 38.98785400390625}","(79.64445348100008, 17.68264110900003, 79.78084029400003, 17.843589961000077)",01-05-2023.geojson,Parvathagiri,,,,,
Sangareddy,TSSD0408,186.54,"{'min': 35.24263000488281, 'max': 38.999412536621094, 'mean': 36.88590087890625, 'count': 50, 'sum': 1844.2950439453125, 'median': 36.80010986328125}","(78.13716356700007, 17.463618334000046, 78.28967759800008, 17.628094657000076)",01-05-2023.geojson,Patancheruvu,,,,,
Wanaparthy,TSSD0409,199.7,"{'min': 35.92499923706055, 'max': 42.72428512573242, 'mean': 38.62967623197115, 'count': 52, 'sum': 2008.7431640625, 'median': 38.18928527832031}","(77.91611806600008, 16.024587675000078, 78.07471604300008, 16.26834650400002)",01-05-2023.geojson,Pebbair,,,,,
Nalgonda,TSSD0410,534.97,"{'min': 28.64666748046875, 'max': 42.483333587646484, 'mean': 37.012298364433455, 'count': 139, 'sum': 5144.70947265625, 'median': 38.64125061035156}","(79.02131319100005, 16.429164953000054, 79.31131002400008, 16.806345736000026)",01-05-2023.geojson,Peda Adisharla Palli,,,,,
Kamareddy,TSSD0411,93.4,"{'min': 38.59199905395508, 'max': 43.351051330566406, 'mean': 41.32121863731971, 'count': 26, 'sum': 1074.3516845703125, 'median': 41.52216720581055}","(77.64296889100007, 18.23434125800003, 77.79440383200006, 18.363266914000064)",01-05-2023.geojson,Pedda Kodapgal,,,,,
Nagarkurnool,TSSD0412,268.13,"{'min': 34.49470520019531, 'max': 39.70066833496094, 'mean': 37.90485297309028, 'count': 72, 'sum': 2729.1494140625, 'median': 38.103668212890625}","(78.28210328600005, 16.15614634700006, 78.46080747200006, 16.378297329000077)",01-05-2023.geojson,Peddakothapalle,,,,,
Wanaparthy,TSSD0413,184.53,"{'min': 35.3125, 'max': 42.10066604614258, 'mean': 39.98197937011719, 'count': 48, 'sum': 1919.135009765625, 'median': 40.467376708984375}","(77.91764372000006, 16.364835636000066, 78.12790212400006, 16.52562722400006)",01-05-2023.geojson,Peddamandaddi,,,,,
Peddapalli,TSSD0414,249.03,"{'min': 38.02000045776367, 'max': 41.078887939453125, 'mean': 39.10959083446558, 'count': 69, 'sum': 2698.561767578125, 'median': 39.10555648803711}","(79.30969398300005, 18.526543618000062, 79.49350302700003, 18.70415850100005)",01-05-2023.geojson,Peddapalli,,,,,
Mahabubabad,TSSD0415,111.61,"{'min': 37.52466583251953, 'max': 41.03533172607422, 'mean': 39.3992431640625, 'count': 30, 'sum': 1181.977294921875, 'median': 39.337623596191406}","(79.51263601700003, 17.490564388000053, 79.63852224900006, 17.619982297000035)",01-05-2023.geojson,Peddavangara,,,,,
Nalgonda,TSSD0416,289.57,"{'min': 32.48749923706055, 'max': 43.27000045776367, 'mean': 39.75332601968344, 'count': 77, 'sum': 3061.006103515625, 'median': 39.783748626708984}","(79.13353438500008, 16.575213949000045, 79.36044542900004, 16.832719401000077)",01-05-2023.geojson,Peddavoora,,,,,
Vikarabad,TSSD0417,240.11,"{'min': 36.94809341430664, 'max': 43.317779541015625, 'mean': 40.19581259450605, 'count': 62, 'sum': 2492.140380859375, 'median': 40.279090881347656}","(77.51261111400004, 17.261553169000024, 77.72573047400004, 17.456603014000052)",01-05-2023.geojson,Peddemul,,,,,
Jagtial,TSSD0418,131.5,"{'min': 35.382999420166016, 'max': 38.9088249206543, 'mean': 37.90437227136948, 'count': 34, 'sum': 1288.7486572265625, 'median': 37.944488525390625}","(79.00313586800007, 18.638171251000074, 79.13566837800005, 18.76691388300003)",01-05-2023.geojson,Pegadapalli,,,,,
Nirmal,TSSD0419,315.89,"{'min': 37.88999938964844, 'max': 44.38368606567383, 'mean': 40.77950080422794, 'count': 85, 'sum': 3466.257568359375, 'median': 40.52899932861328}","(78.48200096200003, 19.08543736100006, 78.72744941700006, 19.317058780000025)",01-05-2023.geojson,Pembi,,,,,
Kumurambheem Asifabad,TSSD0420,209.6,"{'min': 35.80263137817383, 'max': 42.119998931884766, 'mean': 38.476937430245535, 'count': 56, 'sum': 2154.70849609375, 'median': 38.358497619628906}","(79.66386794600004, 19.199781307000023, 79.94222848200008, 19.367035272000066)",01-05-2023.geojson,Penchikalpet,,,,,
Suryapet,TSSD0421,190.1,"{'min': 38.307334899902344, 'max': 43.340667724609375, 'mean': 41.02829159007353, 'count': 51, 'sum': 2092.44287109375, 'median': 41.18466567993164}","(79.59300492900007, 16.958133916000065, 79.81245856700008, 17.09085837200007)",01-05-2023.geojson,Penpahad,,,,,
Nagarkurnool,TSSD0422,100.6,"{'min': 37.920589447021484, 'max': 40.06624984741211, 'mean': 39.0937333540483, 'count': 22, 'sum': 860.0621337890625, 'median': 39.14875030517578}","(78.18107699600006, 16.00532167600005, 78.32316639500004, 16.139543263000064)",01-05-2023.geojson,Pentlavelli,,,,,
Khammam,TSSD0423,273.41,"{'min': 34.25, 'max': 39.61461639404297, 'mean': 37.429039849175346, 'count': 72, 'sum': 2694.890869140625, 'median': 37.633846282958984}","(80.59580834400003, 17.100783087000025, 80.77536110100004, 17.320991373000027)",01-05-2023.geojson,Penuballi,,,,,
Bhadradri Kothagudem,TSSD0424,237.05,"{'min': 32.14374923706055, 'max': 40.03153991699219, 'mean': 36.57095102163461, 'count': 65, 'sum': 2377.11181640625, 'median': 36.68714141845703}","(80.60213672700007, 17.921962273000076, 80.77371604900003, 18.158406092000064)",01-05-2023.geojson,Pinapaka,,,,,
Vikarabad,TSSD0425,206.05,"{'min': 36.96111297607422, 'max': 44.92733383178711, 'mean': 41.39655671296296, 'count': 54, 'sum': 2235.4140625, 'median': 42.31130599975586}","(77.89676249700005, 17.131204728000057, 78.06049801700004, 17.32409672800003)",01-05-2023.geojson,Pudur,,,,,
Sangareddy,TSSD0426,148.67,"{'min': 28.625999450683594, 'max': 44.316001892089844, 'mean': 38.083404541015625, 'count': 40, 'sum': 1523.336181640625, 'median': 39.107662200927734}","(77.90516574499998, 17.65983009000007, 78.07454656600015, 17.812841045000027)",01-05-2023.geojson,Pulkal,,,,,
Medchal_Malkajgiri,TSSD0427,43.97,"{'min': 35.9970588684082, 'max': 38.662940979003906, 'mean': 37.10356140136719, 'count': 10, 'sum': 371.0356140136719, 'median': 37.038692474365234}","(78.38920413800008, 17.480972, 78.50036789700005, 17.561433864000037)",01-05-2023.geojson,Quthbullapur,,,,,
Khammam,TSSD0428,192.3,"{'min': 37.159332275390625, 'max': 41.23181915283203, 'mean': 38.8533984375, 'count': 50, 'sum': 1942.669921875, 'median': 38.88916778564453}","(80.13318105300004, 17.232712673000037, 80.34275288000003, 17.401110535000043)",01-05-2023.geojson,Raghunadhapalem,,,,,
Jangoan,TSSD0429,251.68,"{'min': 34.324737548828125, 'max': 39.720001220703125, 'mean': 37.81617304104478, 'count': 67, 'sum': 2533.68359375, 'median': 37.856666564941406}","(79.17884629500008, 17.67337913600005, 79.37330906100004, 17.858329210000022)",01-05-2023.geojson,Ragunathpally,,,,,
Jagtial,TSSD0430,266.42,"{'min': 36.82428741455078, 'max': 42.38100051879883, 'mean': 39.112490525886194, 'count': 67, 'sum': 2620.536865234375, 'median': 38.984737396240234}","(78.72887764300003, 18.831214958000032, 78.93391600400008, 19.071133686000053)",01-05-2023.geojson,Raikal,,,,,
Sangareddy,TSSD0431,223.22,"{'min': 31.395334243774414, 'max': 45.82411575317383, 'mean': 41.67052801724138, 'count': 58, 'sum': 2416.890625, 'median': 43.37151336669922}","(77.66777327100004, 17.76655052700005, 77.88238395400003, 17.93163760300007)",01-05-2023.geojson,Raikode,,,,,
Warangal_Rural,TSSD0432,219.17,"{'min': 33.4566650390625, 'max': 41.52166748046875, 'mean': 39.59534912109375, 'count': 60, 'sum': 2375.720947265625, 'median': 40.13357162475586}","(79.48142998600008, 17.619651097000144, 79.69554202900008, 17.76142627300004)",01-05-2023.geojson,Raiparthy,,,,,
Siddipet,TSSD0433,104.17,"{'min': 37.753334045410156, 'max': 41.00764846801758, 'mean': 38.921003670528016, 'count': 29, 'sum': 1128.7091064453125, 'median': 38.97888946533203}","(78.55726942800004, 17.83236618500007, 78.68891396900005, 17.985113187000024)",01-05-2023.geojson,Raipole,,,,,
Kamareddy,TSSD0434,126.93,"{'min': 36.07588195800781, 'max': 41.6150016784668, 'mean': 38.459968118106616, 'count': 34, 'sum': 1307.638916015625, 'median': 38.39627456665039}","(78.21768245400006, 18.146799025000064, 78.37609676800008, 18.26765991900004)",01-05-2023.geojson,Rajampet,,,,,
Yadadri Bhuvanagiri,TSSD0435,197.22,"{'min': 35.9542121887207, 'max': 39.150001525878906, 'mean': 37.55998136559311, 'count': 49, 'sum': 1840.4390869140625, 'median': 37.58333206176758}","(78.85825081100006, 17.654937046000043, 79.01597518100004, 17.812669696000057)",01-05-2023.geojson,Rajapeta,,,,,
Mahabubnagar,TSSD0436,125.06,"{'min': 37.721763610839844, 'max': 41.9913330078125, 'mean': 40.1078311695772, 'count': 34, 'sum': 1363.666259765625, 'median': 40.30274963378906}","(78.07616216600007, 16.827293433000023, 78.23953804100006, 16.936410312000078)",01-05-2023.geojson,Rajapur,,,,,
Rangareddy,TSSD0437,48.26,"{'min': 32.66999816894531, 'max': 38.381248474121094, 'mean': 36.45071614583333, 'count': 15, 'sum': 546.7607421875, 'median': 36.6037483215332}","(78.37469952800006, 17.27932147300004, 78.46010745500007, 17.37208799600006)",01-05-2023.geojson,Rajendranagar,,,,,
Jogulamba Gadwal,TSSD0438,129.05,"{'min': 36.0970573425293, 'max': 43.32857131958008, 'mean': 39.49381031709559, 'count': 34, 'sum': 1342.78955078125, 'median': 38.955291748046875}","(77.64468695100004, 15.874725880000028, 77.86920549500007, 15.955733610000038)",01-05-2023.geojson,Rajoli,,,,,
Sangareddy,TSSD0439,76.01,"{'min': 34.119998931884766, 'max': 36.92625045776367, 'mean': 36.0604248046875, 'count': 19, 'sum': 685.1480712890625, 'median': 36.27000045776367}","(78.20639802000005, 17.42785604100004, 78.31670013100006, 17.529947374000074)",01-05-2023.geojson,Ramachandrapuram,,,,,
Karimnagar,TSSD0440,134.02,"{'min': 37.28333282470703, 'max': 41.84222412109375, 'mean': 39.065911370354726, 'count': 37, 'sum': 1445.438720703125, 'median': 39.12058639526367}","(79.02101613600007, 18.468415441000047, 79.13300998100004, 18.662426753000034)",01-05-2023.geojson,Ramadugu,,,,,
Peddapalli,TSSD0441,174.25,"{'min': 36.5533332824707, 'max': 42.10857009887695, 'mean': 39.8805098100142, 'count': 44, 'sum': 1754.742431640625, 'median': 40.165794372558594}","(79.49644329500006, 18.537401654000064, 79.64857378700003, 18.777236066000057)",01-05-2023.geojson,Ramagiri,,,,,
Peddapalli,TSSD0442,113.66,"{'min': 35.62294006347656, 'max': 40.4935302734375, 'mean': 38.279966292842744, 'count': 31, 'sum': 1186.678955078125, 'median': 38.25}","(79.41357231200004, 18.674221571000032, 79.54617280200006, 18.82875034600005)",01-05-2023.geojson,Ramagundam,,,,,
Yadadri Bhuvanagiri,TSSD0443,229.79,"{'min': 36.304443359375, 'max': 42.17333221435547, 'mean': 40.0755859375, 'count': 60, 'sum': 2404.53515625, 'median': 40.40457534790039}","(78.98814184100007, 17.24503517000005, 79.25341493800005, 17.371267423000063)",01-05-2023.geojson,Ramannapet,,,,,
Kamareddy,TSSD0444,168.07,"{'min': 34.37470626831055, 'max': 38.28333282470703, 'mean': 36.76553131813227, 'count': 43, 'sum': 1580.9178466796875, 'median': 36.970001220703125}","(78.30521243600003, 18.353492533000065, 78.49228659800008, 18.483468182000024)",01-05-2023.geojson,Ramareddy,,,,,
Medak,TSSD0445,151.12,"{'min': 35.067779541015625, 'max': 38.27941131591797, 'mean': 36.99689737955729, 'count': 36, 'sum': 1331.8883056640625, 'median': 37.014705657958984}","(78.30425113600006, 18.0235726680001, 78.52133388100003, 18.202632038000047)",01-05-2023.geojson,Ramayampet,,,,,
Kumurambheem Asifabad,TSSD0446,259.91,"{'min': 38.37555694580078, 'max': 45.26599884033203, 'mean': 42.5935546875, 'count': 70, 'sum': 2981.548828125, 'median': 42.778831481933594}","(79.32166087900004, 19.178187793000063, 79.54911338400007, 19.34967844600004)",01-05-2023.geojson,Rebbena,,,,,
Medak,TSSD0447,80.04,"{'min': 36.871177673339844, 'max': 44.6966667175293, 'mean': 42.10623474121094, 'count': 20, 'sum': 842.1246948242188, 'median': 42.90117645263672}","(77.79480732300004, 17.899738504000027, 77.90762447000003, 18.02227582200004)",01-05-2023.geojson,Regode,,,,,
Jayashankar Bhupalpally,TSSD0448,230.7,"{'min': 35.74733352661133, 'max': 41.125999450683594, 'mean': 38.660503840042374, 'count': 59, 'sum': 2280.9697265625, 'median': 38.63705825805664}","(79.69264018100006, 18.156703452000045, 79.86309632500007, 18.338586973000076)",01-05-2023.geojson,Regonda,,,,,
Nizamabad,TSSD0449,113.22,"{'min': 37.94789505004883, 'max': 43.36428451538086, 'mean': 40.2771240234375, 'count': 30, 'sum': 1208.313720703125, 'median': 39.338470458984375}","(77.86138268200006, 18.703789855000025, 78.00478559000004, 18.827805693000073)",01-05-2023.geojson,Renjal,,,,,
Wanaparthy,TSSD0450,123.03,"{'min': 36.258235931396484, 'max': 40.08866500854492, 'mean': 38.259593290441174, 'count': 34, 'sum': 1300.826171875, 'median': 38.28687286376953}","(78.18099529600005, 16.28925188900007, 78.31347526600007, 16.41654954300003)",01-05-2023.geojson,Revally,,,,,
Rajanna Sircilla,TSSD0451,102.53,"{'min': 33.41555404663086, 'max': 41.145999908447266, 'mean': 37.49027193509615, 'count': 26, 'sum': 974.7470703125, 'median': 37.813331604003906}","(78.58056651000004, 18.58307069400007, 78.73259018200008, 18.69041016700004)",01-05-2023.geojson,Rudrangi,,,,,
Nizamabad,TSSD0452,49.47,"{'min': 37.71105194091797, 'max': 39.7405891418457, 'mean': 38.9906005859375, 'count': 15, 'sum': 584.8590087890625, 'median': 39.06529235839844}","(77.83311309200008, 18.52944754200007, 77.90865557200004, 18.627816633000066)",01-05-2023.geojson,Rudrur,,,,,
Kamareddy,TSSD0453,196.13,"{'min': 35.22999954223633, 'max': 44.551177978515625, 'mean': 40.593077461674525, 'count': 53, 'sum': 2151.43310546875, 'median': 40.79999923706055}","(78.13861896100008, 18.353770851000036, 78.32975145300009, 18.507260761000055)",01-05-2023.geojson,Sadashivnagar,,,,,
Sangareddy,TSSD0454,248.56,"{'min': 35.59000015258789, 'max': 44.68111038208008, 'mean': 41.271534639246326, 'count': 68, 'sum': 2806.46435546875, 'median': 41.63230895996094}","(77.85634040500008, 17.56144371700003, 78.05470115400004, 17.744826153000076)",01-05-2023.geojson,Sadasivpet,,,,,
Hyderabad,TSSD0455,4.44,"{'min': 39.11000061035156, 'max': 39.11000061035156, 'mean': 39.11000061035156, 'count': 1, 'sum': 39.11000061035156, 'median': 39.11000061035156}","(78.49666183500005, 17.34852849400005, 78.52105110000008, 17.37992626500005)",01-05-2023.geojson,Saidabad,,,,,
Sangareddy,TSSD0456,85.0,"{'min': 32.73947525024414, 'max': 38.22111129760742, 'mean': 36.546151297433035, 'count': 21, 'sum': 767.4691772460938, 'median': 36.8466682434082}","(78.04085741600005, 17.553553519000047, 78.16506055600007, 17.67324188400005)",01-05-2023.geojson,Sangareddy,,,,,
Warangal_Rural,TSSD0457,147.68,"{'min': 34.91266632080078, 'max': 40.582305908203125, 'mean': 38.763925652754935, 'count': 38, 'sum': 1473.0291748046875, 'median': 39.16752624511719}","(79.62671724200004, 17.820931420000022, 79.79112790100004, 17.944659224000077)",01-05-2023.geojson,Sangem,,,,,
Jagtial,TSSD0458,143.97,"{'min': 36.67399978637695, 'max': 40.67124938964844, 'mean': 38.64939024390244, 'count': 41, 'sum': 1584.625, 'median': 38.457000732421875}","(78.88862723900007, 18.84957074600004, 79.01218592200007, 19.00894877500002)",01-05-2023.geojson,Sarangapur,,,,,
Nirmal,TSSD0459,255.36,"{'min': 36.415000915527344, 'max': 45.40299987792969, 'mean': 40.77150287050189, 'count': 66, 'sum': 2690.919189453125, 'median': 40.64699935913086}","(78.17542674100008, 19.119711206000034, 78.37414495300004, 19.317393956000046)",01-05-2023.geojson,Sarangapur,,,,,
Khammam,TSSD0460,285.22,"{'min': 32.30428695678711, 'max': 38.3316650390625, 'mean': 35.536106057363014, 'count': 73, 'sum': 2594.1357421875, 'median': 35.806922912597656}","(80.75683769000005, 17.117241266000065, 80.92560532200008, 17.37735310100004)",01-05-2023.geojson,Sathupally,,,,,
Hyderabad,TSSD0461,3.33,"{'min': 36.231109619140625, 'max': 36.231109619140625, 'mean': 36.231109619140625, 'count': 1, 'sum': 36.231109619140625, 'median': 36.231109619140625}","(78.46963204300005, 17.426530425000067, 78.49977880800003, 17.44386382500005)",01-05-2023.geojson,Secunderabad,,,,,
Rangareddy,TSSD0462,96.56,"{'min': 34.60529327392578, 'max': 37.13823699951172, 'mean': 36.00274876185826, 'count': 28, 'sum': 1008.0769653320312, 'median': 36.07124328613281}","(78.27172464700004, 17.409225719000062, 78.40724610200004, 17.522654105000072)",01-05-2023.geojson,Serilingampalle,,,,,
Rangareddy,TSSD0463,232.51,"{'min': 37.07706069946289, 'max': 44.68466567993164, 'mean': 40.07413456357759, 'count': 58, 'sum': 2324.2998046875, 'median': 39.59312438964844}","(78.04592706400007, 17.084200252000073, 78.25929582200007, 17.259301650000054)",01-05-2023.geojson,Shabad,,,,,
Hyderabad,TSSD0464,23.35,"{'min': 35.62789535522461, 'max': 36.56999969482422, 'mean': 36.18909454345703, 'count': 6, 'sum': 217.1345672607422, 'median': 36.20888900756836}","(78.38838433400008, 17.386491415000023, 78.45185860300006, 17.441244402000052)",01-05-2023.geojson,Shaikpet,,,,,
Nalgonda,TSSD0465,228.95,"{'min': 34.59400177001953, 'max': 44.88333511352539, 'mean': 40.581119791666666, 'count': 60, 'sum': 2434.8671875, 'median': 40.46177673339844}","(79.28719940500008, 17.21166416600005, 79.50079969900008, 17.35925323300006)",01-05-2023.geojson,Shaligouraram,,,,,
Medchal_Malkajgiri,TSSD0466,150.73,"{'min': 34.0977783203125, 'max': 37.18789291381836, 'mean': 35.9982177734375, 'count': 40, 'sum': 1439.9287109375, 'median': 35.9975471496582}","(78.49393641100005, 17.536372458000073, 78.65615437000014, 17.695841263000034)",01-05-2023.geojson,Shamirpet,,,,,
Rangareddy,TSSD0467,199.4,"{'min': 34.83124923706055, 'max': 39.397499084472656, 'mean': 37.43313363882211, 'count': 52, 'sum': 1946.52294921875, 'median': 37.52073669433594}","(78.23263628200004, 17.145048406000058, 78.43688465000008, 17.322722112000065)",01-05-2023.geojson,Shamshabad,,,,,
Medak,TSSD0468,142.04,"{'min': 31.399999618530273, 'max': 38.24444580078125, 'mean': 36.48964329769737, 'count': 38, 'sum': 1386.6064453125, 'median': 37.07989501953125}","(77.85211008600004, 17.994571649000022, 78.00442992900008, 18.123550200000068)",01-05-2023.geojson,Shankarampet_A,,,,,
Karimnagar,TSSD0469,144.28,"{'min': 38.03588104248047, 'max': 41.474998474121094, 'mean': 39.910614013671875, 'count': 40, 'sum': 1596.424560546875, 'median': 39.959529876708984}","(79.25766646100004, 18.226704529000074, 79.40468523700008, 18.368117502000075)",01-05-2023.geojson,Shankarapatnam,,,,,
Rangareddy,TSSD0470,210.66,"{'min': 35.64411926269531, 'max': 44.31111145019531, 'mean': 39.807261321504235, 'count': 59, 'sum': 2348.62841796875, 'median': 39.82411575317383}","(78.03518070400008, 17.36271017200005, 78.28884776000007, 17.519074225000054)",01-05-2023.geojson,Shankarpalle,,,,,
Warangal_Rural,TSSD0471,116.47,"{'min': 33.947776794433594, 'max': 38.36176300048828, 'mean': 37.29863357543945, 'count': 32, 'sum': 1193.5562744140625, 'median': 37.59764862060547}","(79.65749409800003, 18.09115618000004, 79.85468848500005, 18.192367870000055)",01-05-2023.geojson,Shayampet,,,,,
Medak,TSSD0472,193.23,"{'min': 35.529998779296875, 'max': 40.62666702270508, 'mean': 37.21686164700255, 'count': 49, 'sum': 1823.626220703125, 'median': 36.88888931274414}","(78.29506747900007, 17.69907432800005, 78.44788785400004, 17.878551977000086)",01-05-2023.geojson,Shivampet,,,,,
Siddipet,TSSD0473,112.6,"{'min': 36.98400115966797, 'max': 39.262630462646484, 'mean': 37.95649937220982, 'count': 28, 'sum': 1062.781982421875, 'median': 37.930030822753906}","(78.71740480300008, 18.05814766800006, 78.82931055600005, 18.221303904000138)",01-05-2023.geojson,Siddipet_Rural,,,,,
Siddipet,TSSD0474,140.55,"{'min': 35.86619186401367, 'max': 38.7140007019043, 'mean': 37.20965576171875, 'count': 36, 'sum': 1339.547607421875, 'median': 37.04863739013672}","(78.77407040900005, 18.036517040000035, 78.93338480300008, 18.152979642000048)",01-05-2023.geojson,Siddipet_Urban,,,,,
Khammam,TSSD0475,248.58,"{'min': 36.281429290771484, 'max': 42.17333221435547, 'mean': 39.39455032348633, 'count': 64, 'sum': 2521.251220703125, 'median': 39.433570861816406}","(80.19501777600004, 17.426341041000057, 80.47158959500007, 17.577896090000024)",01-05-2023.geojson,Singareni,,,,,
Rajanna Sircilla,TSSD0476,53.12,"{'min': 36.08523941040039, 'max': 39.808998107910156, 'mean': 38.632947649274556, 'count': 14, 'sum': 540.8612670898438, 'median': 38.9010009765625}","(78.74143609700008, 18.35280534900005, 78.85232997100007, 18.43330245100003)",01-05-2023.geojson,Sircilla,,,,,
Sangareddy,TSSD0477,119.81,"{'min': 35.819000244140625, 'max': 44.31999969482422, 'mean': 40.16592610677083, 'count': 30, 'sum': 1204.977783203125, 'median': 40.385093688964844}","(77.63761782900008, 18.101238527000078, 77.80019010900008, 18.20600259400004)",01-05-2023.geojson,Sirgapoor,,,,,
Adilabad,TSSD0478,202.11,"{'min': 37.720001220703125, 'max': 45.26300048828125, 'mean': 42.02410210503472, 'count': 54, 'sum': 2269.301513671875, 'median': 42.257389068603516}","(78.50741267300003, 19.29955482500003, 78.69361824700007, 19.472598296000115)",01-05-2023.geojson,Sirikonda,,,,,
Nizamabad,TSSD0479,334.45,"{'min': 33.94293975830078, 'max': 40.30646896362305, 'mean': 37.48429731889205, 'count': 88, 'sum': 3298.6181640625, 'median': 37.338165283203125}","(78.38760279100006, 18.43949633400007, 78.61969949700006, 18.654543137000076)",01-05-2023.geojson,Sirikonda,,,,,
Kumurambheem Asifabad,TSSD0480,336.55,"{'min': 36.6184196472168, 'max': 44.136314392089844, 'mean': 39.94389307776163, 'count': 86, 'sum': 3435.1748046875, 'median': 39.84894561767578}","(79.45414155100008, 19.378014544000052, 79.70518129200008, 19.576127453000026)",01-05-2023.geojson,Sirpur_T,,,,,
Kumurambheem Asifabad,TSSD0481,188.92,"{'min': 38.82238006591797, 'max': 45.65420913696289, 'mean': 43.1775244140625, 'count': 50, 'sum': 2158.876220703125, 'median': 43.42754364013672}","(78.86004844600006, 19.270764704000044, 79.06911914200003, 19.420337200000063)",01-05-2023.geojson,Sirpur_U,,,,,
Nirmal,TSSD0482,83.77,"{'min': 29.17588233947754, 'max': 40.2400016784668, 'mean': 36.616234188988095, 'count': 21, 'sum': 768.94091796875, 'median': 38.48579025268555}","(78.27684201200003, 18.95122860600003, 78.41145082100007, 19.069772912000076)",01-05-2023.geojson,Soan,,,,,
Peddapalli,TSSD0483,188.77,"{'min': 38.887779235839844, 'max': 42.494998931884766, 'mean': 40.64553653492647, 'count': 51, 'sum': 2072.92236328125, 'median': 40.66999816894531}","(79.43915173000005, 18.412581072000023, 79.59585151700009, 18.604812498000058)",01-05-2023.geojson,Srirampur,,,,,
Wanaparthy,TSSD0484,78.54,"{'min': 34.36333465576172, 'max': 38.18600082397461, 'mean': 36.88673095703125, 'count': 20, 'sum': 737.734619140625, 'median': 36.919288635253906}","(77.99102928900004, 16.130406421000032, 78.08846242100003, 16.26036345500006)",01-05-2023.geojson,Srirangapur,,,,,
Bhadradri Kothagudem,TSSD0485,105.54,"{'min': 36.12333297729492, 'max': 42.70454406738281, 'mean': 40.31482369559152, 'count': 28, 'sum': 1128.8150634765625, 'median': 40.55205154418945}","(80.48722315900005, 17.43343624000005, 80.65641156200007, 17.547570692000022)",01-05-2023.geojson,Sujathanagar,,,,,
Peddapalli,TSSD0486,165.88,"{'min': 37.15999984741211, 'max': 40.248748779296875, 'mean': 38.91463123668324, 'count': 44, 'sum': 1712.2437744140625, 'median': 38.86176300048828}","(79.21551160500007, 18.440055271000062, 79.39913112200009, 18.60634948300003)",01-05-2023.geojson,Sultanabad,,,,,
Suryapet,TSSD0487,218.55,"{'min': 31.837142944335938, 'max': 41.817142486572266, 'mean': 39.24669339364035, 'count': 57, 'sum': 2237.0615234375, 'median': 39.37461471557617}","(79.49048435600008, 17.06180805200006, 79.66976062200007, 17.28486849600006)",01-05-2023.geojson,Suryapet,,,,,
Nagarkurnool,TSSD0488,226.32,"{'min': 37.885555267333984, 'max': 41.626251220703125, 'mean': 39.57908974924395, 'count': 62, 'sum': 2453.903564453125, 'median': 39.57500076293945}","(78.26727079000005, 16.49459693400007, 78.45711110600007, 16.688643456000023)",01-05-2023.geojson,Tadoor,,,,,
Mulugu,TSSD0489,839.17,"{'min': 32.488887786865234, 'max': 38.83142852783203, 'mean': 36.36510670513188, 'count': 218, 'sum': 7927.59326171875, 'median': 36.62512969970703}","(80.10419615200004, 17.996319820000053, 80.48000297700008, 18.393553888000042)",01-05-2023.geojson,Tadvai (Sammakka Sarakka),,,,,
Kamareddy,TSSD0490,177.12,"{'min': 36.02882385253906, 'max': 42.22578811645508, 'mean': 40.57613551363032, 'count': 47, 'sum': 1907.078369140625, 'median': 40.87105178833008}","(78.15208823200004, 18.213409773000024, 78.30662145900004, 18.383527335000053)",01-05-2023.geojson,Tadwai,,,,,
Rangareddy,TSSD0491,245.69,"{'min': 36.0837516784668, 'max': 40.383750915527344, 'mean': 38.513779148910984, 'count': 66, 'sum': 2541.909423828125, 'median': 38.78580856323242}","(78.32295389600006, 16.777295856000023, 78.50523085400005, 16.961749273000066)",01-05-2023.geojson,Talakondapally,,,,,
Adilabad,TSSD0492,285.66,"{'min': 36.801578521728516, 'max': 45.60222244262695, 'mean': 41.68454554461051, 'count': 69, 'sum': 2876.233642578125, 'median': 42.28789520263672}","(78.26295216300008, 19.53761522600007, 78.49682900700003, 19.716183126000033)",01-05-2023.geojson,Talamadugu,,,,,
Adilabad,TSSD0493,97.7,"{'min': 40.07555389404297, 'max': 46.8447380065918, 'mean': 44.28998480902778, 'count': 27, 'sum': 1195.82958984375, 'median': 44.438419342041016}","(78.33972411600007, 19.63174893000007, 78.51576933100006, 19.752904132000026)",01-05-2023.geojson,Tamsi,,,,,
Mancherial,TSSD0494,177.0,"{'min': 36.54888916015625, 'max': 44.60789489746094, 'mean': 40.279443359375, 'count': 50, 'sum': 2013.97216796875, 'median': 39.95500183105469}","(79.32361030500005, 19.082851204000065, 79.57052485400004, 19.226889392000032)",01-05-2023.geojson,Tandur,,,,,
Vikarabad,TSSD0495,240.33,"{'min': 37.728179931640625, 'max': 44.150001525878906, 'mean': 40.92491149902344, 'count': 64, 'sum': 2619.1943359375, 'median': 41.24832534790039}","(77.43695612500005, 17.209464535000052, 77.67739970400004, 17.402500187000044)",01-05-2023.geojson,Tandur,,,,,
Nirmal,TSSD0496,217.5,"{'min': 41.1510009765625, 'max': 47.07842254638672, 'mean': 44.4091796875, 'count': 59, 'sum': 2620.1416015625, 'median': 44.4042854309082}","(77.76173454100007, 18.90445741800005, 77.90387245800008, 19.155003113000078)",01-05-2023.geojson,Tanoor,,,,,
Medak,TSSD0497,138.61,"{'min': 36.90262985229492, 'max': 41.89666748046875, 'mean': 39.131623920641445, 'count': 38, 'sum': 1487.001708984375, 'median': 38.74315643310547}","(77.96914892900008, 17.877695860000074, 78.09576951400004, 18.071839029000046)",01-05-2023.geojson,Tekmal,,,,,
Bhadradri Kothagudem,TSSD0498,467.77,"{'min': 35.26142883300781, 'max': 41.43571472167969, 'mean': 38.54200819672131, 'count': 122, 'sum': 4702.125, 'median': 38.52642822265625}","(80.37730808200007, 17.508099650000077, 80.62125353800008, 17.765024521000043)",01-05-2023.geojson,Tekulapalle,,,,,
Jayashankar Bhupalpally,TSSD0499,105.62,"{'min': 40.54066848754883, 'max': 42.91143035888672, 'mean': 41.651663643973215, 'count': 28, 'sum': 1166.24658203125, 'median': 41.47944641113281}","(79.56830471500007, 18.351151408000078, 79.68021060700005, 18.481462286000067)",01-05-2023.geojson,Tekumatla,,,,,
Nagarkurnool,TSSD0500,246.35,"{'min': 37.12555694580078, 'max': 42.003334045410156, 'mean': 39.56267166137695, 'count': 64, 'sum': 2532.010986328125, 'median': 39.49610137939453}","(78.34696131600003, 16.292821352000033, 78.51629761100008, 16.523862474000055)",01-05-2023.geojson,Telkapalle,,,,,
Khammam,TSSD0501,201.36,"{'min': 33.436153411865234, 'max': 39.86000061035156, 'mean': 37.83177329009434, 'count': 53, 'sum': 2005.083984375, 'median': 37.97615432739258}","(80.37659267100008, 17.090031495000062, 80.51879083800003, 17.305187707000073)",01-05-2023.geojson,Thallada,,,,,
Rajanna Sircilla,TSSD0502,188.9,"{'min': 30.329999923706055, 'max': 40.578887939453125, 'mean': 38.14992816631611, 'count': 52, 'sum': 1983.7962646484375, 'median': 39.049110412597656}","(78.72705830300004, 18.25399247500019, 78.94322523800008, 18.414849795000066)",01-05-2023.geojson,Thangallapalli,,,,,
Jangoan,TSSD0503,85.48,"{'min': 36.8380012512207, 'max': 40.13249969482422, 'mean': 38.408412388392854, 'count': 21, 'sum': 806.57666015625, 'median': 38.1184196472168}","(79.11661335800005, 17.901698373000045, 79.23410722300008, 17.998869741000078)",01-05-2023.geojson,Tharigoppula,,,,,
Nagarkurnool,TSSD0504,211.8,"{'min': 37.341251373291016, 'max': 41.68199920654297, 'mean': 39.71886992872807, 'count': 57, 'sum': 2263.9755859375, 'median': 39.75374984741211}","(78.12774301200005, 16.58719177000006, 78.30066679700008, 16.739122914000063)",01-05-2023.geojson,Thimmajipeta,,,,,
Karimnagar,TSSD0505,159.28,"{'min': 31.195453643798828, 'max': 40.101112365722656, 'mean': 38.26626657885174, 'count': 43, 'sum': 1645.449462890625, 'median': 38.93333435058594}","(79.10148313700006, 18.256739006000032, 79.27138762700008, 18.42426985000003)",01-05-2023.geojson,Thimmapur,,,,,
Siddipet,TSSD0506,163.65,"{'min': 31.19631576538086, 'max': 40.045555114746094, 'mean': 36.58156950577445, 'count': 46, 'sum': 1682.752197265625, 'median': 37.49922180175781}","(78.64082299900008, 17.935194339000077, 78.80609777400008, 18.103813367000043)",01-05-2023.geojson,Thoguta,,,,,
Mahabubabad,TSSD0507,190.94,"{'min': 36.602500915527344, 'max': 40.41133499145508, 'mean': 38.83065541585287, 'count': 48, 'sum': 1863.8714599609375, 'median': 38.91410827636719}","(79.57724589900005, 17.48583601000007, 79.73451208900008, 17.685591776000024)",01-05-2023.geojson,Thorrur,,,,,
Suryapet,TSSD0508,155.64,"{'min': 36.12647247314453, 'max': 40.09000015258789, 'mean': 38.57709166061046, 'count': 43, 'sum': 1658.81494140625, 'median': 38.68600082397461}","(79.53306376300003, 17.336875194000072, 79.65698014400004, 17.505487876000075)",01-05-2023.geojson,Thungathurthy,,,,,
Nalgonda,TSSD0509,191.03,"{'min': 39.2464714050293, 'max': 43.83533477783203, 'mean': 42.03643918504902, 'count': 51, 'sum': 2143.8583984375, 'median': 42.32733154296875}","(79.30130099300004, 16.962640196000052, 79.50775880800006, 17.107243536000055)",01-05-2023.geojson,Tipparthy,,,,,
Suryapet,TSSD0510,133.14,"{'min': 38.716251373291016, 'max': 42.23533248901367, 'mean': 40.42734723772321, 'count': 35, 'sum': 1414.9571533203125, 'median': 40.53799819946289}","(79.36516547400004, 17.434097946000065, 79.57840336100008, 17.524158415000045)",01-05-2023.geojson,Tirumalagiri,,,,,
Nalgonda,TSSD0511,252.04,"{'min': 37.31133270263672, 'max': 44.56285858154297, 'mean': 40.86300330528846, 'count': 65, 'sum': 2656.09521484375, 'median': 40.77857208251953}","(79.26163271700005, 16.580070085000045, 79.46872681600007, 16.764696361000063)",01-05-2023.geojson,Tirumalagiri_Sagar,,,,,
Khammam,TSSD0512,235.92,"{'min': 38.70750045776367, 'max': 42.209999084472656, 'mean': 40.49799649677579, 'count': 63, 'sum': 2551.373779296875, 'median': 40.486000061035156}","(79.80212475200005, 17.26260219900007, 80.05769935000006, 17.405974666000077)",01-05-2023.geojson,Tirumalayapalem,,,,,
Hyderabad,TSSD0513,13.97,"{'min': 36.18157958984375, 'max': 37.3731575012207, 'mean': 37.00255584716797, 'count': 4, 'sum': 148.01022338867188, 'median': 37.22774887084961}","(78.46457994100007, 17.44383310300003, 78.51669244400006, 17.484285331000024)",01-05-2023.geojson,Tirumalgiri,,,,,
Kumurambheem Asifabad,TSSD0514,581.75,"{'min': 35.06700134277344, 'max': 45.573158264160156, 'mean': 40.21569181743421, 'count': 152, 'sum': 6112.78515625, 'median': 40.032997131347656}","(79.03492001100005, 19.050559607000025, 79.39561347700004, 19.31944793300005)",01-05-2023.geojson,Tiryani,,,,,
Nalgonda,TSSD0515,161.12,"{'min': 38.38750076293945, 'max': 42.4913330078125, 'mean': 40.47007446289062, 'count': 40, 'sum': 1618.802978515625, 'median': 40.55666732788086}","(79.38610741200006, 16.71370968100007, 79.55776053800008, 16.93653709800003)",01-05-2023.geojson,Tripuraram,,,,,
Yadadri Bhuvanagiri,TSSD0516,188.2,"{'min': 36.10100173950195, 'max': 39.41777801513672, 'mean': 37.788135235126205, 'count': 52, 'sum': 1964.9830322265625, 'median': 37.680381774902344}","(78.73050890600007, 17.570452835000026, 78.89834246500004, 17.752589976000024)",01-05-2023.geojson,Turkapalle_M,,,,,
Jogulamba Gadwal,TSSD0517,170.36,"{'min': 38.9587516784668, 'max': 46.115333557128906, 'mean': 43.77589593931686, 'count': 43, 'sum': 1882.363525390625, 'median': 44.340667724609375}","(77.88159823500007, 15.863581044000057, 78.08622663000006, 16.053428277000023)",01-05-2023.geojson,Undavelly,,,,,
Medchal_Malkajgiri,TSSD0518,52.14,"{'min': 35.79375076293945, 'max': 38.436668395996094, 'mean': 37.060830923227165, 'count': 13, 'sum': 481.7908020019531, 'median': 37.029998779296875}","(78.51557767600008, 17.36244841100006, 78.59239104200003, 17.472398036000072)",01-05-2023.geojson,Uppal,,,,,
Nagarkurnool,TSSD0519,220.67,"{'min': 34.27941131591797, 'max': 42.66875076293945, 'mean': 39.34514863612288, 'count': 59, 'sum': 2321.36376953125, 'median': 39.189998626708984}","(78.49480188900003, 16.427307790000043, 78.78066858400007, 16.540239662000033)",01-05-2023.geojson,Uppunuthala,,,,,
Nagarkurnool,TSSD0520,151.12,"{'min': 36.65470504760742, 'max': 40.491249084472656, 'mean': 38.896263485863095, 'count': 42, 'sum': 1633.64306640625, 'median': 39.06187438964844}","(78.32047445900008, 16.645373909000057, 78.49203880200008, 16.79728595000006)",01-05-2023.geojson,Urkonda,,,,,
Adilabad,TSSD0521,387.91,"{'min': 36.37727355957031, 'max': 45.69333267211914, 'mean': 41.502759249705186, 'count': 106, 'sum': 4399.29248046875, 'median': 41.741050720214844}","(78.67318644400007, 19.21647222100006, 78.88463769300006, 19.513128066000036)",01-05-2023.geojson,Utnur,,,,,
Karimnagar,TSSD0522,142.44,"{'min': 37.30500030517578, 'max': 40.08250045776367, 'mean': 38.88478811163651, 'count': 38, 'sum': 1477.6219482421875, 'median': 38.903175354003906}","(79.24194008100005, 18.132462591000035, 79.37717220500008, 18.263355341000022)",01-05-2023.geojson,V_Saidapur,,,,,
Nizamabad,TSSD0523,135.3,"{'min': 39.252105712890625, 'max': 42.52111053466797, 'mean': 41.10241021050347, 'count': 36, 'sum': 1479.686767578125, 'median': 41.069313049316406}","(78.33304706400008, 18.693780867000044, 78.47512705800006, 18.85105660800002)",01-05-2023.geojson,Vailpur,,,,,
Yadadri Bhuvanagiri,TSSD0524,316.13,"{'min': 37.208824157714844, 'max': 41.08866500854492, 'mean': 39.22723835270579, 'count': 82, 'sum': 3216.633544921875, 'median': 39.27522277832031}","(78.90535444600005, 17.313647203000073, 79.22099072200007, 17.479032318000066)",01-05-2023.geojson,Valigonda,,,,,
Nagarkurnool,TSSD0525,244.56,"{'min': 36.349998474121094, 'max': 40.47999954223633, 'mean': 38.756144205729164, 'count': 66, 'sum': 2557.905517578125, 'median': 38.98470687866211}","(78.48140456800007, 16.498402209000062, 78.71532448400006, 16.664788172000044)",01-05-2023.geojson,Vangoor,,,,,
Nizamabad,TSSD0526,134.67,"{'min': 36.04899978637695, 'max': 41.32545471191406, 'mean': 39.079736328125, 'count': 35, 'sum': 1367.790771484375, 'median': 39.777366638183594}","(77.84552225000004, 18.434438427000032, 78.04087699300004, 18.57495128000005)",01-05-2023.geojson,Varni,,,,,
Sangareddy,TSSD0527,138.9,"{'min': 30.290000915527344, 'max': 45.60647201538086, 'mean': 40.624094109786185, 'count': 38, 'sum': 1543.715576171875, 'median': 42.79515838623047}","(77.82626219800005, 17.806470842000067, 77.97597402000008, 17.94784828400003)",01-05-2023.geojson,Vatpally,,,,,
Karimnagar,TSSD0528,149.05,"{'min': 39.165000915527344, 'max': 41.77399826049805, 'mean': 40.334686279296875, 'count': 40, 'sum': 1613.387451171875, 'median': 40.33312225341797}","(79.32153135600004, 18.284775453000066, 79.47308686900004, 18.451735262000057)",01-05-2023.geojson,Veenavanka,,,,,
Rajanna Sircilla,TSSD0529,108.34,"{'min': 34.52555465698242, 'max': 40.849998474121094, 'mean': 37.090972900390625, 'count': 28, 'sum': 1038.5472412109375, 'median': 36.947227478027344}","(78.52432514700007, 18.43250137900003, 78.66155136400005, 18.551319524000064)",01-05-2023.geojson,Veernapalli,,,,,
Warangal_Urban,TSSD0530,99.79,"{'min': 38.462223052978516, 'max': 40.744285583496094, 'mean': 39.4509326171875, 'count': 25, 'sum': 986.2733154296875, 'median': 39.463748931884766}","(79.22835213700006, 17.93079546100006, 79.37723082100007, 18.05131547900004)",01-05-2023.geojson,Velair,,,,,
Nagarkurnool,TSSD0531,241.3,"{'min': 38.08882522583008, 'max': 40.448890686035156, 'mean': 38.96490778688525, 'count': 61, 'sum': 2376.859375, 'median': 38.88999938964844}","(78.46270790300008, 16.666440694000073, 78.68353178700005, 16.830959432000043)",01-05-2023.geojson,Veldanda,,,,,
Jagtial,TSSD0532,186.9,"{'min': 32.804443359375, 'max': 40.52058792114258, 'mean': 38.17051977040816, 'count': 49, 'sum': 1870.35546875, 'median': 38.56111145019531}","(79.12494408400005, 18.722845411000037, 79.29767471800005, 18.894953697000062)",01-05-2023.geojson,Velgatur,,,,,
Mancherial,TSSD0533,250.71,"{'min': 34.58882522583008, 'max': 41.900001525878906, 'mean': 38.41218225279851, 'count': 67, 'sum': 2573.6162109375, 'median': 38.258888244628906}","(79.69774836700003, 18.995230109000033, 79.93090835500004, 19.173999767000055)",01-05-2023.geojson,Vemanpalle,,,,,
Khammam,TSSD0534,212.09,"{'min': 35.5428581237793, 'max': 38.977272033691406, 'mean': 37.05357776988637, 'count': 55, 'sum': 2037.94677734375, 'median': 36.9900016784668}","(80.65028236900008, 17.04501079700003, 80.87710057800007, 17.186178728000073)",01-05-2023.geojson,Vemsoor,,,,,
Nalgonda,TSSD0535,112.25,"{'min': 38.42293930053711, 'max': 42.810001373291016, 'mean': 40.655868038054436, 'count': 31, 'sum': 1260.3319091796875, 'median': 40.686248779296875}","(79.49070453100006, 16.89060024500003, 79.61612180500003, 17.07767939000007)",01-05-2023.geojson,Vemulapally,,,,,
Rajanna Sircilla,TSSD0536,84.86,"{'min': 37.834999084472656, 'max': 43.47210693359375, 'mean': 40.58818359375, 'count': 20, 'sum': 811.763671875, 'median': 40.78700256347656}","(78.80779904800005, 18.41516011400006, 78.91545277600005, 18.54459724000003)",01-05-2023.geojson,Vemulawada,,,,,
Rajanna Sircilla,TSSD0537,107.21,"{'min': 30.485790252685547, 'max': 43.47842025756836, 'mean': 38.87648228236607, 'count': 28, 'sum': 1088.54150390625, 'median': 39.04800033569336}","(78.77384337400008, 18.403529220000053, 78.91728096300005, 18.597872276000032)",01-05-2023.geojson,Vemulawada Rural,,,,,
Mulugu,TSSD0538,370.83,"{'min': 31.386667251586914, 'max': 40.19533157348633, 'mean': 36.872848661819305, 'count': 101, 'sum': 3724.15771484375, 'median': 36.91666793823242}","(79.85087728600007, 18.200829315000078, 80.17916133800009, 18.400974098000063)",01-05-2023.geojson,Venkatapur,,,,,
Mulugu,TSSD0539,588.35,"{'min': 32.96500015258789, 'max': 43.07947540283203, 'mean': 37.24523299779647, 'count': 156, 'sum': 5810.25634765625, 'median': 36.52781677246094}","(80.46538317500006, 18.105970334000062, 80.79370483500009, 18.449384397000074)",01-05-2023.geojson,Venkatapuram,,,,,
Vikarabad,TSSD0540,270.72,"{'min': 35.808998107910156, 'max': 43.36750030517578, 'mean': 39.99207379066781, 'count': 73, 'sum': 2919.42138671875, 'median': 39.974998474121094}","(77.79093909400007, 17.228214577000074, 78.02432692200006, 17.44577402500005)",01-05-2023.geojson,Vikarabad,,,,,
Jogulamba Gadwal,TSSD0541,129.2,"{'min': 39.22999954223633, 'max': 45.8650016784668, 'mean': 42.03065074573863, 'count': 33, 'sum': 1387.011474609375, 'median': 41.999332427978516}","(77.71231111200007, 15.89601525300003, 77.89649991000005, 16.018746091000025)",01-05-2023.geojson,Waddepally,,,,,
Wanaparthy,TSSD0542,201.88,"{'min': 36.92333221435547, 'max': 40.38600158691406, 'mean': 39.12841318167892, 'count': 51, 'sum': 1995.549072265625, 'median': 39.321998596191406}","(77.95375639600007, 16.253768913000044, 78.13510940900005, 16.464866955000048)",01-05-2023.geojson,Wanaparthy,,,,,
Kumurambheem Asifabad,TSSD0543,335.2,"{'min': 39.403682708740234, 'max': 46.955265045166016, 'mean': 43.971918150436046, 'count': 86, 'sum': 3781.5849609375, 'median': 43.977970123291016}","(79.20433473500003, 19.379408367000053, 79.42272052200008, 19.61653411900005)",01-05-2023.geojson,Wankidi,,,,,
Warangal_Urban,TSSD0544,39.54,"{'min': 36.5412483215332, 'max': 38.591426849365234, 'mean': 37.5516357421875, 'count': 11, 'sum': 413.0679931640625, 'median': 37.72285842895508}","(79.59074538600004, 17.974576416000048, 79.67092088100003, 18.04143189300015)",01-05-2023.geojson,Warangal,,,,,
Warangal_Rural,TSSD0545,158.41,"{'min': 35.57428741455078, 'max': 41.290000915527344, 'mean': 38.82877974076705, 'count': 44, 'sum': 1708.46630859375, 'median': 38.89714050292969}","(79.47950597500005, 17.695552186000043, 79.66242391200007, 17.87391055100005)",01-05-2023.geojson,Wardhannapet,,,,,
Siddipet,TSSD0546,141.87,"{'min': 35.320526123046875, 'max': 39.02888870239258, 'mean': 37.025114360608555, 'count': 38, 'sum': 1406.954345703125, 'median': 37.125789642333984}","(78.510667, 17.737442558000055, 78.67005759100005, 17.837924042000054)",01-05-2023.geojson,Wargal,,,,,
Wanaparthy,TSSD0547,165.53,"{'min': 36.09749984741211, 'max': 39.54066848754883, 'mean': 37.941122365552324, 'count': 43, 'sum': 1631.46826171875, 'median': 37.908573150634766}","(78.03872356400007, 16.081036264000033, 78.22753261000008, 16.189588461000028)",01-05-2023.geojson,Weepangandla,,,,,
Khammam,TSSD0548,135.48,"{'min': 36.040767669677734, 'max': 38.63333511352539, 'mean': 37.0310718433277, 'count': 37, 'sum': 1370.149658203125, 'median': 37.003334045410156}","(80.29245451900005, 17.052642821000063, 80.43887726800006, 17.202658917000065)",01-05-2023.geojson,Wyra,,,,,
Rangareddy,TSSD0549,316.92,"{'min': 35.03117752075195, 'max': 41.22571563720703, 'mean': 38.12549721322409, 'count': 82, 'sum': 3126.290771484375, 'median': 38.11944580078125}","(78.54568468000008, 16.934093064000024, 78.80793281600006, 17.12867297300005)",01-05-2023.geojson,Yacharam,,,,,
Yadadri Bhuvanagiri,TSSD0550,186.21,"{'min': 36.73842239379883, 'max': 39.676666259765625, 'mean': 37.915843290441174, 'count': 51, 'sum': 1933.7080078125, 'median': 37.810001373291016}","(78.84835935400008, 17.534587685000076, 79.03828959100008, 17.686530936000054)",01-05-2023.geojson,Yadagirigutta,,,,,
Nizamabad,TSSD0551,94.89,"{'min': 35.05105209350586, 'max': 39.58222198486328, 'mean': 37.85293344350961, 'count': 26, 'sum': 984.17626953125, 'median': 38.500526428222656}","(77.91550924600006, 18.623425712000028, 78.04225781600007, 18.729394451000076)",01-05-2023.geojson,Yedapally,,,,,
Vikarabad,TSSD0552,198.18,"{'min': 36.7239990234375, 'max': 42.546470642089844, 'mean': 39.338134765625, 'count': 51, 'sum': 2006.244873046875, 'median': 39.08157730102539}","(77.52786449900003, 17.13053142700005, 77.75138027800006, 17.285580779000043)",01-05-2023.geojson,Yelal,,,,,
Medak,TSSD0553,163.31,"{'min': 35.692501068115234, 'max': 39.78733444213867, 'mean': 38.15870998216712, 'count': 46, 'sum': 1755.3006591796875, 'median': 38.18187713623047}","(78.25020444800003, 17.845214376000058, 78.42507897600012, 17.987096653000037)",01-05-2023.geojson,Yeldurthy,,,,,
Bhadradri Kothagudem,TSSD0554,446.45,"{'min': 31.177499771118164, 'max': 41.56285858154297, 'mean': 38.15202872983871, 'count': 124, 'sum': 4730.8515625, 'median': 38.32160949707031}","(80.20203604400007, 17.495235336000064, 80.42881209300003, 17.784950355000035)",01-05-2023.geojson,Yellandu,,,,,
Kamareddy,TSSD0555,184.45,"{'min': 31.513158798217773, 'max': 37.953529357910156, 'mean': 36.00616828762755, 'count': 49, 'sum': 1764.30224609375, 'median': 36.26100158691406}","(77.94077074800003, 18.10658015200005, 78.09588024100003, 18.321288552000055)",01-05-2023.geojson,Yellareddy,,,,,
Rajanna Sircilla,TSSD0556,186.82,"{'min': 35.40764617919922, 'max': 40.998748779296875, 'mean': 37.743965896905635, 'count': 51, 'sum': 1924.9422607421875, 'median': 37.8405876159668}","(78.54791135700003, 18.319811327000025, 78.75757783600005, 18.46288011300004)",01-05-2023.geojson,Yellareddypet,,,,,
Nizamabad,TSSD0557,68.02,"{'min': 39.75, 'max': 41.2055549621582, 'mean': 40.66903866038603, 'count': 17, 'sum': 691.3736572265625, 'median': 40.797367095947266}","(78.43614230700007, 18.871916310000074, 78.53864631300007, 18.97312927200005)",01-05-2023.geojson,Yergatla,,,,,
Khammam,TSSD0558,262.24,"{'min': 32.08599853515625, 'max': 39.90692138671875, 'mean': 36.456396484375, 'count': 65, 'sum': 2369.665771484375, 'median': 36.59769058227539}","(80.42901058800004, 16.768789670000046, 80.60532488100006, 16.96155575100005)",01-05-2023.geojson,Yerrupalem,,,,,
Jangoan,TSSD0559,163.78,"{'min': 36.48749923706055, 'max': 40.8650016784668, 'mean': 39.1396240234375, 'count': 45, 'sum': 1761.2830810546875, 'median': 39.25}","(79.40432095600005, 17.69860641200006, 79.51467165900004, 17.89232289800003)",01-05-2023.geojson,Zaffergadh,,,,,
Sangareddy,TSSD0560,243.94,"{'min': 37.36714172363281, 'max': 43.272857666015625, 'mean': 39.681156042850375, 'count': 66, 'sum': 2618.956298828125, 'median': 39.480712890625}","(77.47167387100006, 17.54590518200007, 77.71357368300005, 17.749326707000023)",01-05-2023.geojson,Zahirabad,,,,,
Nagarkurnool,TSSD0561,183.51,"{'min': 34.85823440551758, 'max': 41.258235931396484, 'mean': 38.80066769622093, 'count': 43, 'sum': 1668.4287109375, 'median': 39.057498931884766}","(78.43086370300006, 16.197314094000035, 78.59402431200004, 16.37663690200003)",01-05-2023.geojson,Lingal,,,,,
Nagarkurnool,TSSD0562,222.74,"{'min': 34.41526412963867, 'max': 41.650001525878906, 'mean': 37.59206281389509, 'count': 56, 'sum': 2105.155517578125, 'median': 37.31908416748047}","(78.20110216600006, 16.35091361800005, 78.42443343200006, 16.530833019000056)",01-05-2023.geojson,Nagar_Kurnool,,,,,
Mahabubnagar,TSSD0563,145.45,"{'min': 35.4970588684082, 'max': 40.6522216796875, 'mean': 38.03333412728659, 'count': 41, 'sum': 1559.36669921875, 'median': 37.681251525878906}","(77.82864822500005, 16.643852022000033, 77.99254221500007, 16.772605979000048)",01-05-2023.geojson,Mahabubnagar_Rural,,,,,
Narayanpet,TSSD0564,256.63,"{'min': 38.980587005615234, 'max': 44.52375030517578, 'mean': 42.46249569163603, 'count': 68, 'sum': 2887.44970703125, 'median': 42.45893478393555}","(77.41869071500008, 16.543696836000038, 77.63466779000004, 16.729675432000022)",01-05-2023.geojson,Utkoor,,,,,
Rangareddy,TSSD0565,22.03,"{'min': 37.598236083984375, 'max': 38.2686653137207, 'mean': 37.89290771484375, 'count': 5, 'sum': 189.46453857421875, 'median': 37.73588180541992}","(78.50689165600005, 17.336093290000065, 78.58558260100006, 17.37992626500005)",01-05-2023.geojson,Saroornagar,,,,,
Sangareddy,TSSD0566,37.76,"{'min': 35.31624984741211, 'max': 36.87666702270508, 'mean': 36.22719955444336, 'count': 8, 'sum': 289.8175964355469, 'median': 36.316200256347656}","(78.28021050800004, 17.505606920000048, 78.35002219800003, 17.57992215400003)",01-05-2023.geojson,Ameenpur,,,,,
Sangareddy,TSSD0567,111.94,"{'min': 33.81111145019531, 'max': 38.218421936035156, 'mean': 35.4073486328125, 'count': 33, 'sum': 1168.4425048828125, 'median': 35.21105194091797}","(78.22737331300004, 17.528204591000076, 78.38745191600003, 17.67226987500004)",01-05-2023.geojson,Jinnaram,,,,,
Medak,TSSD0568,112.07,"{'min': 36.54789352416992, 'max': 39.466251373291016, 'mean': 38.00714547293527, 'count': 28, 'sum': 1064.2000732421875, 'median': 38.01836395263672}","(78.42603746200007, 17.77588639100003, 78.56138370400004, 17.89800592200004)",01-05-2023.geojson,Toopran,,,,,
Medak,TSSD0569,88.1,"{'min': 36.307777404785156, 'max': 38.282222747802734, 'mean': 37.19289906819662, 'count': 24, 'sum': 892.6295776367188, 'median': 37.21204376220703}","(78.41929055500003, 17.692085064000025, 78.52257619700003, 17.817608290000067)",01-05-2023.geojson,Manoharabad,,,,,
Siddipet,TSSD0570,129.06,"{'min': 36.503334045410156, 'max': 39.91666793823242, 'mean': 38.385094536675346, 'count': 36, 'sum': 1381.8634033203125, 'median': 38.25405502319336}","(78.52730335900003, 17.878079271000047, 78.64358807000008, 18.041003706000026)",01-05-2023.geojson,Doultabad,,,,,
Medak,TSSD0571,76.05,"{'min': 37.625999450683594, 'max': 40.21947479248047, 'mean': 38.827127075195314, 'count': 20, 'sum': 776.5425415039062, 'median': 38.72850036621094}","(78.07364299200003, 17.796666895000044, 78.18678124500008, 17.905026876000022)",01-05-2023.geojson,Chilipched,,,,,
Medak,TSSD0572,136.79,"{'min': 35.601112365722656, 'max': 39.84333419799805, 'mean': 37.04295555320946, 'count': 37, 'sum': 1370.58935546875, 'median': 36.96176528930664}","(78.32685103200004, 17.904917194000063, 78.44243876400003, 18.081304571000032)",01-05-2023.geojson,Shankarampet_R,,,,,
Medak,TSSD0573,131.44,"{'min': 36.20294189453125, 'max': 39.21706008911133, 'mean': 37.54963684082031, 'count': 32, 'sum': 1201.58837890625, 'median': 37.44462585449219}","(78.43107409900006, 17.905682555000055, 78.58520918700003, 18.06554777300005)",01-05-2023.geojson,Chegunta,,,,,
Kamareddy,TSSD0574,74.34,"{'min': 36.1636848449707, 'max': 38.34764862060547, 'mean': 37.209401983963815, 'count': 19, 'sum': 706.9786376953125, 'median': 37.127777099609375}","(78.37757087100005, 18.21350254400005, 78.52579487700007, 18.30009331800005)",01-05-2023.geojson,Domakonda,,,,,
Kamareddy,TSSD0575,168.77,"{'min': 37.30636215209961, 'max': 41.262001037597656, 'mean': 38.75699671303354, 'count': 41, 'sum': 1589.036865234375, 'median': 38.5576171875}","(77.72979911700008, 18.190311369000028, 77.89310396100007, 18.380507752000028)",01-05-2023.geojson,Pitlam,,,,,
Kamareddy,TSSD0576,191.8,"{'min': 37.911903381347656, 'max': 44.12894821166992, 'mean': 40.900247825766506, 'count': 53, 'sum': 2167.713134765625, 'median': 40.72684097290039}","(77.65355776700005, 18.300626045000058, 77.83219913400006, 18.488304079000045)",01-05-2023.geojson,Bichkunda,,,,,
Kamareddy,TSSD0577,82.32,"{'min': 37.616363525390625, 'max': 41.099998474121094, 'mean': 39.50396728515625, 'count': 22, 'sum': 869.0872802734375, 'median': 39.37249755859375}","(77.75813508500005, 18.372326572000077, 77.86341082200005, 18.505311680000034)",01-05-2023.geojson,Birkoor,,,,,
Adilabad,TSSD0578,34.92,"{'min': 39.442630767822266, 'max': 43.18052673339844, 'mean': 41.66884155273438, 'count': 10, 'sum': 416.68841552734375, 'median': 42.077369689941406}","(78.48710289700006, 19.60170591600007, 78.54305936500003, 19.683661252000036)",01-05-2023.geojson,Mavala,,,,,
Peddapalli,TSSD0579,122.7,"{'min': 31.607778549194336, 'max': 40.786842346191406, 'mean': 38.157902018229166, 'count': 30, 'sum': 1144.737060546875, 'median': 39.336578369140625}","(79.31124542100008, 18.728421345000072, 79.45668509800004, 18.855615717000035)",01-05-2023.geojson,Anthergaon,,,,,
Mulugu,TSSD0580,576.05,"{'min': 34.36647033691406, 'max': 42.72294235229492, 'mean': 39.03425729511589, 'count': 151, 'sum': 5894.1728515625, 'median': 39.04058837890625}","(80.37410149900006, 18.33990656700007, 80.68734144600006, 18.632607707000034)",01-05-2023.geojson,Wazeed,,,,,
Nizamabad,TSSD0581,158.53,"{'min': 34.41444396972656, 'max': 43.08555603027344, 'mean': 39.942039312318315, 'count': 43, 'sum': 1717.5076904296875, 'median': 40.583683013916016}","(78.47512705800006, 18.684195498000065, 78.64029038200005, 18.900912592000054)",01-05-2023.geojson,Kammarpally,,,,,
Jangoan,TSSD0582,120.55,"{'min': 35.650001525878906, 'max': 41.47133255004883, 'mean': 39.347830636160715, 'count': 28, 'sum': 1101.7392578125, 'median': 39.548240661621094}","(79.38361325200003, 17.491730369000038, 79.56249112400008, 17.63017571100005)",01-05-2023.geojson,Kodakandla,,,,,
Narayanpet,TSSD0583,172.63,"{'min': 36.06800079345703, 'max': 41.26222229003906, 'mean': 39.10171231356534, 'count': 44, 'sum': 1720.475341796875, 'median': 39.44669723510742}","(77.23725451100006, 16.366338565000035, 77.45641595200004, 16.49439566000018)",01-05-2023.geojson,Krishna,,,,,
Mancherial,TSSD0584,414.48,"{'min': 36.81705856323242, 'max': 43.74399948120117, 'mean': 40.13586544296116, 'count': 103, 'sum': 4133.994140625, 'median': 40.00263214111328}","(79.69063140800006, 18.824880136000047, 79.96247775100005, 19.055750638000063)",01-05-2023.geojson,Kotapalle,,,,,
Warangal_Rural,TSSD0585,96.85,"{'min': 38.279232025146484, 'max': 40.99166488647461, 'mean': 39.72067025991586, 'count': 26, 'sum': 1032.7374267578125, 'median': 39.76044464111328}","(79.58000525100005, 18.13079426400003, 79.67613864900011, 18.273366891000023)",01-05-2023.geojson,Nadikuda,,,,,
Medchal_Malkajgiri,TSSD0586,92.19,"{'min': 35.62368392944336, 'max': 38.553157806396484, 'mean': 37.17007681039664, 'count': 26, 'sum': 966.4219970703125, 'median': 37.10477828979492}","(78.60919935000027, 17.572950565000042, 78.72357522400006, 17.698451215000034)",01-05-2023.geojson,Muduchinthalaphally,,,,,
Siddipet,TSSD0587,66.64,"{'min': 36.69599914550781, 'max': 40.198890686035156, 'mean': 38.347635904947914, 'count': 18, 'sum': 690.2574462890625, 'median': 38.458946228027344}","(78.75009036300014, 18.179105241000116, 78.85292966200007, 18.26297022400007)",01-05-2023.geojson,Narayanraopet,,,,,
Nizamabad,TSSD0588,59.09,"{'min': 37.663333892822266, 'max': 40.579410552978516, 'mean': 38.957801818847656, 'count': 16, 'sum': 623.3248291015625, 'median': 38.99365234375}","(77.93403706700008, 18.52915054300007, 78.05329923800008, 18.639067520000026)",01-05-2023.geojson,Mosra,,,,,
Nizamabad,TSSD0589,49.75,"{'min': 39.1510009765625, 'max': 41.44176483154297, 'mean': 40.36627197265625, 'count': 14, 'sum': 565.1278076171875, 'median': 40.45631408691406}","(77.91841617100005, 18.496525074000033, 78.04060240200005, 18.590460833)",01-05-2023.geojson,Chandur,,,,,
Sangareddy,TSSD0590,97.98,"{'min': 33.03947448730469, 'max': 42.470001220703125, 'mean': 39.319955331307874, 'count': 27, 'sum': 1061.6387939453125, 'median': 39.62052536010742}","(78.03596075900009, 17.649676136000153, 78.15543426700003, 17.771041394000065)",01-05-2023.geojson,Chowtakur,,,,,
Medak,TSSD0591,67.5,"{'min': 36.320587158203125, 'max': 39.18866729736328, 'mean': 38.14152357313368, 'count': 18, 'sum': 686.5474243164062, 'median': 38.19124984741211}","(78.39670312900006, 17.869416313000045, 78.53362296600005, 17.948666831000025)",01-05-2023.geojson,Masaipet,,,,,
Siddipet,TSSD0592,70.13,"{'min': 36.34619140625, 'max': 39.369998931884766, 'mean': 38.13057668585526, 'count': 19, 'sum': 724.48095703125, 'median': 38.21352767944336}","(79.03345267100008, 17.94056795000006, 79.15307655800007, 18.032435260000113)",01-05-2023.geojson,Dhoolumitta,,,,,
Rangareddy,TSSD0001,254.22,"{'min': 34.85933303833008, 'max': 39.73428726196289, 'mean': 38.25930323745265, 'count': 66, 'sum': 2525.114013671875, 'median': 38.67933654785156}","(78.55995755200007, 17.23432776100003, 78.76246159900006, 17.40383786600006)",30-06-2023.geojson,Abdullapurmet,,,,,
Nagarkurnool,TSSD0002,502.12,"{'min': 32.891998291015625, 'max': 38.13999938964844, 'mean': 35.687864273313494, 'count': 126, 'sum': 4496.6708984375, 'median': 35.85944366455078}","(78.58204158400008, 16.328785754000023, 79.06420699900008, 16.552355156000033)",30-06-2023.geojson,Achampet,,,,,
Nalgonda,TSSD0003,124.12,"{'min': 35.566001892089844, 'max': 42.70600128173828, 'mean': 40.62594696969697, 'count': 33, 'sum': 1340.65625, 'median': 40.612220764160156}","(79.40552823000007, 16.61250682600007, 79.58503520000005, 16.727679548000026)",30-06-2023.geojson,Adavidevulapally,,,,,
Yadadri Bhuvanagiri,TSSD0004,141.84,"{'min': 38.046363830566406, 'max': 41.75833511352539, 'mean': 39.91332365337171, 'count': 38, 'sum': 1516.706298828125, 'median': 39.99363708496094}","(79.30480125000008, 17.343213083000023, 79.45808114400006, 17.48429223000005)",30-06-2023.geojson,Addagudur,,,,,
Mahabubnagar,TSSD0005,133.19,"{'min': 37.209999084472656, 'max': 42.29888916015625, 'mean': 39.585049099392364, 'count': 36, 'sum': 1425.061767578125, 'median': 39.714454650878906}","(77.85964485800008, 16.441965785000036, 78.01275922800005, 16.583453924000025)",30-06-2023.geojson,Addakal,,,,,
Adilabad,TSSD0006,296.11,"{'min': 37.650001525878906, 'max': 45.44733428955078, 'mean': 41.51655400263799, 'count': 77, 'sum': 3196.774658203125, 'median': 41.262001037597656}","(78.46791283600004, 19.529549935000034, 78.75075334500008, 19.743971118000047)",30-06-2023.geojson,Adilabad Rural,,,,,
Adilabad,TSSD0007,18.64,"{'min': 39.97666549682617, 'max': 41.93428421020508, 'mean': 40.83906936645508, 'count': 4, 'sum': 163.3562774658203, 'median': 40.72266387939453}","(78.51136180900005, 19.64107290800007, 78.56091570800004, 19.696663797000042)",30-06-2023.geojson,Adilabad Urban,,,,,
Jogulamba Gadwal,TSSD0008,281.08,"{'min': 34.20800018310547, 'max': 40.540000915527344, 'mean': 37.56176413952465, 'count': 71, 'sum': 2666.88525390625, 'median': 37.72666549682617}","(77.51085515500006, 15.892624954000041, 77.79118149700008, 16.073899572000073)",30-06-2023.geojson,Aiza,,,,,
Siddipet,TSSD0009,181.57,"{'min': 40.551429748535156, 'max': 42.391998291015625, 'mean': 41.5566796875, 'count': 50, 'sum': 2077.833984375, 'median': 41.63500213623047}","(79.09867562300008, 17.991228970000066, 79.28258652700003, 18.10859845500005)",30-06-2023.geojson,Akkannapet,,,,,
Yadadri Bhuvanagiri,TSSD0010,165.31,"{'min': 35.49266815185547, 'max': 39.189998626708984, 'mean': 36.99714980014535, 'count': 43, 'sum': 1590.87744140625, 'median': 36.98866653442383}","(78.99234199800003, 17.567113119000055, 79.16709451200006, 17.725946442000065)",30-06-2023.geojson,Alair,,,,,
Jogulamba Gadwal,TSSD0011,212.17,"{'min': 38.2863655090332, 'max': 41.555999755859375, 'mean': 40.06834059495192, 'count': 52, 'sum': 2083.5537109375, 'median': 40.0327262878418}","(78.05931506700006, 15.836429923000026, 78.25321888900004, 16.011158503000047)",30-06-2023.geojson,Alampur,,,,,
Medak,TSSD0012,106.37,"{'min': 37.631248474121094, 'max': 43.037498474121094, 'mean': 40.48838523582176, 'count': 27, 'sum': 1093.1864013671875, 'median': 41.227500915527344}","(77.88797224100006, 17.883895607000056, 78.00388009500006, 18.014119892000053)",30-06-2023.geojson,Alladurg,,,,,
Bhadradri Kothagudem,TSSD0013,507.54,"{'min': 34.891998291015625, 'max': 43.47222137451172, 'mean': 38.52732155539773, 'count': 132, 'sum': 5085.6064453125, 'median': 37.987220764160156}","(80.39744846200006, 17.75296549600006, 80.69612561700006, 18.05460231400002)",30-06-2023.geojson,Allapalli,,,,,
Medchal_Malkajgiri,TSSD0014,43.73,"{'min': 35.48857116699219, 'max': 36.03266525268555, 'mean': 35.79153164950284, 'count': 11, 'sum': 393.70684814453125, 'median': 35.83266830444336}","(78.47891113600008, 17.480615318000048, 78.57688553000008, 17.549306657000045)",30-06-2023.geojson,Alwal,,,,,
Rangareddy,TSSD0015,138.08,"{'min': 35.95500183105469, 'max': 40.08333206176758, 'mean': 38.23479546440972, 'count': 36, 'sum': 1376.45263671875, 'median': 38.148284912109375}","(78.48719442500004, 16.794263726000054, 78.63278904100008, 16.922855003000052)",30-06-2023.geojson,Amangal,,,,,
Wanaparthy,TSSD0016,110.02,"{'min': 28.875, 'max': 40.33000183105469, 'mean': 36.983837890625, 'count': 30, 'sum': 1109.51513671875, 'median': 38.174163818359375}","(77.65718116000005, 16.32682638500006, 77.80141077600007, 16.437234124000042)",30-06-2023.geojson,Amarchintha,,,,,
Hyderabad,TSSD0017,9.23,"{'min': 36.452667236328125, 'max': 37.422000885009766, 'mean': 36.91299819946289, 'count': 4, 'sum': 147.65199279785156, 'median': 36.88866424560547}","(78.48463282000006, 17.368221164000033, 78.52881660000008, 17.40365662100004)",30-06-2023.geojson,Amberpet,,,,,
Hyderabad,TSSD0018,3.86,"{'min': 36.58466720581055, 'max': 36.58466720581055, 'mean': 36.58466720581055, 'count': 1, 'sum': 36.58466720581055, 'median': 36.58466720581055}","(78.42921871100003, 17.43080978200004, 78.46511365000003, 17.45407132100007)",30-06-2023.geojson,Ammerpet,,,,,
Nagarkurnool,TSSD0019,1218.96,"{'min': 29.07181739807129, 'max': 36.38999938964844, 'mean': 32.37510710685484, 'count': 310, 'sum': 10036.283203125, 'median': 32.25444412231445}","(78.48741327000005, 16.00923712100007, 79.02694515400003, 16.415272880000032)",30-06-2023.geojson,Amrabad,,,,,
Suryapet,TSSD0020,116.56,"{'min': 38.4375, 'max': 43.17333221435547, 'mean': 41.22547607421875, 'count': 30, 'sum': 1236.7642822265625, 'median': 41.188751220703125}","(79.90212536100006, 16.982533018000026, 80.06097163900006, 17.132924940000066)",30-06-2023.geojson,Ananthagiri,,,,,
Sangareddy,TSSD0021,186.83,"{'min': 37.9566650390625, 'max': 43.709999084472656, 'mean': 41.233016643118354, 'count': 47, 'sum': 1937.9517822265625, 'median': 41.305999755859375}","(77.94290081500003, 17.75956500500007, 78.11621519700003, 17.925892899000075)",30-06-2023.geojson,Andole,,,,,
Bhadradri Kothagudem,TSSD0022,176.27,"{'min': 34.57600021362305, 'max': 40.79999923706055, 'mean': 38.30936332370924, 'count': 46, 'sum': 1762.230712890625, 'median': 38.373069763183594}","(80.64118685200003, 17.28576821300004, 80.85142774000008, 17.41689142100006)",30-06-2023.geojson,Annapureddipalle,,,,,
Nalgonda,TSSD0023,190.48,"{'min': 37.26499938964844, 'max': 41.61000061035156, 'mean': 39.7121728515625, 'count': 50, 'sum': 1985.608642578125, 'median': 39.749168395996094}","(79.19527357000004, 16.726884840000025, 79.39201370200004, 16.913228080000067)",30-06-2023.geojson,Anumula_Haliya,,,,,
Nizamabad,TSSD0024,221.85,"{'min': 28.677692413330078, 'max': 40.35133361816406, 'mean': 38.18832194010417, 'count': 60, 'sum': 2291.29931640625, 'median': 38.86309814453125}","(78.17296352400007, 18.74292431300006, 78.35632004600006, 18.93725310900004)",30-06-2023.geojson,Armoor,,,,,
Kumurambheem Asifabad,TSSD0025,380.26,"{'min': 31.20866584777832, 'max': 45.42571258544922, 'mean': 41.937083524816174, 'count': 102, 'sum': 4277.58251953125, 'median': 42.90752410888672}","(79.05947913700004, 19.250334717000044, 79.39455949500007, 19.45064135100006)",30-06-2023.geojson,Asifabad,,,,,
Hyderabad,TSSD0026,12.88,"{'min': 36.31399917602539, 'max': 37.73400115966797, 'mean': 37.07966613769531, 'count': 4, 'sum': 148.31866455078125, 'median': 37.13533401489258}","(78.42582161500007, 17.359808491000024, 78.46198218000006, 17.408130664000055)",30-06-2023.geojson,Asifnagar,,,,,
Bhadradri Kothagudem,TSSD0027,329.09,"{'min': 35.481998443603516, 'max': 42.43888854980469, 'mean': 39.09444358132102, 'count': 88, 'sum': 3440.31103515625, 'median': 39.288692474365234}","(80.68546006000008, 17.692266541000038, 80.88829418500006, 17.933206824000024)",30-06-2023.geojson,Aswapuram,,,,,
Bhadradri Kothagudem,TSSD0028,564.09,"{'min': 31.149999618530273, 'max': 40.98749923706055, 'mean': 37.140420683732266, 'count': 141, 'sum': 5236.79931640625, 'median': 37.11333465576172}","(81.00029477700008, 17.215797421000048, 81.31479948400005, 17.495516869000028)",30-06-2023.geojson,Aswaraopeta,,,,,
Yadadri Bhuvanagiri,TSSD0029,171.54,"{'min': 35.29909133911133, 'max': 38.48538589477539, 'mean': 37.14823133680556, 'count': 45, 'sum': 1671.67041015625, 'median': 37.26636505126953}","(79.08082893600005, 17.39675374600006, 79.24565290200007, 17.53585182000006)",30-06-2023.geojson,Athmakur (M),,,,,
Wanaparthy,TSSD0030,137.9,"{'min': 35.334999084472656, 'max': 39.859092712402344, 'mean': 37.185519748263886, 'count': 36, 'sum': 1338.6787109375, 'median': 37.0643310546875}","(77.73676945900007, 16.203007356000057, 77.92502598300007, 16.38983216400004)",30-06-2023.geojson,Atmakur,,,,,
Warangal_Rural,TSSD0031,100.48,"{'min': 36.9900016784668, 'max': 41.33363723754883, 'mean': 39.70860877403846, 'count': 26, 'sum': 1032.423828125, 'median': 39.824615478515625}","(79.67890460400008, 17.996386791000077, 79.82038191900006, 18.11908245500007)",30-06-2023.geojson,Atmakur,,,,,
Suryapet,TSSD0032,206.49,"{'min': 40.28845977783203, 'max': 45.0099983215332, 'mean': 41.599724786931816, 'count': 55, 'sum': 2287.98486328125, 'median': 41.4640007019043}","(79.59145821600004, 17.18757524600005, 79.81482135400006, 17.314815594000038)",30-06-2023.geojson,Atmakur_S,,,,,
Yadadri Bhuvanagiri,TSSD0033,188.28,"{'min': 35.28285598754883, 'max': 39.19285583496094, 'mean': 37.538794424019606, 'count': 51, 'sum': 1914.478515625, 'median': 37.53714370727539}","(78.70944519200003, 17.280238217000033, 78.91168170600008, 17.414015307000057)",30-06-2023.geojson,B.Pochampally,,,,,
Jangoan,TSSD0034,215.84,"{'min': 35.25749969482422, 'max': 40.42866516113281, 'mean': 37.640149346713365, 'count': 58, 'sum': 2183.128662109375, 'median': 37.45866394042969}","(78.86787166400006, 17.709206091000055, 79.10262993800006, 17.8761671850001)",30-06-2023.geojson,Bachannapet,,,,,
Medchal_Malkajgiri,TSSD0035,17.73,"{'min': 35.55400085449219, 'max': 38.06999969482422, 'mean': 36.38973388671875, 'count': 5, 'sum': 181.94866943359375, 'median': 35.869998931884766}","(78.34798865200008, 17.510629856000037, 78.39909413900006, 17.553712028000064)",30-06-2023.geojson,Bachupally,,,,,
Hyderabad,TSSD0036,15.01,"{'min': 35.301998138427734, 'max': 37.71799850463867, 'mean': 36.48333231608073, 'count': 3, 'sum': 109.44999694824219, 'median': 36.43000030517578}","(78.43027281000008, 17.326923403000023, 78.47901840600008, 17.372507289000055)",30-06-2023.geojson,Bahadurpura,,,,,
Mahabubnagar,TSSD0037,174.74,"{'min': 37.813331604003906, 'max': 41.53200149536133, 'mean': 39.55231243631114, 'count': 46, 'sum': 1819.4063720703125, 'median': 39.52750015258789}","(78.08729467400008, 16.845259309000028, 78.30248119100008, 17.011459106000075)",30-06-2023.geojson,Balanagar,,,,,
Medchal_Malkajgiri,TSSD0038,19.28,"{'min': 36.10200119018555, 'max': 38.020668029785156, 'mean': 37.210269165039065, 'count': 5, 'sum': 186.0513458251953, 'median': 37.48066711425781}","(78.41398145500006, 17.437593329000038, 78.49711234500006, 17.495946916000037)",30-06-2023.geojson,Balanagar,,,,,
Rangareddy,TSSD0039,131.84,"{'min': 36.091426849365234, 'max': 39.095333099365234, 'mean': 37.6267578125, 'count': 35, 'sum': 1316.9365234375, 'median': 37.63428497314453}","(78.40825680200004, 17.228240129000028, 78.57240744700005, 17.342781479000053)",30-06-2023.geojson,Balapur,,,,,
Nizamabad,TSSD0040,97.3,"{'min': 28.019229888916016, 'max': 39.92714309692383, 'mean': 35.3778369140625, 'count': 25, 'sum': 884.4459228515625, 'median': 37.209999084472656}","(78.27055155900007, 18.820303712000054, 78.39954724000006, 18.968813210000064)",30-06-2023.geojson,Balkonda,,,,,
Nagarkurnool,TSSD0041,243.17,"{'min': 30.956666946411133, 'max': 40.63285827636719, 'mean': 37.65508563701923, 'count': 65, 'sum': 2447.58056640625, 'median': 38.13888931274414}","(78.49549449900007, 16.225707747000058, 78.67809309200004, 16.452804138000033)",30-06-2023.geojson,Balmoor,,,,,
Hyderabad,TSSD0042,21.38,"{'min': 37.36692428588867, 'max': 38.32285690307617, 'mean': 37.826629638671875, 'count': 6, 'sum': 226.95977783203125, 'median': 37.806427001953125}","(78.45371439300004, 17.293465379000054, 78.51861491400007, 17.352247109000075)",30-06-2023.geojson,Bandlaguda,,,,,
Kamareddy,TSSD0043,142.84,"{'min': 35.90999984741211, 'max': 41.4206657409668, 'mean': 38.44740513392857, 'count': 35, 'sum': 1345.6591796875, 'median': 38.240665435791016}","(77.83852436200004, 18.316119945000025, 78.03038834200004, 18.45416467000007)",30-06-2023.geojson,Banswada,,,,,
Vikarabad,TSSD0044,91.56,"{'min': 36.047142028808594, 'max': 41.63142776489258, 'mean': 38.49955322265625, 'count': 25, 'sum': 962.4888305664062, 'median': 37.56142807006836}","(77.61390270400005, 17.383589031000042, 77.77189871100006, 17.483158091000064)",30-06-2023.geojson,Bantwaram,,,,,
Nirmal,TSSD0045,108.16,"{'min': 40.1349983215332, 'max': 44.708824157714844, 'mean': 43.163953057650865, 'count': 29, 'sum': 1251.754638671875, 'median': 43.448822021484375}","(77.87395490400007, 18.84522452500005, 78.04060419300004, 18.95240894500006)",30-06-2023.geojson,Basar,,,,,
Vikarabad,TSSD0046,206.01,"{'min': 36.52000045776367, 'max': 42.83461380004883, 'mean': 40.47972250884434, 'count': 53, 'sum': 2145.42529296875, 'median': 40.7599983215332}","(77.36247981800005, 17.108590786000036, 77.53841200600004, 17.271892981000065)",30-06-2023.geojson,Basheerabad,,,,,
Mahabubabad,TSSD0047,307.29,"{'min': 36.39285659790039, 'max': 43.60599899291992, 'mean': 40.48378423996913, 'count': 81, 'sum': 3279.1865234375, 'median': 40.608333587646484}","(80.05728874800008, 17.53352028000006, 80.26094565000005, 17.75039165800007)",30-06-2023.geojson,Bayyaram,,,,,
Adilabad,TSSD0048,253.13,"{'min': 35.92599868774414, 'max': 45.39235305786133, 'mean': 41.78424246651786, 'count': 70, 'sum': 2924.89697265625, 'median': 41.28251647949219}","(78.27492577100008, 19.393371099000035, 78.47377904700005, 19.580545785000027)",30-06-2023.geojson,Bazarhathnoor,,,,,
Jagtial,TSSD0049,108.89,"{'min': 39.876251220703125, 'max': 43.310001373291016, 'mean': 41.37878024193548, 'count': 31, 'sum': 1282.7421875, 'median': 41.48428726196289}","(78.87792220400007, 18.96036622300005, 79.02108975900006, 19.07988819600007)",30-06-2023.geojson,Beerpur,,,,,
Siddipet,TSSD0050,152.56,"{'min': 37.6037483215332, 'max': 43.9471435546875, 'mean': 41.653021240234374, 'count': 40, 'sum': 1666.120849609375, 'median': 41.85285949707031}","(78.95201931600008, 18.18925398600004, 79.11791494600004, 18.34315846100003)",30-06-2023.geojson,Bejjanki,,,,,
Kumurambheem Asifabad,TSSD0051,282.92,"{'min': 38.21933364868164, 'max': 45.459999084472656, 'mean': 41.865817057291665, 'count': 75, 'sum': 3139.936279296875, 'median': 42.12428665161133}","(79.71984640800008, 19.26669339700004, 79.96748160900006, 19.444060153000066)",30-06-2023.geojson,Bejjur,,,,,
Adilabad,TSSD0052,252.64,"{'min': 36.358001708984375, 'max': 44.834285736083984, 'mean': 41.99074388586956, 'count': 69, 'sum': 2897.361328125, 'median': 42.68866729736328}","(78.68107592100006, 19.56508431800006, 78.85966689500003, 19.782733789000076)",30-06-2023.geojson,Bela,,,,,
Mancherial,TSSD0053,146.79,"{'min': 37.55666732788086, 'max': 41.16230773925781, 'mean': 38.94235534667969, 'count': 40, 'sum': 1557.6942138671875, 'median': 38.95500183105469}","(79.41901996000007, 18.98112085100007, 79.58961168500008, 19.132048594000025)",30-06-2023.geojson,Bellampalle,,,,,
Bhadradri Kothagudem,TSSD0054,11.21,"{'min': 40.832000732421875, 'max': 41.43000030517578, 'mean': 41.13100051879883, 'count': 2, 'sum': 82.26200103759766, 'median': 41.13100051879883}","(80.87537144200007, 17.64270969100005, 80.91092172600008, 17.683719212000028)",30-06-2023.geojson,Bhadrachalam,,,,,
Nirmal,TSSD0055,247.42,"{'min': 36.86125183105469, 'max': 44.18529510498047, 'mean': 42.36210062966418, 'count': 67, 'sum': 2838.2607421875, 'median': 42.67533493041992}","(77.87843723700007, 19.03252738200007, 78.09109643600004, 19.219462747000023)",30-06-2023.geojson,Bhainsa,,,,,
Warangal_Urban,TSSD0056,147.17,"{'min': 38.92499923706055, 'max': 42.578887939453125, 'mean': 40.984061104910715, 'count': 35, 'sum': 1434.442138671875, 'median': 41.13833236694336}","(79.25802483300004, 18.001111758000036, 79.41034323000008, 18.156221128000027)",30-06-2023.geojson,Bheemadevarapalli,,,,,
Mancherial,TSSD0057,156.12,"{'min': 36.811668395996094, 'max': 41.7066650390625, 'mean': 39.62819573818109, 'count': 39, 'sum': 1545.4996337890625, 'median': 39.775001525878906}","(79.58636746400003, 18.76414004000003, 79.73368796500006, 18.942415460000063)",30-06-2023.geojson,Bheemaram,,,,,
Nizamabad,TSSD0058,225.03,"{'min': 33.42466735839844, 'max': 40.24846267700195, 'mean': 38.31627197265625, 'count': 60, 'sum': 2298.976318359375, 'median': 38.831905364990234}","(78.35785953300007, 18.617871123000043, 78.59699998100007, 18.754933092000044)",30-06-2023.geojson,Bheemgal,,,,,
Mancherial,TSSD0059,151.63,"{'min': 41.2576904296875, 'max': 44.75, 'mean': 43.253900572311046, 'count': 43, 'sum': 1859.917724609375, 'median': 43.311668395996094}","(79.50578178000006, 19.14043541600006, 79.67664248700004, 19.288073780000047)",30-06-2023.geojson,Bheemini,,,,,
Adilabad,TSSD0060,195.62,"{'min': 42.34466552734375, 'max': 45.834999084472656, 'mean': 44.249948055186174, 'count': 47, 'sum': 2079.74755859375, 'median': 44.30066680908203}","(78.28468101500005, 19.728594951000048, 78.49256909000007, 19.91690008100005)",30-06-2023.geojson,Bheempoor,,,,,
Kamareddy,TSSD0061,154.94,"{'min': 38.21266555786133, 'max': 41.31399917602539, 'mean': 39.942481631324405, 'count': 42, 'sum': 1677.584228515625, 'median': 39.99866485595703}","(78.33227141500004, 18.122403492000046, 78.50250512100007, 18.278813365000076)",30-06-2023.geojson,Bhiknoor,,,,,
Yadadri Bhuvanagiri,TSSD0062,299.2,"{'min': 35.180667877197266, 'max': 38.77153778076172, 'mean': 37.22804299379006, 'count': 78, 'sum': 2903.787353515625, 'median': 37.46147537231445}","(78.80997708400008, 17.36896378700004, 79.04721217500008, 17.595952069000077)",30-06-2023.geojson,Bhongiri,,,,,
Mahabubnagar,TSSD0063,177.56,"{'min': 36.23181915283203, 'max': 40.63199996948242, 'mean': 38.45410675698138, 'count': 47, 'sum': 1807.343017578125, 'median': 38.7827262878418}","(77.97152580800008, 16.592727025000045, 78.15346036600005, 16.739702366000074)",30-06-2023.geojson,Bhoothpur,,,,,
Jayashankar Bhupalpally,TSSD0064,412.31,"{'min': 36.64500045776367, 'max': 43.63888931274414, 'mean': 40.01724808304398, 'count': 108, 'sum': 4321.86279296875, 'median': 39.899818420410156}","(79.72643010900003, 18.326274666000074, 80.15195044700005, 18.518666378000034)",30-06-2023.geojson,Bhupalpally,,,,,
Yadadri Bhuvanagiri,TSSD0065,181.21,"{'min': 35.439334869384766, 'max': 38.66999816894531, 'mean': 37.30029296875, 'count': 49, 'sum': 1827.71435546875, 'median': 37.424285888671875}","(78.70762825800006, 17.383774324000058, 78.91649957900006, 17.531102042000043)",30-06-2023.geojson,Bibinagar,,,,,
Kamareddy,TSSD0066,80.7,"{'min': 35.248573303222656, 'max': 41.05666732788086, 'mean': 39.819052124023436, 'count': 20, 'sum': 796.3810424804688, 'median': 40.31852722167969}","(78.46247299900006, 18.169106830000032, 78.56926485100007, 18.275633318000075)",30-06-2023.geojson,Bibipet,,,,,
Nagarkurnool,TSSD0067,265.69,"{'min': 34.382728576660156, 'max': 39.57400131225586, 'mean': 37.314453125, 'count': 70, 'sum': 2612.01171875, 'median': 37.44663619995117}","(78.10083116400006, 16.421414171000038, 78.28225422800006, 16.626726615000052)",30-06-2023.geojson,Bijinapalle,,,,,
Adilabad,TSSD0068,324.19,"{'min': 36.45000076293945, 'max': 45.65705871582031, 'mean': 42.61001471024525, 'count': 79, 'sum': 3366.191162109375, 'median': 43.292354583740234}","(78.17215629700007, 19.264980181000055, 78.39684222400007, 19.45647146400006)",30-06-2023.geojson,Boath,,,,,
Nizamabad,TSSD0069,274.45,"{'min': 34.513999938964844, 'max': 43.36647033691406, 'mean': 40.05410223137842, 'count': 73, 'sum': 2923.949462890625, 'median': 40.891334533691406}","(77.73094369300003, 18.573510121000027, 77.96006357300001, 18.81143505500006)",30-06-2023.geojson,Bodhan,,,,,
Rajanna Sircilla,TSSD0070,143.88,"{'min': 28.1113338470459, 'max': 42.04999923706055, 'mean': 38.145918683307926, 'count': 41, 'sum': 1563.982666015625, 'median': 39.41714096069336}","(78.89142673800006, 18.39155487200003, 78.99623800100005, 18.58330450400007)",30-06-2023.geojson,Boinpalli,,,,,
Yadadri Bhuvanagiri,TSSD0071,165.4,"{'min': 35.79499816894531, 'max': 39.75666809082031, 'mean': 38.055852980840776, 'count': 42, 'sum': 1598.3458251953125, 'median': 38.288002014160156}","(78.68260567800007, 17.506909476000033, 78.83660271700006, 17.66778853200003)",30-06-2023.geojson,Bommalaramaram,,,,,
Vikarabad,TSSD0072,219.46,"{'min': 34.925384521484375, 'max': 41.03571319580078, 'mean': 37.76657976422991, 'count': 56, 'sum': 2114.928466796875, 'median': 37.999168395996094}","(77.61321700700006, 17.021545857000035, 77.78997648900008, 17.236770282000066)",30-06-2023.geojson,Bommaraspeta,,,,,
Khammam,TSSD0073,164.0,"{'min': 39.081111907958984, 'max': 42.932220458984375, 'mean': 40.975996808307926, 'count': 41, 'sum': 1680.015869140625, 'median': 40.7400016784668}","(80.19836868700008, 16.94670916900003, 80.36649696300003, 17.117145719000064)",30-06-2023.geojson,Bonakal,,,,,
Jagtial,TSSD0074,80.72,"{'min': 37.93000030517578, 'max': 40.096153259277344, 'mean': 39.073555324388586, 'count': 23, 'sum': 898.6917724609375, 'median': 39.05666732788086}","(79.00621644400007, 18.822787249000044, 79.14474962700007, 18.91916278800005)",30-06-2023.geojson,Buggaram,,,,,
Bhadradri Kothagudem,TSSD0075,212.03,"{'min': 39.099998474121094, 'max': 43.518890380859375, 'mean': 41.284080222800924, 'count': 54, 'sum': 2229.34033203125, 'median': 41.229637145996094}","(80.73228080900003, 17.59843230000007, 80.90367732300007, 17.75553509100007)",30-06-2023.geojson,Burgampadu,,,,,
Nalgonda,TSSD0076,349.48,"{'min': 33.725555419921875, 'max': 40.3120002746582, 'mean': 36.19475256878397, 'count': 92, 'sum': 3329.917236328125, 'median': 35.868751525878906}","(78.83961784400003, 16.35584791900004, 79.21275923200005, 16.646382362000054)",30-06-2023.geojson,Chandampet,,,,,
Bhadradri Kothagudem,TSSD0077,146.4,"{'min': 34.74714279174805, 'max': 44.727779388427734, 'mean': 40.6848705394848, 'count': 37, 'sum': 1505.3402099609375, 'median': 41.209999084472656}","(80.55637660300005, 17.31648540200007, 80.69607967500008, 17.452303995000022)",30-06-2023.geojson,Chandrugonda,,,,,
Nalgonda,TSSD0078,210.39,"{'min': 37.10200119018555, 'max': 43.320770263671875, 'mean': 40.85799307193396, 'count': 53, 'sum': 2165.4736328125, 'median': 40.95769119262695}","(78.89291217500005, 16.893248166000035, 79.10048328200008, 17.094642131000057)",30-06-2023.geojson,Chandur,,,,,
Nagarkurnool,TSSD0079,172.21,"{'min': 36.8033332824707, 'max': 40.68777847290039, 'mean': 38.56115993923611, 'count': 45, 'sum': 1735.252197265625, 'median': 38.602725982666016}","(78.57614983600007, 16.636888998000074, 78.79233917400006, 16.779519700000037)",30-06-2023.geojson,Charakonda,,,,,
Hyderabad,TSSD0080,5.37,"{'min': 38.49714279174805, 'max': 38.49714279174805, 'mean': 38.49714279174805, 'count': 1, 'sum': 38.49714279174805, 'median': 38.49714279174805}","(78.47460501900008, 17.34768383200003, 78.50070316000006, 17.376123801000062)",30-06-2023.geojson,Charminar,,,,,
Rajanna Sircilla,TSSD0081,172.75,"{'min': 34.560001373291016, 'max': 42.022857666015625, 'mean': 38.00899759928385, 'count': 48, 'sum': 1824.431884765625, 'median': 38.270668029785156}","(78.61274932300006, 18.50685668500006, 78.84598478800007, 18.63425720600003)",30-06-2023.geojson,Chendurthi,,,,,
Warangal_Rural,TSSD0082,99.63,"{'min': 39.4379997253418, 'max': 42.83599853515625, 'mean': 41.028093009159484, 'count': 29, 'sum': 1189.814697265625, 'median': 41.15800094604492}","(79.77887035600008, 17.796694865000063, 79.93870076600007, 17.912052966000033)",30-06-2023.geojson,Chennaraopet,,,,,
Mancherial,TSSD0083,348.6,"{'min': 35.16428756713867, 'max': 43.68818283081055, 'mean': 40.27898108440897, 'count': 92, 'sum': 3705.666259765625, 'median': 40.30247497558594}","(79.65949015600006, 18.682762397000033, 79.84767354200005, 18.959046801000056)",30-06-2023.geojson,Chennur,,,,,
Siddipet,TSSD0084,222.44,"{'min': 37.53714370727539, 'max': 41.480770111083984, 'mean': 40.08822166313559, 'count': 59, 'sum': 2365.205078125, 'median': 40.13666534423828}","(78.86758954600003, 17.828098220000072, 79.06729449200009, 18.036935309000057)",30-06-2023.geojson,Cherial,,,,,
Bhadradri Kothagudem,TSSD0085,477.35,"{'min': 35.38666534423828, 'max': 43.39363479614258, 'mean': 39.07351610137195, 'count': 123, 'sum': 4806.04248046875, 'median': 38.78384780883789}","(80.73391161600006, 17.933206824000024, 80.98568532800005, 18.238859586000046)",30-06-2023.geojson,Cherla,,,,,
Rangareddy,TSSD0086,276.14,"{'min': 38.48833465576172, 'max': 41.6150016784668, 'mean': 40.52200275577911, 'count': 73, 'sum': 2958.106201171875, 'median': 40.689998626708984}","(78.00412674500006, 17.23299501100007, 78.21859291200008, 17.409433687000046)",30-06-2023.geojson,Chevella,,,,,
Karimnagar,TSSD0087,149.85,"{'min': 40.92856979370117, 'max': 43.79249954223633, 'mean': 42.05354614257813, 'count': 40, 'sum': 1682.141845703125, 'median': 41.958335876464844}","(79.10798904900008, 18.16049209700003, 79.25728156700006, 18.285204140000076)",30-06-2023.geojson,Chigurumamidi,,,,,
Suryapet,TSSD0088,109.2,"{'min': 39.59000015258789, 'max': 46.33000183105469, 'mean': 43.67380632672991, 'count': 28, 'sum': 1222.8665771484375, 'median': 43.97249984741211}","(79.79036079100007, 16.906046110000034, 79.93531953700005, 17.024466438000047)",30-06-2023.geojson,Chilkur,,,,,
Jangoan,TSSD0089,157.63,"{'min': 38.56399917602539, 'max': 41.810001373291016, 'mean': 40.940727766170056, 'count': 43, 'sum': 1760.4512939453125, 'median': 41.12230682373047}","(79.20344106000005, 17.85176273600007, 79.44938298400007, 17.98733100100003)",30-06-2023.geojson,Chilpur,,,,,
Mahabubnagar,TSSD0090,182.6,"{'min': 38.869998931884766, 'max': 42.391998291015625, 'mean': 40.9825390625, 'count': 50, 'sum': 2049.126953125, 'median': 41.132999420166016}","(77.73330203000006, 16.37851123300004, 77.87096754700008, 16.616724610000063)",30-06-2023.geojson,Chinna Chinta Kunta,,,,,
Mahabubabad,TSSD0091,62.33,"{'min': 39.74399948120117, 'max': 42.47249984741211, 'mean': 41.131308162913605, 'count': 17, 'sum': 699.2322387695312, 'median': 41.03908920288086}","(79.84909294100004, 17.449136596000073, 79.93830751200005, 17.551928229000055)",30-06-2023.geojson,Chinnagudur,,,,,
Siddipet,TSSD0092,210.1,"{'min': 36.501251220703125, 'max': 40.3457145690918, 'mean': 38.85171305338542, 'count': 60, 'sum': 2331.102783203125, 'median': 38.990623474121094}","(78.82494370000006, 18.112037676000057, 79.02016956300008, 18.25691097600003)",30-06-2023.geojson,Chinnakodur,,,,,
Wanaparthy,TSSD0093,211.48,"{'min': 36.8477783203125, 'max': 41.97200012207031, 'mean': 39.3197231950431, 'count': 58, 'sum': 2280.5439453125, 'median': 39.697044372558594}","(78.05946824700004, 15.943903422000062, 78.25862092700004, 16.10487720200007)",30-06-2023.geojson,Chinnambavi,,,,,
Khammam,TSSD0094,188.05,"{'min': 39.75600051879883, 'max': 42.72200012207031, 'mean': 41.16954239555027, 'count': 46, 'sum': 1893.7989501953125, 'median': 41.09575653076172}","(80.15749622700008, 17.00863986300004, 80.30764277300005, 17.236461319000057)",30-06-2023.geojson,Chintakani,,,,,
Kumurambheem Asifabad,TSSD0095,288.59,"{'min': 37.994285583496094, 'max': 44.65666580200195, 'mean': 41.902642822265626, 'count': 80, 'sum': 3352.21142578125, 'median': 42.09000015258789}","(79.67767908700006, 19.36047807800003, 79.97913072000006, 19.567678157000046)",30-06-2023.geojson,Chintalamanepally,,,,,
Suryapet,TSSD0096,202.08,"{'min': 31.934444427490234, 'max': 44.3477783203125, 'mean': 40.24240291819853, 'count': 51, 'sum': 2052.362548828125, 'median': 42.066001892089844}","(79.89168709400008, 16.63122235000003, 80.07323171000007, 16.848894700000073)",30-06-2023.geojson,Chinthala palem,,,,,
Nalgonda,TSSD0097,274.6,"{'min': 35.49222183227539, 'max': 43.45199966430664, 'mean': 39.86744791666667, 'count': 75, 'sum': 2990.05859375, 'median': 39.6481819152832}","(78.69548427600006, 16.739825453000037, 78.92444476600008, 16.973748571000044)",30-06-2023.geojson,Chinthapally,,,,,
Jayashankar Bhupalpally,TSSD0098,210.42,"{'min': 39.09000015258789, 'max': 44.068180084228516, 'mean': 42.3076171875, 'count': 57, 'sum': 2411.5341796875, 'median': 42.76166534423828}","(79.64088009700004, 18.283442338000043, 79.79196266500009, 18.492380515000036)",30-06-2023.geojson,Chityal,,,,,
Nalgonda,TSSD0099,237.77,"{'min': 38.88666534423828, 'max': 43.148460388183594, 'mean': 41.06900634765625, 'count': 60, 'sum': 2464.140380859375, 'median': 41.17749786376953}","(78.96087085700003, 17.126777316000073, 79.17779320000005, 17.284106424000072)",30-06-2023.geojson,Chityal,,,,,
Suryapet,TSSD0100,151.19,"{'min': 39.72111129760742, 'max': 43.16714096069336, 'mean': 41.3721923828125, 'count': 40, 'sum': 1654.8876953125, 'median': 41.27750015258789}","(79.61526708400004, 17.06178183000003, 79.77234545500005, 17.21508940600006)",30-06-2023.geojson,Chivvemla,,,,,
Karimnagar,TSSD0101,141.96,"{'min': 38.7599983215332, 'max': 41.95000076293945, 'mean': 40.61402652138158, 'count': 38, 'sum': 1543.3330078125, 'median': 40.54961395263672}","(79.09673047900003, 18.516979337000066, 79.23072403500004, 18.66557143500006)",30-06-2023.geojson,Choppadandi,,,,,
Yadadri Bhuvanagiri,TSSD0102,264.84,"{'min': 36.915714263916016, 'max': 43.262306213378906, 'mean': 39.569590393926056, 'count': 71, 'sum': 2809.44091796875, 'median': 39.44428634643555}","(78.747570484, 17.19528529400003, 78.99749932000003, 17.348531597000033)",30-06-2023.geojson,Choutuppal,,,,,
Rangareddy,TSSD0103,111.15,"{'min': 34.8033332824707, 'max': 41.715999603271484, 'mean': 38.013540762442126, 'count': 27, 'sum': 1026.3656005859375, 'median': 37.77000045776367}","(77.92190617600005, 16.980166997000026, 78.03572549400008, 17.14859407800003)",30-06-2023.geojson,Chowdergudem,,,,,
Bhadradri Kothagudem,TSSD0104,113.98,"{'min': 34.53888702392578, 'max': 44.27000045776367, 'mean': 39.112284998739916, 'count': 31, 'sum': 1212.4808349609375, 'median': 39.20000076293945}","(80.59078646000006, 17.397527010000033, 80.73926192500005, 17.56175825500003)",30-06-2023.geojson,Chunchupally,,,,,
Kumurambheem Asifabad,TSSD0105,282.91,"{'min': 36.999229431152344, 'max': 45.533077239990234, 'mean': 41.4476219383446, 'count': 74, 'sum': 3067.1240234375, 'median': 42.0572509765625}","(79.55061502100006, 19.147024978000047, 79.94481136900004, 19.320003257000053)",30-06-2023.geojson,Dahegaon,,,,,
Nalgonda,TSSD0106,212.91,"{'min': 38.5, 'max': 43.49222183227539, 'mean': 40.64231178977273, 'count': 55, 'sum': 2235.3271484375, 'median': 40.470001220703125}","(79.52381292400008, 16.65992049600004, 79.70200312500003, 16.812899723000044)",30-06-2023.geojson,Damaracherla,,,,,
Narayanpet,TSSD0107,197.8,"{'min': 35.84857177734375, 'max': 43.30799865722656, 'mean': 38.56778564453125, 'count': 50, 'sum': 1928.3892822265625, 'median': 38.44072723388672}","(77.45634407100005, 16.764877660000025, 77.60496874100005, 16.959326115000067)",30-06-2023.geojson,Damargidda,,,,,
Warangal_Rural,TSSD0108,89.35,"{'min': 39.96200180053711, 'max': 42.33444595336914, 'mean': 41.20567830403646, 'count': 24, 'sum': 988.936279296875, 'median': 41.192222595214844}","(79.60072347200008, 18.00572767700004, 79.70643829000005, 18.13897497800008)",30-06-2023.geojson,Damera,,,,,
Bhadradri Kothagudem,TSSD0109,482.53,"{'min': 33.279998779296875, 'max': 39.858890533447266, 'mean': 37.19320537860577, 'count': 130, 'sum': 4835.11669921875, 'median': 37.37678527832031}","(80.86476856000007, 17.190519193000057, 81.08735919600008, 17.56822006400006)",30-06-2023.geojson,Dammapeta,,,,,
Mancherial,TSSD0110,212.73,"{'min': 34.7457160949707, 'max': 41.89181900024414, 'mean': 39.16440087033991, 'count': 57, 'sum': 2232.370849609375, 'median': 40.00090789794922}","(79.08727409600004, 18.884636873000034, 79.22437932800005, 19.103216721000024)",30-06-2023.geojson,Dandepalle,,,,,
Mahabubabad,TSSD0111,108.96,"{'min': 38.7518196105957, 'max': 43.0260009765625, 'mean': 40.497050623739916, 'count': 31, 'sum': 1255.4085693359375, 'median': 40.42076873779297}","(79.65560623800008, 17.428868298000054, 79.78530222000006, 17.546608658000025)",30-06-2023.geojson,Danthalapalle,,,,,
Nirmal,TSSD0112,76.62,"{'min': 39.091426849365234, 'max': 42.679229736328125, 'mean': 41.55405787417763, 'count': 19, 'sum': 789.527099609375, 'median': 41.81461715698242}","(78.82647409500004, 19.034610264000037, 78.95076054900005, 19.132845763000034)",30-06-2023.geojson,Dasturabad,,,,,
Nalgonda,TSSD0113,235.21,"{'min': 34.897274017333984, 'max': 40.759090423583984, 'mean': 38.488462386592744, 'count': 62, 'sum': 2386.28466796875, 'median': 38.974544525146484}","(78.75664741300005, 16.599618543000076, 78.96744054100003, 16.769811435000065)",30-06-2023.geojson,Devarakonda,,,,,
Mahabubnagar,TSSD0114,238.37,"{'min': 33.40230941772461, 'max': 41.435455322265625, 'mean': 38.832003685735884, 'count': 62, 'sum': 2407.584228515625, 'median': 38.883331298828125}","(77.76466384500003, 16.454975524000076, 77.92512638900007, 16.738387466000063)",30-06-2023.geojson,Devarkadra,,,,,
Jangoan,TSSD0115,182.53,"{'min': 36.488460540771484, 'max': 42.255001068115234, 'mean': 40.17272705078125, 'count': 50, 'sum': 2008.6363525390625, 'median': 40.19181823730469}","(79.21277209400006, 17.510665525000036, 79.40089799000003, 17.677652839000075)",30-06-2023.geojson,Devaruppula,,,,,
Narayanpet,TSSD0116,153.65,"{'min': 35.254615783691406, 'max': 41.279998779296875, 'mean': 39.0491943359375, 'count': 37, 'sum': 1444.8201904296875, 'median': 39.869998931884766}","(77.59496902800004, 16.571400942000025, 77.76875056600005, 16.754234962000055)",30-06-2023.geojson,Dhanwada,,,,,
Jagtial,TSSD0117,175.9,"{'min': 37.24333190917969, 'max': 42.46500015258789, 'mean': 40.28163791232639, 'count': 45, 'sum': 1812.6737060546875, 'median': 40.36066818237305}","(78.99144763200007, 18.877766286000053, 79.16011736700005, 19.07420193200005)",30-06-2023.geojson,Dharmapuri,,,,,
Peddapalli,TSSD0118,201.92,"{'min': 36.56230926513672, 'max': 40.380767822265625, 'mean': 38.77398105837264, 'count': 53, 'sum': 2055.02099609375, 'median': 38.91363525390625}","(79.11294947900006, 18.616084372000046, 79.33879022800005, 18.75580704600003)",30-06-2023.geojson,Dharmaram,,,,,
Warangal_Urban,TSSD0119,166.63,"{'min': 36.36833190917969, 'max': 42.73444366455078, 'mean': 40.88080512152778, 'count': 45, 'sum': 1839.63623046875, 'median': 41.422725677490234}","(79.34392484200004, 17.872946780000063, 79.49559988700008, 18.064662017000046)",30-06-2023.geojson,Dharmasagar,,,,,
Jogulamba Gadwal,TSSD0120,233.51,"{'min': 27.785715103149414, 'max': 38.19181823730469, 'mean': 35.061258951822914, 'count': 60, 'sum': 2103.675537109375, 'median': 35.557498931884766}","(77.59027451200006, 16.165087868000057, 77.75403082300005, 16.362950969000053)",30-06-2023.geojson,Dharoor,,,,,
Vikarabad,TSSD0121,204.41,"{'min': 33.772857666015625, 'max': 40.875, 'mean': 38.0010751577524, 'count': 52, 'sum': 1976.055908203125, 'median': 38.69181823730469}","(77.69853344900008, 17.210650905000023, 77.85683392500005, 17.378989310000065)",30-06-2023.geojson,Dharoor,,,,,
Nizamabad,TSSD0122,181.87,"{'min': 35.4739990234375, 'max': 41.154998779296875, 'mean': 38.098186882174744, 'count': 49, 'sum': 1866.8111572265625, 'median': 38.22529602050781}","(78.27142695800006, 18.455096901000047, 78.41235874700004, 18.675940208000043)",30-06-2023.geojson,Dharpally,,,,,
Nizamabad,TSSD0123,165.76,"{'min': 36.85588073730469, 'max': 40.908748626708984, 'mean': 38.91191948784722, 'count': 45, 'sum': 1751.036376953125, 'median': 38.9275016784668}","(78.13708897600003, 18.552299339000058, 78.33103872900006, 18.67400565300005)",30-06-2023.geojson,Dichpally,,,,,
Nirmal,TSSD0124,155.33,"{'min': 29.536666870117188, 'max': 42.58250045776367, 'mean': 38.137420654296875, 'count': 40, 'sum': 1525.496826171875, 'median': 39.84742736816406}","(78.18162478500005, 18.979193036000026, 78.31903817300008, 19.15181674400003)",30-06-2023.geojson,Dilawarpur,,,,,
Vikarabad,TSSD0125,169.11,"{'min': 35.53908920288086, 'max': 39.57615280151367, 'mean': 37.13436057350852, 'count': 44, 'sum': 1633.911865234375, 'median': 37.069847106933594}","(77.75350961300006, 16.993685688000028, 77.91797159400005, 17.151011999000048)",30-06-2023.geojson,Doma,,,,,
Mahabubabad,TSSD0126,157.58,"{'min': 40.16749954223633, 'max': 43.97999954223633, 'mean': 42.287547041730186, 'count': 41, 'sum': 1733.7894287109375, 'median': 42.447776794433594}","(80.00919088400008, 17.34578428800006, 80.17130219700005, 17.498026924000044)",30-06-2023.geojson,Dornakal,,,,,
Vikarabad,TSSD0127,206.9,"{'min': 37.082305908203125, 'max': 42.22999954223633, 'mean': 40.41075721153846, 'count': 52, 'sum': 2101.359375, 'median': 40.472999572753906}","(77.47254906600006, 16.90300025500005, 77.65396255100006, 17.070101057000045)",30-06-2023.geojson,Doulthabad,,,,,
Siddipet,TSSD0128,239.89,"{'min': 38.4515380859375, 'max': 42.44166564941406, 'mean': 40.191429501488095, 'count': 63, 'sum': 2532.06005859375, 'median': 40.262306213378906}","(78.54681796600005, 18.097298073000047, 78.75700455300006, 18.255668025000034)",30-06-2023.geojson,Dubbak,,,,,
Warangal_Rural,TSSD0129,117.69,"{'min': 39.818572998046875, 'max': 42.51166534423828, 'mean': 40.87904013356855, 'count': 31, 'sum': 1267.250244140625, 'median': 40.7172737121582}","(79.74503783800003, 17.911539967000067, 79.86925509200006, 18.07929052000003)",30-06-2023.geojson,Duggondi,,,,,
Bhadradri Kothagudem,TSSD0130,322.15,"{'min': 35.36454391479492, 'max': 43.681427001953125, 'mean': 40.508076435810814, 'count': 74, 'sum': 2997.59765625, 'median': 41.09433364868164}","(80.86195260000005, 17.696811285000024, 81.09376572500008, 17.952898013000038)",30-06-2023.geojson,Dummugudem,,,,,
Medchal_Malkajgiri,TSSD0131,81.34,"{'min': 34.52571487426758, 'max': 37.91374969482422, 'mean': 36.329873657226564, 'count': 20, 'sum': 726.5974731445312, 'median': 36.26804733276367}","(78.36001430200008, 17.525573036000026, 78.50711033000005, 17.638921073000063)",30-06-2023.geojson,Dundigal Gandimaisamma,,,,,
Peddapalli,TSSD0132,76.87,"{'min': 38.52000045776367, 'max': 41.63833236694336, 'mean': 40.134918212890625, 'count': 22, 'sum': 882.9682006835938, 'median': 40.311668395996094}","(79.21615438200007, 18.50700951700003, 79.32467419700004, 18.611289084000077)",30-06-2023.geojson,Eligaid,,,,,
Warangal_Urban,TSSD0133,130.61,"{'min': 37.731536865234375, 'max': 43.47444534301758, 'mean': 42.08436343544408, 'count': 38, 'sum': 1599.205810546875, 'median': 42.62111282348633}","(79.37430346400004, 18.03182084900004, 79.56117484200007, 18.167621027000052)",30-06-2023.geojson,Elkathurthi,,,,,
Karimnagar,TSSD0134,97.13,"{'min': 39.758888244628906, 'max': 43.349998474121094, 'mean': 41.49303729717548, 'count': 26, 'sum': 1078.8189697265625, 'median': 41.39666748046875}","(79.48944079000006, 18.22671351400004, 79.58025617800007, 18.37787529900004)",30-06-2023.geojson,Ellandakunta,,,,,
Khammam,TSSD0135,189.89,"{'min': 36.025001525878906, 'max': 44.59333419799805, 'mean': 41.756022135416664, 'count': 51, 'sum': 2129.55712890625, 'median': 41.94200134277344}","(80.32325062100006, 17.259354917000053, 80.50833243100004, 17.441441247000057)",30-06-2023.geojson,Enkoor,,,,,
Mulugu,TSSD0136,343.37,"{'min': 38.919090270996094, 'max': 44.08818054199219, 'mean': 40.91702403192935, 'count': 92, 'sum': 3764.3662109375, 'median': 40.61090850830078}","(80.26936561700006, 18.23370998300004, 80.49039395700004, 18.462636728000064)",30-06-2023.geojson,Eturnagaram,,,,,
Rangareddy,TSSD0137,278.36,"{'min': 34.97666549682617, 'max': 39.36399841308594, 'mean': 36.853961588541665, 'count': 75, 'sum': 2764.047119140625, 'median': 36.53727340698242}","(78.06823301000003, 16.93980447000007, 78.31577077500003, 17.115180701000043)",30-06-2023.geojson,Farooqnagar,,,,,
Adilabad,TSSD0138,227.73,"{'min': 36.82285690307617, 'max': 44.52714157104492, 'mean': 41.31090708247951, 'count': 61, 'sum': 2519.96533203125, 'median': 41.327144622802734}","(78.77129668200007, 19.52875835800006, 78.97180690400006, 19.672134552000045)",30-06-2023.geojson,Gadiguda,,,,,
Jogulamba Gadwal,TSSD0139,264.89,"{'min': 34.426666259765625, 'max': 42.1136360168457, 'mean': 38.16102818080357, 'count': 70, 'sum': 2671.27197265625, 'median': 37.93116760253906}","(77.72121964000007, 16.085291977000054, 77.93275208300008, 16.318733621000035)",30-06-2023.geojson,Gadwal,,,,,
Siddipet,TSSD0140,212.47,"{'min': 36.931427001953125, 'max': 41.894615173339844, 'mean': 39.64042780949519, 'count': 52, 'sum': 2061.30224609375, 'median': 39.7874755859375}","(78.58303917400008, 17.794325789000027, 78.78577283400006, 17.975258496000038)",30-06-2023.geojson,Gajwel,,,,,
Rajanna Sircilla,TSSD0141,156.05,"{'min': 34.856666564941406, 'max': 41.35714340209961, 'mean': 38.98843011623475, 'count': 41, 'sum': 1598.525634765625, 'median': 39.29999923706055}","(78.52078465300008, 18.22335373800007, 78.64656692100004, 18.42659197100005)",30-06-2023.geojson,Gambhiraopet,,,,,
Mahabubnagar,TSSD0142,228.82,"{'min': 33.67909240722656, 'max': 40.74399948120117, 'mean': 37.61190166170635, 'count': 63, 'sum': 2369.5498046875, 'median': 38.2423095703125}","(77.73779362900007, 16.845154139000044, 77.95386938900003, 16.999075455000025)",30-06-2023.geojson,Gandeed,,,,,
Kamareddy,TSSD0143,333.76,"{'min': 36.402000427246094, 'max': 43.07400131225586, 'mean': 40.78641062769397, 'count': 87, 'sum': 3548.417724609375, 'median': 41.09000015258789}","(77.92036537400008, 18.313249016000043, 78.18359844500003, 18.50402559500003)",30-06-2023.geojson,Gandhari,,,,,
Rangareddy,TSSD0144,104.67,"{'min': 29.98200035095215, 'max': 37.637142181396484, 'mean': 35.19199782151442, 'count': 26, 'sum': 914.991943359375, 'median': 35.77228546142578}","(78.22812814200006, 17.32859737600006, 78.42011614800003, 17.43391934600004)",30-06-2023.geojson,Gandipet,,,,,
Karimnagar,TSSD0145,160.18,"{'min': 36.946250915527344, 'max': 40.82428741455078, 'mean': 39.41034226190476, 'count': 42, 'sum': 1655.234375, 'median': 39.38161849975586}","(78.94956144100007, 18.417228382000076, 79.08057825900005, 18.682963267000048)",30-06-2023.geojson,Gangadhara,,,,,
Mahabubabad,TSSD0146,388.97,"{'min': 33.00600051879883, 'max': 41.24800109863281, 'mean': 37.20940692608173, 'count': 104, 'sum': 3869.7783203125, 'median': 37.06888961791992}","(80.09945621800006, 17.703358498000057, 80.32312548900006, 18.023583650000035)",30-06-2023.geojson,Gangaram,,,,,
Karimnagar,TSSD0147,128.88,"{'min': 30.100000381469727, 'max': 42.96428680419922, 'mean': 39.18683416193182, 'count': 33, 'sum': 1293.16552734375, 'median': 40.948570251464844}","(79.00593677600006, 18.285893647000023, 79.15761711400006, 18.42386993300005)",30-06-2023.geojson,Ganneruvaram,,,,,
Suryapet,TSSD0148,196.75,"{'min': 37.349998474121094, 'max': 47.66999816894531, 'mean': 43.459225463867185, 'count': 40, 'sum': 1738.3690185546875, 'median': 43.90999984741211}","(79.69899423300006, 16.791794304000064, 79.84726513600003, 16.996734263000064)",30-06-2023.geojson,Garidepalli,,,,,
Mahabubabad,TSSD0149,134.15,"{'min': 40.04142761230469, 'max': 43.810001373291016, 'mean': 41.77836216517857, 'count': 35, 'sum': 1462.24267578125, 'median': 41.941429138183594}","(80.09119141800005, 17.438011174000053, 80.22850494600004, 17.593396365000046)",30-06-2023.geojson,Garla,,,,,
Warangal_Rural,TSSD0150,134.93,"{'min': 38.93000030517578, 'max': 41.36538314819336, 'mean': 40.1234375, 'count': 35, 'sum': 1404.3203125, 'median': 40.06846237182617}","(79.61786745500007, 17.897533089000035, 79.78756875100004, 18.025592932000052)",30-06-2023.geojson,Geesugonda,,,,,
Jayashankar Bhupalpally,TSSD0151,135.95,"{'min': 35.630001068115234, 'max': 42.88800048828125, 'mean': 40.577696104307435, 'count': 37, 'sum': 1501.374755859375, 'median': 40.97181701660156}","(79.80756877900006, 18.262592781000023, 79.95276371100005, 18.417946673000074)",30-06-2023.geojson,Ghanapur_Mulug,,,,,
Wanaparthy,TSSD0152,155.07,"{'min': 33.9466667175293, 'max': 39.28200149536133, 'mean': 36.66065095600329, 'count': 38, 'sum': 1393.104736328125, 'median': 36.71726989746094}","(77.98310490100005, 16.47901398600004, 78.12571646600009, 16.626992442000073)",30-06-2023.geojson,Ghanpur,,,,,
Jangoan,TSSD0153,172.06,"{'min': 36.9900016784668, 'max': 42.939998626708984, 'mean': 40.740361870659726, 'count': 45, 'sum': 1833.3162841796875, 'median': 40.875}","(79.23152818800008, 17.720237033000046, 79.42362870100004, 17.892366453000022)",30-06-2023.geojson,Ghanpur (Stn),,,,,
Medchal_Malkajgiri,TSSD0154,123.94,"{'min': 34.128665924072266, 'max': 38.452857971191406, 'mean': 36.78312043220766, 'count': 31, 'sum': 1140.2767333984375, 'median': 36.86600112915039}","(78.61964476900005, 17.377866780000033, 78.75985781500003, 17.488422350000064)",30-06-2023.geojson,Ghatkesar,,,,,
Jogulamba Gadwal,TSSD0155,267.38,"{'min': 32.52333450317383, 'max': 39.27727127075195, 'mean': 36.44731376540493, 'count': 71, 'sum': 2587.75927734375, 'median': 36.3466682434082}","(77.49353266000008, 15.976683508000065, 77.64425295800004, 16.21363012000006)",30-06-2023.geojson,Ghattu,,,,,
Hyderabad,TSSD0156,9.86,"{'min': 35.90599822998047, 'max': 36.25133514404297, 'mean': 36.07866668701172, 'count': 2, 'sum': 72.15733337402344, 'median': 36.07866668701172}","(78.38383245800003, 17.369513270000027, 78.43137261900006, 17.39634099500006)",30-06-2023.geojson,Golkonda,,,,,
Jagtial,TSSD0157,151.75,"{'min': 35.07666778564453, 'max': 41.900909423828125, 'mean': 39.29246593656994, 'count': 42, 'sum': 1650.2835693359375, 'median': 39.20783233642578}","(78.95794203800006, 18.74532743900005, 79.15334781300004, 18.85190287000006)",30-06-2023.geojson,Gollapalli,,,,,
Wanaparthy,TSSD0158,125.4,"{'min': 37.7827262878418, 'max': 39.498573303222656, 'mean': 38.491793387276786, 'count': 35, 'sum': 1347.2127685546875, 'median': 38.395999908447266}","(78.08591650400007, 16.328531611000074, 78.20166738400007, 16.47124508400003)",30-06-2023.geojson,Gopalpet,,,,,
Mulugu,TSSD0159,343.34,"{'min': 35.03727340698242, 'max': 43.05799865722656, 'mean': 39.19218428056319, 'count': 91, 'sum': 3566.48876953125, 'median': 39.034000396728516}","(79.99281799200008, 18.08316615600006, 80.26935217700003, 18.29768950400006)",30-06-2023.geojson,Govindaraopet,,,,,
Adilabad,TSSD0160,159.79,"{'min': 38.786251068115234, 'max': 44.308570861816406, 'mean': 42.182069436097755, 'count': 39, 'sum': 1645.1007080078125, 'median': 42.52384567260742}","(78.44054848400003, 19.441831296000146, 78.58019452000008, 19.607753279000065)",30-06-2023.geojson,Gudihathnur,,,,,
Mahabubabad,TSSD0161,312.8,"{'min': 36.1522216796875, 'max': 42.64400100708008, 'mean': 39.59059999047256, 'count': 82, 'sum': 3246.42919921875, 'median': 40.00550079345703}","(79.87550272900006, 17.686846624000054, 80.15255229900004, 17.87590134000004)",30-06-2023.geojson,Gudur,,,,,
Sangareddy,TSSD0162,98.98,"{'min': 34.9379997253418, 'max': 40.771331787109375, 'mean': 37.7508203125, 'count': 25, 'sum': 943.7705078125, 'median': 37.775333404541016}","(78.31472103200008, 17.61424192000004, 78.44886573200006, 17.746359040000073)",30-06-2023.geojson,Gummadidala,,,,,
Bhadradri Kothagudem,TSSD0163,495.92,"{'min': 34.849998474121094, 'max': 43.6077766418457, 'mean': 39.11861535274621, 'count': 132, 'sum': 5163.6572265625, 'median': 39.278499603271484}","(80.25193695800004, 17.734911501000056, 80.47191641100005, 18.082237242000076)",30-06-2023.geojson,Gundala,,,,,
Yadadri Bhuvanagiri,TSSD0164,172.25,"{'min': 35.064998626708984, 'max': 40.665000915527344, 'mean': 37.44262140447443, 'count': 44, 'sum': 1647.475341796875, 'median': 36.960357666015625}","(79.14910012700005, 17.45209845900007, 79.37870067300008, 17.62417806900004)",30-06-2023.geojson,Gundala,,,,,
Nalgonda,TSSD0165,263.41,"{'min': 35.284000396728516, 'max': 40.584285736083984, 'mean': 38.04352165670956, 'count': 68, 'sum': 2586.95947265625, 'median': 37.962501525878906}","(78.61528553800008, 16.514907610000023, 78.85800945400007, 16.715959889000032)",30-06-2023.geojson,Gundlapally,,,,,
Nalgonda,TSSD0166,309.8,"{'min': 35.72800064086914, 'max': 39.84272766113281, 'mean': 37.73442859184451, 'count': 82, 'sum': 3094.22314453125, 'median': 37.5711669921875}","(78.99484315300003, 16.723799824000025, 79.20953000900005, 16.93974487500003)",30-06-2023.geojson,Gurrampode,,,,,
Mancherial,TSSD0167,257.54,"{'min': 31.94076919555664, 'max': 41.1783332824707, 'mean': 37.96594935825893, 'count': 70, 'sum': 2657.616455078125, 'median': 38.073909759521484}","(79.26565732000006, 18.814436070000056, 79.42256325600005, 19.008309308000037)",30-06-2023.geojson,Hajipur,,,,,
Warangal_Urban,TSSD0168,45.74,"{'min': 36.125, 'max': 40.76333236694336, 'mean': 38.278889973958336, 'count': 12, 'sum': 459.3466796875, 'median': 38.21666717529297}","(79.50733597600004, 17.982258095000077, 79.59918790600005, 18.051422419000062)",30-06-2023.geojson,Hanamkonda,,,,,
Mahabubnagar,TSSD0169,168.92,"{'min': 34.21908950805664, 'max': 39.93166732788086, 'mean': 37.19446078213778, 'count': 44, 'sum': 1636.5562744140625, 'median': 36.804168701171875}","(77.76252807700007, 16.752192707000063, 77.98873493800005, 16.893183992000047)",30-06-2023.geojson,Hanwada,,,,,
Warangal_Urban,TSSD0170,161.17,"{'min': 37.598331451416016, 'max': 43.290000915527344, 'mean': 40.54043082303779, 'count': 43, 'sum': 1743.238525390625, 'median': 40.75600051879883}","(79.43172067800003, 17.991968021000048, 79.62513964800007, 18.143584798000063)",30-06-2023.geojson,Hasanparthy,,,,,
Sangareddy,TSSD0171,204.77,"{'min': 35.87933349609375, 'max': 41.522857666015625, 'mean': 40.021397181919646, 'count': 56, 'sum': 2241.1982421875, 'median': 40.05071258544922}","(78.10555045300003, 17.63393108100007, 78.31945472700005, 17.83424511100003)",30-06-2023.geojson,Hathnoora,,,,,
Medak,TSSD0172,187.01,"{'min': 35.00600051879883, 'max': 40.77000045776367, 'mean': 38.62021392246462, 'count': 53, 'sum': 2046.871337890625, 'median': 38.9913330078125}","(78.15651423700007, 18.05332005300005, 78.35309415700004, 18.215476757000033)",30-06-2023.geojson,Havelighanpur,,,,,
Rangareddy,TSSD0173,30.54,"{'min': 36.4739990234375, 'max': 38.19133377075195, 'mean': 37.3204345703125, 'count': 9, 'sum': 335.8839111328125, 'median': 37.31428527832031}","(78.52755004100004, 17.306583933000013, 78.61900574700013, 17.348163568000075)",30-06-2023.geojson,Hayathnagar,,,,,
Hyderabad,TSSD0174,6.58,"{'min': 34.16866683959961, 'max': 35.25266647338867, 'mean': 34.71066665649414, 'count': 2, 'sum': 69.42133331298828, 'median': 34.71066665649414}","(78.47360807500007, 17.38688961500003, 78.50484873500005, 17.421948936000035)",30-06-2023.geojson,Himayatnagar,,,,,
Siddipet,TSSD0175,117.52,"{'min': 36.91999816894531, 'max': 43.33333206176758, 'mean': 40.62105043472782, 'count': 31, 'sum': 1259.2525634765625, 'median': 40.87666702270508}","(79.13916242100004, 18.08470961100005, 79.30335584600004, 18.180728988000055)",30-06-2023.geojson,Husnabad,,,,,
Suryapet,TSSD0176,126.8,"{'min': 39.470001220703125, 'max': 46.849998474121094, 'mean': 42.83816731770833, 'count': 30, 'sum': 1285.14501953125, 'median': 42.95500183105469}","(79.76496890800007, 16.81112220400007, 79.93455343000005, 16.95645507200004)",30-06-2023.geojson,Huzur nagar,,,,,
Karimnagar,TSSD0177,138.33,"{'min': 39.69200134277344, 'max': 42.90142822265625, 'mean': 41.33143785264757, 'count': 36, 'sum': 1487.9317626953125, 'median': 41.292144775390625}","(79.33974401500006, 18.149110196000038, 79.48471113900007, 18.285271040000055)",30-06-2023.geojson,Huzurabad,,,,,
Jagtial,TSSD0178,142.28,"{'min': 38.14142990112305, 'max': 41.04499816894531, 'mean': 39.9093017578125, 'count': 37, 'sum': 1476.6441650390625, 'median': 39.9007682800293}","(78.51963186500006, 18.84352731300004, 78.64824793900004, 19.00011807900006)",30-06-2023.geojson,Ibrahimpatnam,,,,,
Rangareddy,TSSD0179,274.25,"{'min': 33.588462829589844, 'max': 40.7599983215332, 'mean': 38.7091064453125, 'count': 72, 'sum': 2787.0556640625, 'median': 38.8372802734375}","(78.51594250300008, 17.11693136100007, 78.81737317200003, 17.26846339900004)",30-06-2023.geojson,Ibrahimpatnam,,,,,
Adilabad,TSSD0180,211.85,"{'min': 37.5446662902832, 'max': 45.29470443725586, 'mean': 42.68931361607143, 'count': 56, 'sum': 2390.6015625, 'median': 43.38500213623047}","(78.40972741900003, 19.27144580600003, 78.59073863400005, 19.476086989000066)",30-06-2023.geojson,Ichoda,,,,,
Rajanna Sircilla,TSSD0181,222.52,"{'min': 32.32875061035156, 'max': 42.991249084472656, 'mean': 39.28460903825431, 'count': 58, 'sum': 2278.50732421875, 'median': 39.754539489746094}","(78.82265059000008, 18.234493222000026, 79.02266919100003, 18.400162883000064)",30-06-2023.geojson,Illanthakunta,,,,,
Warangal_Urban,TSSD0182,154.53,"{'min': 38.061668395996094, 'max': 42.69499969482422, 'mean': 40.142039763621796, 'count': 39, 'sum': 1565.53955078125, 'median': 40.17769241333008}","(79.48651884400005, 17.786163054000042, 79.62215459200007, 17.94046736200005)",30-06-2023.geojson,Inavolu,,,,,
Nizamabad,TSSD0183,187.42,"{'min': 35.10124969482422, 'max': 40.30058670043945, 'mean': 38.390233876753825, 'count': 49, 'sum': 1881.1214599609375, 'median': 38.747501373291016}","(78.16214130800006, 18.452259628000036, 78.35381027700004, 18.595203980000065)",30-06-2023.geojson,Indalwai,,,,,
Adilabad,TSSD0184,209.33,"{'min': 38.977691650390625, 'max': 43.92499923706055, 'mean': 41.665762442129626, 'count': 54, 'sum': 2249.951171875, 'median': 41.70714569091797}","(78.56653272500006, 19.379057926000144, 78.76792306800007, 19.567601660000037)",30-06-2023.geojson,Inderavelly,,,,,
Jogulamba Gadwal,TSSD0185,302.11,"{'min': 36.26166534423828, 'max': 42.20090866088867, 'mean': 40.07947716346154, 'count': 78, 'sum': 3126.19921875, 'median': 40.33000183105469}","(77.74751634700004, 15.980643073000067, 77.98393237000005, 16.184409668000058)",30-06-2023.geojson,Itikyal,,,,,
Mahabubnagar,TSSD0186,294.27,"{'min': 34.973331451416016, 'max': 41.638572692871094, 'mean': 39.34787109375, 'count': 75, 'sum': 2951.09033203125, 'median': 39.545555114746094}","(78.04502359400004, 16.680028693000054, 78.33050907800003, 16.87941384800007)",30-06-2023.geojson,Jadcherla,,,,,
Siddipet,TSSD0187,180.4,"{'min': 36.987335205078125, 'max': 41.42733383178711, 'mean': 39.870092275191325, 'count': 49, 'sum': 1953.634521484375, 'median': 40.012664794921875}","(78.75126357400006, 17.708628498000053, 78.87944648100006, 17.882764563000023)",30-06-2023.geojson,Jagdevpur,,,,,
Jagtial,TSSD0188,167.3,"{'min': 36.37714385986328, 'max': 40.86600112915039, 'mean': 39.1454911665483, 'count': 44, 'sum': 1722.401611328125, 'median': 39.26447296142578}","(78.83197213700004, 18.733277460000068, 79.02319924200003, 18.91632891000006)",30-06-2023.geojson,Jagityal_Rural,,,,,
Jagtial,TSSD0189,42.64,"{'min': 37.6992301940918, 'max': 39.6783332824707, 'mean': 38.60474141438802, 'count': 12, 'sum': 463.25689697265625, 'median': 38.509857177734375}","(78.86249569300008, 18.75130130900004, 78.95751334400006, 18.846050929000057)",30-06-2023.geojson,Jagtial,,,,,
Adilabad,TSSD0190,292.5,"{'min': 38.861427307128906, 'max': 46.48428726196289, 'mean': 44.818470628955694, 'count': 79, 'sum': 3540.6591796875, 'median': 45.048667907714844}","(78.48221105400006, 19.607848390000072, 78.72451328000005, 19.824464031000048)",30-06-2023.geojson,Jainad,,,,,
Kumurambheem Asifabad,TSSD0191,218.89,"{'min': 39.45588302612305, 'max': 42.608665466308594, 'mean': 41.26113786368534, 'count': 58, 'sum': 2393.14599609375, 'median': 41.27837371826172}","(78.81724445500004, 19.330609164000066, 79.02370996100007, 19.493592587000023)",30-06-2023.geojson,Jainoor,,,,,
Mancherial,TSSD0192,276.43,"{'min': 35.29307556152344, 'max': 41.005001068115234, 'mean': 38.554588524070944, 'count': 74, 'sum': 2853.03955078125, 'median': 38.66557693481445}","(79.49531298200003, 18.672040560000028, 79.72117428100006, 18.918660784000053)",30-06-2023.geojson,Jaipur,,,,,
Suryapet,TSSD0193,133.29,"{'min': 36.83000183105469, 'max': 41.349998474121094, 'mean': 38.82481800426137, 'count': 33, 'sum': 1281.218994140625, 'median': 38.63833236694336}","(79.46290112300005, 17.258733534000044, 79.63232247300004, 17.380224128000066)",30-06-2023.geojson,Jajireddigudem,,,,,
Nizamabad,TSSD0194,148.29,"{'min': 36.15625, 'max': 39.352664947509766, 'mean': 38.41472919170673, 'count': 39, 'sum': 1498.1744384765625, 'median': 38.5625}","(78.20206317300006, 18.65066335100005, 78.36254571500007, 18.77647975900004)",30-06-2023.geojson,Jakranpally,,,,,
Karimnagar,TSSD0195,134.59,"{'min': 39.47999954223633, 'max': 43.67499923706055, 'mean': 41.81962816642992, 'count': 33, 'sum': 1380.0477294921875, 'median': 41.90599822998047}","(79.40829887400008, 18.227515953000022, 79.57987678900008, 18.423882431000038)",30-06-2023.geojson,Jammikunta,,,,,
Jangoan,TSSD0196,196.46,"{'min': 35.69874954223633, 'max': 41.04999923706055, 'mean': 37.87942560369318, 'count': 55, 'sum': 2083.368408203125, 'median': 37.92375183105469}","(79.04601963500005, 17.668628100000035, 79.21037403500003, 17.842303224000034)",30-06-2023.geojson,Jangoan,,,,,
Mancherial,TSSD0197,325.26,"{'min': 35.30066680908203, 'max': 43.49909210205078, 'mean': 38.71120689655172, 'count': 87, 'sum': 3367.875, 'median': 38.35133361816406}","(78.87934684700008, 19.019900233000044, 79.14171378500004, 19.252420733000065)",30-06-2023.geojson,Jannaram,,,,,
Sangareddy,TSSD0198,201.74,"{'min': 37.936248779296875, 'max': 43.35749816894531, 'mean': 41.248788339120374, 'count': 54, 'sum': 2227.4345703125, 'median': 41.47062683105469}","(77.61983002400007, 17.658920608000074, 77.80166598000005, 17.830565180000065)",30-06-2023.geojson,Jharasangam,,,,,
Kamareddy,TSSD0199,202.26,"{'min': 37.151248931884766, 'max': 44.74285888671875, 'mean': 42.609351064644606, 'count': 51, 'sum': 2173.076904296875, 'median': 43.36600112915039}","(77.52089201100006, 18.28200709200007, 77.71327737400003, 18.44419848700005)",30-06-2023.geojson,Jukkal,,,,,
Peddapalli,TSSD0200,99.87,"{'min': 37.9957160949707, 'max': 41.12333297729492, 'mean': 39.87867431640625, 'count': 25, 'sum': 996.9668579101562, 'median': 40.04999923706055}","(79.18432516400003, 18.56760788400004, 79.32424630400004, 18.684515247000036)",30-06-2023.geojson,Julapalli,,,,,
Bhadradri Kothagudem,TSSD0201,238.74,"{'min': 35.28714370727539, 'max': 45.13285827636719, 'mean': 41.60810391865079, 'count': 63, 'sum': 2621.310546875, 'median': 42.349998474121094}","(80.39497889400008, 17.31732979800006, 80.57083109400008, 17.508103492000032)",30-06-2023.geojson,Julurupad,,,,,
Nirmal,TSSD0202,468.09,"{'min': 34.580665588378906, 'max': 43.108463287353516, 'mean': 38.31720703125, 'count': 125, 'sum': 4789.65087890625, 'median': 37.9514274597168}","(78.69038218300005, 19.013677769000026, 78.95237500500008, 19.29677890000005)",30-06-2023.geojson,Kaddampeddur,,,,,
Rangareddy,TSSD0203,206.42,"{'min': 34.41400146484375, 'max': 40.16600036621094, 'mean': 37.655494972511576, 'count': 54, 'sum': 2033.396728515625, 'median': 37.80363464355469}","(78.39963638200004, 16.889455397000063, 78.66726844000004, 17.01510399700004)",30-06-2023.geojson,Kadthal,,,,,
Kumurambheem Asifabad,TSSD0204,442.33,"{'min': 35.62384796142578, 'max': 45.001426696777344, 'mean': 40.74835836476293, 'count': 116, 'sum': 4726.8095703125, 'median': 40.761539459228516}","(79.37624127800007, 19.26380363800007, 79.74691375500004, 19.538272434000078)",30-06-2023.geojson,Kagaznagar,,,,,
Sangareddy,TSSD0205,148.77,"{'min': 32.6619987487793, 'max': 39.99533462524414, 'mean': 38.475552945523646, 'count': 37, 'sum': 1423.595458984375, 'median': 39.13888931274414}","(77.76680836100007, 18.084424897000076, 77.94552432200004, 18.20773521800004)",30-06-2023.geojson,Kalher,,,,,
Khammam,TSSD0206,369.38,"{'min': 32.73222351074219, 'max': 43.127498626708984, 'mean': 39.59384926596841, 'count': 91, 'sum': 3603.040283203125, 'median': 41.272857666015625}","(80.41727157700007, 17.030005989000074, 80.66704650100007, 17.34559519800007)",30-06-2023.geojson,Kalluru,,,,,
Jogulamba Gadwal,TSSD0207,176.12,"{'min': 34.42142868041992, 'max': 38.4466667175293, 'mean': 36.08082411024306, 'count': 45, 'sum': 1623.6370849609375, 'median': 36.080909729003906}","(77.48561464400007, 16.116851987000075, 77.61961696400004, 16.303990486000032)",30-06-2023.geojson,Kaloor_Thimmandoddi,,,,,
Nagarkurnool,TSSD0208,291.99,"{'min': 36.72666549682617, 'max': 42.290000915527344, 'mean': 39.39353541324013, 'count': 76, 'sum': 2993.90869140625, 'median': 39.26742935180664}","(78.36374511900004, 16.483303271000068, 78.58638191300008, 16.728683611000065)",30-06-2023.geojson,Kalwakurthy,,,,,
Warangal_Urban,TSSD0209,158.52,"{'min': 37.88800048828125, 'max': 42.84333419799805, 'mean': 41.025425502232146, 'count': 42, 'sum': 1723.06787109375, 'median': 41.10477828979492}","(79.45670027600005, 18.120212555000023, 79.60823806600007, 18.266255774000058)",30-06-2023.geojson,Kamalapur,,,,,
Peddapalli,TSSD0210,60.42,"{'min': 38.279232025146484, 'max': 41.0716667175293, 'mean': 40.089046223958334, 'count': 15, 'sum': 601.335693359375, 'median': 40.35545349121094}","(79.44875966900008, 18.60172770400004, 79.55246524200004, 18.72207649300003)",30-06-2023.geojson,Kamanpur,,,,,
Kamareddy,TSSD0211,128.44,"{'min': 36.497501373291016, 'max': 41.91400146484375, 'mean': 39.520331887637866, 'count': 34, 'sum': 1343.6912841796875, 'median': 39.58812713623047}","(78.28734170500007, 18.25636160700003, 78.42834563700006, 18.390731163000055)",30-06-2023.geojson,Kamareddy,,,,,
Khammam,TSSD0212,181.36,"{'min': 38.50777816772461, 'max': 44.25749969482422, 'mean': 42.80954041772959, 'count': 49, 'sum': 2097.66748046875, 'median': 43.06142807006836}","(80.15945686500004, 17.360238606000053, 80.35567105000007, 17.479176385000073)",30-06-2023.geojson,Kamepally,,,,,
Nalgonda,TSSD0213,224.78,"{'min': 36.48833465576172, 'max': 40.50272750854492, 'mean': 38.73711622807018, 'count': 57, 'sum': 2208.015625, 'median': 38.766666412353516}","(79.08479661000007, 16.864916728000026, 79.34770917300006, 17.030184575000078)",30-06-2023.geojson,Kanagal,,,,,
Sangareddy,TSSD0214,133.14,"{'min': 36.272857666015625, 'max': 41.81428527832031, 'mean': 39.155619303385414, 'count': 36, 'sum': 1409.602294921875, 'median': 39.019287109375}","(78.05577804100005, 17.483520140000053, 78.23367294200006, 17.655179960000055)",30-06-2023.geojson,Kandi,,,,,
Rangareddy,TSSD0215,307.2,"{'min': 36.6349983215332, 'max': 40.20833206176758, 'mean': 38.47885247725475, 'count': 79, 'sum': 3039.829345703125, 'median': 38.63909149169922}","(78.37786338200004, 16.983478904000037, 78.61378330000008, 17.178800228000057)",30-06-2023.geojson,Kandukur,,,,,
Sangareddy,TSSD0216,229.57,"{'min': 39.04624938964844, 'max': 44.41777801513672, 'mean': 42.810298596398304, 'count': 59, 'sum': 2525.8076171875, 'median': 43.1268424987793}","(77.57077416300007, 18.120266103000063, 77.74494665400005, 18.30851545200005)",30-06-2023.geojson,Kangti,,,,,
Mulugu,TSSD0217,375.33,"{'min': 37.661109924316406, 'max': 43.69200134277344, 'mean': 39.825949276194855, 'count': 102, 'sum': 4062.246826171875, 'median': 39.58836364746094}","(80.21744759700005, 18.35017838500005, 80.43136112100007, 18.610090848000027)",30-06-2023.geojson,Kannaigudem,,,,,
Mancherial,TSSD0218,169.42,"{'min': 38.806922912597656, 'max': 43.858333587646484, 'mean': 41.51344365658967, 'count': 46, 'sum': 1909.618408203125, 'median': 41.511817932128906}","(79.54341301, 19.086726224000074, 79.80515899400007, 19.21311288000004)",30-06-2023.geojson,Kannepalli,,,,,
Medchal_Malkajgiri,TSSD0219,37.4,"{'min': 35.85133361816406, 'max': 36.727333068847656, 'mean': 36.39618474786932, 'count': 11, 'sum': 400.3580322265625, 'median': 36.388668060302734}","(78.53993706400007, 17.44957181700005, 78.62275029699998, 17.55306448500005)",30-06-2023.geojson,Kapra,,,,,
Bhadradri Kothagudem,TSSD0220,222.05,"{'min': 35.37666702270508, 'max': 43.28799819946289, 'mean': 40.35492574757543, 'count': 58, 'sum': 2340.585693359375, 'median': 40.689002990722656}","(80.43846561000004, 17.91182510400006, 80.64919648500006, 18.143483696000033)",30-06-2023.geojson,Karakagudem,,,,,
Karimnagar,TSSD0221,34.8,"{'min': 33.221248626708984, 'max': 39.383750915527344, 'mean': 36.89859390258789, 'count': 8, 'sum': 295.1887512207031, 'median': 37.743751525878906}","(79.07978481800006, 18.39706940700006, 79.15386183100003, 18.460363398000027)",30-06-2023.geojson,Karimnagar,,,,,
Karimnagar,TSSD0222,108.97,"{'min': 39.099998474121094, 'max': 41.85933303833008, 'mean': 40.496311732700896, 'count': 28, 'sum': 1133.896728515625, 'median': 40.4707145690918}","(79.11435933800004, 18.420124626000074, 79.23690609300007, 18.537991315000056)",30-06-2023.geojson,Karimnagar_Rural,,,,,
Mancherial,TSSD0223,335.72,"{'min': 34.57615280151367, 'max': 40.69727325439453, 'mean': 37.698109266493056, 'count': 90, 'sum': 3392.829833984375, 'median': 37.5997200012207}","(79.21160353400006, 18.98447436300006, 79.48608882700012, 19.158965162000072)",30-06-2023.geojson,Kasipet,,,,,
Jayashankar Bhupalpally,TSSD0224,274.84,"{'min': 34.49142837524414, 'max': 43.30636215209961, 'mean': 40.713730067422944, 'count': 73, 'sum': 2972.102294921875, 'median': 41.04999923706055}","(79.81231549100005, 18.510496689000036, 80.03347280200006, 18.756648708000057)",30-06-2023.geojson,Kataram,,,,,
Jagtial,TSSD0225,181.36,"{'min': 34.03714370727539, 'max': 41.15727233886719, 'mean': 37.811263713430854, 'count': 47, 'sum': 1777.12939453125, 'median': 38.27428436279297}","(78.63177820100003, 18.63224633300007, 78.76086174700004, 18.789508428000033)",30-06-2023.geojson,Kathlapur,,,,,
Nalgonda,TSSD0226,192.46,"{'min': 36.58636474609375, 'max': 40.0716667175293, 'mean': 38.66268734056123, 'count': 49, 'sum': 1894.4716796875, 'median': 38.74692153930664}","(79.24206770600006, 17.11172541600007, 79.38446925700003, 17.291596570000024)",30-06-2023.geojson,Kattangur,,,,,
Medchal_Malkajgiri,TSSD0227,134.6,"{'min': 35.577999114990234, 'max': 37.128665924072266, 'mean': 36.46619330512153, 'count': 36, 'sum': 1312.782958984375, 'median': 36.5260009765625}","(78.58185183200004, 17.451533257000108, 78.71265088600006, 17.579974081000103)",30-06-2023.geojson,Keesara,,,,,
Kumurambheem Asifabad,TSSD0228,347.89,"{'min': 35.20600128173828, 'max': 43.446250915527344, 'mean': 40.06264487465659, 'count': 91, 'sum': 3645.70068359375, 'median': 40.26750183105469}","(78.93889619900006, 19.359033433000036, 79.22333654800008, 19.56146381700006)",30-06-2023.geojson,Kerameri,,,,,
Mahabubabad,TSSD0229,223.57,"{'min': 39.62666702270508, 'max': 42.737274169921875, 'mean': 40.89576480263158, 'count': 57, 'sum': 2331.05859375, 'median': 40.65909194946289}","(79.76580500600005, 17.60004913100005, 80.002845149, 17.77047760000005)",30-06-2023.geojson,Kesamudram,,,,,
Rangareddy,TSSD0230,224.92,"{'min': 36.126922607421875, 'max': 41.55500030517578, 'mean': 38.53878173828125, 'count': 60, 'sum': 2312.326904296875, 'median': 38.3125}","(78.24782720400003, 16.852182651000078, 78.41558469000006, 17.051382707000073)",30-06-2023.geojson,Keshampeta,,,,,
Nalgonda,TSSD0231,147.6,"{'min': 31.19499969482422, 'max': 42.126922607421875, 'mean': 40.09912735376603, 'count': 39, 'sum': 1563.865966796875, 'median': 40.442501068115234}","(79.43344777400006, 17.072395302000075, 79.59338210900006, 17.250148180000053)",30-06-2023.geojson,Kethepally,,,,,
Warangal_Urban,TSSD0232,107.02,"{'min': 37.198333740234375, 'max': 41.75, 'mean': 39.850821035879626, 'count': 27, 'sum': 1075.97216796875, 'median': 40.551666259765625}","(79.43206155600006, 17.908547911000028, 79.58935561300007, 18.00993669500002)",30-06-2023.geojson,Khaazipet,,,,,
Hyderabad,TSSD0233,17.24,"{'min': 32.612667083740234, 'max': 36.53933334350586, 'mean': 35.08566665649414, 'count': 4, 'sum': 140.34266662597656, 'median': 35.5953369140625}","(78.40497752100003, 17.40010627500004, 78.47749341400004, 17.45407132100007)",30-06-2023.geojson,Khairatabad,,,,,
Khammam,TSSD0234,193.74,"{'min': 40.28799819946289, 'max': 44.141998291015625, 'mean': 42.264072265625, 'count': 50, 'sum': 2113.20361328125, 'median': 42.39170455932617}","(80.01676642200005, 17.178663853000046, 80.16691561700003, 17.394157440000072)",30-06-2023.geojson,Khammam_Rural,,,,,
Khammam,TSSD0235,92.31,"{'min': 39.746665954589844, 'max': 41.568180084228516, 'mean': 40.49405836022419, 'count': 23, 'sum': 931.3633422851562, 'median': 40.43000030517578}","(80.12187342100003, 17.179281596000067, 80.21584618000009, 17.31547050200004)",30-06-2023.geojson,Khammam_Urban,,,,,
Nirmal,TSSD0236,237.88,"{'min': 36.4566650390625, 'max': 42.19933319091797, 'mean': 38.49880599975586, 'count': 64, 'sum': 2463.923583984375, 'median': 38.26011657714844}","(78.50897303500005, 18.978111671000022, 78.74854953300007, 19.202461990000074)",30-06-2023.geojson,Khanapur,,,,,
Warangal_Rural,TSSD0237,139.46,"{'min': 38.15999984741211, 'max': 43.77000045776367, 'mean': 41.560567220052086, 'count': 36, 'sum': 1496.180419921875, 'median': 41.88249969482422}","(79.88459942400004, 17.83523181700002, 80.00451405900003, 18.01960718500004)",30-06-2023.geojson,Khanapur,,,,,
Warangal_Urban,TSSD0238,81.36,"{'min': 38.0283317565918, 'max': 41.391536712646484, 'mean': 39.3515458540483, 'count': 22, 'sum': 865.7340087890625, 'median': 39.17327117919922}","(79.55364750200005, 17.86915675800003, 79.65825854800005, 17.98640269400005)",30-06-2023.geojson,Khila Warangal,,,,,
Suryapet,TSSD0239,172.15,"{'min': 38.7933349609375, 'max': 43.936668395996094, 'mean': 41.22186569940476, 'count': 42, 'sum': 1731.318359375, 'median': 40.959110260009766}","(79.91293512200008, 16.880339314000025, 80.06097163900006, 17.02691814700006)",30-06-2023.geojson,Kodad,,,,,
Nagarkurnool,TSSD0240,205.2,"{'min': 33.238887786865234, 'max': 40.85444259643555, 'mean': 38.6427906177662, 'count': 54, 'sum': 2086.710693359375, 'median': 38.66666793823242}","(78.16474055700007, 16.14974309100006, 78.34461354300004, 16.333836054000074)",30-06-2023.geojson,Kodair,,,,,
Vikarabad,TSSD0241,249.51,"{'min': 35.936153411865234, 'max': 42.571998596191406, 'mean': 39.61538516773897, 'count': 68, 'sum': 2693.84619140625, 'median': 39.82307815551758}","(77.46259225600005, 17.020933969000055, 77.71683994900008, 17.17841245900007)",30-06-2023.geojson,Kodangal,,,,,
Jagtial,TSSD0242,173.87,"{'min': 34.66143035888672, 'max': 39.79142761230469, 'mean': 37.468310546875, 'count': 45, 'sum': 1686.073974609375, 'median': 37.49800109863281}","(78.78718529200006, 18.563739734000023, 78.98850070800006, 18.686862396000038)",30-06-2023.geojson,Kodimial,,,,,
Siddipet,TSSD0243,206.41,"{'min': 35.366249084472656, 'max': 42.834999084472656, 'mean': 40.50810359074519, 'count': 52, 'sum': 2106.42138671875, 'median': 40.967857360839844}","(79.00475320700008, 18.075903099000072, 79.16300517000008, 18.272269959000027)",30-06-2023.geojson,Koheda,,,,,
Sangareddy,TSSD0244,227.62,"{'min': 34.38166809082031, 'max': 41.80571365356445, 'mean': 38.924312268273304, 'count': 59, 'sum': 2296.534423828125, 'median': 39.38230895996094}","(77.59549222600003, 17.509127681000052, 77.78321894100003, 17.705224807000036)",30-06-2023.geojson,Kohir,,,,,
Mahabubnagar,TSSD0245,223.05,"{'min': 34.65461349487305, 'max': 39.680908203125, 'mean': 37.317332300646555, 'count': 58, 'sum': 2164.4052734375, 'median': 37.184165954589844}","(77.67537161200005, 16.697912056000064, 77.90854289100008, 16.881360866000023)",30-06-2023.geojson,Koilkonda,,,,,
Nagarkurnool,TSSD0246,550.84,"{'min': 29.079090118408203, 'max': 40.643333435058594, 'mean': 35.11474609375, 'count': 132, 'sum': 4635.146484375, 'median': 35.900001525878906}","(78.21815549000007, 16.033659166000064, 78.66318925900003, 16.216795599000022)",30-06-2023.geojson,Kollapur,,,,,
Siddipet,TSSD0247,70.37,"{'min': 38.02866744995117, 'max': 41.20833206176758, 'mean': 39.86082628038194, 'count': 18, 'sum': 717.494873046875, 'median': 40.272857666015625}","(78.82737597900007, 17.86888004900004, 78.93496047300005, 17.983517422000034)",30-06-2023.geojson,Komuravelli,,,,,
Rajanna Sircilla,TSSD0248,206.05,"{'min': 35.402000427246094, 'max': 42.689998626708984, 'mean': 38.429750795717595, 'count': 54, 'sum': 2075.20654296875, 'median': 38.33347702026367}","(78.59701726600008, 18.404112823000048, 78.81650433000004, 18.58795516200007)",30-06-2023.geojson,Konaraopet,,,,,
Nalgonda,TSSD0249,129.18,"{'min': 34.61833190917969, 'max': 39.05545425415039, 'mean': 37.06667258522727, 'count': 33, 'sum': 1223.2001953125, 'median': 36.90800094604492}","(78.91051620800005, 16.62638713000007, 79.06204241500006, 16.761790924000024)",30-06-2023.geojson,Kondamallapally,,,,,
Siddipet,TSSD0250,228.02,"{'min': 33.87933349609375, 'max': 40.846923828125, 'mean': 38.82861328125, 'count': 61, 'sum': 2368.54541015625, 'median': 39.356666564941406}","(78.73352452400007, 17.87685569000007, 78.96029991500006, 18.053425754000045)",30-06-2023.geojson,Kondapak,,,,,
Sangareddy,TSSD0251,151.36,"{'min': 34.32538604736328, 'max': 41.55714416503906, 'mean': 39.06588979867789, 'count': 39, 'sum': 1523.5697021484375, 'median': 39.1014289855957}","(77.93383054400005, 17.44954626200007, 78.07324348600008, 17.61087989500004)",30-06-2023.geojson,Kondapur,,,,,
Rangareddy,TSSD0252,130.56,"{'min': 35.78333282470703, 'max': 41.43600082397461, 'mean': 38.44404890730574, 'count': 37, 'sum': 1422.4298095703125, 'median': 38.408668518066406}","(78.01091079200006, 16.999636834000057, 78.09773848800006, 17.187709674000075)",30-06-2023.geojson,Kondurg,,,,,
Khammam,TSSD0253,248.08,"{'min': 33.301429748535156, 'max': 43.95888900756836, 'mean': 41.61171283143939, 'count': 66, 'sum': 2746.373046875, 'median': 41.98344421386719}","(80.22907869200003, 17.128139428000054, 80.38924637100007, 17.358600223000053)",30-06-2023.geojson,Konijerla,,,,,
Jagtial,TSSD0254,137.05,"{'min': 38.25307846069336, 'max': 42.310001373291016, 'mean': 40.40335886101974, 'count': 38, 'sum': 1535.32763671875, 'median': 40.118560791015625}","(78.66979872300004, 18.779122311000037, 78.80776997400005, 18.901121141000033)",30-06-2023.geojson,Korutla,,,,,
Narayanpet,TSSD0255,202.41,"{'min': 37.439998626708984, 'max': 41.45800018310547, 'mean': 39.71428313078704, 'count': 54, 'sum': 2144.5712890625, 'median': 39.74533462524414}","(77.62150517800006, 16.868413100000055, 77.78388791600008, 17.061626292000028)",30-06-2023.geojson,Kosgi,,,,,
Nizamabad,TSSD0256,167.13,"{'min': 35.66999816894531, 'max': 43.275333404541016, 'mean': 39.45870152915396, 'count': 41, 'sum': 1617.8067626953125, 'median': 39.483333587646484}","(77.73094932200007, 18.49717835900003, 77.85433638100005, 18.66689713100004)",30-06-2023.geojson,Kotagiri,,,,,
Vikarabad,TSSD0257,113.18,"{'min': 35.854000091552734, 'max': 41.03181838989258, 'mean': 39.52294921875, 'count': 31, 'sum': 1225.21142578125, 'median': 39.93941116333008}","(77.66819483500007, 17.359928257000036, 77.85253462800006, 17.473344975000032)",30-06-2023.geojson,Kotepally,,,,,
Mahabubabad,TSSD0258,542.64,"{'min': 32.11909103393555, 'max': 41.287498474121094, 'mean': 37.967728418661345, 'count': 141, 'sum': 5353.44970703125, 'median': 38.02111053466797}","(79.98324728200004, 17.77379955500004, 80.22702134100007, 18.106543834000036)",30-06-2023.geojson,Kothaguda,,,,,
Bhadradri Kothagudem,TSSD0259,16.26,"{'min': 41.362728118896484, 'max': 43.13666534423828, 'mean': 42.11656951904297, 'count': 4, 'sum': 168.46627807617188, 'median': 41.98344421386719}","(80.60094010100005, 17.503240987000027, 80.65378575800008, 17.562464026000043)",30-06-2023.geojson,Kothagudem,,,,,
Wanaparthy,TSSD0260,171.68,"{'min': 36.13999938964844, 'max': 40.09400177001953, 'mean': 38.19135170794548, 'count': 47, 'sum': 1794.9935302734375, 'median': 38.13545608520508}","(77.88176111000007, 16.234691046000023, 77.99240426200004, 16.448187482000037)",30-06-2023.geojson,Kothakota,,,,,
Karimnagar,TSSD0261,97.2,"{'min': 33.2014274597168, 'max': 40.77428436279297, 'mean': 39.28202702448918, 'count': 26, 'sum': 1021.3327026367188, 'median': 39.737998962402344}","(78.98612238300007, 18.39948258100003, 79.12597429000004, 18.514396049000027)",30-06-2023.geojson,Kothapally,,,,,
Rangareddy,TSSD0262,105.51,"{'min': 36.8033332824707, 'max': 40.086666107177734, 'mean': 38.35865071614583, 'count': 30, 'sum': 1150.759521484375, 'median': 38.225833892822266}","(78.21019675400004, 17.04105323500005, 78.36970700400008, 17.225492944000052)",30-06-2023.geojson,Kothur,,,,,
Kumurambheem Asifabad,TSSD0263,178.1,"{'min': 38.567501068115234, 'max': 44.775333404541016, 'mean': 43.107619265292556, 'count': 47, 'sum': 2026.05810546875, 'median': 43.22571563720703}","(79.63414387600005, 19.452242796000064, 79.81867852100004, 19.607819128000074)",30-06-2023.geojson,Kouthala,,,,,
Medak,TSSD0264,161.34,"{'min': 36.680667877197266, 'max': 40.587501525878906, 'mean': 39.20917741642442, 'count': 43, 'sum': 1685.99462890625, 'median': 39.22999954223633}","(78.10564250300007, 17.787310025000068, 78.29841681600004, 17.936446078000074)",30-06-2023.geojson,Kowdipally,,,,,
Nirmal,TSSD0265,282.48,"{'min': 38.612220764160156, 'max': 45.18529510498047, 'mean': 43.070065104166666, 'count': 75, 'sum': 3230.2548828125, 'median': 43.553749084472656}","(77.84760754200005, 19.143786309000063, 78.05573992700005, 19.342882151000026)",30-06-2023.geojson,Kubeer,,,,,
Medchal_Malkajgiri,TSSD0266,39.02,"{'min': 35.82600021362305, 'max': 37.4566650390625, 'mean': 36.508397882634945, 'count': 11, 'sum': 401.5923767089844, 'median': 36.189998626708984}","(78.36804921900006, 17.450165494000032, 78.44563956200005, 17.513917809000077)",30-06-2023.geojson,Kukatpally,,,,,
Medak,TSSD0267,155.55,"{'min': 37.38333511352539, 'max': 41.659332275390625, 'mean': 40.26699026007401, 'count': 38, 'sum': 1530.1456298828125, 'median': 40.511375427246094}","(78.05900573700006, 17.903386933000036, 78.28836760200005, 18.020195513000033)",30-06-2023.geojson,Kulcharam,,,,,
Vikarabad,TSSD0268,196.33,"{'min': 31.986364364624023, 'max': 37.18600082397461, 'mean': 34.810934213491585, 'count': 52, 'sum': 1810.1685791015625, 'median': 34.445457458496094}","(77.79636866200008, 16.916114566000033, 77.99996008000005, 17.10676938000006)",30-06-2023.geojson,Kulkacharla,,,,,
Nirmal,TSSD0269,140.25,"{'min': 41.12176513671875, 'max': 43.597999572753906, 'mean': 42.72143224767736, 'count': 37, 'sum': 1580.6929931640625, 'median': 42.81624984741211}","(78.02051881300008, 19.088268194000023, 78.15736433900008, 19.254793077000045)",30-06-2023.geojson,Kuntala,,,,,
Mahabubabad,TSSD0270,241.32,"{'min': 39.481998443603516, 'max': 44.02555465698242, 'mean': 41.95520958533654, 'count': 65, 'sum': 2727.088623046875, 'median': 42.102500915527344}","(79.89569772600004, 17.36986128800004, 80.09682891600005, 17.588288271000067)",30-06-2023.geojson,Kuravi,,,,,
Khammam,TSSD0271,220.86,"{'min': 34.224998474121094, 'max': 44.0433349609375, 'mean': 41.770465719288794, 'count': 58, 'sum': 2422.68701171875, 'median': 42.33952331542969}","(79.87484026500005, 17.11399079800003, 80.04316183700007, 17.29547575600003)",30-06-2023.geojson,Kusumanchi,,,,,
Nirmal,TSSD0272,125.72,"{'min': 38.34538650512695, 'max': 42.56428527832031, 'mean': 41.10523897058823, 'count': 34, 'sum': 1397.578125, 'median': 41.49821472167969}","(78.40349407400004, 18.95386539200007, 78.52341344300004, 19.102668410000035)",30-06-2023.geojson,Laxmanchanda,,,,,
Bhadradri Kothagudem,TSSD0273,229.46,"{'min': 33.290000915527344, 'max': 45.130001068115234, 'mean': 41.44034305695565, 'count': 62, 'sum': 2569.30126953125, 'median': 41.56658935546875}","(80.51384827600003, 17.535477607000075, 80.67198351200005, 17.81657303700007)",30-06-2023.geojson,Laxmidevipally,,,,,
Jangoan,TSSD0274,187.87,"{'min': 36.808570861816406, 'max': 43.19908905029297, 'mean': 39.80816027582908, 'count': 49, 'sum': 1950.599853515625, 'median': 39.970001220703125}","(79.13021988100007, 17.575431923000053, 79.31745159400003, 17.72563423400004)",30-06-2023.geojson,Lingalaghanpur,,,,,
Kamareddy,TSSD0275,255.84,"{'min': 35.682308197021484, 'max': 41.13923263549805, 'mean': 38.85388542624081, 'count': 68, 'sum': 2642.064208984375, 'median': 39.06615447998047}","(78.02552329400004, 18.13087097700003, 78.21768245400006, 18.355649218000053)",30-06-2023.geojson,Lingampet,,,,,
Kumurambheem Asifabad,TSSD0276,162.69,"{'min': 36.80466842651367, 'max': 40.917999267578125, 'mean': 39.09878817471591, 'count': 44, 'sum': 1720.3466796875, 'median': 39.23914337158203}","(78.91810375000006, 19.205612909000024, 79.11073564000003, 19.342131322000057)",30-06-2023.geojson,Lingapur,,,,,
Nirmal,TSSD0277,222.97,"{'min': 33.34846115112305, 'max': 42.448665618896484, 'mean': 40.094417317708334, 'count': 60, 'sum': 2405.6650390625, 'median': 41.233428955078125}","(78.00594866600005, 18.931946796000034, 78.23875211300003, 19.085518010000044)",30-06-2023.geojson,Lokeshwaram,,,,,
Mancherial,TSSD0278,151.79,"{'min': 35.97922897338867, 'max': 42.10333251953125, 'mean': 39.569386017628204, 'count': 39, 'sum': 1543.2060546875, 'median': 39.95769119262695}","(79.16655337500003, 18.832516484000053, 79.30981884700003, 19.005514334000054)",30-06-2023.geojson,Luxettipet,,,,,
Kamareddy,TSSD0279,210.35,"{'min': 37.10733413696289, 'max': 41.67142868041992, 'mean': 39.72808401925223, 'count': 56, 'sum': 2224.772705078125, 'median': 39.97312545776367}","(78.38704550600005, 18.26697810400003, 78.56264784400008, 18.467778762000023)",30-06-2023.geojson,Machareddy,,,,,
Wanaparthy,TSSD0280,102.15,"{'min': 35.86000061035156, 'max': 40.921112060546875, 'mean': 39.03149169921875, 'count': 25, 'sum': 975.7872924804688, 'median': 39.4900016784668}","(77.82095279900005, 16.300196190000065, 77.92236147200003, 16.45097719200004)",30-06-2023.geojson,Madanapur,,,,,
Suryapet,TSSD0281,130.55,"{'min': 39.20000076293945, 'max': 43.06999969482422, 'mean': 41.10929827008928, 'count': 35, 'sum': 1438.825439453125, 'median': 41.022308349609375}","(79.63339168000005, 17.351837121000074, 79.79652225800004, 17.470968053000036)",30-06-2023.geojson,Maddirala,,,,,
Narayanpet,TSSD0282,229.43,"{'min': 36.488182067871094, 'max': 41.337501525878906, 'mean': 38.92998453776042, 'count': 60, 'sum': 2335.799072265625, 'median': 38.968360900878906}","(77.56183110400008, 16.77489021100007, 77.74489013300007, 16.952964019000035)",30-06-2023.geojson,Maddur,,,,,
Siddipet,TSSD0283,90.43,"{'min': 38.56733322143555, 'max': 41.13800048828125, 'mean': 40.173047383626304, 'count': 24, 'sum': 964.1531372070312, 'median': 40.22999954223633}","(79.01132752500001, 17.86198517100007, 79.12089267400006, 17.966105778000042)",30-06-2023.geojson,Maddur,,,,,
Rangareddy,TSSD0284,264.88,"{'min': 38.119998931884766, 'max': 44.10333251953125, 'mean': 40.791585286458336, 'count': 72, 'sum': 2936.994140625, 'median': 40.85166549682617}","(78.58095395400005, 16.75043613200006, 78.80230556900005, 16.944488267000054)",30-06-2023.geojson,Madgul,,,,,
Khammam,TSSD0285,210.2,"{'min': 37.525001525878906, 'max': 44.165000915527344, 'mean': 40.6371639476103, 'count': 51, 'sum': 2072.495361328125, 'median': 40.838890075683594}","(80.31236943000005, 16.82168020900002, 80.47000219000006, 17.070547697000052)",30-06-2023.geojson,Madhira,,,,,
Kamareddy,TSSD0286,235.87,"{'min': 41.20466613769531, 'max': 45.43769073486328, 'mean': 43.70337701612903, 'count': 62, 'sum': 2709.609375, 'median': 43.93708801269531}","(77.54916412900008, 18.384667036000053, 77.76294653600007, 18.55697662400007)",30-06-2023.geojson,Madnur,,,,,
Nalgonda,TSSD0287,219.21,"{'min': 35.35499954223633, 'max': 41.461429595947266, 'mean': 39.930446079799104, 'count': 56, 'sum': 2236.10498046875, 'median': 40.037139892578125}","(79.34641497200005, 16.895418574000075, 79.56245174900005, 17.09279099500003)",30-06-2023.geojson,Madugulapally,,,,,
Narayanpet,TSSD0288,182.41,"{'min': 31.764999389648438, 'max': 41.72999954223633, 'mean': 39.2640380859375, 'count': 46, 'sum': 1806.145751953125, 'median': 39.55454635620117}","(77.36910946300009, 16.375499069, 77.53031708000003, 16.588101701000085)",30-06-2023.geojson,Maganoor,,,,,
Mahabubabad,TSSD0289,229.64,"{'min': 38.578887939453125, 'max': 43.03200149536133, 'mean': 41.07612384733606, 'count': 61, 'sum': 2505.6435546875, 'median': 41.082725524902344}","(79.84115276500006, 17.501311835000024, 80.09111942000004, 17.697718735000137)",30-06-2023.geojson,Mahabubabad,,,,,
Mahabubnagar,TSSD0290,99.98,"{'min': 34.97909164428711, 'max': 40.31800079345703, 'mean': 37.50897216796875, 'count': 25, 'sum': 937.7243041992188, 'median': 37.77363586425781}","(77.94626825800003, 16.706941769000025, 78.09470899900003, 16.806279568000036)",30-06-2023.geojson,Mahabubnagar_Urban,,,,,
Jayashankar Bhupalpally,TSSD0291,299.12,"{'min': 37.6069221496582, 'max': 44.45800018310547, 'mean': 40.317931375385804, 'count': 81, 'sum': 3265.75244140625, 'median': 40.012001037597656}","(79.82048229900005, 18.630638763000036, 80.11061256100004, 18.86890015800003)",30-06-2023.geojson,Mahadevpur,,,,,
Rangareddy,TSSD0292,252.27,"{'min': 34.76856994628906, 'max': 39.6150016784668, 'mean': 38.004702524038464, 'count': 65, 'sum': 2470.3056640625, 'median': 38.18692398071289}","(78.30122014300008, 17.028058688000044, 78.54049373500004, 17.239387140000076)",30-06-2023.geojson,Maheswaram,,,,,
Nizamabad,TSSD0293,193.35,"{'min': 35.50199890136719, 'max': 40.41307830810547, 'mean': 38.58013446514423, 'count': 52, 'sum': 2006.1669921875, 'median': 38.78266906738281}","(78.05675830000007, 18.66482496200007, 78.22576505800004, 18.852068687000042)",30-06-2023.geojson,Makloor,,,,,
Narayanpet,TSSD0294,363.86,"{'min': 32.6485710144043, 'max': 41.39545440673828, 'mean': 39.200190062163976, 'count': 93, 'sum': 3645.61767578125, 'median': 39.746665954589844}","(77.45220537800003, 16.34148046400003, 77.67347100500007, 16.59593542500005)",30-06-2023.geojson,Makthal,,,,,
Jogulamba Gadwal,TSSD0295,241.46,"{'min': 32.533077239990234, 'max': 41.04666519165039, 'mean': 37.38270733173077, 'count': 65, 'sum': 2429.8759765625, 'median': 37.130001068115234}","(77.63191914500004, 16.011527430000058, 77.79042152200003, 16.212472503000072)",30-06-2023.geojson,Maldakal,,,,,
Jayashankar Bhupalpally,TSSD0296,330.72,"{'min': 36.797271728515625, 'max': 42.52454376220703, 'mean': 39.980366551598834, 'count': 86, 'sum': 3438.3115234375, 'median': 40.28007507324219}","(79.67910470400005, 18.410415433000026, 79.92225416300005, 18.645377148000023)",30-06-2023.geojson,Malharrao,,,,,
Medchal_Malkajgiri,TSSD0297,30.3,"{'min': 36.084285736083984, 'max': 36.680667877197266, 'mean': 36.34388224283854, 'count': 9, 'sum': 327.0949401855469, 'median': 36.26466751098633}","(78.50463339200007, 17.428292171000066, 78.55954592700004, 17.505731841000056)",30-06-2023.geojson,Malkajgiri,,,,,
Jagtial,TSSD0298,213.62,"{'min': 37.22571563720703, 'max': 41.810001373291016, 'mean': 38.90077863420759, 'count': 56, 'sum': 2178.443603515625, 'median': 38.88571548461914}","(78.61662895600006, 18.874482111000077, 78.81309041900005, 19.03748223200006)",30-06-2023.geojson,Mallapur,,,,,
Jagtial,TSSD0299,151.65,"{'min': 34.67533493041992, 'max': 38.737693786621094, 'mean': 36.707805354420735, 'count': 41, 'sum': 1505.02001953125, 'median': 36.84000015258789}","(78.83599988400005, 18.650343142000054, 79.00846227100004, 18.762767418000067)",30-06-2023.geojson,Mallial,,,,,
Nirmal,TSSD0300,303.59,"{'min': 36.022308349609375, 'max': 42.80428695678711, 'mean': 39.621759033203126, 'count': 80, 'sum': 3169.74072265625, 'median': 39.57109832763672}","(78.40539725900004, 18.946457939000027, 78.61865077500005, 19.23040426800003)",30-06-2023.geojson,Mamda,,,,,
Karimnagar,TSSD0301,205.41,"{'min': 38.9739990234375, 'max': 42.811668395996094, 'mean': 40.82672119140625, 'count': 52, 'sum': 2122.989501953125, 'median': 40.862953186035156}","(79.15750397500005, 18.315741219000074, 79.35328729400004, 18.481920999000067)",30-06-2023.geojson,Manakondur,,,,,
Rangareddy,TSSD0302,234.43,"{'min': 35.49714279174805, 'max': 40.16285705566406, 'mean': 37.97303427419355, 'count': 62, 'sum': 2354.328125, 'median': 37.945335388183594}","(78.65286760000004, 17.00487583200004, 78.84397639500008, 17.201225641000065)",30-06-2023.geojson,Manchal,,,,,
Mancherial,TSSD0303,40.12,"{'min': 38.276153564453125, 'max': 39.94333267211914, 'mean': 39.0627607865767, 'count': 11, 'sum': 429.69036865234375, 'median': 39.130001068115234}","(79.41610667100008, 18.835052002000054, 79.48472162900003, 18.913545975000034)",30-06-2023.geojson,Mancherial,,,,,
Mancherial,TSSD0304,171.08,"{'min': 35.935455322265625, 'max': 39.50272750854492, 'mean': 38.00442782315341, 'count': 44, 'sum': 1672.19482421875, 'median': 38.16143798828125}","(79.39193241000004, 18.891641181000068, 79.59105304600007, 19.015526930000078)",30-06-2023.geojson,Mandamarri,,,,,
Mulugu,TSSD0305,392.56,"{'min': 38.431819915771484, 'max': 45.7760009765625, 'mean': 41.727937272451456, 'count': 103, 'sum': 4297.9775390625, 'median': 41.709999084472656}","(80.40836158100007, 18.080546712000057, 80.70882201500007, 18.304706081000063)",30-06-2023.geojson,Mangapet,,,,,
Sangareddy,TSSD0306,148.62,"{'min': 35.25400161743164, 'max': 42.34714126586914, 'mean': 39.416212128429876, 'count': 41, 'sum': 1616.064697265625, 'median': 39.70529556274414}","(77.64845538500003, 17.878779076000058, 77.83149306000007, 18.04513193200006)",30-06-2023.geojson,Manoor,,,,,
Jogulamba Gadwal,TSSD0307,163.37,"{'min': 34.96200180053711, 'max': 41.60636520385742, 'mean': 39.9244551225142, 'count': 44, 'sum': 1756.676025390625, 'median': 40.48833465576172}","(77.86929360900007, 15.885358944000075, 78.03319288300008, 16.08949442000005)",30-06-2023.geojson,Manopad,,,,,
Peddapalli,TSSD0308,311.44,"{'min': 34.29142761230469, 'max': 42.81399917602539, 'mean': 39.92957705543155, 'count': 84, 'sum': 3354.08447265625, 'median': 39.93571472167969}","(79.56456396600004, 18.561850238000034, 79.83268954900007, 18.738350264000076)",30-06-2023.geojson,Manthani,,,,,
Bhadradri Kothagudem,TSSD0309,241.6,"{'min': 35.51599884033203, 'max': 42.422725677490234, 'mean': 39.534224759615384, 'count': 65, 'sum': 2569.724609375, 'median': 39.91181945800781}","(80.66740807500008, 17.879481733000034, 80.88542464200003, 18.045849738000072)",30-06-2023.geojson,Manuguru,,,,,
Hyderabad,TSSD0310,12.89,"{'min': 36.516666412353516, 'max': 36.84466552734375, 'mean': 36.69758605957031, 'count': 3, 'sum': 110.09275817871094, 'median': 36.73143005371094}","(78.49007358600005, 17.42094839600003, 78.55631568500007, 17.46893287000006)",30-06-2023.geojson,Maredpally,,,,,
Narayanpet,TSSD0311,159.77,"{'min': 38.828182220458984, 'max': 42.4554557800293, 'mean': 40.71409679594494, 'count': 42, 'sum': 1709.9920654296875, 'median': 40.738365173339844}","(77.65664280100003, 16.506114195000066, 77.79841434500008, 16.665240555000025)",30-06-2023.geojson,Marikal,,,,,
Mahabubabad,TSSD0312,234.68,"{'min': 39.61000061035156, 'max': 43.587501525878906, 'mean': 41.83645474708686, 'count': 59, 'sum': 2468.350830078125, 'median': 41.91400146484375}","(79.76148480300003, 17.321621569000058, 79.98270166300006, 17.48693560600003)",30-06-2023.geojson,Maripeda,,,,,
Siddipet,TSSD0313,105.43,"{'min': 31.37266731262207, 'max': 39.78499984741211, 'mean': 37.775137765066965, 'count': 28, 'sum': 1057.703857421875, 'median': 38.431331634521484}","(78.66415458400007, 17.667265188000044, 78.78250869300007, 17.810152515000027)",30-06-2023.geojson,Markook,,,,,
Vikarabad,TSSD0314,225.88,"{'min': 35.02866744995117, 'max': 41.308570861816406, 'mean': 39.28805647225216, 'count': 58, 'sum': 2278.707275390625, 'median': 39.73823547363281}","(77.68610927900005, 17.453891702000078, 77.87740943300008, 17.638691618000053)",30-06-2023.geojson,Marpalle,,,,,
Nalgonda,TSSD0315,229.14,"{'min': 34.801429748535156, 'max': 43.0484619140625, 'mean': 38.45470190829918, 'count': 61, 'sum': 2345.73681640625, 'median': 38.584285736083984}","(78.75919635200006, 16.90874455200003, 78.96448818000005, 17.07201425200003)",30-06-2023.geojson,Marriguda,,,,,
Suryapet,TSSD0316,210.69,"{'min': 36.19727325439453, 'max': 44.279998779296875, 'mean': 41.6734780365566, 'count': 53, 'sum': 2208.6943359375, 'median': 41.810001373291016}","(79.76031217600007, 16.657641133000027, 79.94384993900007, 16.842244540000024)",30-06-2023.geojson,Mattampalli,,,,,
Medak,TSSD0317,140.85,"{'min': 36.58866500854492, 'max': 40.900665283203125, 'mean': 39.599035314611484, 'count': 37, 'sum': 1465.164306640625, 'median': 39.78466796875}","(78.20774346500008, 17.973932821000062, 78.36819518300007, 18.10438747300003)",30-06-2023.geojson,Medak,,,,,
Medchal_Malkajgiri,TSSD0318,187.56,"{'min': 35.25857162475586, 'max': 39.508750915527344, 'mean': 38.08165564903846, 'count': 52, 'sum': 1980.24609375, 'median': 38.23851013183594}","(78.38095406300005, 17.551049357000068, 78.56000059500008, 17.70854524600003)",30-06-2023.geojson,Medchal,,,,,
Jagtial,TSSD0319,206.03,"{'min': 35.46333312988281, 'max': 41.72600173950195, 'mean': 39.04786044034091, 'count': 55, 'sum': 2147.63232421875, 'median': 39.20866775512695}","(78.73214094600007, 18.624887353000076, 78.85330317100005, 18.885390032000032)",30-06-2023.geojson,Medipalle,,,,,
Medchal_Malkajgiri,TSSD0320,33.63,"{'min': 35.78200149536133, 'max': 36.91533279418945, 'mean': 36.49751281738281, 'count': 8, 'sum': 291.9801025390625, 'median': 36.487998962402344}","(78.56396765400007, 17.387088967000068, 78.62540001600007, 17.4548326310001)",30-06-2023.geojson,Medipally,,,,,
Suryapet,TSSD0321,148.48,"{'min': 40.25, 'max': 44.152000427246094, 'mean': 42.18466421274039, 'count': 39, 'sum': 1645.201904296875, 'median': 42.13800048828125}","(79.86430255300007, 16.749144942000044, 80.04667389300005, 16.897589783000058)",30-06-2023.geojson,Mellachervu,,,,,
Nizamabad,TSSD0322,74.74,"{'min': 31.96733283996582, 'max': 41.01615524291992, 'mean': 38.57609252929687, 'count': 20, 'sum': 771.5218505859375, 'median': 39.695274353027344}","(78.34141407100003, 18.91286552100007, 78.45746941500005, 19.003231226000025)",30-06-2023.geojson,Mendora,,,,,
Jagtial,TSSD0323,189.57,"{'min': 36.977142333984375, 'max': 41.119232177734375, 'mean': 39.48782169117647, 'count': 51, 'sum': 2013.87890625, 'median': 39.8380012512207}","(78.53968262500007, 18.72081223600003, 78.67956378400004, 18.895674916000075)",30-06-2023.geojson,Metpalli,,,,,
Mahabubnagar,TSSD0324,164.85,"{'min': 38.28499984741211, 'max': 41.441429138183594, 'mean': 39.973109654017854, 'count': 42, 'sum': 1678.87060546875, 'median': 40.05889129638672}","(78.21714079300006, 16.678018442000052, 78.36989334400005, 16.825534489000063)",30-06-2023.geojson,Midjil,,,,,
Siddipet,TSSD0325,167.82,"{'min': 39.367332458496094, 'max': 41.83307647705078, 'mean': 40.6009038880814, 'count': 43, 'sum': 1745.8388671875, 'median': 40.61000061035156}","(78.56910611300003, 17.992796036000072, 78.73068591400005, 18.14881470800003)",30-06-2023.geojson,Mirdoddi,,,,,
Nalgonda,TSSD0326,248.98,"{'min': 36.290000915527344, 'max': 44.93000030517578, 'mean': 40.090984476023706, 'count': 58, 'sum': 2325.277099609375, 'median': 39.883331298828125}","(79.48474594700008, 16.761982963000037, 79.66781758100007, 17.007573905000072)",30-06-2023.geojson,Miryalaguda,,,,,
Sangareddy,TSSD0327,152.32,"{'min': 36.781429290771484, 'max': 42.619232177734375, 'mean': 39.99911017166941, 'count': 38, 'sum': 1519.9661865234375, 'median': 40.24950408935547}","(77.44416825100006, 17.542551853000077, 77.59394938800006, 17.703749020000032)",30-06-2023.geojson,Mogudampally,,,,,
Jayashankar Bhupalpally,TSSD0328,117.77,"{'min': 41.45000076293945, 'max': 44.5, 'mean': 42.87373204385081, 'count': 31, 'sum': 1329.085693359375, 'median': 43.11888885498047}","(79.55918339200008, 18.25321451900004, 79.69624194900007, 18.367730020000067)",30-06-2023.geojson,Mogullapally,,,,,
Rangareddy,TSSD0329,210.03,"{'min': 30.329999923706055, 'max': 40.59000015258789, 'mean': 37.72400371844952, 'count': 52, 'sum': 1961.648193359375, 'median': 38.24733352661133}","(78.18364043400004, 17.24469818700004, 78.37521359500005, 17.39979780400006)",30-06-2023.geojson,Moinabad,,,,,
Vikarabad,TSSD0330,185.55,"{'min': 37.02866744995117, 'max': 41.153076171875, 'mean': 38.79545802696079, 'count': 51, 'sum': 1978.568359375, 'median': 38.81266784667969}","(77.80132142600007, 17.440949010000054, 78.02278448100003, 17.58481577400005)",30-06-2023.geojson,Mominpet,,,,,
Mahabubnagar,TSSD0331,95.02,"{'min': 36.22272872924805, 'max': 40.421112060546875, 'mean': 38.45005446213942, 'count': 26, 'sum': 999.701416015625, 'median': 38.42909240722656}","(77.88815901700008, 16.55990335200005, 78.03642113100005, 16.65578400800007)",30-06-2023.geojson,Moosapet,,,,,
Nizamabad,TSSD0332,110.93,"{'min': 37.25615310668945, 'max': 40.869998931884766, 'mean': 39.319010416666664, 'count': 30, 'sum': 1179.5703125, 'median': 39.533077239990234}","(78.39569656400005, 18.754933092000044, 78.51049422500006, 18.895877668000026)",30-06-2023.geojson,Morthad,,,,,
Yadadri Bhuvanagiri,TSSD0333,154.09,"{'min': 35.745384216308594, 'max': 38.63615417480469, 'mean': 37.082621256510414, 'count': 42, 'sum': 1557.4700927734375, 'median': 37.047088623046875}","(79.02191272500005, 17.447705855000038, 79.18771359200008, 17.614164877000064)",30-06-2023.geojson,Motakondur,,,,,
Suryapet,TSSD0334,191.84,"{'min': 37.06999969482422, 'max': 44.38428497314453, 'mean': 41.926181640625, 'count': 50, 'sum': 2096.30908203125, 'median': 41.83625030517578}","(79.72864807600007, 17.098594648000073, 79.90108897100004, 17.295132846000058)",30-06-2023.geojson,Mothey,,,,,
Yadadri Bhuvanagiri,TSSD0335,146.43,"{'min': 36.19727325439453, 'max': 40.55181884765625, 'mean': 38.37253981370192, 'count': 39, 'sum': 1496.529052734375, 'median': 38.32666778564453}","(79.17886738600004, 17.35663582600006, 79.34505761300005, 17.499013259000037)",30-06-2023.geojson,Mothkur,,,,,
Nirmal,TSSD0336,187.43,"{'min': 39.560001373291016, 'max': 44.32600021362305, 'mean': 42.51323136039402, 'count': 46, 'sum': 1955.608642578125, 'median': 42.53404235839844}","(77.87363589400007, 18.90926259400004, 78.04943334300003, 19.05199254100006)",30-06-2023.geojson,Mudhole,,,,,
Khammam,TSSD0337,202.95,"{'min': 38.42714309692383, 'max': 44.36454391479492, 'mean': 42.27615591195914, 'count': 52, 'sum': 2198.360107421875, 'median': 42.23749923706055}","(79.99976989400005, 16.987411645000066, 80.17144520800008, 17.21465495600006)",30-06-2023.geojson,Mudigonda,,,,,
Nizamabad,TSSD0338,196.22,"{'min': 36.0099983215332, 'max': 40.60200119018555, 'mean': 38.317708333333336, 'count': 51, 'sum': 1954.203125, 'median': 38.37588119506836}","(78.03331485400008, 18.477793812000073, 78.18413506400003, 18.66033533700005)",30-06-2023.geojson,Mugpal,,,,,
Bhadradri Kothagudem,TSSD0339,514.62,"{'min': 34.663333892822266, 'max': 41.95750045776367, 'mean': 38.89132667824074, 'count': 135, 'sum': 5250.3291015625, 'median': 39.163333892822266}","(80.70650352000007, 17.353825033000078, 80.96455307900004, 17.59430879000007)",30-06-2023.geojson,Mulakalapally,,,,,
Mulugu,TSSD0340,363.24,"{'min': 33.448333740234375, 'max': 43.209999084472656, 'mean': 40.13097502055921, 'count': 95, 'sum': 3812.442626953125, 'median': 40.358890533447266}","(79.81475825400008, 18.07019176600005, 80.14227776900003, 18.247994896000023)",30-06-2023.geojson,Mulug,,,,,
Siddipet,TSSD0341,148.86,"{'min': 29.222856521606445, 'max': 39.49399948120117, 'mean': 37.644844250801285, 'count': 39, 'sum': 1468.14892578125, 'median': 38.40599822998047}","(78.49289586600008, 17.669503792000057, 78.72948919400005, 17.760743728000023)",30-06-2023.geojson,Mulug,,,,,
Suryapet,TSSD0342,140.35,"{'min': 39.781429290771484, 'max': 46.09000015258789, 'mean': 42.63373445209704, 'count': 38, 'sum': 1620.0819091796875, 'median': 42.44333267211914}","(79.71348967800003, 16.97659834500007, 79.93382971200003, 17.162332160000062)",30-06-2023.geojson,Munagala,,,,,
Sangareddy,TSSD0343,221.68,"{'min': 30.288461685180664, 'max': 43.400001525878906, 'mean': 40.420724051339285, 'count': 56, 'sum': 2263.560546875, 'median': 41.70800018310547}","(77.76970420300006, 17.61306823700005, 77.93222993400008, 17.821658166000077)",30-06-2023.geojson,Munipally,,,,,
Nalgonda,TSSD0344,242.13,"{'min': 39.2783317565918, 'max': 44.06999969482422, 'mean': 42.29605379971591, 'count': 66, 'sum': 2791.53955078125, 'median': 42.44170379638672}","(78.92781504300007, 16.99371558000007, 79.14931293500007, 17.18453899000002)",30-06-2023.geojson,Munugode,,,,,
Nizamabad,TSSD0345,53.32,"{'min': 28.660768508911133, 'max': 40.78538513183594, 'mean': 38.14676775251116, 'count': 14, 'sum': 534.0547485351562, 'median': 39.80181121826172}","(78.33239376200004, 18.87289880800006, 78.45351563000008, 18.968813642000043)",30-06-2023.geojson,Mupkal,,,,,
Hyderabad,TSSD0346,9.91,"{'min': 36.51933288574219, 'max': 36.548667907714844, 'mean': 36.534000396728516, 'count': 2, 'sum': 73.06800079345703, 'median': 36.534000396728516}","(78.47735671700008, 17.40191402800002, 78.52763446200004, 17.43504124900005)",30-06-2023.geojson,Musheerabad,,,,,
Rajanna Sircilla,TSSD0347,162.34,"{'min': 38.03799819946289, 'max': 42.5, 'mean': 40.238914312318315, 'count': 43, 'sum': 1730.2733154296875, 'median': 40.06571578979492}","(78.62827650500003, 18.21376387500004, 78.77109860300004, 18.360829288000048)",30-06-2023.geojson,Mustabad,,,,,
Jayashankar Bhupalpally,TSSD0348,603.81,"{'min': 37.72636413574219, 'max': 43.661109924316406, 'mean': 40.461376953125, 'count': 160, 'sum': 6473.8203125, 'median': 40.24142837524414}","(79.93211438700007, 18.348852581000074, 80.27331132300003, 18.665550444000075)",30-06-2023.geojson,Mutharam_Mahadevpur,,,,,
Peddapalli,TSSD0349,143.95,"{'min': 38.62714385986328, 'max': 43.167999267578125, 'mean': 41.51182154605263, 'count': 38, 'sum': 1577.44921875, 'median': 41.7398681640625}","(79.56376559100005, 18.46670946200004, 79.71861493100005, 18.60236795900005)",30-06-2023.geojson,Mutharam_Manthani,,,,,
Suryapet,TSSD0350,132.47,"{'min': 40.82500076293945, 'max': 43.52714157104492, 'mean': 42.45610277580492, 'count': 33, 'sum': 1401.0513916015625, 'median': 42.41857147216797}","(79.81542641000004, 17.031014071000072, 79.94769370600005, 17.174546916000054)",30-06-2023.geojson,Nadigudem,,,,,
Sangareddy,TSSD0351,148.84,"{'min': 38.3033332824707, 'max': 43.712223052978516, 'mean': 41.19345703125, 'count': 40, 'sum': 1647.73828125, 'median': 41.31431579589844}","(77.54918865800005, 17.98547994300003, 77.71900749600007, 18.124343363000037)",30-06-2023.geojson,Nagalgidda,,,,,
Suryapet,TSSD0352,134.54,"{'min': 36.76499938964844, 'max': 41.163333892822266, 'mean': 39.3358642578125, 'count': 35, 'sum': 1376.7552490234375, 'median': 39.65461349487305}","(79.41253491600008, 17.34124849500006, 79.57155473400007, 17.45790335600003)",30-06-2023.geojson,Nagaram,,,,,
Kamareddy,TSSD0353,138.95,"{'min': 34.14875030517578, 'max': 40.03125, 'mean': 38.44172578699448, 'count': 34, 'sum': 1307.0186767578125, 'median': 38.633331298828125}","(78.01381962800008, 18.068441783000026, 78.17948646600007, 18.201817321000078)",30-06-2023.geojson,Nagi_Reddypet,,,,,
Nalgonda,TSSD0354,151.19,"{'min': 35.4209098815918, 'max': 41.30428695678711, 'mean': 39.049169921875, 'count': 40, 'sum': 1561.966796875, 'median': 38.96846008300781}","(79.36271400100003, 17.074334117000035, 79.51356132300003, 17.265691678000053)",30-06-2023.geojson,Nakrekal,,,,,
Nalgonda,TSSD0355,356.0,"{'min': 32.88818359375, 'max': 41.83833312988281, 'mean': 39.26139412345467, 'count': 91, 'sum': 3572.786865234375, 'median': 39.66666793823242}","(79.11238633500005, 16.95004682000007, 79.38632643800008, 17.14875526800006)",30-06-2023.geojson,Nalgonda,,,,,
Warangal_Rural,TSSD0356,164.31,"{'min': 38.4283332824707, 'max': 42.457271575927734, 'mean': 40.807543436686196, 'count': 48, 'sum': 1958.7620849609375, 'median': 41.0367431640625}","(79.81066170600008, 17.993540445000065, 80.04124404200007, 18.11528805000006)",30-06-2023.geojson,Nallabelli,,,,,
Hyderabad,TSSD0357,11.34,"{'min': 35.39666748046875, 'max': 37.807334899902344, 'mean': 36.97355651855469, 'count': 3, 'sum': 110.92066955566406, 'median': 37.71666717529297}","(78.45809052700008, 17.36457170500006, 78.49555773000003, 17.405714060000037)",30-06-2023.geojson,Nampally,,,,,
Nalgonda,TSSD0358,280.57,"{'min': 36.836666107177734, 'max': 41.20166778564453, 'mean': 39.03752742401541, 'count': 73, 'sum': 2849.739501953125, 'median': 39.168460845947266}","(78.84925232700004, 16.740287084000045, 79.04788463500006, 16.965538953000078)",30-06-2023.geojson,Nampally,,,,,
Rangareddy,TSSD0359,86.28,"{'min': 36.145999908447266, 'max': 39.31181716918945, 'mean': 37.17954323508523, 'count': 22, 'sum': 817.949951171875, 'median': 37.041500091552734}","(78.16420628000003, 17.07450775600006, 78.31375295500004, 17.187439899000026)",30-06-2023.geojson,Nandigama,,,,,
Nizamabad,TSSD0360,296.41,"{'min': 29.074615478515625, 'max': 41.26384735107422, 'mean': 38.562392197646105, 'count': 77, 'sum': 2969.30419921875, 'median': 39.5}","(78.06391450200005, 18.810123935000036, 78.27745292600008, 19.015809954000076)",30-06-2023.geojson,Nandipet,,,,,
Siddipet,TSSD0361,173.43,"{'min': 38.3849983215332, 'max': 40.79461669921875, 'mean': 39.20691472833807, 'count': 44, 'sum': 1725.104248046875, 'median': 39.18696594238281}","(78.91642615100005, 18.005257581000023, 79.12553882600008, 18.139313947000062)",30-06-2023.geojson,Nangnoor,,,,,
Yadadri Bhuvanagiri,TSSD0362,255.72,"{'min': 35.94333267211914, 'max': 43.66692352294922, 'mean': 39.86896306818182, 'count': 66, 'sum': 2631.3515625, 'median': 39.47209548950195}","(78.76727420200007, 17.04527964400006, 78.99214673900008, 17.215539860000035)",30-06-2023.geojson,Narayanapoor,,,,,
Sangareddy,TSSD0363,221.04,"{'min': 37.408748626708984, 'max': 43.228824615478516, 'mean': 40.292640560963115, 'count': 61, 'sum': 2457.85107421875, 'median': 40.23857116699219}","(77.65873951100008, 17.969087139000067, 77.91619762300007, 18.131861117000028)",30-06-2023.geojson,Narayankhed,,,,,
Narayanpet,TSSD0364,253.45,"{'min': 35.47909164428711, 'max': 40.70166778564453, 'mean': 37.454634915865384, 'count': 65, 'sum': 2434.55126953125, 'median': 37.310001373291016}","(77.42683117400003, 16.65053467100006, 77.68547301300003, 16.797928967000075)",30-06-2023.geojson,Narayanpet,,,,,
Nalgonda,TSSD0365,234.39,"{'min': 36.637271881103516, 'max': 41.8316650390625, 'mean': 39.45383804563492, 'count': 63, 'sum': 2485.591796875, 'median': 39.57363510131836}","(79.12064748900008, 17.11371295600003, 79.30389623300005, 17.35996707100003)",30-06-2023.geojson,Narketpally,,,,,
Jangoan,TSSD0366,125.01,"{'min': 37.30466842651367, 'max': 42.0716667175293, 'mean': 39.80775035511363, 'count': 33, 'sum': 1313.65576171875, 'median': 40.314998626708984}","(79.09279653800007, 17.82066930900004, 79.25505581500005, 17.932063776000064)",30-06-2023.geojson,Narmetta,,,,,
Adilabad,TSSD0367,201.81,"{'min': 40.06428527832031, 'max': 43.880767822265625, 'mean': 42.17930977299528, 'count': 53, 'sum': 2235.50341796875, 'median': 42.202857971191406}","(78.75741661700005, 19.424395872000048, 78.97780666900007, 19.57535441500005)",30-06-2023.geojson,Narnoor,,,,,
Warangal_Rural,TSSD0368,128.11,"{'min': 39.098331451416016, 'max': 42.641998291015625, 'mean': 41.42730712890625, 'count': 32, 'sum': 1325.673828125, 'median': 41.460418701171875}","(79.80201610100005, 17.882928224000068, 79.94435882900007, 18.020538076000037)",30-06-2023.geojson,Narsampet,,,,,
Medak,TSSD0369,177.98,"{'min': 36.0528564453125, 'max': 40.83714294433594, 'mean': 38.980264353197676, 'count': 43, 'sum': 1676.1513671875, 'median': 39.10285568237305}","(78.16308671700006, 17.659841237000023, 78.33116213500006, 17.840150954000023)",30-06-2023.geojson,Narsapur,,,,,
Nirmal,TSSD0370,147.48,"{'min': 36.01933288574219, 'max': 42.996665954589844, 'mean': 40.850501650855655, 'count': 42, 'sum': 1715.7210693359375, 'median': 41.237308502197266}","(78.07428315700008, 19.02509410700003, 78.21913771600003, 19.23774101400005)",30-06-2023.geojson,Narsapur_G,,,,,
Mahabubabad,TSSD0371,100.62,"{'min': 40.882728576660156, 'max': 43.06999969482422, 'mean': 41.91951949508102, 'count': 27, 'sum': 1131.8270263671875, 'median': 42.14400100708008}","(79.74961810900004, 17.432922034000057, 79.85804564900008, 17.55949727500007)",30-06-2023.geojson,Narsimhulapet,,,,,
Medak,TSSD0372,55.63,"{'min': 38.48866653442383, 'max': 41.11750030517578, 'mean': 40.01631164550781, 'count': 16, 'sum': 640.260986328125, 'median': 40.29029083251953}","(78.39229916300008, 17.98830749900003, 78.47149849900006, 18.093264383000076)",30-06-2023.geojson,Narsingi,,,,,
Narayanpet,TSSD0373,194.24,"{'min': 37.15142822265625, 'max': 42.560909271240234, 'mean': 40.357119140625, 'count': 50, 'sum': 2017.85595703125, 'median': 40.49250030517578}","(77.57900273500007, 16.392118486000072, 77.76051168400005, 16.55740275000005)",30-06-2023.geojson,Narva,,,,,
Mancherial,TSSD0374,52.98,"{'min': 35.06142807006836, 'max': 38.869998931884766, 'mean': 37.700962611607146, 'count': 14, 'sum': 527.8134765625, 'median': 38.07435989379883}","(79.45022792100008, 18.798759303000054, 79.52726676000003, 18.914394050000055)",30-06-2023.geojson,Naspur,,,,,
Kamareddy,TSSD0375,102.21,"{'min': 34.775333404541016, 'max': 38.68857192993164, 'mean': 36.899034772600444, 'count': 28, 'sum': 1033.1729736328125, 'median': 37.065330505371094}","(77.81879634400008, 18.411273927000025, 77.97648352900006, 18.509137527000064)",30-06-2023.geojson,Nasurullabad,,,,,
Nizamabad,TSSD0376,192.08,"{'min': 36.0793342590332, 'max': 40.806251525878906, 'mean': 39.25544921875, 'count': 50, 'sum': 1962.7724609375, 'median': 39.41866683959961}","(77.94333219400005, 18.72259983600003, 78.08733714300007, 18.94072022900008)",30-06-2023.geojson,Navipet,,,,,
Mahabubnagar,TSSD0377,296.21,"{'min': 33.211666107177734, 'max': 41.032222747802734, 'mean': 37.526240361201296, 'count': 77, 'sum': 2889.5205078125, 'median': 38.104000091552734}","(77.92099457500007, 16.78332651100004, 78.11899967800008, 17.01427203800006)",30-06-2023.geojson,Nawabpet,,,,,
Vikarabad,TSSD0378,158.3,"{'min': 36.94066619873047, 'max': 42.022499084472656, 'mean': 39.58506514386433, 'count': 41, 'sum': 1622.9876708984375, 'median': 39.22571563720703}","(77.88176503700004, 17.365495641000052, 78.07175069100003, 17.471223939000026)",30-06-2023.geojson,Nawabpet,,,,,
Warangal_Rural,TSSD0379,188.28,"{'min': 38.336666107177734, 'max': 43.06399917602539, 'mean': 40.2479931640625, 'count': 50, 'sum': 2012.399658203125, 'median': 40.098411560058594}","(79.74746045700005, 17.696488769000155, 79.90634128700003, 17.879678624000064)",30-06-2023.geojson,Nekkonda,,,,,
Khammam,TSSD0380,186.76,"{'min': 36.95000076293945, 'max': 42.20333480834961, 'mean': 39.61783771125638, 'count': 49, 'sum': 1941.2740478515625, 'median': 39.459999084472656}","(79.96784028800005, 16.968121411000027, 80.11000795600006, 17.174936235000075)",30-06-2023.geojson,Nelakondapally,,,,,
Mahabubabad,TSSD0381,206.97,"{'min': 39.50692367553711, 'max': 42.426666259765625, 'mean': 40.865397135416664, 'count': 54, 'sum': 2206.7314453125, 'median': 40.85769271850586}","(79.71439804300002, 17.541887375000044, 79.91872236700016, 17.698785481000073)",30-06-2023.geojson,Nellikudur,,,,,
Mancherial,TSSD0382,269.42,"{'min': 37.3650016784668, 'max': 42.1966667175293, 'mean': 39.314267440580984, 'count': 71, 'sum': 2791.31298828125, 'median': 39.2216682434082}","(79.52664994100007, 18.93089886100006, 79.73295653300005, 19.12578670700003)",30-06-2023.geojson,Nennel,,,,,
Adilabad,TSSD0383,328.19,"{'min': 37.310001373291016, 'max': 45.79470443725586, 'mean': 41.67010017995084, 'count': 89, 'sum': 3708.638916015625, 'median': 41.65399932861328}","(78.26082714200004, 19.17277807100004, 78.55364642200004, 19.39715159900004)",30-06-2023.geojson,Neradigonda,,,,,
Suryapet,TSSD0384,126.74,"{'min': 36.529998779296875, 'max': 45.38999938964844, 'mean': 42.908999633789065, 'count': 20, 'sum': 858.1799926757812, 'median': 43.439998626708984}","(79.61424865900005, 16.828891998000074, 79.72807247700007, 16.983950306000054)",30-06-2023.geojson,Nereducherla,,,,,
Nalgonda,TSSD0385,161.07,"{'min': 34.03499984741211, 'max': 38.80636215209961, 'mean': 36.90172230113637, 'count': 44, 'sum': 1623.67578125, 'median': 36.859798431396484}","(78.94273533400008, 16.468748120000043, 79.11690272800007, 16.651020135000067)",30-06-2023.geojson,Neredugommu,,,,,
Nalgonda,TSSD0386,217.58,"{'min': 38.13399887084961, 'max': 41.72999954223633, 'mean': 40.097436937235166, 'count': 59, 'sum': 2365.748779296875, 'median': 39.981998443603516}","(79.29369591300008, 16.726884840000025, 79.46702657000003, 16.93694350900006)",30-06-2023.geojson,Nidamanoor,,,,,
Nirmal,TSSD0387,26.54,"{'min': 38.2594108581543, 'max': 40.32374954223633, 'mean': 39.11138237847222, 'count': 9, 'sum': 352.00244140625, 'median': 39.130001068115234}","(78.32125738700006, 19.06142155400005, 78.36703256100003, 19.13503668900006)",30-06-2023.geojson,Nirmal,,,,,
Nirmal,TSSD0388,121.65,"{'min': 39.163333892822266, 'max': 41.73933410644531, 'mean': 40.336043819304436, 'count': 31, 'sum': 1250.4173583984375, 'median': 40.35133361816406}","(78.28619783500005, 19.030659180000043, 78.42042812500006, 19.18711090100004)",30-06-2023.geojson,Nirmal Rural,,,,,
Nizamabad,TSSD0389,8.31,"{'min': 35.51250076293945, 'max': 38.46466827392578, 'mean': 37.32655334472656, 'count': 3, 'sum': 111.97966003417969, 'median': 38.002498626708984}","(78.05163596200003, 18.674492592000036, 78.12730598000007, 18.70039857300003)",30-06-2023.geojson,Nizamabad North,,,,,
Nizamabad,TSSD0390,143.88,"{'min': 34.47133255004883, 'max': 39.80875015258789, 'mean': 37.30552271792763, 'count': 38, 'sum': 1417.60986328125, 'median': 37.43089294433594}","(77.98560033100006, 18.565702533000035, 78.16225447400006, 18.788720459000047)",30-06-2023.geojson,Nizamabad Rural,,,,,
Nizamabad,TSSD0391,30.08,"{'min': 35.792667388916016, 'max': 38.76466751098633, 'mean': 37.380318777901785, 'count': 7, 'sum': 261.6622314453125, 'median': 37.483333587646484}","(78.05135267700007, 18.638141734000044, 78.12035163300004, 18.70039857300003)",30-06-2023.geojson,Nizamabad South,,,,,
Medak,TSSD0392,96.69,"{'min': 39.95857238769531, 'max': 41.883846282958984, 'mean': 40.991524832589285, 'count': 28, 'sum': 1147.7626953125, 'median': 41.03368377685547}","(78.48347828600004, 18.052927198000077, 78.58043728400008, 18.186685228000044)",30-06-2023.geojson,Nizampet,,,,,
Kamareddy,TSSD0393,241.59,"{'min': 28.108572006225586, 'max': 39.9553337097168, 'mean': 35.97654893663194, 'count': 72, 'sum': 2590.3115234375, 'median': 37.378665924072266}","(77.84561923400008, 18.09283344800002, 78.00817764400006, 18.34553889500006)",30-06-2023.geojson,Nizamsagar,,,,,
Suryapet,TSSD0394,119.91,"{'min': 39.43461608886719, 'max': 43.01333236694336, 'mean': 41.13935990767045, 'count': 33, 'sum': 1357.598876953125, 'median': 41.26818084716797}","(79.62642963900004, 17.281058334000022, 79.80860422700005, 17.37862805900005)",30-06-2023.geojson,Noothankal,,,,,
Sangareddy,TSSD0395,259.19,"{'min': 36.12874984741211, 'max': 42.49399948120117, 'mean': 39.27365291819853, 'count': 68, 'sum': 2670.6083984375, 'median': 39.48887634277344}","(77.50905262900005, 17.743666096000027, 77.70963585900006, 17.95290998400003)",30-06-2023.geojson,Nyalkal,,,,,
Peddapalli,TSSD0396,148.08,"{'min': 39.58599853515625, 'max': 43.29545593261719, 'mean': 41.24532277960526, 'count': 38, 'sum': 1567.322265625, 'median': 41.10778045654297}","(79.36660364000005, 18.386385288000042, 79.55224107200007, 18.53271052300005)",30-06-2023.geojson,Odela,,,,,
Nagarkurnool,TSSD0397,630.47,"{'min': 33.307498931884766, 'max': 38.856666564941406, 'mean': 35.9912841796875, 'count': 160, 'sum': 5758.60546875, 'median': 36.006248474121094}","(78.85902477800005, 16.210348460000034, 79.23432760400004, 16.461405856000056)",30-06-2023.geojson,Padara,,,,,
Suryapet,TSSD0398,132.07,"{'min': 38.20090866088867, 'max': 44.20750045776367, 'mean': 41.62884765625, 'count': 25, 'sum': 1040.72119140625, 'median': 41.66090774536133}","(79.66762645300008, 16.689675125000065, 79.78908743200003, 16.836615472000062)",30-06-2023.geojson,Palakeedu,,,,,
Jangoan,TSSD0399,255.42,"{'min': 38.66090774536133, 'max': 42.17307662963867, 'mean': 40.96193995620265, 'count': 66, 'sum': 2703.488037109375, 'median': 41.0117301940918}","(79.34225257900005, 17.560267294000028, 79.54008752200008, 17.75819989300004)",30-06-2023.geojson,Palakurthy,,,,,
Peddapalli,TSSD0400,137.42,"{'min': 31.50666618347168, 'max': 40.39181900024414, 'mean': 38.5161231788429, 'count': 37, 'sum': 1425.0965576171875, 'median': 38.79153823852539}","(79.25348235000007, 18.670677110000042, 79.50381904800008, 18.81832694700006)",30-06-2023.geojson,Palakurthy,,,,,
Jayashankar Bhupalpally,TSSD0401,226.16,"{'min': 38.231666564941406, 'max': 44.895999908447266, 'mean': 40.94698893229167, 'count': 60, 'sum': 2456.8193359375, 'median': 40.76499938964844}","(80.10237686500005, 18.587417120000055, 80.34460111300007, 18.722365577000062)",30-06-2023.geojson,Palmela,,,,,
Bhadradri Kothagudem,TSSD0402,421.11,"{'min': 32.88999938964844, 'max': 43.79222106933594, 'mean': 40.11240146396396, 'count': 111, 'sum': 4452.4765625, 'median': 40.4379997253418}","(80.57151962200004, 17.50317956400005, 80.86723947600007, 17.895408489000033)",30-06-2023.geojson,Palvancha,,,,,
Wanaparthy,TSSD0403,205.91,"{'min': 36.42777633666992, 'max': 39.47222137451172, 'mean': 37.667191116898145, 'count': 54, 'sum': 2034.0283203125, 'median': 37.60527801513672}","(78.02855847800004, 16.173396301000025, 78.22246788200005, 16.341012469000077)",30-06-2023.geojson,Pangal,,,,,
Medak,TSSD0404,205.14,"{'min': 37.803749084472656, 'max': 42.24625015258789, 'mean': 40.11914950284091, 'count': 55, 'sum': 2206.55322265625, 'median': 40.11000061035156}","(77.99790429400008, 17.965407912000046, 78.21345417200007, 18.109216143000026)",30-06-2023.geojson,Papannapet,,,,,
Vikarabad,TSSD0405,227.88,"{'min': 35.15153884887695, 'max': 42.47922897338867, 'mean': 39.49830756753178, 'count': 59, 'sum': 2330.400146484375, 'median': 40.33399963378906}","(77.76414678500004, 17.074105024000062, 77.99328854900006, 17.257275064000055)",30-06-2023.geojson,Pargi,,,,,
Warangal_Rural,TSSD0406,79.71,"{'min': 39.55545425415039, 'max': 43.18600082397461, 'mean': 41.68944396972656, 'count': 20, 'sum': 833.7888793945312, 'median': 41.82499694824219}","(79.645823469, 18.135041913000066, 79.73250177000006, 18.279244378000044)",30-06-2023.geojson,Parkal,,,,,
Warangal_Rural,TSSD0407,161.29,"{'min': 38.663333892822266, 'max': 43.55545425415039, 'mean': 40.61912899925595, 'count': 42, 'sum': 1706.00341796875, 'median': 40.29999923706055}","(79.64445348100008, 17.68264110900003, 79.78084029400003, 17.843589961000077)",30-06-2023.geojson,Parvathagiri,,,,,
Sangareddy,TSSD0408,186.54,"{'min': 35.85933303833008, 'max': 40.130001068115234, 'mean': 38.1607373046875, 'count': 50, 'sum': 1908.036865234375, 'median': 37.96933364868164}","(78.13716356700007, 17.463618334000046, 78.28967759800008, 17.628094657000076)",30-06-2023.geojson,Patancheruvu,,,,,
Wanaparthy,TSSD0409,199.7,"{'min': 35.52454376220703, 'max': 38.70000076293945, 'mean': 36.89939528245192, 'count': 52, 'sum': 1918.7685546875, 'median': 36.8629150390625}","(77.91611806600008, 16.024587675000078, 78.07471604300008, 16.26834650400002)",30-06-2023.geojson,Pebbair,,,,,
Nalgonda,TSSD0410,534.97,"{'min': 27.864999771118164, 'max': 40.00555419921875, 'mean': 35.19603262702338, 'count': 139, 'sum': 4892.24853515625, 'median': 36.595455169677734}","(79.02131319100005, 16.429164953000054, 79.31131002400008, 16.806345736000026)",30-06-2023.geojson,Peda Adisharla Palli,,,,,
Kamareddy,TSSD0411,93.4,"{'min': 39.30714416503906, 'max': 42.994285583496094, 'mean': 41.51514141376202, 'count': 26, 'sum': 1079.3936767578125, 'median': 41.723854064941406}","(77.64296889100007, 18.23434125800003, 77.79440383200006, 18.363266914000064)",30-06-2023.geojson,Pedda Kodapgal,,,,,
Nagarkurnool,TSSD0412,268.13,"{'min': 34.934444427490234, 'max': 40.735713958740234, 'mean': 38.846347384982636, 'count': 72, 'sum': 2796.93701171875, 'median': 38.88069152832031}","(78.28210328600005, 16.15614634700006, 78.46080747200006, 16.378297329000077)",30-06-2023.geojson,Peddakothapalle,,,,,
Wanaparthy,TSSD0413,184.53,"{'min': 35.01363754272461, 'max': 41.7071418762207, 'mean': 39.58400217692057, 'count': 48, 'sum': 1900.0321044921875, 'median': 39.970001220703125}","(77.91764372000006, 16.364835636000066, 78.12790212400006, 16.52562722400006)",30-06-2023.geojson,Peddamandaddi,,,,,
Peddapalli,TSSD0414,249.03,"{'min': 38.480770111083984, 'max': 42.988182067871094, 'mean': 40.795852439990945, 'count': 69, 'sum': 2814.913818359375, 'median': 40.73363494873047}","(79.30969398300005, 18.526543618000062, 79.49350302700003, 18.70415850100005)",30-06-2023.geojson,Peddapalli,,,,,
Mahabubabad,TSSD0415,111.61,"{'min': 37.01307678222656, 'max': 40.15142822265625, 'mean': 39.09171142578125, 'count': 30, 'sum': 1172.7513427734375, 'median': 39.43368148803711}","(79.51263601700003, 17.490564388000053, 79.63852224900006, 17.619982297000035)",30-06-2023.geojson,Peddavangara,,,,,
Nalgonda,TSSD0416,289.57,"{'min': 31.031999588012695, 'max': 40.284000396728516, 'mean': 37.58804915787338, 'count': 77, 'sum': 2894.27978515625, 'median': 37.69727325439453}","(79.13353438500008, 16.575213949000045, 79.36044542900004, 16.832719401000077)",30-06-2023.geojson,Peddavoora,,,,,
Vikarabad,TSSD0417,240.11,"{'min': 34.0099983215332, 'max': 40.310001373291016, 'mean': 37.29085417716734, 'count': 62, 'sum': 2312.032958984375, 'median': 37.320770263671875}","(77.51261111400004, 17.261553169000024, 77.72573047400004, 17.456603014000052)",30-06-2023.geojson,Peddemul,,,,,
Jagtial,TSSD0418,131.5,"{'min': 36.618751525878906, 'max': 38.6485710144043, 'mean': 37.47496122472427, 'count': 34, 'sum': 1274.148681640625, 'median': 37.34476089477539}","(79.00313586800007, 18.638171251000074, 79.13566837800005, 18.76691388300003)",30-06-2023.geojson,Pegadapalli,,,,,
Nirmal,TSSD0419,315.89,"{'min': 35.69285583496094, 'max': 41.608665466308594, 'mean': 38.208507582720586, 'count': 85, 'sum': 3247.72314453125, 'median': 38.0793342590332}","(78.48200096200003, 19.08543736100006, 78.72744941700006, 19.317058780000025)",30-06-2023.geojson,Pembi,,,,,
Kumurambheem Asifabad,TSSD0420,209.6,"{'min': 37.54142761230469, 'max': 42.80538558959961, 'mean': 40.077907017299104, 'count': 56, 'sum': 2244.36279296875, 'median': 39.951087951660156}","(79.66386794600004, 19.199781307000023, 79.94222848200008, 19.367035272000066)",30-06-2023.geojson,Penchikalpet,,,,,
Suryapet,TSSD0421,190.1,"{'min': 38.9900016784668, 'max': 46.70500183105469, 'mean': 42.13315238204657, 'count': 51, 'sum': 2148.790771484375, 'median': 41.869998931884766}","(79.59300492900007, 16.958133916000065, 79.81245856700008, 17.09085837200007)",30-06-2023.geojson,Penpahad,,,,,
Nagarkurnool,TSSD0422,100.6,"{'min': 36.8922233581543, 'max': 38.967498779296875, 'mean': 38.04615644975142, 'count': 22, 'sum': 837.0154418945312, 'median': 38.10625076293945}","(78.18107699600006, 16.00532167600005, 78.32316639500004, 16.139543263000064)",30-06-2023.geojson,Pentlavelli,,,,,
Khammam,TSSD0423,273.41,"{'min': 37.066001892089844, 'max': 42.942501068115234, 'mean': 40.777743869357636, 'count': 72, 'sum': 2935.99755859375, 'median': 41.092498779296875}","(80.59580834400003, 17.100783087000025, 80.77536110100004, 17.320991373000027)",30-06-2023.geojson,Penuballi,,,,,
Bhadradri Kothagudem,TSSD0424,237.05,"{'min': 34.75400161743164, 'max': 43.08000183105469, 'mean': 40.31409630408654, 'count': 65, 'sum': 2620.416259765625, 'median': 41.25666809082031}","(80.60213672700007, 17.921962273000076, 80.77371604900003, 18.158406092000064)",30-06-2023.geojson,Pinapaka,,,,,
Vikarabad,TSSD0425,206.05,"{'min': 36.50857162475586, 'max': 41.911537170410156, 'mean': 39.81962981047454, 'count': 54, 'sum': 2150.260009765625, 'median': 40.171043395996094}","(77.89676249700005, 17.131204728000057, 78.06049801700004, 17.32409672800003)",30-06-2023.geojson,Pudur,,,,,
Sangareddy,TSSD0426,148.67,"{'min': 27.98714256286621, 'max': 43.41533279418945, 'mean': 38.28566284179688, 'count': 40, 'sum': 1531.426513671875, 'median': 39.85295104980469}","(77.90516574499998, 17.65983009000007, 78.07454656600015, 17.812841045000027)",30-06-2023.geojson,Pulkal,,,,,
Medchal_Malkajgiri,TSSD0427,43.97,"{'min': 35.68866729736328, 'max': 37.37266540527344, 'mean': 36.46429443359375, 'count': 10, 'sum': 364.6429443359375, 'median': 36.48666763305664}","(78.38920413800008, 17.480972, 78.50036789700005, 17.561433864000037)",30-06-2023.geojson,Quthbullapur,,,,,
Khammam,TSSD0428,192.3,"{'min': 41.071998596191406, 'max': 44.545555114746094, 'mean': 42.712431640625, 'count': 50, 'sum': 2135.62158203125, 'median': 42.66536331176758}","(80.13318105300004, 17.232712673000037, 80.34275288000003, 17.401110535000043)",30-06-2023.geojson,Raghunadhapalem,,,,,
Jangoan,TSSD0429,251.68,"{'min': 37.709999084472656, 'max': 42.481666564941406, 'mean': 40.81599813432836, 'count': 67, 'sum': 2734.671875, 'median': 40.97571563720703}","(79.17884629500008, 17.67337913600005, 79.37330906100004, 17.858329210000022)",30-06-2023.geojson,Ragunathpally,,,,,
Jagtial,TSSD0430,266.42,"{'min': 37.189998626708984, 'max': 42.1542854309082, 'mean': 40.0876319088153, 'count': 67, 'sum': 2685.871337890625, 'median': 40.24733352661133}","(78.72887764300003, 18.831214958000032, 78.93391600400008, 19.071133686000053)",30-06-2023.geojson,Raikal,,,,,
Sangareddy,TSSD0431,223.22,"{'min': 30.962726593017578, 'max': 43.93153762817383, 'mean': 40.3873080549569, 'count': 58, 'sum': 2342.4638671875, 'median': 41.932708740234375}","(77.66777327100004, 17.76655052700005, 77.88238395400003, 17.93163760300007)",30-06-2023.geojson,Raikode,,,,,
Warangal_Rural,TSSD0432,219.17,"{'min': 34.17856979370117, 'max': 43.5445442199707, 'mean': 39.68017578125, 'count': 60, 'sum': 2380.810546875, 'median': 39.646759033203125}","(79.48142998600008, 17.619651097000144, 79.69554202900008, 17.76142627300004)",30-06-2023.geojson,Raiparthy,,,,,
Siddipet,TSSD0433,104.17,"{'min': 38.86714172363281, 'max': 41.14272689819336, 'mean': 39.99994106950431, 'count': 29, 'sum': 1159.998291015625, 'median': 40.140907287597656}","(78.55726942800004, 17.83236618500007, 78.68891396900005, 17.985113187000024)",30-06-2023.geojson,Raipole,,,,,
Kamareddy,TSSD0434,126.93,"{'min': 37.01142883300781, 'max': 42.37933349609375, 'mean': 39.74904138901655, 'count': 34, 'sum': 1351.4674072265625, 'median': 40.17399978637695}","(78.21768245400006, 18.146799025000064, 78.37609676800008, 18.26765991900004)",30-06-2023.geojson,Rajampet,,,,,
Yadadri Bhuvanagiri,TSSD0435,197.22,"{'min': 35.491249084472656, 'max': 40.44874954223633, 'mean': 38.480144889987244, 'count': 49, 'sum': 1885.527099609375, 'median': 38.3962516784668}","(78.85825081100006, 17.654937046000043, 79.01597518100004, 17.812669696000057)",30-06-2023.geojson,Rajapeta,,,,,
Mahabubnagar,TSSD0436,125.06,"{'min': 38.98400115966797, 'max': 41.47888946533203, 'mean': 40.64549345128677, 'count': 34, 'sum': 1381.94677734375, 'median': 40.71533203125}","(78.07616216600007, 16.827293433000023, 78.23953804100006, 16.936410312000078)",30-06-2023.geojson,Rajapur,,,,,
Rangareddy,TSSD0437,48.26,"{'min': 32.862308502197266, 'max': 37.73923110961914, 'mean': 36.50253092447917, 'count': 15, 'sum': 547.5379638671875, 'median': 36.88230895996094}","(78.37469952800006, 17.27932147300004, 78.46010745500007, 17.37208799600006)",30-06-2023.geojson,Rajendranagar,,,,,
Jogulamba Gadwal,TSSD0438,129.05,"{'min': 34.19727325439453, 'max': 40.71799850463867, 'mean': 37.40232938878677, 'count': 34, 'sum': 1271.67919921875, 'median': 37.35272979736328}","(77.64468695100004, 15.874725880000028, 77.86920549500007, 15.955733610000038)",30-06-2023.geojson,Rajoli,,,,,
Sangareddy,TSSD0439,76.01,"{'min': 34.39400100708008, 'max': 38.477500915527344, 'mean': 36.4301115337171, 'count': 19, 'sum': 692.172119140625, 'median': 36.560001373291016}","(78.20639802000005, 17.42785604100004, 78.31670013100006, 17.529947374000074)",30-06-2023.geojson,Ramachandrapuram,,,,,
Karimnagar,TSSD0440,134.02,"{'min': 38.38066482543945, 'max': 41.54999923706055, 'mean': 40.03332849451014, 'count': 37, 'sum': 1481.233154296875, 'median': 40.31285858154297}","(79.02101613600007, 18.468415441000047, 79.13300998100004, 18.662426753000034)",30-06-2023.geojson,Ramadugu,,,,,
Peddapalli,TSSD0441,174.25,"{'min': 37.35307693481445, 'max': 41.51909255981445, 'mean': 39.62777432528409, 'count': 44, 'sum': 1743.6220703125, 'median': 39.46475601196289}","(79.49644329500006, 18.537401654000064, 79.64857378700003, 18.777236066000057)",30-06-2023.geojson,Ramagiri,,,,,
Peddapalli,TSSD0442,113.66,"{'min': 34.52384567260742, 'max': 39.33333206176758, 'mean': 37.27173639112903, 'count': 31, 'sum': 1155.423828125, 'median': 37.21923065185547}","(79.41357231200004, 18.674221571000032, 79.54617280200006, 18.82875034600005)",30-06-2023.geojson,Ramagundam,,,,,
Yadadri Bhuvanagiri,TSSD0443,229.79,"{'min': 34.82538604736328, 'max': 41.68818283081055, 'mean': 38.74603271484375, 'count': 60, 'sum': 2324.761962890625, 'median': 38.996604919433594}","(78.98814184100007, 17.24503517000005, 79.25341493800005, 17.371267423000063)",30-06-2023.geojson,Ramannapet,,,,,
Kamareddy,TSSD0444,168.07,"{'min': 35.582000732421875, 'max': 41.227142333984375, 'mean': 38.881733739098834, 'count': 43, 'sum': 1671.91455078125, 'median': 39.525001525878906}","(78.30521243600003, 18.353492533000065, 78.49228659800008, 18.483468182000024)",30-06-2023.geojson,Ramareddy,,,,,
Medak,TSSD0445,151.12,"{'min': 37.39799880981445, 'max': 41.17142868041992, 'mean': 39.49644639756944, 'count': 36, 'sum': 1421.8720703125, 'median': 39.55000305175781}","(78.30425113600006, 18.0235726680001, 78.52133388100003, 18.202632038000047)",30-06-2023.geojson,Ramayampet,,,,,
Kumurambheem Asifabad,TSSD0446,259.91,"{'min': 37.79307556152344, 'max': 45.150001525878906, 'mean': 42.30296107700893, 'count': 70, 'sum': 2961.207275390625, 'median': 42.64964294433594}","(79.32166087900004, 19.178187793000063, 79.54911338400007, 19.34967844600004)",30-06-2023.geojson,Rebbena,,,,,
Medak,TSSD0447,80.04,"{'min': 36.94599914550781, 'max': 42.55799865722656, 'mean': 39.91716613769531, 'count': 20, 'sum': 798.3433227539062, 'median': 40.41533660888672}","(77.79480732300004, 17.899738504000027, 77.90762447000003, 18.02227582200004)",30-06-2023.geojson,Regode,,,,,
Jayashankar Bhupalpally,TSSD0448,230.7,"{'min': 38.95000076293945, 'max': 43.68166732788086, 'mean': 41.18641585010593, 'count': 59, 'sum': 2429.99853515625, 'median': 41.35333251953125}","(79.69264018100006, 18.156703452000045, 79.86309632500007, 18.338586973000076)",30-06-2023.geojson,Regonda,,,,,
Nizamabad,TSSD0449,113.22,"{'min': 37.422000885009766, 'max': 42.50444412231445, 'mean': 39.812398274739586, 'count': 30, 'sum': 1194.3719482421875, 'median': 39.51008224487305}","(77.86138268200006, 18.703789855000025, 78.00478559000004, 18.827805693000073)",30-06-2023.geojson,Renjal,,,,,
Wanaparthy,TSSD0450,123.03,"{'min': 36.75, 'max': 40.63666534423828, 'mean': 38.56073357077206, 'count': 34, 'sum': 1311.06494140625, 'median': 38.44000244140625}","(78.18099529600005, 16.28925188900007, 78.31347526600007, 16.41654954300003)",30-06-2023.geojson,Revally,,,,,
Rajanna Sircilla,TSSD0451,102.53,"{'min': 33.084285736083984, 'max': 39.922000885009766, 'mean': 37.424389178936295, 'count': 26, 'sum': 973.0341186523438, 'median': 37.816001892089844}","(78.58056651000004, 18.58307069400007, 78.73259018200008, 18.69041016700004)",30-06-2023.geojson,Rudrangi,,,,,
Nizamabad,TSSD0452,49.47,"{'min': 35.178749084472656, 'max': 37.87714385986328, 'mean': 36.811014811197914, 'count': 15, 'sum': 552.1652221679688, 'median': 36.807334899902344}","(77.83311309200008, 18.52944754200007, 77.90865557200004, 18.627816633000066)",30-06-2023.geojson,Rudrur,,,,,
Kamareddy,TSSD0453,196.13,"{'min': 36.001251220703125, 'max': 42.782501220703125, 'mean': 40.121195091391506, 'count': 53, 'sum': 2126.42333984375, 'median': 40.508750915527344}","(78.13861896100008, 18.353770851000036, 78.32975145300009, 18.507260761000055)",30-06-2023.geojson,Sadashivnagar,,,,,
Sangareddy,TSSD0454,248.56,"{'min': 35.339332580566406, 'max': 42.5484619140625, 'mean': 40.13494514016544, 'count': 68, 'sum': 2729.17626953125, 'median': 40.52076721191406}","(77.85634040500008, 17.56144371700003, 78.05470115400004, 17.744826153000076)",30-06-2023.geojson,Sadasivpet,,,,,
Hyderabad,TSSD0455,4.44,"{'min': 37.727333068847656, 'max': 37.727333068847656, 'mean': 37.727333068847656, 'count': 1, 'sum': 37.727333068847656, 'median': 37.727333068847656}","(78.49666183500005, 17.34852849400005, 78.52105110000008, 17.37992626500005)",30-06-2023.geojson,Saidabad,,,,,
Sangareddy,TSSD0456,85.0,"{'min': 33.16999816894531, 'max': 38.924285888671875, 'mean': 36.64643787202381, 'count': 21, 'sum': 769.5751953125, 'median': 36.720001220703125}","(78.04085741600005, 17.553553519000047, 78.16506055600007, 17.67324188400005)",30-06-2023.geojson,Sangareddy,,,,,
Warangal_Rural,TSSD0457,147.68,"{'min': 35.63833236694336, 'max': 41.49615478515625, 'mean': 39.83227217824835, 'count': 38, 'sum': 1513.6263427734375, 'median': 39.981536865234375}","(79.62671724200004, 17.820931420000022, 79.79112790100004, 17.944659224000077)",30-06-2023.geojson,Sangem,,,,,
Jagtial,TSSD0458,143.97,"{'min': 37.04428482055664, 'max': 41.41857147216797, 'mean': 39.11473418445122, 'count': 41, 'sum': 1603.7041015625, 'median': 38.9739990234375}","(78.88862723900007, 18.84957074600004, 79.01218592200007, 19.00894877500002)",30-06-2023.geojson,Sarangapur,,,,,
Nirmal,TSSD0459,255.36,"{'min': 37.9900016784668, 'max': 43.366249084472656, 'mean': 40.44737659801137, 'count': 66, 'sum': 2669.52685546875, 'median': 40.29161834716797}","(78.17542674100008, 19.119711206000034, 78.37414495300004, 19.317393956000046)",30-06-2023.geojson,Sarangapur,,,,,
Khammam,TSSD0460,285.22,"{'min': 34.91285705566406, 'max': 40.5528564453125, 'mean': 38.16418958690068, 'count': 73, 'sum': 2785.98583984375, 'median': 38.45333480834961}","(80.75683769000005, 17.117241266000065, 80.92560532200008, 17.37735310100004)",30-06-2023.geojson,Sathupally,,,,,
Hyderabad,TSSD0461,3.33,"{'min': 35.566001892089844, 'max': 35.566001892089844, 'mean': 35.566001892089844, 'count': 1, 'sum': 35.566001892089844, 'median': 35.566001892089844}","(78.46963204300005, 17.426530425000067, 78.49977880800003, 17.44386382500005)",30-06-2023.geojson,Secunderabad,,,,,
Rangareddy,TSSD0462,96.56,"{'min': 34.43000030517578, 'max': 36.9379997253418, 'mean': 35.580923897879465, 'count': 28, 'sum': 996.265869140625, 'median': 35.55542755126953}","(78.27172464700004, 17.409225719000062, 78.40724610200004, 17.522654105000072)",30-06-2023.geojson,Serilingampalle,,,,,
Rangareddy,TSSD0463,232.51,"{'min': 35.83363723754883, 'max': 41.262306213378906, 'mean': 38.9010220231681, 'count': 58, 'sum': 2256.25927734375, 'median': 38.82484817504883}","(78.04592706400007, 17.084200252000073, 78.25929582200007, 17.259301650000054)",30-06-2023.geojson,Shabad,,,,,
Hyderabad,TSSD0464,23.35,"{'min': 35.64066696166992, 'max': 36.068668365478516, 'mean': 35.95333353678385, 'count': 6, 'sum': 215.72000122070312, 'median': 36.01133346557617}","(78.38838433400008, 17.386491415000023, 78.45185860300006, 17.441244402000052)",30-06-2023.geojson,Shaikpet,,,,,
Nalgonda,TSSD0465,228.95,"{'min': 33.29666519165039, 'max': 42.538333892822266, 'mean': 39.7932861328125, 'count': 60, 'sum': 2387.59716796875, 'median': 39.668785095214844}","(79.28719940500008, 17.21166416600005, 79.50079969900008, 17.35925323300006)",30-06-2023.geojson,Shaligouraram,,,,,
Medchal_Malkajgiri,TSSD0466,150.73,"{'min': 34.772499084472656, 'max': 39.571250915527344, 'mean': 37.548126220703125, 'count': 40, 'sum': 1501.925048828125, 'median': 37.53533172607422}","(78.49393641100005, 17.536372458000073, 78.65615437000014, 17.695841263000034)",30-06-2023.geojson,Shamirpet,,,,,
Rangareddy,TSSD0467,199.4,"{'min': 35.171539306640625, 'max': 39.10333251953125, 'mean': 37.71561842698317, 'count': 52, 'sum': 1961.212158203125, 'median': 37.78692626953125}","(78.23263628200004, 17.145048406000058, 78.43688465000008, 17.322722112000065)",30-06-2023.geojson,Shamshabad,,,,,
Medak,TSSD0468,142.04,"{'min': 31.999332427978516, 'max': 40.336666107177734, 'mean': 38.18180766858553, 'count': 38, 'sum': 1450.90869140625, 'median': 38.891876220703125}","(77.85211008600004, 17.994571649000022, 78.00442992900008, 18.123550200000068)",30-06-2023.geojson,Shankarampet_A,,,,,
Karimnagar,TSSD0469,144.28,"{'min': 39.18818283081055, 'max': 42.65800094604492, 'mean': 41.40548400878906, 'count': 40, 'sum': 1656.2193603515625, 'median': 41.477272033691406}","(79.25766646100004, 18.226704529000074, 79.40468523700008, 18.368117502000075)",30-06-2023.geojson,Shankarapatnam,,,,,
Rangareddy,TSSD0470,210.66,"{'min': 36.84428405761719, 'max': 42.9566650390625, 'mean': 40.17529296875, 'count': 59, 'sum': 2370.34228515625, 'median': 40.56999969482422}","(78.03518070400008, 17.36271017200005, 78.28884776000007, 17.519074225000054)",30-06-2023.geojson,Shankarpalle,,,,,
Warangal_Rural,TSSD0471,116.47,"{'min': 36.588462829589844, 'max': 41.8380012512207, 'mean': 40.00975036621094, 'count': 32, 'sum': 1280.31201171875, 'median': 40.15765380859375}","(79.65749409800003, 18.09115618000004, 79.85468848500005, 18.192367870000055)",30-06-2023.geojson,Shayampet,,,,,
Medak,TSSD0472,193.23,"{'min': 37.4471435546875, 'max': 41.24714279174805, 'mean': 39.36797722018495, 'count': 49, 'sum': 1929.0308837890625, 'median': 39.439998626708984}","(78.29506747900007, 17.69907432800005, 78.44788785400004, 17.878551977000086)",30-06-2023.geojson,Shivampet,,,,,
Siddipet,TSSD0473,112.6,"{'min': 39.39666748046875, 'max': 41.799232482910156, 'mean': 40.19657679966518, 'count': 28, 'sum': 1125.504150390625, 'median': 40.1260986328125}","(78.71740480300008, 18.05814766800006, 78.82931055600005, 18.221303904000138)",30-06-2023.geojson,Siddipet_Rural,,,,,
Siddipet,TSSD0474,140.55,"{'min': 37.08124923706055, 'max': 41.31999969482422, 'mean': 39.59319051106771, 'count': 36, 'sum': 1425.3548583984375, 'median': 39.524375915527344}","(78.77407040900005, 18.036517040000035, 78.93338480300008, 18.152979642000048)",30-06-2023.geojson,Siddipet_Urban,,,,,
Khammam,TSSD0475,248.58,"{'min': 37.73444366455078, 'max': 44.98555374145508, 'mean': 42.272674560546875, 'count': 64, 'sum': 2705.451171875, 'median': 42.599998474121094}","(80.19501777600004, 17.426341041000057, 80.47158959500007, 17.577896090000024)",30-06-2023.geojson,Singareni,,,,,
Rajanna Sircilla,TSSD0476,53.12,"{'min': 36.567142486572266, 'max': 41.0957145690918, 'mean': 39.46828351702009, 'count': 14, 'sum': 552.5559692382812, 'median': 39.92466735839844}","(78.74143609700008, 18.35280534900005, 78.85232997100007, 18.43330245100003)",30-06-2023.geojson,Sircilla,,,,,
Sangareddy,TSSD0477,119.81,"{'min': 37.60749816894531, 'max': 43.532222747802734, 'mean': 40.90404052734375, 'count': 30, 'sum': 1227.1212158203125, 'median': 41.19940948486328}","(77.63761782900008, 18.101238527000078, 77.80019010900008, 18.20600259400004)",30-06-2023.geojson,Sirgapoor,,,,,
Adilabad,TSSD0478,202.11,"{'min': 36.46733474731445, 'max': 44.11800003051758, 'mean': 39.82135687934028, 'count': 54, 'sum': 2150.353271484375, 'median': 39.779998779296875}","(78.50741267300003, 19.29955482500003, 78.69361824700007, 19.472598296000115)",30-06-2023.geojson,Sirikonda,,,,,
Nizamabad,TSSD0479,334.45,"{'min': 34.32143020629883, 'max': 41.75, 'mean': 38.21288230202415, 'count': 88, 'sum': 3362.733642578125, 'median': 38.49571228027344}","(78.38760279100006, 18.43949633400007, 78.61969949700006, 18.654543137000076)",30-06-2023.geojson,Sirikonda,,,,,
Kumurambheem Asifabad,TSSD0480,336.55,"{'min': 37.432857513427734, 'max': 43.619232177734375, 'mean': 40.70058707303779, 'count': 86, 'sum': 3500.25048828125, 'median': 40.63642883300781}","(79.45414155100008, 19.378014544000052, 79.70518129200008, 19.576127453000026)",30-06-2023.geojson,Sirpur_T,,,,,
Kumurambheem Asifabad,TSSD0481,188.92,"{'min': 37.556251525878906, 'max': 42.84733200073242, 'mean': 41.0846728515625, 'count': 50, 'sum': 2054.233642578125, 'median': 41.44770812988281}","(78.86004844600006, 19.270764704000044, 79.06911914200003, 19.420337200000063)",30-06-2023.geojson,Sirpur_U,,,,,
Nirmal,TSSD0482,83.77,"{'min': 28.761428833007812, 'max': 41.64500045776367, 'mean': 36.96657017299107, 'count': 21, 'sum': 776.2979736328125, 'median': 38.7423095703125}","(78.27684201200003, 18.95122860600003, 78.41145082100007, 19.069772912000076)",30-06-2023.geojson,Soan,,,,,
Peddapalli,TSSD0483,188.77,"{'min': 40.40666580200195, 'max': 44.07444381713867, 'mean': 42.258889590992645, 'count': 51, 'sum': 2155.203369140625, 'median': 42.21908950805664}","(79.43915173000005, 18.412581072000023, 79.59585151700009, 18.604812498000058)",30-06-2023.geojson,Srirampur,,,,,
Wanaparthy,TSSD0484,78.54,"{'min': 34.69333267211914, 'max': 38.69571304321289, 'mean': 37.003604125976565, 'count': 20, 'sum': 740.0720825195312, 'median': 37.01000213623047}","(77.99102928900004, 16.130406421000032, 78.08846242100003, 16.26036345500006)",30-06-2023.geojson,Srirangapur,,,,,
Bhadradri Kothagudem,TSSD0485,105.54,"{'min': 39.14777755737305, 'max': 44.75444412231445, 'mean': 42.90417916434152, 'count': 28, 'sum': 1201.3170166015625, 'median': 43.11333465576172}","(80.48722315900005, 17.43343624000005, 80.65641156200007, 17.547570692000022)",30-06-2023.geojson,Sujathanagar,,,,,
Peddapalli,TSSD0486,165.88,"{'min': 37.00666809082031, 'max': 41.41666793823242, 'mean': 39.78539484197443, 'count': 44, 'sum': 1750.557373046875, 'median': 40.01799774169922}","(79.21551160500007, 18.440055271000062, 79.39913112200009, 18.60634948300003)",30-06-2023.geojson,Sultanabad,,,,,
Suryapet,TSSD0487,218.55,"{'min': 30.413333892822266, 'max': 42.83000183105469, 'mean': 39.46389716968202, 'count': 57, 'sum': 2249.442138671875, 'median': 39.87666702270508}","(79.49048435600008, 17.06180805200006, 79.66976062200007, 17.28486849600006)",30-06-2023.geojson,Suryapet,,,,,
Nagarkurnool,TSSD0488,226.32,"{'min': 37.935001373291016, 'max': 42.395713806152344, 'mean': 40.03421906502016, 'count': 62, 'sum': 2482.12158203125, 'median': 40.173213958740234}","(78.26727079000005, 16.49459693400007, 78.45711110600007, 16.688643456000023)",30-06-2023.geojson,Tadoor,,,,,
Mulugu,TSSD0489,839.17,"{'min': 36.04800033569336, 'max': 42.715999603271484, 'mean': 38.87717710722477, 'count': 218, 'sum': 8475.224609375, 'median': 38.81781768798828}","(80.10419615200004, 17.996319820000053, 80.48000297700008, 18.393553888000042)",30-06-2023.geojson,Tadvai (Sammakka Sarakka),,,,,
Kamareddy,TSSD0490,177.12,"{'min': 37.500667572021484, 'max': 42.31399917602539, 'mean': 40.610452854886965, 'count': 47, 'sum': 1908.6912841796875, 'median': 40.90625}","(78.15208823200004, 18.213409773000024, 78.30662145900004, 18.383527335000053)",30-06-2023.geojson,Tadwai,,,,,
Rangareddy,TSSD0491,245.69,"{'min': 37.14272689819336, 'max': 42.08000183105469, 'mean': 39.356460108901516, 'count': 66, 'sum': 2597.5263671875, 'median': 39.49300003051758}","(78.32295389600006, 16.777295856000023, 78.50523085400005, 16.961749273000066)",30-06-2023.geojson,Talakondapally,,,,,
Adilabad,TSSD0492,285.66,"{'min': 35.839332580566406, 'max': 44.44874954223633, 'mean': 41.36081153759058, 'count': 69, 'sum': 2853.89599609375, 'median': 41.85353088378906}","(78.26295216300008, 19.53761522600007, 78.49682900700003, 19.716183126000033)",30-06-2023.geojson,Talamadugu,,,,,
Adilabad,TSSD0493,97.7,"{'min': 40.54375076293945, 'max': 45.63117599487305, 'mean': 43.88978407118056, 'count': 27, 'sum': 1185.024169921875, 'median': 44.060001373291016}","(78.33972411600007, 19.63174893000007, 78.51576933100006, 19.752904132000026)",30-06-2023.geojson,Tamsi,,,,,
Mancherial,TSSD0494,177.0,"{'min': 36.5484619140625, 'max': 43.128334045410156, 'mean': 39.6216162109375, 'count': 50, 'sum': 1981.080810546875, 'median': 39.334999084472656}","(79.32361030500005, 19.082851204000065, 79.57052485400004, 19.226889392000032)",30-06-2023.geojson,Tandur,,,,,
Vikarabad,TSSD0495,240.33,"{'min': 35.78714370727539, 'max': 41.87461471557617, 'mean': 39.272186279296875, 'count': 64, 'sum': 2513.419921875, 'median': 39.41374969482422}","(77.43695612500005, 17.209464535000052, 77.67739970400004, 17.402500187000044)",30-06-2023.geojson,Tandur,,,,,
Nirmal,TSSD0496,217.5,"{'min': 41.36176300048828, 'max': 45.051536560058594, 'mean': 43.46239406779661, 'count': 59, 'sum': 2564.28125, 'median': 43.6966667175293}","(77.76173454100007, 18.90445741800005, 77.90387245800008, 19.155003113000078)",30-06-2023.geojson,Tanoor,,,,,
Medak,TSSD0497,138.61,"{'min': 38.27750015258789, 'max': 42.04875183105469, 'mean': 40.82264789782072, 'count': 38, 'sum': 1551.2606201171875, 'median': 40.993125915527344}","(77.96914892900008, 17.877695860000074, 78.09576951400004, 18.071839029000046)",30-06-2023.geojson,Tekmal,,,,,
Bhadradri Kothagudem,TSSD0498,467.77,"{'min': 38.738887786865234, 'max': 44.856666564941406, 'mean': 41.99151111039959, 'count': 122, 'sum': 5122.96435546875, 'median': 42.27336120605469}","(80.37730808200007, 17.508099650000077, 80.62125353800008, 17.765024521000043)",30-06-2023.geojson,Tekulapalle,,,,,
Jayashankar Bhupalpally,TSSD0499,105.62,"{'min': 41.709999084472656, 'max': 44.11909103393555, 'mean': 42.996067592075896, 'count': 28, 'sum': 1203.889892578125, 'median': 43.038787841796875}","(79.56830471500007, 18.351151408000078, 79.68021060700005, 18.481462286000067)",30-06-2023.geojson,Tekumatla,,,,,
Nagarkurnool,TSSD0500,246.35,"{'min': 37.967498779296875, 'max': 41.4957160949707, 'mean': 39.69155502319336, 'count': 64, 'sum': 2540.259521484375, 'median': 39.75}","(78.34696131600003, 16.292821352000033, 78.51629761100008, 16.523862474000055)",30-06-2023.geojson,Telkapalle,,,,,
Khammam,TSSD0501,201.36,"{'min': 35.66428756713867, 'max': 45.45000076293945, 'mean': 42.02425283755896, 'count': 53, 'sum': 2227.285400390625, 'median': 42.341426849365234}","(80.37659267100008, 17.090031495000062, 80.51879083800003, 17.305187707000073)",30-06-2023.geojson,Thallada,,,,,
Rajanna Sircilla,TSSD0502,188.9,"{'min': 29.492666244506836, 'max': 41.02428436279297, 'mean': 39.00269493689904, 'count': 52, 'sum': 2028.14013671875, 'median': 40.133331298828125}","(78.72705830300004, 18.25399247500019, 78.94322523800008, 18.414849795000066)",30-06-2023.geojson,Thangallapalli,,,,,
Jangoan,TSSD0503,85.48,"{'min': 40.762306213378906, 'max': 42.31461715698242, 'mean': 41.49351283482143, 'count': 21, 'sum': 871.36376953125, 'median': 41.47833251953125}","(79.11661335800005, 17.901698373000045, 79.23410722300008, 17.998869741000078)",30-06-2023.geojson,Tharigoppula,,,,,
Nagarkurnool,TSSD0504,211.8,"{'min': 36.738887786865234, 'max': 41.885555267333984, 'mean': 39.487450315241226, 'count': 57, 'sum': 2250.78466796875, 'median': 39.42333221435547}","(78.12774301200005, 16.58719177000006, 78.30066679700008, 16.739122914000063)",30-06-2023.geojson,Thimmajipeta,,,,,
Karimnagar,TSSD0505,159.28,"{'min': 31.681249618530273, 'max': 43.18111038208008, 'mean': 40.74554301417151, 'count': 43, 'sum': 1752.058349609375, 'median': 41.400909423828125}","(79.10148313700006, 18.256739006000032, 79.27138762700008, 18.42426985000003)",30-06-2023.geojson,Thimmapur,,,,,
Siddipet,TSSD0506,163.65,"{'min': 30.65250015258789, 'max': 41.935455322265625, 'mean': 37.30909795346467, 'count': 46, 'sum': 1716.218505859375, 'median': 38.38800048828125}","(78.64082299900008, 17.935194339000077, 78.80609777400008, 18.103813367000043)",30-06-2023.geojson,Thoguta,,,,,
Mahabubabad,TSSD0507,190.94,"{'min': 37.551429748535156, 'max': 41.961666107177734, 'mean': 39.09855651855469, 'count': 48, 'sum': 1876.730712890625, 'median': 38.732791900634766}","(79.57724589900005, 17.48583601000007, 79.73451208900008, 17.685591776000024)",30-06-2023.geojson,Thorrur,,,,,
Suryapet,TSSD0508,155.64,"{'min': 37.45833206176758, 'max': 42.39545440673828, 'mean': 39.86527695766715, 'count': 43, 'sum': 1714.2069091796875, 'median': 39.79166793823242}","(79.53306376300003, 17.336875194000072, 79.65698014400004, 17.505487876000075)",30-06-2023.geojson,Thungathurthy,,,,,
Nalgonda,TSSD0509,191.03,"{'min': 35.92166519165039, 'max': 40.91363525390625, 'mean': 38.80765069699755, 'count': 51, 'sum': 1979.190185546875, 'median': 38.68077087402344}","(79.30130099300004, 16.962640196000052, 79.50775880800006, 17.107243536000055)",30-06-2023.geojson,Tipparthy,,,,,
Suryapet,TSSD0510,133.14,"{'min': 39.36333465576172, 'max': 41.9283332824707, 'mean': 40.74735979352678, 'count': 35, 'sum': 1426.1575927734375, 'median': 40.82090759277344}","(79.36516547400004, 17.434097946000065, 79.57840336100008, 17.524158415000045)",30-06-2023.geojson,Tirumalagiri,,,,,
Nalgonda,TSSD0511,252.04,"{'min': 36.44454574584961, 'max': 41.667999267578125, 'mean': 39.70577674278846, 'count': 65, 'sum': 2580.87548828125, 'median': 40.09400177001953}","(79.26163271700005, 16.580070085000045, 79.46872681600007, 16.764696361000063)",30-06-2023.geojson,Tirumalagiri_Sagar,,,,,
Khammam,TSSD0512,235.92,"{'min': 40.887779235839844, 'max': 43.766666412353516, 'mean': 42.41590711805556, 'count': 63, 'sum': 2672.2021484375, 'median': 42.512855529785156}","(79.80212475200005, 17.26260219900007, 80.05769935000006, 17.405974666000077)",30-06-2023.geojson,Tirumalayapalem,,,,,
Hyderabad,TSSD0513,13.97,"{'min': 36.43266677856445, 'max': 37.58333206176758, 'mean': 36.953880310058594, 'count': 4, 'sum': 147.81552124023438, 'median': 36.89976119995117}","(78.46457994100007, 17.44383310300003, 78.51669244400006, 17.484285331000024)",30-06-2023.geojson,Tirumalgiri,,,,,
Kumurambheem Asifabad,TSSD0514,581.75,"{'min': 35.068572998046875, 'max': 43.483333587646484, 'mean': 38.65531198601974, 'count': 152, 'sum': 5875.607421875, 'median': 38.69066619873047}","(79.03492001100005, 19.050559607000025, 79.39561347700004, 19.31944793300005)",30-06-2023.geojson,Tiryani,,,,,
Nalgonda,TSSD0515,161.12,"{'min': 36.16714096069336, 'max': 41.56999969482422, 'mean': 39.24793732471955, 'count': 39, 'sum': 1530.6695556640625, 'median': 39.42599868774414}","(79.38610741200006, 16.71370968100007, 79.55776053800008, 16.93653709800003)",30-06-2023.geojson,Tripuraram,,,,,
Yadadri Bhuvanagiri,TSSD0516,188.2,"{'min': 36.401248931884766, 'max': 40.24250030517578, 'mean': 38.15611853966346, 'count': 52, 'sum': 1984.1181640625, 'median': 38.227500915527344}","(78.73050890600007, 17.570452835000026, 78.89834246500004, 17.752589976000024)",30-06-2023.geojson,Turkapalle_M,,,,,
Jogulamba Gadwal,TSSD0517,170.36,"{'min': 36.487998962402344, 'max': 40.97200012207031, 'mean': 39.33587504542151, 'count': 43, 'sum': 1691.442626953125, 'median': 39.4900016784668}","(77.88159823500007, 15.863581044000057, 78.08622663000006, 16.053428277000023)",30-06-2023.geojson,Undavelly,,,,,
Medchal_Malkajgiri,TSSD0518,52.14,"{'min': 36.10200119018555, 'max': 37.39266586303711, 'mean': 36.81772320087139, 'count': 13, 'sum': 478.6304016113281, 'median': 36.732666015625}","(78.51557767600008, 17.36244841100006, 78.59239104200003, 17.472398036000072)",30-06-2023.geojson,Uppal,,,,,
Nagarkurnool,TSSD0519,220.67,"{'min': 34.182498931884766, 'max': 39.62333297729492, 'mean': 37.6704887778072, 'count': 59, 'sum': 2222.558837890625, 'median': 37.76750183105469}","(78.49480188900003, 16.427307790000043, 78.78066858400007, 16.540239662000033)",30-06-2023.geojson,Uppunuthala,,,,,
Nagarkurnool,TSSD0520,151.12,"{'min': 37.86555480957031, 'max': 42.104286193847656, 'mean': 39.92864699590774, 'count': 42, 'sum': 1677.003173828125, 'median': 39.917335510253906}","(78.32047445900008, 16.645373909000057, 78.49203880200008, 16.79728595000006)",30-06-2023.geojson,Urkonda,,,,,
Adilabad,TSSD0521,387.91,"{'min': 35.063331604003906, 'max': 44.46066665649414, 'mean': 40.254615639740564, 'count': 106, 'sum': 4266.9892578125, 'median': 40.42058563232422}","(78.67318644400007, 19.21647222100006, 78.88463769300006, 19.513128066000036)",30-06-2023.geojson,Utnur,,,,,
Karimnagar,TSSD0522,142.44,"{'min': 38.938331604003906, 'max': 42.75400161743164, 'mean': 41.33642578125, 'count': 38, 'sum': 1570.7841796875, 'median': 41.26166534423828}","(79.24194008100005, 18.132462591000035, 79.37717220500008, 18.263355341000022)",30-06-2023.geojson,V_Saidapur,,,,,
Nizamabad,TSSD0523,135.3,"{'min': 37.99250030517578, 'max': 39.637142181396484, 'mean': 38.755103217230904, 'count': 36, 'sum': 1395.1837158203125, 'median': 38.665000915527344}","(78.33304706400008, 18.693780867000044, 78.47512705800006, 18.85105660800002)",30-06-2023.geojson,Vailpur,,,,,
Yadadri Bhuvanagiri,TSSD0524,316.13,"{'min': 36.32466506958008, 'max': 40.25, 'mean': 38.14200052400915, 'count': 82, 'sum': 3127.64404296875, 'median': 38.002288818359375}","(78.90535444600005, 17.313647203000073, 79.22099072200007, 17.479032318000066)",30-06-2023.geojson,Valigonda,,,,,
Nagarkurnool,TSSD0525,244.56,"{'min': 35.755001068115234, 'max': 40.336666107177734, 'mean': 38.64592950994318, 'count': 66, 'sum': 2550.63134765625, 'median': 38.72541809082031}","(78.48140456800007, 16.498402209000062, 78.71532448400006, 16.664788172000044)",30-06-2023.geojson,Vangoor,,,,,
Nizamabad,TSSD0526,134.67,"{'min': 34.27799987792969, 'max': 42.16733169555664, 'mean': 36.91735142299107, 'count': 35, 'sum': 1292.1072998046875, 'median': 36.068572998046875}","(77.84552225000004, 18.434438427000032, 78.04087699300004, 18.57495128000005)",30-06-2023.geojson,Varni,,,,,
Sangareddy,TSSD0527,138.9,"{'min': 29.321428298950195, 'max': 43.61750030517578, 'mean': 39.51171232524671, 'count': 38, 'sum': 1501.445068359375, 'median': 41.49266815185547}","(77.82626219800005, 17.806470842000067, 77.97597402000008, 17.94784828400003)",30-06-2023.geojson,Vatpally,,,,,
Karimnagar,TSSD0528,149.05,"{'min': 39.331817626953125, 'max': 43.93000030517578, 'mean': 40.84300231933594, 'count': 40, 'sum': 1633.7200927734375, 'median': 40.779090881347656}","(79.32153135600004, 18.284775453000066, 79.47308686900004, 18.451735262000057)",30-06-2023.geojson,Veenavanka,,,,,
Rajanna Sircilla,TSSD0529,108.34,"{'min': 36.494285583496094, 'max': 41.605712890625, 'mean': 38.850960867745535, 'count': 28, 'sum': 1087.826904296875, 'median': 39.23857116699219}","(78.52432514700007, 18.43250137900003, 78.66155136400005, 18.551319524000064)",30-06-2023.geojson,Veernapalli,,,,,
Warangal_Urban,TSSD0530,99.79,"{'min': 39.8976936340332, 'max': 42.60200119018555, 'mean': 41.37771484375, 'count': 25, 'sum': 1034.44287109375, 'median': 41.375}","(79.22835213700006, 17.93079546100006, 79.37723082100007, 18.05131547900004)",30-06-2023.geojson,Velair,,,,,
Nagarkurnool,TSSD0531,241.3,"{'min': 36.779998779296875, 'max': 40.34555435180664, 'mean': 38.11441390240779, 'count': 61, 'sum': 2324.979248046875, 'median': 37.92142868041992}","(78.46270790300008, 16.666440694000073, 78.68353178700005, 16.830959432000043)",30-06-2023.geojson,Veldanda,,,,,
Jagtial,TSSD0532,186.9,"{'min': 32.61000061035156, 'max': 41.25363540649414, 'mean': 38.61243174027423, 'count': 49, 'sum': 1892.0091552734375, 'median': 38.96333312988281}","(79.12494408400005, 18.722845411000037, 79.29767471800005, 18.894953697000062)",30-06-2023.geojson,Velgatur,,,,,
Mancherial,TSSD0533,250.71,"{'min': 34.48090744018555, 'max': 42.846923828125, 'mean': 39.147566610307834, 'count': 67, 'sum': 2622.886962890625, 'median': 39.15666580200195}","(79.69774836700003, 18.995230109000033, 79.93090835500004, 19.173999767000055)",30-06-2023.geojson,Vemanpalle,,,,,
Khammam,TSSD0534,212.09,"{'min': 37.91857147216797, 'max': 43.223331451416016, 'mean': 40.062748579545456, 'count': 55, 'sum': 2203.451171875, 'median': 39.84749984741211}","(80.65028236900008, 17.04501079700003, 80.87710057800007, 17.186178728000073)",30-06-2023.geojson,Vemsoor,,,,,
Nalgonda,TSSD0535,112.25,"{'min': 38.7055549621582, 'max': 43.75, 'mean': 40.847216796875, 'count': 30, 'sum': 1225.41650390625, 'median': 40.69999694824219}","(79.49070453100006, 16.89060024500003, 79.61612180500003, 17.07767939000007)",30-06-2023.geojson,Vemulapally,,,,,
Rajanna Sircilla,TSSD0536,84.86,"{'min': 38.40999984741211, 'max': 43.352664947509766, 'mean': 41.299563598632815, 'count': 20, 'sum': 825.9912719726562, 'median': 41.439334869384766}","(78.80779904800005, 18.41516011400006, 78.91545277600005, 18.54459724000003)",30-06-2023.geojson,Vemulawada,,,,,
Rajanna Sircilla,TSSD0537,107.21,"{'min': 28.788461685180664, 'max': 42.961429595947266, 'mean': 39.320068359375, 'count': 28, 'sum': 1100.9619140625, 'median': 40.82714080810547}","(78.77384337400008, 18.403529220000053, 78.91728096300005, 18.597872276000032)",30-06-2023.geojson,Vemulawada Rural,,,,,
Mulugu,TSSD0538,370.83,"{'min': 31.808181762695312, 'max': 43.07363510131836, 'mean': 39.03230633121906, 'count': 101, 'sum': 3942.262939453125, 'median': 39.01333236694336}","(79.85087728600007, 18.200829315000078, 80.17916133800009, 18.400974098000063)",30-06-2023.geojson,Venkatapur,,,,,
Mulugu,TSSD0539,588.35,"{'min': 35.483333587646484, 'max': 45.76636505126953, 'mean': 40.1670172275641, 'count': 156, 'sum': 6266.0546875, 'median': 39.615089416503906}","(80.46538317500006, 18.105970334000062, 80.79370483500009, 18.449384397000074)",30-06-2023.geojson,Venkatapuram,,,,,
Vikarabad,TSSD0540,270.72,"{'min': 35.773529052734375, 'max': 41.93461608886719, 'mean': 39.30231967037671, 'count': 73, 'sum': 2869.0693359375, 'median': 39.348331451416016}","(77.79093909400007, 17.228214577000074, 78.02432692200006, 17.44577402500005)",30-06-2023.geojson,Vikarabad,,,,,
Jogulamba Gadwal,TSSD0541,129.2,"{'min': 37.61800003051758, 'max': 41.2481803894043, 'mean': 39.42726828835227, 'count': 33, 'sum': 1301.099853515625, 'median': 39.45833206176758}","(77.71231111200007, 15.89601525300003, 77.89649991000005, 16.018746091000025)",30-06-2023.geojson,Waddepally,,,,,
Wanaparthy,TSSD0542,201.88,"{'min': 34.977500915527344, 'max': 39.75857162475586, 'mean': 37.6601131663603, 'count': 51, 'sum': 1920.665771484375, 'median': 37.86777877807617}","(77.95375639600007, 16.253768913000044, 78.13510940900005, 16.464866955000048)",30-06-2023.geojson,Wanaparthy,,,,,
Kumurambheem Asifabad,TSSD0543,335.2,"{'min': 36.91133499145508, 'max': 44.58866500854492, 'mean': 41.76274641170058, 'count': 86, 'sum': 3591.59619140625, 'median': 42.031333923339844}","(79.20433473500003, 19.379408367000053, 79.42272052200008, 19.61653411900005)",30-06-2023.geojson,Wankidi,,,,,
Warangal_Urban,TSSD0544,39.54,"{'min': 37.8038444519043, 'max': 40.817142486572266, 'mean': 39.20479236949574, 'count': 11, 'sum': 431.2527160644531, 'median': 39.075714111328125}","(79.59074538600004, 17.974576416000048, 79.67092088100003, 18.04143189300015)",30-06-2023.geojson,Warangal,,,,,
Warangal_Rural,TSSD0545,158.41,"{'min': 38.06230926513672, 'max': 42.63833236694336, 'mean': 39.61923495205966, 'count': 44, 'sum': 1743.246337890625, 'median': 39.519287109375}","(79.47950597500005, 17.695552186000043, 79.66242391200007, 17.87391055100005)",30-06-2023.geojson,Wardhannapet,,,,,
Siddipet,TSSD0546,141.87,"{'min': 35.43307876586914, 'max': 38.5446662902832, 'mean': 36.965910259046055, 'count': 38, 'sum': 1404.70458984375, 'median': 37.03266906738281}","(78.510667, 17.737442558000055, 78.67005759100005, 17.837924042000054)",30-06-2023.geojson,Wargal,,,,,
Wanaparthy,TSSD0547,165.53,"{'min': 36.25400161743164, 'max': 39.32749938964844, 'mean': 38.07086607467296, 'count': 43, 'sum': 1637.0472412109375, 'median': 38.21500015258789}","(78.03872356400007, 16.081036264000033, 78.22753261000008, 16.189588461000028)",30-06-2023.geojson,Weepangandla,,,,,
Khammam,TSSD0548,135.48,"{'min': 39.40999984741211, 'max': 43.62428665161133, 'mean': 41.96403214738176, 'count': 37, 'sum': 1552.669189453125, 'median': 42.075714111328125}","(80.29245451900005, 17.052642821000063, 80.43887726800006, 17.202658917000065)",30-06-2023.geojson,Wyra,,,,,
Rangareddy,TSSD0549,316.92,"{'min': 34.88090896606445, 'max': 40.025001525878906, 'mean': 38.873972822980186, 'count': 82, 'sum': 3187.665771484375, 'median': 39.09416580200195}","(78.54568468000008, 16.934093064000024, 78.80793281600006, 17.12867297300005)",30-06-2023.geojson,Yacharam,,,,,
Yadadri Bhuvanagiri,TSSD0550,186.21,"{'min': 36.2859992980957, 'max': 39.45750045776367, 'mean': 38.03852634803921, 'count': 51, 'sum': 1939.96484375, 'median': 38.17615509033203}","(78.84835935400008, 17.534587685000076, 79.03828959100008, 17.686530936000054)",30-06-2023.geojson,Yadagirigutta,,,,,
Nizamabad,TSSD0551,94.89,"{'min': 34.262855529785156, 'max': 37.82600021362305, 'mean': 36.67713810847356, 'count': 26, 'sum': 953.6055908203125, 'median': 36.883331298828125}","(77.91550924600006, 18.623425712000028, 78.04225781600007, 18.729394451000076)",30-06-2023.geojson,Yedapally,,,,,
Vikarabad,TSSD0552,198.18,"{'min': 35.851539611816406, 'max': 41.191429138183594, 'mean': 37.97088503370098, 'count': 51, 'sum': 1936.51513671875, 'median': 38.06285858154297}","(77.52786449900003, 17.13053142700005, 77.75138027800006, 17.285580779000043)",30-06-2023.geojson,Yelal,,,,,
Medak,TSSD0553,163.31,"{'min': 37.62733459472656, 'max': 41.767333984375, 'mean': 39.98529583474864, 'count': 46, 'sum': 1839.3236083984375, 'median': 40.086666107177734}","(78.25020444800003, 17.845214376000058, 78.42507897600012, 17.987096653000037)",30-06-2023.geojson,Yeldurthy,,,,,
Bhadradri Kothagudem,TSSD0554,446.45,"{'min': 33.03799819946289, 'max': 43.91444396972656, 'mean': 41.025658392137096, 'count': 124, 'sum': 5087.181640625, 'median': 41.32499694824219}","(80.20203604400007, 17.495235336000064, 80.42881209300003, 17.784950355000035)",30-06-2023.geojson,Yellandu,,,,,
Kamareddy,TSSD0555,184.45,"{'min': 32.486000061035156, 'max': 39.81533432006836, 'mean': 37.402102100605866, 'count': 49, 'sum': 1832.7030029296875, 'median': 37.62733459472656}","(77.94077074800003, 18.10658015200005, 78.09588024100003, 18.321288552000055)",30-06-2023.geojson,Yellareddy,,,,,
Rajanna Sircilla,TSSD0556,186.82,"{'min': 35.8514289855957, 'max': 41.93461608886719, 'mean': 39.258415670955884, 'count': 51, 'sum': 2002.17919921875, 'median': 39.45933151245117}","(78.54791135700003, 18.319811327000025, 78.75757783600005, 18.46288011300004)",30-06-2023.geojson,Yellareddypet,,,,,
Nizamabad,TSSD0557,68.02,"{'min': 39.67615509033203, 'max': 41.28666687011719, 'mean': 40.52059397977941, 'count': 17, 'sum': 688.85009765625, 'median': 40.44166564941406}","(78.43614230700007, 18.871916310000074, 78.53864631300007, 18.97312927200005)",30-06-2023.geojson,Yergatla,,,,,
Khammam,TSSD0558,262.24,"{'min': 33.49250030517578, 'max': 44.33444595336914, 'mean': 39.98677884615385, 'count': 65, 'sum': 2599.140625, 'median': 39.88399887084961}","(80.42901058800004, 16.768789670000046, 80.60532488100006, 16.96155575100005)",30-06-2023.geojson,Yerrupalem,,,,,
Jangoan,TSSD0559,163.78,"{'min': 37.630001068115234, 'max': 42.25666809082031, 'mean': 40.28150227864583, 'count': 45, 'sum': 1812.6676025390625, 'median': 40.553077697753906}","(79.40432095600005, 17.69860641200006, 79.51467165900004, 17.89232289800003)",30-06-2023.geojson,Zaffergadh,,,,,
Sangareddy,TSSD0560,243.94,"{'min': 35.150001525878906, 'max': 41.33571243286133, 'mean': 38.36086943655303, 'count': 66, 'sum': 2531.8173828125, 'median': 38.27714538574219}","(77.47167387100006, 17.54590518200007, 77.71357368300005, 17.749326707000023)",30-06-2023.geojson,Zahirabad,,,,,
Nagarkurnool,TSSD0561,183.51,"{'min': 34.264286041259766, 'max': 41.76250076293945, 'mean': 38.63986418968023, 'count': 43, 'sum': 1661.51416015625, 'median': 38.63333511352539}","(78.43086370300006, 16.197314094000035, 78.59402431200004, 16.37663690200003)",30-06-2023.geojson,Lingal,,,,,
Nagarkurnool,TSSD0562,222.74,"{'min': 35.236000061035156, 'max': 41.68111038208008, 'mean': 38.404449462890625, 'count': 56, 'sum': 2150.649169921875, 'median': 38.31402587890625}","(78.20110216600006, 16.35091361800005, 78.42443343200006, 16.530833019000056)",30-06-2023.geojson,Nagar_Kurnool,,,,,
Mahabubnagar,TSSD0563,145.45,"{'min': 33.53714370727539, 'max': 38.4466667175293, 'mean': 36.33846524866616, 'count': 41, 'sum': 1489.8770751953125, 'median': 36.3546142578125}","(77.82864822500005, 16.643852022000033, 77.99254221500007, 16.772605979000048)",30-06-2023.geojson,Mahabubnagar_Rural,,,,,
Narayanpet,TSSD0564,256.63,"{'min': 38.005001068115234, 'max': 41.936668395996094, 'mean': 39.99696619370405, 'count': 68, 'sum': 2719.793701171875, 'median': 39.935001373291016}","(77.41869071500008, 16.543696836000038, 77.63466779000004, 16.729675432000022)",30-06-2023.geojson,Utkoor,,,,,
Rangareddy,TSSD0565,22.03,"{'min': 36.936668395996094, 'max': 37.11933517456055, 'mean': 37.04786987304688, 'count': 5, 'sum': 185.23934936523438, 'median': 37.077999114990234}","(78.50689165600005, 17.336093290000065, 78.58558260100006, 17.37992626500005)",30-06-2023.geojson,Saroornagar,,,,,
Sangareddy,TSSD0566,37.76,"{'min': 35.091426849365234, 'max': 37.880001068115234, 'mean': 36.803741455078125, 'count': 8, 'sum': 294.429931640625, 'median': 37.11857223510742}","(78.28021050800004, 17.505606920000048, 78.35002219800003, 17.57992215400003)",30-06-2023.geojson,Ameenpur,,,,,
Sangareddy,TSSD0567,111.94,"{'min': 34.28714370727539, 'max': 39.74599838256836, 'mean': 37.11917761600379, 'count': 33, 'sum': 1224.932861328125, 'median': 37.07857131958008}","(78.22737331300004, 17.528204591000076, 78.38745191600003, 17.67226987500004)",30-06-2023.geojson,Jinnaram,,,,,
Medak,TSSD0568,112.07,"{'min': 37.568572998046875, 'max': 40.72428512573242, 'mean': 38.69567435128348, 'count': 28, 'sum': 1083.4788818359375, 'median': 38.61366271972656}","(78.42603746200007, 17.77588639100003, 78.56138370400004, 17.89800592200004)",30-06-2023.geojson,Toopran,,,,,
Medak,TSSD0569,88.1,"{'min': 37.762306213378906, 'max': 39.792667388916016, 'mean': 38.83874003092448, 'count': 24, 'sum': 932.1297607421875, 'median': 38.78466796875}","(78.41929055500003, 17.692085064000025, 78.52257619700003, 17.817608290000067)",30-06-2023.geojson,Manoharabad,,,,,
Siddipet,TSSD0570,129.06,"{'min': 38.174285888671875, 'max': 41.0359992980957, 'mean': 39.904140896267364, 'count': 36, 'sum': 1436.549072265625, 'median': 40.1339111328125}","(78.52730335900003, 17.878079271000047, 78.64358807000008, 18.041003706000026)",30-06-2023.geojson,Doultabad,,,,,
Medak,TSSD0571,76.05,"{'min': 39.09857177734375, 'max': 41.371429443359375, 'mean': 40.3964599609375, 'count': 20, 'sum': 807.92919921875, 'median': 40.389286041259766}","(78.07364299200003, 17.796666895000044, 78.18678124500008, 17.905026876000022)",30-06-2023.geojson,Chilipched,,,,,
Medak,TSSD0572,136.79,"{'min': 37.66285705566406, 'max': 41.81800079345703, 'mean': 40.228344066722975, 'count': 37, 'sum': 1488.44873046875, 'median': 40.45399856567383}","(78.32685103200004, 17.904917194000063, 78.44243876400003, 18.081304571000032)",30-06-2023.geojson,Shankarampet_R,,,,,
Medak,TSSD0573,131.44,"{'min': 38.53714370727539, 'max': 41.67615509033203, 'mean': 39.52777862548828, 'count': 32, 'sum': 1264.888916015625, 'median': 39.329124450683594}","(78.43107409900006, 17.905682555000055, 78.58520918700003, 18.06554777300005)",30-06-2023.geojson,Chegunta,,,,,
Kamareddy,TSSD0574,74.34,"{'min': 39.04875183105469, 'max': 40.51625061035156, 'mean': 39.89100406044408, 'count': 19, 'sum': 757.9290771484375, 'median': 39.881248474121094}","(78.37757087100005, 18.21350254400005, 78.52579487700007, 18.30009331800005)",30-06-2023.geojson,Domakonda,,,,,
Kamareddy,TSSD0575,168.77,"{'min': 37.641998291015625, 'max': 40.98466491699219, 'mean': 39.3214736566311, 'count': 41, 'sum': 1612.180419921875, 'median': 39.33588409423828}","(77.72979911700008, 18.190311369000028, 77.89310396100007, 18.380507752000028)",30-06-2023.geojson,Pitlam,,,,,
Kamareddy,TSSD0576,191.8,"{'min': 37.839332580566406, 'max': 44.628570556640625, 'mean': 40.78891509433962, 'count': 53, 'sum': 2161.8125, 'median': 40.78066635131836}","(77.65355776700005, 18.300626045000058, 77.83219913400006, 18.488304079000045)",30-06-2023.geojson,Bichkunda,,,,,
Kamareddy,TSSD0577,82.32,"{'min': 36.48066711425781, 'max': 41.31800079345703, 'mean': 39.28742564808238, 'count': 22, 'sum': 864.3233642578125, 'median': 39.279998779296875}","(77.75813508500005, 18.372326572000077, 77.86341082200005, 18.505311680000034)",30-06-2023.geojson,Birkoor,,,,,
Adilabad,TSSD0578,34.92,"{'min': 36.8962516784668, 'max': 43.48285675048828, 'mean': 39.92341918945313, 'count': 10, 'sum': 399.23419189453125, 'median': 39.841331481933594}","(78.48710289700006, 19.60170591600007, 78.54305936500003, 19.683661252000036)",30-06-2023.geojson,Mavala,,,,,
Peddapalli,TSSD0579,122.7,"{'min': 30.446922302246094, 'max': 39.51615524291992, 'mean': 36.904117838541666, 'count': 30, 'sum': 1107.12353515625, 'median': 38.061859130859375}","(79.31124542100008, 18.728421345000072, 79.45668509800004, 18.855615717000035)",30-06-2023.geojson,Anthergaon,,,,,
Mulugu,TSSD0580,576.05,"{'min': 36.577999114990234, 'max': 45.45800018310547, 'mean': 41.86004113203642, 'count': 151, 'sum': 6320.8662109375, 'median': 41.84400177001953}","(80.37410149900006, 18.33990656700007, 80.68734144600006, 18.632607707000034)",30-06-2023.geojson,Wazeed,,,,,
Nizamabad,TSSD0581,158.53,"{'min': 33.92142868041992, 'max': 41.358333587646484, 'mean': 38.00172317859738, 'count': 43, 'sum': 1634.0740966796875, 'median': 38.43571472167969}","(78.47512705800006, 18.684195498000065, 78.64029038200005, 18.900912592000054)",30-06-2023.geojson,Kammarpally,,,,,
Jangoan,TSSD0582,120.55,"{'min': 35.359230041503906, 'max': 41.3033332824707, 'mean': 39.72955758231027, 'count': 28, 'sum': 1112.4276123046875, 'median': 40.12666702270508}","(79.38361325200003, 17.491730369000038, 79.56249112400008, 17.63017571100005)",30-06-2023.geojson,Kodakandla,,,,,
Narayanpet,TSSD0583,172.63,"{'min': 35.96846008300781, 'max': 42.617271423339844, 'mean': 40.350011652166195, 'count': 44, 'sum': 1775.4005126953125, 'median': 41.01683044433594}","(77.23725451100006, 16.366338565000035, 77.45641595200004, 16.49439566000018)",30-06-2023.geojson,Krishna,,,,,
Mancherial,TSSD0584,414.48,"{'min': 36.52692413330078, 'max': 44.961666107177734, 'mean': 41.14910118325243, 'count': 103, 'sum': 4238.357421875, 'median': 41.02538299560547}","(79.69063140800006, 18.824880136000047, 79.96247775100005, 19.055750638000063)",30-06-2023.geojson,Kotapalle,,,,,
Warangal_Rural,TSSD0585,96.85,"{'min': 41.094444274902344, 'max': 43.369998931884766, 'mean': 42.54333026592548, 'count': 26, 'sum': 1106.1265869140625, 'median': 42.72666931152344}","(79.58000525100005, 18.13079426400003, 79.67613864900011, 18.273366891000023)",30-06-2023.geojson,Nadikuda,,,,,
Medchal_Malkajgiri,TSSD0586,92.19,"{'min': 36.58466720581055, 'max': 40.28466796875, 'mean': 39.09939340444711, 'count': 26, 'sum': 1016.584228515625, 'median': 39.176788330078125}","(78.60919935000027, 17.572950565000042, 78.72357522400006, 17.698451215000034)",30-06-2023.geojson,Muduchinthalaphally,,,,,
Siddipet,TSSD0587,66.64,"{'min': 38.66999816894531, 'max': 41.89923095703125, 'mean': 40.10924614800347, 'count': 18, 'sum': 721.9664306640625, 'median': 39.97028350830078}","(78.75009036300014, 18.179105241000116, 78.85292966200007, 18.26297022400007)",30-06-2023.geojson,Narayanraopet,,,,,
Nizamabad,TSSD0588,59.09,"{'min': 35.996665954589844, 'max': 38.16999816894531, 'mean': 36.76569747924805, 'count': 16, 'sum': 588.2511596679688, 'median': 36.663570404052734}","(77.93403706700008, 18.52915054300007, 78.05329923800008, 18.639067520000026)",30-06-2023.geojson,Mosra,,,,,
Nizamabad,TSSD0589,49.75,"{'min': 34.827144622802734, 'max': 39.6542854309082, 'mean': 37.323046003069194, 'count': 14, 'sum': 522.5226440429688, 'median': 37.70500183105469}","(77.91841617100005, 18.496525074000033, 78.04060240200005, 18.590460833)",30-06-2023.geojson,Chandur,,,,,
Sangareddy,TSSD0590,97.98,"{'min': 33.83307647705078, 'max': 42.271427154541016, 'mean': 39.547670717592595, 'count': 27, 'sum': 1067.787109375, 'median': 39.69428634643555}","(78.03596075900009, 17.649676136000153, 78.15543426700003, 17.771041394000065)",30-06-2023.geojson,Chowtakur,,,,,
Medak,TSSD0591,67.5,"{'min': 37.189998626708984, 'max': 40.408668518066406, 'mean': 38.724209255642364, 'count': 18, 'sum': 697.0357666015625, 'median': 38.61775207519531}","(78.39670312900006, 17.869416313000045, 78.53362296600005, 17.948666831000025)",30-06-2023.geojson,Masaipet,,,,,
Siddipet,TSSD0592,70.13,"{'min': 38.6150016784668, 'max': 40.94384765625, 'mean': 40.03851318359375, 'count': 19, 'sum': 760.7317504882812, 'median': 40.14714431762695}","(79.03345267100008, 17.94056795000006, 79.15307655800007, 18.032435260000113)",30-06-2023.geojson,Dhoolumitta,,,,,
Rangareddy,TSSD0001,254.22,"{'min': 28.34000015258789, 'max': 32.630001068115234, 'mean': 30.914487896543562, 'count': 66, 'sum': 2040.356201171875, 'median': 30.94499969482422}","(78.55995755200007, 17.23432776100003, 78.76246159900006, 17.40383786600006)",30-09-2023.geojson,Abdullapurmet,,,,,
Nagarkurnool,TSSD0002,502.12,"{'min': 26.84600067138672, 'max': 35.470001220703125, 'mean': 32.18572154471545, 'count': 123, 'sum': 3958.84375, 'median': 32.400001525878906}","(78.58204158400008, 16.328785754000023, 79.06420699900008, 16.552355156000033)",30-09-2023.geojson,Achampet,,,,,
Nalgonda,TSSD0003,124.12,"{'min': 30.023332595825195, 'max': 35.94333267211914, 'mean': 32.65353486032197, 'count': 33, 'sum': 1077.566650390625, 'median': 32.60333251953125}","(79.40552823000007, 16.61250682600007, 79.58503520000005, 16.727679548000026)",30-09-2023.geojson,Adavidevulapally,,,,,
Yadadri Bhuvanagiri,TSSD0004,141.84,"{'min': 30.149999618530273, 'max': 33.88333511352539, 'mean': 32.2244294819079, 'count': 38, 'sum': 1224.5283203125, 'median': 32.236663818359375}","(79.30480125000008, 17.343213083000023, 79.45808114400006, 17.48429223000005)",30-09-2023.geojson,Addagudur,,,,,
Mahabubnagar,TSSD0005,133.19,"{'min': 24.25, 'max': 32.209999084472656, 'mean': 28.213484330610797, 'count': 22, 'sum': 620.6966552734375, 'median': 27.639999389648438}","(77.85964485800008, 16.441965785000036, 78.01275922800005, 16.583453924000025)",30-09-2023.geojson,Addakal,,,,,
Adilabad,TSSD0006,296.11,"{'min': 28.079999923706055, 'max': 34.22999954223633, 'mean': 31.12519341010552, 'count': 77, 'sum': 2396.639892578125, 'median': 31.156665802001953}","(78.46791283600004, 19.529549935000034, 78.75075334500008, 19.743971118000047)",30-09-2023.geojson,Adilabad Rural,,,,,
Adilabad,TSSD0007,18.64,"{'min': 32.44333267211914, 'max': 34.27000045776367, 'mean': 33.64833450317383, 'count': 4, 'sum': 134.5933380126953, 'median': 33.939998626708984}","(78.51136180900005, 19.64107290800007, 78.56091570800004, 19.696663797000042)",30-09-2023.geojson,Adilabad Urban,,,,,
Jogulamba Gadwal,TSSD0008,281.08,"{'min': 30.280000686645508, 'max': 36.720001220703125, 'mean': 33.59523547535211, 'count': 71, 'sum': 2385.26171875, 'median': 33.584999084472656}","(77.51085515500006, 15.892624954000041, 77.79118149700008, 16.073899572000073)",30-09-2023.geojson,Aiza,,,,,
Siddipet,TSSD0009,181.57,"{'min': 27.924999237060547, 'max': 30.8700008392334, 'mean': 29.6236669921875, 'count': 50, 'sum': 1481.183349609375, 'median': 29.582500457763672}","(79.09867562300008, 17.991228970000066, 79.28258652700003, 18.10859845500005)",30-09-2023.geojson,Akkannapet,,,,,
Yadadri Bhuvanagiri,TSSD0010,165.31,"{'min': 28.184999465942383, 'max': 32.0099983215332, 'mean': 30.080458530159884, 'count': 43, 'sum': 1293.459716796875, 'median': 30.082000732421875}","(78.99234199800003, 17.567113119000055, 79.16709451200006, 17.725946442000065)",30-09-2023.geojson,Alair,,,,,
Jogulamba Gadwal,TSSD0011,212.17,"{'min': 0.0, 'max': 38.959999084472656, 'mean': 33.038270194575475, 'count': 53, 'sum': 1751.0283203125, 'median': 33.20000076293945}","(78.05931506700006, 15.836429923000026, 78.25321888900004, 16.011158503000047)",30-09-2023.geojson,Alampur,,,,,
Medak,TSSD0012,106.37,"{'min': 19.823333740234375, 'max': 29.850000381469727, 'mean': 26.937051626352165, 'count': 26, 'sum': 700.3633422851562, 'median': 26.795000076293945}","(77.88797224100006, 17.883895607000056, 78.00388009500006, 18.014119892000053)",30-09-2023.geojson,Alladurg,,,,,
Bhadradri Kothagudem,TSSD0013,507.54,"{'min': 27.336666107177734, 'max': 32.836666107177734, 'mean': 29.684975363991477, 'count': 132, 'sum': 3918.416748046875, 'median': 29.584999084472656}","(80.39744846200006, 17.75296549600006, 80.69612561700006, 18.05460231400002)",30-09-2023.geojson,Allapalli,,,,,
Medchal_Malkajgiri,TSSD0014,43.73,"{'min': 29.74333381652832, 'max': 32.040000915527344, 'mean': 30.939092462713067, 'count': 11, 'sum': 340.33001708984375, 'median': 30.963333129882812}","(78.47891113600008, 17.480615318000048, 78.57688553000008, 17.549306657000045)",30-09-2023.geojson,Alwal,,,,,
Rangareddy,TSSD0015,138.08,"{'min': 27.75666618347168, 'max': 33.869998931884766, 'mean': 31.45953369140625, 'count': 36, 'sum': 1132.543212890625, 'median': 31.665000915527344}","(78.48719442500004, 16.794263726000054, 78.63278904100008, 16.922855003000052)",30-09-2023.geojson,Amangal,,,,,
Wanaparthy,TSSD0016,110.02,"{'min': 25.18428611755371, 'max': 36.22999954223633, 'mean': 29.232281494140626, 'count': 30, 'sum': 876.9684448242188, 'median': 29.72333335876465}","(77.65718116000005, 16.32682638500006, 77.80141077600007, 16.437234124000042)",30-09-2023.geojson,Amarchintha,,,,,
Hyderabad,TSSD0017,9.23,"{'min': 31.28333282470703, 'max': 33.68333435058594, 'mean': 32.33000183105469, 'count': 4, 'sum': 129.32000732421875, 'median': 32.176666259765625}","(78.48463282000006, 17.368221164000033, 78.52881660000008, 17.40365662100004)",30-09-2023.geojson,Amberpet,,,,,
Hyderabad,TSSD0018,3.86,"{'min': 35.22999954223633, 'max': 35.22999954223633, 'mean': 35.22999954223633, 'count': 1, 'sum': 35.22999954223633, 'median': 35.22999954223633}","(78.42921871100003, 17.43080978200004, 78.46511365000003, 17.45407132100007)",30-09-2023.geojson,Ammerpet,,,,,
Nagarkurnool,TSSD0019,1218.96,"{'min': 21.610000610351562, 'max': 34.83000183105469, 'mean': 27.646302688953487, 'count': 301, 'sum': 8321.537109375, 'median': 27.09000015258789}","(78.48741327000005, 16.00923712100007, 79.02694515400003, 16.415272880000032)",30-09-2023.geojson,Amrabad,,,,,
Suryapet,TSSD0020,116.56,"{'min': 28.86199951171875, 'max': 30.399999618530273, 'mean': 29.600642903645834, 'count': 30, 'sum': 888.019287109375, 'median': 29.53499984741211}","(79.90212536100006, 16.982533018000026, 80.06097163900006, 17.132924940000066)",30-09-2023.geojson,Ananthagiri,,,,,
Sangareddy,TSSD0021,186.83,"{'min': 17.389999389648438, 'max': 28.983333587646484, 'mean': 26.231021962267288, 'count': 47, 'sum': 1232.8580322265625, 'median': 27.010000228881836}","(77.94290081500003, 17.75956500500007, 78.11621519700003, 17.925892899000075)",30-09-2023.geojson,Andole,,,,,
Bhadradri Kothagudem,TSSD0022,176.27,"{'min': 26.6299991607666, 'max': 30.40999984741211, 'mean': 28.769847523082387, 'count': 44, 'sum': 1265.873291015625, 'median': 28.80500030517578}","(80.64118685200003, 17.28576821300004, 80.85142774000008, 17.41689142100006)",30-09-2023.geojson,Annapureddipalle,,,,,
Nalgonda,TSSD0023,190.48,"{'min': 29.625999450683594, 'max': 35.88999938964844, 'mean': 32.050078125, 'count': 50, 'sum': 1602.50390625, 'median': 31.94499969482422}","(79.19527357000004, 16.726884840000025, 79.39201370200004, 16.913228080000067)",30-09-2023.geojson,Anumula_Haliya,,,,,
Nizamabad,TSSD0024,221.85,"{'min': 24.31399917602539, 'max': 29.75, 'mean': 27.2104248046875, 'count': 60, 'sum': 1632.62548828125, 'median': 27.415000915527344}","(78.17296352400007, 18.74292431300006, 78.35632004600006, 18.93725310900004)",30-09-2023.geojson,Armoor,,,,,
Kumurambheem Asifabad,TSSD0025,380.26,"{'min': 25.549999237060547, 'max': 32.22999954223633, 'mean': 29.401393516390932, 'count': 102, 'sum': 2998.942138671875, 'median': 29.567501068115234}","(79.05947913700004, 19.250334717000044, 79.39455949500007, 19.45064135100006)",30-09-2023.geojson,Asifabad,,,,,
Hyderabad,TSSD0026,12.88,"{'min': 32.02333450317383, 'max': 33.150001525878906, 'mean': 32.49583435058594, 'count': 4, 'sum': 129.98333740234375, 'median': 32.404998779296875}","(78.42582161500007, 17.359808491000024, 78.46198218000006, 17.408130664000055)",30-09-2023.geojson,Asifnagar,,,,,
Bhadradri Kothagudem,TSSD0027,329.09,"{'min': 26.363332748413086, 'max': 32.04999923706055, 'mean': 29.189980246803977, 'count': 88, 'sum': 2568.71826171875, 'median': 29.21500015258789}","(80.68546006000008, 17.692266541000038, 80.88829418500006, 17.933206824000024)",30-09-2023.geojson,Aswapuram,,,,,
Bhadradri Kothagudem,TSSD0028,564.09,"{'min': 27.030000686645508, 'max': 32.09000015258789, 'mean': 29.52982897636218, 'count': 117, 'sum': 3454.989990234375, 'median': 29.56999969482422}","(81.00029477700008, 17.215797421000048, 81.31479948400005, 17.495516869000028)",30-09-2023.geojson,Aswaraopeta,,,,,
Yadadri Bhuvanagiri,TSSD0029,171.54,"{'min': 29.274999618530273, 'max': 30.954999923706055, 'mean': 30.042445203993054, 'count': 45, 'sum': 1351.9100341796875, 'median': 30.025999069213867}","(79.08082893600005, 17.39675374600006, 79.24565290200007, 17.53585182000006)",30-09-2023.geojson,Athmakur (M),,,,,
Wanaparthy,TSSD0030,137.9,"{'min': 27.875, 'max': 32.33000183105469, 'mean': 30.06307644314236, 'count': 36, 'sum': 1082.270751953125, 'median': 30.008333206176758}","(77.73676945900007, 16.203007356000057, 77.92502598300007, 16.38983216400004)",30-09-2023.geojson,Atmakur,,,,,
Warangal_Rural,TSSD0031,100.48,"{'min': 28.219999313354492, 'max': 32.58000183105469, 'mean': 30.603679950420673, 'count': 26, 'sum': 795.6956787109375, 'median': 30.540000915527344}","(79.67890460400008, 17.996386791000077, 79.82038191900006, 18.11908245500007)",30-09-2023.geojson,Atmakur,,,,,
Suryapet,TSSD0032,206.49,"{'min': 28.59666633605957, 'max': 32.61000061035156, 'mean': 31.264970259232953, 'count': 55, 'sum': 1719.5733642578125, 'median': 31.383333206176758}","(79.59145821600004, 17.18757524600005, 79.81482135400006, 17.314815594000038)",30-09-2023.geojson,Atmakur_S,,,,,
Yadadri Bhuvanagiri,TSSD0033,188.28,"{'min': 25.398000717163086, 'max': 31.969999313354492, 'mean': 28.874243642769606, 'count': 51, 'sum': 1472.58642578125, 'median': 28.72333335876465}","(78.70944519200003, 17.280238217000033, 78.91168170600008, 17.414015307000057)",30-09-2023.geojson,B.Pochampally,,,,,
Jangoan,TSSD0034,215.84,"{'min': 28.22599983215332, 'max': 31.636667251586914, 'mean': 29.979757374730603, 'count': 58, 'sum': 1738.825927734375, 'median': 29.950000762939453}","(78.86787166400006, 17.709206091000055, 79.10262993800006, 17.8761671850001)",30-09-2023.geojson,Bachannapet,,,,,
Medchal_Malkajgiri,TSSD0035,17.73,"{'min': 29.656665802001953, 'max': 30.983333587646484, 'mean': 30.088665771484376, 'count': 5, 'sum': 150.44332885742188, 'median': 29.963333129882812}","(78.34798865200008, 17.510629856000037, 78.39909413900006, 17.553712028000064)",30-09-2023.geojson,Bachupally,,,,,
Hyderabad,TSSD0036,15.01,"{'min': 30.915000915527344, 'max': 32.724998474121094, 'mean': 31.8316650390625, 'count': 3, 'sum': 95.4949951171875, 'median': 31.854999542236328}","(78.43027281000008, 17.326923403000023, 78.47901840600008, 17.372507289000055)",30-09-2023.geojson,Bahadurpura,,,,,
Mahabubnagar,TSSD0037,174.74,"{'min': 27.795000076293945, 'max': 33.150001525878906, 'mean': 30.294093919836957, 'count': 46, 'sum': 1393.5283203125, 'median': 30.189998626708984}","(78.08729467400008, 16.845259309000028, 78.30248119100008, 17.011459106000075)",30-09-2023.geojson,Balanagar,,,,,
Medchal_Malkajgiri,TSSD0038,19.28,"{'min': 30.969999313354492, 'max': 35.93000030517578, 'mean': 33.39066772460937, 'count': 5, 'sum': 166.95333862304688, 'median': 32.540000915527344}","(78.41398145500006, 17.437593329000038, 78.49711234500006, 17.495946916000037)",30-09-2023.geojson,Balanagar,,,,,
Rangareddy,TSSD0039,131.84,"{'min': 28.174999237060547, 'max': 33.39666748046875, 'mean': 30.299961635044642, 'count': 35, 'sum': 1060.4986572265625, 'median': 30.049999237060547}","(78.40825680200004, 17.228240129000028, 78.57240744700005, 17.342781479000053)",30-09-2023.geojson,Balapur,,,,,
Nizamabad,TSSD0040,97.3,"{'min': 24.229999542236328, 'max': 28.434999465942383, 'mean': 26.42343994140625, 'count': 25, 'sum': 660.5859985351562, 'median': 26.9950008392334}","(78.27055155900007, 18.820303712000054, 78.39954724000006, 18.968813210000064)",30-09-2023.geojson,Balkonda,,,,,
Nagarkurnool,TSSD0041,243.17,"{'min': 28.59000015258789, 'max': 35.0099983215332, 'mean': 32.74650955200195, 'count': 64, 'sum': 2095.776611328125, 'median': 33.345001220703125}","(78.49549449900007, 16.225707747000058, 78.67809309200004, 16.452804138000033)",30-09-2023.geojson,Balmoor,,,,,
Hyderabad,TSSD0042,21.38,"{'min': 31.343334197998047, 'max': 34.0433349609375, 'mean': 33.09027608235677, 'count': 6, 'sum': 198.54165649414062, 'median': 33.364166259765625}","(78.45371439300004, 17.293465379000054, 78.51861491400007, 17.352247109000075)",30-09-2023.geojson,Bandlaguda,,,,,
Kamareddy,TSSD0043,142.84,"{'min': 24.513999938964844, 'max': 27.03499984741211, 'mean': 25.38988560267857, 'count': 35, 'sum': 888.64599609375, 'median': 25.170000076293945}","(77.83852436200004, 18.316119945000025, 78.03038834200004, 18.45416467000007)",30-09-2023.geojson,Banswada,,,,,
Vikarabad,TSSD0044,91.56,"{'min': 25.69499969482422, 'max': 30.389999389648438, 'mean': 28.2128662109375, 'count': 25, 'sum': 705.3216552734375, 'median': 27.920000076293945}","(77.61390270400005, 17.383589031000042, 77.77189871100006, 17.483158091000064)",30-09-2023.geojson,Bantwaram,,,,,
Nirmal,TSSD0045,108.16,"{'min': 25.03499984741211, 'max': 27.75, 'mean': 26.334127491918103, 'count': 29, 'sum': 763.689697265625, 'median': 26.316667556762695}","(77.87395490400007, 18.84522452500005, 78.04060419300004, 18.95240894500006)",30-09-2023.geojson,Basar,,,,,
Vikarabad,TSSD0046,206.01,"{'min': 28.343334197998047, 'max': 34.72999954223633, 'mean': 32.528163364955354, 'count': 49, 'sum': 1593.8800048828125, 'median': 33.06999969482422}","(77.36247981800005, 17.108590786000036, 77.53841200600004, 17.271892981000065)",30-09-2023.geojson,Basheerabad,,,,,
Mahabubabad,TSSD0047,307.29,"{'min': 27.5766658782959, 'max': 33.720001220703125, 'mean': 29.92919921875, 'count': 81, 'sum': 2424.26513671875, 'median': 30.010000228881836}","(80.05728874800008, 17.53352028000006, 80.26094565000005, 17.75039165800007)",30-09-2023.geojson,Bayyaram,,,,,
Adilabad,TSSD0048,253.13,"{'min': 27.038000106811523, 'max': 31.75, 'mean': 29.78165457589286, 'count': 70, 'sum': 2084.7158203125, 'median': 29.989999771118164}","(78.27492577100008, 19.393371099000035, 78.47377904700005, 19.580545785000027)",30-09-2023.geojson,Bazarhathnoor,,,,,
Jagtial,TSSD0049,108.89,"{'min': 25.43000030517578, 'max': 29.549999237060547, 'mean': 28.097335323210686, 'count': 31, 'sum': 871.0173950195312, 'median': 28.134000778198242}","(78.87792220400007, 18.96036622300005, 79.02108975900006, 19.07988819600007)",30-09-2023.geojson,Beerpur,,,,,
Siddipet,TSSD0050,152.56,"{'min': 28.825000762939453, 'max': 34.2400016784668, 'mean': 30.868499755859375, 'count': 40, 'sum': 1234.739990234375, 'median': 30.852500915527344}","(78.95201931600008, 18.18925398600004, 79.11791494600004, 18.34315846100003)",30-09-2023.geojson,Bejjanki,,,,,
Kumurambheem Asifabad,TSSD0051,282.92,"{'min': 27.850000381469727, 'max': 31.690000534057617, 'mean': 29.682552083333334, 'count': 75, 'sum': 2226.19140625, 'median': 29.665000915527344}","(79.71984640800008, 19.26669339700004, 79.96748160900006, 19.444060153000066)",30-09-2023.geojson,Bejjur,,,,,
Adilabad,TSSD0052,252.64,"{'min': 27.975000381469727, 'max': 37.790000915527344, 'mean': 31.791160694067027, 'count': 69, 'sum': 2193.590087890625, 'median': 31.530000686645508}","(78.68107592100006, 19.56508431800006, 78.85966689500003, 19.782733789000076)",30-09-2023.geojson,Bela,,,,,
Mancherial,TSSD0053,146.79,"{'min': 28.58333396911621, 'max': 33.54999923706055, 'mean': 30.414999389648436, 'count': 40, 'sum': 1216.5999755859375, 'median': 30.184999465942383}","(79.41901996000007, 18.98112085100007, 79.58961168500008, 19.132048594000025)",30-09-2023.geojson,Bellampalle,,,,,
Bhadradri Kothagudem,TSSD0054,11.21,"{'min': 27.690000534057617, 'max': 29.163333892822266, 'mean': 28.426666259765625, 'count': 2, 'sum': 56.85333251953125, 'median': 28.426666259765625}","(80.87537144200007, 17.64270969100005, 80.91092172600008, 17.683719212000028)",30-09-2023.geojson,Bhadrachalam,,,,,
Nirmal,TSSD0055,247.42,"{'min': 25.610000610351562, 'max': 29.983333587646484, 'mean': 28.196219828591417, 'count': 67, 'sum': 1889.146728515625, 'median': 28.196666717529297}","(77.87843723700007, 19.03252738200007, 78.09109643600004, 19.219462747000023)",30-09-2023.geojson,Bhainsa,,,,,
Warangal_Urban,TSSD0056,147.17,"{'min': 29.010000228881836, 'max': 31.06999969482422, 'mean': 29.91109444754464, 'count': 35, 'sum': 1046.8883056640625, 'median': 29.709999084472656}","(79.25802483300004, 18.001111758000036, 79.41034323000008, 18.156221128000027)",30-09-2023.geojson,Bheemadevarapalli,,,,,
Mancherial,TSSD0057,156.12,"{'min': 28.39666748046875, 'max': 30.489999771118164, 'mean': 29.578206380208332, 'count': 39, 'sum': 1153.550048828125, 'median': 29.6299991607666}","(79.58636746400003, 18.76414004000003, 79.73368796500006, 18.942415460000063)",30-09-2023.geojson,Bheemaram,,,,,
Nizamabad,TSSD0058,225.03,"{'min': 20.1200008392334, 'max': 28.389999389648438, 'mean': 26.446476236979166, 'count': 60, 'sum': 1586.78857421875, 'median': 26.399999618530273}","(78.35785953300007, 18.617871123000043, 78.59699998100007, 18.754933092000044)",30-09-2023.geojson,Bheemgal,,,,,
Mancherial,TSSD0059,151.63,"{'min': 26.969999313354492, 'max': 30.989999771118164, 'mean': 29.888618283155488, 'count': 41, 'sum': 1225.433349609375, 'median': 29.976667404174805}","(79.50578178000006, 19.14043541600006, 79.67664248700004, 19.288073780000047)",30-09-2023.geojson,Bheemini,,,,,
Adilabad,TSSD0060,195.62,"{'min': 29.549999237060547, 'max': 37.93000030517578, 'mean': 33.00471032184103, 'count': 46, 'sum': 1518.2166748046875, 'median': 32.474998474121094}","(78.28468101500005, 19.728594951000048, 78.49256909000007, 19.91690008100005)",30-09-2023.geojson,Bheempoor,,,,,
Kamareddy,TSSD0061,154.94,"{'min': 25.976667404174805, 'max': 29.94333267211914, 'mean': 28.175237746465776, 'count': 42, 'sum': 1183.3599853515625, 'median': 28.270000457763672}","(78.33227141500004, 18.122403492000046, 78.50250512100007, 18.278813365000076)",30-09-2023.geojson,Bhiknoor,,,,,
Yadadri Bhuvanagiri,TSSD0062,299.2,"{'min': 27.257999420166016, 'max': 31.46500015258789, 'mean': 30.20203575721154, 'count': 78, 'sum': 2355.7587890625, 'median': 30.310501098632812}","(78.80997708400008, 17.36896378700004, 79.04721217500008, 17.595952069000077)",30-09-2023.geojson,Bhongiri,,,,,
Mahabubnagar,TSSD0063,177.56,"{'min': 25.90999984741211, 'max': 31.969999313354492, 'mean': 28.70800083705357, 'count': 35, 'sum': 1004.780029296875, 'median': 28.3700008392334}","(77.97152580800008, 16.592727025000045, 78.15346036600005, 16.739702366000074)",30-09-2023.geojson,Bhoothpur,,,,,
Jayashankar Bhupalpally,TSSD0064,412.31,"{'min': 26.961999893188477, 'max': 33.38999938964844, 'mean': 29.19070773654514, 'count': 108, 'sum': 3152.596435546875, 'median': 29.003334045410156}","(79.72643010900003, 18.326274666000074, 80.15195044700005, 18.518666378000034)",30-09-2023.geojson,Bhupalpally,,,,,
Yadadri Bhuvanagiri,TSSD0065,181.21,"{'min': 27.134000778198242, 'max': 32.2400016784668, 'mean': 29.471345862563776, 'count': 49, 'sum': 1444.095947265625, 'median': 29.437999725341797}","(78.70762825800006, 17.383774324000058, 78.91649957900006, 17.531102042000043)",30-09-2023.geojson,Bibinagar,,,,,
Kamareddy,TSSD0066,80.7,"{'min': 26.75666618347168, 'max': 29.036666870117188, 'mean': 28.082666015625, 'count': 20, 'sum': 561.6533203125, 'median': 28.156665802001953}","(78.46247299900006, 18.169106830000032, 78.56926485100007, 18.275633318000075)",30-09-2023.geojson,Bibipet,,,,,
Nagarkurnool,TSSD0067,265.69,"{'min': 27.549999237060547, 'max': 32.790000915527344, 'mean': 30.669830839512713, 'count': 59, 'sum': 1809.52001953125, 'median': 30.690000534057617}","(78.10083116400006, 16.421414171000038, 78.28225422800006, 16.626726615000052)",30-09-2023.geojson,Bijinapalle,,,,,
Adilabad,TSSD0068,324.19,"{'min': 24.6200008392334, 'max': 31.663333892822266, 'mean': 28.38443186313291, 'count': 79, 'sum': 2242.3701171875, 'median': 28.139999389648438}","(78.17215629700007, 19.264980181000055, 78.39684222400007, 19.45647146400006)",30-09-2023.geojson,Boath,,,,,
Nizamabad,TSSD0069,274.45,"{'min': 22.389999389648438, 'max': 29.020000457763672, 'mean': 25.613680904858732, 'count': 73, 'sum': 1869.7987060546875, 'median': 25.476667404174805}","(77.73094369300003, 18.573510121000027, 77.96006357300001, 18.81143505500006)",30-09-2023.geojson,Bodhan,,,,,
Rajanna Sircilla,TSSD0070,143.88,"{'min': 25.28499984741211, 'max': 31.44333267211914, 'mean': 28.824894602705793, 'count': 41, 'sum': 1181.8206787109375, 'median': 28.69499969482422}","(78.89142673800006, 18.39155487200003, 78.99623800100005, 18.58330450400007)",30-09-2023.geojson,Boinpalli,,,,,
Yadadri Bhuvanagiri,TSSD0071,165.4,"{'min': 28.440000534057617, 'max': 31.829999923706055, 'mean': 29.92733909970238, 'count': 42, 'sum': 1256.9482421875, 'median': 29.858001708984375}","(78.68260567800007, 17.506909476000033, 78.83660271700006, 17.66778853200003)",30-09-2023.geojson,Bommalaramaram,,,,,
Vikarabad,TSSD0072,219.46,"{'min': 27.65999984741211, 'max': 35.09000015258789, 'mean': 31.44962102716619, 'count': 44, 'sum': 1383.7833251953125, 'median': 31.380001068115234}","(77.61321700700006, 17.021545857000035, 77.78997648900008, 17.236770282000066)",30-09-2023.geojson,Bommaraspeta,,,,,
Khammam,TSSD0073,164.0,"{'min': 31.6299991607666, 'max': 35.529998779296875, 'mean': 33.73780487804878, 'count': 41, 'sum': 1383.25, 'median': 33.97999954223633}","(80.19836868700008, 16.94670916900003, 80.36649696300003, 17.117145719000064)",30-09-2023.geojson,Bonakal,,,,,
Jagtial,TSSD0074,80.72,"{'min': 25.941999435424805, 'max': 30.75666618347168, 'mean': 28.494188391644023, 'count': 23, 'sum': 655.3663330078125, 'median': 28.621999740600586}","(79.00621644400007, 18.822787249000044, 79.14474962700007, 18.91916278800005)",30-09-2023.geojson,Buggaram,,,,,
Bhadradri Kothagudem,TSSD0075,212.03,"{'min': 27.729999542236328, 'max': 32.689998626708984, 'mean': 30.411531409438776, 'count': 49, 'sum': 1490.1650390625, 'median': 30.43000030517578}","(80.73228080900003, 17.59843230000007, 80.90367732300007, 17.75553509100007)",30-09-2023.geojson,Burgampadu,,,,,
Nalgonda,TSSD0076,349.48,"{'min': 28.84000015258789, 'max': 35.290000915527344, 'mean': 32.05386284722222, 'count': 90, 'sum': 2884.84765625, 'median': 32.07500076293945}","(78.83961784400003, 16.35584791900004, 79.21275923200005, 16.646382362000054)",30-09-2023.geojson,Chandampet,,,,,
Bhadradri Kothagudem,TSSD0077,146.4,"{'min': 26.190000534057617, 'max': 31.59000015258789, 'mean': 29.73225845829133, 'count': 31, 'sum': 921.7000122070312, 'median': 30.43000030517578}","(80.55637660300005, 17.31648540200007, 80.69607967500008, 17.452303995000022)",30-09-2023.geojson,Chandrugonda,,,,,
Nalgonda,TSSD0078,210.39,"{'min': 32.5966682434082, 'max': 36.936668395996094, 'mean': 34.83530181308962, 'count': 53, 'sum': 1846.27099609375, 'median': 34.8033332824707}","(78.89291217500005, 16.893248166000035, 79.10048328200008, 17.094642131000057)",30-09-2023.geojson,Chandur,,,,,
Nagarkurnool,TSSD0079,172.21,"{'min': 31.709999084472656, 'max': 35.90999984741211, 'mean': 33.94422200520833, 'count': 45, 'sum': 1527.489990234375, 'median': 34.029998779296875}","(78.57614983600007, 16.636888998000074, 78.79233917400006, 16.779519700000037)",30-09-2023.geojson,Charakonda,,,,,
Hyderabad,TSSD0080,5.37,"{'min': 34.400001525878906, 'max': 34.400001525878906, 'mean': 34.400001525878906, 'count': 1, 'sum': 34.400001525878906, 'median': 34.400001525878906}","(78.47460501900008, 17.34768383200003, 78.50070316000006, 17.376123801000062)",30-09-2023.geojson,Charminar,,,,,
Rajanna Sircilla,TSSD0081,172.75,"{'min': 26.469999313354492, 'max': 30.43000030517578, 'mean': 27.71600596110026, 'count': 48, 'sum': 1330.3682861328125, 'median': 27.540000915527344}","(78.61274932300006, 18.50685668500006, 78.84598478800007, 18.63425720600003)",30-09-2023.geojson,Chendurthi,,,,,
Warangal_Rural,TSSD0082,99.63,"{'min': 29.209999084472656, 'max': 32.52000045776367, 'mean': 30.764311691810345, 'count': 29, 'sum': 892.1650390625, 'median': 30.709999084472656}","(79.77887035600008, 17.796694865000063, 79.93870076600007, 17.912052966000033)",30-09-2023.geojson,Chennaraopet,,,,,
Mancherial,TSSD0083,348.6,"{'min': 27.200000762939453, 'max': 34.38999938964844, 'mean': 30.232705821161684, 'count': 92, 'sum': 2781.408935546875, 'median': 29.96500015258789}","(79.65949015600006, 18.682762397000033, 79.84767354200005, 18.959046801000056)",30-09-2023.geojson,Chennur,,,,,
Siddipet,TSSD0084,222.44,"{'min': 27.27400016784668, 'max': 31.27666664123535, 'mean': 29.630366955773304, 'count': 59, 'sum': 1748.191650390625, 'median': 29.625}","(78.86758954600003, 17.828098220000072, 79.06729449200009, 18.036935309000057)",30-09-2023.geojson,Cherial,,,,,
Bhadradri Kothagudem,TSSD0085,477.35,"{'min': 23.290000915527344, 'max': 33.630001068115234, 'mean': 29.416194264481707, 'count': 123, 'sum': 3618.19189453125, 'median': 29.299999237060547}","(80.73391161600006, 17.933206824000024, 80.98568532800005, 18.238859586000046)",30-09-2023.geojson,Cherla,,,,,
Rangareddy,TSSD0086,276.14,"{'min': 29.309999465942383, 'max': 32.9900016784668, 'mean': 31.14898598030822, 'count': 73, 'sum': 2273.8759765625, 'median': 31.280000686645508}","(78.00412674500006, 17.23299501100007, 78.21859291200008, 17.409433687000046)",30-09-2023.geojson,Chevella,,,,,
Karimnagar,TSSD0087,149.85,"{'min': 29.3700008392334, 'max': 31.28333282470703, 'mean': 30.27825012207031, 'count': 40, 'sum': 1211.1300048828125, 'median': 30.227500915527344}","(79.10798904900008, 18.16049209700003, 79.25728156700006, 18.285204140000076)",30-09-2023.geojson,Chigurumamidi,,,,,
Suryapet,TSSD0088,109.2,"{'min': 25.110000610351562, 'max': 31.463333129882812, 'mean': 29.137141636439733, 'count': 28, 'sum': 815.8399658203125, 'median': 29.25}","(79.79036079100007, 16.906046110000034, 79.93531953700005, 17.024466438000047)",30-09-2023.geojson,Chilkur,,,,,
Jangoan,TSSD0089,157.63,"{'min': 28.459999084472656, 'max': 31.299999237060547, 'mean': 29.69333382539971, 'count': 43, 'sum': 1276.8133544921875, 'median': 29.725000381469727}","(79.20344106000005, 17.85176273600007, 79.44938298400007, 17.98733100100003)",30-09-2023.geojson,Chilpur,,,,,
Mahabubnagar,TSSD0090,182.6,"{'min': 27.5766658782959, 'max': 35.630001068115234, 'mean': 31.290301698626894, 'count': 33, 'sum': 1032.5799560546875, 'median': 30.74333381652832}","(77.73330203000006, 16.37851123300004, 77.87096754700008, 16.616724610000063)",30-09-2023.geojson,Chinna Chinta Kunta,,,,,
Mahabubabad,TSSD0091,62.33,"{'min': 31.770000457763672, 'max': 34.61000061035156, 'mean': 33.121176326976105, 'count': 17, 'sum': 563.0599975585938, 'median': 33.16999816894531}","(79.84909294100004, 17.449136596000073, 79.93830751200005, 17.551928229000055)",30-09-2023.geojson,Chinnagudur,,,,,
Siddipet,TSSD0092,210.1,"{'min': 28.155000686645508, 'max': 30.91666603088379, 'mean': 29.45491739908854, 'count': 60, 'sum': 1767.2950439453125, 'median': 29.50666618347168}","(78.82494370000006, 18.112037676000057, 79.02016956300008, 18.25691097600003)",30-09-2023.geojson,Chinnakodur,,,,,
Wanaparthy,TSSD0093,211.48,"{'min': 24.149999618530273, 'max': 35.17499923706055, 'mean': 30.786696049205045, 'count': 57, 'sum': 1754.8416748046875, 'median': 30.829999923706055}","(78.05946824700004, 15.943903422000062, 78.25862092700004, 16.10487720200007)",30-09-2023.geojson,Chinnambavi,,,,,
Khammam,TSSD0094,188.05,"{'min': 29.389999389648438, 'max': 35.65999984741211, 'mean': 33.23913043478261, 'count': 46, 'sum': 1529.0, 'median': 33.633331298828125}","(80.15749622700008, 17.00863986300004, 80.30764277300005, 17.236461319000057)",30-09-2023.geojson,Chintakani,,,,,
Kumurambheem Asifabad,TSSD0095,288.59,"{'min': 26.69499969482422, 'max': 31.110000610351562, 'mean': 29.042965698242188, 'count': 80, 'sum': 2323.437255859375, 'median': 29.043333053588867}","(79.67767908700006, 19.36047807800003, 79.97913072000006, 19.567678157000046)",30-09-2023.geojson,Chintalamanepally,,,,,
Suryapet,TSSD0096,202.08,"{'min': 28.56999969482422, 'max': 36.29999923706055, 'mean': 32.73333620557598, 'count': 51, 'sum': 1669.400146484375, 'median': 32.72999954223633}","(79.89168709400008, 16.63122235000003, 80.07323171000007, 16.848894700000073)",30-09-2023.geojson,Chinthala palem,,,,,
Nalgonda,TSSD0097,274.6,"{'min': 29.719999313354492, 'max': 34.88999938964844, 'mean': 32.88319986979167, 'count': 75, 'sum': 2466.239990234375, 'median': 33.11000061035156}","(78.69548427600006, 16.739825453000037, 78.92444476600008, 16.973748571000044)",30-09-2023.geojson,Chinthapally,,,,,
Jayashankar Bhupalpally,TSSD0098,210.42,"{'min': 28.25, 'max': 34.90999984741211, 'mean': 31.259940011160715, 'count': 56, 'sum': 1750.556640625, 'median': 30.864999771118164}","(79.64088009700004, 18.283442338000043, 79.79196266500009, 18.492380515000036)",30-09-2023.geojson,Chityal,,,,,
Nalgonda,TSSD0099,237.77,"{'min': 29.445999145507812, 'max': 32.81666564941406, 'mean': 31.163700358072916, 'count': 60, 'sum': 1869.822021484375, 'median': 31.21500015258789}","(78.96087085700003, 17.126777316000073, 79.17779320000005, 17.284106424000072)",30-09-2023.geojson,Chityal,,,,,
Suryapet,TSSD0100,151.19,"{'min': 28.299999237060547, 'max': 33.279998779296875, 'mean': 30.742916870117188, 'count': 40, 'sum': 1229.7166748046875, 'median': 30.68000030517578}","(79.61526708400004, 17.06178183000003, 79.77234545500005, 17.21508940600006)",30-09-2023.geojson,Chivvemla,,,,,
Karimnagar,TSSD0101,141.96,"{'min': 26.3700008392334, 'max': 32.415000915527344, 'mean': 28.93848941200658, 'count': 38, 'sum': 1099.66259765625, 'median': 28.942501068115234}","(79.09673047900003, 18.516979337000066, 79.23072403500004, 18.66557143500006)",30-09-2023.geojson,Choppadandi,,,,,
Yadadri Bhuvanagiri,TSSD0102,264.84,"{'min': 28.2450008392334, 'max': 33.970001220703125, 'mean': 31.397987043353872, 'count': 71, 'sum': 2229.257080078125, 'median': 31.316667556762695}","(78.747570484, 17.19528529400003, 78.99749932000003, 17.348531597000033)",30-09-2023.geojson,Choutuppal,,,,,
Rangareddy,TSSD0103,111.15,"{'min': 22.489999771118164, 'max': 30.43666648864746, 'mean': 27.12895146122685, 'count': 27, 'sum': 732.481689453125, 'median': 27.329999923706055}","(77.92190617600005, 16.980166997000026, 78.03572549400008, 17.14859407800003)",30-09-2023.geojson,Chowdergudem,,,,,
Bhadradri Kothagudem,TSSD0104,113.98,"{'min': 27.543333053588867, 'max': 31.43000030517578, 'mean': 29.49788818359375, 'count': 30, 'sum': 884.9366455078125, 'median': 29.450000762939453}","(80.59078646000006, 17.397527010000033, 80.73926192500005, 17.56175825500003)",30-09-2023.geojson,Chunchupally,,,,,
Kumurambheem Asifabad,TSSD0105,282.91,"{'min': 28.450000762939453, 'max': 35.369998931884766, 'mean': 30.608876821157093, 'count': 74, 'sum': 2265.056884765625, 'median': 30.479999542236328}","(79.55061502100006, 19.147024978000047, 79.94481136900004, 19.320003257000053)",30-09-2023.geojson,Dahegaon,,,,,
Nalgonda,TSSD0106,212.91,"{'min': 27.123332977294922, 'max': 36.5099983215332, 'mean': 30.762515536221592, 'count': 55, 'sum': 1691.9383544921875, 'median': 30.510000228881836}","(79.52381292400008, 16.65992049600004, 79.70200312500003, 16.812899723000044)",30-09-2023.geojson,Damaracherla,,,,,
Narayanpet,TSSD0107,197.8,"{'min': 27.450000762939453, 'max': 35.97999954223633, 'mean': 30.49753173828125, 'count': 50, 'sum': 1524.8765869140625, 'median': 30.395000457763672}","(77.45634407100005, 16.764877660000025, 77.60496874100005, 16.959326115000067)",30-09-2023.geojson,Damargidda,,,,,
Warangal_Rural,TSSD0108,89.35,"{'min': 28.52199935913086, 'max': 33.503334045410156, 'mean': 31.09894561767578, 'count': 24, 'sum': 746.3746948242188, 'median': 31.262500762939453}","(79.60072347200008, 18.00572767700004, 79.70643829000005, 18.13897497800008)",30-09-2023.geojson,Damera,,,,,
Bhadradri Kothagudem,TSSD0109,482.53,"{'min': 26.850000381469727, 'max': 33.189998626708984, 'mean': 28.77159583050272, 'count': 92, 'sum': 2646.98681640625, 'median': 28.540000915527344}","(80.86476856000007, 17.190519193000057, 81.08735919600008, 17.56822006400006)",30-09-2023.geojson,Dammapeta,,,,,
Mancherial,TSSD0110,212.73,"{'min': 25.45400047302246, 'max': 33.34000015258789, 'mean': 28.41113495408443, 'count': 57, 'sum': 1619.4346923828125, 'median': 28.270000457763672}","(79.08727409600004, 18.884636873000034, 79.22437932800005, 19.103216721000024)",30-09-2023.geojson,Dandepalle,,,,,
Mahabubabad,TSSD0111,108.96,"{'min': 29.3799991607666, 'max': 33.630001068115234, 'mean': 31.404137396043346, 'count': 31, 'sum': 973.5282592773438, 'median': 31.549999237060547}","(79.65560623800008, 17.428868298000054, 79.78530222000006, 17.546608658000025)",30-09-2023.geojson,Danthalapalle,,,,,
Nirmal,TSSD0112,76.62,"{'min': 25.979999542236328, 'max': 28.6299991607666, 'mean': 27.618751525878906, 'count': 16, 'sum': 441.9000244140625, 'median': 27.71500015258789}","(78.82647409500004, 19.034610264000037, 78.95076054900005, 19.132845763000034)",30-09-2023.geojson,Dasturabad,,,,,
Nalgonda,TSSD0113,235.21,"{'min': 30.559999465942383, 'max': 36.810001373291016, 'mean': 34.139379469014834, 'count': 59, 'sum': 2014.223388671875, 'median': 34.310001373291016}","(78.75664741300005, 16.599618543000076, 78.96744054100003, 16.769811435000065)",30-09-2023.geojson,Devarakonda,,,,,
Mahabubnagar,TSSD0114,238.37,"{'min': 26.709999084472656, 'max': 30.989999771118164, 'mean': 28.725270589192707, 'count': 48, 'sum': 1378.81298828125, 'median': 28.645000457763672}","(77.76466384500003, 16.454975524000076, 77.92512638900007, 16.738387466000063)",30-09-2023.geojson,Devarkadra,,,,,
Jangoan,TSSD0115,182.53,"{'min': 29.389999389648438, 'max': 33.05666732788086, 'mean': 31.075185546875, 'count': 50, 'sum': 1553.75927734375, 'median': 31.128334045410156}","(79.21277209400006, 17.510665525000036, 79.40089799000003, 17.677652839000075)",30-09-2023.geojson,Devaruppula,,,,,
Narayanpet,TSSD0116,153.65,"{'min': 26.60333251953125, 'max': 31.84000015258789, 'mean': 29.174461570945947, 'count': 37, 'sum': 1079.455078125, 'median': 28.8700008392334}","(77.59496902800004, 16.571400942000025, 77.76875056600005, 16.754234962000055)",30-09-2023.geojson,Dhanwada,,,,,
Jagtial,TSSD0117,175.9,"{'min': 26.062000274658203, 'max': 30.363332748413086, 'mean': 28.75569118923611, 'count': 45, 'sum': 1294.006103515625, 'median': 28.796667098999023}","(78.99144763200007, 18.877766286000053, 79.16011736700005, 19.07420193200005)",30-09-2023.geojson,Dharmapuri,,,,,
Peddapalli,TSSD0118,201.92,"{'min': 24.03499984741211, 'max': 29.60333251953125, 'mean': 27.513812371020048, 'count': 53, 'sum': 1458.2320556640625, 'median': 27.719999313354492}","(79.11294947900006, 18.616084372000046, 79.33879022800005, 18.75580704600003)",30-09-2023.geojson,Dharmaram,,,,,
Warangal_Urban,TSSD0119,166.63,"{'min': 29.125, 'max': 32.22999954223633, 'mean': 30.609073893229166, 'count': 45, 'sum': 1377.4083251953125, 'median': 30.72333335876465}","(79.34392484200004, 17.872946780000063, 79.49559988700008, 18.064662017000046)",30-09-2023.geojson,Dharmasagar,,,,,
Jogulamba Gadwal,TSSD0120,233.51,"{'min': 25.567142486572266, 'max': 33.79999923706055, 'mean': 30.311891682942708, 'count': 60, 'sum': 1818.7135009765625, 'median': 30.39900016784668}","(77.59027451200006, 16.165087868000057, 77.75403082300005, 16.362950969000053)",30-09-2023.geojson,Dharoor,,,,,
Vikarabad,TSSD0121,204.41,"{'min': 24.75, 'max': 33.0099983215332, 'mean': 28.38794205036569, 'count': 47, 'sum': 1334.2332763671875, 'median': 28.536666870117188}","(77.69853344900008, 17.210650905000023, 77.85683392500005, 17.378989310000065)",30-09-2023.geojson,Dharoor,,,,,
Nizamabad,TSSD0122,181.87,"{'min': 25.843334197998047, 'max': 28.229999542236328, 'mean': 26.808020766900512, 'count': 49, 'sum': 1313.593017578125, 'median': 26.742000579833984}","(78.27142695800006, 18.455096901000047, 78.41235874700004, 18.675940208000043)",30-09-2023.geojson,Dharpally,,,,,
Nizamabad,TSSD0123,165.76,"{'min': 25.05500030517578, 'max': 29.43666648864746, 'mean': 26.989762369791666, 'count': 45, 'sum': 1214.539306640625, 'median': 26.75}","(78.13708897600003, 18.552299339000058, 78.33103872900006, 18.67400565300005)",30-09-2023.geojson,Dichpally,,,,,
Nirmal,TSSD0124,155.33,"{'min': 18.079999923706055, 'max': 30.6299991607666, 'mean': 26.935516357421875, 'count': 40, 'sum': 1077.420654296875, 'median': 27.702999114990234}","(78.18162478500005, 18.979193036000026, 78.31903817300008, 19.15181674400003)",30-09-2023.geojson,Dilawarpur,,,,,
Vikarabad,TSSD0125,169.11,"{'min': 23.639999389648438, 'max': 32.40999984741211, 'mean': 28.144102438902245, 'count': 39, 'sum': 1097.6199951171875, 'median': 27.389999389648438}","(77.75350961300006, 16.993685688000028, 77.91797159400005, 17.151011999000048)",30-09-2023.geojson,Doma,,,,,
Mahabubabad,TSSD0126,157.58,"{'min': 32.41999816894531, 'max': 35.130001068115234, 'mean': 33.31634074885671, 'count': 41, 'sum': 1365.969970703125, 'median': 33.150001525878906}","(80.00919088400008, 17.34578428800006, 80.17130219700005, 17.498026924000044)",30-09-2023.geojson,Dornakal,,,,,
Vikarabad,TSSD0127,206.9,"{'min': 29.21666717529297, 'max': 36.290000915527344, 'mean': 31.909808819110577, 'count': 52, 'sum': 1659.31005859375, 'median': 31.476667404174805}","(77.47254906600006, 16.90300025500005, 77.65396255100006, 17.070101057000045)",30-09-2023.geojson,Doulthabad,,,,,
Siddipet,TSSD0128,239.89,"{'min': 27.376667022705078, 'max': 28.983333587646484, 'mean': 28.18296208457341, 'count': 63, 'sum': 1775.526611328125, 'median': 28.183332443237305}","(78.54681796600005, 18.097298073000047, 78.75700455300006, 18.255668025000034)",30-09-2023.geojson,Dubbak,,,,,
Warangal_Rural,TSSD0129,117.69,"{'min': 30.770000457763672, 'max': 32.93000030517578, 'mean': 31.675592237903224, 'count': 31, 'sum': 981.943359375, 'median': 31.719999313354492}","(79.74503783800003, 17.911539967000067, 79.86925509200006, 18.07929052000003)",30-09-2023.geojson,Duggondi,,,,,
Bhadradri Kothagudem,TSSD0130,322.15,"{'min': 26.56333351135254, 'max': 32.5099983215332, 'mean': 30.808963260135137, 'count': 74, 'sum': 2279.86328125, 'median': 31.200000762939453}","(80.86195260000005, 17.696811285000024, 81.09376572500008, 17.952898013000038)",30-09-2023.geojson,Dummugudem,,,,,
Medchal_Malkajgiri,TSSD0131,81.34,"{'min': 27.6299991607666, 'max': 31.170000076293945, 'mean': 29.794000244140626, 'count': 20, 'sum': 595.8800048828125, 'median': 29.735000610351562}","(78.36001430200008, 17.525573036000026, 78.50711033000005, 17.638921073000063)",30-09-2023.geojson,Dundigal Gandimaisamma,,,,,
Peddapalli,TSSD0132,76.87,"{'min': 27.399999618530273, 'max': 29.46500015258789, 'mean': 28.26113614169034, 'count': 22, 'sum': 621.7449951171875, 'median': 28.10333251953125}","(79.21615438200007, 18.50700951700003, 79.32467419700004, 18.611289084000077)",30-09-2023.geojson,Eligaid,,,,,
Warangal_Urban,TSSD0133,130.61,"{'min': 28.049999237060547, 'max': 31.21500015258789, 'mean': 30.00231291118421, 'count': 38, 'sum': 1140.087890625, 'median': 30.239999771118164}","(79.37430346400004, 18.03182084900004, 79.56117484200007, 18.167621027000052)",30-09-2023.geojson,Elkathurthi,,,,,
Karimnagar,TSSD0134,97.13,"{'min': 28.790000915527344, 'max': 31.020000457763672, 'mean': 29.96153846153846, 'count': 26, 'sum': 779.0, 'median': 29.98666763305664}","(79.48944079000006, 18.22671351400004, 79.58025617800007, 18.37787529900004)",30-09-2023.geojson,Ellandakunta,,,,,
Khammam,TSSD0135,189.89,"{'min': 28.8700008392334, 'max': 32.189998626708984, 'mean': 30.599349312160324, 'count': 46, 'sum': 1407.570068359375, 'median': 30.579999923706055}","(80.32325062100006, 17.259354917000053, 80.50833243100004, 17.441441247000057)",30-09-2023.geojson,Enkoor,,,,,
Mulugu,TSSD0136,343.37,"{'min': 26.639999389648438, 'max': 31.31999969482422, 'mean': 28.73608929177989, 'count': 92, 'sum': 2643.72021484375, 'median': 28.729999542236328}","(80.26936561700006, 18.23370998300004, 80.49039395700004, 18.462636728000064)",30-09-2023.geojson,Eturnagaram,,,,,
Rangareddy,TSSD0137,278.36,"{'min': 28.40999984741211, 'max': 32.119998931884766, 'mean': 30.093310546875, 'count': 75, 'sum': 2256.998291015625, 'median': 30.290000915527344}","(78.06823301000003, 16.93980447000007, 78.31577077500003, 17.115180701000043)",30-09-2023.geojson,Farooqnagar,,,,,
Adilabad,TSSD0138,227.73,"{'min': 28.683332443237305, 'max': 35.130001068115234, 'mean': 30.675437051741802, 'count': 61, 'sum': 1871.20166015625, 'median': 30.59000015258789}","(78.77129668200007, 19.52875835800006, 78.97180690400006, 19.672134552000045)",30-09-2023.geojson,Gadiguda,,,,,
Jogulamba Gadwal,TSSD0139,264.89,"{'min': 28.030000686645508, 'max': 38.02333450317383, 'mean': 32.43349609375, 'count': 70, 'sum': 2270.3447265625, 'median': 33.02333068847656}","(77.72121964000007, 16.085291977000054, 77.93275208300008, 16.318733621000035)",30-09-2023.geojson,Gadwal,,,,,
Siddipet,TSSD0140,212.47,"{'min': 26.71666717529297, 'max': 30.5766658782959, 'mean': 29.07884568434495, 'count': 52, 'sum': 1512.0999755859375, 'median': 28.939998626708984}","(78.58303917400008, 17.794325789000027, 78.78577283400006, 17.975258496000038)",30-09-2023.geojson,Gajwel,,,,,
Rajanna Sircilla,TSSD0141,156.05,"{'min': 25.74333381652832, 'max': 28.93000030517578, 'mean': 27.359672732469512, 'count': 41, 'sum': 1121.74658203125, 'median': 27.3700008392334}","(78.52078465300008, 18.22335373800007, 78.64656692100004, 18.42659197100005)",30-09-2023.geojson,Gambhiraopet,,,,,
Mahabubnagar,TSSD0142,228.82,"{'min': 25.049999237060547, 'max': 31.010000228881836, 'mean': 27.583833821614583, 'count': 60, 'sum': 1655.030029296875, 'median': 27.579999923706055}","(77.73779362900007, 16.845154139000044, 77.95386938900003, 16.999075455000025)",30-09-2023.geojson,Gandeed,,,,,
Kamareddy,TSSD0143,333.76,"{'min': 24.43666648864746, 'max': 27.149999618530273, 'mean': 25.580308234554597, 'count': 87, 'sum': 2225.48681640625, 'median': 25.459999084472656}","(77.92036537400008, 18.313249016000043, 78.18359844500003, 18.50402559500003)",30-09-2023.geojson,Gandhari,,,,,
Rangareddy,TSSD0144,104.67,"{'min': 24.469999313354492, 'max': 30.950000762939453, 'mean': 28.85761437049279, 'count': 26, 'sum': 750.2979736328125, 'median': 29.337499618530273}","(78.22812814200006, 17.32859737600006, 78.42011614800003, 17.43391934600004)",30-09-2023.geojson,Gandipet,,,,,
Karimnagar,TSSD0145,160.18,"{'min': 27.69499969482422, 'max': 29.774999618530273, 'mean': 28.63642810639881, 'count': 42, 'sum': 1202.72998046875, 'median': 28.697500228881836}","(78.94956144100007, 18.417228382000076, 79.08057825900005, 18.682963267000048)",30-09-2023.geojson,Gangadhara,,,,,
Mahabubabad,TSSD0146,388.97,"{'min': 26.21666717529297, 'max': 31.06999969482422, 'mean': 28.158954326923077, 'count': 104, 'sum': 2928.53125, 'median': 28.1875}","(80.09945621800006, 17.703358498000057, 80.32312548900006, 18.023583650000035)",30-09-2023.geojson,Gangaram,,,,,
Karimnagar,TSSD0147,128.88,"{'min': 25.937999725341797, 'max': 30.71500015258789, 'mean': 28.466545336174242, 'count': 33, 'sum': 939.39599609375, 'median': 28.489999771118164}","(79.00593677600006, 18.285893647000023, 79.15761711400006, 18.42386993300005)",30-09-2023.geojson,Ganneruvaram,,,,,
Suryapet,TSSD0148,196.75,"{'min': 27.841999053955078, 'max': 31.52199935913086, 'mean': 29.38677509014423, 'count': 52, 'sum': 1528.1123046875, 'median': 29.30392837524414}","(79.69899423300006, 16.791794304000064, 79.84726513600003, 16.996734263000064)",30-09-2023.geojson,Garidepalli,,,,,
Mahabubabad,TSSD0149,134.15,"{'min': 30.040000915527344, 'max': 34.470001220703125, 'mean': 32.043143136160715, 'count': 35, 'sum': 1121.510009765625, 'median': 31.770000457763672}","(80.09119141800005, 17.438011174000053, 80.22850494600004, 17.593396365000046)",30-09-2023.geojson,Garla,,,,,
Warangal_Rural,TSSD0150,134.93,"{'min': 30.799999237060547, 'max': 33.09000015258789, 'mean': 31.675809151785714, 'count': 35, 'sum': 1108.6533203125, 'median': 31.549999237060547}","(79.61786745500007, 17.897533089000035, 79.78756875100004, 18.025592932000052)",30-09-2023.geojson,Geesugonda,,,,,
Jayashankar Bhupalpally,TSSD0151,135.95,"{'min': 25.559999465942383, 'max': 33.04999923706055, 'mean': 29.848514041385137, 'count': 37, 'sum': 1104.39501953125, 'median': 29.6299991607666}","(79.80756877900006, 18.262592781000023, 79.95276371100005, 18.417946673000074)",30-09-2023.geojson,Ghanapur_Mulug,,,,,
Wanaparthy,TSSD0152,155.07,"{'min': 26.639999389648438, 'max': 31.209999084472656, 'mean': 28.751801361908782, 'count': 37, 'sum': 1063.816650390625, 'median': 28.68000030517578}","(77.98310490100005, 16.47901398600004, 78.12571646600009, 16.626992442000073)",30-09-2023.geojson,Ghanpur,,,,,
Jangoan,TSSD0153,172.06,"{'min': 27.69499969482422, 'max': 32.33000183105469, 'mean': 30.287065972222223, 'count': 45, 'sum': 1362.91796875, 'median': 30.483333587646484}","(79.23152818800008, 17.720237033000046, 79.42362870100004, 17.892366453000022)",30-09-2023.geojson,Ghanpur (Stn),,,,,
Medchal_Malkajgiri,TSSD0154,123.94,"{'min': 27.655000686645508, 'max': 31.963333129882812, 'mean': 30.123828518775202, 'count': 31, 'sum': 933.8386840820312, 'median': 30.3700008392334}","(78.61964476900005, 17.377866780000033, 78.75985781500003, 17.488422350000064)",30-09-2023.geojson,Ghatkesar,,,,,
Jogulamba Gadwal,TSSD0155,267.38,"{'min': 30.424999237060547, 'max': 36.5433349609375, 'mean': 32.052885673415496, 'count': 71, 'sum': 2275.7548828125, 'median': 31.985000610351562}","(77.49353266000008, 15.976683508000065, 77.64425295800004, 16.21363012000006)",30-09-2023.geojson,Ghattu,,,,,
Hyderabad,TSSD0156,9.86,"{'min': 30.25, 'max': 30.485000610351562, 'mean': 30.36750030517578, 'count': 2, 'sum': 60.73500061035156, 'median': 30.36750030517578}","(78.38383245800003, 17.369513270000027, 78.43137261900006, 17.39634099500006)",30-09-2023.geojson,Golkonda,,,,,
Jagtial,TSSD0157,151.75,"{'min': 27.229999542236328, 'max': 30.636667251586914, 'mean': 29.154198056175595, 'count': 42, 'sum': 1224.476318359375, 'median': 29.229999542236328}","(78.95794203800006, 18.74532743900005, 79.15334781300004, 18.85190287000006)",30-09-2023.geojson,Gollapalli,,,,,
Wanaparthy,TSSD0158,125.4,"{'min': 27.75, 'max': 33.09000015258789, 'mean': 30.597666422526043, 'count': 30, 'sum': 917.9299926757812, 'median': 30.860000610351562}","(78.08591650400007, 16.328531611000074, 78.20166738400007, 16.47124508400003)",30-09-2023.geojson,Gopalpet,,,,,
Mulugu,TSSD0159,343.34,"{'min': 27.94333267211914, 'max': 30.040000915527344, 'mean': 29.094117552369507, 'count': 91, 'sum': 2647.564697265625, 'median': 29.209999084472656}","(79.99281799200008, 18.08316615600006, 80.26935217700003, 18.29768950400006)",30-09-2023.geojson,Govindaraopet,,,,,
Adilabad,TSSD0160,159.79,"{'min': 29.204999923706055, 'max': 32.29999923706055, 'mean': 30.948505108173077, 'count': 39, 'sum': 1206.99169921875, 'median': 31.06999969482422}","(78.44054848400003, 19.441831296000146, 78.58019452000008, 19.607753279000065)",30-09-2023.geojson,Gudihathnur,,,,,
Mahabubabad,TSSD0161,312.8,"{'min': 27.58333396911621, 'max': 32.16999816894531, 'mean': 30.110610589748475, 'count': 82, 'sum': 2469.070068359375, 'median': 30.356666564941406}","(79.87550272900006, 17.686846624000054, 80.15255229900004, 17.87590134000004)",30-09-2023.geojson,Gudur,,,,,
Sangareddy,TSSD0162,98.98,"{'min': 24.703332901000977, 'max': 28.763334274291992, 'mean': 26.8764013671875, 'count': 25, 'sum': 671.9100341796875, 'median': 27.156665802001953}","(78.31472103200008, 17.61424192000004, 78.44886573200006, 17.746359040000073)",30-09-2023.geojson,Gummadidala,,,,,
Bhadradri Kothagudem,TSSD0163,495.92,"{'min': 26.43666648864746, 'max': 34.130001068115234, 'mean': 29.695941347064394, 'count': 132, 'sum': 3919.8642578125, 'median': 29.678333282470703}","(80.25193695800004, 17.734911501000056, 80.47191641100005, 18.082237242000076)",30-09-2023.geojson,Gundala,,,,,
Yadadri Bhuvanagiri,TSSD0164,172.25,"{'min': 29.170000076293945, 'max': 32.255001068115234, 'mean': 30.782370827414773, 'count': 44, 'sum': 1354.42431640625, 'median': 30.880001068115234}","(79.14910012700005, 17.45209845900007, 79.37870067300008, 17.62417806900004)",30-09-2023.geojson,Gundala,,,,,
Nalgonda,TSSD0165,263.41,"{'min': 29.703332901000977, 'max': 36.189998626708984, 'mean': 32.778973858173075, 'count': 65, 'sum': 2130.63330078125, 'median': 32.650001525878906}","(78.61528553800008, 16.514907610000023, 78.85800945400007, 16.715959889000032)",30-09-2023.geojson,Gundlapally,,,,,
Nalgonda,TSSD0166,309.8,"{'min': 31.364999771118164, 'max': 35.029998779296875, 'mean': 33.156753167873475, 'count': 82, 'sum': 2718.853759765625, 'median': 33.100833892822266}","(78.99484315300003, 16.723799824000025, 79.20953000900005, 16.93974487500003)",30-09-2023.geojson,Gurrampode,,,,,
Mancherial,TSSD0167,257.54,"{'min': 25.18000030517578, 'max': 30.78333282470703, 'mean': 28.480280412946428, 'count': 70, 'sum': 1993.61962890625, 'median': 28.553333282470703}","(79.26565732000006, 18.814436070000056, 79.42256325600005, 19.008309308000037)",30-09-2023.geojson,Hajipur,,,,,
Warangal_Urban,TSSD0168,45.74,"{'min': 31.020000457763672, 'max': 34.470001220703125, 'mean': 32.67291768391927, 'count': 12, 'sum': 392.07501220703125, 'median': 32.87666702270508}","(79.50733597600004, 17.982258095000077, 79.59918790600005, 18.051422419000062)",30-09-2023.geojson,Hanamkonda,,,,,
Mahabubnagar,TSSD0169,168.92,"{'min': 26.08333396911621, 'max': 30.309999465942383, 'mean': 28.194800967261905, 'count': 42, 'sum': 1184.181640625, 'median': 28.171667098999023}","(77.76252807700007, 16.752192707000063, 77.98873493800005, 16.893183992000047)",30-09-2023.geojson,Hanwada,,,,,
Warangal_Urban,TSSD0170,161.17,"{'min': 28.579999923706055, 'max': 32.6966667175293, 'mean': 30.03530386991279, 'count': 43, 'sum': 1291.51806640625, 'median': 29.802000045776367}","(79.43172067800003, 17.991968021000048, 79.62513964800007, 18.143584798000063)",30-09-2023.geojson,Hasanparthy,,,,,
Sangareddy,TSSD0171,204.77,"{'min': 24.93666648864746, 'max': 29.09000015258789, 'mean': 26.582410539899552, 'count': 56, 'sum': 1488.614990234375, 'median': 26.59000015258789}","(78.10555045300003, 17.63393108100007, 78.31945472700005, 17.83424511100003)",30-09-2023.geojson,Hathnoora,,,,,
Medak,TSSD0172,187.01,"{'min': 25.110000610351562, 'max': 28.700000762939453, 'mean': 26.532360148879718, 'count': 53, 'sum': 1406.215087890625, 'median': 26.40333366394043}","(78.15651423700007, 18.05332005300005, 78.35309415700004, 18.215476757000033)",30-09-2023.geojson,Havelighanpur,,,,,
Rangareddy,TSSD0173,30.54,"{'min': 30.709999084472656, 'max': 32.970001220703125, 'mean': 31.7772216796875, 'count': 9, 'sum': 285.9949951171875, 'median': 32.08000183105469}","(78.52755004100004, 17.306583933000013, 78.61900574700013, 17.348163568000075)",30-09-2023.geojson,Hayathnagar,,,,,
Hyderabad,TSSD0174,6.58,"{'min': 30.93666648864746, 'max': 32.88999938964844, 'mean': 31.913333892822266, 'count': 2, 'sum': 63.82666778564453, 'median': 31.913333892822266}","(78.47360807500007, 17.38688961500003, 78.50484873500005, 17.421948936000035)",30-09-2023.geojson,Himayatnagar,,,,,
Siddipet,TSSD0175,117.52,"{'min': 28.6299991607666, 'max': 31.10333251953125, 'mean': 30.09671906502016, 'count': 31, 'sum': 932.998291015625, 'median': 30.176666259765625}","(79.13916242100004, 18.08470961100005, 79.30335584600004, 18.180728988000055)",30-09-2023.geojson,Husnabad,,,,,
Suryapet,TSSD0176,126.8,"{'min': 27.437999725341797, 'max': 31.540000915527344, 'mean': 29.170262192234848, 'count': 33, 'sum': 962.61865234375, 'median': 29.20599937438965}","(79.76496890800007, 16.81112220400007, 79.93455343000005, 16.95645507200004)",30-09-2023.geojson,Huzur nagar,,,,,
Karimnagar,TSSD0177,138.33,"{'min': 27.823333740234375, 'max': 30.690000534057617, 'mean': 28.921742757161457, 'count': 36, 'sum': 1041.1827392578125, 'median': 28.919166564941406}","(79.33974401500006, 18.149110196000038, 79.48471113900007, 18.285271040000055)",30-09-2023.geojson,Huzurabad,,,,,
Jagtial,TSSD0178,142.28,"{'min': 27.285999298095703, 'max': 30.883333206176758, 'mean': 28.647477433488177, 'count': 37, 'sum': 1059.9566650390625, 'median': 28.40999984741211}","(78.51963186500006, 18.84352731300004, 78.64824793900004, 19.00011807900006)",30-09-2023.geojson,Ibrahimpatnam,,,,,
Rangareddy,TSSD0179,274.25,"{'min': 27.780000686645508, 'max': 32.09000015258789, 'mean': 30.55490451388889, 'count': 72, 'sum': 2199.953125, 'median': 30.899999618530273}","(78.51594250300008, 17.11693136100007, 78.81737317200003, 17.26846339900004)",30-09-2023.geojson,Ibrahimpatnam,,,,,
Adilabad,TSSD0180,211.85,"{'min': 28.700000762939453, 'max': 32.06999969482422, 'mean': 30.523590087890625, 'count': 56, 'sum': 1709.321044921875, 'median': 30.633333206176758}","(78.40972741900003, 19.27144580600003, 78.59073863400005, 19.476086989000066)",30-09-2023.geojson,Ichoda,,,,,
Rajanna Sircilla,TSSD0181,222.52,"{'min': 27.385000228881836, 'max': 31.65999984741211, 'mean': 29.639627390894397, 'count': 58, 'sum': 1719.098388671875, 'median': 29.64666748046875}","(78.82265059000008, 18.234493222000026, 79.02266919100003, 18.400162883000064)",30-09-2023.geojson,Illanthakunta,,,,,
Warangal_Urban,TSSD0182,154.53,"{'min': 29.200000762939453, 'max': 31.843334197998047, 'mean': 30.922945462740383, 'count': 39, 'sum': 1205.994873046875, 'median': 31.030000686645508}","(79.48651884400005, 17.786163054000042, 79.62215459200007, 17.94046736200005)",30-09-2023.geojson,Inavolu,,,,,
Nizamabad,TSSD0183,187.42,"{'min': 24.969999313354492, 'max': 29.450000762939453, 'mean': 26.231517558195154, 'count': 49, 'sum': 1285.3443603515625, 'median': 26.084999084472656}","(78.16214130800006, 18.452259628000036, 78.35381027700004, 18.595203980000065)",30-09-2023.geojson,Indalwai,,,,,
Adilabad,TSSD0184,209.33,"{'min': 27.850000381469727, 'max': 32.66999816894531, 'mean': 30.690651222511573, 'count': 54, 'sum': 1657.295166015625, 'median': 30.833332061767578}","(78.56653272500006, 19.379057926000144, 78.76792306800007, 19.567601660000037)",30-09-2023.geojson,Inderavelly,,,,,
Jogulamba Gadwal,TSSD0185,302.11,"{'min': 29.71500015258789, 'max': 39.459999084472656, 'mean': 35.21275603465545, 'count': 78, 'sum': 2746.594970703125, 'median': 35.85499954223633}","(77.74751634700004, 15.980643073000067, 77.98393237000005, 16.184409668000058)",30-09-2023.geojson,Itikyal,,,,,
Mahabubnagar,TSSD0186,294.27,"{'min': 26.940000534057617, 'max': 33.77000045776367, 'mean': 31.217306283804085, 'count': 52, 'sum': 1623.2999267578125, 'median': 31.53499984741211}","(78.04502359400004, 16.680028693000054, 78.33050907800003, 16.87941384800007)",30-09-2023.geojson,Jadcherla,,,,,
Siddipet,TSSD0187,180.4,"{'min': 28.329999923706055, 'max': 30.736665725708008, 'mean': 29.519454021843114, 'count': 49, 'sum': 1446.4532470703125, 'median': 29.524999618530273}","(78.75126357400006, 17.708628498000053, 78.87944648100006, 17.882764563000023)",30-09-2023.geojson,Jagdevpur,,,,,
Jagtial,TSSD0188,167.3,"{'min': 27.399999618530273, 'max': 30.60333251953125, 'mean': 28.826099742542613, 'count': 44, 'sum': 1268.348388671875, 'median': 28.897499084472656}","(78.83197213700004, 18.733277460000068, 79.02319924200003, 18.91632891000006)",30-09-2023.geojson,Jagityal_Rural,,,,,
Jagtial,TSSD0189,42.64,"{'min': 28.5049991607666, 'max': 31.886667251586914, 'mean': 29.914779663085938, 'count': 12, 'sum': 358.97735595703125, 'median': 29.69033432006836}","(78.86249569300008, 18.75130130900004, 78.95751334400006, 18.846050929000057)",30-09-2023.geojson,Jagtial,,,,,
Adilabad,TSSD0190,292.5,"{'min': 28.93000030517578, 'max': 34.36000061035156, 'mean': 31.934471420094937, 'count': 79, 'sum': 2522.8232421875, 'median': 32.13999938964844}","(78.48221105400006, 19.607848390000072, 78.72451328000005, 19.824464031000048)",30-09-2023.geojson,Jainad,,,,,
Kumurambheem Asifabad,TSSD0191,218.89,"{'min': 25.950000762939453, 'max': 35.209999084472656, 'mean': 29.91, 'count': 50, 'sum': 1495.5, 'median': 29.704999923706055}","(78.81724445500004, 19.330609164000066, 79.02370996100007, 19.493592587000023)",30-09-2023.geojson,Jainoor,,,,,
Mancherial,TSSD0192,276.43,"{'min': 28.06999969482422, 'max': 31.920000076293945, 'mean': 29.772721574113177, 'count': 74, 'sum': 2203.181396484375, 'median': 29.820499420166016}","(79.49531298200003, 18.672040560000028, 79.72117428100006, 18.918660784000053)",30-09-2023.geojson,Jaipur,,,,,
Suryapet,TSSD0193,133.29,"{'min': 29.087142944335938, 'max': 33.563331604003906, 'mean': 31.124578302556817, 'count': 33, 'sum': 1027.111083984375, 'median': 31.190000534057617}","(79.46290112300005, 17.258733534000044, 79.63232247300004, 17.380224128000066)",30-09-2023.geojson,Jajireddigudem,,,,,
Nizamabad,TSSD0194,148.29,"{'min': 25.489999771118164, 'max': 29.456666946411133, 'mean': 27.17401905548878, 'count': 39, 'sum': 1059.7867431640625, 'median': 26.983333587646484}","(78.20206317300006, 18.65066335100005, 78.36254571500007, 18.77647975900004)",30-09-2023.geojson,Jakranpally,,,,,
Karimnagar,TSSD0195,134.59,"{'min': 28.003334045410156, 'max': 31.489999771118164, 'mean': 29.869898940577652, 'count': 33, 'sum': 985.7066650390625, 'median': 30.030000686645508}","(79.40829887400008, 18.227515953000022, 79.57987678900008, 18.423882431000038)",30-09-2023.geojson,Jammikunta,,,,,
Jangoan,TSSD0196,196.46,"{'min': 27.98200035095215, 'max': 32.4900016784668, 'mean': 29.95109197443182, 'count': 55, 'sum': 1647.31005859375, 'median': 29.565000534057617}","(79.04601963500005, 17.668628100000035, 79.21037403500003, 17.842303224000034)",30-09-2023.geojson,Jangoan,,,,,
Mancherial,TSSD0197,325.26,"{'min': 25.170000076293945, 'max': 29.454999923706055, 'mean': 27.73550880561441, 'count': 59, 'sum': 1636.39501953125, 'median': 27.809999465942383}","(78.87934684700008, 19.019900233000044, 79.14171378500004, 19.252420733000065)",30-09-2023.geojson,Jannaram,,,,,
Sangareddy,TSSD0198,201.74,"{'min': 25.290000915527344, 'max': 30.260000228881836, 'mean': 28.64339644820602, 'count': 54, 'sum': 1546.743408203125, 'median': 28.821332931518555}","(77.61983002400007, 17.658920608000074, 77.80166598000005, 17.830565180000065)",30-09-2023.geojson,Jharasangam,,,,,
Kamareddy,TSSD0199,202.26,"{'min': 26.634000778198242, 'max': 31.785999298095703, 'mean': 28.407671760110293, 'count': 51, 'sum': 1448.791259765625, 'median': 28.142000198364258}","(77.52089201100006, 18.28200709200007, 77.71327737400003, 18.44419848700005)",30-09-2023.geojson,Jukkal,,,,,
Peddapalli,TSSD0200,99.87,"{'min': 27.656665802001953, 'max': 30.101999282836914, 'mean': 28.5733056640625, 'count': 25, 'sum': 714.3326416015625, 'median': 28.399999618530273}","(79.18432516400003, 18.56760788400004, 79.32424630400004, 18.684515247000036)",30-09-2023.geojson,Julapalli,,,,,
Bhadradri Kothagudem,TSSD0201,238.74,"{'min': 26.149999618530273, 'max': 33.45000076293945, 'mean': 30.59034465921336, 'count': 58, 'sum': 1774.239990234375, 'median': 30.479999542236328}","(80.39497889400008, 17.31732979800006, 80.57083109400008, 17.508103492000032)",30-09-2023.geojson,Julurupad,,,,,
Nirmal,TSSD0202,468.09,"{'min': 25.549999237060547, 'max': 31.197999954223633, 'mean': 28.00577247748941, 'count': 118, 'sum': 3304.68115234375, 'median': 27.760000228881836}","(78.69038218300005, 19.013677769000026, 78.95237500500008, 19.29677890000005)",30-09-2023.geojson,Kaddampeddur,,,,,
Rangareddy,TSSD0203,206.42,"{'min': 27.863332748413086, 'max': 31.0766658782959, 'mean': 29.41719111689815, 'count': 54, 'sum': 1588.5283203125, 'median': 29.637500762939453}","(78.39963638200004, 16.889455397000063, 78.66726844000004, 17.01510399700004)",30-09-2023.geojson,Kadthal,,,,,
Kumurambheem Asifabad,TSSD0204,442.33,"{'min': 27.510000228881836, 'max': 31.790000915527344, 'mean': 29.32916312839674, 'count': 115, 'sum': 3372.853759765625, 'median': 29.34000015258789}","(79.37624127800007, 19.26380363800007, 79.74691375500004, 19.538272434000078)",30-09-2023.geojson,Kagaznagar,,,,,
Sangareddy,TSSD0205,148.77,"{'min': 24.376667022705078, 'max': 29.036666870117188, 'mean': 27.25109038481841, 'count': 37, 'sum': 1008.2903442382812, 'median': 27.364999771118164}","(77.76680836100007, 18.084424897000076, 77.94552432200004, 18.20773521800004)",30-09-2023.geojson,Kalher,,,,,
Khammam,TSSD0206,369.38,"{'min': 25.190000534057617, 'max': 34.40999984741211, 'mean': 28.879268346207866, 'count': 89, 'sum': 2570.2548828125, 'median': 28.530000686645508}","(80.41727157700007, 17.030005989000074, 80.66704650100007, 17.34559519800007)",30-09-2023.geojson,Kalluru,,,,,
Jogulamba Gadwal,TSSD0207,176.12,"{'min': 29.116666793823242, 'max': 33.849998474121094, 'mean': 31.322184244791668, 'count': 45, 'sum': 1409.498291015625, 'median': 31.17799949645996}","(77.48561464400007, 16.116851987000075, 77.61961696400004, 16.303990486000032)",30-09-2023.geojson,Kaloor_Thimmandoddi,,,,,
Nagarkurnool,TSSD0208,291.99,"{'min': 30.209999084472656, 'max': 35.0099983215332, 'mean': 33.32723517166941, 'count': 76, 'sum': 2532.869873046875, 'median': 33.37999725341797}","(78.36374511900004, 16.483303271000068, 78.58638191300008, 16.728683611000065)",30-09-2023.geojson,Kalwakurthy,,,,,
Warangal_Urban,TSSD0209,158.52,"{'min': 28.263334274291992, 'max': 31.81999969482422, 'mean': 29.531787690662203, 'count': 42, 'sum': 1240.3350830078125, 'median': 29.398334503173828}","(79.45670027600005, 18.120212555000023, 79.60823806600007, 18.266255774000058)",30-09-2023.geojson,Kamalapur,,,,,
Peddapalli,TSSD0210,60.42,"{'min': 28.101999282836914, 'max': 31.09000015258789, 'mean': 29.070489501953126, 'count': 15, 'sum': 436.0573425292969, 'median': 28.71666717529297}","(79.44875966900008, 18.60172770400004, 79.55246524200004, 18.72207649300003)",30-09-2023.geojson,Kamanpur,,,,,
Kamareddy,TSSD0211,128.44,"{'min': 21.290000915527344, 'max': 30.850000381469727, 'mean': 27.245196174172793, 'count': 34, 'sum': 926.336669921875, 'median': 27.880001068115234}","(78.28734170500007, 18.25636160700003, 78.42834563700006, 18.390731163000055)",30-09-2023.geojson,Kamareddy,,,,,
Khammam,TSSD0212,181.36,"{'min': 28.93000030517578, 'max': 35.310001373291016, 'mean': 32.16586967136549, 'count': 46, 'sum': 1479.6300048828125, 'median': 31.899999618530273}","(80.15945686500004, 17.360238606000053, 80.35567105000007, 17.479176385000073)",30-09-2023.geojson,Kamepally,,,,,
Nalgonda,TSSD0213,224.78,"{'min': 29.030000686645508, 'max': 34.02000045776367, 'mean': 31.30700041118421, 'count': 57, 'sum': 1784.4990234375, 'median': 31.27400016784668}","(79.08479661000007, 16.864916728000026, 79.34770917300006, 17.030184575000078)",30-09-2023.geojson,Kanagal,,,,,
Sangareddy,TSSD0214,133.14,"{'min': 26.81999969482422, 'max': 30.329999923706055, 'mean': 28.906294080946182, 'count': 36, 'sum': 1040.6265869140625, 'median': 28.82666778564453}","(78.05577804100005, 17.483520140000053, 78.23367294200006, 17.655179960000055)",30-09-2023.geojson,Kandi,,,,,
Rangareddy,TSSD0215,307.2,"{'min': 28.41666603088379, 'max': 30.983333587646484, 'mean': 29.776707130142405, 'count': 79, 'sum': 2352.35986328125, 'median': 29.809999465942383}","(78.37786338200004, 16.983478904000037, 78.61378330000008, 17.178800228000057)",30-09-2023.geojson,Kandukur,,,,,
Sangareddy,TSSD0216,229.57,"{'min': 27.170000076293945, 'max': 33.11000061035156, 'mean': 31.213310629634535, 'count': 59, 'sum': 1841.5853271484375, 'median': 31.520000457763672}","(77.57077416300007, 18.120266103000063, 77.74494665400005, 18.30851545200005)",30-09-2023.geojson,Kangti,,,,,
Mulugu,TSSD0217,375.33,"{'min': 26.985000610351562, 'max': 32.130001068115234, 'mean': 28.57101619944853, 'count': 102, 'sum': 2914.24365234375, 'median': 28.394166946411133}","(80.21744759700005, 18.35017838500005, 80.43136112100007, 18.610090848000027)",30-09-2023.geojson,Kannaigudem,,,,,
Mancherial,TSSD0218,169.42,"{'min': 28.649999618530273, 'max': 31.219999313354492, 'mean': 30.10452933933424, 'count': 46, 'sum': 1384.808349609375, 'median': 30.086666107177734}","(79.54341301, 19.086726224000074, 79.80515899400007, 19.21311288000004)",30-09-2023.geojson,Kannepalli,,,,,
Medchal_Malkajgiri,TSSD0219,37.4,"{'min': 29.530000686645508, 'max': 32.29999923706055, 'mean': 31.631819291548297, 'count': 11, 'sum': 347.95001220703125, 'median': 32.130001068115234}","(78.53993706400007, 17.44957181700005, 78.62275029699998, 17.55306448500005)",30-09-2023.geojson,Kapra,,,,,
Bhadradri Kothagudem,TSSD0220,222.05,"{'min': 27.40999984741211, 'max': 32.84000015258789, 'mean': 30.08660678205819, 'count': 58, 'sum': 1745.023193359375, 'median': 30.545000076293945}","(80.43846561000004, 17.91182510400006, 80.64919648500006, 18.143483696000033)",30-09-2023.geojson,Karakagudem,,,,,
Karimnagar,TSSD0221,34.8,"{'min': 26.635000228881836, 'max': 34.36333465576172, 'mean': 30.92650032043457, 'count': 8, 'sum': 247.41200256347656, 'median': 31.45600128173828}","(79.07978481800006, 18.39706940700006, 79.15386183100003, 18.460363398000027)",30-09-2023.geojson,Karimnagar,,,,,
Karimnagar,TSSD0222,108.97,"{'min': 27.93000030517578, 'max': 32.9900016784668, 'mean': 30.043869018554688, 'count': 28, 'sum': 841.2283325195312, 'median': 30.05666732788086}","(79.11435933800004, 18.420124626000074, 79.23690609300007, 18.537991315000056)",30-09-2023.geojson,Karimnagar_Rural,,,,,
Mancherial,TSSD0223,335.72,"{'min': 24.1299991607666, 'max': 33.150001525878906, 'mean': 28.397829861111113, 'count': 90, 'sum': 2555.8046875, 'median': 28.349998474121094}","(79.21160353400006, 18.98447436300006, 79.48608882700012, 19.158965162000072)",30-09-2023.geojson,Kasipet,,,,,
Jayashankar Bhupalpally,TSSD0224,274.84,"{'min': 27.875, 'max': 31.299999237060547, 'mean': 29.69499478274829, 'count': 73, 'sum': 2167.734619140625, 'median': 29.84000015258789}","(79.81231549100005, 18.510496689000036, 80.03347280200006, 18.756648708000057)",30-09-2023.geojson,Kataram,,,,,
Jagtial,TSSD0225,181.36,"{'min': 19.876667022705078, 'max': 27.915000915527344, 'mean': 26.057715882646278, 'count': 47, 'sum': 1224.712646484375, 'median': 26.389999389648438}","(78.63177820100003, 18.63224633300007, 78.76086174700004, 18.789508428000033)",30-09-2023.geojson,Kathlapur,,,,,
Nalgonda,TSSD0226,192.46,"{'min': 29.20599937438965, 'max': 33.619998931884766, 'mean': 31.704848931760203, 'count': 49, 'sum': 1553.53759765625, 'median': 31.709999084472656}","(79.24206770600006, 17.11172541600007, 79.38446925700003, 17.291596570000024)",30-09-2023.geojson,Kattangur,,,,,
Medchal_Malkajgiri,TSSD0227,134.6,"{'min': 29.5766658782959, 'max': 32.75, 'mean': 31.039120144314236, 'count': 36, 'sum': 1117.4083251953125, 'median': 30.911666870117188}","(78.58185183200004, 17.451533257000108, 78.71265088600006, 17.579974081000103)",30-09-2023.geojson,Keesara,,,,,
Kumurambheem Asifabad,TSSD0228,347.89,"{'min': 25.850000381469727, 'max': 36.88999938964844, 'mean': 29.891429859203296, 'count': 91, 'sum': 2720.1201171875, 'median': 30.09000015258789}","(78.93889619900006, 19.359033433000036, 79.22333654800008, 19.56146381700006)",30-09-2023.geojson,Kerameri,,,,,
Mahabubabad,TSSD0229,223.57,"{'min': 29.770000457763672, 'max': 33.11000061035156, 'mean': 31.38000059964364, 'count': 57, 'sum': 1788.6600341796875, 'median': 31.376667022705078}","(79.76580500600005, 17.60004913100005, 80.002845149, 17.77047760000005)",30-09-2023.geojson,Kesamudram,,,,,
Rangareddy,TSSD0230,224.92,"{'min': 27.636667251586914, 'max': 32.939998626708984, 'mean': 30.18661092122396, 'count': 60, 'sum': 1811.1966552734375, 'median': 30.095001220703125}","(78.24782720400003, 16.852182651000078, 78.41558469000006, 17.051382707000073)",30-09-2023.geojson,Keshampeta,,,,,
Nalgonda,TSSD0231,147.6,"{'min': 27.53499984741211, 'max': 32.43000030517578, 'mean': 30.078810471754807, 'count': 39, 'sum': 1173.0736083984375, 'median': 30.06999969482422}","(79.43344777400006, 17.072395302000075, 79.59338210900006, 17.250148180000053)",30-09-2023.geojson,Kethepally,,,,,
Warangal_Urban,TSSD0232,107.02,"{'min': 30.385000228881836, 'max': 32.42333221435547, 'mean': 31.309321650752313, 'count': 27, 'sum': 845.3516845703125, 'median': 31.25666618347168}","(79.43206155600006, 17.908547911000028, 79.58935561300007, 18.00993669500002)",30-09-2023.geojson,Khaazipet,,,,,
Hyderabad,TSSD0233,17.24,"{'min': 29.41666603088379, 'max': 35.063331604003906, 'mean': 32.20083236694336, 'count': 4, 'sum': 128.80332946777344, 'median': 32.16166687011719}","(78.40497752100003, 17.40010627500004, 78.47749341400004, 17.45407132100007)",30-09-2023.geojson,Khairatabad,,,,,
Khammam,TSSD0234,193.74,"{'min': 31.690000534057617, 'max': 35.11000061035156, 'mean': 32.8884033203125, 'count': 50, 'sum': 1644.420166015625, 'median': 32.76000213623047}","(80.01676642200005, 17.178663853000046, 80.16691561700003, 17.394157440000072)",30-09-2023.geojson,Khammam_Rural,,,,,
Khammam,TSSD0235,92.31,"{'min': 30.709999084472656, 'max': 35.630001068115234, 'mean': 32.69130540930706, 'count': 23, 'sum': 751.9000244140625, 'median': 32.61000061035156}","(80.12187342100003, 17.179281596000067, 80.21584618000009, 17.31547050200004)",30-09-2023.geojson,Khammam_Urban,,,,,
Nirmal,TSSD0236,237.88,"{'min': 22.6299991607666, 'max': 30.709999084472656, 'mean': 28.359031677246094, 'count': 64, 'sum': 1814.97802734375, 'median': 28.639999389648438}","(78.50897303500005, 18.978111671000022, 78.74854953300007, 19.202461990000074)",30-09-2023.geojson,Khanapur,,,,,
Warangal_Rural,TSSD0237,139.46,"{'min': 27.450000762939453, 'max': 30.989999771118164, 'mean': 29.091176350911457, 'count': 36, 'sum': 1047.2823486328125, 'median': 29.094999313354492}","(79.88459942400004, 17.83523181700002, 80.00451405900003, 18.01960718500004)",30-09-2023.geojson,Khanapur,,,,,
Warangal_Urban,TSSD0238,81.36,"{'min': 30.60333251953125, 'max': 34.56999969482422, 'mean': 31.52962147105824, 'count': 22, 'sum': 693.6516723632812, 'median': 31.125}","(79.55364750200005, 17.86915675800003, 79.65825854800005, 17.98640269400005)",30-09-2023.geojson,Khila Warangal,,,,,
Suryapet,TSSD0239,172.15,"{'min': 28.239999771118164, 'max': 32.4900016784668, 'mean': 30.100318545386905, 'count': 42, 'sum': 1264.21337890625, 'median': 29.799999237060547}","(79.91293512200008, 16.880339314000025, 80.06097163900006, 17.02691814700006)",30-09-2023.geojson,Kodad,,,,,
Nagarkurnool,TSSD0240,205.2,"{'min': 23.649999618530273, 'max': 33.5099983215332, 'mean': 29.9107666015625, 'count': 26, 'sum': 777.679931640625, 'median': 30.514999389648438}","(78.16474055700007, 16.14974309100006, 78.34461354300004, 16.333836054000074)",30-09-2023.geojson,Kodair,,,,,
Vikarabad,TSSD0241,249.51,"{'min': 30.280000686645508, 'max': 36.88999938964844, 'mean': 33.98757472182765, 'count': 66, 'sum': 2243.179931640625, 'median': 33.90999984741211}","(77.46259225600005, 17.020933969000055, 77.71683994900008, 17.17841245900007)",30-09-2023.geojson,Kodangal,,,,,
Jagtial,TSSD0242,173.87,"{'min': 26.665000915527344, 'max': 29.303333282470703, 'mean': 27.69582790798611, 'count': 45, 'sum': 1246.312255859375, 'median': 27.524999618530273}","(78.78718529200006, 18.563739734000023, 78.98850070800006, 18.686862396000038)",30-09-2023.geojson,Kodimial,,,,,
Siddipet,TSSD0243,206.41,"{'min': 27.329999923706055, 'max': 31.809999465942383, 'mean': 30.501377986027645, 'count': 52, 'sum': 1586.0716552734375, 'median': 30.689998626708984}","(79.00475320700008, 18.075903099000072, 79.16300517000008, 18.272269959000027)",30-09-2023.geojson,Koheda,,,,,
Sangareddy,TSSD0244,227.62,"{'min': 23.139999389648438, 'max': 29.3799991607666, 'mean': 27.125951306573278, 'count': 58, 'sum': 1573.30517578125, 'median': 27.165000915527344}","(77.59549222600003, 17.509127681000052, 77.78321894100003, 17.705224807000036)",30-09-2023.geojson,Kohir,,,,,
Mahabubnagar,TSSD0245,223.05,"{'min': 26.643333435058594, 'max': 33.09000015258789, 'mean': 28.375696910511362, 'count': 55, 'sum': 1560.663330078125, 'median': 28.024999618530273}","(77.67537161200005, 16.697912056000064, 77.90854289100008, 16.881360866000023)",30-09-2023.geojson,Koilkonda,,,,,
Nagarkurnool,TSSD0246,550.84,"{'min': 22.770000457763672, 'max': 34.529998779296875, 'mean': 27.675711495535715, 'count': 112, 'sum': 3099.6796875, 'median': 27.139999389648438}","(78.21815549000007, 16.033659166000064, 78.66318925900003, 16.216795599000022)",30-09-2023.geojson,Kollapur,,,,,
Siddipet,TSSD0247,70.37,"{'min': 27.885000228881836, 'max': 29.795000076293945, 'mean': 28.839074028862846, 'count': 18, 'sum': 519.1033325195312, 'median': 28.739999771118164}","(78.82737597900007, 17.86888004900004, 78.93496047300005, 17.983517422000034)",30-09-2023.geojson,Komuravelli,,,,,
Rajanna Sircilla,TSSD0248,206.05,"{'min': 19.976667404174805, 'max': 32.27000045776367, 'mean': 27.89654314959491, 'count': 54, 'sum': 1506.413330078125, 'median': 27.946666717529297}","(78.59701726600008, 18.404112823000048, 78.81650433000004, 18.58795516200007)",30-09-2023.geojson,Konaraopet,,,,,
Nalgonda,TSSD0249,129.18,"{'min': 29.70199966430664, 'max': 35.43000030517578, 'mean': 32.06643584280303, 'count': 33, 'sum': 1058.1923828125, 'median': 32.305999755859375}","(78.91051620800005, 16.62638713000007, 79.06204241500006, 16.761790924000024)",30-09-2023.geojson,Kondamallapally,,,,,
Siddipet,TSSD0250,228.02,"{'min': 27.27666664123535, 'max': 30.703332901000977, 'mean': 28.887048940189548, 'count': 61, 'sum': 1762.1099853515625, 'median': 28.829999923706055}","(78.73352452400007, 17.87685569000007, 78.96029991500006, 18.053425754000045)",30-09-2023.geojson,Kondapak,,,,,
Sangareddy,TSSD0251,151.36,"{'min': 26.989999771118164, 'max': 31.6299991607666, 'mean': 29.38960461738782, 'count': 39, 'sum': 1146.194580078125, 'median': 29.543333053588867}","(77.93383054400005, 17.44954626200007, 78.07324348600008, 17.61087989500004)",30-09-2023.geojson,Kondapur,,,,,
Rangareddy,TSSD0252,130.56,"{'min': 26.649999618530273, 'max': 31.290000915527344, 'mean': 29.165857263513512, 'count': 37, 'sum': 1079.13671875, 'median': 29.40999984741211}","(78.01091079200006, 16.999636834000057, 78.09773848800006, 17.187709674000075)",30-09-2023.geojson,Kondurg,,,,,
Khammam,TSSD0253,248.08,"{'min': 29.06999969482422, 'max': 33.349998474121094, 'mean': 31.512928355823863, 'count': 66, 'sum': 2079.853271484375, 'median': 31.575000762939453}","(80.22907869200003, 17.128139428000054, 80.38924637100007, 17.358600223000053)",30-09-2023.geojson,Konijerla,,,,,
Jagtial,TSSD0254,137.05,"{'min': 27.549999237060547, 'max': 31.110000610351562, 'mean': 28.7503951223273, 'count': 38, 'sum': 1092.5150146484375, 'median': 28.43899917602539}","(78.66979872300004, 18.779122311000037, 78.80776997400005, 18.901121141000033)",30-09-2023.geojson,Korutla,,,,,
Narayanpet,TSSD0255,202.41,"{'min': 27.93000030517578, 'max': 33.560001373291016, 'mean': 31.44063746675532, 'count': 47, 'sum': 1477.7099609375, 'median': 31.549999237060547}","(77.62150517800006, 16.868413100000055, 77.78388791600008, 17.061626292000028)",30-09-2023.geojson,Kosgi,,,,,
Nizamabad,TSSD0256,167.13,"{'min': 24.703332901000977, 'max': 28.184999465942383, 'mean': 25.915396341463413, 'count': 41, 'sum': 1062.53125, 'median': 25.5766658782959}","(77.73094932200007, 18.49717835900003, 77.85433638100005, 18.66689713100004)",30-09-2023.geojson,Kotagiri,,,,,
Vikarabad,TSSD0257,113.18,"{'min': 26.350000381469727, 'max': 30.90999984741211, 'mean': 29.443010883946574, 'count': 31, 'sum': 912.7333374023438, 'median': 29.540000915527344}","(77.66819483500007, 17.359928257000036, 77.85253462800006, 17.473344975000032)",30-09-2023.geojson,Kotepally,,,,,
Mahabubabad,TSSD0258,542.64,"{'min': 26.305999755859375, 'max': 29.59000015258789, 'mean': 28.28776561114805, 'count': 141, 'sum': 3988.574951171875, 'median': 28.334999084472656}","(79.98324728200004, 17.77379955500004, 80.22702134100007, 18.106543834000036)",30-09-2023.geojson,Kothaguda,,,,,
Bhadradri Kothagudem,TSSD0259,16.26,"{'min': 30.5, 'max': 30.549999237060547, 'mean': 30.524999618530273, 'count': 2, 'sum': 61.04999923706055, 'median': 30.524999618530273}","(80.60094010100005, 17.503240987000027, 80.65378575800008, 17.562464026000043)",30-09-2023.geojson,Kothagudem,,,,,
Wanaparthy,TSSD0260,171.68,"{'min': 26.56999969482422, 'max': 33.38999938964844, 'mean': 29.85939577792553, 'count': 47, 'sum': 1403.3916015625, 'median': 30.049999237060547}","(77.88176111000007, 16.234691046000023, 77.99240426200004, 16.448187482000037)",30-09-2023.geojson,Kothakota,,,,,
Karimnagar,TSSD0261,97.2,"{'min': 26.06999969482422, 'max': 32.276668548583984, 'mean': 29.51564143254207, 'count': 26, 'sum': 767.4066772460938, 'median': 29.462499618530273}","(78.98612238300007, 18.39948258100003, 79.12597429000004, 18.514396049000027)",30-09-2023.geojson,Kothapally,,,,,
Rangareddy,TSSD0262,105.51,"{'min': 29.09000015258789, 'max': 31.530000686645508, 'mean': 30.054833984375, 'count': 30, 'sum': 901.64501953125, 'median': 30.075000762939453}","(78.21019675400004, 17.04105323500005, 78.36970700400008, 17.225492944000052)",30-09-2023.geojson,Kothur,,,,,
Kumurambheem Asifabad,TSSD0263,178.1,"{'min': 26.121999740600586, 'max': 32.6150016784668, 'mean': 29.305656270777927, 'count': 47, 'sum': 1377.3658447265625, 'median': 29.229999542236328}","(79.63414387600005, 19.452242796000064, 79.81867852100004, 19.607819128000074)",30-09-2023.geojson,Kouthala,,,,,
Medak,TSSD0264,161.34,"{'min': 23.91666603088379, 'max': 27.260000228881836, 'mean': 25.96379905523256, 'count': 43, 'sum': 1116.443359375, 'median': 25.969999313354492}","(78.10564250300007, 17.787310025000068, 78.29841681600004, 17.936446078000074)",30-09-2023.geojson,Kowdipally,,,,,
Nirmal,TSSD0265,282.48,"{'min': 26.39666748046875, 'max': 31.3799991607666, 'mean': 28.587903645833332, 'count': 75, 'sum': 2144.0927734375, 'median': 28.469999313354492}","(77.84760754200005, 19.143786309000063, 78.05573992700005, 19.342882151000026)",30-09-2023.geojson,Kubeer,,,,,
Medchal_Malkajgiri,TSSD0266,39.02,"{'min': 30.21666717529297, 'max': 33.176666259765625, 'mean': 31.563332297585227, 'count': 11, 'sum': 347.1966552734375, 'median': 31.483333587646484}","(78.36804921900006, 17.450165494000032, 78.44563956200005, 17.513917809000077)",30-09-2023.geojson,Kukatpally,,,,,
Medak,TSSD0267,155.55,"{'min': 22.75666618347168, 'max': 27.956666946411133, 'mean': 25.779648630242598, 'count': 38, 'sum': 979.6266479492188, 'median': 25.78333282470703}","(78.05900573700006, 17.903386933000036, 78.28836760200005, 18.020195513000033)",30-09-2023.geojson,Kulcharam,,,,,
Vikarabad,TSSD0268,196.33,"{'min': 22.440000534057617, 'max': 27.25, 'mean': 25.892092682594477, 'count': 43, 'sum': 1113.3599853515625, 'median': 26.260000228881836}","(77.79636866200008, 16.916114566000033, 77.99996008000005, 17.10676938000006)",30-09-2023.geojson,Kulkacharla,,,,,
Nirmal,TSSD0269,140.25,"{'min': 26.023332595825195, 'max': 31.56999969482422, 'mean': 28.99054120038007, 'count': 37, 'sum': 1072.6500244140625, 'median': 28.963333129882812}","(78.02051881300008, 19.088268194000023, 78.15736433900008, 19.254793077000045)",30-09-2023.geojson,Kuntala,,,,,
Mahabubabad,TSSD0270,241.32,"{'min': 31.399999618530273, 'max': 35.27000045776367, 'mean': 33.189539513221156, 'count': 65, 'sum': 2157.320068359375, 'median': 33.040000915527344}","(79.89569772600004, 17.36986128800004, 80.09682891600005, 17.588288271000067)",30-09-2023.geojson,Kuravi,,,,,
Khammam,TSSD0271,220.86,"{'min': 28.610000610351562, 'max': 35.75, 'mean': 31.86567214439655, 'count': 58, 'sum': 1848.208984375, 'median': 31.6299991607666}","(79.87484026500005, 17.11399079800003, 80.04316183700007, 17.29547575600003)",30-09-2023.geojson,Kusumanchi,,,,,
Nirmal,TSSD0272,125.72,"{'min': 19.709999084472656, 'max': 28.856666564941406, 'mean': 26.520734001608457, 'count': 34, 'sum': 901.7049560546875, 'median': 26.65250015258789}","(78.40349407400004, 18.95386539200007, 78.52341344300004, 19.102668410000035)",30-09-2023.geojson,Laxmanchanda,,,,,
Bhadradri Kothagudem,TSSD0273,229.46,"{'min': 27.729999542236328, 'max': 34.163333892822266, 'mean': 30.446756297144397, 'count': 58, 'sum': 1765.911865234375, 'median': 30.350000381469727}","(80.51384827600003, 17.535477607000075, 80.67198351200005, 17.81657303700007)",30-09-2023.geojson,Laxmidevipally,,,,,
Jangoan,TSSD0274,187.87,"{'min': 28.81999969482422, 'max': 32.663333892822266, 'mean': 31.235471141581634, 'count': 49, 'sum': 1530.5380859375, 'median': 31.28499984741211}","(79.13021988100007, 17.575431923000053, 79.31745159400003, 17.72563423400004)",30-09-2023.geojson,Lingalaghanpur,,,,,
Kamareddy,TSSD0275,255.84,"{'min': 20.139999389648438, 'max': 27.59000015258789, 'mean': 25.814533906824447, 'count': 68, 'sum': 1755.3883056640625, 'median': 25.920000076293945}","(78.02552329400004, 18.13087097700003, 78.21768245400006, 18.355649218000053)",30-09-2023.geojson,Lingampet,,,,,
Kumurambheem Asifabad,TSSD0276,162.69,"{'min': 26.90999984741211, 'max': 30.170000076293945, 'mean': 28.37928699311756, 'count': 42, 'sum': 1191.9300537109375, 'median': 28.350000381469727}","(78.91810375000006, 19.205612909000024, 79.11073564000003, 19.342131322000057)",30-09-2023.geojson,Lingapur,,,,,
Nirmal,TSSD0277,222.97,"{'min': 24.049999237060547, 'max': 29.579999923706055, 'mean': 26.501226806640624, 'count': 60, 'sum': 1590.0736083984375, 'median': 26.428001403808594}","(78.00594866600005, 18.931946796000034, 78.23875211300003, 19.085518010000044)",30-09-2023.geojson,Lokeshwaram,,,,,
Mancherial,TSSD0278,151.79,"{'min': 26.469999313354492, 'max': 30.96500015258789, 'mean': 28.68646709735577, 'count': 39, 'sum': 1118.772216796875, 'median': 28.420000076293945}","(79.16655337500003, 18.832516484000053, 79.30981884700003, 19.005514334000054)",30-09-2023.geojson,Luxettipet,,,,,
Kamareddy,TSSD0279,210.35,"{'min': 24.709999084472656, 'max': 28.516666412353516, 'mean': 26.833214896065847, 'count': 56, 'sum': 1502.6600341796875, 'median': 26.95333480834961}","(78.38704550600005, 18.26697810400003, 78.56264784400008, 18.467778762000023)",30-09-2023.geojson,Machareddy,,,,,
Wanaparthy,TSSD0280,102.15,"{'min': 25.110000610351562, 'max': 33.380001068115234, 'mean': 28.965908203125, 'count': 25, 'sum': 724.147705078125, 'median': 28.6299991607666}","(77.82095279900005, 16.300196190000065, 77.92236147200003, 16.45097719200004)",30-09-2023.geojson,Madanapur,,,,,
Suryapet,TSSD0281,130.55,"{'min': 29.7450008392334, 'max': 34.54999923706055, 'mean': 31.60314243861607, 'count': 35, 'sum': 1106.1099853515625, 'median': 31.860000610351562}","(79.63339168000005, 17.351837121000074, 79.79652225800004, 17.470968053000036)",30-09-2023.geojson,Maddirala,,,,,
Narayanpet,TSSD0282,229.43,"{'min': 28.290000915527344, 'max': 32.72999954223633, 'mean': 30.887068123653016, 'count': 58, 'sum': 1791.449951171875, 'median': 31.139999389648438}","(77.56183110400008, 16.77489021100007, 77.74489013300007, 16.952964019000035)",30-09-2023.geojson,Maddur,,,,,
Siddipet,TSSD0283,90.43,"{'min': 28.704999923706055, 'max': 31.236665725708008, 'mean': 30.25659688313802, 'count': 24, 'sum': 726.1583251953125, 'median': 30.40999984741211}","(79.01132752500001, 17.86198517100007, 79.12089267400006, 17.966105778000042)",30-09-2023.geojson,Maddur,,,,,
Rangareddy,TSSD0284,264.88,"{'min': 29.40999984741211, 'max': 35.349998474121094, 'mean': 32.93713039822049, 'count': 72, 'sum': 2371.473388671875, 'median': 33.45500183105469}","(78.58095395400005, 16.75043613200006, 78.80230556900005, 16.944488267000054)",30-09-2023.geojson,Madgul,,,,,
Khammam,TSSD0285,210.2,"{'min': 29.399999618530273, 'max': 37.90999984741211, 'mean': 33.436667049632355, 'count': 51, 'sum': 1705.27001953125, 'median': 33.470001220703125}","(80.31236943000005, 16.82168020900002, 80.47000219000006, 17.070547697000052)",30-09-2023.geojson,Madhira,,,,,
Kamareddy,TSSD0286,235.87,"{'min': 25.920000076293945, 'max': 29.696666717529297, 'mean': 28.01287644909274, 'count': 62, 'sum': 1736.79833984375, 'median': 28.054000854492188}","(77.54916412900008, 18.384667036000053, 77.76294653600007, 18.55697662400007)",30-09-2023.geojson,Madnur,,,,,
Nalgonda,TSSD0287,219.21,"{'min': 27.405000686645508, 'max': 34.380001068115234, 'mean': 30.249995640345983, 'count': 56, 'sum': 1693.999755859375, 'median': 30.305500030517578}","(79.34641497200005, 16.895418574000075, 79.56245174900005, 17.09279099500003)",30-09-2023.geojson,Madugulapally,,,,,
Narayanpet,TSSD0288,182.41,"{'min': 24.389999389648438, 'max': 35.220001220703125, 'mean': 30.46770178753397, 'count': 46, 'sum': 1401.5142822265625, 'median': 30.185001373291016}","(77.36910946300009, 16.375499069, 77.53031708000003, 16.588101701000085)",30-09-2023.geojson,Maganoor,,,,,
Mahabubabad,TSSD0289,229.64,"{'min': 29.883333206176758, 'max': 34.88999938964844, 'mean': 32.126310754994876, 'count': 61, 'sum': 1959.7049560546875, 'median': 31.790000915527344}","(79.84115276500006, 17.501311835000024, 80.09111942000004, 17.697718735000137)",30-09-2023.geojson,Mahabubabad,,,,,
Mahabubnagar,TSSD0290,99.98,"{'min': 26.850000381469727, 'max': 30.56999969482422, 'mean': 28.319168090820312, 'count': 12, 'sum': 339.83001708984375, 'median': 28.05500030517578}","(77.94626825800003, 16.706941769000025, 78.09470899900003, 16.806279568000036)",30-09-2023.geojson,Mahabubnagar_Urban,,,,,
Jayashankar Bhupalpally,TSSD0291,299.12,"{'min': 27.100000381469727, 'max': 34.663333892822266, 'mean': 29.770224488811728, 'count': 81, 'sum': 2411.38818359375, 'median': 29.123332977294922}","(79.82048229900005, 18.630638763000036, 80.11061256100004, 18.86890015800003)",30-09-2023.geojson,Mahadevpur,,,,,
Rangareddy,TSSD0292,252.27,"{'min': 27.718000411987305, 'max': 30.729999542236328, 'mean': 29.76843449519231, 'count': 65, 'sum': 1934.9482421875, 'median': 29.889999389648438}","(78.30122014300008, 17.028058688000044, 78.54049373500004, 17.239387140000076)",30-09-2023.geojson,Maheswaram,,,,,
Nizamabad,TSSD0293,193.35,"{'min': 22.829999923706055, 'max': 27.170000076293945, 'mean': 25.209127572866585, 'count': 52, 'sum': 1310.8746337890625, 'median': 25.174999237060547}","(78.05675830000007, 18.66482496200007, 78.22576505800004, 18.852068687000042)",30-09-2023.geojson,Makloor,,,,,
Narayanpet,TSSD0294,363.86,"{'min': 26.190000534057617, 'max': 35.349998474121094, 'mean': 30.822355850883152, 'count': 92, 'sum': 2835.65673828125, 'median': 30.878999710083008}","(77.45220537800003, 16.34148046400003, 77.67347100500007, 16.59593542500005)",30-09-2023.geojson,Makthal,,,,,
Jogulamba Gadwal,TSSD0295,241.46,"{'min': 29.156665802001953, 'max': 37.650001525878906, 'mean': 33.84886944110577, 'count': 65, 'sum': 2200.176513671875, 'median': 33.4900016784668}","(77.63191914500004, 16.011527430000058, 77.79042152200003, 16.212472503000072)",30-09-2023.geojson,Maldakal,,,,,
Jayashankar Bhupalpally,TSSD0296,330.72,"{'min': 28.0, 'max': 33.689998626708984, 'mean': 30.01413717830882, 'count': 85, 'sum': 2551.20166015625, 'median': 30.0049991607666}","(79.67910470400005, 18.410415433000026, 79.92225416300005, 18.645377148000023)",30-09-2023.geojson,Malharrao,,,,,
Medchal_Malkajgiri,TSSD0297,30.3,"{'min': 31.5, 'max': 33.470001220703125, 'mean': 32.327779134114586, 'count': 9, 'sum': 290.95001220703125, 'median': 31.989999771118164}","(78.50463339200007, 17.428292171000066, 78.55954592700004, 17.505731841000056)",30-09-2023.geojson,Malkajgiri,,,,,
Jagtial,TSSD0298,213.62,"{'min': 27.489999771118164, 'max': 29.889999389648438, 'mean': 28.428697858537948, 'count': 56, 'sum': 1592.007080078125, 'median': 28.405000686645508}","(78.61662895600006, 18.874482111000077, 78.81309041900005, 19.03748223200006)",30-09-2023.geojson,Mallapur,,,,,
Jagtial,TSSD0299,151.65,"{'min': 26.549999237060547, 'max': 29.363332748413086, 'mean': 28.048497641958843, 'count': 41, 'sum': 1149.9884033203125, 'median': 27.836666107177734}","(78.83599988400005, 18.650343142000054, 79.00846227100004, 18.762767418000067)",30-09-2023.geojson,Mallial,,,,,
Nirmal,TSSD0300,303.59,"{'min': 14.4399995803833, 'max': 31.209999084472656, 'mean': 27.688519287109376, 'count': 80, 'sum': 2215.08154296875, 'median': 27.933334350585938}","(78.40539725900004, 18.946457939000027, 78.61865077500005, 19.23040426800003)",30-09-2023.geojson,Mamda,,,,,
Karimnagar,TSSD0301,205.41,"{'min': 27.30500030517578, 'max': 31.709999084472656, 'mean': 29.02288583608774, 'count': 52, 'sum': 1509.1900634765625, 'median': 28.700000762939453}","(79.15750397500005, 18.315741219000074, 79.35328729400004, 18.481920999000067)",30-09-2023.geojson,Manakondur,,,,,
Rangareddy,TSSD0302,234.43,"{'min': 29.196666717529297, 'max': 32.61000061035156, 'mean': 30.751102570564516, 'count': 62, 'sum': 1906.568359375, 'median': 30.619998931884766}","(78.65286760000004, 17.00487583200004, 78.84397639500008, 17.201225641000065)",30-09-2023.geojson,Manchal,,,,,
Mancherial,TSSD0303,40.12,"{'min': 29.649999618530273, 'max': 32.11000061035156, 'mean': 30.6961669921875, 'count': 8, 'sum': 245.5693359375, 'median': 30.560001373291016}","(79.41610667100008, 18.835052002000054, 79.48472162900003, 18.913545975000034)",30-09-2023.geojson,Mancherial,,,,,
Mancherial,TSSD0304,171.08,"{'min': 28.5, 'max': 32.75, 'mean': 30.1593017578125, 'count': 43, 'sum': 1296.8499755859375, 'median': 30.1299991607666}","(79.39193241000004, 18.891641181000068, 79.59105304600007, 19.015526930000078)",30-09-2023.geojson,Mandamarri,,,,,
Mulugu,TSSD0305,392.56,"{'min': 26.299999237060547, 'max': 30.863332748413086, 'mean': 28.657020346632283, 'count': 103, 'sum': 2951.673095703125, 'median': 28.736665725708008}","(80.40836158100007, 18.080546712000057, 80.70882201500007, 18.304706081000063)",30-09-2023.geojson,Mangapet,,,,,
Sangareddy,TSSD0306,148.62,"{'min': 23.600000381469727, 'max': 30.920000076293945, 'mean': 28.954756573932926, 'count': 41, 'sum': 1187.14501953125, 'median': 29.110000610351562}","(77.64845538500003, 17.878779076000058, 77.83149306000007, 18.04513193200006)",30-09-2023.geojson,Manoor,,,,,
Jogulamba Gadwal,TSSD0307,163.37,"{'min': 32.29666519165039, 'max': 38.9033317565918, 'mean': 36.82467928799716, 'count': 44, 'sum': 1620.285888671875, 'median': 37.10266876220703}","(77.86929360900007, 15.885358944000075, 78.03319288300008, 16.08949442000005)",30-09-2023.geojson,Manopad,,,,,
Peddapalli,TSSD0308,311.44,"{'min': 26.46500015258789, 'max': 31.954999923706055, 'mean': 29.524539039248513, 'count': 84, 'sum': 2480.061279296875, 'median': 29.482500076293945}","(79.56456396600004, 18.561850238000034, 79.83268954900007, 18.738350264000076)",30-09-2023.geojson,Manthani,,,,,
Bhadradri Kothagudem,TSSD0309,241.6,"{'min': 27.176666259765625, 'max': 34.650001525878906, 'mean': 29.297896634615384, 'count': 65, 'sum': 1904.36328125, 'median': 28.850000381469727}","(80.66740807500008, 17.879481733000034, 80.88542464200003, 18.045849738000072)",30-09-2023.geojson,Manuguru,,,,,
Hyderabad,TSSD0310,12.89,"{'min': 32.02333450317383, 'max': 32.810001373291016, 'mean': 32.35444641113281, 'count': 3, 'sum': 97.06333923339844, 'median': 32.22999954223633}","(78.49007358600005, 17.42094839600003, 78.55631568500007, 17.46893287000006)",30-09-2023.geojson,Maredpally,,,,,
Narayanpet,TSSD0311,159.77,"{'min': 26.454999923706055, 'max': 33.15999984741211, 'mean': 29.743570963541668, 'count': 42, 'sum': 1249.22998046875, 'median': 29.84000015258789}","(77.65664280100003, 16.506114195000066, 77.79841434500008, 16.665240555000025)",30-09-2023.geojson,Marikal,,,,,
Mahabubabad,TSSD0312,234.68,"{'min': 30.649999618530273, 'max': 34.459999084472656, 'mean': 32.720678297139834, 'count': 59, 'sum': 1930.52001953125, 'median': 32.77000045776367}","(79.76148480300003, 17.321621569000058, 79.98270166300006, 17.48693560600003)",30-09-2023.geojson,Maripeda,,,,,
Siddipet,TSSD0313,105.43,"{'min': 26.703332901000977, 'max': 31.389999389648438, 'mean': 29.76833234514509, 'count': 28, 'sum': 833.5133056640625, 'median': 29.90333366394043}","(78.66415458400007, 17.667265188000044, 78.78250869300007, 17.810152515000027)",30-09-2023.geojson,Markook,,,,,
Vikarabad,TSSD0314,225.88,"{'min': 24.690000534057617, 'max': 32.02000045776367, 'mean': 28.40318110951206, 'count': 57, 'sum': 1618.9813232421875, 'median': 28.545000076293945}","(77.68610927900005, 17.453891702000078, 77.87740943300008, 17.638691618000053)",30-09-2023.geojson,Marpalle,,,,,
Nalgonda,TSSD0315,229.14,"{'min': 29.536666870117188, 'max': 36.0099983215332, 'mean': 32.51289142546106, 'count': 61, 'sum': 1983.286376953125, 'median': 32.290000915527344}","(78.75919635200006, 16.90874455200003, 78.96448818000005, 17.07201425200003)",30-09-2023.geojson,Marriguda,,,,,
Suryapet,TSSD0316,210.69,"{'min': 27.059999465942383, 'max': 35.720001220703125, 'mean': 30.8502888229658, 'count': 53, 'sum': 1635.0653076171875, 'median': 30.0766658782959}","(79.76031217600007, 16.657641133000027, 79.94384993900007, 16.842244540000024)",30-09-2023.geojson,Mattampalli,,,,,
Medak,TSSD0317,140.85,"{'min': 24.790000915527344, 'max': 28.89666748046875, 'mean': 26.82513592694257, 'count': 37, 'sum': 992.530029296875, 'median': 26.969999313354492}","(78.20774346500008, 17.973932821000062, 78.36819518300007, 18.10438747300003)",30-09-2023.geojson,Medak,,,,,
Medchal_Malkajgiri,TSSD0318,187.56,"{'min': 25.969999313354492, 'max': 31.0, 'mean': 28.915447528545673, 'count': 52, 'sum': 1503.603271484375, 'median': 28.96500015258789}","(78.38095406300005, 17.551049357000068, 78.56000059500008, 17.70854524600003)",30-09-2023.geojson,Medchal,,,,,
Jagtial,TSSD0319,206.03,"{'min': 26.8799991607666, 'max': 30.173999786376953, 'mean': 28.013649680397727, 'count': 55, 'sum': 1540.750732421875, 'median': 27.889999389648438}","(78.73214094600007, 18.624887353000076, 78.85330317100005, 18.885390032000032)",30-09-2023.geojson,Medipalle,,,,,
Medchal_Malkajgiri,TSSD0320,33.63,"{'min': 30.2450008392334, 'max': 33.11000061035156, 'mean': 31.808334350585938, 'count': 8, 'sum': 254.4666748046875, 'median': 32.06333541870117}","(78.56396765400007, 17.387088967000068, 78.62540001600007, 17.4548326310001)",30-09-2023.geojson,Medipally,,,,,
Suryapet,TSSD0321,148.48,"{'min': 26.649999618530273, 'max': 35.56999969482422, 'mean': 31.610919189453124, 'count': 40, 'sum': 1264.436767578125, 'median': 31.439998626708984}","(79.86430255300007, 16.749144942000044, 80.04667389300005, 16.897589783000058)",30-09-2023.geojson,Mellachervu,,,,,
Nizamabad,TSSD0322,74.74,"{'min': 25.399999618530273, 'max': 30.424999237060547, 'mean': 27.82056884765625, 'count': 20, 'sum': 556.411376953125, 'median': 27.624000549316406}","(78.34141407100003, 18.91286552100007, 78.45746941500005, 19.003231226000025)",30-09-2023.geojson,Mendora,,,,,
Jagtial,TSSD0323,189.57,"{'min': 20.780000686645508, 'max': 30.15999984741211, 'mean': 27.416156843596813, 'count': 51, 'sum': 1398.2239990234375, 'median': 28.030000686645508}","(78.53968262500007, 18.72081223600003, 78.67956378400004, 18.895674916000075)",30-09-2023.geojson,Metpalli,,,,,
Mahabubnagar,TSSD0324,164.85,"{'min': 29.670000076293945, 'max': 34.349998474121094, 'mean': 32.37309337797619, 'count': 42, 'sum': 1359.669921875, 'median': 32.724998474121094}","(78.21714079300006, 16.678018442000052, 78.36989334400005, 16.825534489000063)",30-09-2023.geojson,Midjil,,,,,
Siddipet,TSSD0325,167.82,"{'min': 27.1299991607666, 'max': 29.969999313354492, 'mean': 28.569687954215116, 'count': 43, 'sum': 1228.49658203125, 'median': 28.516666412353516}","(78.56910611300003, 17.992796036000072, 78.73068591400005, 18.14881470800003)",30-09-2023.geojson,Mirdoddi,,,,,
Nalgonda,TSSD0326,248.98,"{'min': 27.93666648864746, 'max': 33.11000061035156, 'mean': 30.273964533730158, 'count': 63, 'sum': 1907.259765625, 'median': 30.295713424682617}","(79.48474594700008, 16.761982963000037, 79.66781758100007, 17.007573905000072)",30-09-2023.geojson,Miryalaguda,,,,,
Sangareddy,TSSD0327,152.32,"{'min': 26.75666618347168, 'max': 29.836666107177734, 'mean': 28.49608732524671, 'count': 38, 'sum': 1082.851318359375, 'median': 28.437999725341797}","(77.44416825100006, 17.542551853000077, 77.59394938800006, 17.703749020000032)",30-09-2023.geojson,Mogudampally,,,,,
Jayashankar Bhupalpally,TSSD0328,117.77,"{'min': 27.670000076293945, 'max': 34.9900016784668, 'mean': 30.5739990234375, 'count': 25, 'sum': 764.3499755859375, 'median': 29.625}","(79.55918339200008, 18.25321451900004, 79.69624194900007, 18.367730020000067)",30-09-2023.geojson,Mogullapally,,,,,
Rangareddy,TSSD0329,210.03,"{'min': 26.02199935913086, 'max': 30.93000030517578, 'mean': 29.23932823768029, 'count': 52, 'sum': 1520.445068359375, 'median': 29.429000854492188}","(78.18364043400004, 17.24469818700004, 78.37521359500005, 17.39979780400006)",30-09-2023.geojson,Moinabad,,,,,
Vikarabad,TSSD0330,185.55,"{'min': 26.25, 'max': 31.270000457763672, 'mean': 28.905321308210784, 'count': 51, 'sum': 1474.17138671875, 'median': 28.90999984741211}","(77.80132142600007, 17.440949010000054, 78.02278448100003, 17.58481577400005)",30-09-2023.geojson,Mominpet,,,,,
Mahabubnagar,TSSD0331,95.02,"{'min': 26.25, 'max': 29.8700008392334, 'mean': 28.12240234375, 'count': 25, 'sum': 703.06005859375, 'median': 28.1299991607666}","(77.88815901700008, 16.55990335200005, 78.03642113100005, 16.65578400800007)",30-09-2023.geojson,Moosapet,,,,,
Nizamabad,TSSD0332,110.93,"{'min': 25.523332595825195, 'max': 29.110000610351562, 'mean': 27.607010904947916, 'count': 30, 'sum': 828.2103271484375, 'median': 27.762001037597656}","(78.39569656400005, 18.754933092000044, 78.51049422500006, 18.895877668000026)",30-09-2023.geojson,Morthad,,,,,
Yadadri Bhuvanagiri,TSSD0333,154.09,"{'min': 29.260000228881836, 'max': 31.545000076293945, 'mean': 30.22067406063988, 'count': 42, 'sum': 1269.268310546875, 'median': 30.059499740600586}","(79.02191272500005, 17.447705855000038, 79.18771359200008, 17.614164877000064)",30-09-2023.geojson,Motakondur,,,,,
Suryapet,TSSD0334,191.84,"{'min': 28.829999923706055, 'max': 35.72999954223633, 'mean': 32.12949462890625, 'count': 50, 'sum': 1606.4747314453125, 'median': 32.15166473388672}","(79.72864807600007, 17.098594648000073, 79.90108897100004, 17.295132846000058)",30-09-2023.geojson,Mothey,,,,,
Yadadri Bhuvanagiri,TSSD0335,146.43,"{'min': 29.82200050354004, 'max': 32.435001373291016, 'mean': 31.05011768830128, 'count': 39, 'sum': 1210.95458984375, 'median': 30.815000534057617}","(79.17886738600004, 17.35663582600006, 79.34505761300005, 17.499013259000037)",30-09-2023.geojson,Mothkur,,,,,
Nirmal,TSSD0336,187.43,"{'min': 25.270000457763672, 'max': 28.799999237060547, 'mean': 26.833334217900816, 'count': 46, 'sum': 1234.3333740234375, 'median': 26.799999237060547}","(77.87363589400007, 18.90926259400004, 78.04943334300003, 19.05199254100006)",30-09-2023.geojson,Mudhole,,,,,
Khammam,TSSD0337,202.95,"{'min': 28.618000030517578, 'max': 35.849998474121094, 'mean': 32.29148512620192, 'count': 52, 'sum': 1679.1572265625, 'median': 32.83000183105469}","(79.99976989400005, 16.987411645000066, 80.17144520800008, 17.21465495600006)",30-09-2023.geojson,Mudigonda,,,,,
Nizamabad,TSSD0338,196.22,"{'min': 24.90999984741211, 'max': 27.05500030517578, 'mean': 25.864659926470587, 'count': 51, 'sum': 1319.09765625, 'median': 25.815000534057617}","(78.03331485400008, 18.477793812000073, 78.18413506400003, 18.66033533700005)",30-09-2023.geojson,Mugpal,,,,,
Bhadradri Kothagudem,TSSD0339,514.62,"{'min': 27.510000228881836, 'max': 31.1299991607666, 'mean': 29.345455813717532, 'count': 77, 'sum': 2259.60009765625, 'median': 29.280000686645508}","(80.70650352000007, 17.353825033000078, 80.96455307900004, 17.59430879000007)",30-09-2023.geojson,Mulakalapally,,,,,
Mulugu,TSSD0340,363.24,"{'min': 26.266666412353516, 'max': 31.857999801635742, 'mean': 29.413638466282894, 'count': 95, 'sum': 2794.295654296875, 'median': 29.325000762939453}","(79.81475825400008, 18.07019176600005, 80.14227776900003, 18.247994896000023)",30-09-2023.geojson,Mulug,,,,,
Siddipet,TSSD0341,148.86,"{'min': 25.843334197998047, 'max': 30.55666732788086, 'mean': 28.678717197516026, 'count': 39, 'sum': 1118.469970703125, 'median': 28.59000015258789}","(78.49289586600008, 17.669503792000057, 78.72948919400005, 17.760743728000023)",30-09-2023.geojson,Mulug,,,,,
Suryapet,TSSD0342,140.35,"{'min': 27.690000534057617, 'max': 34.43000030517578, 'mean': 30.613809204101564, 'count': 40, 'sum': 1224.5523681640625, 'median': 30.162500381469727}","(79.71348967800003, 16.97659834500007, 79.93382971200003, 17.162332160000062)",30-09-2023.geojson,Munagala,,,,,
Sangareddy,TSSD0343,221.68,"{'min': 23.015714645385742, 'max': 31.170000076293945, 'mean': 27.935699462890625, 'count': 56, 'sum': 1564.399169921875, 'median': 28.600000381469727}","(77.76970420300006, 17.61306823700005, 77.93222993400008, 17.821658166000077)",30-09-2023.geojson,Munipally,,,,,
Nalgonda,TSSD0344,242.13,"{'min': 31.194000244140625, 'max': 36.3650016784668, 'mean': 33.50281871448863, 'count': 66, 'sum': 2211.18603515625, 'median': 33.19499969482422}","(78.92781504300007, 16.99371558000007, 79.14931293500007, 17.18453899000002)",30-09-2023.geojson,Munugode,,,,,
Nizamabad,TSSD0345,53.32,"{'min': 24.829999923706055, 'max': 27.940000534057617, 'mean': 27.052355085100448, 'count': 14, 'sum': 378.73297119140625, 'median': 27.5364990234375}","(78.33239376200004, 18.87289880800006, 78.45351563000008, 18.968813642000043)",30-09-2023.geojson,Mupkal,,,,,
Hyderabad,TSSD0346,9.91,"{'min': 31.610000610351562, 'max': 31.823333740234375, 'mean': 31.71666717529297, 'count': 2, 'sum': 63.43333435058594, 'median': 31.71666717529297}","(78.47735671700008, 17.40191402800002, 78.52763446200004, 17.43504124900005)",30-09-2023.geojson,Musheerabad,,,,,
Rajanna Sircilla,TSSD0347,162.34,"{'min': 27.016666412353516, 'max': 28.950000762939453, 'mean': 28.08973019622093, 'count': 43, 'sum': 1207.8583984375, 'median': 28.155000686645508}","(78.62827650500003, 18.21376387500004, 78.77109860300004, 18.360829288000048)",30-09-2023.geojson,Mustabad,,,,,
Jayashankar Bhupalpally,TSSD0348,603.81,"{'min': 27.260000228881836, 'max': 30.549999237060547, 'mean': 28.883843994140626, 'count': 160, 'sum': 4621.4150390625, 'median': 28.889999389648438}","(79.93211438700007, 18.348852581000074, 80.27331132300003, 18.665550444000075)",30-09-2023.geojson,Mutharam_Mahadevpur,,,,,
Peddapalli,TSSD0349,143.95,"{'min': 27.729999542236328, 'max': 32.939998626708984, 'mean': 29.816666886613177, 'count': 37, 'sum': 1103.2166748046875, 'median': 29.549999237060547}","(79.56376559100005, 18.46670946200004, 79.71861493100005, 18.60236795900005)",30-09-2023.geojson,Mutharam_Manthani,,,,,
Suryapet,TSSD0350,132.47,"{'min': 28.71666717529297, 'max': 34.029998779296875, 'mean': 30.52737334280303, 'count': 33, 'sum': 1007.4033203125, 'median': 30.344999313354492}","(79.81542641000004, 17.031014071000072, 79.94769370600005, 17.174546916000054)",30-09-2023.geojson,Nadigudem,,,,,
Sangareddy,TSSD0351,148.84,"{'min': 27.690000534057617, 'max': 31.739999771118164, 'mean': 29.796832275390624, 'count': 40, 'sum': 1191.873291015625, 'median': 29.85333251953125}","(77.54918865800005, 17.98547994300003, 77.71900749600007, 18.124343363000037)",30-09-2023.geojson,Nagalgidda,,,,,
Suryapet,TSSD0352,134.54,"{'min': 29.996665954589844, 'max': 32.89500045776367, 'mean': 31.40718819754464, 'count': 35, 'sum': 1099.2515869140625, 'median': 31.463333129882812}","(79.41253491600008, 17.34124849500006, 79.57155473400007, 17.45790335600003)",30-09-2023.geojson,Nagaram,,,,,
Kamareddy,TSSD0353,138.95,"{'min': 25.437999725341797, 'max': 27.476667404174805, 'mean': 26.518019732306986, 'count': 34, 'sum': 901.6126708984375, 'median': 26.72166633605957}","(78.01381962800008, 18.068441783000026, 78.17948646600007, 18.201817321000078)",30-09-2023.geojson,Nagi_Reddypet,,,,,
Nalgonda,TSSD0354,151.19,"{'min': 28.878000259399414, 'max': 33.04999923706055, 'mean': 30.830316162109376, 'count': 40, 'sum': 1233.212646484375, 'median': 30.491500854492188}","(79.36271400100003, 17.074334117000035, 79.51356132300003, 17.265691678000053)",30-09-2023.geojson,Nakrekal,,,,,
Nalgonda,TSSD0355,356.0,"{'min': 27.45400047302246, 'max': 36.26333236694336, 'mean': 32.111569582760985, 'count': 91, 'sum': 2922.15283203125, 'median': 32.29399871826172}","(79.11238633500005, 16.95004682000007, 79.38632643800008, 17.14875526800006)",30-09-2023.geojson,Nalgonda,,,,,
Warangal_Rural,TSSD0356,164.31,"{'min': 27.780000686645508, 'max': 33.04999923706055, 'mean': 30.26007080078125, 'count': 48, 'sum': 1452.4833984375, 'median': 30.378000259399414}","(79.81066170600008, 17.993540445000065, 80.04124404200007, 18.11528805000006)",30-09-2023.geojson,Nallabelli,,,,,
Hyderabad,TSSD0357,11.34,"{'min': 32.36000061035156, 'max': 34.880001068115234, 'mean': 33.69000244140625, 'count': 3, 'sum': 101.07000732421875, 'median': 33.83000183105469}","(78.45809052700008, 17.36457170500006, 78.49555773000003, 17.405714060000037)",30-09-2023.geojson,Nampally,,,,,
Nalgonda,TSSD0358,280.57,"{'min': 31.299999237060547, 'max': 35.25666809082031, 'mean': 33.18595823523116, 'count': 73, 'sum': 2422.574951171875, 'median': 33.2599983215332}","(78.84925232700004, 16.740287084000045, 79.04788463500006, 16.965538953000078)",30-09-2023.geojson,Nampally,,,,,
Rangareddy,TSSD0359,86.28,"{'min': 29.09000015258789, 'max': 31.459999084472656, 'mean': 30.634699041193183, 'count': 22, 'sum': 673.96337890625, 'median': 30.729999542236328}","(78.16420628000003, 17.07450775600006, 78.31375295500004, 17.187439899000026)",30-09-2023.geojson,Nandigama,,,,,
Nizamabad,TSSD0360,296.41,"{'min': 23.44499969482422, 'max': 28.46500015258789, 'mean': 25.649731128246753, 'count': 77, 'sum': 1975.029296875, 'median': 25.610000610351562}","(78.06391450200005, 18.810123935000036, 78.27745292600008, 19.015809954000076)",30-09-2023.geojson,Nandipet,,,,,
Siddipet,TSSD0361,173.43,"{'min': 29.356666564941406, 'max': 31.110000610351562, 'mean': 30.36549238725142, 'count': 44, 'sum': 1336.0816650390625, 'median': 30.28583335876465}","(78.91642615100005, 18.005257581000023, 79.12553882600008, 18.139313947000062)",30-09-2023.geojson,Nangnoor,,,,,
Yadadri Bhuvanagiri,TSSD0362,255.72,"{'min': 29.114999771118164, 'max': 35.349998474121094, 'mean': 31.638890121922348, 'count': 66, 'sum': 2088.166748046875, 'median': 31.645000457763672}","(78.76727420200007, 17.04527964400006, 78.99214673900008, 17.215539860000035)",30-09-2023.geojson,Narayanapoor,,,,,
Sangareddy,TSSD0363,221.04,"{'min': 26.94499969482422, 'max': 31.739999771118164, 'mean': 29.472131948002048, 'count': 61, 'sum': 1797.800048828125, 'median': 29.84000015258789}","(77.65873951100008, 17.969087139000067, 77.91619762300007, 18.131861117000028)",30-09-2023.geojson,Narayankhed,,,,,
Narayanpet,TSSD0364,253.45,"{'min': 25.790000915527344, 'max': 31.809999465942383, 'mean': 28.647000826322117, 'count': 65, 'sum': 1862.0550537109375, 'median': 28.75666618347168}","(77.42683117400003, 16.65053467100006, 77.68547301300003, 16.797928967000075)",30-09-2023.geojson,Narayanpet,,,,,
Nalgonda,TSSD0365,234.39,"{'min': 28.469999313354492, 'max': 34.996665954589844, 'mean': 31.792757548983136, 'count': 63, 'sum': 2002.9437255859375, 'median': 31.645000457763672}","(79.12064748900008, 17.11371295600003, 79.30389623300005, 17.35996707100003)",30-09-2023.geojson,Narketpally,,,,,
Jangoan,TSSD0366,125.01,"{'min': 28.559999465942383, 'max': 31.643333435058594, 'mean': 30.031364672111742, 'count': 33, 'sum': 991.0350341796875, 'median': 30.196666717529297}","(79.09279653800007, 17.82066930900004, 79.25505581500005, 17.932063776000064)",30-09-2023.geojson,Narmetta,,,,,
Adilabad,TSSD0367,201.81,"{'min': 27.309999465942383, 'max': 32.369998931884766, 'mean': 30.20414992998231, 'count': 53, 'sum': 1600.8199462890625, 'median': 30.389999389648438}","(78.75741661700005, 19.424395872000048, 78.97780666900007, 19.57535441500005)",30-09-2023.geojson,Narnoor,,,,,
Warangal_Rural,TSSD0368,128.11,"{'min': 26.94499969482422, 'max': 33.189998626708984, 'mean': 29.935331344604492, 'count': 32, 'sum': 957.9306030273438, 'median': 29.942501068115234}","(79.80201610100005, 17.882928224000068, 79.94435882900007, 18.020538076000037)",30-09-2023.geojson,Narsampet,,,,,
Medak,TSSD0369,177.98,"{'min': 24.616666793823242, 'max': 27.889999389648438, 'mean': 25.981547510901162, 'count': 43, 'sum': 1117.20654296875, 'median': 25.969999313354492}","(78.16308671700006, 17.659841237000023, 78.33116213500006, 17.840150954000023)",30-09-2023.geojson,Narsapur,,,,,
Nirmal,TSSD0370,147.48,"{'min': 24.465999603271484, 'max': 30.270000457763672, 'mean': 28.027547200520832, 'count': 42, 'sum': 1177.156982421875, 'median': 28.345001220703125}","(78.07428315700008, 19.02509410700003, 78.21913771600003, 19.23774101400005)",30-09-2023.geojson,Narsapur_G,,,,,
Mahabubabad,TSSD0371,100.62,"{'min': 31.976667404174805, 'max': 34.2400016784668, 'mean': 33.0624683521412, 'count': 27, 'sum': 892.6866455078125, 'median': 33.08000183105469}","(79.74961810900004, 17.432922034000057, 79.85804564900008, 17.55949727500007)",30-09-2023.geojson,Narsimhulapet,,,,,
Medak,TSSD0372,55.63,"{'min': 22.823333740234375, 'max': 30.976667404174805, 'mean': 27.325000762939453, 'count': 16, 'sum': 437.20001220703125, 'median': 27.635000228881836}","(78.39229916300008, 17.98830749900003, 78.47149849900006, 18.093264383000076)",30-09-2023.geojson,Narsingi,,,,,
Narayanpet,TSSD0373,194.24,"{'min': 27.926000595092773, 'max': 33.77000045776367, 'mean': 31.418386501736112, 'count': 45, 'sum': 1413.827392578125, 'median': 31.6299991607666}","(77.57900273500007, 16.392118486000072, 77.76051168400005, 16.55740275000005)",30-09-2023.geojson,Narva,,,,,
Mancherial,TSSD0374,52.98,"{'min': 28.363332748413086, 'max': 33.33000183105469, 'mean': 30.08500017438616, 'count': 14, 'sum': 421.19000244140625, 'median': 29.70333480834961}","(79.45022792100008, 18.798759303000054, 79.52726676000003, 18.914394050000055)",30-09-2023.geojson,Naspur,,,,,
Kamareddy,TSSD0375,102.21,"{'min': 24.703332901000977, 'max': 26.90999984741211, 'mean': 25.797855922154017, 'count': 28, 'sum': 722.3399658203125, 'median': 25.895000457763672}","(77.81879634400008, 18.411273927000025, 77.97648352900006, 18.509137527000064)",30-09-2023.geojson,Nasurullabad,,,,,
Nizamabad,TSSD0376,192.08,"{'min': 23.549999237060547, 'max': 27.326000213623047, 'mean': 25.69494140625, 'count': 50, 'sum': 1284.7470703125, 'median': 25.747499465942383}","(77.94333219400005, 18.72259983600003, 78.08733714300007, 18.94072022900008)",30-09-2023.geojson,Navipet,,,,,
Mahabubnagar,TSSD0377,296.21,"{'min': 23.950000762939453, 'max': 36.029998779296875, 'mean': 27.920022786458333, 'count': 75, 'sum': 2094.001708984375, 'median': 27.81999969482422}","(77.92099457500007, 16.78332651100004, 78.11899967800008, 17.01427203800006)",30-09-2023.geojson,Nawabpet,,,,,
Vikarabad,TSSD0378,158.3,"{'min': 27.309999465942383, 'max': 31.8799991607666, 'mean': 29.75572791466346, 'count': 39, 'sum': 1160.473388671875, 'median': 29.850000381469727}","(77.88176503700004, 17.365495641000052, 78.07175069100003, 17.471223939000026)",30-09-2023.geojson,Nawabpet,,,,,
Warangal_Rural,TSSD0379,188.28,"{'min': 29.656665802001953, 'max': 32.44333267211914, 'mean': 30.992666015625, 'count': 50, 'sum': 1549.63330078125, 'median': 31.045000076293945}","(79.74746045700005, 17.696488769000155, 79.90634128700003, 17.879678624000064)",30-09-2023.geojson,Nekkonda,,,,,
Khammam,TSSD0380,186.76,"{'min': 27.48200035095215, 'max': 32.61666488647461, 'mean': 30.158960459183675, 'count': 49, 'sum': 1477.7890625, 'median': 30.196666717529297}","(79.96784028800005, 16.968121411000027, 80.11000795600006, 17.174936235000075)",30-09-2023.geojson,Nelakondapally,,,,,
Mahabubabad,TSSD0381,206.97,"{'min': 29.60333251953125, 'max': 32.76333236694336, 'mean': 30.993891963252313, 'count': 54, 'sum': 1673.670166015625, 'median': 30.941665649414062}","(79.71439804300002, 17.541887375000044, 79.91872236700016, 17.698785481000073)",30-09-2023.geojson,Nellikudur,,,,,
Mancherial,TSSD0382,269.42,"{'min': 28.229999542236328, 'max': 31.56333351135254, 'mean': 29.766759738116196, 'count': 71, 'sum': 2113.43994140625, 'median': 29.709999084472656}","(79.52664994100007, 18.93089886100006, 79.73295653300005, 19.12578670700003)",30-09-2023.geojson,Nennel,,,,,
Adilabad,TSSD0383,328.19,"{'min': 26.649999618530273, 'max': 32.61000061035156, 'mean': 29.789660507373597, 'count': 89, 'sum': 2651.27978515625, 'median': 29.829999923706055}","(78.26082714200004, 19.17277807100004, 78.55364642200004, 19.39715159900004)",30-09-2023.geojson,Neradigonda,,,,,
Suryapet,TSSD0384,126.74,"{'min': 28.559999465942383, 'max': 31.440000534057617, 'mean': 29.905161830357144, 'count': 35, 'sum': 1046.6806640625, 'median': 29.826000213623047}","(79.61424865900005, 16.828891998000074, 79.72807247700007, 16.983950306000054)",30-09-2023.geojson,Nereducherla,,,,,
Nalgonda,TSSD0385,161.07,"{'min': 30.441999435424805, 'max': 34.57400131225586, 'mean': 32.86490700461648, 'count': 44, 'sum': 1446.055908203125, 'median': 32.95500183105469}","(78.94273533400008, 16.468748120000043, 79.11690272800007, 16.651020135000067)",30-09-2023.geojson,Neredugommu,,,,,
Nalgonda,TSSD0386,217.58,"{'min': 27.950000762939453, 'max': 33.79999923706055, 'mean': 30.57660222457627, 'count': 59, 'sum': 1804.01953125, 'median': 30.56999969482422}","(79.29369591300008, 16.726884840000025, 79.46702657000003, 16.93694350900006)",30-09-2023.geojson,Nidamanoor,,,,,
Nirmal,TSSD0387,26.54,"{'min': 26.6299991607666, 'max': 29.93000030517578, 'mean': 28.52648247612847, 'count': 9, 'sum': 256.73834228515625, 'median': 28.549999237060547}","(78.32125738700006, 19.06142155400005, 78.36703256100003, 19.13503668900006)",30-09-2023.geojson,Nirmal,,,,,
Nirmal,TSSD0388,121.65,"{'min': 23.463333129882812, 'max': 29.59000015258789, 'mean': 28.31844206779234, 'count': 31, 'sum': 877.8717041015625, 'median': 28.549999237060547}","(78.28619783500005, 19.030659180000043, 78.42042812500006, 19.18711090100004)",30-09-2023.geojson,Nirmal Rural,,,,,
Nizamabad,TSSD0389,8.31,"{'min': 27.5, 'max': 28.600000381469727, 'mean': 27.936665852864582, 'count': 3, 'sum': 83.80999755859375, 'median': 27.709999084472656}","(78.05163596200003, 18.674492592000036, 78.12730598000007, 18.70039857300003)",30-09-2023.geojson,Nizamabad North,,,,,
Nizamabad,TSSD0390,143.88,"{'min': 25.3799991607666, 'max': 28.81999969482422, 'mean': 26.649253443667764, 'count': 38, 'sum': 1012.671630859375, 'median': 26.463333129882812}","(77.98560033100006, 18.565702533000035, 78.16225447400006, 18.788720459000047)",30-09-2023.geojson,Nizamabad Rural,,,,,
Nizamabad,TSSD0391,30.08,"{'min': 28.329999923706055, 'max': 31.59000015258789, 'mean': 29.735713413783483, 'count': 7, 'sum': 208.14999389648438, 'median': 29.75}","(78.05135267700007, 18.638141734000044, 78.12035163300004, 18.70039857300003)",30-09-2023.geojson,Nizamabad South,,,,,
Medak,TSSD0392,96.69,"{'min': 27.100000381469727, 'max': 30.440000534057617, 'mean': 28.098035539899552, 'count': 28, 'sum': 786.7449951171875, 'median': 28.01416778564453}","(78.48347828600004, 18.052927198000077, 78.58043728400008, 18.186685228000044)",30-09-2023.geojson,Nizampet,,,,,
Kamareddy,TSSD0393,241.59,"{'min': 23.010000228881836, 'max': 28.579999923706055, 'mean': 26.41213819715712, 'count': 72, 'sum': 1901.6739501953125, 'median': 26.3700008392334}","(77.84561923400008, 18.09283344800002, 78.00817764400006, 18.34553889500006)",30-09-2023.geojson,Nizamsagar,,,,,
Suryapet,TSSD0394,119.91,"{'min': 30.450000762939453, 'max': 33.849998474121094, 'mean': 32.32979699337121, 'count': 33, 'sum': 1066.88330078125, 'median': 32.220001220703125}","(79.62642963900004, 17.281058334000022, 79.80860422700005, 17.37862805900005)",30-09-2023.geojson,Noothankal,,,,,
Sangareddy,TSSD0395,259.19,"{'min': 27.170000076293945, 'max': 31.389999389648438, 'mean': 29.65249813304228, 'count': 68, 'sum': 2016.369873046875, 'median': 29.689998626708984}","(77.50905262900005, 17.743666096000027, 77.70963585900006, 17.95290998400003)",30-09-2023.geojson,Nyalkal,,,,,
Peddapalli,TSSD0396,148.08,"{'min': 28.219999313354492, 'max': 31.149999618530273, 'mean': 29.51925498560855, 'count': 38, 'sum': 1121.731689453125, 'median': 29.626667022705078}","(79.36660364000005, 18.386385288000042, 79.55224107200007, 18.53271052300005)",30-09-2023.geojson,Odela,,,,,
Nagarkurnool,TSSD0397,630.47,"{'min': 24.610000610351562, 'max': 35.369998931884766, 'mean': 31.88221050941781, 'count': 146, 'sum': 4654.802734375, 'median': 31.915000915527344}","(78.85902477800005, 16.210348460000034, 79.23432760400004, 16.461405856000056)",30-09-2023.geojson,Padara,,,,,
Suryapet,TSSD0398,132.07,"{'min': 28.260000228881836, 'max': 31.549999237060547, 'mean': 29.600813123914932, 'count': 36, 'sum': 1065.6292724609375, 'median': 29.709999084472656}","(79.66762645300008, 16.689675125000065, 79.78908743200003, 16.836615472000062)",30-09-2023.geojson,Palakeedu,,,,,
Jangoan,TSSD0399,255.42,"{'min': 30.049999237060547, 'max': 33.470001220703125, 'mean': 31.75036991003788, 'count': 66, 'sum': 2095.5244140625, 'median': 31.787500381469727}","(79.34225257900005, 17.560267294000028, 79.54008752200008, 17.75819989300004)",30-09-2023.geojson,Palakurthy,,,,,
Peddapalli,TSSD0400,137.42,"{'min': 24.770000457763672, 'max': 29.996665954589844, 'mean': 27.70545093433277, 'count': 37, 'sum': 1025.1016845703125, 'median': 27.860000610351562}","(79.25348235000007, 18.670677110000042, 79.50381904800008, 18.81832694700006)",30-09-2023.geojson,Palakurthy,,,,,
Jayashankar Bhupalpally,TSSD0401,226.16,"{'min': 26.72599983215332, 'max': 30.924999237060547, 'mean': 28.66773885091146, 'count': 60, 'sum': 1720.0643310546875, 'median': 28.735000610351562}","(80.10237686500005, 18.587417120000055, 80.34460111300007, 18.722365577000062)",30-09-2023.geojson,Palmela,,,,,
Bhadradri Kothagudem,TSSD0402,421.11,"{'min': 27.010000228881836, 'max': 32.970001220703125, 'mean': 29.728584674873737, 'count': 99, 'sum': 2943.1298828125, 'median': 29.75}","(80.57151962200004, 17.50317956400005, 80.86723947600007, 17.895408489000033)",30-09-2023.geojson,Palvancha,,,,,
Wanaparthy,TSSD0403,205.91,"{'min': 27.510000228881836, 'max': 33.709999084472656, 'mean': 30.271142578125, 'count': 35, 'sum': 1059.489990234375, 'median': 30.020000457763672}","(78.02855847800004, 16.173396301000025, 78.22246788200005, 16.341012469000077)",30-09-2023.geojson,Pangal,,,,,
Medak,TSSD0404,205.14,"{'min': 24.39666748046875, 'max': 27.663333892822266, 'mean': 26.159237393465908, 'count': 55, 'sum': 1438.758056640625, 'median': 26.209999084472656}","(77.99790429400008, 17.965407912000046, 78.21345417200007, 18.109216143000026)",30-09-2023.geojson,Papannapet,,,,,
Vikarabad,TSSD0405,227.88,"{'min': 24.799999237060547, 'max': 30.600000381469727, 'mean': 27.79506548713235, 'count': 51, 'sum': 1417.54833984375, 'median': 27.59000015258789}","(77.76414678500004, 17.074105024000062, 77.99328854900006, 17.257275064000055)",30-09-2023.geojson,Pargi,,,,,
Warangal_Rural,TSSD0406,79.71,"{'min': 28.663333892822266, 'max': 33.54999923706055, 'mean': 31.172449448529413, 'count': 17, 'sum': 529.931640625, 'median': 31.123332977294922}","(79.645823469, 18.135041913000066, 79.73250177000006, 18.279244378000044)",30-09-2023.geojson,Parkal,,,,,
Warangal_Rural,TSSD0407,161.29,"{'min': 29.75666618347168, 'max': 31.68000030517578, 'mean': 30.398257300967263, 'count': 42, 'sum': 1276.726806640625, 'median': 30.316667556762695}","(79.64445348100008, 17.68264110900003, 79.78084029400003, 17.843589961000077)",30-09-2023.geojson,Parvathagiri,,,,,
Sangareddy,TSSD0408,186.54,"{'min': 27.163333892822266, 'max': 31.020000457763672, 'mean': 28.93956787109375, 'count': 50, 'sum': 1446.9783935546875, 'median': 28.95166778564453}","(78.13716356700007, 17.463618334000046, 78.28967759800008, 17.628094657000076)",30-09-2023.geojson,Patancheruvu,,,,,
Wanaparthy,TSSD0409,199.7,"{'min': 27.600000381469727, 'max': 34.689998626708984, 'mean': 30.853358342097355, 'count': 52, 'sum': 1604.3746337890625, 'median': 30.329999923706055}","(77.91611806600008, 16.024587675000078, 78.07471604300008, 16.26834650400002)",30-09-2023.geojson,Pebbair,,,,,
Nalgonda,TSSD0410,534.97,"{'min': 25.586000442504883, 'max': 35.4900016784668, 'mean': 30.73407992356115, 'count': 139, 'sum': 4272.037109375, 'median': 30.969999313354492}","(79.02131319100005, 16.429164953000054, 79.31131002400008, 16.806345736000026)",30-09-2023.geojson,Peda Adisharla Palli,,,,,
Kamareddy,TSSD0411,93.4,"{'min': 25.110000610351562, 'max': 31.67799949645996, 'mean': 29.128216083233173, 'count': 26, 'sum': 757.3336181640625, 'median': 29.088333129882812}","(77.64296889100007, 18.23434125800003, 77.79440383200006, 18.363266914000064)",30-09-2023.geojson,Pedda Kodapgal,,,,,
Nagarkurnool,TSSD0412,268.13,"{'min': 26.670000076293945, 'max': 33.970001220703125, 'mean': 31.794633074504574, 'count': 41, 'sum': 1303.5799560546875, 'median': 32.5099983215332}","(78.28210328600005, 16.15614634700006, 78.46080747200006, 16.378297329000077)",30-09-2023.geojson,Peddakothapalle,,,,,
Wanaparthy,TSSD0413,184.53,"{'min': 25.889999389648438, 'max': 34.22999954223633, 'mean': 29.735276963975693, 'count': 36, 'sum': 1070.469970703125, 'median': 29.90999984741211}","(77.91764372000006, 16.364835636000066, 78.12790212400006, 16.52562722400006)",30-09-2023.geojson,Peddamandaddi,,,,,
Peddapalli,TSSD0414,249.03,"{'min': 26.704999923706055, 'max': 32.02000045776367, 'mean': 29.229444420855977, 'count': 69, 'sum': 2016.8316650390625, 'median': 29.489999771118164}","(79.30969398300005, 18.526543618000062, 79.49350302700003, 18.70415850100005)",30-09-2023.geojson,Peddapalli,,,,,
Mahabubabad,TSSD0415,111.61,"{'min': 29.549999237060547, 'max': 32.11000061035156, 'mean': 31.041776529947917, 'count': 30, 'sum': 931.2532958984375, 'median': 31.35333251953125}","(79.51263601700003, 17.490564388000053, 79.63852224900006, 17.619982297000035)",30-09-2023.geojson,Peddavangara,,,,,
Nalgonda,TSSD0416,289.57,"{'min': 28.58333396911621, 'max': 35.06999969482422, 'mean': 32.08782721185065, 'count': 77, 'sum': 2470.7626953125, 'median': 32.223331451416016}","(79.13353438500008, 16.575213949000045, 79.36044542900004, 16.832719401000077)",30-09-2023.geojson,Peddavoora,,,,,
Vikarabad,TSSD0417,240.11,"{'min': 25.110000610351562, 'max': 34.209999084472656, 'mean': 29.00008877840909, 'count': 55, 'sum': 1595.0048828125, 'median': 29.09000015258789}","(77.51261111400004, 17.261553169000024, 77.72573047400004, 17.456603014000052)",30-09-2023.geojson,Peddemul,,,,,
Jagtial,TSSD0418,131.5,"{'min': 26.829999923706055, 'max': 29.395000457763672, 'mean': 28.004823572495404, 'count': 34, 'sum': 952.1640014648438, 'median': 27.96666717529297}","(79.00313586800007, 18.638171251000074, 79.13566837800005, 18.76691388300003)",30-09-2023.geojson,Pegadapalli,,,,,
Nirmal,TSSD0419,315.89,"{'min': 22.610000610351562, 'max': 30.610000610351562, 'mean': 28.40523609834559, 'count': 85, 'sum': 2414.445068359375, 'median': 28.469999313354492}","(78.48200096200003, 19.08543736100006, 78.72744941700006, 19.317058780000025)",30-09-2023.geojson,Pembi,,,,,
Kumurambheem Asifabad,TSSD0420,209.6,"{'min': 27.989999771118164, 'max': 32.65999984741211, 'mean': 30.01295907156808, 'count': 56, 'sum': 1680.7257080078125, 'median': 29.889999389648438}","(79.66386794600004, 19.199781307000023, 79.94222848200008, 19.367035272000066)",30-09-2023.geojson,Penchikalpet,,,,,
Suryapet,TSSD0421,190.1,"{'min': 27.194000244140625, 'max': 30.81999969482422, 'mean': 28.868716969209558, 'count': 51, 'sum': 1472.3045654296875, 'median': 28.843334197998047}","(79.59300492900007, 16.958133916000065, 79.81245856700008, 17.09085837200007)",30-09-2023.geojson,Penpahad,,,,,
Nagarkurnool,TSSD0422,100.6,"{'min': 23.59000015258789, 'max': 31.049999237060547, 'mean': 27.177853054470486, 'count': 18, 'sum': 489.20135498046875, 'median': 27.83733367919922}","(78.18107699600006, 16.00532167600005, 78.32316639500004, 16.139543263000064)",30-09-2023.geojson,Pentlavelli,,,,,
Khammam,TSSD0423,273.41,"{'min': 25.889999389648438, 'max': 31.889999389648438, 'mean': 29.60480414496528, 'count': 72, 'sum': 2131.5458984375, 'median': 29.843334197998047}","(80.59580834400003, 17.100783087000025, 80.77536110100004, 17.320991373000027)",30-09-2023.geojson,Penuballi,,,,,
Bhadradri Kothagudem,TSSD0424,237.05,"{'min': 26.389999389648438, 'max': 31.75, 'mean': 29.624102313701922, 'count': 65, 'sum': 1925.566650390625, 'median': 29.850000381469727}","(80.60213672700007, 17.921962273000076, 80.77371604900003, 18.158406092000064)",30-09-2023.geojson,Pinapaka,,,,,
Vikarabad,TSSD0425,206.05,"{'min': 25.940000534057617, 'max': 31.5, 'mean': 29.196573893229168, 'count': 54, 'sum': 1576.614990234375, 'median': 29.126667022705078}","(77.89676249700005, 17.131204728000057, 78.06049801700004, 17.32409672800003)",30-09-2023.geojson,Pudur,,,,,
Sangareddy,TSSD0426,148.67,"{'min': 22.744285583496094, 'max': 28.516666412353516, 'mean': 26.203350830078126, 'count': 40, 'sum': 1048.134033203125, 'median': 26.93899917602539}","(77.90516574499998, 17.65983009000007, 78.07454656600015, 17.812841045000027)",30-09-2023.geojson,Pulkal,,,,,
Medchal_Malkajgiri,TSSD0427,43.97,"{'min': 29.863332748413086, 'max': 32.970001220703125, 'mean': 31.775332641601562, 'count': 10, 'sum': 317.7533264160156, 'median': 32.119998931884766}","(78.38920413800008, 17.480972, 78.50036789700005, 17.561433864000037)",30-09-2023.geojson,Quthbullapur,,,,,
Khammam,TSSD0428,192.3,"{'min': 30.450000762939453, 'max': 34.0099983215332, 'mean': 31.90199951171875, 'count': 50, 'sum': 1595.0999755859375, 'median': 31.779998779296875}","(80.13318105300004, 17.232712673000037, 80.34275288000003, 17.401110535000043)",30-09-2023.geojson,Raghunadhapalem,,,,,
Jangoan,TSSD0429,251.68,"{'min': 27.70199966430664, 'max': 32.93000030517578, 'mean': 30.39133738048041, 'count': 67, 'sum': 2036.2196044921875, 'median': 30.229999542236328}","(79.17884629500008, 17.67337913600005, 79.37330906100004, 17.858329210000022)",30-09-2023.geojson,Ragunathpally,,,,,
Jagtial,TSSD0430,266.42,"{'min': 27.209999084472656, 'max': 30.456666946411133, 'mean': 28.632987406716417, 'count': 67, 'sum': 1918.41015625, 'median': 28.565000534057617}","(78.72887764300003, 18.831214958000032, 78.93391600400008, 19.071133686000053)",30-09-2023.geojson,Raikal,,,,,
Sangareddy,TSSD0431,223.22,"{'min': 22.15399932861328, 'max': 32.349998474121094, 'mean': 28.083283523033405, 'count': 58, 'sum': 1628.8304443359375, 'median': 28.362499237060547}","(77.66777327100004, 17.76655052700005, 77.88238395400003, 17.93163760300007)",30-09-2023.geojson,Raikode,,,,,
Warangal_Rural,TSSD0432,219.17,"{'min': 29.094999313354492, 'max': 32.20333480834961, 'mean': 30.684611002604168, 'count': 60, 'sum': 1841.07666015625, 'median': 30.670000076293945}","(79.48142998600008, 17.619651097000144, 79.69554202900008, 17.76142627300004)",30-09-2023.geojson,Raiparthy,,,,,
Siddipet,TSSD0433,104.17,"{'min': 27.3799991607666, 'max': 30.190000534057617, 'mean': 28.273963665140087, 'count': 29, 'sum': 819.9449462890625, 'median': 28.1299991607666}","(78.55726942800004, 17.83236618500007, 78.68891396900005, 17.985113187000024)",30-09-2023.geojson,Raipole,,,,,
Kamareddy,TSSD0434,126.93,"{'min': 26.043333053588867, 'max': 29.623332977294922, 'mean': 27.357841940487134, 'count': 34, 'sum': 930.1666259765625, 'median': 27.003334045410156}","(78.21768245400006, 18.146799025000064, 78.37609676800008, 18.26765991900004)",30-09-2023.geojson,Rajampet,,,,,
Yadadri Bhuvanagiri,TSSD0435,197.22,"{'min': 28.645000457763672, 'max': 31.636667251586914, 'mean': 30.143131178252553, 'count': 49, 'sum': 1477.013427734375, 'median': 30.229999542236328}","(78.85825081100006, 17.654937046000043, 79.01597518100004, 17.812669696000057)",30-09-2023.geojson,Rajapeta,,,,,
Mahabubnagar,TSSD0436,125.06,"{'min': 27.209999084472656, 'max': 32.380001068115234, 'mean': 30.385878619025736, 'count': 34, 'sum': 1033.119873046875, 'median': 30.674999237060547}","(78.07616216600007, 16.827293433000023, 78.23953804100006, 16.936410312000078)",30-09-2023.geojson,Rajapur,,,,,
Rangareddy,TSSD0437,48.26,"{'min': 27.381999969482422, 'max': 32.42499923706055, 'mean': 30.18193359375, 'count': 15, 'sum': 452.72900390625, 'median': 30.3700008392334}","(78.37469952800006, 17.27932147300004, 78.46010745500007, 17.37208799600006)",30-09-2023.geojson,Rajendranagar,,,,,
Jogulamba Gadwal,TSSD0438,129.05,"{'min': 27.66666603088379, 'max': 36.810001373291016, 'mean': 32.133688534007355, 'count': 34, 'sum': 1092.54541015625, 'median': 32.4375}","(77.64468695100004, 15.874725880000028, 77.86920549500007, 15.955733610000038)",30-09-2023.geojson,Rajoli,,,,,
Sangareddy,TSSD0439,76.01,"{'min': 28.43000030517578, 'max': 31.100000381469727, 'mean': 29.42096589740954, 'count': 19, 'sum': 558.9983520507812, 'median': 29.395000457763672}","(78.20639802000005, 17.42785604100004, 78.31670013100006, 17.529947374000074)",30-09-2023.geojson,Ramachandrapuram,,,,,
Karimnagar,TSSD0440,134.02,"{'min': 27.530000686645508, 'max': 30.780000686645508, 'mean': 28.882205447635137, 'count': 37, 'sum': 1068.6416015625, 'median': 28.829999923706055}","(79.02101613600007, 18.468415441000047, 79.13300998100004, 18.662426753000034)",30-09-2023.geojson,Ramadugu,,,,,
Peddapalli,TSSD0441,174.25,"{'min': 27.922000885009766, 'max': 33.349998474121094, 'mean': 29.592845569957387, 'count': 44, 'sum': 1302.085205078125, 'median': 29.25}","(79.49644329500006, 18.537401654000064, 79.64857378700003, 18.777236066000057)",30-09-2023.geojson,Ramagiri,,,,,
Peddapalli,TSSD0442,113.66,"{'min': 28.315000534057617, 'max': 33.45000076293945, 'mean': 30.31500047253024, 'count': 31, 'sum': 939.7650146484375, 'median': 30.2450008392334}","(79.41357231200004, 18.674221571000032, 79.54617280200006, 18.82875034600005)",30-09-2023.geojson,Ramagundam,,,,,
Yadadri Bhuvanagiri,TSSD0443,229.79,"{'min': 27.933332443237305, 'max': 31.405000686645508, 'mean': 29.655318196614584, 'count': 60, 'sum': 1779.319091796875, 'median': 29.785999298095703}","(78.98814184100007, 17.24503517000005, 79.25341493800005, 17.371267423000063)",30-09-2023.geojson,Ramannapet,,,,,
Kamareddy,TSSD0444,168.07,"{'min': 24.343334197998047, 'max': 28.3700008392334, 'mean': 26.07468999818314, 'count': 43, 'sum': 1121.211669921875, 'median': 25.90999984741211}","(78.30521243600003, 18.353492533000065, 78.49228659800008, 18.483468182000024)",30-09-2023.geojson,Ramareddy,,,,,
Medak,TSSD0445,151.12,"{'min': 25.90999984741211, 'max': 30.343334197998047, 'mean': 27.96615939670139, 'count': 36, 'sum': 1006.78173828125, 'median': 27.616666793823242}","(78.30425113600006, 18.0235726680001, 78.52133388100003, 18.202632038000047)",30-09-2023.geojson,Ramayampet,,,,,
Kumurambheem Asifabad,TSSD0446,259.91,"{'min': 25.81999969482422, 'max': 30.450000762939453, 'mean': 29.1509521484375, 'count': 70, 'sum': 2040.566650390625, 'median': 29.439998626708984}","(79.32166087900004, 19.178187793000063, 79.54911338400007, 19.34967844600004)",30-09-2023.geojson,Rebbena,,,,,
Medak,TSSD0447,80.04,"{'min': 26.56999969482422, 'max': 30.770000457763672, 'mean': 29.31596615439967, 'count': 19, 'sum': 557.0033569335938, 'median': 30.030000686645508}","(77.79480732300004, 17.899738504000027, 77.90762447000003, 18.02227582200004)",30-09-2023.geojson,Regode,,,,,
Jayashankar Bhupalpally,TSSD0448,230.7,"{'min': 28.05666732788086, 'max': 33.68000030517578, 'mean': 30.874482253502155, 'count': 58, 'sum': 1790.719970703125, 'median': 30.860000610351562}","(79.69264018100006, 18.156703452000045, 79.86309632500007, 18.338586973000076)",30-09-2023.geojson,Regonda,,,,,
Nizamabad,TSSD0449,113.22,"{'min': 23.0939998626709, 'max': 27.74333381652832, 'mean': 24.834043375651042, 'count': 30, 'sum': 745.0213012695312, 'median': 24.68199920654297}","(77.86138268200006, 18.703789855000025, 78.00478559000004, 18.827805693000073)",30-09-2023.geojson,Renjal,,,,,
Wanaparthy,TSSD0450,123.03,"{'min': 29.40999984741211, 'max': 32.56999969482422, 'mean': 31.4163330078125, 'count': 30, 'sum': 942.489990234375, 'median': 31.415000915527344}","(78.18099529600005, 16.28925188900007, 78.31347526600007, 16.41654954300003)",30-09-2023.geojson,Revally,,,,,
Rajanna Sircilla,TSSD0451,102.53,"{'min': 21.1200008392334, 'max': 29.41666603088379, 'mean': 26.768460787259617, 'count': 26, 'sum': 695.97998046875, 'median': 27.03333282470703}","(78.58056651000004, 18.58307069400007, 78.73259018200008, 18.69041016700004)",30-09-2023.geojson,Rudrangi,,,,,
Nizamabad,TSSD0452,49.47,"{'min': 24.764999389648438, 'max': 26.93000030517578, 'mean': 25.785579427083334, 'count': 15, 'sum': 386.78369140625, 'median': 25.829999923706055}","(77.83311309200008, 18.52944754200007, 77.90865557200004, 18.627816633000066)",30-09-2023.geojson,Rudrur,,,,,
Kamareddy,TSSD0453,196.13,"{'min': 23.56999969482422, 'max': 27.56999969482422, 'mean': 25.877703972582548, 'count': 53, 'sum': 1371.518310546875, 'median': 26.196666717529297}","(78.13861896100008, 18.353770851000036, 78.32975145300009, 18.507260761000055)",30-09-2023.geojson,Sadashivnagar,,,,,
Sangareddy,TSSD0454,248.56,"{'min': 24.27666664123535, 'max': 32.61000061035156, 'mean': 28.828749712775736, 'count': 68, 'sum': 1960.35498046875, 'median': 28.810001373291016}","(77.85634040500008, 17.56144371700003, 78.05470115400004, 17.744826153000076)",30-09-2023.geojson,Sadasivpet,,,,,
Hyderabad,TSSD0455,4.44,"{'min': 34.46500015258789, 'max': 34.46500015258789, 'mean': 34.46500015258789, 'count': 1, 'sum': 34.46500015258789, 'median': 34.46500015258789}","(78.49666183500005, 17.34852849400005, 78.52105110000008, 17.37992626500005)",30-09-2023.geojson,Saidabad,,,,,
Sangareddy,TSSD0456,85.0,"{'min': 25.326000213623047, 'max': 30.020000457763672, 'mean': 28.269493466331845, 'count': 21, 'sum': 593.6593627929688, 'median': 28.597999572753906}","(78.04085741600005, 17.553553519000047, 78.16506055600007, 17.67324188400005)",30-09-2023.geojson,Sangareddy,,,,,
Warangal_Rural,TSSD0457,147.68,"{'min': 29.25666618347168, 'max': 32.04999923706055, 'mean': 31.02894993832237, 'count': 38, 'sum': 1179.10009765625, 'median': 31.113332748413086}","(79.62671724200004, 17.820931420000022, 79.79112790100004, 17.944659224000077)",30-09-2023.geojson,Sangem,,,,,
Jagtial,TSSD0458,143.97,"{'min': 26.540000915527344, 'max': 29.725000381469727, 'mean': 28.184689405487806, 'count': 41, 'sum': 1155.572265625, 'median': 28.125}","(78.88862723900007, 18.84957074600004, 79.01218592200007, 19.00894877500002)",30-09-2023.geojson,Sarangapur,,,,,
Nirmal,TSSD0459,255.36,"{'min': 19.899999618530273, 'max': 34.61000061035156, 'mean': 27.6275390625, 'count': 65, 'sum': 1795.7900390625, 'median': 27.456666946411133}","(78.17542674100008, 19.119711206000034, 78.37414495300004, 19.317393956000046)",30-09-2023.geojson,Sarangapur,,,,,
Khammam,TSSD0460,285.22,"{'min': 26.690000534057617, 'max': 34.38999938964844, 'mean': 29.00029430650685, 'count': 73, 'sum': 2117.021484375, 'median': 28.549999237060547}","(80.75683769000005, 17.117241266000065, 80.92560532200008, 17.37735310100004)",30-09-2023.geojson,Sathupally,,,,,
Hyderabad,TSSD0461,3.33,"{'min': 31.663333892822266, 'max': 31.663333892822266, 'mean': 31.663333892822266, 'count': 1, 'sum': 31.663333892822266, 'median': 31.663333892822266}","(78.46963204300005, 17.426530425000067, 78.49977880800003, 17.44386382500005)",30-09-2023.geojson,Secunderabad,,,,,
Rangareddy,TSSD0462,96.56,"{'min': 27.344999313354492, 'max': 31.356666564941406, 'mean': 29.72357177734375, 'count': 28, 'sum': 832.260009765625, 'median': 29.726665496826172}","(78.27172464700004, 17.409225719000062, 78.40724610200004, 17.522654105000072)",30-09-2023.geojson,Serilingampalle,,,,,
Rangareddy,TSSD0463,232.51,"{'min': 28.323333740234375, 'max': 31.969999313354492, 'mean': 29.92100577518858, 'count': 58, 'sum': 1735.4183349609375, 'median': 29.90166664123535}","(78.04592706400007, 17.084200252000073, 78.25929582200007, 17.259301650000054)",30-09-2023.geojson,Shabad,,,,,
Hyderabad,TSSD0464,23.35,"{'min': 30.825000762939453, 'max': 32.07666778564453, 'mean': 31.619166056315105, 'count': 6, 'sum': 189.71499633789062, 'median': 31.703332901000977}","(78.38838433400008, 17.386491415000023, 78.45185860300006, 17.441244402000052)",30-09-2023.geojson,Shaikpet,,,,,
Nalgonda,TSSD0465,228.95,"{'min': 28.347143173217773, 'max': 33.22999954223633, 'mean': 30.713702392578124, 'count': 60, 'sum': 1842.8221435546875, 'median': 30.7066650390625}","(79.28719940500008, 17.21166416600005, 79.50079969900008, 17.35925323300006)",30-09-2023.geojson,Shaligouraram,,,,,
Medchal_Malkajgiri,TSSD0466,150.73,"{'min': 27.116666793823242, 'max': 30.850000381469727, 'mean': 29.53783264160156, 'count': 40, 'sum': 1181.5133056640625, 'median': 29.653331756591797}","(78.49393641100005, 17.536372458000073, 78.65615437000014, 17.695841263000034)",30-09-2023.geojson,Shamirpet,,,,,
Rangareddy,TSSD0467,199.4,"{'min': 27.809999465942383, 'max': 30.8799991607666, 'mean': 29.087561974158653, 'count': 52, 'sum': 1512.55322265625, 'median': 29.062999725341797}","(78.23263628200004, 17.145048406000058, 78.43688465000008, 17.322722112000065)",30-09-2023.geojson,Shamshabad,,,,,
Medak,TSSD0468,142.04,"{'min': 24.844999313354492, 'max': 29.3700008392334, 'mean': 27.193201968544408, 'count': 38, 'sum': 1033.3416748046875, 'median': 27.200000762939453}","(77.85211008600004, 17.994571649000022, 78.00442992900008, 18.123550200000068)",30-09-2023.geojson,Shankarampet_A,,,,,
Karimnagar,TSSD0469,144.28,"{'min': 26.389999389648438, 'max': 29.739999771118164, 'mean': 28.44375, 'count': 40, 'sum': 1137.75, 'median': 28.439998626708984}","(79.25766646100004, 18.226704529000074, 79.40468523700008, 18.368117502000075)",30-09-2023.geojson,Shankarapatnam,,,,,
Rangareddy,TSSD0470,210.66,"{'min': 28.461999893188477, 'max': 30.8799991607666, 'mean': 29.564440711069917, 'count': 59, 'sum': 1744.302001953125, 'median': 29.5049991607666}","(78.03518070400008, 17.36271017200005, 78.28884776000007, 17.519074225000054)",30-09-2023.geojson,Shankarpalle,,,,,
Warangal_Rural,TSSD0471,116.47,"{'min': 27.200000762939453, 'max': 31.6299991607666, 'mean': 29.816770553588867, 'count': 32, 'sum': 954.1366577148438, 'median': 29.982498168945312}","(79.65749409800003, 18.09115618000004, 79.85468848500005, 18.192367870000055)",30-09-2023.geojson,Shayampet,,,,,
Medak,TSSD0472,193.23,"{'min': 26.016666412353516, 'max': 28.649999618530273, 'mean': 27.09258410395408, 'count': 49, 'sum': 1327.53662109375, 'median': 26.976667404174805}","(78.29506747900007, 17.69907432800005, 78.44788785400004, 17.878551977000086)",30-09-2023.geojson,Shivampet,,,,,
Siddipet,TSSD0473,112.6,"{'min': 27.58333396911621, 'max': 30.170000076293945, 'mean': 28.687262398856028, 'count': 28, 'sum': 803.2433471679688, 'median': 28.583332061767578}","(78.71740480300008, 18.05814766800006, 78.82931055600005, 18.221303904000138)",30-09-2023.geojson,Siddipet_Rural,,,,,
Siddipet,TSSD0474,140.55,"{'min': 27.75666618347168, 'max': 31.920000076293945, 'mean': 29.704630533854168, 'count': 36, 'sum': 1069.36669921875, 'median': 29.80666732788086}","(78.77407040900005, 18.036517040000035, 78.93338480300008, 18.152979642000048)",30-09-2023.geojson,Siddipet_Urban,,,,,
Khammam,TSSD0475,248.58,"{'min': 28.116666793823242, 'max': 33.630001068115234, 'mean': 31.48130226135254, 'count': 64, 'sum': 2014.8033447265625, 'median': 31.559999465942383}","(80.19501777600004, 17.426341041000057, 80.47158959500007, 17.577896090000024)",30-09-2023.geojson,Singareni,,,,,
Rajanna Sircilla,TSSD0476,53.12,"{'min': 28.40999984741211, 'max': 31.780000686645508, 'mean': 29.80452619280134, 'count': 14, 'sum': 417.26336669921875, 'median': 29.880001068115234}","(78.74143609700008, 18.35280534900005, 78.85232997100007, 18.43330245100003)",30-09-2023.geojson,Sircilla,,,,,
Sangareddy,TSSD0477,119.81,"{'min': 27.854999542236328, 'max': 32.52000045776367, 'mean': 30.113777669270835, 'count': 30, 'sum': 903.413330078125, 'median': 29.80666732788086}","(77.63761782900008, 18.101238527000078, 77.80019010900008, 18.20600259400004)",30-09-2023.geojson,Sirgapoor,,,,,
Adilabad,TSSD0478,202.11,"{'min': 28.270000457763672, 'max': 32.53666687011719, 'mean': 30.2540124963831, 'count': 54, 'sum': 1633.7166748046875, 'median': 30.330001831054688}","(78.50741267300003, 19.29955482500003, 78.69361824700007, 19.472598296000115)",30-09-2023.geojson,Sirikonda,,,,,
Nizamabad,TSSD0479,334.45,"{'min': 24.329999923706055, 'max': 28.09000015258789, 'mean': 26.35592928799716, 'count': 88, 'sum': 2319.32177734375, 'median': 26.295000076293945}","(78.38760279100006, 18.43949633400007, 78.61969949700006, 18.654543137000076)",30-09-2023.geojson,Sirikonda,,,,,
Kumurambheem Asifabad,TSSD0480,336.55,"{'min': 27.493999481201172, 'max': 31.656665802001953, 'mean': 29.3255246184593, 'count': 86, 'sum': 2521.9951171875, 'median': 29.34000015258789}","(79.45414155100008, 19.378014544000052, 79.70518129200008, 19.576127453000026)",30-09-2023.geojson,Sirpur_T,,,,,
Kumurambheem Asifabad,TSSD0481,188.92,"{'min': 25.530000686645508, 'max': 29.93000030517578, 'mean': 28.344347083050273, 'count': 23, 'sum': 651.9199829101562, 'median': 28.229999542236328}","(78.86004844600006, 19.270764704000044, 79.06911914200003, 19.420337200000063)",30-09-2023.geojson,Sirpur_U,,,,,
Nirmal,TSSD0482,83.77,"{'min': 24.209999084472656, 'max': 30.323333740234375, 'mean': 26.97592017764137, 'count': 21, 'sum': 566.4943237304688, 'median': 27.31399917602539}","(78.27684201200003, 18.95122860600003, 78.41145082100007, 19.069772912000076)",30-09-2023.geojson,Soan,,,,,
Peddapalli,TSSD0483,188.77,"{'min': 27.59000015258789, 'max': 32.040000915527344, 'mean': 29.525783164828432, 'count': 51, 'sum': 1505.81494140625, 'median': 29.43000030517578}","(79.43915173000005, 18.412581072000023, 79.59585151700009, 18.604812498000058)",30-09-2023.geojson,Srirampur,,,,,
Wanaparthy,TSSD0484,78.54,"{'min': 27.082000732421875, 'max': 30.709999084472656, 'mean': 28.372283935546875, 'count': 20, 'sum': 567.4456787109375, 'median': 27.99650001525879}","(77.99102928900004, 16.130406421000032, 78.08846242100003, 16.26036345500006)",30-09-2023.geojson,Srirangapur,,,,,
Bhadradri Kothagudem,TSSD0485,105.54,"{'min': 28.049999237060547, 'max': 33.099998474121094, 'mean': 30.177222357855904, 'count': 18, 'sum': 543.1900024414062, 'median': 30.220001220703125}","(80.48722315900005, 17.43343624000005, 80.65641156200007, 17.547570692000022)",30-09-2023.geojson,Sujathanagar,,,,,
Peddapalli,TSSD0486,165.88,"{'min': 28.116666793823242, 'max': 31.25, 'mean': 29.393515846946023, 'count': 44, 'sum': 1293.314697265625, 'median': 29.44499969482422}","(79.21551160500007, 18.440055271000062, 79.39913112200009, 18.60634948300003)",30-09-2023.geojson,Sultanabad,,,,,
Suryapet,TSSD0487,218.55,"{'min': 27.229999542236328, 'max': 34.84000015258789, 'mean': 29.723123115405702, 'count': 57, 'sum': 1694.218017578125, 'median': 29.71666717529297}","(79.49048435600008, 17.06180805200006, 79.66976062200007, 17.28486849600006)",30-09-2023.geojson,Suryapet,,,,,
Nagarkurnool,TSSD0488,226.32,"{'min': 30.510000228881836, 'max': 34.88999938964844, 'mean': 32.491911340932376, 'count': 61, 'sum': 1982.006591796875, 'median': 32.630001068115234}","(78.26727079000005, 16.49459693400007, 78.45711110600007, 16.688643456000023)",30-09-2023.geojson,Tadoor,,,,,
Mulugu,TSSD0489,839.17,"{'min': 26.760000228881836, 'max': 31.136667251586914, 'mean': 28.76735414277523, 'count': 218, 'sum': 6271.283203125, 'median': 28.752498626708984}","(80.10419615200004, 17.996319820000053, 80.48000297700008, 18.393553888000042)",30-09-2023.geojson,Tadvai (Sammakka Sarakka),,,,,
Kamareddy,TSSD0490,177.12,"{'min': 19.940000534057617, 'max': 31.229999542236328, 'mean': 27.13978112262228, 'count': 46, 'sum': 1248.429931640625, 'median': 27.11333465576172}","(78.15208823200004, 18.213409773000024, 78.30662145900004, 18.383527335000053)",30-09-2023.geojson,Tadwai,,,,,
Rangareddy,TSSD0491,245.69,"{'min': 28.469999313354492, 'max': 34.08000183105469, 'mean': 31.698789654356062, 'count': 66, 'sum': 2092.1201171875, 'median': 31.670000076293945}","(78.32295389600006, 16.777295856000023, 78.50523085400005, 16.961749273000066)",30-09-2023.geojson,Talakondapally,,,,,
Adilabad,TSSD0492,285.66,"{'min': 26.802000045776367, 'max': 35.529998779296875, 'mean': 30.770928866621375, 'count': 69, 'sum': 2123.194091796875, 'median': 30.6299991607666}","(78.26295216300008, 19.53761522600007, 78.49682900700003, 19.716183126000033)",30-09-2023.geojson,Talamadugu,,,,,
Adilabad,TSSD0493,97.7,"{'min': 28.976667404174805, 'max': 33.33000183105469, 'mean': 31.731852213541668, 'count': 27, 'sum': 856.760009765625, 'median': 31.989999771118164}","(78.33972411600007, 19.63174893000007, 78.51576933100006, 19.752904132000026)",30-09-2023.geojson,Tamsi,,,,,
Mancherial,TSSD0494,177.0,"{'min': 23.440000534057617, 'max': 30.649999618530273, 'mean': 28.73753173828125, 'count': 50, 'sum': 1436.8765869140625, 'median': 29.489999771118164}","(79.32361030500005, 19.082851204000065, 79.57052485400004, 19.226889392000032)",30-09-2023.geojson,Tandur,,,,,
Vikarabad,TSSD0495,240.33,"{'min': 24.690000534057617, 'max': 34.56999969482422, 'mean': 32.51904732840402, 'count': 56, 'sum': 1821.066650390625, 'median': 33.0099983215332}","(77.43695612500005, 17.209464535000052, 77.67739970400004, 17.402500187000044)",30-09-2023.geojson,Tandur,,,,,
Nirmal,TSSD0496,217.5,"{'min': 24.0, 'max': 29.09000015258789, 'mean': 26.486779164459747, 'count': 59, 'sum': 1562.719970703125, 'median': 26.290000915527344}","(77.76173454100007, 18.90445741800005, 77.90387245800008, 19.155003113000078)",30-09-2023.geojson,Tanoor,,,,,
Medak,TSSD0497,138.61,"{'min': 22.25, 'max': 28.90999984741211, 'mean': 25.264411477481616, 'count': 34, 'sum': 858.989990234375, 'median': 25.003334045410156}","(77.96914892900008, 17.877695860000074, 78.09576951400004, 18.071839029000046)",30-09-2023.geojson,Tekmal,,,,,
Bhadradri Kothagudem,TSSD0498,467.77,"{'min': 28.454999923706055, 'max': 33.92333221435547, 'mean': 31.417676581711067, 'count': 122, 'sum': 3832.95654296875, 'median': 31.36833381652832}","(80.37730808200007, 17.508099650000077, 80.62125353800008, 17.765024521000043)",30-09-2023.geojson,Tekulapalle,,,,,
Jayashankar Bhupalpally,TSSD0499,105.62,"{'min': 28.190000534057617, 'max': 31.93000030517578, 'mean': 29.84212147105824, 'count': 22, 'sum': 656.5266723632812, 'median': 29.65999984741211}","(79.56830471500007, 18.351151408000078, 79.68021060700005, 18.481462286000067)",30-09-2023.geojson,Tekumatla,,,,,
Nagarkurnool,TSSD0500,246.35,"{'min': 29.510000228881836, 'max': 34.290000915527344, 'mean': 32.17338562011719, 'count': 64, 'sum': 2059.0966796875, 'median': 32.38999938964844}","(78.34696131600003, 16.292821352000033, 78.51629761100008, 16.523862474000055)",30-09-2023.geojson,Telkapalle,,,,,
Khammam,TSSD0501,201.36,"{'min': 27.28333282470703, 'max': 34.40999984741211, 'mean': 30.967383291207106, 'count': 51, 'sum': 1579.3365478515625, 'median': 31.636667251586914}","(80.37659267100008, 17.090031495000062, 80.51879083800003, 17.305187707000073)",30-09-2023.geojson,Thallada,,,,,
Rajanna Sircilla,TSSD0502,188.9,"{'min': 25.639999389648438, 'max': 30.280000686645508, 'mean': 28.414039024939903, 'count': 52, 'sum': 1477.530029296875, 'median': 28.529998779296875}","(78.72705830300004, 18.25399247500019, 78.94322523800008, 18.414849795000066)",30-09-2023.geojson,Thangallapalli,,,,,
Jangoan,TSSD0503,85.48,"{'min': 28.836666107177734, 'max': 31.1299991607666, 'mean': 29.947855631510418, 'count': 21, 'sum': 628.9049682617188, 'median': 29.84000015258789}","(79.11661335800005, 17.901698373000045, 79.23410722300008, 17.998869741000078)",30-09-2023.geojson,Tharigoppula,,,,,
Nagarkurnool,TSSD0504,211.8,"{'min': 24.93000030517578, 'max': 33.470001220703125, 'mean': 31.377296241554053, 'count': 37, 'sum': 1160.9599609375, 'median': 31.729999542236328}","(78.12774301200005, 16.58719177000006, 78.30066679700008, 16.739122914000063)",30-09-2023.geojson,Thimmajipeta,,,,,
Karimnagar,TSSD0505,159.28,"{'min': 26.81399917602539, 'max': 30.915000915527344, 'mean': 29.61635004087936, 'count': 43, 'sum': 1273.5030517578125, 'median': 30.014999389648438}","(79.10148313700006, 18.256739006000032, 79.27138762700008, 18.42426985000003)",30-09-2023.geojson,Thimmapur,,,,,
Siddipet,TSSD0506,163.65,"{'min': 26.55666732788086, 'max': 30.06999969482422, 'mean': 28.270943019701086, 'count': 46, 'sum': 1300.46337890625, 'median': 28.219999313354492}","(78.64082299900008, 17.935194339000077, 78.80609777400008, 18.103813367000043)",30-09-2023.geojson,Thoguta,,,,,
Mahabubabad,TSSD0507,190.94,"{'min': 29.829999923706055, 'max': 32.959999084472656, 'mean': 31.25725555419922, 'count': 48, 'sum': 1500.3482666015625, 'median': 31.170000076293945}","(79.57724589900005, 17.48583601000007, 79.73451208900008, 17.685591776000024)",30-09-2023.geojson,Thorrur,,,,,
Suryapet,TSSD0508,155.64,"{'min': 29.116666793823242, 'max': 33.09000015258789, 'mean': 31.058451807776162, 'count': 43, 'sum': 1335.513427734375, 'median': 30.969999313354492}","(79.53306376300003, 17.336875194000072, 79.65698014400004, 17.505487876000075)",30-09-2023.geojson,Thungathurthy,,,,,
Nalgonda,TSSD0509,191.03,"{'min': 28.20599937438965, 'max': 32.290000915527344, 'mean': 29.955085305606616, 'count': 51, 'sum': 1527.7093505859375, 'median': 29.899999618530273}","(79.30130099300004, 16.962640196000052, 79.50775880800006, 17.107243536000055)",30-09-2023.geojson,Tipparthy,,,,,
Suryapet,TSSD0510,133.14,"{'min': 29.043333053588867, 'max': 33.78333282470703, 'mean': 31.24295131138393, 'count': 35, 'sum': 1093.5032958984375, 'median': 31.40999984741211}","(79.36516547400004, 17.434097946000065, 79.57840336100008, 17.524158415000045)",30-09-2023.geojson,Tirumalagiri,,,,,
Nalgonda,TSSD0511,252.04,"{'min': 28.99799919128418, 'max': 34.7599983215332, 'mean': 32.180078125, 'count': 65, 'sum': 2091.705078125, 'median': 32.06999969482422}","(79.26163271700005, 16.580070085000045, 79.46872681600007, 16.764696361000063)",30-09-2023.geojson,Tirumalagiri_Sagar,,,,,
Khammam,TSSD0512,235.92,"{'min': 30.6200008392334, 'max': 33.90999984741211, 'mean': 32.45179966517857, 'count': 63, 'sum': 2044.46337890625, 'median': 32.4900016784668}","(79.80212475200005, 17.26260219900007, 80.05769935000006, 17.405974666000077)",30-09-2023.geojson,Tirumalayapalem,,,,,
Hyderabad,TSSD0513,13.97,"{'min': 31.399999618530273, 'max': 33.45000076293945, 'mean': 32.62000274658203, 'count': 4, 'sum': 130.48001098632812, 'median': 32.81500244140625}","(78.46457994100007, 17.44383310300003, 78.51669244400006, 17.484285331000024)",30-09-2023.geojson,Tirumalgiri,,,,,
Kumurambheem Asifabad,TSSD0514,581.75,"{'min': 24.329999923706055, 'max': 33.310001373291016, 'mean': 28.265044341216218, 'count': 148, 'sum': 4183.2265625, 'median': 28.020000457763672}","(79.03492001100005, 19.050559607000025, 79.39561347700004, 19.31944793300005)",30-09-2023.geojson,Tiryani,,,,,
Nalgonda,TSSD0515,161.12,"{'min': 28.19499969482422, 'max': 31.790000915527344, 'mean': 30.35240783691406, 'count': 40, 'sum': 1214.0963134765625, 'median': 30.420475006103516}","(79.38610741200006, 16.71370968100007, 79.55776053800008, 16.93653709800003)",30-09-2023.geojson,Tripuraram,,,,,
Yadadri Bhuvanagiri,TSSD0516,188.2,"{'min': 28.20199966430664, 'max': 32.189998626708984, 'mean': 30.02812077448918, 'count': 52, 'sum': 1561.4622802734375, 'median': 30.02666664123535}","(78.73050890600007, 17.570452835000026, 78.89834246500004, 17.752589976000024)",30-09-2023.geojson,Turkapalle_M,,,,,
Jogulamba Gadwal,TSSD0517,170.36,"{'min': 30.25, 'max': 38.5099983215332, 'mean': 35.7830072447311, 'count': 43, 'sum': 1538.6693115234375, 'median': 35.96500015258789}","(77.88159823500007, 15.863581044000057, 78.08622663000006, 16.053428277000023)",30-09-2023.geojson,Undavelly,,,,,
Medchal_Malkajgiri,TSSD0518,52.14,"{'min': 30.209999084472656, 'max': 33.63999938964844, 'mean': 32.01153799203726, 'count': 13, 'sum': 416.1499938964844, 'median': 31.883333206176758}","(78.51557767600008, 17.36244841100006, 78.59239104200003, 17.472398036000072)",30-09-2023.geojson,Uppal,,,,,
Nagarkurnool,TSSD0519,220.67,"{'min': 30.956666946411133, 'max': 35.08000183105469, 'mean': 33.584915419756356, 'count': 59, 'sum': 1981.510009765625, 'median': 33.83000183105469}","(78.49480188900003, 16.427307790000043, 78.78066858400007, 16.540239662000033)",30-09-2023.geojson,Uppunuthala,,,,,
Nagarkurnool,TSSD0520,151.12,"{'min': 31.209999084472656, 'max': 34.40999984741211, 'mean': 33.18714541480655, 'count': 42, 'sum': 1393.860107421875, 'median': 33.334999084472656}","(78.32047445900008, 16.645373909000057, 78.49203880200008, 16.79728595000006)",30-09-2023.geojson,Urkonda,,,,,
Adilabad,TSSD0521,387.91,"{'min': 26.10333251953125, 'max': 33.56999969482422, 'mean': 29.39066685267857, 'count': 105, 'sum': 3086.02001953125, 'median': 29.190000534057617}","(78.67318644400007, 19.21647222100006, 78.88463769300006, 19.513128066000036)",30-09-2023.geojson,Utnur,,,,,
Karimnagar,TSSD0522,142.44,"{'min': 28.780000686645508, 'max': 30.764999389648438, 'mean': 29.707808645148027, 'count': 38, 'sum': 1128.896728515625, 'median': 29.549999237060547}","(79.24194008100005, 18.132462591000035, 79.37717220500008, 18.263355341000022)",30-09-2023.geojson,V_Saidapur,,,,,
Nizamabad,TSSD0523,135.3,"{'min': 26.874000549316406, 'max': 29.684999465942383, 'mean': 28.064380221896702, 'count': 36, 'sum': 1010.3176879882812, 'median': 28.09000015258789}","(78.33304706400008, 18.693780867000044, 78.47512705800006, 18.85105660800002)",30-09-2023.geojson,Vailpur,,,,,
Yadadri Bhuvanagiri,TSSD0524,316.13,"{'min': 27.56333351135254, 'max': 31.655000686645508, 'mean': 29.5338760003811, 'count': 82, 'sum': 2421.77783203125, 'median': 29.49100112915039}","(78.90535444600005, 17.313647203000073, 79.22099072200007, 17.479032318000066)",30-09-2023.geojson,Valigonda,,,,,
Nagarkurnool,TSSD0525,244.56,"{'min': 32.02333450317383, 'max': 35.529998779296875, 'mean': 34.26393821022727, 'count': 66, 'sum': 2261.419921875, 'median': 34.43000030517578}","(78.48140456800007, 16.498402209000062, 78.71532448400006, 16.664788172000044)",30-09-2023.geojson,Vangoor,,,,,
Nizamabad,TSSD0526,134.67,"{'min': 24.8700008392334, 'max': 27.22333335876465, 'mean': 25.592238071986607, 'count': 35, 'sum': 895.7283325195312, 'median': 25.540000915527344}","(77.84552225000004, 18.434438427000032, 78.04087699300004, 18.57495128000005)",30-09-2023.geojson,Varni,,,,,
Sangareddy,TSSD0527,138.9,"{'min': 22.010000228881836, 'max': 30.770000457763672, 'mean': 27.31097412109375, 'count': 38, 'sum': 1037.8170166015625, 'median': 27.82833480834961}","(77.82626219800005, 17.806470842000067, 77.97597402000008, 17.94784828400003)",30-09-2023.geojson,Vatpally,,,,,
Karimnagar,TSSD0528,149.05,"{'min': 27.053333282470703, 'max': 30.59000015258789, 'mean': 28.802413940429688, 'count': 40, 'sum': 1152.0965576171875, 'median': 28.830001831054688}","(79.32153135600004, 18.284775453000066, 79.47308686900004, 18.451735262000057)",30-09-2023.geojson,Veenavanka,,,,,
Rajanna Sircilla,TSSD0529,108.34,"{'min': 25.700000762939453, 'max': 28.236665725708008, 'mean': 27.018273489815847, 'count': 28, 'sum': 756.5116577148438, 'median': 26.98583221435547}","(78.52432514700007, 18.43250137900003, 78.66155136400005, 18.551319524000064)",30-09-2023.geojson,Veernapalli,,,,,
Warangal_Urban,TSSD0530,99.79,"{'min': 29.296667098999023, 'max': 30.969999313354492, 'mean': 30.067333984375, 'count': 25, 'sum': 751.683349609375, 'median': 30.040000915527344}","(79.22835213700006, 17.93079546100006, 79.37723082100007, 18.05131547900004)",30-09-2023.geojson,Velair,,,,,
Nagarkurnool,TSSD0531,241.3,"{'min': 33.130001068115234, 'max': 35.61000061035156, 'mean': 34.27049180327869, 'count': 61, 'sum': 2090.5, 'median': 34.25}","(78.46270790300008, 16.666440694000073, 78.68353178700005, 16.830959432000043)",30-09-2023.geojson,Veldanda,,,,,
Jagtial,TSSD0532,186.9,"{'min': 23.703332901000977, 'max': 31.75, 'mean': 28.073944714604593, 'count': 49, 'sum': 1375.623291015625, 'median': 28.229999542236328}","(79.12494408400005, 18.722845411000037, 79.29767471800005, 18.894953697000062)",30-09-2023.geojson,Velgatur,,,,,
Mancherial,TSSD0533,250.71,"{'min': 28.336666107177734, 'max': 33.003334045410156, 'mean': 30.05067193330224, 'count': 67, 'sum': 2013.39501953125, 'median': 29.8799991607666}","(79.69774836700003, 18.995230109000033, 79.93090835500004, 19.173999767000055)",30-09-2023.geojson,Vemanpalle,,,,,
Khammam,TSSD0534,212.09,"{'min': 26.356666564941406, 'max': 32.779998779296875, 'mean': 30.35887784090909, 'count': 55, 'sum': 1669.73828125, 'median': 30.530000686645508}","(80.65028236900008, 17.04501079700003, 80.87710057800007, 17.186178728000073)",30-09-2023.geojson,Vemsoor,,,,,
Nalgonda,TSSD0535,112.25,"{'min': 27.592500686645508, 'max': 31.183332443237305, 'mean': 29.622196320564516, 'count': 31, 'sum': 918.2880859375, 'median': 30.014999389648438}","(79.49070453100006, 16.89060024500003, 79.61612180500003, 17.07767939000007)",30-09-2023.geojson,Vemulapally,,,,,
Rajanna Sircilla,TSSD0536,84.86,"{'min': 29.469999313354492, 'max': 32.12333297729492, 'mean': 30.7419189453125, 'count': 20, 'sum': 614.83837890625, 'median': 30.709999084472656}","(78.80779904800005, 18.41516011400006, 78.91545277600005, 18.54459724000003)",30-09-2023.geojson,Vemulawada,,,,,
Rajanna Sircilla,TSSD0537,107.21,"{'min': 26.643333435058594, 'max': 31.690000534057617, 'mean': 28.715417044503347, 'count': 28, 'sum': 804.0316772460938, 'median': 28.395000457763672}","(78.77384337400008, 18.403529220000053, 78.91728096300005, 18.597872276000032)",30-09-2023.geojson,Vemulawada Rural,,,,,
Mulugu,TSSD0538,370.83,"{'min': 26.06599998474121, 'max': 32.790000915527344, 'mean': 28.522552792388613, 'count': 101, 'sum': 2880.77783203125, 'median': 28.489999771118164}","(79.85087728600007, 18.200829315000078, 80.17916133800009, 18.400974098000063)",30-09-2023.geojson,Venkatapur,,,,,
Mulugu,TSSD0539,588.35,"{'min': 24.25666618347168, 'max': 36.27000045776367, 'mean': 28.924097305689102, 'count': 156, 'sum': 4512.1591796875, 'median': 28.704999923706055}","(80.46538317500006, 18.105970334000062, 80.79370483500009, 18.449384397000074)",30-09-2023.geojson,Venkatapuram,,,,,
Vikarabad,TSSD0540,270.72,"{'min': 26.323333740234375, 'max': 30.889999389648438, 'mean': 29.07875374571918, 'count': 73, 'sum': 2122.7490234375, 'median': 29.299999237060547}","(77.79093909400007, 17.228214577000074, 78.02432692200006, 17.44577402500005)",30-09-2023.geojson,Vikarabad,,,,,
Jogulamba Gadwal,TSSD0541,129.2,"{'min': 31.90999984741211, 'max': 39.40999984741211, 'mean': 35.623032078598484, 'count': 33, 'sum': 1175.56005859375, 'median': 35.22999954223633}","(77.71231111200007, 15.89601525300003, 77.89649991000005, 16.018746091000025)",30-09-2023.geojson,Waddepally,,,,,
Wanaparthy,TSSD0542,201.88,"{'min': 26.93000030517578, 'max': 32.630001068115234, 'mean': 29.11205115685096, 'count': 39, 'sum': 1135.3699951171875, 'median': 28.670000076293945}","(77.95375639600007, 16.253768913000044, 78.13510940900005, 16.464866955000048)",30-09-2023.geojson,Wanaparthy,,,,,
Kumurambheem Asifabad,TSSD0543,335.2,"{'min': 28.40999984741211, 'max': 32.5966682434082, 'mean': 30.07119254178779, 'count': 86, 'sum': 2586.12255859375, 'median': 30.079999923706055}","(79.20433473500003, 19.379408367000053, 79.42272052200008, 19.61653411900005)",30-09-2023.geojson,Wankidi,,,,,
Warangal_Urban,TSSD0544,39.54,"{'min': 30.850000381469727, 'max': 33.810001373291016, 'mean': 32.74060613458807, 'count': 11, 'sum': 360.14666748046875, 'median': 32.78333282470703}","(79.59074538600004, 17.974576416000048, 79.67092088100003, 18.04143189300015)",30-09-2023.geojson,Warangal,,,,,
Warangal_Rural,TSSD0545,158.41,"{'min': 28.299999237060547, 'max': 31.863332748413086, 'mean': 30.151894309303977, 'count': 44, 'sum': 1326.683349609375, 'median': 30.15999984741211}","(79.47950597500005, 17.695552186000043, 79.66242391200007, 17.87391055100005)",30-09-2023.geojson,Wardhannapet,,,,,
Siddipet,TSSD0546,141.87,"{'min': 26.996665954589844, 'max': 29.75, 'mean': 28.396712453741777, 'count': 38, 'sum': 1079.0750732421875, 'median': 28.540000915527344}","(78.510667, 17.737442558000055, 78.67005759100005, 17.837924042000054)",30-09-2023.geojson,Wargal,,,,,
Wanaparthy,TSSD0547,165.53,"{'min': 24.170000076293945, 'max': 33.93000030517578, 'mean': 30.152570452008927, 'count': 35, 'sum': 1055.3399658203125, 'median': 30.176666259765625}","(78.03872356400007, 16.081036264000033, 78.22753261000008, 16.189588461000028)",30-09-2023.geojson,Weepangandla,,,,,
Khammam,TSSD0548,135.48,"{'min': 30.360000610351562, 'max': 34.56999969482422, 'mean': 32.509188265413854, 'count': 37, 'sum': 1202.8399658203125, 'median': 32.41999816894531}","(80.29245451900005, 17.052642821000063, 80.43887726800006, 17.202658917000065)",30-09-2023.geojson,Wyra,,,,,
Rangareddy,TSSD0549,316.92,"{'min': 28.350000381469727, 'max': 32.04999923706055, 'mean': 30.503983660442074, 'count': 82, 'sum': 2501.32666015625, 'median': 30.479999542236328}","(78.54568468000008, 16.934093064000024, 78.80793281600006, 17.12867297300005)",30-09-2023.geojson,Yacharam,,,,,
Yadadri Bhuvanagiri,TSSD0550,186.21,"{'min': 29.44499969482422, 'max': 31.883333206176758, 'mean': 30.70621505438113, 'count': 51, 'sum': 1566.0169677734375, 'median': 30.729999542236328}","(78.84835935400008, 17.534587685000076, 79.03828959100008, 17.686530936000054)",30-09-2023.geojson,Yadagirigutta,,,,,
Nizamabad,TSSD0551,94.89,"{'min': 24.69499969482422, 'max': 27.170000076293945, 'mean': 25.70696082481971, 'count': 26, 'sum': 668.3809814453125, 'median': 25.494998931884766}","(77.91550924600006, 18.623425712000028, 78.04225781600007, 18.729394451000076)",30-09-2023.geojson,Yedapally,,,,,
Vikarabad,TSSD0552,198.18,"{'min': 24.59000015258789, 'max': 34.5099983215332, 'mean': 30.78836643949468, 'count': 47, 'sum': 1447.05322265625, 'median': 31.530000686645508}","(77.52786449900003, 17.13053142700005, 77.75138027800006, 17.285580779000043)",30-09-2023.geojson,Yelal,,,,,
Medak,TSSD0553,163.31,"{'min': 24.969999313354492, 'max': 28.610000610351562, 'mean': 27.082827360733695, 'count': 46, 'sum': 1245.81005859375, 'median': 27.10333251953125}","(78.25020444800003, 17.845214376000058, 78.42507897600012, 17.987096653000037)",30-09-2023.geojson,Yeldurthy,,,,,
Bhadradri Kothagudem,TSSD0554,446.45,"{'min': 26.049999237060547, 'max': 32.33000183105469, 'mean': 29.867136309223792, 'count': 124, 'sum': 3703.52490234375, 'median': 29.802499771118164}","(80.20203604400007, 17.495235336000064, 80.42881209300003, 17.784950355000035)",30-09-2023.geojson,Yellandu,,,,,
Kamareddy,TSSD0555,184.45,"{'min': 24.260000228881836, 'max': 29.290000915527344, 'mean': 26.48683633609694, 'count': 49, 'sum': 1297.85498046875, 'median': 26.270000457763672}","(77.94077074800003, 18.10658015200005, 78.09588024100003, 18.321288552000055)",30-09-2023.geojson,Yellareddy,,,,,
Rajanna Sircilla,TSSD0556,186.82,"{'min': 26.690000534057617, 'max': 30.976667404174805, 'mean': 28.04477108226103, 'count': 51, 'sum': 1430.2833251953125, 'median': 27.72333335876465}","(78.54791135700003, 18.319811327000025, 78.75757783600005, 18.46288011300004)",30-09-2023.geojson,Yellareddypet,,,,,
Nizamabad,TSSD0557,68.02,"{'min': 25.739999771118164, 'max': 29.296667098999023, 'mean': 27.777352725758274, 'count': 17, 'sum': 472.2149963378906, 'median': 28.143333435058594}","(78.43614230700007, 18.871916310000074, 78.53864631300007, 18.97312927200005)",30-09-2023.geojson,Yergatla,,,,,
Khammam,TSSD0558,262.24,"{'min': 27.75, 'max': 35.45000076293945, 'mean': 31.880513822115386, 'count': 65, 'sum': 2072.2333984375, 'median': 32.06999969482422}","(80.42901058800004, 16.768789670000046, 80.60532488100006, 16.96155575100005)",30-09-2023.geojson,Yerrupalem,,,,,
Jangoan,TSSD0559,163.78,"{'min': 29.15399932861328, 'max': 32.349998474121094, 'mean': 31.019574652777777, 'count': 45, 'sum': 1395.880859375, 'median': 31.22333335876465}","(79.40432095600005, 17.69860641200006, 79.51467165900004, 17.89232289800003)",30-09-2023.geojson,Zaffergadh,,,,,
Sangareddy,TSSD0560,243.94,"{'min': 24.90999984741211, 'max': 29.8700008392334, 'mean': 28.150105794270832, 'count': 66, 'sum': 1857.906982421875, 'median': 28.342498779296875}","(77.47167387100006, 17.54590518200007, 77.71357368300005, 17.749326707000023)",30-09-2023.geojson,Zahirabad,,,,,
Nagarkurnool,TSSD0561,183.51,"{'min': 28.329999923706055, 'max': 34.58000183105469, 'mean': 31.811622413429053, 'count': 37, 'sum': 1177.030029296875, 'median': 32.16999816894531}","(78.43086370300006, 16.197314094000035, 78.59402431200004, 16.37663690200003)",30-09-2023.geojson,Lingal,,,,,
Nagarkurnool,TSSD0562,222.74,"{'min': 23.530000686645508, 'max': 34.970001220703125, 'mean': 30.65049461082176, 'count': 54, 'sum': 1655.126708984375, 'median': 31.174999237060547}","(78.20110216600006, 16.35091361800005, 78.42443343200006, 16.530833019000056)",30-09-2023.geojson,Nagar_Kurnool,,,,,
Mahabubnagar,TSSD0563,145.45,"{'min': 25.90999984741211, 'max': 29.709999084472656, 'mean': 27.340078958650913, 'count': 41, 'sum': 1120.9432373046875, 'median': 27.43000030517578}","(77.82864822500005, 16.643852022000033, 77.99254221500007, 16.772605979000048)",30-09-2023.geojson,Mahabubnagar_Rural,,,,,
Narayanpet,TSSD0564,256.63,"{'min': 28.190000534057617, 'max': 34.95000076293945, 'mean': 31.515391630284928, 'count': 68, 'sum': 2143.046630859375, 'median': 31.389999389648438}","(77.41869071500008, 16.543696836000038, 77.63466779000004, 16.729675432000022)",30-09-2023.geojson,Utkoor,,,,,
Rangareddy,TSSD0565,22.03,"{'min': 33.244998931884766, 'max': 33.75, 'mean': 33.474664306640626, 'count': 5, 'sum': 167.37332153320312, 'median': 33.349998474121094}","(78.50689165600005, 17.336093290000065, 78.58558260100006, 17.37992626500005)",30-09-2023.geojson,Saroornagar,,,,,
Sangareddy,TSSD0566,37.76,"{'min': 28.763334274291992, 'max': 30.343334197998047, 'mean': 29.538333892822266, 'count': 8, 'sum': 236.30667114257812, 'median': 29.51333236694336}","(78.28021050800004, 17.505606920000048, 78.35002219800003, 17.57992215400003)",30-09-2023.geojson,Ameenpur,,,,,
Sangareddy,TSSD0567,111.94,"{'min': 25.196666717529297, 'max': 30.41666603088379, 'mean': 27.78469756155303, 'count': 33, 'sum': 916.89501953125, 'median': 27.795000076293945}","(78.22737331300004, 17.528204591000076, 78.38745191600003, 17.67226987500004)",30-09-2023.geojson,Jinnaram,,,,,
Medak,TSSD0568,112.07,"{'min': 25.9233341217041, 'max': 28.75, 'mean': 27.89672633579799, 'count': 28, 'sum': 781.1083374023438, 'median': 27.974998474121094}","(78.42603746200007, 17.77588639100003, 78.56138370400004, 17.89800592200004)",30-09-2023.geojson,Toopran,,,,,
Medak,TSSD0569,88.1,"{'min': 26.989999771118164, 'max': 29.25, 'mean': 28.429306030273438, 'count': 24, 'sum': 682.3033447265625, 'median': 28.395000457763672}","(78.41929055500003, 17.692085064000025, 78.52257619700003, 17.817608290000067)",30-09-2023.geojson,Manoharabad,,,,,
Siddipet,TSSD0570,129.06,"{'min': 27.020000457763672, 'max': 29.709999084472656, 'mean': 28.17310248480903, 'count': 36, 'sum': 1014.231689453125, 'median': 28.333332061767578}","(78.52730335900003, 17.878079271000047, 78.64358807000008, 18.041003706000026)",30-09-2023.geojson,Doultabad,,,,,
Medak,TSSD0571,76.05,"{'min': 24.110000610351562, 'max': 26.81999969482422, 'mean': 25.882916259765626, 'count': 20, 'sum': 517.6583251953125, 'median': 26.235000610351562}","(78.07364299200003, 17.796666895000044, 78.18678124500008, 17.905026876000022)",30-09-2023.geojson,Chilipched,,,,,
Medak,TSSD0572,136.79,"{'min': 22.963333129882812, 'max': 29.010000228881836, 'mean': 25.22369219805743, 'count': 37, 'sum': 933.276611328125, 'median': 24.963333129882812}","(78.32685103200004, 17.904917194000063, 78.44243876400003, 18.081304571000032)",30-09-2023.geojson,Shankarampet_R,,,,,
Medak,TSSD0573,131.44,"{'min': 25.023332595825195, 'max': 31.204999923706055, 'mean': 27.853750228881836, 'count': 32, 'sum': 891.3200073242188, 'median': 27.962499618530273}","(78.43107409900006, 17.905682555000055, 78.58520918700003, 18.06554777300005)",30-09-2023.geojson,Chegunta,,,,,
Kamareddy,TSSD0574,74.34,"{'min': 25.863332748413086, 'max': 28.803333282470703, 'mean': 27.482980828536185, 'count': 19, 'sum': 522.1766357421875, 'median': 27.44333267211914}","(78.37757087100005, 18.21350254400005, 78.52579487700007, 18.30009331800005)",30-09-2023.geojson,Domakonda,,,,,
Kamareddy,TSSD0575,168.77,"{'min': 25.203332901000977, 'max': 29.883333206176758, 'mean': 27.64085127667683, 'count': 41, 'sum': 1133.27490234375, 'median': 27.969999313354492}","(77.72979911700008, 18.190311369000028, 77.89310396100007, 18.380507752000028)",30-09-2023.geojson,Pitlam,,,,,
Kamareddy,TSSD0576,191.8,"{'min': 25.623332977294922, 'max': 29.889999389648438, 'mean': 27.971193709463442, 'count': 53, 'sum': 1482.4732666015625, 'median': 28.079999923706055}","(77.65355776700005, 18.300626045000058, 77.83219913400006, 18.488304079000045)",30-09-2023.geojson,Bichkunda,,,,,
Kamareddy,TSSD0577,82.32,"{'min': 23.59666633605957, 'max': 30.736665725708008, 'mean': 26.257501775568183, 'count': 22, 'sum': 577.6650390625, 'median': 26.06999969482422}","(77.75813508500005, 18.372326572000077, 77.86341082200005, 18.505311680000034)",30-09-2023.geojson,Birkoor,,,,,
Adilabad,TSSD0578,34.92,"{'min': 29.376667022705078, 'max': 33.7599983215332, 'mean': 31.329165649414062, 'count': 10, 'sum': 313.2916564941406, 'median': 31.592498779296875}","(78.48710289700006, 19.60170591600007, 78.54305936500003, 19.683661252000036)",30-09-2023.geojson,Mavala,,,,,
Peddapalli,TSSD0579,122.7,"{'min': 25.049999237060547, 'max': 30.757999420166016, 'mean': 28.854988606770835, 'count': 30, 'sum': 865.649658203125, 'median': 29.095333099365234}","(79.31124542100008, 18.728421345000072, 79.45668509800004, 18.855615717000035)",30-09-2023.geojson,Anthergaon,,,,,
Mulugu,TSSD0580,576.05,"{'min': 26.356666564941406, 'max': 32.369998931884766, 'mean': 28.609753337127483, 'count': 151, 'sum': 4320.07275390625, 'median': 28.469999313354492}","(80.37410149900006, 18.33990656700007, 80.68734144600006, 18.632607707000034)",30-09-2023.geojson,Wazeed,,,,,
Nizamabad,TSSD0581,158.53,"{'min': 20.1299991607666, 'max': 30.3799991607666, 'mean': 27.79094749273256, 'count': 43, 'sum': 1195.0107421875, 'median': 28.55666732788086}","(78.47512705800006, 18.684195498000065, 78.64029038200005, 18.900912592000054)",30-09-2023.geojson,Kammarpally,,,,,
Jangoan,TSSD0582,120.55,"{'min': 29.399999618530273, 'max': 32.38999938964844, 'mean': 31.03696550641741, 'count': 28, 'sum': 869.0350341796875, 'median': 31.116666793823242}","(79.38361325200003, 17.491730369000038, 79.56249112400008, 17.63017571100005)",30-09-2023.geojson,Kodakandla,,,,,
Narayanpet,TSSD0583,172.63,"{'min': 0.0, 'max': 33.279998779296875, 'mean': 28.705265299479166, 'count': 45, 'sum': 1291.7369384765625, 'median': 29.141427993774414}","(77.23725451100006, 16.366338565000035, 77.45641595200004, 16.49439566000018)",30-09-2023.geojson,Krishna,,,,,
Mancherial,TSSD0584,414.48,"{'min': 28.764999389648438, 'max': 34.130001068115234, 'mean': 30.370211999393202, 'count': 103, 'sum': 3128.1318359375, 'median': 30.1299991607666}","(79.69063140800006, 18.824880136000047, 79.96247775100005, 19.055750638000063)",30-09-2023.geojson,Kotapalle,,,,,
Warangal_Rural,TSSD0585,96.85,"{'min': 28.809999465942383, 'max': 32.09000015258789, 'mean': 30.032306377704327, 'count': 26, 'sum': 780.8399658203125, 'median': 30.04666519165039}","(79.58000525100005, 18.13079426400003, 79.67613864900011, 18.273366891000023)",30-09-2023.geojson,Nadikuda,,,,,
Medchal_Malkajgiri,TSSD0586,92.19,"{'min': 27.59000015258789, 'max': 30.356666564941406, 'mean': 29.61622032752404, 'count': 26, 'sum': 770.021728515625, 'median': 29.7066650390625}","(78.60919935000027, 17.572950565000042, 78.72357522400006, 17.698451215000034)",30-09-2023.geojson,Muduchinthalaphally,,,,,
Siddipet,TSSD0587,66.64,"{'min': 28.136667251586914, 'max': 29.343334197998047, 'mean': 28.54962836371528, 'count': 18, 'sum': 513.893310546875, 'median': 28.52666664123535}","(78.75009036300014, 18.179105241000116, 78.85292966200007, 18.26297022400007)",30-09-2023.geojson,Narayanraopet,,,,,
Nizamabad,TSSD0588,59.09,"{'min': 22.91666603088379, 'max': 26.100000381469727, 'mean': 25.163124084472656, 'count': 16, 'sum': 402.6099853515625, 'median': 25.321666717529297}","(77.93403706700008, 18.52915054300007, 78.05329923800008, 18.639067520000026)",30-09-2023.geojson,Mosra,,,,,
Nizamabad,TSSD0589,49.75,"{'min': 24.523332595825195, 'max': 25.600000381469727, 'mean': 25.076189313616073, 'count': 14, 'sum': 351.066650390625, 'median': 25.099998474121094}","(77.91841617100005, 18.496525074000033, 78.04060240200005, 18.590460833)",30-09-2023.geojson,Chandur,,,,,
Sangareddy,TSSD0590,97.98,"{'min': 25.20599937438965, 'max': 29.290000915527344, 'mean': 27.23746970847801, 'count': 27, 'sum': 735.4116821289062, 'median': 27.530000686645508}","(78.03596075900009, 17.649676136000153, 78.15543426700003, 17.771041394000065)",30-09-2023.geojson,Chowtakur,,,,,
Medak,TSSD0591,67.5,"{'min': 25.343334197998047, 'max': 29.0, 'mean': 27.001295301649307, 'count': 18, 'sum': 486.0233154296875, 'median': 27.095001220703125}","(78.39670312900006, 17.869416313000045, 78.53362296600005, 17.948666831000025)",30-09-2023.geojson,Masaipet,,,,,
Siddipet,TSSD0592,70.13,"{'min': 29.503334045410156, 'max': 30.809999465942383, 'mean': 30.23754240337171, 'count': 19, 'sum': 574.5133056640625, 'median': 30.28333282470703}","(79.03345267100008, 17.94056795000006, 79.15307655800007, 18.032435260000113)",30-09-2023.geojson,Dhoolumitta,,,,,
Rangareddy,TSSD0001,254.22,"{'min': 28.683332443237305, 'max': 33.898887634277344, 'mean': 31.955388849431817, 'count': 66, 'sum': 2109.0556640625, 'median': 32.36977767944336}","(78.55995755200007, 17.23432776100003, 78.76246159900006, 17.40383786600006)",30-11-2023.geojson,Abdullapurmet,,,,,
Nagarkurnool,TSSD0002,502.12,"{'min': 28.739999771118164, 'max': 34.59749984741211, 'mean': 31.69654289124504, 'count': 126, 'sum': 3993.764404296875, 'median': 32.09013748168945}","(78.58204158400008, 16.328785754000023, 79.06420699900008, 16.552355156000033)",30-11-2023.geojson,Achampet,,,,,
Nalgonda,TSSD0003,124.12,"{'min': 28.920000076293945, 'max': 31.65999984741211, 'mean': 30.037309126420453, 'count': 33, 'sum': 991.231201171875, 'median': 29.996665954589844}","(79.40552823000007, 16.61250682600007, 79.58503520000005, 16.727679548000026)",30-11-2023.geojson,Adavidevulapally,,,,,
Yadadri Bhuvanagiri,TSSD0004,141.84,"{'min': 29.610000610351562, 'max': 32.67571258544922, 'mean': 31.08667634662829, 'count': 38, 'sum': 1181.293701171875, 'median': 31.115571975708008}","(79.30480125000008, 17.343213083000023, 79.45808114400006, 17.48429223000005)",30-11-2023.geojson,Addagudur,,,,,
Mahabubnagar,TSSD0005,133.19,"{'min': 29.49799919128418, 'max': 32.630001068115234, 'mean': 31.256666395399307, 'count': 36, 'sum': 1125.239990234375, 'median': 31.461776733398438}","(77.85964485800008, 16.441965785000036, 78.01275922800005, 16.583453924000025)",30-11-2023.geojson,Addakal,,,,,
Adilabad,TSSD0006,296.11,"{'min': 27.632667541503906, 'max': 31.46066665649414, 'mean': 29.752701400162337, 'count': 77, 'sum': 2290.9580078125, 'median': 29.864665985107422}","(78.46791283600004, 19.529549935000034, 78.75075334500008, 19.743971118000047)",30-11-2023.geojson,Adilabad Rural,,,,,
Adilabad,TSSD0007,18.64,"{'min': 30.841999053955078, 'max': 31.648666381835938, 'mean': 31.057998657226562, 'count': 4, 'sum': 124.23199462890625, 'median': 30.87066650390625}","(78.51136180900005, 19.64107290800007, 78.56091570800004, 19.696663797000042)",30-11-2023.geojson,Adilabad Urban,,,,,
Jogulamba Gadwal,TSSD0008,281.08,"{'min': 28.959999084472656, 'max': 34.61000061035156, 'mean': 32.205119388204224, 'count': 71, 'sum': 2286.5634765625, 'median': 32.30400085449219}","(77.51085515500006, 15.892624954000041, 77.79118149700008, 16.073899572000073)",30-11-2023.geojson,Aiza,,,,,
Siddipet,TSSD0009,181.57,"{'min': 29.094444274902344, 'max': 32.08142852783203, 'mean': 30.74552978515625, 'count': 50, 'sum': 1537.2764892578125, 'median': 30.968055725097656}","(79.09867562300008, 17.991228970000066, 79.28258652700003, 18.10859845500005)",30-11-2023.geojson,Akkannapet,,,,,
Yadadri Bhuvanagiri,TSSD0010,165.31,"{'min': 30.209999084472656, 'max': 33.349998474121094, 'mean': 32.12466501635174, 'count': 43, 'sum': 1381.360595703125, 'median': 32.33856964111328}","(78.99234199800003, 17.567113119000055, 79.16709451200006, 17.725946442000065)",30-11-2023.geojson,Alair,,,,,
Jogulamba Gadwal,TSSD0011,212.17,"{'min': 31.692222595214844, 'max': 37.540000915527344, 'mean': 34.08352895883414, 'count': 52, 'sum': 1772.343505859375, 'median': 33.935176849365234}","(78.05931506700006, 15.836429923000026, 78.25321888900004, 16.011158503000047)",30-11-2023.geojson,Alampur,,,,,
Medak,TSSD0012,106.37,"{'min': 28.799999237060547, 'max': 31.13428497314453, 'mean': 29.799522117332177, 'count': 27, 'sum': 804.5870971679688, 'median': 29.809999465942383}","(77.88797224100006, 17.883895607000056, 78.00388009500006, 18.014119892000053)",30-11-2023.geojson,Alladurg,,,,,
Bhadradri Kothagudem,TSSD0013,507.54,"{'min': 25.101667404174805, 'max': 31.376667022705078, 'mean': 27.810920484138258, 'count': 132, 'sum': 3671.04150390625, 'median': 27.672500610351562}","(80.39744846200006, 17.75296549600006, 80.69612561700006, 18.05460231400002)",30-11-2023.geojson,Allapalli,,,,,
Medchal_Malkajgiri,TSSD0014,43.73,"{'min': 29.190000534057617, 'max': 30.84000015258789, 'mean': 30.179770729758523, 'count': 11, 'sum': 331.97747802734375, 'median': 30.262500762939453}","(78.47891113600008, 17.480615318000048, 78.57688553000008, 17.549306657000045)",30-11-2023.geojson,Alwal,,,,,
Rangareddy,TSSD0015,138.08,"{'min': 29.86111068725586, 'max': 31.584999084472656, 'mean': 30.72201877170139, 'count': 36, 'sum': 1105.99267578125, 'median': 30.75555419921875}","(78.48719442500004, 16.794263726000054, 78.63278904100008, 16.922855003000052)",30-11-2023.geojson,Amangal,,,,,
Wanaparthy,TSSD0016,110.02,"{'min': 26.027999877929688, 'max': 30.56333351135254, 'mean': 29.266943359375, 'count': 30, 'sum': 878.00830078125, 'median': 29.720428466796875}","(77.65718116000005, 16.32682638500006, 77.80141077600007, 16.437234124000042)",30-11-2023.geojson,Amarchintha,,,,,
Hyderabad,TSSD0017,9.23,"{'min': 29.5939998626709, 'max': 31.301111221313477, 'mean': 30.452220916748047, 'count': 4, 'sum': 121.80888366699219, 'median': 30.45688819885254}","(78.48463282000006, 17.368221164000033, 78.52881660000008, 17.40365662100004)",30-11-2023.geojson,Amberpet,,,,,
Hyderabad,TSSD0018,3.86,"{'min': 29.729999542236328, 'max': 29.729999542236328, 'mean': 29.729999542236328, 'count': 1, 'sum': 29.729999542236328, 'median': 29.729999542236328}","(78.42921871100003, 17.43080978200004, 78.46511365000003, 17.45407132100007)",30-11-2023.geojson,Ammerpet,,,,,
Nagarkurnool,TSSD0019,1218.96,"{'min': 25.25, 'max': 32.48777770996094, 'mean': 28.000308719758063, 'count': 310, 'sum': 8680.095703125, 'median': 27.771499633789062}","(78.48741327000005, 16.00923712100007, 79.02694515400003, 16.415272880000032)",30-11-2023.geojson,Amrabad,,,,,
Suryapet,TSSD0020,116.56,"{'min': 27.67888832092285, 'max': 31.13800048828125, 'mean': 29.35062255859375, 'count': 30, 'sum': 880.5186767578125, 'median': 29.437999725341797}","(79.90212536100006, 16.982533018000026, 80.06097163900006, 17.132924940000066)",30-11-2023.geojson,Ananthagiri,,,,,
Sangareddy,TSSD0021,186.83,"{'min': 28.1645450592041, 'max': 30.993999481201172, 'mean': 29.746470349900267, 'count': 47, 'sum': 1398.0841064453125, 'median': 29.881427764892578}","(77.94290081500003, 17.75956500500007, 78.11621519700003, 17.925892899000075)",30-11-2023.geojson,Andole,,,,,
Bhadradri Kothagudem,TSSD0022,176.27,"{'min': 26.437692642211914, 'max': 30.124000549316406, 'mean': 28.82081139605978, 'count': 46, 'sum': 1325.75732421875, 'median': 29.100000381469727}","(80.64118685200003, 17.28576821300004, 80.85142774000008, 17.41689142100006)",30-11-2023.geojson,Annapureddipalle,,,,,
Nalgonda,TSSD0023,190.48,"{'min': 29.68000030517578, 'max': 33.22142791748047, 'mean': 31.72244140625, 'count': 50, 'sum': 1586.1220703125, 'median': 31.849285125732422}","(79.19527357000004, 16.726884840000025, 79.39201370200004, 16.913228080000067)",30-11-2023.geojson,Anumula_Haliya,,,,,
Nizamabad,TSSD0024,221.85,"{'min': 24.93000030517578, 'max': 32.59769058227539, 'mean': 30.28223876953125, 'count': 60, 'sum': 1816.934326171875, 'median': 30.680768966674805}","(78.17296352400007, 18.74292431300006, 78.35632004600006, 18.93725310900004)",30-11-2023.geojson,Armoor,,,,,
Kumurambheem Asifabad,TSSD0025,380.26,"{'min': 26.540000915527344, 'max': 31.426000595092773, 'mean': 29.14172123927696, 'count': 102, 'sum': 2972.45556640625, 'median': 29.236705780029297}","(79.05947913700004, 19.250334717000044, 79.39455949500007, 19.45064135100006)",30-11-2023.geojson,Asifabad,,,,,
Hyderabad,TSSD0026,12.88,"{'min': 29.801111221313477, 'max': 30.809999465942383, 'mean': 30.321277618408203, 'count': 4, 'sum': 121.28511047363281, 'median': 30.336999893188477}","(78.42582161500007, 17.359808491000024, 78.46198218000006, 17.408130664000055)",30-11-2023.geojson,Asifnagar,,,,,
Bhadradri Kothagudem,TSSD0027,329.09,"{'min': 25.790000915527344, 'max': 30.474285125732422, 'mean': 28.096674138849433, 'count': 88, 'sum': 2472.50732421875, 'median': 28.223751068115234}","(80.68546006000008, 17.692266541000038, 80.88829418500006, 17.933206824000024)",30-11-2023.geojson,Aswapuram,,,,,
Bhadradri Kothagudem,TSSD0028,564.09,"{'min': 24.993999481201172, 'max': 30.014286041259766, 'mean': 28.23327896442819, 'count': 141, 'sum': 3980.892333984375, 'median': 28.43000030517578}","(81.00029477700008, 17.215797421000048, 81.31479948400005, 17.495516869000028)",30-11-2023.geojson,Aswaraopeta,,,,,
Yadadri Bhuvanagiri,TSSD0029,171.54,"{'min': 30.338571548461914, 'max': 33.41857147216797, 'mean': 32.211832682291664, 'count': 45, 'sum': 1449.532470703125, 'median': 32.38428497314453}","(79.08082893600005, 17.39675374600006, 79.24565290200007, 17.53585182000006)",30-11-2023.geojson,Athmakur (M),,,,,
Wanaparthy,TSSD0030,137.9,"{'min': 27.877273559570312, 'max': 32.14555740356445, 'mean': 29.20052761501736, 'count': 36, 'sum': 1051.218994140625, 'median': 29.005748748779297}","(77.73676945900007, 16.203007356000057, 77.92502598300007, 16.38983216400004)",30-11-2023.geojson,Atmakur,,,,,
Warangal_Rural,TSSD0031,100.48,"{'min': 27.48714256286621, 'max': 30.2549991607666, 'mean': 29.35893132136418, 'count': 26, 'sum': 763.3322143554688, 'median': 29.530834197998047}","(79.67890460400008, 17.996386791000077, 79.82038191900006, 18.11908245500007)",30-11-2023.geojson,Atmakur,,,,,
Suryapet,TSSD0032,206.49,"{'min': 29.065000534057617, 'max': 31.652856826782227, 'mean': 30.59093572443182, 'count': 55, 'sum': 1682.50146484375, 'median': 30.641111373901367}","(79.59145821600004, 17.18757524600005, 79.81482135400006, 17.314815594000038)",30-11-2023.geojson,Atmakur_S,,,,,
Yadadri Bhuvanagiri,TSSD0033,188.28,"{'min': 30.614444732666016, 'max': 33.79750061035156, 'mean': 32.4121644263174, 'count': 51, 'sum': 1653.0203857421875, 'median': 32.56999969482422}","(78.70944519200003, 17.280238217000033, 78.91168170600008, 17.414015307000057)",30-11-2023.geojson,B.Pochampally,,,,,
Jangoan,TSSD0034,215.84,"{'min': 28.176666259765625, 'max': 32.244285583496094, 'mean': 30.62641433189655, 'count': 58, 'sum': 1776.33203125, 'median': 30.64623260498047}","(78.86787166400006, 17.709206091000055, 79.10262993800006, 17.8761671850001)",30-11-2023.geojson,Bachannapet,,,,,
Medchal_Malkajgiri,TSSD0035,17.73,"{'min': 28.836666107177734, 'max': 30.623332977294922, 'mean': 29.539523315429687, 'count': 5, 'sum': 147.69761657714844, 'median': 29.450000762939453}","(78.34798865200008, 17.510629856000037, 78.39909413900006, 17.553712028000064)",30-11-2023.geojson,Bachupally,,,,,
Hyderabad,TSSD0036,15.01,"{'min': 28.43000030517578, 'max': 31.00200080871582, 'mean': 29.786727905273438, 'count': 3, 'sum': 89.36018371582031, 'median': 29.92818260192871}","(78.43027281000008, 17.326923403000023, 78.47901840600008, 17.372507289000055)",30-11-2023.geojson,Bahadurpura,,,,,
Mahabubnagar,TSSD0037,174.74,"{'min': 30.026363372802734, 'max': 33.337501525878906, 'mean': 32.01522163722826, 'count': 46, 'sum': 1472.7001953125, 'median': 32.13888931274414}","(78.08729467400008, 16.845259309000028, 78.30248119100008, 17.011459106000075)",30-11-2023.geojson,Balanagar,,,,,
Medchal_Malkajgiri,TSSD0038,19.28,"{'min': 30.5, 'max': 32.05500030517578, 'mean': 31.2760009765625, 'count': 5, 'sum': 156.3800048828125, 'median': 31.377500534057617}","(78.41398145500006, 17.437593329000038, 78.49711234500006, 17.495946916000037)",30-11-2023.geojson,Balanagar,,,,,
Rangareddy,TSSD0039,131.84,"{'min': 28.774999618530273, 'max': 33.28499984741211, 'mean': 30.677873883928573, 'count': 35, 'sum': 1073.7255859375, 'median': 30.742000579833984}","(78.40825680200004, 17.228240129000028, 78.57240744700005, 17.342781479000053)",30-11-2023.geojson,Balapur,,,,,
Nizamabad,TSSD0040,97.3,"{'min': 24.766000747680664, 'max': 30.871538162231445, 'mean': 28.17908203125, 'count': 25, 'sum': 704.47705078125, 'median': 28.948572158813477}","(78.27055155900007, 18.820303712000054, 78.39954724000006, 18.968813210000064)",30-11-2023.geojson,Balkonda,,,,,
Nagarkurnool,TSSD0041,243.17,"{'min': 26.846363067626953, 'max': 33.28555679321289, 'mean': 31.616744290865384, 'count': 65, 'sum': 2055.08837890625, 'median': 31.792499542236328}","(78.49549449900007, 16.225707747000058, 78.67809309200004, 16.452804138000033)",30-11-2023.geojson,Balmoor,,,,,
Hyderabad,TSSD0042,21.38,"{'min': 30.615453720092773, 'max': 31.81999969482422, 'mean': 31.238909403483074, 'count': 6, 'sum': 187.43345642089844, 'median': 31.18400001525879}","(78.45371439300004, 17.293465379000054, 78.51861491400007, 17.352247109000075)",30-11-2023.geojson,Bandlaguda,,,,,
Kamareddy,TSSD0043,142.84,"{'min': 28.858572006225586, 'max': 31.84166717529297, 'mean': 30.512939453125, 'count': 35, 'sum': 1067.952880859375, 'median': 30.419231414794922}","(77.83852436200004, 18.316119945000025, 78.03038834200004, 18.45416467000007)",30-11-2023.geojson,Banswada,,,,,
Vikarabad,TSSD0044,91.56,"{'min': 29.160768508911133, 'max': 30.9950008392334, 'mean': 29.9992822265625, 'count': 25, 'sum': 749.9820556640625, 'median': 30.086923599243164}","(77.61390270400005, 17.383589031000042, 77.77189871100006, 17.483158091000064)",30-11-2023.geojson,Bantwaram,,,,,
Nirmal,TSSD0045,108.16,"{'min': 29.672500610351562, 'max': 36.020668029785156, 'mean': 33.878342200969826, 'count': 29, 'sum': 982.471923828125, 'median': 34.0793342590332}","(77.87395490400007, 18.84522452500005, 78.04060419300004, 18.95240894500006)",30-11-2023.geojson,Basar,,,,,
Vikarabad,TSSD0046,206.01,"{'min': 28.223846435546875, 'max': 30.44076919555664, 'mean': 29.53474167158019, 'count': 53, 'sum': 1565.34130859375, 'median': 29.522308349609375}","(77.36247981800005, 17.108590786000036, 77.53841200600004, 17.271892981000065)",30-11-2023.geojson,Basheerabad,,,,,
Mahabubabad,TSSD0047,307.29,"{'min': 26.463333129882812, 'max': 30.43400001525879, 'mean': 28.45855034722222, 'count': 81, 'sum': 2305.142578125, 'median': 28.380908966064453}","(80.05728874800008, 17.53352028000006, 80.26094565000005, 17.75039165800007)",30-11-2023.geojson,Bayyaram,,,,,
Adilabad,TSSD0048,253.13,"{'min': 26.612667083740234, 'max': 32.25, 'mean': 30.174204799107144, 'count': 70, 'sum': 2112.1943359375, 'median': 30.18775749206543}","(78.27492577100008, 19.393371099000035, 78.47377904700005, 19.580545785000027)",30-11-2023.geojson,Bazarhathnoor,,,,,
Jagtial,TSSD0049,108.89,"{'min': 27.433076858520508, 'max': 30.10076904296875, 'mean': 28.829125189012096, 'count': 31, 'sum': 893.702880859375, 'median': 28.946666717529297}","(78.87792220400007, 18.96036622300005, 79.02108975900006, 19.07988819600007)",30-11-2023.geojson,Beerpur,,,,,
Siddipet,TSSD0050,152.56,"{'min': 28.862499237060547, 'max': 32.025001525878906, 'mean': 30.6114501953125, 'count': 40, 'sum': 1224.4580078125, 'median': 30.770000457763672}","(78.95201931600008, 18.18925398600004, 79.11791494600004, 18.34315846100003)",30-11-2023.geojson,Bejjanki,,,,,
Kumurambheem Asifabad,TSSD0051,282.92,"{'min': 26.984285354614258, 'max': 30.736665725708008, 'mean': 29.0618359375, 'count': 75, 'sum': 2179.6376953125, 'median': 29.248666763305664}","(79.71984640800008, 19.26669339700004, 79.96748160900006, 19.444060153000066)",30-11-2023.geojson,Bejjur,,,,,
Adilabad,TSSD0052,252.64,"{'min': 26.202499389648438, 'max': 31.172666549682617, 'mean': 29.428378340126812, 'count': 69, 'sum': 2030.55810546875, 'median': 29.545713424682617}","(78.68107592100006, 19.56508431800006, 78.85966689500003, 19.782733789000076)",30-11-2023.geojson,Bela,,,,,
Mancherial,TSSD0053,146.79,"{'min': 28.443845748901367, 'max': 31.091249465942383, 'mean': 29.770156860351562, 'count': 40, 'sum': 1190.8062744140625, 'median': 29.773021697998047}","(79.41901996000007, 18.98112085100007, 79.58961168500008, 19.132048594000025)",30-11-2023.geojson,Bellampalle,,,,,
Bhadradri Kothagudem,TSSD0054,11.21,"{'min': 31.66666603088379, 'max': 31.937692642211914, 'mean': 31.80217933654785, 'count': 2, 'sum': 63.6043586730957, 'median': 31.80217933654785}","(80.87537144200007, 17.64270969100005, 80.91092172600008, 17.683719212000028)",30-11-2023.geojson,Bhadrachalam,,,,,
Nirmal,TSSD0055,247.42,"{'min': 28.302000045776367, 'max': 33.841766357421875, 'mean': 32.17015508395522, 'count': 67, 'sum': 2155.400390625, 'median': 32.37941360473633}","(77.87843723700007, 19.03252738200007, 78.09109643600004, 19.219462747000023)",30-11-2023.geojson,Bhainsa,,,,,
Warangal_Urban,TSSD0056,147.17,"{'min': 29.75200080871582, 'max': 32.08250045776367, 'mean': 30.682599748883927, 'count': 35, 'sum': 1073.8909912109375, 'median': 30.628000259399414}","(79.25802483300004, 18.001111758000036, 79.41034323000008, 18.156221128000027)",30-11-2023.geojson,Bheemadevarapalli,,,,,
Mancherial,TSSD0057,156.12,"{'min': 27.48384666442871, 'max': 28.926000595092773, 'mean': 28.29399852263622, 'count': 39, 'sum': 1103.4659423828125, 'median': 28.257692337036133}","(79.58636746400003, 18.76414004000003, 79.73368796500006, 18.942415460000063)",30-11-2023.geojson,Bheemaram,,,,,
Nizamabad,TSSD0058,225.03,"{'min': 26.40818214416504, 'max': 31.811819076538086, 'mean': 29.85800577799479, 'count': 60, 'sum': 1791.4803466796875, 'median': 30.079742431640625}","(78.35785953300007, 18.617871123000043, 78.59699998100007, 18.754933092000044)",30-11-2023.geojson,Bheemgal,,,,,
Mancherial,TSSD0059,151.63,"{'min': 29.20111083984375, 'max': 31.151111602783203, 'mean': 30.30712890625, 'count': 43, 'sum': 1303.20654296875, 'median': 30.386667251586914}","(79.50578178000006, 19.14043541600006, 79.67664248700004, 19.288073780000047)",30-11-2023.geojson,Bheemini,,,,,
Adilabad,TSSD0060,195.62,"{'min': 29.04599952697754, 'max': 33.196250915527344, 'mean': 30.466999459773938, 'count': 47, 'sum': 1431.948974609375, 'median': 30.311538696289062}","(78.28468101500005, 19.728594951000048, 78.49256909000007, 19.91690008100005)",30-11-2023.geojson,Bheempoor,,,,,
Kamareddy,TSSD0061,154.94,"{'min': 28.53333282470703, 'max': 31.074615478515625, 'mean': 30.08859107607887, 'count': 42, 'sum': 1263.7208251953125, 'median': 30.296483993530273}","(78.33227141500004, 18.122403492000046, 78.50250512100007, 18.278813365000076)",30-11-2023.geojson,Bhiknoor,,,,,
Yadadri Bhuvanagiri,TSSD0062,299.2,"{'min': 30.924999237060547, 'max': 33.95857238769531, 'mean': 32.448974609375, 'count': 78, 'sum': 2531.02001953125, 'median': 32.53089141845703}","(78.80997708400008, 17.36896378700004, 79.04721217500008, 17.595952069000077)",30-11-2023.geojson,Bhongiri,,,,,
Mahabubnagar,TSSD0063,177.56,"{'min': 29.0, 'max': 31.49571418762207, 'mean': 30.127940076462767, 'count': 47, 'sum': 1416.01318359375, 'median': 30.127777099609375}","(77.97152580800008, 16.592727025000045, 78.15346036600005, 16.739702366000074)",30-11-2023.geojson,Bhoothpur,,,,,
Jayashankar Bhupalpally,TSSD0064,412.31,"{'min': 25.941110610961914, 'max': 31.36199951171875, 'mean': 28.22304732711227, 'count': 108, 'sum': 3048.089111328125, 'median': 27.810001373291016}","(79.72643010900003, 18.326274666000074, 80.15195044700005, 18.518666378000034)",30-11-2023.geojson,Bhupalpally,,,,,
Yadadri Bhuvanagiri,TSSD0065,181.21,"{'min': 30.132856369018555, 'max': 33.337501525878906, 'mean': 31.945222815688776, 'count': 49, 'sum': 1565.31591796875, 'median': 31.97249984741211}","(78.70762825800006, 17.383774324000058, 78.91649957900006, 17.531102042000043)",30-11-2023.geojson,Bibinagar,,,,,
Kamareddy,TSSD0066,80.7,"{'min': 26.96066665649414, 'max': 30.797142028808594, 'mean': 29.16763916015625, 'count': 20, 'sum': 583.352783203125, 'median': 29.301429748535156}","(78.46247299900006, 18.169106830000032, 78.56926485100007, 18.275633318000075)",30-11-2023.geojson,Bibipet,,,,,
Nagarkurnool,TSSD0067,265.69,"{'min': 29.326000213623047, 'max': 32.81181716918945, 'mean': 30.648786272321427, 'count': 70, 'sum': 2145.4150390625, 'median': 30.552364349365234}","(78.10083116400006, 16.421414171000038, 78.28225422800006, 16.626726615000052)",30-11-2023.geojson,Bijinapalle,,,,,
Adilabad,TSSD0068,324.19,"{'min': 27.946666717529297, 'max': 32.30058670043945, 'mean': 30.54211580300633, 'count': 79, 'sum': 2412.8271484375, 'median': 30.80176544189453}","(78.17215629700007, 19.264980181000055, 78.39684222400007, 19.45647146400006)",30-11-2023.geojson,Boath,,,,,
Nizamabad,TSSD0069,274.45,"{'min': 28.658571243286133, 'max': 34.75, 'mean': 32.88871200770548, 'count': 73, 'sum': 2400.8759765625, 'median': 33.00285720825195}","(77.73094369300003, 18.573510121000027, 77.96006357300001, 18.81143505500006)",30-11-2023.geojson,Bodhan,,,,,
Rajanna Sircilla,TSSD0070,143.88,"{'min': 25.383333206176758, 'max': 30.156665802001953, 'mean': 28.928398318407012, 'count': 41, 'sum': 1186.0643310546875, 'median': 29.558889389038086}","(78.89142673800006, 18.39155487200003, 78.99623800100005, 18.58330450400007)",30-11-2023.geojson,Boinpalli,,,,,
Yadadri Bhuvanagiri,TSSD0071,165.4,"{'min': 30.10333251953125, 'max': 33.712501525878906, 'mean': 31.416599818638392, 'count': 42, 'sum': 1319.4971923828125, 'median': 31.31999969482422}","(78.68260567800007, 17.506909476000033, 78.83660271700006, 17.66778853200003)",30-11-2023.geojson,Bommalaramaram,,,,,
Vikarabad,TSSD0072,219.46,"{'min': 28.860666275024414, 'max': 32.59199905395508, 'mean': 29.73101588657924, 'count': 56, 'sum': 1664.9368896484375, 'median': 29.472572326660156}","(77.61321700700006, 17.021545857000035, 77.78997648900008, 17.236770282000066)",30-11-2023.geojson,Bommaraspeta,,,,,
Khammam,TSSD0073,164.0,"{'min': 28.04142951965332, 'max': 31.020000457763672, 'mean': 29.91740008098323, 'count': 41, 'sum': 1226.6134033203125, 'median': 30.007143020629883}","(80.19836868700008, 16.94670916900003, 80.36649696300003, 17.117145719000064)",30-11-2023.geojson,Bonakal,,,,,
Jagtial,TSSD0074,80.72,"{'min': 27.365999221801758, 'max': 30.315454483032227, 'mean': 28.61023479959239, 'count': 23, 'sum': 658.035400390625, 'median': 28.600000381469727}","(79.00621644400007, 18.822787249000044, 79.14474962700007, 18.91916278800005)",30-11-2023.geojson,Buggaram,,,,,
Bhadradri Kothagudem,TSSD0075,212.03,"{'min': 28.347999572753906, 'max': 32.18692398071289, 'mean': 29.81219256365741, 'count': 54, 'sum': 1609.8583984375, 'median': 29.623332977294922}","(80.73228080900003, 17.59843230000007, 80.90367732300007, 17.75553509100007)",30-11-2023.geojson,Burgampadu,,,,,
Nalgonda,TSSD0076,349.48,"{'min': 28.350000381469727, 'max': 35.630001068115234, 'mean': 31.41826331097147, 'count': 92, 'sum': 2890.480224609375, 'median': 31.2066650390625}","(78.83961784400003, 16.35584791900004, 79.21275923200005, 16.646382362000054)",30-11-2023.geojson,Chandampet,,,,,
Bhadradri Kothagudem,TSSD0077,146.4,"{'min': 24.860000610351562, 'max': 29.996000289916992, 'mean': 28.55586861275338, 'count': 37, 'sum': 1056.567138671875, 'median': 29.06166648864746}","(80.55637660300005, 17.31648540200007, 80.69607967500008, 17.452303995000022)",30-11-2023.geojson,Chandrugonda,,,,,
Nalgonda,TSSD0078,210.39,"{'min': 30.264999389648438, 'max': 34.172855377197266, 'mean': 31.9638671875, 'count': 53, 'sum': 1694.0849609375, 'median': 31.979999542236328}","(78.89291217500005, 16.893248166000035, 79.10048328200008, 17.094642131000057)",30-11-2023.geojson,Chandur,,,,,
Nagarkurnool,TSSD0079,172.21,"{'min': 31.342500686645508, 'max': 33.61000061035156, 'mean': 32.83490125868055, 'count': 45, 'sum': 1477.570556640625, 'median': 32.875}","(78.57614983600007, 16.636888998000074, 78.79233917400006, 16.779519700000037)",30-11-2023.geojson,Charakonda,,,,,
Hyderabad,TSSD0080,5.37,"{'min': 31.479999542236328, 'max': 31.479999542236328, 'mean': 31.479999542236328, 'count': 1, 'sum': 31.479999542236328, 'median': 31.479999542236328}","(78.47460501900008, 17.34768383200003, 78.50070316000006, 17.376123801000062)",30-11-2023.geojson,Charminar,,,,,
Rajanna Sircilla,TSSD0081,172.75,"{'min': 26.461111068725586, 'max': 31.00777816772461, 'mean': 29.108474731445312, 'count': 48, 'sum': 1397.206787109375, 'median': 29.621999740600586}","(78.61274932300006, 18.50685668500006, 78.84598478800007, 18.63425720600003)",30-11-2023.geojson,Chendurthi,,,,,
Warangal_Rural,TSSD0082,99.63,"{'min': 28.148462295532227, 'max': 30.610000610351562, 'mean': 29.52600518588362, 'count': 29, 'sum': 856.254150390625, 'median': 29.526363372802734}","(79.77887035600008, 17.796694865000063, 79.93870076600007, 17.912052966000033)",30-11-2023.geojson,Chennaraopet,,,,,
Mancherial,TSSD0083,348.6,"{'min': 26.565383911132812, 'max': 30.562307357788086, 'mean': 28.28807532269022, 'count': 92, 'sum': 2602.5029296875, 'median': 28.131874084472656}","(79.65949015600006, 18.682762397000033, 79.84767354200005, 18.959046801000056)",30-11-2023.geojson,Chennur,,,,,
Siddipet,TSSD0084,222.44,"{'min': 29.04400062561035, 'max': 31.56999969482422, 'mean': 30.147808527542374, 'count': 59, 'sum': 1778.720703125, 'median': 30.20400047302246}","(78.86758954600003, 17.828098220000072, 79.06729449200009, 18.036935309000057)",30-11-2023.geojson,Cherial,,,,,
Bhadradri Kothagudem,TSSD0085,477.35,"{'min': 25.94285774230957, 'max': 35.08833312988281, 'mean': 29.26685761242378, 'count': 123, 'sum': 3599.823486328125, 'median': 28.924999237060547}","(80.73391161600006, 17.933206824000024, 80.98568532800005, 18.238859586000046)",30-11-2023.geojson,Cherla,,,,,
Rangareddy,TSSD0086,276.14,"{'min': 29.502727508544922, 'max': 32.065555572509766, 'mean': 31.051376551797944, 'count': 73, 'sum': 2266.75048828125, 'median': 30.99888801574707}","(78.00412674500006, 17.23299501100007, 78.21859291200008, 17.409433687000046)",30-11-2023.geojson,Chevella,,,,,
Karimnagar,TSSD0087,149.85,"{'min': 30.350000381469727, 'max': 32.2071418762207, 'mean': 31.27342834472656, 'count': 40, 'sum': 1250.9371337890625, 'median': 31.216251373291016}","(79.10798904900008, 18.16049209700003, 79.25728156700006, 18.285204140000076)",30-11-2023.geojson,Chigurumamidi,,,,,
Suryapet,TSSD0088,109.2,"{'min': 27.645000457763672, 'max': 31.530000686645508, 'mean': 29.415939331054688, 'count': 28, 'sum': 823.6463012695312, 'median': 29.27142906188965}","(79.79036079100007, 16.906046110000034, 79.93531953700005, 17.024466438000047)",30-11-2023.geojson,Chilkur,,,,,
Jangoan,TSSD0089,157.63,"{'min': 29.272499084472656, 'max': 31.584285736083984, 'mean': 30.214114166969477, 'count': 43, 'sum': 1299.2069091796875, 'median': 30.200000762939453}","(79.20344106000005, 17.85176273600007, 79.44938298400007, 17.98733100100003)",30-11-2023.geojson,Chilpur,,,,,
Mahabubnagar,TSSD0090,182.6,"{'min': 29.1875, 'max': 32.98666763305664, 'mean': 30.902587890625, 'count': 50, 'sum': 1545.12939453125, 'median': 30.945415496826172}","(77.73330203000006, 16.37851123300004, 77.87096754700008, 16.616724610000063)",30-11-2023.geojson,Chinna Chinta Kunta,,,,,
Mahabubabad,TSSD0091,62.33,"{'min': 28.566667556762695, 'max': 29.540000915527344, 'mean': 29.037628173828125, 'count': 17, 'sum': 493.6396789550781, 'median': 29.003334045410156}","(79.84909294100004, 17.449136596000073, 79.93830751200005, 17.551928229000055)",30-11-2023.geojson,Chinnagudur,,,,,
Siddipet,TSSD0092,210.1,"{'min': 28.316667556762695, 'max': 32.05571365356445, 'mean': 30.590586344401043, 'count': 60, 'sum': 1835.4351806640625, 'median': 30.683929443359375}","(78.82494370000006, 18.112037676000057, 79.02016956300008, 18.25691097600003)",30-11-2023.geojson,Chinnakodur,,,,,
Wanaparthy,TSSD0093,211.48,"{'min': 28.44454574584961, 'max': 36.0099983215332, 'mean': 31.888821305899786, 'count': 58, 'sum': 1849.5516357421875, 'median': 31.82977294921875}","(78.05946824700004, 15.943903422000062, 78.25862092700004, 16.10487720200007)",30-11-2023.geojson,Chinnambavi,,,,,
Khammam,TSSD0094,188.05,"{'min': 29.065555572509766, 'max': 31.607778549194336, 'mean': 30.755790378736414, 'count': 46, 'sum': 1414.766357421875, 'median': 30.957427978515625}","(80.15749622700008, 17.00863986300004, 80.30764277300005, 17.236461319000057)",30-11-2023.geojson,Chintakani,,,,,
Kumurambheem Asifabad,TSSD0095,288.59,"{'min': 27.139333724975586, 'max': 31.201765060424805, 'mean': 29.310787963867188, 'count': 80, 'sum': 2344.863037109375, 'median': 29.504379272460938}","(79.67767908700006, 19.36047807800003, 79.97913072000006, 19.567678157000046)",30-11-2023.geojson,Chintalamanepally,,,,,
Suryapet,TSSD0096,202.08,"{'min': 28.017499923706055, 'max': 31.364286422729492, 'mean': 30.39666628370098, 'count': 51, 'sum': 1550.22998046875, 'median': 30.530000686645508}","(79.89168709400008, 16.63122235000003, 80.07323171000007, 16.848894700000073)",30-11-2023.geojson,Chinthala palem,,,,,
Nalgonda,TSSD0097,274.6,"{'min': 30.6924991607666, 'max': 33.904998779296875, 'mean': 32.3929296875, 'count': 75, 'sum': 2429.4697265625, 'median': 32.349998474121094}","(78.69548427600006, 16.739825453000037, 78.92444476600008, 16.973748571000044)",30-11-2023.geojson,Chinthapally,,,,,
Jayashankar Bhupalpally,TSSD0098,210.42,"{'min': 28.235000610351562, 'max': 32.97666549682617, 'mean': 29.90919467859101, 'count': 57, 'sum': 1704.8240966796875, 'median': 29.89444351196289}","(79.64088009700004, 18.283442338000043, 79.79196266500009, 18.492380515000036)",30-11-2023.geojson,Chityal,,,,,
Nalgonda,TSSD0099,237.77,"{'min': 32.2071418762207, 'max': 33.72666549682617, 'mean': 32.961222330729164, 'count': 60, 'sum': 1977.67333984375, 'median': 32.95249938964844}","(78.96087085700003, 17.126777316000073, 79.17779320000005, 17.284106424000072)",30-11-2023.geojson,Chityal,,,,,
Suryapet,TSSD0100,151.19,"{'min': 29.21285629272461, 'max': 32.209999084472656, 'mean': 30.70257568359375, 'count': 40, 'sum': 1228.10302734375, 'median': 30.75}","(79.61526708400004, 17.06178183000003, 79.77234545500005, 17.21508940600006)",30-11-2023.geojson,Chivvemla,,,,,
Karimnagar,TSSD0101,141.96,"{'min': 27.919090270996094, 'max': 31.338571548461914, 'mean': 29.44189453125, 'count': 38, 'sum': 1118.7919921875, 'median': 29.365455627441406}","(79.09673047900003, 18.516979337000066, 79.23072403500004, 18.66557143500006)",30-11-2023.geojson,Choppadandi,,,,,
Yadadri Bhuvanagiri,TSSD0102,264.84,"{'min': 28.962499618530273, 'max': 34.01571273803711, 'mean': 31.9021786971831, 'count': 71, 'sum': 2265.0546875, 'median': 32.060001373291016}","(78.747570484, 17.19528529400003, 78.99749932000003, 17.348531597000033)",30-11-2023.geojson,Choutuppal,,,,,
Rangareddy,TSSD0103,111.15,"{'min': 28.77833366394043, 'max': 30.874000549316406, 'mean': 29.92816162109375, 'count': 27, 'sum': 808.0603637695312, 'median': 30.011667251586914}","(77.92190617600005, 16.980166997000026, 78.03572549400008, 17.14859407800003)",30-11-2023.geojson,Chowdergudem,,,,,
Bhadradri Kothagudem,TSSD0104,113.98,"{'min': 27.242307662963867, 'max': 30.413333892822266, 'mean': 28.842698620211692, 'count': 31, 'sum': 894.1236572265625, 'median': 28.81571388244629}","(80.59078646000006, 17.397527010000033, 80.73926192500005, 17.56175825500003)",30-11-2023.geojson,Chunchupally,,,,,
Kumurambheem Asifabad,TSSD0105,282.91,"{'min': 25.864286422729492, 'max': 31.682941436767578, 'mean': 29.15180268158784, 'count': 74, 'sum': 2157.2333984375, 'median': 29.481250762939453}","(79.55061502100006, 19.147024978000047, 79.94481136900004, 19.320003257000053)",30-11-2023.geojson,Dahegaon,,,,,
Nalgonda,TSSD0106,212.91,"{'min': 29.0766658782959, 'max': 31.950000762939453, 'mean': 30.28650568181818, 'count': 55, 'sum': 1665.7578125, 'median': 30.142000198364258}","(79.52381292400008, 16.65992049600004, 79.70200312500003, 16.812899723000044)",30-11-2023.geojson,Damaracherla,,,,,
Narayanpet,TSSD0107,197.8,"{'min': 28.774616241455078, 'max': 32.140769958496094, 'mean': 30.1739892578125, 'count': 50, 'sum': 1508.699462890625, 'median': 30.0136661529541}","(77.45634407100005, 16.764877660000025, 77.60496874100005, 16.959326115000067)",30-11-2023.geojson,Damargidda,,,,,
Warangal_Rural,TSSD0108,89.35,"{'min': 28.59181785583496, 'max': 31.272499084472656, 'mean': 29.6539306640625, 'count': 24, 'sum': 711.6943359375, 'median': 29.615657806396484}","(79.60072347200008, 18.00572767700004, 79.70643829000005, 18.13897497800008)",30-11-2023.geojson,Damera,,,,,
Bhadradri Kothagudem,TSSD0109,482.53,"{'min': 25.14285659790039, 'max': 30.605384826660156, 'mean': 28.3459228515625, 'count': 130, 'sum': 3684.969970703125, 'median': 28.691999435424805}","(80.86476856000007, 17.190519193000057, 81.08735919600008, 17.56822006400006)",30-11-2023.geojson,Dammapeta,,,,,
Mancherial,TSSD0110,212.73,"{'min': 26.724285125732422, 'max': 29.13166618347168, 'mean': 27.84532192297149, 'count': 57, 'sum': 1587.183349609375, 'median': 27.94454574584961}","(79.08727409600004, 18.884636873000034, 79.22437932800005, 19.103216721000024)",30-11-2023.geojson,Dandepalle,,,,,
Mahabubabad,TSSD0111,108.96,"{'min': 28.34428596496582, 'max': 30.677499771118164, 'mean': 29.195627520161292, 'count': 31, 'sum': 905.064453125, 'median': 29.176666259765625}","(79.65560623800008, 17.428868298000054, 79.78530222000006, 17.546608658000025)",30-11-2023.geojson,Danthalapalle,,,,,
Nirmal,TSSD0112,76.62,"{'min': 26.71363639831543, 'max': 29.598888397216797, 'mean': 28.117434853001644, 'count': 19, 'sum': 534.2312622070312, 'median': 28.020000457763672}","(78.82647409500004, 19.034610264000037, 78.95076054900005, 19.132845763000034)",30-11-2023.geojson,Dasturabad,,,,,
Nalgonda,TSSD0113,235.21,"{'min': 31.4950008392334, 'max': 35.002498626708984, 'mean': 33.32701455393145, 'count': 62, 'sum': 2066.27490234375, 'median': 33.29624938964844}","(78.75664741300005, 16.599618543000076, 78.96744054100003, 16.769811435000065)",30-11-2023.geojson,Devarakonda,,,,,
Mahabubnagar,TSSD0114,238.37,"{'min': 26.375999450683594, 'max': 32.79571533203125, 'mean': 31.052133867817542, 'count': 62, 'sum': 1925.2322998046875, 'median': 31.127857208251953}","(77.76466384500003, 16.454975524000076, 77.92512638900007, 16.738387466000063)",30-11-2023.geojson,Devarkadra,,,,,
Jangoan,TSSD0115,182.53,"{'min': 30.10714340209961, 'max': 32.737998962402344, 'mean': 31.349111328125, 'count': 50, 'sum': 1567.45556640625, 'median': 31.31333351135254}","(79.21277209400006, 17.510665525000036, 79.40089799000003, 17.677652839000075)",30-11-2023.geojson,Devaruppula,,,,,
Narayanpet,TSSD0116,153.65,"{'min': 27.717500686645508, 'max': 31.04111099243164, 'mean': 29.72185454497466, 'count': 37, 'sum': 1099.7086181640625, 'median': 29.807777404785156}","(77.59496902800004, 16.571400942000025, 77.76875056600005, 16.754234962000055)",30-11-2023.geojson,Dhanwada,,,,,
Jagtial,TSSD0117,175.9,"{'min': 27.0528564453125, 'max': 30.751667022705078, 'mean': 28.883696831597224, 'count': 45, 'sum': 1299.766357421875, 'median': 28.711538314819336}","(78.99144763200007, 18.877766286000053, 79.16011736700005, 19.07420193200005)",30-11-2023.geojson,Dharmapuri,,,,,
Peddapalli,TSSD0118,201.92,"{'min': 27.255714416503906, 'max': 30.003334045410156, 'mean': 28.591488244398583, 'count': 53, 'sum': 1515.348876953125, 'median': 28.616666793823242}","(79.11294947900006, 18.616084372000046, 79.33879022800005, 18.75580704600003)",30-11-2023.geojson,Dharmaram,,,,,
Warangal_Urban,TSSD0119,166.63,"{'min': 28.277999877929688, 'max': 31.327999114990234, 'mean': 30.138905164930556, 'count': 45, 'sum': 1356.250732421875, 'median': 30.173999786376953}","(79.34392484200004, 17.872946780000063, 79.49559988700008, 18.064662017000046)",30-11-2023.geojson,Dharmasagar,,,,,
Jogulamba Gadwal,TSSD0120,233.51,"{'min': 25.257272720336914, 'max': 32.98249816894531, 'mean': 30.07630615234375, 'count': 60, 'sum': 1804.578369140625, 'median': 30.547000885009766}","(77.59027451200006, 16.165087868000057, 77.75403082300005, 16.362950969000053)",30-11-2023.geojson,Dharoor,,,,,
Vikarabad,TSSD0121,204.41,"{'min': 27.554615020751953, 'max': 31.55666732788086, 'mean': 29.928128756009617, 'count': 52, 'sum': 1556.2626953125, 'median': 29.855640411376953}","(77.69853344900008, 17.210650905000023, 77.85683392500005, 17.378989310000065)",30-11-2023.geojson,Dharoor,,,,,
Nizamabad,TSSD0122,181.87,"{'min': 26.8799991607666, 'max': 31.8700008392334, 'mean': 29.795048927774236, 'count': 49, 'sum': 1459.9573974609375, 'median': 30.426666259765625}","(78.27142695800006, 18.455096901000047, 78.41235874700004, 18.675940208000043)",30-11-2023.geojson,Dharpally,,,,,
Nizamabad,TSSD0123,165.76,"{'min': 27.917692184448242, 'max': 32.04999923706055, 'mean': 30.4904296875, 'count': 45, 'sum': 1372.0693359375, 'median': 30.690000534057617}","(78.13708897600003, 18.552299339000058, 78.33103872900006, 18.67400565300005)",30-11-2023.geojson,Dichpally,,,,,
Nirmal,TSSD0124,155.33,"{'min': 24.58473777770996, 'max': 32.180667877197266, 'mean': 28.40533447265625, 'count': 40, 'sum': 1136.21337890625, 'median': 29.28029441833496}","(78.18162478500005, 18.979193036000026, 78.31903817300008, 19.15181674400003)",30-11-2023.geojson,Dilawarpur,,,,,
Vikarabad,TSSD0125,169.11,"{'min': 28.71500015258789, 'max': 30.617692947387695, 'mean': 29.64907559481534, 'count': 44, 'sum': 1304.559326171875, 'median': 29.587692260742188}","(77.75350961300006, 16.993685688000028, 77.91797159400005, 17.151011999000048)",30-11-2023.geojson,Doma,,,,,
Mahabubabad,TSSD0126,157.58,"{'min': 28.11571502685547, 'max': 30.107500076293945, 'mean': 28.993819073932926, 'count': 41, 'sum': 1188.74658203125, 'median': 29.123332977294922}","(80.00919088400008, 17.34578428800006, 80.17130219700005, 17.498026924000044)",30-11-2023.geojson,Dornakal,,,,,
Vikarabad,TSSD0127,206.9,"{'min': 28.5939998626709, 'max': 32.42166519165039, 'mean': 30.21050555889423, 'count': 52, 'sum': 1570.9462890625, 'median': 30.08370590209961}","(77.47254906600006, 16.90300025500005, 77.65396255100006, 17.070101057000045)",30-11-2023.geojson,Doulthabad,,,,,
Siddipet,TSSD0128,239.89,"{'min': 28.40571403503418, 'max': 31.34000015258789, 'mean': 29.989618210565474, 'count': 63, 'sum': 1889.345947265625, 'median': 30.05500030517578}","(78.54681796600005, 18.097298073000047, 78.75700455300006, 18.255668025000034)",30-11-2023.geojson,Dubbak,,,,,
Warangal_Rural,TSSD0129,117.69,"{'min': 28.74250030517578, 'max': 30.147499084472656, 'mean': 29.562883930821574, 'count': 31, 'sum': 916.4494018554688, 'median': 29.627777099609375}","(79.74503783800003, 17.911539967000067, 79.86925509200006, 18.07929052000003)",30-11-2023.geojson,Duggondi,,,,,
Bhadradri Kothagudem,TSSD0130,322.15,"{'min': 27.625293731689453, 'max': 30.625, 'mean': 29.508805558488177, 'count': 74, 'sum': 2183.651611328125, 'median': 29.655454635620117}","(80.86195260000005, 17.696811285000024, 81.09376572500008, 17.952898013000038)",30-11-2023.geojson,Dummugudem,,,,,
Medchal_Malkajgiri,TSSD0131,81.34,"{'min': 28.8174991607666, 'max': 31.432857513427734, 'mean': 30.23330078125, 'count': 20, 'sum': 604.666015625, 'median': 30.19553565979004}","(78.36001430200008, 17.525573036000026, 78.50711033000005, 17.638921073000063)",30-11-2023.geojson,Dundigal Gandimaisamma,,,,,
Peddapalli,TSSD0132,76.87,"{'min': 27.55500030517578, 'max': 31.713333129882812, 'mean': 29.914351029829547, 'count': 22, 'sum': 658.11572265625, 'median': 30.236249923706055}","(79.21615438200007, 18.50700951700003, 79.32467419700004, 18.611289084000077)",30-11-2023.geojson,Eligaid,,,,,
Warangal_Urban,TSSD0133,130.61,"{'min': 28.052000045776367, 'max': 31.981111526489258, 'mean': 30.61143092105263, 'count': 38, 'sum': 1163.234375, 'median': 30.572500228881836}","(79.37430346400004, 18.03182084900004, 79.56117484200007, 18.167621027000052)",30-11-2023.geojson,Elkathurthi,,,,,
Karimnagar,TSSD0134,97.13,"{'min': 28.31599998474121, 'max': 30.704999923706055, 'mean': 29.71948476938101, 'count': 26, 'sum': 772.7066040039062, 'median': 29.707500457763672}","(79.48944079000006, 18.22671351400004, 79.58025617800007, 18.37787529900004)",30-11-2023.geojson,Ellandakunta,,,,,
Khammam,TSSD0135,189.89,"{'min': 26.915454864501953, 'max': 29.79153823852539, 'mean': 28.867000804227942, 'count': 51, 'sum': 1472.217041015625, 'median': 28.955453872680664}","(80.32325062100006, 17.259354917000053, 80.50833243100004, 17.441441247000057)",30-11-2023.geojson,Enkoor,,,,,
Mulugu,TSSD0136,343.37,"{'min': 26.113636016845703, 'max': 35.1463623046875, 'mean': 28.78248131793478, 'count': 92, 'sum': 2647.98828125, 'median': 28.32349967956543}","(80.26936561700006, 18.23370998300004, 80.49039395700004, 18.462636728000064)",30-11-2023.geojson,Eturnagaram,,,,,
Rangareddy,TSSD0137,278.36,"{'min': 28.873332977294922, 'max': 32.84333419799805, 'mean': 30.92429036458333, 'count': 75, 'sum': 2319.32177734375, 'median': 30.87363624572754}","(78.06823301000003, 16.93980447000007, 78.31577077500003, 17.115180701000043)",30-11-2023.geojson,Farooqnagar,,,,,
Adilabad,TSSD0138,227.73,"{'min': 27.141427993774414, 'max': 31.467500686645508, 'mean': 30.211705942622952, 'count': 61, 'sum': 1842.9140625, 'median': 30.456666946411133}","(78.77129668200007, 19.52875835800006, 78.97180690400006, 19.672134552000045)",30-11-2023.geojson,Gadiguda,,,,,
Jogulamba Gadwal,TSSD0139,264.89,"{'min': 27.579090118408203, 'max': 34.261112213134766, 'mean': 30.625474330357143, 'count': 70, 'sum': 2143.783203125, 'median': 30.625999450683594}","(77.72121964000007, 16.085291977000054, 77.93275208300008, 16.318733621000035)",30-11-2023.geojson,Gadwal,,,,,
Siddipet,TSSD0140,212.47,"{'min': 28.247777938842773, 'max': 30.907499313354492, 'mean': 30.130878155048077, 'count': 52, 'sum': 1566.8056640625, 'median': 30.24625015258789}","(78.58303917400008, 17.794325789000027, 78.78577283400006, 17.975258496000038)",30-11-2023.geojson,Gajwel,,,,,
Rajanna Sircilla,TSSD0141,156.05,"{'min': 26.904666900634766, 'max': 30.4228572845459, 'mean': 28.88378310785061, 'count': 41, 'sum': 1184.235107421875, 'median': 28.7845458984375}","(78.52078465300008, 18.22335373800007, 78.64656692100004, 18.42659197100005)",30-11-2023.geojson,Gambhiraopet,,,,,
Mahabubnagar,TSSD0142,228.82,"{'min': 27.665000915527344, 'max': 31.455453872680664, 'mean': 30.258438352554563, 'count': 63, 'sum': 1906.2816162109375, 'median': 30.391538619995117}","(77.73779362900007, 16.845154139000044, 77.95386938900003, 16.999075455000025)",30-11-2023.geojson,Gandeed,,,,,
Kamareddy,TSSD0143,333.76,"{'min': 27.9233341217041, 'max': 33.04090881347656, 'mean': 30.88671875, 'count': 87, 'sum': 2687.14453125, 'median': 31.081666946411133}","(77.92036537400008, 18.313249016000043, 78.18359844500003, 18.50402559500003)",30-11-2023.geojson,Gandhari,,,,,
Rangareddy,TSSD0144,104.67,"{'min': 24.85545539855957, 'max': 30.058570861816406, 'mean': 28.134070763221153, 'count': 26, 'sum': 731.48583984375, 'median': 28.82466697692871}","(78.22812814200006, 17.32859737600006, 78.42011614800003, 17.43391934600004)",30-11-2023.geojson,Gandipet,,,,,
Karimnagar,TSSD0145,160.18,"{'min': 29.506362915039062, 'max': 30.923999786376953, 'mean': 30.278584798177082, 'count': 42, 'sum': 1271.7005615234375, 'median': 30.39844512939453}","(78.94956144100007, 18.417228382000076, 79.08057825900005, 18.682963267000048)",30-11-2023.geojson,Gangadhara,,,,,
Mahabubabad,TSSD0146,388.97,"{'min': 25.087142944335938, 'max': 30.15461540222168, 'mean': 27.685096153846153, 'count': 104, 'sum': 2879.25, 'median': 27.64714241027832}","(80.09945621800006, 17.703358498000057, 80.32312548900006, 18.023583650000035)",30-11-2023.geojson,Gangaram,,,,,
Karimnagar,TSSD0147,128.88,"{'min': 25.294445037841797, 'max': 31.61750030517578, 'mean': 29.388744007457387, 'count': 33, 'sum': 969.8285522460938, 'median': 30.37444496154785}","(79.00593677600006, 18.285893647000023, 79.15761711400006, 18.42386993300005)",30-11-2023.geojson,Ganneruvaram,,,,,
Suryapet,TSSD0148,196.75,"{'min': 27.937999725341797, 'max': 31.469999313354492, 'mean': 29.890113243689903, 'count': 52, 'sum': 1554.285888671875, 'median': 30.187999725341797}","(79.69899423300006, 16.791794304000064, 79.84726513600003, 16.996734263000064)",30-11-2023.geojson,Garidepalli,,,,,
Mahabubabad,TSSD0149,134.15,"{'min': 26.81999969482422, 'max': 29.527143478393555, 'mean': 27.95062255859375, 'count': 35, 'sum': 978.2717895507812, 'median': 27.917272567749023}","(80.09119141800005, 17.438011174000053, 80.22850494600004, 17.593396365000046)",30-11-2023.geojson,Garla,,,,,
Warangal_Rural,TSSD0150,134.93,"{'min': 29.47888946533203, 'max': 31.7549991607666, 'mean': 30.495068359375, 'count': 35, 'sum': 1067.327392578125, 'median': 30.427499771118164}","(79.61786745500007, 17.897533089000035, 79.78756875100004, 18.025592932000052)",30-11-2023.geojson,Geesugonda,,,,,
Jayashankar Bhupalpally,TSSD0151,135.95,"{'min': 26.986364364624023, 'max': 31.243999481201172, 'mean': 29.22406170819257, 'count': 37, 'sum': 1081.290283203125, 'median': 29.281110763549805}","(79.80756877900006, 18.262592781000023, 79.95276371100005, 18.417946673000074)",30-11-2023.geojson,Ghanapur_Mulug,,,,,
Wanaparthy,TSSD0152,155.07,"{'min': 28.353635787963867, 'max': 31.22333335876465, 'mean': 29.42240504214638, 'count': 38, 'sum': 1118.0513916015625, 'median': 29.253131866455078}","(77.98310490100005, 16.47901398600004, 78.12571646600009, 16.626992442000073)",30-11-2023.geojson,Ghanpur,,,,,
Jangoan,TSSD0153,172.06,"{'min': 28.637500762939453, 'max': 31.78714370727539, 'mean': 30.534708658854168, 'count': 45, 'sum': 1374.0618896484375, 'median': 30.636667251586914}","(79.23152818800008, 17.720237033000046, 79.42362870100004, 17.892366453000022)",30-11-2023.geojson,Ghanpur (Stn),,,,,
Medchal_Malkajgiri,TSSD0154,123.94,"{'min': 28.497499465942383, 'max': 31.907499313354492, 'mean': 30.309741604712702, 'count': 31, 'sum': 939.6019897460938, 'median': 30.264999389648438}","(78.61964476900005, 17.377866780000033, 78.75985781500003, 17.488422350000064)",30-11-2023.geojson,Ghatkesar,,,,,
Jogulamba Gadwal,TSSD0155,267.38,"{'min': 29.356000900268555, 'max': 33.779090881347656, 'mean': 32.041968117297536, 'count': 71, 'sum': 2274.979736328125, 'median': 32.186363220214844}","(77.49353266000008, 15.976683508000065, 77.64425295800004, 16.21363012000006)",30-11-2023.geojson,Ghattu,,,,,
Hyderabad,TSSD0156,9.86,"{'min': 28.845556259155273, 'max': 29.301111221313477, 'mean': 29.073333740234375, 'count': 2, 'sum': 58.14666748046875, 'median': 29.073333740234375}","(78.38383245800003, 17.369513270000027, 78.43137261900006, 17.39634099500006)",30-11-2023.geojson,Golkonda,,,,,
Jagtial,TSSD0157,151.75,"{'min': 27.226364135742188, 'max': 30.691999435424805, 'mean': 29.228291829427082, 'count': 42, 'sum': 1227.5882568359375, 'median': 29.165000915527344}","(78.95794203800006, 18.74532743900005, 79.15334781300004, 18.85190287000006)",30-11-2023.geojson,Gollapalli,,,,,
Wanaparthy,TSSD0158,125.4,"{'min': 29.415000915527344, 'max': 32.82749938964844, 'mean': 30.54776785714286, 'count': 35, 'sum': 1069.171875, 'median': 30.33571434020996}","(78.08591650400007, 16.328531611000074, 78.20166738400007, 16.47124508400003)",30-11-2023.geojson,Gopalpet,,,,,
Mulugu,TSSD0159,343.34,"{'min': 25.505714416503906, 'max': 30.011537551879883, 'mean': 27.340841775412088, 'count': 91, 'sum': 2488.0166015625, 'median': 27.273635864257812}","(79.99281799200008, 18.08316615600006, 80.26935217700003, 18.29768950400006)",30-11-2023.geojson,Govindaraopet,,,,,
Adilabad,TSSD0160,159.79,"{'min': 28.047332763671875, 'max': 32.02750015258789, 'mean': 29.948990259415066, 'count': 39, 'sum': 1168.0106201171875, 'median': 30.031429290771484}","(78.44054848400003, 19.441831296000146, 78.58019452000008, 19.607753279000065)",30-11-2023.geojson,Gudihathnur,,,,,
Mahabubabad,TSSD0161,312.8,"{'min': 26.06999969482422, 'max': 30.366666793823242, 'mean': 28.484080244855182, 'count': 82, 'sum': 2335.694580078125, 'median': 28.764999389648438}","(79.87550272900006, 17.686846624000054, 80.15255229900004, 17.87590134000004)",30-11-2023.geojson,Gudur,,,,,
Sangareddy,TSSD0162,98.98,"{'min': 26.412221908569336, 'max': 30.762500762939453, 'mean': 28.64685546875, 'count': 25, 'sum': 716.17138671875, 'median': 28.623332977294922}","(78.31472103200008, 17.61424192000004, 78.44886573200006, 17.746359040000073)",30-11-2023.geojson,Gummadidala,,,,,
Bhadradri Kothagudem,TSSD0163,495.92,"{'min': 25.640769958496094, 'max': 30.83571434020996, 'mean': 28.364476059422348, 'count': 132, 'sum': 3744.11083984375, 'median': 28.438499450683594}","(80.25193695800004, 17.734911501000056, 80.47191641100005, 18.082237242000076)",30-11-2023.geojson,Gundala,,,,,
Yadadri Bhuvanagiri,TSSD0164,172.25,"{'min': 29.318571090698242, 'max': 32.99800109863281, 'mean': 31.58233642578125, 'count': 44, 'sum': 1389.622802734375, 'median': 31.855998992919922}","(79.14910012700005, 17.45209845900007, 79.37870067300008, 17.62417806900004)",30-11-2023.geojson,Gundala,,,,,
Nalgonda,TSSD0165,263.41,"{'min': 29.427499771118164, 'max': 34.38249969482422, 'mean': 32.84791475183823, 'count': 68, 'sum': 2233.658203125, 'median': 33.022499084472656}","(78.61528553800008, 16.514907610000023, 78.85800945400007, 16.715959889000032)",30-11-2023.geojson,Gundlapally,,,,,
Nalgonda,TSSD0166,309.8,"{'min': 30.484285354614258, 'max': 33.88428497314453, 'mean': 31.822485947027438, 'count': 82, 'sum': 2609.44384765625, 'median': 31.729999542236328}","(78.99484315300003, 16.723799824000025, 79.20953000900005, 16.93974487500003)",30-11-2023.geojson,Gurrampode,,,,,
Mancherial,TSSD0167,257.54,"{'min': 26.928571701049805, 'max': 32.074615478515625, 'mean': 28.97382289341518, 'count': 70, 'sum': 2028.1676025390625, 'median': 28.94363784790039}","(79.26565732000006, 18.814436070000056, 79.42256325600005, 19.008309308000037)",30-11-2023.geojson,Hajipur,,,,,
Warangal_Urban,TSSD0168,45.74,"{'min': 29.353635787963867, 'max': 31.558889389038086, 'mean': 30.90106201171875, 'count': 12, 'sum': 370.812744140625, 'median': 31.028888702392578}","(79.50733597600004, 17.982258095000077, 79.59918790600005, 18.051422419000062)",30-11-2023.geojson,Hanamkonda,,,,,
Mahabubnagar,TSSD0169,168.92,"{'min': 27.764545440673828, 'max': 31.28272819519043, 'mean': 30.02383700284091, 'count': 44, 'sum': 1321.048828125, 'median': 30.30105972290039}","(77.76252807700007, 16.752192707000063, 77.98873493800005, 16.893183992000047)",30-11-2023.geojson,Hanwada,,,,,
Warangal_Urban,TSSD0170,161.17,"{'min': 28.579999923706055, 'max': 31.625999450683594, 'mean': 30.118726153706394, 'count': 43, 'sum': 1295.105224609375, 'median': 30.003334045410156}","(79.43172067800003, 17.991968021000048, 79.62513964800007, 18.143584798000063)",30-11-2023.geojson,Hasanparthy,,,,,
Sangareddy,TSSD0171,204.77,"{'min': 27.829999923706055, 'max': 30.987777709960938, 'mean': 30.159288678850448, 'count': 56, 'sum': 1688.920166015625, 'median': 30.231109619140625}","(78.10555045300003, 17.63393108100007, 78.31945472700005, 17.83424511100003)",30-11-2023.geojson,Hathnoora,,,,,
Medak,TSSD0172,187.01,"{'min': 27.116666793823242, 'max': 31.953636169433594, 'mean': 29.88223669663915, 'count': 53, 'sum': 1583.758544921875, 'median': 30.044546127319336}","(78.15651423700007, 18.05332005300005, 78.35309415700004, 18.215476757000033)",30-11-2023.geojson,Havelighanpur,,,,,
Rangareddy,TSSD0173,30.54,"{'min': 30.685556411743164, 'max': 32.34111022949219, 'mean': 31.281324598524307, 'count': 9, 'sum': 281.53192138671875, 'median': 31.03444480895996}","(78.52755004100004, 17.306583933000013, 78.61900574700013, 17.348163568000075)",30-11-2023.geojson,Hayathnagar,,,,,
Hyderabad,TSSD0174,6.58,"{'min': 28.3700008392334, 'max': 28.667999267578125, 'mean': 28.519001007080078, 'count': 2, 'sum': 57.038002014160156, 'median': 28.519001007080078}","(78.47360807500007, 17.38688961500003, 78.50484873500005, 17.421948936000035)",30-11-2023.geojson,Himayatnagar,,,,,
Siddipet,TSSD0175,117.52,"{'min': 29.53285789489746, 'max': 32.181427001953125, 'mean': 31.209464780745968, 'count': 31, 'sum': 967.493408203125, 'median': 31.338571548461914}","(79.13916242100004, 18.08470961100005, 79.30335584600004, 18.180728988000055)",30-11-2023.geojson,Husnabad,,,,,
Suryapet,TSSD0176,126.8,"{'min': 27.81571388244629, 'max': 31.270000457763672, 'mean': 29.872536399147727, 'count': 33, 'sum': 985.793701171875, 'median': 30.023332595825195}","(79.76496890800007, 16.81112220400007, 79.93455343000005, 16.95645507200004)",30-11-2023.geojson,Huzur nagar,,,,,
Karimnagar,TSSD0177,138.33,"{'min': 30.418888092041016, 'max': 32.60749816894531, 'mean': 31.309305826822918, 'count': 36, 'sum': 1127.135009765625, 'median': 31.338285446166992}","(79.33974401500006, 18.149110196000038, 79.48471113900007, 18.285271040000055)",30-11-2023.geojson,Huzurabad,,,,,
Jagtial,TSSD0178,142.28,"{'min': 28.38800048828125, 'max': 30.642000198364258, 'mean': 29.68593947951858, 'count': 37, 'sum': 1098.3797607421875, 'median': 29.719999313354492}","(78.51963186500006, 18.84352731300004, 78.64824793900004, 19.00011807900006)",30-11-2023.geojson,Ibrahimpatnam,,,,,
Rangareddy,TSSD0179,274.25,"{'min': 29.098888397216797, 'max': 33.737998962402344, 'mean': 32.47062852647569, 'count': 72, 'sum': 2337.88525390625, 'median': 32.754112243652344}","(78.51594250300008, 17.11693136100007, 78.81737317200003, 17.26846339900004)",30-11-2023.geojson,Ibrahimpatnam,,,,,
Adilabad,TSSD0180,211.85,"{'min': 27.774999618530273, 'max': 32.118751525878906, 'mean': 31.01235089983259, 'count': 56, 'sum': 1736.691650390625, 'median': 31.184375762939453}","(78.40972741900003, 19.27144580600003, 78.59073863400005, 19.476086989000066)",30-11-2023.geojson,Ichoda,,,,,
Rajanna Sircilla,TSSD0181,222.52,"{'min': 27.604999542236328, 'max': 32.20000076293945, 'mean': 30.861004007273706, 'count': 58, 'sum': 1789.938232421875, 'median': 31.15166664123535}","(78.82265059000008, 18.234493222000026, 79.02266919100003, 18.400162883000064)",30-11-2023.geojson,Illanthakunta,,,,,
Warangal_Urban,TSSD0182,154.53,"{'min': 29.56599998474121, 'max': 31.343334197998047, 'mean': 30.262391701722755, 'count': 39, 'sum': 1180.2332763671875, 'median': 30.25}","(79.48651884400005, 17.786163054000042, 79.62215459200007, 17.94046736200005)",30-11-2023.geojson,Inavolu,,,,,
Nizamabad,TSSD0183,187.42,"{'min': 26.601667404174805, 'max': 31.366666793823242, 'mean': 28.905953543526785, 'count': 49, 'sum': 1416.3917236328125, 'median': 28.59153938293457}","(78.16214130800006, 18.452259628000036, 78.35381027700004, 18.595203980000065)",30-11-2023.geojson,Indalwai,,,,,
Adilabad,TSSD0184,209.33,"{'min': 28.290000915527344, 'max': 31.71875, 'mean': 30.548168041087962, 'count': 54, 'sum': 1649.60107421875, 'median': 30.770267486572266}","(78.56653272500006, 19.379057926000144, 78.76792306800007, 19.567601660000037)",30-11-2023.geojson,Inderavelly,,,,,
Jogulamba Gadwal,TSSD0185,302.11,"{'min': 27.1200008392334, 'max': 34.209999084472656, 'mean': 31.243480193309296, 'count': 78, 'sum': 2436.991455078125, 'median': 31.168777465820312}","(77.74751634700004, 15.980643073000067, 77.98393237000005, 16.184409668000058)",30-11-2023.geojson,Itikyal,,,,,
Mahabubnagar,TSSD0186,294.27,"{'min': 28.1560001373291, 'max': 32.97249984741211, 'mean': 31.260250651041666, 'count': 75, 'sum': 2344.518798828125, 'median': 31.44499969482422}","(78.04502359400004, 16.680028693000054, 78.33050907800003, 16.87941384800007)",30-11-2023.geojson,Jadcherla,,,,,
Siddipet,TSSD0187,180.4,"{'min': 28.950000762939453, 'max': 31.34749984741211, 'mean': 30.180018833705358, 'count': 49, 'sum': 1478.8209228515625, 'median': 30.161428451538086}","(78.75126357400006, 17.708628498000053, 78.87944648100006, 17.882764563000023)",30-11-2023.geojson,Jagdevpur,,,,,
Jagtial,TSSD0188,167.3,"{'min': 27.132856369018555, 'max': 30.649999618530273, 'mean': 29.372860995205965, 'count': 44, 'sum': 1292.4058837890625, 'median': 29.435256958007812}","(78.83197213700004, 18.733277460000068, 79.02319924200003, 18.91632891000006)",30-11-2023.geojson,Jagityal_Rural,,,,,
Jagtial,TSSD0189,42.64,"{'min': 29.040000915527344, 'max': 30.59166717529297, 'mean': 29.715352376302082, 'count': 12, 'sum': 356.584228515625, 'median': 29.664167404174805}","(78.86249569300008, 18.75130130900004, 78.95751334400006, 18.846050929000057)",30-11-2023.geojson,Jagtial,,,,,
Adilabad,TSSD0190,292.5,"{'min': 27.332500457763672, 'max': 32.013999938964844, 'mean': 30.26813748516614, 'count': 79, 'sum': 2391.182861328125, 'median': 30.37933349609375}","(78.48221105400006, 19.607848390000072, 78.72451328000005, 19.824464031000048)",30-11-2023.geojson,Jainad,,,,,
Kumurambheem Asifabad,TSSD0191,218.89,"{'min': 28.8700008392334, 'max': 31.15999984741211, 'mean': 29.98176101158405, 'count': 58, 'sum': 1738.942138671875, 'median': 30.045127868652344}","(78.81724445500004, 19.330609164000066, 79.02370996100007, 19.493592587000023)",30-11-2023.geojson,Jainoor,,,,,
Mancherial,TSSD0192,276.43,"{'min': 26.71363639831543, 'max': 31.404544830322266, 'mean': 28.927929027660472, 'count': 74, 'sum': 2140.666748046875, 'median': 29.079486846923828}","(79.49531298200003, 18.672040560000028, 79.72117428100006, 18.918660784000053)",30-11-2023.geojson,Jaipur,,,,,
Suryapet,TSSD0193,133.29,"{'min': 27.5939998626709, 'max': 30.649999618530273, 'mean': 29.731867009943183, 'count': 33, 'sum': 981.151611328125, 'median': 29.787776947021484}","(79.46290112300005, 17.258733534000044, 79.63232247300004, 17.380224128000066)",30-11-2023.geojson,Jajireddigudem,,,,,
Nizamabad,TSSD0194,148.29,"{'min': 27.840768814086914, 'max': 31.671539306640625, 'mean': 30.175975310496796, 'count': 39, 'sum': 1176.863037109375, 'median': 30.2730770111084}","(78.20206317300006, 18.65066335100005, 78.36254571500007, 18.77647975900004)",30-11-2023.geojson,Jakranpally,,,,,
Karimnagar,TSSD0195,134.59,"{'min': 28.482500076293945, 'max': 32.377498626708984, 'mean': 30.422137636126894, 'count': 33, 'sum': 1003.9305419921875, 'median': 30.577999114990234}","(79.40829887400008, 18.227515953000022, 79.57987678900008, 18.423882431000038)",30-11-2023.geojson,Jammikunta,,,,,
Jangoan,TSSD0196,196.46,"{'min': 28.6924991607666, 'max': 32.75857162475586, 'mean': 31.166017844460228, 'count': 55, 'sum': 1714.1309814453125, 'median': 31.095714569091797}","(79.04601963500005, 17.668628100000035, 79.21037403500003, 17.842303224000034)",30-11-2023.geojson,Jangoan,,,,,
Mancherial,TSSD0197,325.26,"{'min': 26.26285743713379, 'max': 29.875713348388672, 'mean': 27.461661503232758, 'count': 87, 'sum': 2389.16455078125, 'median': 27.256153106689453}","(78.87934684700008, 19.019900233000044, 79.14171378500004, 19.252420733000065)",30-11-2023.geojson,Jannaram,,,,,
Sangareddy,TSSD0198,201.74,"{'min': 28.799999237060547, 'max': 32.31399917602539, 'mean': 30.79689986617477, 'count': 54, 'sum': 1663.0325927734375, 'median': 30.821332931518555}","(77.61983002400007, 17.658920608000074, 77.80166598000005, 17.830565180000065)",30-11-2023.geojson,Jharasangam,,,,,
Kamareddy,TSSD0199,202.26,"{'min': 28.11142921447754, 'max': 32.529998779296875, 'mean': 30.836693857230394, 'count': 51, 'sum': 1572.67138671875, 'median': 30.937692642211914}","(77.52089201100006, 18.28200709200007, 77.71327737400003, 18.44419848700005)",30-11-2023.geojson,Jukkal,,,,,
Peddapalli,TSSD0200,99.87,"{'min': 26.921667098999023, 'max': 29.5049991607666, 'mean': 28.395146484375, 'count': 25, 'sum': 709.878662109375, 'median': 28.540769577026367}","(79.18432516400003, 18.56760788400004, 79.32424630400004, 18.684515247000036)",30-11-2023.geojson,Julapalli,,,,,
Bhadradri Kothagudem,TSSD0201,238.74,"{'min': 25.383846282958984, 'max': 29.880908966064453, 'mean': 28.61977035280258, 'count': 63, 'sum': 1803.0455322265625, 'median': 28.803333282470703}","(80.39497889400008, 17.31732979800006, 80.57083109400008, 17.508103492000032)",30-11-2023.geojson,Julurupad,,,,,
Nirmal,TSSD0202,468.09,"{'min': 25.9757137298584, 'max': 29.905384063720703, 'mean': 27.607841796875, 'count': 125, 'sum': 3450.980224609375, 'median': 27.34428596496582}","(78.69038218300005, 19.013677769000026, 78.95237500500008, 19.29677890000005)",30-11-2023.geojson,Kaddampeddur,,,,,
Rangareddy,TSSD0203,206.42,"{'min': 28.6299991607666, 'max': 32.55888748168945, 'mean': 31.12065972222222, 'count': 54, 'sum': 1680.515625, 'median': 31.33888816833496}","(78.39963638200004, 16.889455397000063, 78.66726844000004, 17.01510399700004)",30-11-2023.geojson,Kadthal,,,,,
Kumurambheem Asifabad,TSSD0204,442.33,"{'min': 27.081764221191406, 'max': 31.458749771118164, 'mean': 29.353717672413794, 'count': 116, 'sum': 3405.03125, 'median': 29.43555450439453}","(79.37624127800007, 19.26380363800007, 79.74691375500004, 19.538272434000078)",30-11-2023.geojson,Kagaznagar,,,,,
Sangareddy,TSSD0205,148.77,"{'min': 25.97800064086914, 'max': 31.680768966674805, 'mean': 30.37933514569257, 'count': 37, 'sum': 1124.035400390625, 'median': 30.75}","(77.76680836100007, 18.084424897000076, 77.94552432200004, 18.20773521800004)",30-11-2023.geojson,Kalher,,,,,
Khammam,TSSD0206,369.38,"{'min': 24.562307357788086, 'max': 31.915000915527344, 'mean': 28.58599115728022, 'count': 91, 'sum': 2601.3251953125, 'median': 28.966922760009766}","(80.41727157700007, 17.030005989000074, 80.66704650100007, 17.34559519800007)",30-11-2023.geojson,Kalluru,,,,,
Jogulamba Gadwal,TSSD0207,176.12,"{'min': 30.90250015258789, 'max': 33.602725982666016, 'mean': 32.509136284722224, 'count': 45, 'sum': 1462.9111328125, 'median': 32.75}","(77.48561464400007, 16.116851987000075, 77.61961696400004, 16.303990486000032)",30-11-2023.geojson,Kaloor_Thimmandoddi,,,,,
Nagarkurnool,TSSD0208,291.99,"{'min': 30.398000717163086, 'max': 33.529998779296875, 'mean': 31.89331697162829, 'count': 76, 'sum': 2423.89208984375, 'median': 31.921112060546875}","(78.36374511900004, 16.483303271000068, 78.58638191300008, 16.728683611000065)",30-11-2023.geojson,Kalwakurthy,,,,,
Warangal_Urban,TSSD0209,158.52,"{'min': 28.003334045410156, 'max': 30.586000442504883, 'mean': 29.471086774553573, 'count': 42, 'sum': 1237.78564453125, 'median': 29.487499237060547}","(79.45670027600005, 18.120212555000023, 79.60823806600007, 18.266255774000058)",30-11-2023.geojson,Kamalapur,,,,,
Peddapalli,TSSD0210,60.42,"{'min': 29.17799949645996, 'max': 31.812000274658203, 'mean': 29.869586181640624, 'count': 15, 'sum': 448.0437927246094, 'median': 29.3700008392334}","(79.44875966900008, 18.60172770400004, 79.55246524200004, 18.72207649300003)",30-11-2023.geojson,Kamanpur,,,,,
Kamareddy,TSSD0211,128.44,"{'min': 27.559999465942383, 'max': 31.54428482055664, 'mean': 29.647690716911764, 'count': 34, 'sum': 1008.021484375, 'median': 29.87223243713379}","(78.28734170500007, 18.25636160700003, 78.42834563700006, 18.390731163000055)",30-11-2023.geojson,Kamareddy,,,,,
Khammam,TSSD0212,181.36,"{'min': 28.07181739807129, 'max': 30.4060001373291, 'mean': 29.151314871651785, 'count': 49, 'sum': 1428.4144287109375, 'median': 29.086000442504883}","(80.15945686500004, 17.360238606000053, 80.35567105000007, 17.479176385000073)",30-11-2023.geojson,Kamepally,,,,,
Nalgonda,TSSD0213,224.78,"{'min': 30.217500686645508, 'max': 33.34000015258789, 'mean': 31.89833470394737, 'count': 57, 'sum': 1818.205078125, 'median': 31.963333129882812}","(79.08479661000007, 16.864916728000026, 79.34770917300006, 17.030184575000078)",30-11-2023.geojson,Kanagal,,,,,
Sangareddy,TSSD0214,133.14,"{'min': 28.407777786254883, 'max': 31.258888244628906, 'mean': 29.620493570963543, 'count': 36, 'sum': 1066.3377685546875, 'median': 29.58222198486328}","(78.05577804100005, 17.483520140000053, 78.23367294200006, 17.655179960000055)",30-11-2023.geojson,Kandi,,,,,
Rangareddy,TSSD0215,307.2,"{'min': 29.666362762451172, 'max': 33.12200164794922, 'mean': 31.471185225474684, 'count': 79, 'sum': 2486.2236328125, 'median': 31.61400032043457}","(78.37786338200004, 16.983478904000037, 78.61378330000008, 17.178800228000057)",30-11-2023.geojson,Kandukur,,,,,
Sangareddy,TSSD0216,229.57,"{'min': 29.608572006225586, 'max': 34.851539611816406, 'mean': 32.8104682534428, 'count': 59, 'sum': 1935.817626953125, 'median': 32.84333419799805}","(77.57077416300007, 18.120266103000063, 77.74494665400005, 18.30851545200005)",30-11-2023.geojson,Kangti,,,,,
Mulugu,TSSD0217,375.33,"{'min': 25.829999923706055, 'max': 34.67333221435547, 'mean': 28.103898590686274, 'count': 102, 'sum': 2866.59765625, 'median': 27.72800064086914}","(80.21744759700005, 18.35017838500005, 80.43136112100007, 18.610090848000027)",30-11-2023.geojson,Kannaigudem,,,,,
Mancherial,TSSD0218,169.42,"{'min': 27.391332626342773, 'max': 30.566471099853516, 'mean': 29.32873004415761, 'count': 46, 'sum': 1349.12158203125, 'median': 29.385889053344727}","(79.54341301, 19.086726224000074, 79.80515899400007, 19.21311288000004)",30-11-2023.geojson,Kannepalli,,,,,
Medchal_Malkajgiri,TSSD0219,37.4,"{'min': 29.13249969482422, 'max': 30.37444496154785, 'mean': 29.718503085049715, 'count': 11, 'sum': 326.9035339355469, 'median': 29.572221755981445}","(78.53993706400007, 17.44957181700005, 78.62275029699998, 17.55306448500005)",30-11-2023.geojson,Kapra,,,,,
Bhadradri Kothagudem,TSSD0220,222.05,"{'min': 24.873332977294922, 'max': 30.831817626953125, 'mean': 28.822114089439655, 'count': 58, 'sum': 1671.6826171875, 'median': 29.274166107177734}","(80.43846561000004, 17.91182510400006, 80.64919648500006, 18.143483696000033)",30-11-2023.geojson,Karakagudem,,,,,
Karimnagar,TSSD0221,34.8,"{'min': 25.64555549621582, 'max': 31.922000885009766, 'mean': 28.670146942138672, 'count': 8, 'sum': 229.36117553710938, 'median': 29.09347152709961}","(79.07978481800006, 18.39706940700006, 79.15386183100003, 18.460363398000027)",30-11-2023.geojson,Karimnagar,,,,,
Karimnagar,TSSD0222,108.97,"{'min': 28.464284896850586, 'max': 31.809999465942383, 'mean': 30.462007795061385, 'count': 28, 'sum': 852.9362182617188, 'median': 30.58571434020996}","(79.11435933800004, 18.420124626000074, 79.23690609300007, 18.537991315000056)",30-11-2023.geojson,Karimnagar_Rural,,,,,
Mancherial,TSSD0223,335.72,"{'min': 26.351667404174805, 'max': 30.571428298950195, 'mean': 28.749300130208333, 'count': 90, 'sum': 2587.43701171875, 'median': 28.981332778930664}","(79.21160353400006, 18.98447436300006, 79.48608882700012, 19.158965162000072)",30-11-2023.geojson,Kasipet,,,,,
Jayashankar Bhupalpally,TSSD0224,274.84,"{'min': 26.43181800842285, 'max': 30.203332901000977, 'mean': 28.344760006421232, 'count': 73, 'sum': 2069.16748046875, 'median': 28.34600067138672}","(79.81231549100005, 18.510496689000036, 80.03347280200006, 18.756648708000057)",30-11-2023.geojson,Kataram,,,,,
Jagtial,TSSD0225,181.36,"{'min': 26.953332901000977, 'max': 30.762727737426758, 'mean': 29.44611764461436, 'count': 47, 'sum': 1383.967529296875, 'median': 29.704545974731445}","(78.63177820100003, 18.63224633300007, 78.76086174700004, 18.789508428000033)",30-11-2023.geojson,Kathlapur,,,,,
Nalgonda,TSSD0226,192.46,"{'min': 30.518888473510742, 'max': 33.877498626708984, 'mean': 32.260246432557395, 'count': 49, 'sum': 1580.7520751953125, 'median': 32.35749816894531}","(79.24206770600006, 17.11172541600007, 79.38446925700003, 17.291596570000024)",30-11-2023.geojson,Kattangur,,,,,
Medchal_Malkajgiri,TSSD0227,134.6,"{'min': 28.885555267333984, 'max': 31.33222198486328, 'mean': 30.077494303385418, 'count': 36, 'sum': 1082.789794921875, 'median': 30.008888244628906}","(78.58185183200004, 17.451533257000108, 78.71265088600006, 17.579974081000103)",30-11-2023.geojson,Keesara,,,,,
Kumurambheem Asifabad,TSSD0228,347.89,"{'min': 26.90999984741211, 'max': 31.465999603271484, 'mean': 29.272482400412088, 'count': 91, 'sum': 2663.7958984375, 'median': 29.489999771118164}","(78.93889619900006, 19.359033433000036, 79.22333654800008, 19.56146381700006)",30-11-2023.geojson,Kerameri,,,,,
Mahabubabad,TSSD0229,223.57,"{'min': 28.40999984741211, 'max': 30.297500610351562, 'mean': 29.24756287691886, 'count': 57, 'sum': 1667.111083984375, 'median': 29.185556411743164}","(79.76580500600005, 17.60004913100005, 80.002845149, 17.77047760000005)",30-11-2023.geojson,Kesamudram,,,,,
Rangareddy,TSSD0230,224.92,"{'min': 29.796667098999023, 'max': 33.051998138427734, 'mean': 31.972906494140624, 'count': 60, 'sum': 1918.3743896484375, 'median': 31.971635818481445}","(78.24782720400003, 16.852182651000078, 78.41558469000006, 17.051382707000073)",30-11-2023.geojson,Keshampeta,,,,,
Nalgonda,TSSD0231,147.6,"{'min': 26.905000686645508, 'max': 32.95750045776367, 'mean': 31.55055901943109, 'count': 39, 'sum': 1230.4718017578125, 'median': 31.70142936706543}","(79.43344777400006, 17.072395302000075, 79.59338210900006, 17.250148180000053)",30-11-2023.geojson,Kethepally,,,,,
Warangal_Urban,TSSD0232,107.02,"{'min': 29.384546279907227, 'max': 31.625999450683594, 'mean': 30.789632161458332, 'count': 27, 'sum': 831.320068359375, 'median': 30.836666107177734}","(79.43206155600006, 17.908547911000028, 79.58935561300007, 18.00993669500002)",30-11-2023.geojson,Khaazipet,,,,,
Hyderabad,TSSD0233,17.24,"{'min': 27.565000534057617, 'max': 30.662500381469727, 'mean': 28.960765838623047, 'count': 4, 'sum': 115.84306335449219, 'median': 28.807777404785156}","(78.40497752100003, 17.40010627500004, 78.47749341400004, 17.45407132100007)",30-11-2023.geojson,Khairatabad,,,,,
Khammam,TSSD0234,193.74,"{'min': 28.959999084472656, 'max': 31.81333351135254, 'mean': 30.240244140625, 'count': 50, 'sum': 1512.01220703125, 'median': 30.347143173217773}","(80.01676642200005, 17.178663853000046, 80.16691561700003, 17.394157440000072)",30-11-2023.geojson,Khammam_Rural,,,,,
Khammam,TSSD0235,92.31,"{'min': 29.43400001525879, 'max': 31.887500762939453, 'mean': 30.593893299932066, 'count': 23, 'sum': 703.6595458984375, 'median': 30.530000686645508}","(80.12187342100003, 17.179281596000067, 80.21584618000009, 17.31547050200004)",30-11-2023.geojson,Khammam_Urban,,,,,
Nirmal,TSSD0236,237.88,"{'min': 26.15571403503418, 'max': 29.5483341217041, 'mean': 27.709409713745117, 'count': 64, 'sum': 1773.4022216796875, 'median': 27.608125686645508}","(78.50897303500005, 18.978111671000022, 78.74854953300007, 19.202461990000074)",30-11-2023.geojson,Khanapur,,,,,
Warangal_Rural,TSSD0237,139.46,"{'min': 26.696666717529297, 'max': 30.753637313842773, 'mean': 28.274351331922745, 'count': 36, 'sum': 1017.8766479492188, 'median': 28.080276489257812}","(79.88459942400004, 17.83523181700002, 80.00451405900003, 18.01960718500004)",30-11-2023.geojson,Khanapur,,,,,
Warangal_Urban,TSSD0238,81.36,"{'min': 29.450000762939453, 'max': 32.08454513549805, 'mean': 30.370616566051137, 'count': 22, 'sum': 668.153564453125, 'median': 30.24981689453125}","(79.55364750200005, 17.86915675800003, 79.65825854800005, 17.98640269400005)",30-11-2023.geojson,Khila Warangal,,,,,
Suryapet,TSSD0239,172.15,"{'min': 27.694000244140625, 'max': 32.05500030517578, 'mean': 30.014247349330358, 'count': 42, 'sum': 1260.598388671875, 'median': 30.14966583251953}","(79.91293512200008, 16.880339314000025, 80.06097163900006, 17.02691814700006)",30-11-2023.geojson,Kodad,,,,,
Nagarkurnool,TSSD0240,205.2,"{'min': 28.587778091430664, 'max': 33.540000915527344, 'mean': 30.61023175274884, 'count': 54, 'sum': 1652.9525146484375, 'median': 30.497081756591797}","(78.16474055700007, 16.14974309100006, 78.34461354300004, 16.333836054000074)",30-11-2023.geojson,Kodair,,,,,
Vikarabad,TSSD0241,249.51,"{'min': 28.078571319580078, 'max': 33.189998626708984, 'mean': 30.651902142693014, 'count': 68, 'sum': 2084.329345703125, 'median': 30.889423370361328}","(77.46259225600005, 17.020933969000055, 77.71683994900008, 17.17841245900007)",30-11-2023.geojson,Kodangal,,,,,
Jagtial,TSSD0242,173.87,"{'min': 25.895999908447266, 'max': 30.75749969482422, 'mean': 28.91986762152778, 'count': 45, 'sum': 1301.39404296875, 'median': 29.170000076293945}","(78.78718529200006, 18.563739734000023, 78.98850070800006, 18.686862396000038)",30-11-2023.geojson,Kodimial,,,,,
Siddipet,TSSD0243,206.41,"{'min': 26.84749984741211, 'max': 32.05571365356445, 'mean': 30.86164973332332, 'count': 52, 'sum': 1604.8057861328125, 'median': 31.051250457763672}","(79.00475320700008, 18.075903099000072, 79.16300517000008, 18.272269959000027)",30-11-2023.geojson,Koheda,,,,,
Sangareddy,TSSD0244,227.62,"{'min': 28.454286575317383, 'max': 31.500768661499023, 'mean': 29.89513332560911, 'count': 59, 'sum': 1763.8128662109375, 'median': 29.796667098999023}","(77.59549222600003, 17.509127681000052, 77.78321894100003, 17.705224807000036)",30-11-2023.geojson,Kohir,,,,,
Mahabubnagar,TSSD0245,223.05,"{'min': 28.16200065612793, 'max': 31.858888626098633, 'mean': 30.602151804956897, 'count': 58, 'sum': 1774.9248046875, 'median': 30.85011100769043}","(77.67537161200005, 16.697912056000064, 77.90854289100008, 16.881360866000023)",30-11-2023.geojson,Koilkonda,,,,,
Nagarkurnool,TSSD0246,550.84,"{'min': 25.22833251953125, 'max': 34.05571365356445, 'mean': 29.70333769827178, 'count': 132, 'sum': 3920.840576171875, 'median': 30.45554542541504}","(78.21815549000007, 16.033659166000064, 78.66318925900003, 16.216795599000022)",30-11-2023.geojson,Kollapur,,,,,
Siddipet,TSSD0247,70.37,"{'min': 29.996665954589844, 'max': 31.36777687072754, 'mean': 30.56704372829861, 'count': 18, 'sum': 550.206787109375, 'median': 30.55500030517578}","(78.82737597900007, 17.86888004900004, 78.93496047300005, 17.983517422000034)",30-11-2023.geojson,Komuravelli,,,,,
Rajanna Sircilla,TSSD0248,206.05,"{'min': 27.803333282470703, 'max': 30.809999465942383, 'mean': 29.44230369285301, 'count': 54, 'sum': 1589.8843994140625, 'median': 29.57416534423828}","(78.59701726600008, 18.404112823000048, 78.81650433000004, 18.58795516200007)",30-11-2023.geojson,Konaraopet,,,,,
Nalgonda,TSSD0249,129.18,"{'min': 29.950000762939453, 'max': 34.1349983215332, 'mean': 32.27234996448863, 'count': 33, 'sum': 1064.987548828125, 'median': 32.560001373291016}","(78.91051620800005, 16.62638713000007, 79.06204241500006, 16.761790924000024)",30-11-2023.geojson,Kondamallapally,,,,,
Siddipet,TSSD0250,228.02,"{'min': 27.927499771118164, 'max': 30.95222282409668, 'mean': 29.500664382684427, 'count': 61, 'sum': 1799.54052734375, 'median': 29.510000228881836}","(78.73352452400007, 17.87685569000007, 78.96029991500006, 18.053425754000045)",30-11-2023.geojson,Kondapak,,,,,
Sangareddy,TSSD0251,151.36,"{'min': 26.56333351135254, 'max': 31.706666946411133, 'mean': 30.03374461638622, 'count': 39, 'sum': 1171.3160400390625, 'median': 30.350000381469727}","(77.93383054400005, 17.44954626200007, 78.07324348600008, 17.61087989500004)",30-11-2023.geojson,Kondapur,,,,,
Rangareddy,TSSD0252,130.56,"{'min': 28.866666793823242, 'max': 31.084545135498047, 'mean': 30.09373680320946, 'count': 37, 'sum': 1113.46826171875, 'median': 30.220909118652344}","(78.01091079200006, 16.999636834000057, 78.09773848800006, 17.187709674000075)",30-11-2023.geojson,Kondurg,,,,,
Khammam,TSSD0253,248.08,"{'min': 27.46384620666504, 'max': 31.22249984741211, 'mean': 29.538827607125945, 'count': 66, 'sum': 1949.5626220703125, 'median': 29.57354164123535}","(80.22907869200003, 17.128139428000054, 80.38924637100007, 17.358600223000053)",30-11-2023.geojson,Konijerla,,,,,
Jagtial,TSSD0254,137.05,"{'min': 28.906665802001953, 'max': 30.78272819519043, 'mean': 29.99693539268092, 'count': 38, 'sum': 1139.883544921875, 'median': 29.991111755371094}","(78.66979872300004, 18.779122311000037, 78.80776997400005, 18.901121141000033)",30-11-2023.geojson,Korutla,,,,,
Narayanpet,TSSD0255,202.41,"{'min': 29.42230796813965, 'max': 31.8477783203125, 'mean': 30.74800392433449, 'count': 54, 'sum': 1660.3922119140625, 'median': 30.89356231689453}","(77.62150517800006, 16.868413100000055, 77.78388791600008, 17.061626292000028)",30-11-2023.geojson,Kosgi,,,,,
Nizamabad,TSSD0256,167.13,"{'min': 30.14384651184082, 'max': 34.53666687011719, 'mean': 32.39859827553354, 'count': 41, 'sum': 1328.342529296875, 'median': 32.422855377197266}","(77.73094932200007, 18.49717835900003, 77.85433638100005, 18.66689713100004)",30-11-2023.geojson,Kotagiri,,,,,
Vikarabad,TSSD0257,113.18,"{'min': 28.471538543701172, 'max': 31.62384605407715, 'mean': 30.484237178679436, 'count': 31, 'sum': 945.0113525390625, 'median': 30.542306900024414}","(77.66819483500007, 17.359928257000036, 77.85253462800006, 17.473344975000032)",30-11-2023.geojson,Kotepally,,,,,
Mahabubabad,TSSD0258,542.64,"{'min': 25.968461990356445, 'max': 30.7549991607666, 'mean': 28.3460078679078, 'count': 141, 'sum': 3996.787109375, 'median': 28.350000381469727}","(79.98324728200004, 17.77379955500004, 80.22702134100007, 18.106543834000036)",30-11-2023.geojson,Kothaguda,,,,,
Bhadradri Kothagudem,TSSD0259,16.26,"{'min': 29.50384521484375, 'max': 30.353635787963867, 'mean': 29.940204620361328, 'count': 4, 'sum': 119.76081848144531, 'median': 29.95166778564453}","(80.60094010100005, 17.503240987000027, 80.65378575800008, 17.562464026000043)",30-11-2023.geojson,Kothagudem,,,,,
Wanaparthy,TSSD0260,171.68,"{'min': 27.643999099731445, 'max': 32.63444519042969, 'mean': 30.071855260970743, 'count': 47, 'sum': 1413.377197265625, 'median': 30.221111297607422}","(77.88176111000007, 16.234691046000023, 77.99240426200004, 16.448187482000037)",30-11-2023.geojson,Kothakota,,,,,
Karimnagar,TSSD0261,97.2,"{'min': 25.532222747802734, 'max': 30.967500686645508, 'mean': 29.61291034405048, 'count': 26, 'sum': 769.9356689453125, 'median': 30.033493041992188}","(78.98612238300007, 18.39948258100003, 79.12597429000004, 18.514396049000027)",30-11-2023.geojson,Kothapally,,,,,
Rangareddy,TSSD0262,105.51,"{'min': 29.733333587646484, 'max': 32.29800033569336, 'mean': 31.29775390625, 'count': 30, 'sum': 938.9326171875, 'median': 31.226667404174805}","(78.21019675400004, 17.04105323500005, 78.36970700400008, 17.225492944000052)",30-11-2023.geojson,Kothur,,,,,
Kumurambheem Asifabad,TSSD0263,178.1,"{'min': 28.548948287963867, 'max': 30.581111907958984, 'mean': 29.83152219082447, 'count': 47, 'sum': 1402.08154296875, 'median': 29.907777786254883}","(79.63414387600005, 19.452242796000064, 79.81867852100004, 19.607819128000074)",30-11-2023.geojson,Kouthala,,,,,
Medak,TSSD0264,161.34,"{'min': 27.38777732849121, 'max': 31.04400062561035, 'mean': 29.363198923510176, 'count': 43, 'sum': 1262.6175537109375, 'median': 29.42799949645996}","(78.10564250300007, 17.787310025000068, 78.29841681600004, 17.936446078000074)",30-11-2023.geojson,Kowdipally,,,,,
Nirmal,TSSD0265,282.48,"{'min': 29.24250030517578, 'max': 33.741764068603516, 'mean': 32.098828125, 'count': 75, 'sum': 2407.412109375, 'median': 32.36466598510742}","(77.84760754200005, 19.143786309000063, 78.05573992700005, 19.342882151000026)",30-11-2023.geojson,Kubeer,,,,,
Medchal_Malkajgiri,TSSD0266,39.02,"{'min': 28.61888885498047, 'max': 31.47249984741211, 'mean': 30.331975763494317, 'count': 11, 'sum': 333.6517333984375, 'median': 30.481428146362305}","(78.36804921900006, 17.450165494000032, 78.44563956200005, 17.513917809000077)",30-11-2023.geojson,Kukatpally,,,,,
Medak,TSSD0267,155.55,"{'min': 26.76555633544922, 'max': 30.306364059448242, 'mean': 29.24755216899671, 'count': 38, 'sum': 1111.406982421875, 'median': 29.499292373657227}","(78.05900573700006, 17.903386933000036, 78.28836760200005, 18.020195513000033)",30-11-2023.geojson,Kulcharam,,,,,
Vikarabad,TSSD0268,196.33,"{'min': 28.545385360717773, 'max': 30.784286499023438, 'mean': 29.842186560997597, 'count': 52, 'sum': 1551.793701171875, 'median': 29.896574020385742}","(77.79636866200008, 16.916114566000033, 77.99996008000005, 17.10676938000006)",30-11-2023.geojson,Kulkacharla,,,,,
Nirmal,TSSD0269,140.25,"{'min': 30.746471405029297, 'max': 33.07706069946289, 'mean': 31.7802074535473, 'count': 37, 'sum': 1175.86767578125, 'median': 31.75235366821289}","(78.02051881300008, 19.088268194000023, 78.15736433900008, 19.254793077000045)",30-11-2023.geojson,Kuntala,,,,,
Mahabubabad,TSSD0270,241.32,"{'min': 28.225000381469727, 'max': 29.721111297607422, 'mean': 28.93150353064904, 'count': 65, 'sum': 1880.5477294921875, 'median': 28.922000885009766}","(79.89569772600004, 17.36986128800004, 80.09682891600005, 17.588288271000067)",30-11-2023.geojson,Kuravi,,,,,
Khammam,TSSD0271,220.86,"{'min': 27.123332977294922, 'max': 31.22333335876465, 'mean': 29.55249880071272, 'count': 57, 'sum': 1684.492431640625, 'median': 29.697500228881836}","(79.87484026500005, 17.11399079800003, 80.04316183700007, 17.29547575600003)",30-11-2023.geojson,Kusumanchi,,,,,
Nirmal,TSSD0272,125.72,"{'min': 28.075000762939453, 'max': 30.74799919128418, 'mean': 29.58710973403033, 'count': 34, 'sum': 1005.9617309570312, 'median': 29.597858428955078}","(78.40349407400004, 18.95386539200007, 78.52341344300004, 19.102668410000035)",30-11-2023.geojson,Laxmanchanda,,,,,
Bhadradri Kothagudem,TSSD0273,229.46,"{'min': 26.999332427978516, 'max': 30.352222442626953, 'mean': 28.852554813508064, 'count': 62, 'sum': 1788.8583984375, 'median': 28.8963623046875}","(80.51384827600003, 17.535477607000075, 80.67198351200005, 17.81657303700007)",30-11-2023.geojson,Laxmidevipally,,,,,
Jangoan,TSSD0274,187.87,"{'min': 29.782499313354492, 'max': 33.426666259765625, 'mean': 31.792201450892858, 'count': 49, 'sum': 1557.81787109375, 'median': 31.989999771118164}","(79.13021988100007, 17.575431923000053, 79.31745159400003, 17.72563423400004)",30-11-2023.geojson,Lingalaghanpur,,,,,
Kamareddy,TSSD0275,255.84,"{'min': 28.276153564453125, 'max': 31.831539154052734, 'mean': 30.034231746897976, 'count': 68, 'sum': 2042.3277587890625, 'median': 30.171768188476562}","(78.02552329400004, 18.13087097700003, 78.21768245400006, 18.355649218000053)",30-11-2023.geojson,Lingampet,,,,,
Kumurambheem Asifabad,TSSD0276,162.69,"{'min': 27.454614639282227, 'max': 31.595333099365234, 'mean': 29.31881436434659, 'count': 44, 'sum': 1290.02783203125, 'median': 29.380571365356445}","(78.91810375000006, 19.205612909000024, 79.11073564000003, 19.342131322000057)",30-11-2023.geojson,Lingapur,,,,,
Nirmal,TSSD0277,222.97,"{'min': 24.74529457092285, 'max': 32.57624816894531, 'mean': 29.326713053385415, 'count': 60, 'sum': 1759.602783203125, 'median': 30.356605529785156}","(78.00594866600005, 18.931946796000034, 78.23875211300003, 19.085518010000044)",30-11-2023.geojson,Lokeshwaram,,,,,
Mancherial,TSSD0278,151.79,"{'min': 26.242307662963867, 'max': 29.266666412353516, 'mean': 27.940723908253204, 'count': 39, 'sum': 1089.688232421875, 'median': 27.86571502685547}","(79.16655337500003, 18.832516484000053, 79.30981884700003, 19.005514334000054)",30-11-2023.geojson,Luxettipet,,,,,
Kamareddy,TSSD0279,210.35,"{'min': 28.073999404907227, 'max': 31.43428611755371, 'mean': 30.03696768624442, 'count': 56, 'sum': 1682.0701904296875, 'median': 30.11480712890625}","(78.38704550600005, 18.26697810400003, 78.56264784400008, 18.467778762000023)",30-11-2023.geojson,Machareddy,,,,,
Wanaparthy,TSSD0280,102.15,"{'min': 27.4950008392334, 'max': 32.400001525878906, 'mean': 30.065673828125, 'count': 25, 'sum': 751.641845703125, 'median': 29.725555419921875}","(77.82095279900005, 16.300196190000065, 77.92236147200003, 16.45097719200004)",30-11-2023.geojson,Madanapur,,,,,
Suryapet,TSSD0281,130.55,"{'min': 29.084285736083984, 'max': 31.515714645385742, 'mean': 29.854568917410713, 'count': 35, 'sum': 1044.909912109375, 'median': 29.807777404785156}","(79.63339168000005, 17.351837121000074, 79.79652225800004, 17.470968053000036)",30-11-2023.geojson,Maddirala,,,,,
Narayanpet,TSSD0282,229.43,"{'min': 29.95199966430664, 'max': 32.12799835205078, 'mean': 30.925927734375, 'count': 60, 'sum': 1855.5556640625, 'median': 30.80666732788086}","(77.56183110400008, 16.77489021100007, 77.74489013300007, 16.952964019000035)",30-11-2023.geojson,Maddur,,,,,
Siddipet,TSSD0283,90.43,"{'min': 29.423999786376953, 'max': 30.994443893432617, 'mean': 30.407602945963543, 'count': 24, 'sum': 729.782470703125, 'median': 30.488887786865234}","(79.01132752500001, 17.86198517100007, 79.12089267400006, 17.966105778000042)",30-11-2023.geojson,Maddur,,,,,
Rangareddy,TSSD0284,264.88,"{'min': 30.718889236450195, 'max': 34.5525016784668, 'mean': 32.50031873914931, 'count': 72, 'sum': 2340.02294921875, 'median': 32.529998779296875}","(78.58095395400005, 16.75043613200006, 78.80230556900005, 16.944488267000054)",30-11-2023.geojson,Madgul,,,,,
Khammam,TSSD0285,210.2,"{'min': 27.84000015258789, 'max': 31.47888946533203, 'mean': 30.07168399586397, 'count': 51, 'sum': 1533.6558837890625, 'median': 30.13307762145996}","(80.31236943000005, 16.82168020900002, 80.47000219000006, 17.070547697000052)",30-11-2023.geojson,Madhira,,,,,
Kamareddy,TSSD0286,235.87,"{'min': 30.851428985595703, 'max': 35.0528564453125, 'mean': 32.83585086945565, 'count': 62, 'sum': 2035.82275390625, 'median': 32.72681427001953}","(77.54916412900008, 18.384667036000053, 77.76294653600007, 18.55697662400007)",30-11-2023.geojson,Madnur,,,,,
Nalgonda,TSSD0287,219.21,"{'min': 28.862499237060547, 'max': 33.567142486572266, 'mean': 31.074833461216517, 'count': 56, 'sum': 1740.190673828125, 'median': 31.020357131958008}","(79.34641497200005, 16.895418574000075, 79.56245174900005, 17.09279099500003)",30-11-2023.geojson,Madugulapally,,,,,
Narayanpet,TSSD0288,182.41,"{'min': 26.625, 'max': 33.7400016784668, 'mean': 31.68416694972826, 'count': 46, 'sum': 1457.4716796875, 'median': 31.95571517944336}","(77.36910946300009, 16.375499069, 77.53031708000003, 16.588101701000085)",30-11-2023.geojson,Maganoor,,,,,
Mahabubabad,TSSD0289,229.64,"{'min': 27.95199966430664, 'max': 31.185556411743164, 'mean': 29.178072569800204, 'count': 61, 'sum': 1779.8624267578125, 'median': 29.10333251953125}","(79.84115276500006, 17.501311835000024, 80.09111942000004, 17.697718735000137)",30-11-2023.geojson,Mahabubabad,,,,,
Mahabubnagar,TSSD0290,99.98,"{'min': 27.03363609313965, 'max': 31.155000686645508, 'mean': 29.7469921875, 'count': 25, 'sum': 743.6748046875, 'median': 29.836000442504883}","(77.94626825800003, 16.706941769000025, 78.09470899900003, 16.806279568000036)",30-11-2023.geojson,Mahabubnagar_Urban,,,,,
Jayashankar Bhupalpally,TSSD0291,299.12,"{'min': 25.962726593017578, 'max': 32.68166732788086, 'mean': 28.403621720679013, 'count': 81, 'sum': 2300.693359375, 'median': 28.25749969482422}","(79.82048229900005, 18.630638763000036, 80.11061256100004, 18.86890015800003)",30-11-2023.geojson,Mahadevpur,,,,,
Rangareddy,TSSD0292,252.27,"{'min': 29.536666870117188, 'max': 32.61888885498047, 'mean': 31.282840670072115, 'count': 65, 'sum': 2033.3846435546875, 'median': 31.28333282470703}","(78.30122014300008, 17.028058688000044, 78.54049373500004, 17.239387140000076)",30-11-2023.geojson,Maheswaram,,,,,
Nizamabad,TSSD0293,193.35,"{'min': 27.21923065185547, 'max': 32.17333221435547, 'mean': 30.208106407752403, 'count': 52, 'sum': 1570.821533203125, 'median': 30.458332061767578}","(78.05675830000007, 18.66482496200007, 78.22576505800004, 18.852068687000042)",30-11-2023.geojson,Makloor,,,,,
Narayanpet,TSSD0294,363.86,"{'min': 27.012500762939453, 'max': 33.998573303222656, 'mean': 31.218025453629032, 'count': 93, 'sum': 2903.2763671875, 'median': 31.290000915527344}","(77.45220537800003, 16.34148046400003, 77.67347100500007, 16.59593542500005)",30-11-2023.geojson,Makthal,,,,,
Jogulamba Gadwal,TSSD0295,241.46,"{'min': 29.5, 'max': 33.71888732910156, 'mean': 31.935456730769232, 'count': 65, 'sum': 2075.8046875, 'median': 32.24777603149414}","(77.63191914500004, 16.011527430000058, 77.79042152200003, 16.212472503000072)",30-11-2023.geojson,Maldakal,,,,,
Jayashankar Bhupalpally,TSSD0296,330.72,"{'min': 25.60555648803711, 'max': 33.314998626708984, 'mean': 28.489374205123546, 'count': 86, 'sum': 2450.086181640625, 'median': 28.6287784576416}","(79.67910470400005, 18.410415433000026, 79.92225416300005, 18.645377148000023)",30-11-2023.geojson,Malharrao,,,,,
Medchal_Malkajgiri,TSSD0297,30.3,"{'min': 29.956666946411133, 'max': 30.876667022705078, 'mean': 30.444505479600693, 'count': 9, 'sum': 274.00054931640625, 'median': 30.614444732666016}","(78.50463339200007, 17.428292171000066, 78.55954592700004, 17.505731841000056)",30-11-2023.geojson,Malkajgiri,,,,,
Jagtial,TSSD0298,213.62,"{'min': 28.115999221801758, 'max': 31.00777816772461, 'mean': 29.718867710658483, 'count': 56, 'sum': 1664.256591796875, 'median': 29.591833114624023}","(78.61662895600006, 18.874482111000077, 78.81309041900005, 19.03748223200006)",30-11-2023.geojson,Mallapur,,,,,
Jagtial,TSSD0299,151.65,"{'min': 26.793636322021484, 'max': 30.902727127075195, 'mean': 29.049977372332318, 'count': 41, 'sum': 1191.049072265625, 'median': 29.20846176147461}","(78.83599988400005, 18.650343142000054, 79.00846227100004, 18.762767418000067)",30-11-2023.geojson,Mallial,,,,,
Nirmal,TSSD0300,303.59,"{'min': 25.99307632446289, 'max': 30.649999618530273, 'mean': 28.831683349609374, 'count': 80, 'sum': 2306.53466796875, 'median': 29.051544189453125}","(78.40539725900004, 18.946457939000027, 78.61865077500005, 19.23040426800003)",30-11-2023.geojson,Mamda,,,,,
Karimnagar,TSSD0301,205.41,"{'min': 28.823333740234375, 'max': 33.349998474121094, 'mean': 31.752032940204327, 'count': 52, 'sum': 1651.105712890625, 'median': 31.815555572509766}","(79.15750397500005, 18.315741219000074, 79.35328729400004, 18.481920999000067)",30-11-2023.geojson,Manakondur,,,,,
Rangareddy,TSSD0302,234.43,"{'min': 29.417499542236328, 'max': 33.54800033569336, 'mean': 31.644403273059474, 'count': 62, 'sum': 1961.9530029296875, 'median': 31.852500915527344}","(78.65286760000004, 17.00487583200004, 78.84397639500008, 17.201225641000065)",30-11-2023.geojson,Manchal,,,,,
Mancherial,TSSD0303,40.12,"{'min': 30.925384521484375, 'max': 31.614614486694336, 'mean': 31.253928444602273, 'count': 11, 'sum': 343.793212890625, 'median': 31.271818161010742}","(79.41610667100008, 18.835052002000054, 79.48472162900003, 18.913545975000034)",30-11-2023.geojson,Mancherial,,,,,
Mancherial,TSSD0304,171.08,"{'min': 28.01714324951172, 'max': 31.329999923706055, 'mean': 29.778891823508523, 'count': 44, 'sum': 1310.271240234375, 'median': 29.838077545166016}","(79.39193241000004, 18.891641181000068, 79.59105304600007, 19.015526930000078)",30-11-2023.geojson,Mandamarri,,,,,
Mulugu,TSSD0305,392.56,"{'min': 26.29307746887207, 'max': 35.68454360961914, 'mean': 28.775248407160195, 'count': 103, 'sum': 2963.8505859375, 'median': 28.457273483276367}","(80.40836158100007, 18.080546712000057, 80.70882201500007, 18.304706081000063)",30-11-2023.geojson,Mangapet,,,,,
Sangareddy,TSSD0306,148.62,"{'min': 25.878000259399414, 'max': 31.86571502685547, 'mean': 29.73238019245427, 'count': 41, 'sum': 1219.027587890625, 'median': 29.97800064086914}","(77.64845538500003, 17.878779076000058, 77.83149306000007, 18.04513193200006)",30-11-2023.geojson,Manoor,,,,,
Jogulamba Gadwal,TSSD0307,163.37,"{'min': 30.225000381469727, 'max': 36.79571533203125, 'mean': 32.596532648259945, 'count': 44, 'sum': 1434.2474365234375, 'median': 32.193031311035156}","(77.86929360900007, 15.885358944000075, 78.03319288300008, 16.08949442000005)",30-11-2023.geojson,Manopad,,,,,
Peddapalli,TSSD0308,311.44,"{'min': 26.722000122070312, 'max': 31.875999450683594, 'mean': 28.418933686755953, 'count': 84, 'sum': 2387.1904296875, 'median': 28.21099853515625}","(79.56456396600004, 18.561850238000034, 79.83268954900007, 18.738350264000076)",30-11-2023.geojson,Manthani,,,,,
Bhadradri Kothagudem,TSSD0309,241.6,"{'min': 25.90333366394043, 'max': 33.65153884887695, 'mean': 29.33921837439904, 'count': 65, 'sum': 1907.0491943359375, 'median': 29.22076988220215}","(80.66740807500008, 17.879481733000034, 80.88542464200003, 18.045849738000072)",30-11-2023.geojson,Manuguru,,,,,
Hyderabad,TSSD0310,12.89,"{'min': 30.454444885253906, 'max': 30.918888092041016, 'mean': 30.65740712483724, 'count': 3, 'sum': 91.97222137451172, 'median': 30.598888397216797}","(78.49007358600005, 17.42094839600003, 78.55631568500007, 17.46893287000006)",30-11-2023.geojson,Maredpally,,,,,
Narayanpet,TSSD0311,159.77,"{'min': 28.832500457763672, 'max': 31.81222152709961, 'mean': 29.875813802083332, 'count': 42, 'sum': 1254.7841796875, 'median': 29.757143020629883}","(77.65664280100003, 16.506114195000066, 77.79841434500008, 16.665240555000025)",30-11-2023.geojson,Marikal,,,,,
Mahabubabad,TSSD0312,234.68,"{'min': 28.38166618347168, 'max': 30.612499237060547, 'mean': 29.548052254369704, 'count': 59, 'sum': 1743.3350830078125, 'median': 29.574443817138672}","(79.76148480300003, 17.321621569000058, 79.98270166300006, 17.48693560600003)",30-11-2023.geojson,Maripeda,,,,,
Siddipet,TSSD0313,105.43,"{'min': 27.00777816772461, 'max': 31.457500457763672, 'mean': 30.093532017299108, 'count': 28, 'sum': 842.618896484375, 'median': 30.216249465942383}","(78.66415458400007, 17.667265188000044, 78.78250869300007, 17.810152515000027)",30-11-2023.geojson,Markook,,,,,
Vikarabad,TSSD0314,225.88,"{'min': 28.25857162475586, 'max': 31.576154708862305, 'mean': 29.96491530845905, 'count': 58, 'sum': 1737.965087890625, 'median': 29.75225257873535}","(77.68610927900005, 17.453891702000078, 77.87740943300008, 17.638691618000053)",30-11-2023.geojson,Marpalle,,,,,
Nalgonda,TSSD0315,229.14,"{'min': 30.0575008392334, 'max': 33.70500183105469, 'mean': 31.550515096695698, 'count': 61, 'sum': 1924.5814208984375, 'median': 31.352500915527344}","(78.75919635200006, 16.90874455200003, 78.96448818000005, 17.07201425200003)",30-11-2023.geojson,Marriguda,,,,,
Suryapet,TSSD0316,210.69,"{'min': 28.719999313354492, 'max': 31.54142951965332, 'mean': 30.077422519899763, 'count': 53, 'sum': 1594.1033935546875, 'median': 30.100000381469727}","(79.76031217600007, 16.657641133000027, 79.94384993900007, 16.842244540000024)",30-11-2023.geojson,Mattampalli,,,,,
Medak,TSSD0317,140.85,"{'min': 27.574443817138672, 'max': 31.20111083984375, 'mean': 30.05126293285473, 'count': 37, 'sum': 1111.896728515625, 'median': 30.121999740600586}","(78.20774346500008, 17.973932821000062, 78.36819518300007, 18.10438747300003)",30-11-2023.geojson,Medak,,,,,
Medchal_Malkajgiri,TSSD0318,187.56,"{'min': 27.876667022705078, 'max': 30.9757137298584, 'mean': 29.873948317307693, 'count': 52, 'sum': 1553.4453125, 'median': 29.981250762939453}","(78.38095406300005, 17.551049357000068, 78.56000059500008, 17.70854524600003)",30-11-2023.geojson,Medchal,,,,,
Jagtial,TSSD0319,206.03,"{'min': 27.016666412353516, 'max': 30.546363830566406, 'mean': 29.345006214488638, 'count': 55, 'sum': 1613.975341796875, 'median': 29.683332443237305}","(78.73214094600007, 18.624887353000076, 78.85330317100005, 18.885390032000032)",30-11-2023.geojson,Medipalle,,,,,
Medchal_Malkajgiri,TSSD0320,33.63,"{'min': 30.116666793823242, 'max': 31.177499771118164, 'mean': 30.78459358215332, 'count': 8, 'sum': 246.27674865722656, 'median': 30.87920570373535}","(78.56396765400007, 17.387088967000068, 78.62540001600007, 17.4548326310001)",30-11-2023.geojson,Medipally,,,,,
Suryapet,TSSD0321,148.48,"{'min': 29.536666870117188, 'max': 31.393333435058594, 'mean': 30.395120239257814, 'count': 40, 'sum': 1215.8048095703125, 'median': 30.2742862701416}","(79.86430255300007, 16.749144942000044, 80.04667389300005, 16.897589783000058)",30-11-2023.geojson,Mellachervu,,,,,
Nizamabad,TSSD0322,74.74,"{'min': 26.004667282104492, 'max': 30.468000411987305, 'mean': 29.311538696289062, 'count': 20, 'sum': 586.2307739257812, 'median': 29.687652587890625}","(78.34141407100003, 18.91286552100007, 78.45746941500005, 19.003231226000025)",30-11-2023.geojson,Mendora,,,,,
Jagtial,TSSD0323,189.57,"{'min': 28.511667251586914, 'max': 30.726364135742188, 'mean': 29.876943550857842, 'count': 51, 'sum': 1523.72412109375, 'median': 29.959091186523438}","(78.53968262500007, 18.72081223600003, 78.67956378400004, 18.895674916000075)",30-11-2023.geojson,Metpalli,,,,,
Mahabubnagar,TSSD0324,164.85,"{'min': 29.93000030517578, 'max': 33.68000030517578, 'mean': 31.216084798177082, 'count': 42, 'sum': 1311.0755615234375, 'median': 31.13909149169922}","(78.21714079300006, 16.678018442000052, 78.36989334400005, 16.825534489000063)",30-11-2023.geojson,Midjil,,,,,
Siddipet,TSSD0325,167.82,"{'min': 28.363845825195312, 'max': 30.62555503845215, 'mean': 29.546931776889537, 'count': 43, 'sum': 1270.51806640625, 'median': 29.506000518798828}","(78.56910611300003, 17.992796036000072, 78.73068591400005, 18.14881470800003)",30-11-2023.geojson,Mirdoddi,,,,,
Nalgonda,TSSD0326,248.98,"{'min': 29.036666870117188, 'max': 32.34199905395508, 'mean': 30.596376419067383, 'count': 64, 'sum': 1958.1680908203125, 'median': 30.62125015258789}","(79.48474594700008, 16.761982963000037, 79.66781758100007, 17.007573905000072)",30-11-2023.geojson,Miryalaguda,,,,,
Sangareddy,TSSD0327,152.32,"{'min': 28.24066734313965, 'max': 31.912857055664062, 'mean': 30.370644017269736, 'count': 38, 'sum': 1154.08447265625, 'median': 30.194461822509766}","(77.44416825100006, 17.542551853000077, 77.59394938800006, 17.703749020000032)",30-11-2023.geojson,Mogudampally,,,,,
Jayashankar Bhupalpally,TSSD0328,117.77,"{'min': 29.110000610351562, 'max': 31.21666717529297, 'mean': 29.880605389994958, 'count': 31, 'sum': 926.2987670898438, 'median': 29.827499389648438}","(79.55918339200008, 18.25321451900004, 79.69624194900007, 18.367730020000067)",30-11-2023.geojson,Mogullapally,,,,,
Rangareddy,TSSD0329,210.03,"{'min': 25.548181533813477, 'max': 32.01571273803711, 'mean': 29.8681640625, 'count': 52, 'sum': 1553.14453125, 'median': 30.19499969482422}","(78.18364043400004, 17.24469818700004, 78.37521359500005, 17.39979780400006)",30-11-2023.geojson,Moinabad,,,,,
Vikarabad,TSSD0330,185.55,"{'min': 28.871538162231445, 'max': 31.344545364379883, 'mean': 30.341504863664216, 'count': 51, 'sum': 1547.416748046875, 'median': 30.362308502197266}","(77.80132142600007, 17.440949010000054, 78.02278448100003, 17.58481577400005)",30-11-2023.geojson,Mominpet,,,,,
Mahabubnagar,TSSD0331,95.02,"{'min': 29.86750030517578, 'max': 32.218570709228516, 'mean': 30.92852783203125, 'count': 26, 'sum': 804.1417236328125, 'median': 30.815555572509766}","(77.88815901700008, 16.55990335200005, 78.03642113100005, 16.65578400800007)",30-11-2023.geojson,Moosapet,,,,,
Nizamabad,TSSD0332,110.93,"{'min': 29.072856903076172, 'max': 30.85714340209961, 'mean': 30.018603515625, 'count': 30, 'sum': 900.55810546875, 'median': 29.985595703125}","(78.39569656400005, 18.754933092000044, 78.51049422500006, 18.895877668000026)",30-11-2023.geojson,Morthad,,,,,
Yadadri Bhuvanagiri,TSSD0333,154.09,"{'min': 31.469999313354492, 'max': 33.97571563720703, 'mean': 32.65223911830357, 'count': 42, 'sum': 1371.39404296875, 'median': 32.65839385986328}","(79.02191272500005, 17.447705855000038, 79.18771359200008, 17.614164877000064)",30-11-2023.geojson,Motakondur,,,,,
Suryapet,TSSD0334,191.84,"{'min': 27.961111068725586, 'max': 31.676666259765625, 'mean': 30.2472412109375, 'count': 50, 'sum': 1512.362060546875, 'median': 30.317142486572266}","(79.72864807600007, 17.098594648000073, 79.90108897100004, 17.295132846000058)",30-11-2023.geojson,Mothey,,,,,
Yadadri Bhuvanagiri,TSSD0335,146.43,"{'min': 31.21500015258789, 'max': 33.23666763305664, 'mean': 32.08812537560096, 'count': 39, 'sum': 1251.4368896484375, 'median': 32.02714157104492}","(79.17886738600004, 17.35663582600006, 79.34505761300005, 17.499013259000037)",30-11-2023.geojson,Mothkur,,,,,
Nirmal,TSSD0336,187.43,"{'min': 29.387332916259766, 'max': 35.647335052490234, 'mean': 32.583687160326086, 'count': 46, 'sum': 1498.849609375, 'median': 32.356666564941406}","(77.87363589400007, 18.90926259400004, 78.04943334300003, 19.05199254100006)",30-11-2023.geojson,Mudhole,,,,,
Khammam,TSSD0337,202.95,"{'min': 28.538572311401367, 'max': 31.6299991607666, 'mean': 30.141998291015625, 'count': 52, 'sum': 1567.3839111328125, 'median': 30.14023780822754}","(79.99976989400005, 16.987411645000066, 80.17144520800008, 17.21465495600006)",30-11-2023.geojson,Mudigonda,,,,,
Nizamabad,TSSD0338,196.22,"{'min': 26.508460998535156, 'max': 32.00666809082031, 'mean': 28.603630514705884, 'count': 51, 'sum': 1458.78515625, 'median': 28.488462448120117}","(78.03331485400008, 18.477793812000073, 78.18413506400003, 18.66033533700005)",30-11-2023.geojson,Mugpal,,,,,
Bhadradri Kothagudem,TSSD0339,514.62,"{'min': 26.247142791748047, 'max': 30.40999984741211, 'mean': 28.69986617476852, 'count': 135, 'sum': 3874.48193359375, 'median': 28.936153411865234}","(80.70650352000007, 17.353825033000078, 80.96455307900004, 17.59430879000007)",30-11-2023.geojson,Mulakalapally,,,,,
Mulugu,TSSD0340,363.24,"{'min': 25.978235244750977, 'max': 30.228750228881836, 'mean': 28.33821957236842, 'count': 95, 'sum': 2692.130859375, 'median': 28.579334259033203}","(79.81475825400008, 18.07019176600005, 80.14227776900003, 18.247994896000023)",30-11-2023.geojson,Mulug,,,,,
Siddipet,TSSD0341,148.86,"{'min': 26.545555114746094, 'max': 31.447500228881836, 'mean': 29.86192908653846, 'count': 39, 'sum': 1164.615234375, 'median': 30.0}","(78.49289586600008, 17.669503792000057, 78.72948919400005, 17.760743728000023)",30-11-2023.geojson,Mulug,,,,,
Suryapet,TSSD0342,140.35,"{'min': 27.98200035095215, 'max': 30.718570709228516, 'mean': 29.60958251953125, 'count': 40, 'sum': 1184.38330078125, 'median': 29.609142303466797}","(79.71348967800003, 16.97659834500007, 79.93382971200003, 17.162332160000062)",30-11-2023.geojson,Munagala,,,,,
Sangareddy,TSSD0343,221.68,"{'min': 24.204666137695312, 'max': 31.752666473388672, 'mean': 29.379154750279017, 'count': 56, 'sum': 1645.232666015625, 'median': 29.764047622680664}","(77.76970420300006, 17.61306823700005, 77.93222993400008, 17.821658166000077)",30-11-2023.geojson,Munipally,,,,,
Nalgonda,TSSD0344,242.13,"{'min': 30.3125, 'max': 34.36714172363281, 'mean': 31.863873106060606, 'count': 66, 'sum': 2103.015625, 'median': 31.785892486572266}","(78.92781504300007, 16.99371558000007, 79.14931293500007, 17.18453899000002)",30-11-2023.geojson,Munugode,,,,,
Nizamabad,TSSD0345,53.32,"{'min': 25.163846969604492, 'max': 30.694616317749023, 'mean': 29.214176722935267, 'count': 14, 'sum': 408.99847412109375, 'median': 29.77747344970703}","(78.33239376200004, 18.87289880800006, 78.45351563000008, 18.968813642000043)",30-11-2023.geojson,Mupkal,,,,,
Hyderabad,TSSD0346,9.91,"{'min': 30.60333251953125, 'max': 30.698888778686523, 'mean': 30.651111602783203, 'count': 2, 'sum': 61.302223205566406, 'median': 30.651111602783203}","(78.47735671700008, 17.40191402800002, 78.52763446200004, 17.43504124900005)",30-11-2023.geojson,Musheerabad,,,,,
Rajanna Sircilla,TSSD0347,162.34,"{'min': 27.690000534057617, 'max': 31.448333740234375, 'mean': 30.038738871729652, 'count': 43, 'sum': 1291.665771484375, 'median': 30.165000915527344}","(78.62827650500003, 18.21376387500004, 78.77109860300004, 18.360829288000048)",30-11-2023.geojson,Mustabad,,,,,
Jayashankar Bhupalpally,TSSD0348,603.81,"{'min': 26.39181900024414, 'max': 29.988000869750977, 'mean': 28.076690673828125, 'count': 160, 'sum': 4492.2705078125, 'median': 28.0260009765625}","(79.93211438700007, 18.348852581000074, 80.27331132300003, 18.665550444000075)",30-11-2023.geojson,Mutharam_Mahadevpur,,,,,
Peddapalli,TSSD0349,143.95,"{'min': 27.433635711669922, 'max': 33.2055549621582, 'mean': 29.746761924342106, 'count': 38, 'sum': 1130.376953125, 'median': 29.270000457763672}","(79.56376559100005, 18.46670946200004, 79.71861493100005, 18.60236795900005)",30-11-2023.geojson,Mutharam_Manthani,,,,,
Suryapet,TSSD0350,132.47,"{'min': 27.69333267211914, 'max': 30.90999984741211, 'mean': 29.61899081143466, 'count': 33, 'sum': 977.4266967773438, 'median': 29.760000228881836}","(79.81542641000004, 17.031014071000072, 79.94769370600005, 17.174546916000054)",30-11-2023.geojson,Nadigudem,,,,,
Sangareddy,TSSD0351,148.84,"{'min': 29.41153907775879, 'max': 34.11153793334961, 'mean': 32.28031005859375, 'count': 40, 'sum': 1291.21240234375, 'median': 32.474998474121094}","(77.54918865800005, 17.98547994300003, 77.71900749600007, 18.124343363000037)",30-11-2023.geojson,Nagalgidda,,,,,
Suryapet,TSSD0352,134.54,"{'min': 29.5674991607666, 'max': 31.40999984741211, 'mean': 30.47286900111607, 'count': 35, 'sum': 1066.5504150390625, 'median': 30.4375}","(79.41253491600008, 17.34124849500006, 79.57155473400007, 17.45790335600003)",30-11-2023.geojson,Nagaram,,,,,
Kamareddy,TSSD0353,138.95,"{'min': 26.683332443237305, 'max': 31.44076919555664, 'mean': 30.08892822265625, 'count': 34, 'sum': 1023.0235595703125, 'median': 30.10242462158203}","(78.01381962800008, 18.068441783000026, 78.17948646600007, 18.201817321000078)",30-11-2023.geojson,Nagi_Reddypet,,,,,
Nalgonda,TSSD0354,151.19,"{'min': 28.13599967956543, 'max': 32.698570251464844, 'mean': 31.426513671875, 'count': 40, 'sum': 1257.060546875, 'median': 31.639999389648438}","(79.36271400100003, 17.074334117000035, 79.51356132300003, 17.265691678000053)",30-11-2023.geojson,Nakrekal,,,,,
Nalgonda,TSSD0355,356.0,"{'min': 27.40250015258789, 'max': 34.33571243286133, 'mean': 31.812607314560438, 'count': 91, 'sum': 2894.947265625, 'median': 31.77857208251953}","(79.11238633500005, 16.95004682000007, 79.38632643800008, 17.14875526800006)",30-11-2023.geojson,Nalgonda,,,,,
Warangal_Rural,TSSD0356,164.31,"{'min': 28.06077003479004, 'max': 30.60272789001465, 'mean': 29.121546427408855, 'count': 48, 'sum': 1397.834228515625, 'median': 29.038516998291016}","(79.81066170600008, 17.993540445000065, 80.04124404200007, 18.11528805000006)",30-11-2023.geojson,Nallabelli,,,,,
Hyderabad,TSSD0357,11.34,"{'min': 29.012222290039062, 'max': 31.152000427246094, 'mean': 30.41540781656901, 'count': 3, 'sum': 91.24622344970703, 'median': 31.082000732421875}","(78.45809052700008, 17.36457170500006, 78.49555773000003, 17.405714060000037)",30-11-2023.geojson,Nampally,,,,,
Nalgonda,TSSD0358,280.57,"{'min': 30.802499771118164, 'max': 34.1150016784668, 'mean': 32.23571944563356, 'count': 73, 'sum': 2353.20751953125, 'median': 32.279998779296875}","(78.84925232700004, 16.740287084000045, 79.04788463500006, 16.965538953000078)",30-11-2023.geojson,Nampally,,,,,
Rangareddy,TSSD0359,86.28,"{'min': 30.238332748413086, 'max': 32.04666519165039, 'mean': 31.262406782670453, 'count': 22, 'sum': 687.77294921875, 'median': 31.235000610351562}","(78.16420628000003, 17.07450775600006, 78.31375295500004, 17.187439899000026)",30-11-2023.geojson,Nandigama,,,,,
Nizamabad,TSSD0360,296.41,"{'min': 24.600000381469727, 'max': 33.2961540222168, 'mean': 29.136046570616884, 'count': 77, 'sum': 2243.4755859375, 'median': 29.94733238220215}","(78.06391450200005, 18.810123935000036, 78.27745292600008, 19.015809954000076)",30-11-2023.geojson,Nandipet,,,,,
Siddipet,TSSD0361,173.43,"{'min': 29.241111755371094, 'max': 31.165000915527344, 'mean': 30.147788307883523, 'count': 44, 'sum': 1326.502685546875, 'median': 30.18600082397461}","(78.91642615100005, 18.005257581000023, 79.12553882600008, 18.139313947000062)",30-11-2023.geojson,Nangnoor,,,,,
Yadadri Bhuvanagiri,TSSD0362,255.72,"{'min': 28.476667404174805, 'max': 33.02000045776367, 'mean': 30.75907019412879, 'count': 66, 'sum': 2030.0986328125, 'median': 30.817855834960938}","(78.76727420200007, 17.04527964400006, 78.99214673900008, 17.215539860000035)",30-11-2023.geojson,Narayanapoor,,,,,
Sangareddy,TSSD0363,221.04,"{'min': 29.50200080871582, 'max': 32.98384475708008, 'mean': 31.108598552766395, 'count': 61, 'sum': 1897.62451171875, 'median': 30.867143630981445}","(77.65873951100008, 17.969087139000067, 77.91619762300007, 18.131861117000028)",30-11-2023.geojson,Narayankhed,,,,,
Narayanpet,TSSD0364,253.45,"{'min': 28.63249969482422, 'max': 32.060001373291016, 'mean': 30.251825420673075, 'count': 65, 'sum': 1966.36865234375, 'median': 30.211999893188477}","(77.42683117400003, 16.65053467100006, 77.68547301300003, 16.797928967000075)",30-11-2023.geojson,Narayanpet,,,,,
Nalgonda,TSSD0365,234.39,"{'min': 29.354999542236328, 'max': 34.62714385986328, 'mean': 32.74610925099206, 'count': 63, 'sum': 2063.0048828125, 'median': 33.29571533203125}","(79.12064748900008, 17.11371295600003, 79.30389623300005, 17.35996707100003)",30-11-2023.geojson,Narketpally,,,,,
Jangoan,TSSD0366,125.01,"{'min': 28.2722225189209, 'max': 31.438888549804688, 'mean': 30.144061464251894, 'count': 33, 'sum': 994.7540283203125, 'median': 30.1744441986084}","(79.09279653800007, 17.82066930900004, 79.25505581500005, 17.932063776000064)",30-11-2023.geojson,Narmetta,,,,,
Adilabad,TSSD0367,201.81,"{'min': 28.641250610351562, 'max': 31.153749465942383, 'mean': 30.15308308151533, 'count': 53, 'sum': 1598.1134033203125, 'median': 30.117143630981445}","(78.75741661700005, 19.424395872000048, 78.97780666900007, 19.57535441500005)",30-11-2023.geojson,Narnoor,,,,,
Warangal_Rural,TSSD0368,128.11,"{'min': 27.545385360717773, 'max': 30.389999389648438, 'mean': 28.902511596679688, 'count': 32, 'sum': 924.88037109375, 'median': 29.07683753967285}","(79.80201610100005, 17.882928224000068, 79.94435882900007, 18.020538076000037)",30-11-2023.geojson,Narsampet,,,,,
Medak,TSSD0369,177.98,"{'min': 27.098888397216797, 'max': 30.804000854492188, 'mean': 29.53144020257994, 'count': 43, 'sum': 1269.8519287109375, 'median': 29.6560001373291}","(78.16308671700006, 17.659841237000023, 78.33116213500006, 17.840150954000023)",30-11-2023.geojson,Narsapur,,,,,
Nirmal,TSSD0370,147.48,"{'min': 26.3255558013916, 'max': 32.19874954223633, 'mean': 30.099545433407737, 'count': 42, 'sum': 1264.180908203125, 'median': 30.432498931884766}","(78.07428315700008, 19.02509410700003, 78.21913771600003, 19.23774101400005)",30-11-2023.geojson,Narsapur_G,,,,,
Mahabubabad,TSSD0371,100.62,"{'min': 28.982500076293945, 'max': 30.878570556640625, 'mean': 29.95685040509259, 'count': 27, 'sum': 808.8349609375, 'median': 30.00111198425293}","(79.74961810900004, 17.432922034000057, 79.85804564900008, 17.55949727500007)",30-11-2023.geojson,Narsimhulapet,,,,,
Medak,TSSD0372,55.63,"{'min': 28.922727584838867, 'max': 31.001667022705078, 'mean': 29.89261245727539, 'count': 16, 'sum': 478.28179931640625, 'median': 29.660907745361328}","(78.39229916300008, 17.98830749900003, 78.47149849900006, 18.093264383000076)",30-11-2023.geojson,Narsingi,,,,,
Narayanpet,TSSD0373,194.24,"{'min': 29.1744441986084, 'max': 31.476667404174805, 'mean': 30.22277099609375, 'count': 50, 'sum': 1511.1385498046875, 'median': 30.294445037841797}","(77.57900273500007, 16.392118486000072, 77.76051168400005, 16.55740275000005)",30-11-2023.geojson,Narva,,,,,
Mancherial,TSSD0374,52.98,"{'min': 28.654285430908203, 'max': 31.493637084960938, 'mean': 30.19464329310826, 'count': 14, 'sum': 422.7250061035156, 'median': 30.288820266723633}","(79.45022792100008, 18.798759303000054, 79.52726676000003, 18.914394050000055)",30-11-2023.geojson,Naspur,,,,,
Kamareddy,TSSD0375,102.21,"{'min': 27.946922302246094, 'max': 33.053077697753906, 'mean': 31.175859723772323, 'count': 28, 'sum': 872.924072265625, 'median': 31.511281967163086}","(77.81879634400008, 18.411273927000025, 77.97648352900006, 18.509137527000064)",30-11-2023.geojson,Nasurullabad,,,,,
Nizamabad,TSSD0376,192.08,"{'min': 26.441110610961914, 'max': 31.926666259765625, 'mean': 30.4332568359375, 'count': 50, 'sum': 1521.662841796875, 'median': 30.59083366394043}","(77.94333219400005, 18.72259983600003, 78.08733714300007, 18.94072022900008)",30-11-2023.geojson,Navipet,,,,,
Mahabubnagar,TSSD0377,296.21,"{'min': 27.10454559326172, 'max': 31.921112060546875, 'mean': 29.904439554586038, 'count': 77, 'sum': 2302.641845703125, 'median': 30.026363372802734}","(77.92099457500007, 16.78332651100004, 78.11899967800008, 17.01427203800006)",30-11-2023.geojson,Nawabpet,,,,,
Vikarabad,TSSD0378,158.3,"{'min': 29.329999923706055, 'max': 31.719999313354492, 'mean': 30.608788467035062, 'count': 41, 'sum': 1254.9603271484375, 'median': 30.641111373901367}","(77.88176503700004, 17.365495641000052, 78.07175069100003, 17.471223939000026)",30-11-2023.geojson,Nawabpet,,,,,
Warangal_Rural,TSSD0379,188.28,"{'min': 27.728181838989258, 'max': 30.381427764892578, 'mean': 29.4877294921875, 'count': 50, 'sum': 1474.386474609375, 'median': 29.514286041259766}","(79.74746045700005, 17.696488769000155, 79.90634128700003, 17.879678624000064)",30-11-2023.geojson,Nekkonda,,,,,
Khammam,TSSD0380,186.76,"{'min': 27.9471435546875, 'max': 31.614999771118164, 'mean': 30.006006357621175, 'count': 49, 'sum': 1470.2943115234375, 'median': 30.155000686645508}","(79.96784028800005, 16.968121411000027, 80.11000795600006, 17.174936235000075)",30-11-2023.geojson,Nelakondapally,,,,,
Mahabubabad,TSSD0381,206.97,"{'min': 28.56599998474121, 'max': 30.510000228881836, 'mean': 29.51728877314815, 'count': 54, 'sum': 1593.93359375, 'median': 29.48550033569336}","(79.71439804300002, 17.541887375000044, 79.91872236700016, 17.698785481000073)",30-11-2023.geojson,Nellikudur,,,,,
Mancherial,TSSD0382,269.42,"{'min': 27.01533317565918, 'max': 30.152856826782227, 'mean': 28.804121850242076, 'count': 71, 'sum': 2045.0926513671875, 'median': 28.89923095703125}","(79.52664994100007, 18.93089886100006, 79.73295653300005, 19.12578670700003)",30-11-2023.geojson,Nennel,,,,,
Adilabad,TSSD0383,328.19,"{'min': 27.19285774230957, 'max': 31.935333251953125, 'mean': 30.25884118240871, 'count': 89, 'sum': 2693.036865234375, 'median': 30.47142791748047}","(78.26082714200004, 19.17277807100004, 78.55364642200004, 19.39715159900004)",30-11-2023.geojson,Neradigonda,,,,,
Suryapet,TSSD0384,126.74,"{'min': 28.547142028808594, 'max': 31.086666107177734, 'mean': 29.85530831473214, 'count': 35, 'sum': 1044.935791015625, 'median': 29.841428756713867}","(79.61424865900005, 16.828891998000074, 79.72807247700007, 16.983950306000054)",30-11-2023.geojson,Nereducherla,,,,,
Nalgonda,TSSD0385,161.07,"{'min': 30.35444450378418, 'max': 34.73749923706055, 'mean': 32.56182583895597, 'count': 44, 'sum': 1432.7203369140625, 'median': 32.42250061035156}","(78.94273533400008, 16.468748120000043, 79.11690272800007, 16.651020135000067)",30-11-2023.geojson,Neredugommu,,,,,
Nalgonda,TSSD0386,217.58,"{'min': 28.889999389648438, 'max': 33.01499938964844, 'mean': 31.091118246822035, 'count': 59, 'sum': 1834.3759765625, 'median': 31.047142028808594}","(79.29369591300008, 16.726884840000025, 79.46702657000003, 16.93694350900006)",30-11-2023.geojson,Nidamanoor,,,,,
Nirmal,TSSD0387,26.54,"{'min': 29.162857055664062, 'max': 31.10285758972168, 'mean': 30.10708957248264, 'count': 9, 'sum': 270.96380615234375, 'median': 30.030000686645508}","(78.32125738700006, 19.06142155400005, 78.36703256100003, 19.13503668900006)",30-11-2023.geojson,Nirmal,,,,,
Nirmal,TSSD0388,121.65,"{'min': 28.435333251953125, 'max': 31.290000915527344, 'mean': 30.034256473664314, 'count': 31, 'sum': 931.0619506835938, 'median': 29.884666442871094}","(78.28619783500005, 19.030659180000043, 78.42042812500006, 19.18711090100004)",30-11-2023.geojson,Nirmal Rural,,,,,
Nizamabad,TSSD0389,8.31,"{'min': 28.633333206176758, 'max': 30.655000686645508, 'mean': 29.80555470784505, 'count': 3, 'sum': 89.41666412353516, 'median': 30.128334045410156}","(78.05163596200003, 18.674492592000036, 78.12730598000007, 18.70039857300003)",30-11-2023.geojson,Nizamabad North,,,,,
Nizamabad,TSSD0390,143.88,"{'min': 27.600000381469727, 'max': 31.724544525146484, 'mean': 29.679610402960527, 'count': 38, 'sum': 1127.8251953125, 'median': 29.797500610351562}","(77.98560033100006, 18.565702533000035, 78.16225447400006, 18.788720459000047)",30-11-2023.geojson,Nizamabad Rural,,,,,
Nizamabad,TSSD0391,30.08,"{'min': 28.65461540222168, 'max': 30.850000381469727, 'mean': 29.849779401506698, 'count': 7, 'sum': 208.94845581054688, 'median': 29.81615447998047}","(78.05135267700007, 18.638141734000044, 78.12035163300004, 18.70039857300003)",30-11-2023.geojson,Nizamabad South,,,,,
Medak,TSSD0392,96.69,"{'min': 29.170000076293945, 'max': 31.04111099243164, 'mean': 30.270309448242188, 'count': 28, 'sum': 847.5686645507812, 'median': 30.308334350585938}","(78.48347828600004, 18.052927198000077, 78.58043728400008, 18.186685228000044)",30-11-2023.geojson,Nizampet,,,,,
Kamareddy,TSSD0393,241.59,"{'min': 24.110000610351562, 'max': 32.11800003051758, 'mean': 28.709788004557293, 'count': 72, 'sum': 2067.104736328125, 'median': 29.13863754272461}","(77.84561923400008, 18.09283344800002, 78.00817764400006, 18.34553889500006)",30-11-2023.geojson,Nizamsagar,,,,,
Suryapet,TSSD0394,119.91,"{'min': 29.072221755981445, 'max': 31.921428680419922, 'mean': 30.305249763257574, 'count': 33, 'sum': 1000.0732421875, 'median': 30.237499237060547}","(79.62642963900004, 17.281058334000022, 79.80860422700005, 17.37862805900005)",30-11-2023.geojson,Noothankal,,,,,
Sangareddy,TSSD0395,259.19,"{'min': 28.562856674194336, 'max': 32.54999923706055, 'mean': 30.80544146369485, 'count': 68, 'sum': 2094.77001953125, 'median': 30.643095016479492}","(77.50905262900005, 17.743666096000027, 77.70963585900006, 17.95290998400003)",30-11-2023.geojson,Nyalkal,,,,,
Peddapalli,TSSD0396,148.08,"{'min': 29.81399917602539, 'max': 32.612220764160156, 'mean': 30.807546515213815, 'count': 38, 'sum': 1170.686767578125, 'median': 30.694000244140625}","(79.36660364000005, 18.386385288000042, 79.55224107200007, 18.53271052300005)",30-11-2023.geojson,Odela,,,,,
Nagarkurnool,TSSD0397,630.47,"{'min': 27.68777847290039, 'max': 32.125, 'mean': 29.843048095703125, 'count': 160, 'sum': 4774.8876953125, 'median': 29.8165283203125}","(78.85902477800005, 16.210348460000034, 79.23432760400004, 16.461405856000056)",30-11-2023.geojson,Padara,,,,,
Suryapet,TSSD0398,132.07,"{'min': 28.69499969482422, 'max': 31.54199981689453, 'mean': 30.098619249131943, 'count': 36, 'sum': 1083.55029296875, 'median': 30.2894287109375}","(79.66762645300008, 16.689675125000065, 79.78908743200003, 16.836615472000062)",30-11-2023.geojson,Palakeedu,,,,,
Jangoan,TSSD0399,255.42,"{'min': 29.323333740234375, 'max': 32.42777633666992, 'mean': 30.953990589488637, 'count': 66, 'sum': 2042.96337890625, 'median': 31.075178146362305}","(79.34225257900005, 17.560267294000028, 79.54008752200008, 17.75819989300004)",30-11-2023.geojson,Palakurthy,,,,,
Peddapalli,TSSD0400,137.42,"{'min': 26.723846435546875, 'max': 30.038000106811523, 'mean': 28.828507706925677, 'count': 37, 'sum': 1066.65478515625, 'median': 28.895713806152344}","(79.25348235000007, 18.670677110000042, 79.50381904800008, 18.81832694700006)",30-11-2023.geojson,Palakurthy,,,,,
Jayashankar Bhupalpally,TSSD0401,226.16,"{'min': 26.253334045410156, 'max': 34.31181716918945, 'mean': 28.745125325520835, 'count': 60, 'sum': 1724.70751953125, 'median': 28.399250030517578}","(80.10237686500005, 18.587417120000055, 80.34460111300007, 18.722365577000062)",30-11-2023.geojson,Palmela,,,,,
Bhadradri Kothagudem,TSSD0402,421.11,"{'min': 25.341999053955078, 'max': 30.514999389648438, 'mean': 28.347517683699323, 'count': 111, 'sum': 3146.574462890625, 'median': 28.530000686645508}","(80.57151962200004, 17.50317956400005, 80.86723947600007, 17.895408489000033)",30-11-2023.geojson,Palvancha,,,,,
Wanaparthy,TSSD0403,205.91,"{'min': 29.3075008392334, 'max': 33.158573150634766, 'mean': 30.56604682074653, 'count': 54, 'sum': 1650.5665283203125, 'median': 30.334444046020508}","(78.02855847800004, 16.173396301000025, 78.22246788200005, 16.341012469000077)",30-11-2023.geojson,Pangal,,,,,
Medak,TSSD0404,205.14,"{'min': 27.98230743408203, 'max': 30.98714256286621, 'mean': 29.453366921164772, 'count': 55, 'sum': 1619.9351806640625, 'median': 29.433635711669922}","(77.99790429400008, 17.965407912000046, 78.21345417200007, 18.109216143000026)",30-11-2023.geojson,Papannapet,,,,,
Vikarabad,TSSD0405,227.88,"{'min': 28.75428581237793, 'max': 31.331817626953125, 'mean': 30.07481461864407, 'count': 59, 'sum': 1774.4140625, 'median': 30.118572235107422}","(77.76414678500004, 17.074105024000062, 77.99328854900006, 17.257275064000055)",30-11-2023.geojson,Pargi,,,,,
Warangal_Rural,TSSD0406,79.71,"{'min': 27.995454788208008, 'max': 30.00777816772461, 'mean': 29.12525634765625, 'count': 20, 'sum': 582.505126953125, 'median': 29.240276336669922}","(79.645823469, 18.135041913000066, 79.73250177000006, 18.279244378000044)",30-11-2023.geojson,Parkal,,,,,
Warangal_Rural,TSSD0407,161.29,"{'min': 28.636667251586914, 'max': 31.272499084472656, 'mean': 29.676917666480655, 'count': 42, 'sum': 1246.4305419921875, 'median': 29.584049224853516}","(79.64445348100008, 17.68264110900003, 79.78084029400003, 17.843589961000077)",30-11-2023.geojson,Parvathagiri,,,,,
Sangareddy,TSSD0408,186.54,"{'min': 29.11888885498047, 'max': 30.6744441986084, 'mean': 30.0787939453125, 'count': 50, 'sum': 1503.939697265625, 'median': 30.098888397216797}","(78.13716356700007, 17.463618334000046, 78.28967759800008, 17.628094657000076)",30-11-2023.geojson,Patancheruvu,,,,,
Wanaparthy,TSSD0409,199.7,"{'min': 27.733333587646484, 'max': 33.7055549621582, 'mean': 29.977745643028847, 'count': 52, 'sum': 1558.8427734375, 'median': 29.890090942382812}","(77.91611806600008, 16.024587675000078, 78.07471604300008, 16.26834650400002)",30-11-2023.geojson,Pebbair,,,,,
Nalgonda,TSSD0410,534.97,"{'min': 26.187999725341797, 'max': 33.70000076293945, 'mean': 30.073909622302157, 'count': 139, 'sum': 4180.2734375, 'median': 30.165000915527344}","(79.02131319100005, 16.429164953000054, 79.31131002400008, 16.806345736000026)",30-11-2023.geojson,Peda Adisharla Palli,,,,,
Kamareddy,TSSD0411,93.4,"{'min': 30.51615333557129, 'max': 34.268463134765625, 'mean': 32.30419452373798, 'count': 26, 'sum': 839.9090576171875, 'median': 32.208248138427734}","(77.64296889100007, 18.23434125800003, 77.79440383200006, 18.363266914000064)",30-11-2023.geojson,Pedda Kodapgal,,,,,
Nagarkurnool,TSSD0412,268.13,"{'min': 28.863332748413086, 'max': 33.842498779296875, 'mean': 31.278578016493057, 'count': 72, 'sum': 2252.0576171875, 'median': 31.378889083862305}","(78.28210328600005, 16.15614634700006, 78.46080747200006, 16.378297329000077)",30-11-2023.geojson,Peddakothapalle,,,,,
Wanaparthy,TSSD0413,184.53,"{'min': 28.908000946044922, 'max': 32.39500045776367, 'mean': 30.7728754679362, 'count': 48, 'sum': 1477.0980224609375, 'median': 30.812000274658203}","(77.91764372000006, 16.364835636000066, 78.12790212400006, 16.52562722400006)",30-11-2023.geojson,Peddamandaddi,,,,,
Peddapalli,TSSD0414,249.03,"{'min': 27.93199920654297, 'max': 31.040000915527344, 'mean': 29.58533599411232, 'count': 69, 'sum': 2041.38818359375, 'median': 29.483333587646484}","(79.30969398300005, 18.526543618000062, 79.49350302700003, 18.70415850100005)",30-11-2023.geojson,Peddapalli,,,,,
Mahabubabad,TSSD0415,111.61,"{'min': 29.39666748046875, 'max': 31.476667404174805, 'mean': 30.345222981770835, 'count': 30, 'sum': 910.356689453125, 'median': 30.275554656982422}","(79.51263601700003, 17.490564388000053, 79.63852224900006, 17.619982297000035)",30-11-2023.geojson,Peddavangara,,,,,
Nalgonda,TSSD0416,289.57,"{'min': 27.652856826782227, 'max': 33.18333435058594, 'mean': 31.084688260957794, 'count': 77, 'sum': 2393.52099609375, 'median': 30.98714256286621}","(79.13353438500008, 16.575213949000045, 79.36044542900004, 16.832719401000077)",30-11-2023.geojson,Peddavoora,,,,,
Vikarabad,TSSD0417,240.11,"{'min': 28.176666259765625, 'max': 32.25666809082031, 'mean': 30.473534368699596, 'count': 62, 'sum': 1889.359130859375, 'median': 30.378459930419922}","(77.51261111400004, 17.261553169000024, 77.72573047400004, 17.456603014000052)",30-11-2023.geojson,Peddemul,,,,,
Jagtial,TSSD0418,131.5,"{'min': 26.98230743408203, 'max': 30.61222267150879, 'mean': 29.145514993106616, 'count': 34, 'sum': 990.947509765625, 'median': 29.059743881225586}","(79.00313586800007, 18.638171251000074, 79.13566837800005, 18.76691388300003)",30-11-2023.geojson,Pegadapalli,,,,,
Nirmal,TSSD0419,315.89,"{'min': 26.361249923706055, 'max': 30.662307739257812, 'mean': 28.012454044117646, 'count': 85, 'sum': 2381.05859375, 'median': 27.694000244140625}","(78.48200096200003, 19.08543736100006, 78.72744941700006, 19.317058780000025)",30-11-2023.geojson,Pembi,,,,,
Kumurambheem Asifabad,TSSD0420,209.6,"{'min': 26.747333526611328, 'max': 30.91705894470215, 'mean': 28.795569283621653, 'count': 56, 'sum': 1612.5518798828125, 'median': 28.882740020751953}","(79.66386794600004, 19.199781307000023, 79.94222848200008, 19.367035272000066)",30-11-2023.geojson,Penchikalpet,,,,,
Suryapet,TSSD0421,190.1,"{'min': 27.56999969482422, 'max': 30.76714324951172, 'mean': 29.615705901501226, 'count': 51, 'sum': 1510.4010009765625, 'median': 29.643333435058594}","(79.59300492900007, 16.958133916000065, 79.81245856700008, 17.09085837200007)",30-11-2023.geojson,Penpahad,,,,,
Nagarkurnool,TSSD0422,100.6,"{'min': 31.06833267211914, 'max': 34.0, 'mean': 32.42962369051847, 'count': 22, 'sum': 713.4517211914062, 'median': 32.21513748168945}","(78.18107699600006, 16.00532167600005, 78.32316639500004, 16.139543263000064)",30-11-2023.geojson,Pentlavelli,,,,,
Khammam,TSSD0423,273.41,"{'min': 27.71500015258789, 'max': 30.885000228881836, 'mean': 29.276875813802082, 'count': 72, 'sum': 2107.93505859375, 'median': 29.281389236450195}","(80.59580834400003, 17.100783087000025, 80.77536110100004, 17.320991373000027)",30-11-2023.geojson,Penuballi,,,,,
Bhadradri Kothagudem,TSSD0424,237.05,"{'min': 25.417272567749023, 'max': 32.11153793334961, 'mean': 28.98381535456731, 'count': 65, 'sum': 1883.947998046875, 'median': 29.105384826660156}","(80.60213672700007, 17.921962273000076, 80.77371604900003, 18.158406092000064)",30-11-2023.geojson,Pinapaka,,,,,
Vikarabad,TSSD0425,206.05,"{'min': 28.75181770324707, 'max': 31.989999771118164, 'mean': 30.18511284722222, 'count': 54, 'sum': 1629.99609375, 'median': 30.124744415283203}","(77.89676249700005, 17.131204728000057, 78.06049801700004, 17.32409672800003)",30-11-2023.geojson,Pudur,,,,,
Sangareddy,TSSD0426,148.67,"{'min': 23.904666900634766, 'max': 30.77166748046875, 'mean': 28.279910278320312, 'count': 40, 'sum': 1131.1964111328125, 'median': 28.731616973876953}","(77.90516574499998, 17.65983009000007, 78.07454656600015, 17.812841045000027)",30-11-2023.geojson,Pulkal,,,,,
Medchal_Malkajgiri,TSSD0427,43.97,"{'min': 29.934999465942383, 'max': 31.950000762939453, 'mean': 30.987139892578124, 'count': 10, 'sum': 309.87139892578125, 'median': 31.170000076293945}","(78.38920413800008, 17.480972, 78.50036789700005, 17.561433864000037)",30-11-2023.geojson,Quthbullapur,,,,,
Khammam,TSSD0428,192.3,"{'min': 27.546363830566406, 'max': 31.40333366394043, 'mean': 29.3609375, 'count': 50, 'sum': 1468.046875, 'median': 29.323333740234375}","(80.13318105300004, 17.232712673000037, 80.34275288000003, 17.401110535000043)",30-11-2023.geojson,Raghunadhapalem,,,,,
Jangoan,TSSD0429,251.68,"{'min': 28.274999618530273, 'max': 32.567779541015625, 'mean': 31.053091476212686, 'count': 67, 'sum': 2080.55712890625, 'median': 31.232500076293945}","(79.17884629500008, 17.67337913600005, 79.37330906100004, 17.858329210000022)",30-11-2023.geojson,Ragunathpally,,,,,
Jagtial,TSSD0430,266.42,"{'min': 26.243846893310547, 'max': 30.959999084472656, 'mean': 29.08148284456623, 'count': 67, 'sum': 1948.4593505859375, 'median': 29.10272789001465}","(78.72887764300003, 18.831214958000032, 78.93391600400008, 19.071133686000053)",30-11-2023.geojson,Raikal,,,,,
Sangareddy,TSSD0431,223.22,"{'min': 24.832666397094727, 'max': 31.678333282470703, 'mean': 28.81499191810345, 'count': 58, 'sum': 1671.26953125, 'median': 29.226428985595703}","(77.66777327100004, 17.76655052700005, 77.88238395400003, 17.93163760300007)",30-11-2023.geojson,Raikode,,,,,
Warangal_Rural,TSSD0432,219.17,"{'min': 28.031818389892578, 'max': 32.1077766418457, 'mean': 30.457027180989584, 'count': 60, 'sum': 1827.421630859375, 'median': 30.561222076416016}","(79.48142998600008, 17.619651097000144, 79.69554202900008, 17.76142627300004)",30-11-2023.geojson,Raiparthy,,,,,
Siddipet,TSSD0433,104.17,"{'min': 28.285999298095703, 'max': 30.670000076293945, 'mean': 29.44805487271013, 'count': 29, 'sum': 853.9935913085938, 'median': 29.46555519104004}","(78.55726942800004, 17.83236618500007, 78.68891396900005, 17.985113187000024)",30-11-2023.geojson,Raipole,,,,,
Kamareddy,TSSD0434,126.93,"{'min': 28.06999969482422, 'max': 32.11600112915039, 'mean': 30.382259593290442, 'count': 34, 'sum': 1032.996826171875, 'median': 30.235576629638672}","(78.21768245400006, 18.146799025000064, 78.37609676800008, 18.26765991900004)",30-11-2023.geojson,Rajampet,,,,,
Yadadri Bhuvanagiri,TSSD0435,197.22,"{'min': 29.421112060546875, 'max': 31.907499313354492, 'mean': 30.996596978635203, 'count': 49, 'sum': 1518.833251953125, 'median': 31.036666870117188}","(78.85825081100006, 17.654937046000043, 79.01597518100004, 17.812669696000057)",30-11-2023.geojson,Rajapeta,,,,,
Mahabubnagar,TSSD0436,125.06,"{'min': 30.47222137451172, 'max': 33.43000030517578, 'mean': 32.09325812844669, 'count': 34, 'sum': 1091.1707763671875, 'median': 32.109249114990234}","(78.07616216600007, 16.827293433000023, 78.23953804100006, 16.936410312000078)",30-11-2023.geojson,Rajapur,,,,,
Rangareddy,TSSD0437,48.26,"{'min': 26.917999267578125, 'max': 31.16200065612793, 'mean': 29.609928385416666, 'count': 15, 'sum': 444.14892578125, 'median': 29.738000869750977}","(78.37469952800006, 17.27932147300004, 78.46010745500007, 17.37208799600006)",30-11-2023.geojson,Rajendranagar,,,,,
Jogulamba Gadwal,TSSD0438,129.05,"{'min': 28.784286499023438, 'max': 32.51499938964844, 'mean': 30.70163143382353, 'count': 34, 'sum': 1043.85546875, 'median': 30.59027862548828}","(77.64468695100004, 15.874725880000028, 77.86920549500007, 15.955733610000038)",30-11-2023.geojson,Rajoli,,,,,
Sangareddy,TSSD0439,76.01,"{'min': 28.327499389648438, 'max': 29.97249984741211, 'mean': 29.191650390625, 'count': 19, 'sum': 554.641357421875, 'median': 29.16111183166504}","(78.20639802000005, 17.42785604100004, 78.31670013100006, 17.529947374000074)",30-11-2023.geojson,Ramachandrapuram,,,,,
Karimnagar,TSSD0440,134.02,"{'min': 27.50111198425293, 'max': 31.790000915527344, 'mean': 30.210594383445947, 'count': 37, 'sum': 1117.7919921875, 'median': 30.408000946044922}","(79.02101613600007, 18.468415441000047, 79.13300998100004, 18.662426753000034)",30-11-2023.geojson,Ramadugu,,,,,
Peddapalli,TSSD0441,174.25,"{'min': 26.813636779785156, 'max': 33.2239990234375, 'mean': 29.679942737926137, 'count': 44, 'sum': 1305.91748046875, 'median': 29.34288787841797}","(79.49644329500006, 18.537401654000064, 79.64857378700003, 18.777236066000057)",30-11-2023.geojson,Ramagiri,,,,,
Peddapalli,TSSD0442,113.66,"{'min': 28.414615631103516, 'max': 32.66999816894531, 'mean': 29.64827408329133, 'count': 31, 'sum': 919.0964965820312, 'median': 29.492000579833984}","(79.41357231200004, 18.674221571000032, 79.54617280200006, 18.82875034600005)",30-11-2023.geojson,Ramagundam,,,,,
Yadadri Bhuvanagiri,TSSD0443,229.79,"{'min': 29.781110763549805, 'max': 33.31285858154297, 'mean': 31.696089680989584, 'count': 60, 'sum': 1901.765380859375, 'median': 31.721073150634766}","(78.98814184100007, 17.24503517000005, 79.25341493800005, 17.371267423000063)",30-11-2023.geojson,Ramannapet,,,,,
Kamareddy,TSSD0444,168.07,"{'min': 26.931537628173828, 'max': 30.87363624572754, 'mean': 29.26975835755814, 'count': 43, 'sum': 1258.599609375, 'median': 29.59666633605957}","(78.30521243600003, 18.353492533000065, 78.49228659800008, 18.483468182000024)",30-11-2023.geojson,Ramareddy,,,,,
Medak,TSSD0445,151.12,"{'min': 28.299999237060547, 'max': 31.3266658782959, 'mean': 29.684889051649307, 'count': 36, 'sum': 1068.656005859375, 'median': 29.67711639404297}","(78.30425113600006, 18.0235726680001, 78.52133388100003, 18.202632038000047)",30-11-2023.geojson,Ramayampet,,,,,
Kumurambheem Asifabad,TSSD0446,259.91,"{'min': 27.466922760009766, 'max': 31.395000457763672, 'mean': 29.74137486049107, 'count': 70, 'sum': 2081.896240234375, 'median': 29.902568817138672}","(79.32166087900004, 19.178187793000063, 79.54911338400007, 19.34967844600004)",30-11-2023.geojson,Rebbena,,,,,
Medak,TSSD0447,80.04,"{'min': 28.573999404907227, 'max': 31.6733341217041, 'mean': 30.37662353515625, 'count': 20, 'sum': 607.532470703125, 'median': 30.216758728027344}","(77.79480732300004, 17.899738504000027, 77.90762447000003, 18.02227582200004)",30-11-2023.geojson,Regode,,,,,
Jayashankar Bhupalpally,TSSD0448,230.7,"{'min': 28.313636779785156, 'max': 30.43181800842285, 'mean': 29.140432584083687, 'count': 59, 'sum': 1719.2855224609375, 'median': 29.1733341217041}","(79.69264018100006, 18.156703452000045, 79.86309632500007, 18.338586973000076)",30-11-2023.geojson,Regonda,,,,,
Nizamabad,TSSD0449,113.22,"{'min': 30.956153869628906, 'max': 33.592857360839844, 'mean': 32.200439453125, 'count': 30, 'sum': 966.01318359375, 'median': 32.14661407470703}","(77.86138268200006, 18.703789855000025, 78.00478559000004, 18.827805693000073)",30-11-2023.geojson,Renjal,,,,,
Wanaparthy,TSSD0450,123.03,"{'min': 29.5674991607666, 'max': 31.667499542236328, 'mean': 30.649848489200366, 'count': 34, 'sum': 1042.0948486328125, 'median': 30.60416603088379}","(78.18099529600005, 16.28925188900007, 78.31347526600007, 16.41654954300003)",30-11-2023.geojson,Revally,,,,,
Rajanna Sircilla,TSSD0451,102.53,"{'min': 26.437273025512695, 'max': 30.35909080505371, 'mean': 28.70086200420673, 'count': 26, 'sum': 746.222412109375, 'median': 28.881668090820312}","(78.58056651000004, 18.58307069400007, 78.73259018200008, 18.69041016700004)",30-11-2023.geojson,Rudrangi,,,,,
Nizamabad,TSSD0452,49.47,"{'min': 30.359230041503906, 'max': 33.737144470214844, 'mean': 32.016552734375, 'count': 15, 'sum': 480.248291015625, 'median': 31.918333053588867}","(77.83311309200008, 18.52944754200007, 77.90865557200004, 18.627816633000066)",30-11-2023.geojson,Rudrur,,,,,
Kamareddy,TSSD0453,196.13,"{'min': 27.226667404174805, 'max': 32.59727096557617, 'mean': 30.41992878464033, 'count': 53, 'sum': 1612.2562255859375, 'median': 30.59857177734375}","(78.13861896100008, 18.353770851000036, 78.32975145300009, 18.507260761000055)",30-11-2023.geojson,Sadashivnagar,,,,,
Sangareddy,TSSD0454,248.56,"{'min': 26.88857078552246, 'max': 31.5715389251709, 'mean': 29.775921989889707, 'count': 68, 'sum': 2024.7626953125, 'median': 29.94818115234375}","(77.85634040500008, 17.56144371700003, 78.05470115400004, 17.744826153000076)",30-11-2023.geojson,Sadasivpet,,,,,
Hyderabad,TSSD0455,4.44,"{'min': 31.954444885253906, 'max': 31.954444885253906, 'mean': 31.954444885253906, 'count': 1, 'sum': 31.954444885253906, 'median': 31.954444885253906}","(78.49666183500005, 17.34852849400005, 78.52105110000008, 17.37992626500005)",30-11-2023.geojson,Saidabad,,,,,
Sangareddy,TSSD0456,85.0,"{'min': 26.101999282836914, 'max': 30.00111198425293, 'mean': 28.764064243861608, 'count': 21, 'sum': 604.0453491210938, 'median': 29.173999786376953}","(78.04085741600005, 17.553553519000047, 78.16506055600007, 17.67324188400005)",30-11-2023.geojson,Sangareddy,,,,,
Warangal_Rural,TSSD0457,147.68,"{'min': 26.501667022705078, 'max': 31.325000762939453, 'mean': 29.588234349300986, 'count': 38, 'sum': 1124.3529052734375, 'median': 29.642749786376953}","(79.62671724200004, 17.820931420000022, 79.79112790100004, 17.944659224000077)",30-11-2023.geojson,Sangem,,,,,
Jagtial,TSSD0458,143.97,"{'min': 26.305383682250977, 'max': 30.501667022705078, 'mean': 28.339087509527438, 'count': 41, 'sum': 1161.902587890625, 'median': 28.408571243286133}","(78.88862723900007, 18.84957074600004, 79.01218592200007, 19.00894877500002)",30-11-2023.geojson,Sarangapur,,,,,
Nirmal,TSSD0459,255.36,"{'min': 28.270000457763672, 'max': 32.217498779296875, 'mean': 30.12707889441288, 'count': 66, 'sum': 1988.38720703125, 'median': 30.161582946777344}","(78.17542674100008, 19.119711206000034, 78.37414495300004, 19.317393956000046)",30-11-2023.geojson,Sarangapur,,,,,
Khammam,TSSD0460,285.22,"{'min': 26.480667114257812, 'max': 32.935455322265625, 'mean': 29.46336887307363, 'count': 73, 'sum': 2150.825927734375, 'median': 29.599231719970703}","(80.75683769000005, 17.117241266000065, 80.92560532200008, 17.37735310100004)",30-11-2023.geojson,Sathupally,,,,,
Hyderabad,TSSD0461,3.33,"{'min': 29.561111450195312, 'max': 29.561111450195312, 'mean': 29.561111450195312, 'count': 1, 'sum': 29.561111450195312, 'median': 29.561111450195312}","(78.46963204300005, 17.426530425000067, 78.49977880800003, 17.44386382500005)",30-11-2023.geojson,Secunderabad,,,,,
Rangareddy,TSSD0462,96.56,"{'min': 27.887500762939453, 'max': 30.404285430908203, 'mean': 29.32470921107701, 'count': 28, 'sum': 821.0918579101562, 'median': 29.440000534057617}","(78.27172464700004, 17.409225719000062, 78.40724610200004, 17.522654105000072)",30-11-2023.geojson,Serilingampalle,,,,,
Rangareddy,TSSD0463,232.51,"{'min': 28.594999313354492, 'max': 32.71181869506836, 'mean': 30.570651350350214, 'count': 58, 'sum': 1773.0977783203125, 'median': 30.60727310180664}","(78.04592706400007, 17.084200252000073, 78.25929582200007, 17.259301650000054)",30-11-2023.geojson,Shabad,,,,,
Hyderabad,TSSD0464,23.35,"{'min': 29.16111183166504, 'max': 30.4375, 'mean': 29.929290771484375, 'count': 6, 'sum': 179.57574462890625, 'median': 29.908571243286133}","(78.38838433400008, 17.386491415000023, 78.45185860300006, 17.441244402000052)",30-11-2023.geojson,Shaikpet,,,,,
Nalgonda,TSSD0465,228.95,"{'min': 27.290000915527344, 'max': 32.998573303222656, 'mean': 30.592897542317708, 'count': 60, 'sum': 1835.5738525390625, 'median': 30.447172164916992}","(79.28719940500008, 17.21166416600005, 79.50079969900008, 17.35925323300006)",30-11-2023.geojson,Shaligouraram,,,,,
Medchal_Malkajgiri,TSSD0466,150.73,"{'min': 28.343334197998047, 'max': 30.979999542236328, 'mean': 29.9634033203125, 'count': 40, 'sum': 1198.5361328125, 'median': 30.115694046020508}","(78.49393641100005, 17.536372458000073, 78.65615437000014, 17.695841263000034)",30-11-2023.geojson,Shamirpet,,,,,
Rangareddy,TSSD0467,199.4,"{'min': 28.238000869750977, 'max': 31.899999618530273, 'mean': 30.445411095252403, 'count': 52, 'sum': 1583.161376953125, 'median': 30.534181594848633}","(78.23263628200004, 17.145048406000058, 78.43688465000008, 17.322722112000065)",30-11-2023.geojson,Shamshabad,,,,,
Medak,TSSD0468,142.04,"{'min': 24.709999084472656, 'max': 30.862857818603516, 'mean': 29.40743857935855, 'count': 38, 'sum': 1117.482666015625, 'median': 30.002582550048828}","(77.85211008600004, 17.994571649000022, 78.00442992900008, 18.123550200000068)",30-11-2023.geojson,Shankarampet_A,,,,,
Karimnagar,TSSD0469,144.28,"{'min': 30.018888473510742, 'max': 33.17333221435547, 'mean': 31.879632568359376, 'count': 40, 'sum': 1275.185302734375, 'median': 31.963748931884766}","(79.25766646100004, 18.226704529000074, 79.40468523700008, 18.368117502000075)",30-11-2023.geojson,Shankarapatnam,,,,,
Rangareddy,TSSD0470,210.66,"{'min': 27.58818244934082, 'max': 31.097999572753906, 'mean': 29.664794921875, 'count': 59, 'sum': 1750.222900390625, 'median': 29.834444046020508}","(78.03518070400008, 17.36271017200005, 78.28884776000007, 17.519074225000054)",30-11-2023.geojson,Shankarpalle,,,,,
Warangal_Rural,TSSD0471,116.47,"{'min': 27.011537551879883, 'max': 30.07200050354004, 'mean': 28.526775360107422, 'count': 32, 'sum': 912.8568115234375, 'median': 28.47333335876465}","(79.65749409800003, 18.09115618000004, 79.85468848500005, 18.192367870000055)",30-11-2023.geojson,Shayampet,,,,,
Medak,TSSD0472,193.23,"{'min': 28.327777862548828, 'max': 31.125, 'mean': 29.662679866868622, 'count': 49, 'sum': 1453.4713134765625, 'median': 29.663333892822266}","(78.29506747900007, 17.69907432800005, 78.44788785400004, 17.878551977000086)",30-11-2023.geojson,Shivampet,,,,,
Siddipet,TSSD0473,112.6,"{'min': 29.29599952697754, 'max': 30.875, 'mean': 29.95121329171317, 'count': 28, 'sum': 838.6339721679688, 'median': 29.90250015258789}","(78.71740480300008, 18.05814766800006, 78.82931055600005, 18.221303904000138)",30-11-2023.geojson,Siddipet_Rural,,,,,
Siddipet,TSSD0474,140.55,"{'min': 29.137500762939453, 'max': 31.584999084472656, 'mean': 30.540523952907986, 'count': 36, 'sum': 1099.4588623046875, 'median': 30.8125}","(78.77407040900005, 18.036517040000035, 78.93338480300008, 18.152979642000048)",30-11-2023.geojson,Siddipet_Urban,,,,,
Khammam,TSSD0475,248.58,"{'min': 27.63888931274414, 'max': 29.65999984741211, 'mean': 28.79949951171875, 'count': 64, 'sum': 1843.16796875, 'median': 28.806060791015625}","(80.19501777600004, 17.426341041000057, 80.47158959500007, 17.577896090000024)",30-11-2023.geojson,Singareni,,,,,
Rajanna Sircilla,TSSD0476,53.12,"{'min': 29.11888885498047, 'max': 31.20599937438965, 'mean': 30.163526262555802, 'count': 14, 'sum': 422.28936767578125, 'median': 30.095001220703125}","(78.74143609700008, 18.35280534900005, 78.85232997100007, 18.43330245100003)",30-11-2023.geojson,Sircilla,,,,,
Sangareddy,TSSD0477,119.81,"{'min': 28.40571403503418, 'max': 34.339229583740234, 'mean': 31.346101888020833, 'count': 30, 'sum': 940.383056640625, 'median': 31.24307632446289}","(77.63761782900008, 18.101238527000078, 77.80019010900008, 18.20600259400004)",30-11-2023.geojson,Sirgapoor,,,,,
Adilabad,TSSD0478,202.11,"{'min': 27.231250762939453, 'max': 31.798749923706055, 'mean': 30.292030617042823, 'count': 54, 'sum': 1635.7696533203125, 'median': 30.63716697692871}","(78.50741267300003, 19.29955482500003, 78.69361824700007, 19.472598296000115)",30-11-2023.geojson,Sirikonda,,,,,
Nizamabad,TSSD0479,334.45,"{'min': 25.85909080505371, 'max': 31.71666717529297, 'mean': 29.173694957386363, 'count': 88, 'sum': 2567.28515625, 'median': 29.0078182220459}","(78.38760279100006, 18.43949633400007, 78.61969949700006, 18.654543137000076)",30-11-2023.geojson,Sirikonda,,,,,
Kumurambheem Asifabad,TSSD0480,336.55,"{'min': 26.922500610351562, 'max': 30.747777938842773, 'mean': 29.13178199945494, 'count': 86, 'sum': 2505.333251953125, 'median': 29.19823455810547}","(79.45414155100008, 19.378014544000052, 79.70518129200008, 19.576127453000026)",30-11-2023.geojson,Sirpur_T,,,,,
Kumurambheem Asifabad,TSSD0481,188.92,"{'min': 26.29400062561035, 'max': 31.687334060668945, 'mean': 29.945400390625, 'count': 50, 'sum': 1497.27001953125, 'median': 30.135417938232422}","(78.86004844600006, 19.270764704000044, 79.06911914200003, 19.420337200000063)",30-11-2023.geojson,Sirpur_U,,,,,
Nirmal,TSSD0482,83.77,"{'min': 24.579999923706055, 'max': 30.468570709228516, 'mean': 28.196431477864582, 'count': 21, 'sum': 592.1250610351562, 'median': 28.902856826782227}","(78.27684201200003, 18.95122860600003, 78.41145082100007, 19.069772912000076)",30-11-2023.geojson,Soan,,,,,
Peddapalli,TSSD0483,188.77,"{'min': 28.632856369018555, 'max': 32.198890686035156, 'mean': 30.28988826976103, 'count': 51, 'sum': 1544.7843017578125, 'median': 30.35333251953125}","(79.43915173000005, 18.412581072000023, 79.59585151700009, 18.604812498000058)",30-11-2023.geojson,Srirampur,,,,,
Wanaparthy,TSSD0484,78.54,"{'min': 27.621999740600586, 'max': 31.00111198425293, 'mean': 29.056005859375, 'count': 20, 'sum': 581.1201171875, 'median': 29.101110458374023}","(77.99102928900004, 16.130406421000032, 78.08846242100003, 16.26036345500006)",30-11-2023.geojson,Srirangapur,,,,,
Bhadradri Kothagudem,TSSD0485,105.54,"{'min': 28.59166717529297, 'max': 29.864999771118164, 'mean': 29.338169642857142, 'count': 28, 'sum': 821.46875, 'median': 29.45761489868164}","(80.48722315900005, 17.43343624000005, 80.65641156200007, 17.547570692000022)",30-11-2023.geojson,Sujathanagar,,,,,
Peddapalli,TSSD0486,165.88,"{'min': 28.829999923706055, 'max': 32.932220458984375, 'mean': 30.84663807262074, 'count': 44, 'sum': 1357.2520751953125, 'median': 31.033571243286133}","(79.21551160500007, 18.440055271000062, 79.39913112200009, 18.60634948300003)",30-11-2023.geojson,Sultanabad,,,,,
Suryapet,TSSD0487,218.55,"{'min': 26.332000732421875, 'max': 32.0957145690918, 'mean': 30.675537109375, 'count': 57, 'sum': 1748.505615234375, 'median': 31.06999969482422}","(79.49048435600008, 17.06180805200006, 79.66976062200007, 17.28486849600006)",30-11-2023.geojson,Suryapet,,,,,
Nagarkurnool,TSSD0488,226.32,"{'min': 30.447500228881836, 'max': 33.18000030517578, 'mean': 31.857307680191532, 'count': 62, 'sum': 1975.153076171875, 'median': 31.871112823486328}","(78.26727079000005, 16.49459693400007, 78.45711110600007, 16.688643456000023)",30-11-2023.geojson,Tadoor,,,,,
Mulugu,TSSD0489,839.17,"{'min': 25.05714225769043, 'max': 29.563846588134766, 'mean': 26.916548702694953, 'count': 218, 'sum': 5867.8076171875, 'median': 26.885000228881836}","(80.10419615200004, 17.996319820000053, 80.48000297700008, 18.393553888000042)",30-11-2023.geojson,Tadvai (Sammakka Sarakka),,,,,
Kamareddy,TSSD0490,177.12,"{'min': 27.393077850341797, 'max': 32.47571563720703, 'mean': 30.94294381648936, 'count': 47, 'sum': 1454.318359375, 'median': 30.986923217773438}","(78.15208823200004, 18.213409773000024, 78.30662145900004, 18.383527335000053)",30-11-2023.geojson,Tadwai,,,,,
Rangareddy,TSSD0491,245.69,"{'min': 29.445554733276367, 'max': 32.137271881103516, 'mean': 30.82576867305871, 'count': 66, 'sum': 2034.500732421875, 'median': 30.858455657958984}","(78.32295389600006, 16.777295856000023, 78.50523085400005, 16.961749273000066)",30-11-2023.geojson,Talakondapally,,,,,
Adilabad,TSSD0492,285.66,"{'min': 26.792667388916016, 'max': 30.10333251953125, 'mean': 28.983217985733695, 'count': 69, 'sum': 1999.842041015625, 'median': 29.21666717529297}","(78.26295216300008, 19.53761522600007, 78.49682900700003, 19.716183126000033)",30-11-2023.geojson,Talamadugu,,,,,
Adilabad,TSSD0493,97.7,"{'min': 28.431428909301758, 'max': 32.257999420166016, 'mean': 30.187504521122687, 'count': 27, 'sum': 815.0626220703125, 'median': 30.13800048828125}","(78.33972411600007, 19.63174893000007, 78.51576933100006, 19.752904132000026)",30-11-2023.geojson,Tamsi,,,,,
Mancherial,TSSD0494,177.0,"{'min': 26.889999389648438, 'max': 30.613529205322266, 'mean': 28.948388671875, 'count': 50, 'sum': 1447.41943359375, 'median': 28.97357177734375}","(79.32361030500005, 19.082851204000065, 79.57052485400004, 19.226889392000032)",30-11-2023.geojson,Tandur,,,,,
Vikarabad,TSSD0495,240.33,"{'min': 28.288333892822266, 'max': 31.77833366394043, 'mean': 30.224708557128906, 'count': 64, 'sum': 1934.38134765625, 'median': 30.28333282470703}","(77.43695612500005, 17.209464535000052, 77.67739970400004, 17.402500187000044)",30-11-2023.geojson,Tandur,,,,,
Nirmal,TSSD0496,217.5,"{'min': 31.641427993774414, 'max': 35.933998107910156, 'mean': 33.23484672934322, 'count': 59, 'sum': 1960.85595703125, 'median': 32.630001068115234}","(77.76173454100007, 18.90445741800005, 77.90387245800008, 19.155003113000078)",30-11-2023.geojson,Tanoor,,,,,
Medak,TSSD0497,138.61,"{'min': 29.0, 'max': 30.68666648864746, 'mean': 29.80803158408717, 'count': 38, 'sum': 1132.7052001953125, 'median': 29.795000076293945}","(77.96914892900008, 17.877695860000074, 78.09576951400004, 18.071839029000046)",30-11-2023.geojson,Tekmal,,,,,
Bhadradri Kothagudem,TSSD0498,467.77,"{'min': 26.786666870117188, 'max': 31.038888931274414, 'mean': 29.29404136782787, 'count': 122, 'sum': 3573.873046875, 'median': 29.329090118408203}","(80.37730808200007, 17.508099650000077, 80.62125353800008, 17.765024521000043)",30-11-2023.geojson,Tekulapalle,,,,,
Jayashankar Bhupalpally,TSSD0499,105.62,"{'min': 29.517499923706055, 'max': 32.47181701660156, 'mean': 30.518722534179688, 'count': 28, 'sum': 854.5242309570312, 'median': 30.26485824584961}","(79.56830471500007, 18.351151408000078, 79.68021060700005, 18.481462286000067)",30-11-2023.geojson,Tekumatla,,,,,
Nagarkurnool,TSSD0500,246.35,"{'min': 30.261110305786133, 'max': 33.915000915527344, 'mean': 31.906105041503906, 'count': 64, 'sum': 2041.99072265625, 'median': 31.835277557373047}","(78.34696131600003, 16.292821352000033, 78.51629761100008, 16.523862474000055)",30-11-2023.geojson,Telkapalle,,,,,
Khammam,TSSD0501,201.36,"{'min': 27.171539306640625, 'max': 31.09000015258789, 'mean': 29.065759047022407, 'count': 53, 'sum': 1540.4852294921875, 'median': 29.101110458374023}","(80.37659267100008, 17.090031495000062, 80.51879083800003, 17.305187707000073)",30-11-2023.geojson,Thallada,,,,,
Rajanna Sircilla,TSSD0502,188.9,"{'min': 25.75749969482422, 'max': 31.957500457763672, 'mean': 30.29296405498798, 'count': 52, 'sum': 1575.234130859375, 'median': 30.614545822143555}","(78.72705830300004, 18.25399247500019, 78.94322523800008, 18.414849795000066)",30-11-2023.geojson,Thangallapalli,,,,,
Jangoan,TSSD0503,85.48,"{'min': 28.683332443237305, 'max': 30.790000915527344, 'mean': 29.890189034598215, 'count': 21, 'sum': 627.6939697265625, 'median': 29.96500015258789}","(79.11661335800005, 17.901698373000045, 79.23410722300008, 17.998869741000078)",30-11-2023.geojson,Tharigoppula,,,,,
Nagarkurnool,TSSD0504,211.8,"{'min': 29.75181770324707, 'max': 33.04249954223633, 'mean': 31.333054927357455, 'count': 57, 'sum': 1785.984130859375, 'median': 31.354000091552734}","(78.12774301200005, 16.58719177000006, 78.30066679700008, 16.739122914000063)",30-11-2023.geojson,Thimmajipeta,,,,,
Karimnagar,TSSD0505,159.28,"{'min': 25.90999984741211, 'max': 32.597999572753906, 'mean': 30.510021121002907, 'count': 43, 'sum': 1311.930908203125, 'median': 31.102500915527344}","(79.10148313700006, 18.256739006000032, 79.27138762700008, 18.42426985000003)",30-11-2023.geojson,Thimmapur,,,,,
Siddipet,TSSD0506,163.65,"{'min': 26.952499389648438, 'max': 31.422500610351562, 'mean': 29.187568996263586, 'count': 46, 'sum': 1342.628173828125, 'median': 29.405555725097656}","(78.64082299900008, 17.935194339000077, 78.80609777400008, 18.103813367000043)",30-11-2023.geojson,Thoguta,,,,,
Mahabubabad,TSSD0507,190.94,"{'min': 28.510000228881836, 'max': 31.172222137451172, 'mean': 29.92943827311198, 'count': 48, 'sum': 1436.613037109375, 'median': 29.95805549621582}","(79.57724589900005, 17.48583601000007, 79.73451208900008, 17.685591776000024)",30-11-2023.geojson,Thorrur,,,,,
Suryapet,TSSD0508,155.64,"{'min': 29.163333892822266, 'max': 31.35285758972168, 'mean': 30.10068245821221, 'count': 43, 'sum': 1294.329345703125, 'median': 30.04142951965332}","(79.53306376300003, 17.336875194000072, 79.65698014400004, 17.505487876000075)",30-11-2023.geojson,Thungathurthy,,,,,
Nalgonda,TSSD0509,191.03,"{'min': 29.446666717529297, 'max': 32.56142807006836, 'mean': 31.234111711090687, 'count': 51, 'sum': 1592.939697265625, 'median': 31.20142936706543}","(79.30130099300004, 16.962640196000052, 79.50775880800006, 17.107243536000055)",30-11-2023.geojson,Tipparthy,,,,,
Suryapet,TSSD0510,133.14,"{'min': 29.962499618530273, 'max': 31.892499923706055, 'mean': 31.084012276785714, 'count': 35, 'sum': 1087.9404296875, 'median': 31.09749984741211}","(79.36516547400004, 17.434097946000065, 79.57840336100008, 17.524158415000045)",30-11-2023.geojson,Tirumalagiri,,,,,
Nalgonda,TSSD0511,252.04,"{'min': 28.649999618530273, 'max': 32.41285705566406, 'mean': 30.34522986778846, 'count': 65, 'sum': 1972.43994140625, 'median': 30.338571548461914}","(79.26163271700005, 16.580070085000045, 79.46872681600007, 16.764696361000063)",30-11-2023.geojson,Tirumalagiri_Sagar,,,,,
Khammam,TSSD0512,235.92,"{'min': 28.247499465942383, 'max': 30.1299991607666, 'mean': 29.24596974206349, 'count': 63, 'sum': 1842.49609375, 'median': 29.219999313354492}","(79.80212475200005, 17.26260219900007, 80.05769935000006, 17.405974666000077)",30-11-2023.geojson,Tirumalayapalem,,,,,
Hyderabad,TSSD0513,13.97,"{'min': 30.147777557373047, 'max': 30.921112060546875, 'mean': 30.58680534362793, 'count': 4, 'sum': 122.34722137451172, 'median': 30.63916778564453}","(78.46457994100007, 17.44383310300003, 78.51669244400006, 17.484285331000024)",30-11-2023.geojson,Tirumalgiri,,,,,
Kumurambheem Asifabad,TSSD0514,581.75,"{'min': 25.88857078552246, 'max': 31.30066680908203, 'mean': 28.215781763980264, 'count': 152, 'sum': 4288.798828125, 'median': 28.142932891845703}","(79.03492001100005, 19.050559607000025, 79.39561347700004, 19.31944793300005)",30-11-2023.geojson,Tiryani,,,,,
Nalgonda,TSSD0515,161.12,"{'min': 28.6875, 'max': 32.314998626708984, 'mean': 30.45196533203125, 'count': 40, 'sum': 1218.07861328125, 'median': 30.12033462524414}","(79.38610741200006, 16.71370968100007, 79.55776053800008, 16.93653709800003)",30-11-2023.geojson,Tripuraram,,,,,
Yadadri Bhuvanagiri,TSSD0516,188.2,"{'min': 28.927778244018555, 'max': 31.899999618530273, 'mean': 30.791762131911057, 'count': 52, 'sum': 1601.171630859375, 'median': 30.83361053466797}","(78.73050890600007, 17.570452835000026, 78.89834246500004, 17.752589976000024)",30-11-2023.geojson,Turkapalle_M,,,,,
Jogulamba Gadwal,TSSD0517,170.36,"{'min': 31.79222297668457, 'max': 37.287498474121094, 'mean': 34.49618459302326, 'count': 43, 'sum': 1483.3359375, 'median': 34.290000915527344}","(77.88159823500007, 15.863581044000057, 78.08622663000006, 16.053428277000023)",30-11-2023.geojson,Undavelly,,,,,
Medchal_Malkajgiri,TSSD0518,52.14,"{'min': 29.834999084472656, 'max': 31.427778244018555, 'mean': 30.59209500826322, 'count': 13, 'sum': 397.6972351074219, 'median': 30.621110916137695}","(78.51557767600008, 17.36244841100006, 78.59239104200003, 17.472398036000072)",30-11-2023.geojson,Uppal,,,,,
Nagarkurnool,TSSD0519,220.67,"{'min': 29.38249969482422, 'max': 34.442501068115234, 'mean': 32.51574086334746, 'count': 59, 'sum': 1918.4287109375, 'median': 32.380001068115234}","(78.49480188900003, 16.427307790000043, 78.78066858400007, 16.540239662000033)",30-11-2023.geojson,Uppunuthala,,,,,
Nagarkurnool,TSSD0520,151.12,"{'min': 29.95400047302246, 'max': 32.2140007019043, 'mean': 30.837071010044642, 'count': 42, 'sum': 1295.156982421875, 'median': 30.782777786254883}","(78.32047445900008, 16.645373909000057, 78.49203880200008, 16.79728595000006)",30-11-2023.geojson,Urkonda,,,,,
Adilabad,TSSD0521,387.91,"{'min': 26.894615173339844, 'max': 31.733999252319336, 'mean': 29.773658608490567, 'count': 106, 'sum': 3156.0078125, 'median': 30.063125610351562}","(78.67318644400007, 19.21647222100006, 78.88463769300006, 19.513128066000036)",30-11-2023.geojson,Utnur,,,,,
Karimnagar,TSSD0522,142.44,"{'min': 29.790000915527344, 'max': 32.369998931884766, 'mean': 31.015066046463815, 'count': 38, 'sum': 1178.572509765625, 'median': 31.016000747680664}","(79.24194008100005, 18.132462591000035, 79.37717220500008, 18.263355341000022)",30-11-2023.geojson,V_Saidapur,,,,,
Nizamabad,TSSD0523,135.3,"{'min': 29.288572311401367, 'max': 31.61153793334961, 'mean': 30.514041476779514, 'count': 36, 'sum': 1098.5054931640625, 'median': 30.586410522460938}","(78.33304706400008, 18.693780867000044, 78.47512705800006, 18.85105660800002)",30-11-2023.geojson,Vailpur,,,,,
Yadadri Bhuvanagiri,TSSD0524,316.13,"{'min': 29.334444046020508, 'max': 33.84428405761719, 'mean': 31.7488388433689, 'count': 82, 'sum': 2603.40478515625, 'median': 31.680179595947266}","(78.90535444600005, 17.313647203000073, 79.22099072200007, 17.479032318000066)",30-11-2023.geojson,Valigonda,,,,,
Nagarkurnool,TSSD0525,244.56,"{'min': 31.22249984741211, 'max': 33.91749954223633, 'mean': 32.830810546875, 'count': 66, 'sum': 2166.83349609375, 'median': 32.76124954223633}","(78.48140456800007, 16.498402209000062, 78.71532448400006, 16.664788172000044)",30-11-2023.geojson,Vangoor,,,,,
Nizamabad,TSSD0526,134.67,"{'min': 27.159231185913086, 'max': 33.64142990112305, 'mean': 30.267888532366072, 'count': 35, 'sum': 1059.3760986328125, 'median': 30.59000015258789}","(77.84552225000004, 18.434438427000032, 78.04087699300004, 18.57495128000005)",30-11-2023.geojson,Varni,,,,,
Sangareddy,TSSD0527,138.9,"{'min': 23.874614715576172, 'max': 31.739999771118164, 'mean': 28.70360685649671, 'count': 38, 'sum': 1090.737060546875, 'median': 29.33555030822754}","(77.82626219800005, 17.806470842000067, 77.97597402000008, 17.94784828400003)",30-11-2023.geojson,Vatpally,,,,,
Karimnagar,TSSD0528,149.05,"{'min': 29.21666717529297, 'max': 33.20500183105469, 'mean': 31.52118835449219, 'count': 40, 'sum': 1260.8475341796875, 'median': 31.541667938232422}","(79.32153135600004, 18.284775453000066, 79.47308686900004, 18.451735262000057)",30-11-2023.geojson,Veenavanka,,,,,
Rajanna Sircilla,TSSD0529,108.34,"{'min': 27.645999908447266, 'max': 30.96454620361328, 'mean': 29.066537039620535, 'count': 28, 'sum': 813.863037109375, 'median': 29.289569854736328}","(78.52432514700007, 18.43250137900003, 78.66155136400005, 18.551319524000064)",30-11-2023.geojson,Veernapalli,,,,,
Warangal_Urban,TSSD0530,99.79,"{'min': 29.56399917602539, 'max': 31.489999771118164, 'mean': 30.543818359375, 'count': 25, 'sum': 763.595458984375, 'median': 30.63888931274414}","(79.22835213700006, 17.93079546100006, 79.37723082100007, 18.05131547900004)",30-11-2023.geojson,Velair,,,,,
Nagarkurnool,TSSD0531,241.3,"{'min': 29.486000061035156, 'max': 33.95500183105469, 'mean': 32.05050909323771, 'count': 61, 'sum': 1955.0810546875, 'median': 32.42555618286133}","(78.46270790300008, 16.666440694000073, 78.68353178700005, 16.830959432000043)",30-11-2023.geojson,Veldanda,,,,,
Jagtial,TSSD0532,186.9,"{'min': 26.885713577270508, 'max': 30.545385360717773, 'mean': 28.666591099330358, 'count': 49, 'sum': 1404.6629638671875, 'median': 28.867143630981445}","(79.12494408400005, 18.722845411000037, 79.29767471800005, 18.894953697000062)",30-11-2023.geojson,Velgatur,,,,,
Mancherial,TSSD0533,250.71,"{'min': 26.47857093811035, 'max': 31.25374984741211, 'mean': 28.283899107975746, 'count': 67, 'sum': 1895.021240234375, 'median': 28.222000122070312}","(79.69774836700003, 18.995230109000033, 79.93090835500004, 19.173999767000055)",30-11-2023.geojson,Vemanpalle,,,,,
Khammam,TSSD0534,212.09,"{'min': 27.39666748046875, 'max': 31.174999237060547, 'mean': 29.306001420454546, 'count': 55, 'sum': 1611.830078125, 'median': 29.321428298950195}","(80.65028236900008, 17.04501079700003, 80.87710057800007, 17.186178728000073)",30-11-2023.geojson,Vemsoor,,,,,
Nalgonda,TSSD0535,112.25,"{'min': 29.364999771118164, 'max': 31.2450008392334, 'mean': 30.43040023311492, 'count': 31, 'sum': 943.3424072265625, 'median': 30.56142807006836}","(79.49070453100006, 16.89060024500003, 79.61612180500003, 17.07767939000007)",30-11-2023.geojson,Vemulapally,,,,,
Rajanna Sircilla,TSSD0536,84.86,"{'min': 28.53363609313965, 'max': 30.329999923706055, 'mean': 29.65697326660156, 'count': 20, 'sum': 593.1394653320312, 'median': 29.72616195678711}","(78.80779904800005, 18.41516011400006, 78.91545277600005, 18.54459724000003)",30-11-2023.geojson,Vemulawada,,,,,
Rajanna Sircilla,TSSD0537,107.21,"{'min': 25.6299991607666, 'max': 30.100908279418945, 'mean': 29.00935799734933, 'count': 28, 'sum': 812.2620239257812, 'median': 29.35454559326172}","(78.77384337400008, 18.403529220000053, 78.91728096300005, 18.597872276000032)",30-11-2023.geojson,Vemulawada Rural,,,,,
Mulugu,TSSD0538,370.83,"{'min': 25.886667251586914, 'max': 30.742307662963867, 'mean': 27.556418239480198, 'count': 101, 'sum': 2783.1982421875, 'median': 27.422500610351562}","(79.85087728600007, 18.200829315000078, 80.17916133800009, 18.400974098000063)",30-11-2023.geojson,Venkatapur,,,,,
Mulugu,TSSD0539,588.35,"{'min': 25.058332443237305, 'max': 35.9566650390625, 'mean': 29.10227301181891, 'count': 156, 'sum': 4539.95458984375, 'median': 28.296667098999023}","(80.46538317500006, 18.105970334000062, 80.79370483500009, 18.449384397000074)",30-11-2023.geojson,Venkatapuram,,,,,
Vikarabad,TSSD0540,270.72,"{'min': 27.673635482788086, 'max': 31.75200080871582, 'mean': 29.938078579837327, 'count': 73, 'sum': 2185.479736328125, 'median': 30.023845672607422}","(77.79093909400007, 17.228214577000074, 78.02432692200006, 17.44577402500005)",30-11-2023.geojson,Vikarabad,,,,,
Jogulamba Gadwal,TSSD0541,129.2,"{'min': 30.922500610351562, 'max': 33.92499923706055, 'mean': 32.451852509469695, 'count': 33, 'sum': 1070.9111328125, 'median': 32.49285888671875}","(77.71231111200007, 15.89601525300003, 77.89649991000005, 16.018746091000025)",30-11-2023.geojson,Waddepally,,,,,
Wanaparthy,TSSD0542,201.88,"{'min': 29.744544982910156, 'max': 33.13888931274414, 'mean': 31.41299737668505, 'count': 51, 'sum': 1602.0628662109375, 'median': 31.202499389648438}","(77.95375639600007, 16.253768913000044, 78.13510940900005, 16.464866955000048)",30-11-2023.geojson,Wanaparthy,,,,,
Kumurambheem Asifabad,TSSD0543,335.2,"{'min': 27.75374984741211, 'max': 31.27235221862793, 'mean': 29.85315793059593, 'count': 86, 'sum': 2567.37158203125, 'median': 29.936119079589844}","(79.20433473500003, 19.379408367000053, 79.42272052200008, 19.61653411900005)",30-11-2023.geojson,Wankidi,,,,,
Warangal_Urban,TSSD0544,39.54,"{'min': 30.377273559570312, 'max': 31.60333251953125, 'mean': 30.921120383522727, 'count': 11, 'sum': 340.13232421875, 'median': 30.831666946411133}","(79.59074538600004, 17.974576416000048, 79.67092088100003, 18.04143189300015)",30-11-2023.geojson,Warangal,,,,,
Warangal_Rural,TSSD0545,158.41,"{'min': 28.379091262817383, 'max': 32.48500061035156, 'mean': 30.048323197798297, 'count': 44, 'sum': 1322.126220703125, 'median': 29.939498901367188}","(79.47950597500005, 17.695552186000043, 79.66242391200007, 17.87391055100005)",30-11-2023.geojson,Wardhannapet,,,,,
Siddipet,TSSD0546,141.87,"{'min': 28.412221908569336, 'max': 30.842500686645508, 'mean': 29.620072214226973, 'count': 38, 'sum': 1125.562744140625, 'median': 29.617427825927734}","(78.510667, 17.737442558000055, 78.67005759100005, 17.837924042000054)",30-11-2023.geojson,Wargal,,,,,
Wanaparthy,TSSD0547,165.53,"{'min': 27.805999755859375, 'max': 32.84111022949219, 'mean': 30.213026889534884, 'count': 43, 'sum': 1299.16015625, 'median': 30.203332901000977}","(78.03872356400007, 16.081036264000033, 78.22753261000008, 16.189588461000028)",30-11-2023.geojson,Weepangandla,,,,,
Khammam,TSSD0548,135.48,"{'min': 27.238000869750977, 'max': 31.052221298217773, 'mean': 28.966176625844593, 'count': 37, 'sum': 1071.74853515625, 'median': 28.64272689819336}","(80.29245451900005, 17.052642821000063, 80.43887726800006, 17.202658917000065)",30-11-2023.geojson,Wyra,,,,,
Rangareddy,TSSD0549,316.92,"{'min': 28.45800018310547, 'max': 33.34000015258789, 'mean': 31.927782012195124, 'count': 82, 'sum': 2618.078125, 'median': 32.110252380371094}","(78.54568468000008, 16.934093064000024, 78.80793281600006, 17.12867297300005)",30-11-2023.geojson,Yacharam,,,,,
Yadadri Bhuvanagiri,TSSD0550,186.21,"{'min': 30.721111297607422, 'max': 33.192501068115234, 'mean': 31.889358819699755, 'count': 51, 'sum': 1626.3572998046875, 'median': 31.99250030517578}","(78.84835935400008, 17.534587685000076, 79.03828959100008, 17.686530936000054)",30-11-2023.geojson,Yadagirigutta,,,,,
Nizamabad,TSSD0551,94.89,"{'min': 27.545000076293945, 'max': 33.000770568847656, 'mean': 31.227924053485577, 'count': 26, 'sum': 811.926025390625, 'median': 31.981090545654297}","(77.91550924600006, 18.623425712000028, 78.04225781600007, 18.729394451000076)",30-11-2023.geojson,Yedapally,,,,,
Vikarabad,TSSD0552,198.18,"{'min': 27.744285583496094, 'max': 30.934999465942383, 'mean': 29.717577167585784, 'count': 51, 'sum': 1515.596435546875, 'median': 29.78076934814453}","(77.52786449900003, 17.13053142700005, 77.75138027800006, 17.285580779000043)",30-11-2023.geojson,Yelal,,,,,
Medak,TSSD0553,163.31,"{'min': 27.889999389648438, 'max': 31.459999084472656, 'mean': 30.24544624660326, 'count': 46, 'sum': 1391.29052734375, 'median': 30.275554656982422}","(78.25020444800003, 17.845214376000058, 78.42507897600012, 17.987096653000037)",30-11-2023.geojson,Yeldurthy,,,,,
Bhadradri Kothagudem,TSSD0554,446.45,"{'min': 24.993999481201172, 'max': 30.898889541625977, 'mean': 29.082992061491936, 'count': 124, 'sum': 3606.291015625, 'median': 29.196388244628906}","(80.20203604400007, 17.495235336000064, 80.42881209300003, 17.784950355000035)",30-11-2023.geojson,Yellandu,,,,,
Kamareddy,TSSD0555,184.45,"{'min': 24.847333908081055, 'max': 31.976667404174805, 'mean': 29.2413404815051, 'count': 49, 'sum': 1432.82568359375, 'median': 29.34000015258789}","(77.94077074800003, 18.10658015200005, 78.09588024100003, 18.321288552000055)",30-11-2023.geojson,Yellareddy,,,,,
Rajanna Sircilla,TSSD0556,186.82,"{'min': 27.78333282470703, 'max': 31.19333267211914, 'mean': 29.660658892463236, 'count': 51, 'sum': 1512.693603515625, 'median': 29.834999084472656}","(78.54791135700003, 18.319811327000025, 78.75757783600005, 18.46288011300004)",30-11-2023.geojson,Yellareddypet,,,,,
Nizamabad,TSSD0557,68.02,"{'min': 29.46454620361328, 'max': 31.125999450683594, 'mean': 30.356991038602942, 'count': 17, 'sum': 516.06884765625, 'median': 30.31399917602539}","(78.43614230700007, 18.871916310000074, 78.53864631300007, 18.97312927200005)",30-11-2023.geojson,Yergatla,,,,,
Khammam,TSSD0558,262.24,"{'min': 26.209999084472656, 'max': 31.263334274291992, 'mean': 29.08203876201923, 'count': 65, 'sum': 1890.33251953125, 'median': 29.327499389648438}","(80.42901058800004, 16.768789670000046, 80.60532488100006, 16.96155575100005)",30-11-2023.geojson,Yerrupalem,,,,,
Jangoan,TSSD0559,163.78,"{'min': 28.785999298095703, 'max': 32.454444885253906, 'mean': 30.735335286458334, 'count': 45, 'sum': 1383.090087890625, 'median': 30.719999313354492}","(79.40432095600005, 17.69860641200006, 79.51467165900004, 17.89232289800003)",30-11-2023.geojson,Zaffergadh,,,,,
Sangareddy,TSSD0560,243.94,"{'min': 28.64875030517578, 'max': 31.61142921447754, 'mean': 29.925280021898676, 'count': 66, 'sum': 1975.0684814453125, 'median': 29.939197540283203}","(77.47167387100006, 17.54590518200007, 77.71357368300005, 17.749326707000023)",30-11-2023.geojson,Zahirabad,,,,,
Nagarkurnool,TSSD0561,183.51,"{'min': 29.34000015258789, 'max': 32.676666259765625, 'mean': 31.312993958938954, 'count': 43, 'sum': 1346.458740234375, 'median': 31.24333381652832}","(78.43086370300006, 16.197314094000035, 78.59402431200004, 16.37663690200003)",30-11-2023.geojson,Lingal,,,,,
Nagarkurnool,TSSD0562,222.74,"{'min': 28.818889617919922, 'max': 33.372501373291016, 'mean': 31.01800537109375, 'count': 56, 'sum': 1737.00830078125, 'median': 30.849721908569336}","(78.20110216600006, 16.35091361800005, 78.42443343200006, 16.530833019000056)",30-11-2023.geojson,Nagar_Kurnool,,,,,
Mahabubnagar,TSSD0563,145.45,"{'min': 27.819231033325195, 'max': 31.552499771118164, 'mean': 29.843601133765244, 'count': 41, 'sum': 1223.587646484375, 'median': 30.074443817138672}","(77.82864822500005, 16.643852022000033, 77.99254221500007, 16.772605979000048)",30-11-2023.geojson,Mahabubnagar_Rural,,,,,
Narayanpet,TSSD0564,256.63,"{'min': 29.52111053466797, 'max': 33.907501220703125, 'mean': 32.01833926930147, 'count': 68, 'sum': 2177.2470703125, 'median': 32.088890075683594}","(77.41869071500008, 16.543696836000038, 77.63466779000004, 16.729675432000022)",30-11-2023.geojson,Utkoor,,,,,
Rangareddy,TSSD0565,22.03,"{'min': 30.921112060546875, 'max': 31.398889541625977, 'mean': 31.145156860351562, 'count': 5, 'sum': 155.7257843017578, 'median': 31.198888778686523}","(78.50689165600005, 17.336093290000065, 78.58558260100006, 17.37992626500005)",30-11-2023.geojson,Saroornagar,,,,,
Sangareddy,TSSD0566,37.76,"{'min': 28.445554733276367, 'max': 29.9424991607666, 'mean': 29.353195190429688, 'count': 8, 'sum': 234.8255615234375, 'median': 29.504444122314453}","(78.28021050800004, 17.505606920000048, 78.35002219800003, 17.57992215400003)",30-11-2023.geojson,Ameenpur,,,,,
Sangareddy,TSSD0567,111.94,"{'min': 26.89444351196289, 'max': 31.221111297607422, 'mean': 29.568975275213067, 'count': 33, 'sum': 975.7761840820312, 'median': 29.732500076293945}","(78.22737331300004, 17.528204591000076, 78.38745191600003, 17.67226987500004)",30-11-2023.geojson,Jinnaram,,,,,
Medak,TSSD0568,112.07,"{'min': 27.71500015258789, 'max': 30.334444046020508, 'mean': 29.59072004045759, 'count': 28, 'sum': 828.5401611328125, 'median': 29.703750610351562}","(78.42603746200007, 17.77588639100003, 78.56138370400004, 17.89800592200004)",30-11-2023.geojson,Toopran,,,,,
Medak,TSSD0569,88.1,"{'min': 28.40999984741211, 'max': 30.95571517944336, 'mean': 29.80401865641276, 'count': 24, 'sum': 715.2964477539062, 'median': 29.662500381469727}","(78.41929055500003, 17.692085064000025, 78.52257619700003, 17.817608290000067)",30-11-2023.geojson,Manoharabad,,,,,
Siddipet,TSSD0570,129.06,"{'min': 28.760000228881836, 'max': 30.032499313354492, 'mean': 29.495279947916668, 'count': 36, 'sum': 1061.830078125, 'median': 29.558555603027344}","(78.52730335900003, 17.878079271000047, 78.64358807000008, 18.041003706000026)",30-11-2023.geojson,Doultabad,,,,,
Medak,TSSD0571,76.05,"{'min': 28.760000228881836, 'max': 31.020000457763672, 'mean': 29.80189208984375, 'count': 20, 'sum': 596.037841796875, 'median': 29.756668090820312}","(78.07364299200003, 17.796666895000044, 78.18678124500008, 17.905026876000022)",30-11-2023.geojson,Chilipched,,,,,
Medak,TSSD0572,136.79,"{'min': 29.146364212036133, 'max': 31.66777801513672, 'mean': 30.18790580130912, 'count': 37, 'sum': 1116.9525146484375, 'median': 30.09363555908203}","(78.32685103200004, 17.904917194000063, 78.44243876400003, 18.081304571000032)",30-11-2023.geojson,Shankarampet_R,,,,,
Medak,TSSD0573,131.44,"{'min': 28.79800033569336, 'max': 30.707500457763672, 'mean': 29.755420684814453, 'count': 32, 'sum': 952.1734619140625, 'median': 29.702999114990234}","(78.43107409900006, 17.905682555000055, 78.58520918700003, 18.06554777300005)",30-11-2023.geojson,Chegunta,,,,,
Kamareddy,TSSD0574,74.34,"{'min': 29.746923446655273, 'max': 31.573333740234375, 'mean': 30.754188939144736, 'count': 19, 'sum': 584.32958984375, 'median': 30.920000076293945}","(78.37757087100005, 18.21350254400005, 78.52579487700007, 18.30009331800005)",30-11-2023.geojson,Domakonda,,,,,
Kamareddy,TSSD0575,168.77,"{'min': 29.766666412353516, 'max': 32.39545440673828, 'mean': 31.318954839939025, 'count': 41, 'sum': 1284.0771484375, 'median': 31.375}","(77.72979911700008, 18.190311369000028, 77.89310396100007, 18.380507752000028)",30-11-2023.geojson,Pitlam,,,,,
Kamareddy,TSSD0576,191.8,"{'min': 29.969999313354492, 'max': 34.0533332824707, 'mean': 32.16078042084316, 'count': 53, 'sum': 1704.5213623046875, 'median': 32.35285568237305}","(77.65355776700005, 18.300626045000058, 77.83219913400006, 18.488304079000045)",30-11-2023.geojson,Bichkunda,,,,,
Kamareddy,TSSD0577,82.32,"{'min': 31.018571853637695, 'max': 33.31615447998047, 'mean': 32.16349098899148, 'count': 22, 'sum': 707.5968017578125, 'median': 32.13038635253906}","(77.75813508500005, 18.372326572000077, 77.86341082200005, 18.505311680000034)",30-11-2023.geojson,Birkoor,,,,,
Adilabad,TSSD0578,34.92,"{'min': 27.582000732421875, 'max': 31.731428146362305, 'mean': 30.095159912109374, 'count': 10, 'sum': 300.95159912109375, 'median': 30.821428298950195}","(78.48710289700006, 19.60170591600007, 78.54305936500003, 19.683661252000036)",30-11-2023.geojson,Mavala,,,,,
Peddapalli,TSSD0579,122.7,"{'min': 26.93166732788086, 'max': 30.489999771118164, 'mean': 28.836248779296874, 'count': 30, 'sum': 865.0874633789062, 'median': 28.949047088623047}","(79.31124542100008, 18.728421345000072, 79.45668509800004, 18.855615717000035)",30-11-2023.geojson,Anthergaon,,,,,
Mulugu,TSSD0580,576.05,"{'min': 25.977272033691406, 'max': 35.94818115234375, 'mean': 29.184932481374172, 'count': 151, 'sum': 4406.9248046875, 'median': 28.575000762939453}","(80.37410149900006, 18.33990656700007, 80.68734144600006, 18.632607707000034)",30-11-2023.geojson,Wazeed,,,,,
Nizamabad,TSSD0581,158.53,"{'min': 26.455453872680664, 'max': 30.834285736083984, 'mean': 29.27973121820494, 'count': 43, 'sum': 1259.0284423828125, 'median': 29.625385284423828}","(78.47512705800006, 18.684195498000065, 78.64029038200005, 18.900912592000054)",30-11-2023.geojson,Kammarpally,,,,,
Jangoan,TSSD0582,120.55,"{'min': 28.372499465942383, 'max': 32.11857223510742, 'mean': 30.691938127790177, 'count': 28, 'sum': 859.374267578125, 'median': 30.76714324951172}","(79.38361325200003, 17.491730369000038, 79.56249112400008, 17.63017571100005)",30-11-2023.geojson,Kodakandla,,,,,
Narayanpet,TSSD0583,172.63,"{'min': 28.8700008392334, 'max': 33.284000396728516, 'mean': 31.57326993075284, 'count': 44, 'sum': 1389.223876953125, 'median': 31.83777618408203}","(77.23725451100006, 16.366338565000035, 77.45641595200004, 16.49439566000018)",30-11-2023.geojson,Krishna,,,,,
Mancherial,TSSD0584,414.48,"{'min': 26.484285354614258, 'max': 31.239334106445312, 'mean': 28.74852330476335, 'count': 103, 'sum': 2961.097900390625, 'median': 28.66692352294922}","(79.69063140800006, 18.824880136000047, 79.96247775100005, 19.055750638000063)",30-11-2023.geojson,Kotapalle,,,,,
Warangal_Rural,TSSD0585,96.85,"{'min': 27.989999771118164, 'max': 29.600000381469727, 'mean': 29.132540189302883, 'count': 26, 'sum': 757.446044921875, 'median': 29.22599983215332}","(79.58000525100005, 18.13079426400003, 79.67613864900011, 18.273366891000023)",30-11-2023.geojson,Nadikuda,,,,,
Medchal_Malkajgiri,TSSD0586,92.19,"{'min': 29.263334274291992, 'max': 32.15444564819336, 'mean': 30.645352877103367, 'count': 26, 'sum': 796.7791748046875, 'median': 30.68000030517578}","(78.60919935000027, 17.572950565000042, 78.72357522400006, 17.698451215000034)",30-11-2023.geojson,Muduchinthalaphally,,,,,
Siddipet,TSSD0587,66.64,"{'min': 29.17888832092285, 'max': 31.15571403503418, 'mean': 30.275044759114582, 'count': 18, 'sum': 544.9508056640625, 'median': 30.204999923706055}","(78.75009036300014, 18.179105241000116, 78.85292966200007, 18.26297022400007)",30-11-2023.geojson,Narayanraopet,,,,,
Nizamabad,TSSD0588,59.09,"{'min': 27.472665786743164, 'max': 32.762855529785156, 'mean': 29.71009063720703, 'count': 16, 'sum': 475.3614501953125, 'median': 29.78395652770996}","(77.93403706700008, 18.52915054300007, 78.05329923800008, 18.639067520000026)",30-11-2023.geojson,Mosra,,,,,
Nizamabad,TSSD0589,49.75,"{'min': 28.299999237060547, 'max': 33.49615478515625, 'mean': 31.395494733537948, 'count': 14, 'sum': 439.53692626953125, 'median': 31.823429107666016}","(77.91841617100005, 18.496525074000033, 78.04060240200005, 18.590460833)",30-11-2023.geojson,Chandur,,,,,
Sangareddy,TSSD0590,97.98,"{'min': 26.167999267578125, 'max': 30.447778701782227, 'mean': 29.32251654730903, 'count': 27, 'sum': 791.7079467773438, 'median': 29.469999313354492}","(78.03596075900009, 17.649676136000153, 78.15543426700003, 17.771041394000065)",30-11-2023.geojson,Chowtakur,,,,,
Medak,TSSD0591,67.5,"{'min': 29.350000381469727, 'max': 30.758888244628906, 'mean': 30.062367757161457, 'count': 18, 'sum': 541.1226196289062, 'median': 30.184444427490234}","(78.39670312900006, 17.869416313000045, 78.53362296600005, 17.948666831000025)",30-11-2023.geojson,Masaipet,,,,,
Siddipet,TSSD0592,70.13,"{'min': 29.494443893432617, 'max': 31.457500457763672, 'mean': 30.37501284950658, 'count': 19, 'sum': 577.125244140625, 'median': 30.24333381652832}","(79.03345267100008, 17.94056795000006, 79.15307655800007, 18.032435260000113)",30-11-2023.geojson,Dhoolumitta,,,,,
Rangareddy,TSSD0001,254.22,"{'min': 32.93000030517578, 'max': 38.22999954223633, 'mean': 36.11787553267045, 'count': 66, 'sum': 2383.77978515625, 'median': 36.27000045776367}","(78.55995755200007, 17.23432776100003, 78.76246159900006, 17.40383786600006)",31-07-2023.geojson,Abdullapurmet,,,,,
Nagarkurnool,TSSD0002,502.12,"{'min': 31.149999618530273, 'max': 40.029998779296875, 'mean': 36.88566487630208, 'count': 120, 'sum': 4426.27978515625, 'median': 37.209999084472656}","(78.58204158400008, 16.328785754000023, 79.06420699900008, 16.552355156000033)",31-07-2023.geojson,Achampet,,,,,
Nalgonda,TSSD0003,124.12,"{'min': 35.04999923706055, 'max': 44.88999938964844, 'mean': 42.09363902698863, 'count': 33, 'sum': 1389.090087890625, 'median': 42.56999969482422}","(79.40552823000007, 16.61250682600007, 79.58503520000005, 16.727679548000026)",31-07-2023.geojson,Adavidevulapally,,,,,
Yadadri Bhuvanagiri,TSSD0004,141.84,"{'min': 35.25, 'max': 39.90999984741211, 'mean': 38.10420949835526, 'count': 38, 'sum': 1447.9599609375, 'median': 38.11000061035156}","(79.30480125000008, 17.343213083000023, 79.45808114400006, 17.48429223000005)",31-07-2023.geojson,Addagudur,,,,,
Mahabubnagar,TSSD0005,133.19,"{'min': 36.04999923706055, 'max': 40.349998474121094, 'mean': 38.267142159598215, 'count': 28, 'sum': 1071.47998046875, 'median': 38.16999816894531}","(77.85964485800008, 16.441965785000036, 78.01275922800005, 16.583453924000025)",31-07-2023.geojson,Addakal,,,,,
Adilabad,TSSD0006,296.11,"{'min': 35.72999954223633, 'max': 35.72999954223633, 'mean': 35.72999954223633, 'count': 1, 'sum': 35.72999954223633, 'median': 35.72999954223633}","(78.46791283600004, 19.529549935000034, 78.75075334500008, 19.743971118000047)",31-07-2023.geojson,Adilabad Rural,,,,,
Adilabad,TSSD0007,18.64,"{'count': 1, 'min': 'N/A', 'mean': 'N/A', 'max': 'N/A', 'median': 'N/A'}","(78.51136180900005, 19.64107290800007, 78.56091570800004, 19.696663797000042)",31-07-2023.geojson,Adilabad Urban,,,,,
Jogulamba Gadwal,TSSD0008,281.08,"{'min': 35.029998779296875, 'max': 39.77000045776367, 'mean': 37.39035087719298, 'count': 57, 'sum': 2131.25, 'median': 37.43000030517578}","(77.51085515500006, 15.892624954000041, 77.79118149700008, 16.073899572000073)",31-07-2023.geojson,Aiza,,,,,
Siddipet,TSSD0009,181.57,"{'min': 37.310001373291016, 'max': 40.04999923706055, 'mean': 38.93239990234375, 'count': 50, 'sum': 1946.6199951171875, 'median': 39.040000915527344}","(79.09867562300008, 17.991228970000066, 79.28258652700003, 18.10859845500005)",31-07-2023.geojson,Akkannapet,,,,,
Yadadri Bhuvanagiri,TSSD0010,165.31,"{'min': 34.310001373291016, 'max': 39.43000030517578, 'mean': 36.27511525708576, 'count': 43, 'sum': 1559.8299560546875, 'median': 36.27000045776367}","(78.99234199800003, 17.567113119000055, 79.16709451200006, 17.725946442000065)",31-07-2023.geojson,Alair,,,,,
Jogulamba Gadwal,TSSD0011,212.17,"{'min': 39.790000915527344, 'max': 44.4900016784668, 'mean': 42.39884596604567, 'count': 52, 'sum': 2204.739990234375, 'median': 42.75}","(78.05931506700006, 15.836429923000026, 78.25321888900004, 16.011158503000047)",31-07-2023.geojson,Alampur,,,,,
Medak,TSSD0012,106.37,"{'min': 32.77000045776367, 'max': 39.720001220703125, 'mean': 35.860740379050924, 'count': 27, 'sum': 968.239990234375, 'median': 35.77000045776367}","(77.88797224100006, 17.883895607000056, 78.00388009500006, 18.014119892000053)",31-07-2023.geojson,Alladurg,,,,,
Bhadradri Kothagudem,TSSD0013,507.54,"{'min': 31.790000915527344, 'max': 41.59000015258789, 'mean': 36.25415414663462, 'count': 130, 'sum': 4713.0400390625, 'median': 36.099998474121094}","(80.39744846200006, 17.75296549600006, 80.69612561700006, 18.05460231400002)",31-07-2023.geojson,Allapalli,,,,,
Medchal_Malkajgiri,TSSD0014,43.73,"{'min': 33.130001068115234, 'max': 35.5099983215332, 'mean': 34.4245439009233, 'count': 11, 'sum': 378.66998291015625, 'median': 34.27000045776367}","(78.47891113600008, 17.480615318000048, 78.57688553000008, 17.549306657000045)",31-07-2023.geojson,Alwal,,,,,
Rangareddy,TSSD0015,138.08,"{'min': 33.709999084472656, 'max': 37.59000015258789, 'mean': 35.714999728732636, 'count': 36, 'sum': 1285.739990234375, 'median': 35.689998626708984}","(78.48719442500004, 16.794263726000054, 78.63278904100008, 16.922855003000052)",31-07-2023.geojson,Amangal,,,,,
Wanaparthy,TSSD0016,110.02,"{'min': 27.40999984741211, 'max': 40.349998474121094, 'mean': 37.10466715494792, 'count': 30, 'sum': 1113.1400146484375, 'median': 38.08000183105469}","(77.65718116000005, 16.32682638500006, 77.80141077600007, 16.437234124000042)",31-07-2023.geojson,Amarchintha,,,,,
Hyderabad,TSSD0017,9.23,"{'min': 34.349998474121094, 'max': 37.93000030517578, 'mean': 36.05249786376953, 'count': 4, 'sum': 144.20999145507812, 'median': 35.96500015258789}","(78.48463282000006, 17.368221164000033, 78.52881660000008, 17.40365662100004)",31-07-2023.geojson,Amberpet,,,,,
Hyderabad,TSSD0018,3.86,"{'min': 36.59000015258789, 'max': 36.59000015258789, 'mean': 36.59000015258789, 'count': 1, 'sum': 36.59000015258789, 'median': 36.59000015258789}","(78.42921871100003, 17.43080978200004, 78.46511365000003, 17.45407132100007)",31-07-2023.geojson,Ammerpet,,,,,
Nagarkurnool,TSSD0019,1218.96,"{'min': 26.780000686645508, 'max': 38.189998626708984, 'mean': 32.01190125512295, 'count': 305, 'sum': 9763.6298828125, 'median': 31.843334197998047}","(78.48741327000005, 16.00923712100007, 79.02694515400003, 16.415272880000032)",31-07-2023.geojson,Amrabad,,,,,
Suryapet,TSSD0020,116.56,"{'min': 40.54999923706055, 'max': 43.93000030517578, 'mean': 42.386661783854166, 'count': 30, 'sum': 1271.599853515625, 'median': 42.56999969482422}","(79.90212536100006, 16.982533018000026, 80.06097163900006, 17.132924940000066)",31-07-2023.geojson,Ananthagiri,,,,,
Sangareddy,TSSD0021,186.83,"{'min': 31.989999771118164, 'max': 41.0, 'mean': 36.088508768284576, 'count': 47, 'sum': 1696.159912109375, 'median': 36.150001525878906}","(77.94290081500003, 17.75956500500007, 78.11621519700003, 17.925892899000075)",31-07-2023.geojson,Andole,,,,,
Bhadradri Kothagudem,TSSD0022,176.27,"{'min': 33.93000030517578, 'max': 42.11000061035156, 'mean': 38.25217603600544, 'count': 46, 'sum': 1759.60009765625, 'median': 38.480003356933594}","(80.64118685200003, 17.28576821300004, 80.85142774000008, 17.41689142100006)",31-07-2023.geojson,Annapureddipalle,,,,,
Nalgonda,TSSD0023,190.48,"{'min': 37.90999984741211, 'max': 43.5099983215332, 'mean': 41.112802734375, 'count': 50, 'sum': 2055.64013671875, 'median': 41.029998779296875}","(79.19527357000004, 16.726884840000025, 79.39201370200004, 16.913228080000067)",31-07-2023.geojson,Anumula_Haliya,,,,,
Nizamabad,TSSD0024,221.85,"{'min': 25.75, 'max': 35.52000045776367, 'mean': 32.3028564453125, 'count': 7, 'sum': 226.1199951171875, 'median': 34.61000061035156}","(78.17296352400007, 18.74292431300006, 78.35632004600006, 18.93725310900004)",31-07-2023.geojson,Armoor,,,,,
Kumurambheem Asifabad,TSSD0025,380.26,"{'min': 36.290000915527344, 'max': 36.290000915527344, 'mean': 36.290000915527344, 'count': 1, 'sum': 36.290000915527344, 'median': 36.290000915527344}","(79.05947913700004, 19.250334717000044, 79.39455949500007, 19.45064135100006)",31-07-2023.geojson,Asifabad,,,,,
Hyderabad,TSSD0026,12.88,"{'min': 36.43000030517578, 'max': 38.130001068115234, 'mean': 37.029998779296875, 'count': 4, 'sum': 148.1199951171875, 'median': 36.779998779296875}","(78.42582161500007, 17.359808491000024, 78.46198218000006, 17.408130664000055)",31-07-2023.geojson,Asifnagar,,,,,
Bhadradri Kothagudem,TSSD0027,329.09,"{'min': 31.139999389648438, 'max': 42.04999923706055, 'mean': 37.43761374733665, 'count': 88, 'sum': 3294.510009765625, 'median': 37.55999755859375}","(80.68546006000008, 17.692266541000038, 80.88829418500006, 17.933206824000024)",31-07-2023.geojson,Aswapuram,,,,,
Bhadradri Kothagudem,TSSD0028,564.09,"{'min': 29.780000686645508, 'max': 41.150001525878906, 'mean': 35.58673745013298, 'count': 141, 'sum': 5017.72998046875, 'median': 35.369998931884766}","(81.00029477700008, 17.215797421000048, 81.31479948400005, 17.495516869000028)",31-07-2023.geojson,Aswaraopeta,,,,,
Yadadri Bhuvanagiri,TSSD0029,171.54,"{'min': 33.709999084472656, 'max': 36.54999923706055, 'mean': 34.80777723524306, 'count': 45, 'sum': 1566.3499755859375, 'median': 34.709999084472656}","(79.08082893600005, 17.39675374600006, 79.24565290200007, 17.53585182000006)",31-07-2023.geojson,Athmakur (M),,,,,
Wanaparthy,TSSD0030,137.9,"{'min': 35.709999084472656, 'max': 39.95000076293945, 'mean': 38.29944525824653, 'count': 36, 'sum': 1378.780029296875, 'median': 38.37999725341797}","(77.73676945900007, 16.203007356000057, 77.92502598300007, 16.38983216400004)",31-07-2023.geojson,Atmakur,,,,,
Warangal_Rural,TSSD0031,100.48,"{'min': 36.22999954223633, 'max': 43.189998626708984, 'mean': 41.02269099308894, 'count': 26, 'sum': 1066.5899658203125, 'median': 41.16999816894531}","(79.67890460400008, 17.996386791000077, 79.82038191900006, 18.11908245500007)",31-07-2023.geojson,Atmakur,,,,,
Suryapet,TSSD0032,206.49,"{'min': 35.56999969482422, 'max': 42.90999984741211, 'mean': 39.84927201704546, 'count': 55, 'sum': 2191.7099609375, 'median': 40.0099983215332}","(79.59145821600004, 17.18757524600005, 79.81482135400006, 17.314815594000038)",31-07-2023.geojson,Atmakur_S,,,,,
Yadadri Bhuvanagiri,TSSD0033,188.28,"{'min': 31.469999313354492, 'max': 36.90999984741211, 'mean': 33.9076478247549, 'count': 51, 'sum': 1729.2900390625, 'median': 33.849998474121094}","(78.70944519200003, 17.280238217000033, 78.91168170600008, 17.414015307000057)",31-07-2023.geojson,B.Pochampally,,,,,
Jangoan,TSSD0034,215.84,"{'min': 32.11000061035156, 'max': 35.790000915527344, 'mean': 34.40793162378772, 'count': 58, 'sum': 1995.6600341796875, 'median': 34.459999084472656}","(78.86787166400006, 17.709206091000055, 79.10262993800006, 17.8761671850001)",31-07-2023.geojson,Bachannapet,,,,,
Medchal_Malkajgiri,TSSD0035,17.73,"{'min': 32.369998931884766, 'max': 35.04999923706055, 'mean': 33.741998291015626, 'count': 5, 'sum': 168.70999145507812, 'median': 33.56999969482422}","(78.34798865200008, 17.510629856000037, 78.39909413900006, 17.553712028000064)",31-07-2023.geojson,Bachupally,,,,,
Hyderabad,TSSD0036,15.01,"{'min': 34.310001373291016, 'max': 37.849998474121094, 'mean': 36.150001525878906, 'count': 3, 'sum': 108.45000457763672, 'median': 36.290000915527344}","(78.43027281000008, 17.326923403000023, 78.47901840600008, 17.372507289000055)",31-07-2023.geojson,Bahadurpura,,,,,
Mahabubnagar,TSSD0037,174.74,"{'min': 36.90999984741211, 'max': 40.9900016784668, 'mean': 38.806280091751454, 'count': 43, 'sum': 1668.6700439453125, 'median': 38.95000076293945}","(78.08729467400008, 16.845259309000028, 78.30248119100008, 17.011459106000075)",31-07-2023.geojson,Balanagar,,,,,
Medchal_Malkajgiri,TSSD0038,19.28,"{'min': 34.689998626708984, 'max': 37.650001525878906, 'mean': 36.27000122070312, 'count': 5, 'sum': 181.35000610351562, 'median': 35.810001373291016}","(78.41398145500006, 17.437593329000038, 78.49711234500006, 17.495946916000037)",31-07-2023.geojson,Balanagar,,,,,
Rangareddy,TSSD0039,131.84,"{'min': 33.27000045776367, 'max': 37.650001525878906, 'mean': 35.05257393973214, 'count': 35, 'sum': 1226.840087890625, 'median': 34.790000915527344}","(78.40825680200004, 17.228240129000028, 78.57240744700005, 17.342781479000053)",31-07-2023.geojson,Balapur,,,,,
Nizamabad,TSSD0040,97.3,"{'min': 25.850000381469727, 'max': 26.969999313354492, 'mean': 26.64000193277995, 'count': 6, 'sum': 159.8400115966797, 'median': 26.84000015258789}","(78.27055155900007, 18.820303712000054, 78.39954724000006, 18.968813210000064)",31-07-2023.geojson,Balkonda,,,,,
Nagarkurnool,TSSD0041,243.17,"{'min': 30.229999542236328, 'max': 39.27000045776367, 'mean': 36.71676682692308, 'count': 65, 'sum': 2386.58984375, 'median': 37.189998626708984}","(78.49549449900007, 16.225707747000058, 78.67809309200004, 16.452804138000033)",31-07-2023.geojson,Balmoor,,,,,
Hyderabad,TSSD0042,21.38,"{'min': 36.56999969482422, 'max': 38.38999938964844, 'mean': 37.61333211263021, 'count': 6, 'sum': 225.67999267578125, 'median': 37.790000915527344}","(78.45371439300004, 17.293465379000054, 78.51861491400007, 17.352247109000075)",31-07-2023.geojson,Bandlaguda,,,,,
Kamareddy,TSSD0043,142.84,"{'min': 30.969999313354492, 'max': 38.56999969482422, 'mean': 35.768333435058594, 'count': 12, 'sum': 429.2200012207031, 'median': 36.27000045776367}","(77.83852436200004, 18.316119945000025, 78.03038834200004, 18.45416467000007)",31-07-2023.geojson,Banswada,,,,,
Vikarabad,TSSD0044,91.56,"{'min': 33.25, 'max': 39.529998779296875, 'mean': 36.8843994140625, 'count': 25, 'sum': 922.1099853515625, 'median': 36.77000045776367}","(77.61390270400005, 17.383589031000042, 77.77189871100006, 17.483158091000064)",31-07-2023.geojson,Bantwaram,,,,,
Nirmal,TSSD0045,108.16,"{'min': 35.09000015258789, 'max': 41.88999938964844, 'mean': 39.461579975328945, 'count': 19, 'sum': 749.77001953125, 'median': 39.06999969482422}","(77.87395490400007, 18.84522452500005, 78.04060419300004, 18.95240894500006)",31-07-2023.geojson,Basar,,,,,
Vikarabad,TSSD0046,206.01,"{'min': 37.38999938964844, 'max': 43.0099983215332, 'mean': 40.2918862396816, 'count': 53, 'sum': 2135.469970703125, 'median': 40.25}","(77.36247981800005, 17.108590786000036, 77.53841200600004, 17.271892981000065)",31-07-2023.geojson,Basheerabad,,,,,
Mahabubabad,TSSD0047,307.29,"{'min': 29.3700008392334, 'max': 43.150001525878906, 'mean': 37.80176986882716, 'count': 81, 'sum': 3061.943359375, 'median': 38.130001068115234}","(80.05728874800008, 17.53352028000006, 80.26094565000005, 17.75039165800007)",31-07-2023.geojson,Bayyaram,,,,,
Adilabad,TSSD0048,253.13,"{'min': 35.650001525878906, 'max': 41.25, 'mean': 37.278333028157554, 'count': 12, 'sum': 447.3399963378906, 'median': 36.939998626708984}","(78.27492577100008, 19.393371099000035, 78.47377904700005, 19.580545785000027)",31-07-2023.geojson,Bazarhathnoor,,,,,
Jagtial,TSSD0049,108.89,"{'min': 32.02000045776367, 'max': 36.290000915527344, 'mean': 34.34062576293945, 'count': 16, 'sum': 549.4500122070312, 'median': 34.980003356933594}","(78.87792220400007, 18.96036622300005, 79.02108975900006, 19.07988819600007)",31-07-2023.geojson,Beerpur,,,,,
Siddipet,TSSD0050,152.56,"{'min': 35.25, 'max': 41.77000045776367, 'mean': 39.26300048828125, 'count': 40, 'sum': 1570.52001953125, 'median': 39.599998474121094}","(78.95201931600008, 18.18925398600004, 79.11791494600004, 18.34315846100003)",31-07-2023.geojson,Bejjanki,,,,,
Kumurambheem Asifabad,TSSD0051,282.92,"{'min': 30.06999969482422, 'max': 40.810001373291016, 'mean': 35.49172447467672, 'count': 29, 'sum': 1029.260009765625, 'median': 35.86000061035156}","(79.71984640800008, 19.26669339700004, 79.96748160900006, 19.444060153000066)",31-07-2023.geojson,Bejjur,,,,,
Adilabad,TSSD0052,252.64,"{'count': 1, 'min': 'N/A', 'mean': 'N/A', 'max': 'N/A', 'median': 'N/A'}","(78.68107592100006, 19.56508431800006, 78.85966689500003, 19.782733789000076)",31-07-2023.geojson,Bela,,,,,
Mancherial,TSSD0053,146.79,"{'min': 33.56999969482422, 'max': 39.93000030517578, 'mean': 36.489752197265624, 'count': 40, 'sum': 1459.590087890625, 'median': 36.494998931884766}","(79.41901996000007, 18.98112085100007, 79.58961168500008, 19.132048594000025)",31-07-2023.geojson,Bellampalle,,,,,
Bhadradri Kothagudem,TSSD0054,11.21,"{'min': 39.83000183105469, 'max': 40.349998474121094, 'mean': 40.09000015258789, 'count': 2, 'sum': 80.18000030517578, 'median': 40.09000015258789}","(80.87537144200007, 17.64270969100005, 80.91092172600008, 17.683719212000028)",31-07-2023.geojson,Bhadrachalam,,,,,
Nirmal,TSSD0055,247.42,"{'min': 35.25, 'max': 41.93000030517578, 'mean': 38.880636012300535, 'count': 47, 'sum': 1827.389892578125, 'median': 39.11000061035156}","(77.87843723700007, 19.03252738200007, 78.09109643600004, 19.219462747000023)",31-07-2023.geojson,Bhainsa,,,,,
Warangal_Urban,TSSD0056,147.17,"{'min': 37.09000015258789, 'max': 40.88999938964844, 'mean': 39.398001534598215, 'count': 35, 'sum': 1378.9300537109375, 'median': 39.27000045776367}","(79.25802483300004, 18.001111758000036, 79.41034323000008, 18.156221128000027)",31-07-2023.geojson,Bheemadevarapalli,,,,,
Mancherial,TSSD0057,156.12,"{'min': 31.969999313354492, 'max': 39.970001220703125, 'mean': 36.088288225446426, 'count': 35, 'sum': 1263.090087890625, 'median': 36.029998779296875}","(79.58636746400003, 18.76414004000003, 79.73368796500006, 18.942415460000063)",31-07-2023.geojson,Bheemaram,,,,,
Nizamabad,TSSD0058,225.03,"{'min': 32.43000030517578, 'max': 37.540000915527344, 'mean': 35.48810639252534, 'count': 37, 'sum': 1313.0599365234375, 'median': 35.720001220703125}","(78.35785953300007, 18.617871123000043, 78.59699998100007, 18.754933092000044)",31-07-2023.geojson,Bheemgal,,,,,
Mancherial,TSSD0059,151.63,"{'min': 38.529998779296875, 'max': 39.90999984741211, 'mean': 39.31666564941406, 'count': 3, 'sum': 117.94999694824219, 'median': 39.5099983215332}","(79.50578178000006, 19.14043541600006, 79.67664248700004, 19.288073780000047)",31-07-2023.geojson,Bheemini,,,,,
Adilabad,TSSD0060,195.62,"{'count': 1, 'min': 'N/A', 'mean': 'N/A', 'max': 'N/A', 'median': 'N/A'}","(78.28468101500005, 19.728594951000048, 78.49256909000007, 19.91690008100005)",31-07-2023.geojson,Bheempoor,,,,,
Kamareddy,TSSD0061,154.94,"{'min': 30.84000015258789, 'max': 35.060001373291016, 'mean': 33.972618466331845, 'count': 42, 'sum': 1426.8499755859375, 'median': 34.310001373291016}","(78.33227141500004, 18.122403492000046, 78.50250512100007, 18.278813365000076)",31-07-2023.geojson,Bhiknoor,,,,,
Yadadri Bhuvanagiri,TSSD0062,299.2,"{'min': 32.06999969482422, 'max': 36.95000076293945, 'mean': 34.94128104967949, 'count': 78, 'sum': 2725.419921875, 'median': 35.11000061035156}","(78.80997708400008, 17.36896378700004, 79.04721217500008, 17.595952069000077)",31-07-2023.geojson,Bhongiri,,,,,
Mahabubnagar,TSSD0063,177.56,"{'min': 34.369998931884766, 'max': 38.709999084472656, 'mean': 36.8257459275266, 'count': 47, 'sum': 1730.81005859375, 'median': 36.88999938964844}","(77.97152580800008, 16.592727025000045, 78.15346036600005, 16.739702366000074)",31-07-2023.geojson,Bhoothpur,,,,,
Jayashankar Bhupalpally,TSSD0064,412.31,"{'min': 32.4900016784668, 'max': 43.189998626708984, 'mean': 37.703335232204864, 'count': 108, 'sum': 4071.960205078125, 'median': 37.30999755859375}","(79.72643010900003, 18.326274666000074, 80.15195044700005, 18.518666378000034)",31-07-2023.geojson,Bhupalpally,,,,,
Yadadri Bhuvanagiri,TSSD0065,181.21,"{'min': 32.529998779296875, 'max': 36.90999984741211, 'mean': 34.98102180325255, 'count': 49, 'sum': 1714.070068359375, 'median': 35.349998474121094}","(78.70762825800006, 17.383774324000058, 78.91649957900006, 17.531102042000043)",31-07-2023.geojson,Bibinagar,,,,,
Kamareddy,TSSD0066,80.7,"{'min': 32.439998626708984, 'max': 34.38999938964844, 'mean': 33.7260009765625, 'count': 20, 'sum': 674.52001953125, 'median': 33.74500274658203}","(78.46247299900006, 18.169106830000032, 78.56926485100007, 18.275633318000075)",31-07-2023.geojson,Bibipet,,,,,
Nagarkurnool,TSSD0067,265.69,"{'min': 32.709999084472656, 'max': 37.11000061035156, 'mean': 35.11485421316964, 'count': 70, 'sum': 2458.039794921875, 'median': 35.290000915527344}","(78.10083116400006, 16.421414171000038, 78.28225422800006, 16.626726615000052)",31-07-2023.geojson,Bijinapalle,,,,,
Adilabad,TSSD0068,324.19,"{'min': 30.209999084472656, 'max': 41.4900016784668, 'mean': 37.91449890136719, 'count': 20, 'sum': 758.2899780273438, 'median': 39.04999923706055}","(78.17215629700007, 19.264980181000055, 78.39684222400007, 19.45647146400006)",31-07-2023.geojson,Boath,,,,,
Nizamabad,TSSD0069,274.45,"{'min': 29.6299991607666, 'max': 29.6299991607666, 'mean': 29.6299991607666, 'count': 1, 'sum': 29.6299991607666, 'median': 29.6299991607666}","(77.73094369300003, 18.573510121000027, 77.96006357300001, 18.81143505500006)",31-07-2023.geojson,Bodhan,,,,,
Rajanna Sircilla,TSSD0070,143.88,"{'min': 26.989999771118164, 'max': 40.9900016784668, 'mean': 36.52121641577744, 'count': 41, 'sum': 1497.369873046875, 'median': 37.209999084472656}","(78.89142673800006, 18.39155487200003, 78.99623800100005, 18.58330450400007)",31-07-2023.geojson,Boinpalli,,,,,
Yadadri Bhuvanagiri,TSSD0071,165.4,"{'min': 33.630001068115234, 'max': 36.189998626708984, 'mean': 35.01666550409226, 'count': 42, 'sum': 1470.699951171875, 'median': 35.15999984741211}","(78.68260567800007, 17.506909476000033, 78.83660271700006, 17.66778853200003)",31-07-2023.geojson,Bommalaramaram,,,,,
Vikarabad,TSSD0072,219.46,"{'min': 34.06999969482422, 'max': 41.33000183105469, 'mean': 36.963570731026785, 'count': 56, 'sum': 2069.9599609375, 'median': 36.900001525878906}","(77.61321700700006, 17.021545857000035, 77.78997648900008, 17.236770282000066)",31-07-2023.geojson,Bommaraspeta,,,,,
Khammam,TSSD0073,164.0,"{'min': 36.709999084472656, 'max': 44.630001068115234, 'mean': 41.14268233136433, 'count': 41, 'sum': 1686.8499755859375, 'median': 41.209999084472656}","(80.19836868700008, 16.94670916900003, 80.36649696300003, 17.117145719000064)",31-07-2023.geojson,Bonakal,,,,,
Jagtial,TSSD0074,80.72,"{'min': 29.049999237060547, 'max': 35.97666549682617, 'mean': 32.8546630859375, 'count': 20, 'sum': 657.09326171875, 'median': 33.62999725341797}","(79.00621644400007, 18.822787249000044, 79.14474962700007, 18.91916278800005)",31-07-2023.geojson,Buggaram,,,,,
Bhadradri Kothagudem,TSSD0075,212.03,"{'min': 37.470001220703125, 'max': 43.189998626708984, 'mean': 39.93629738136574, 'count': 54, 'sum': 2156.56005859375, 'median': 39.91999816894531}","(80.73228080900003, 17.59843230000007, 80.90367732300007, 17.75553509100007)",31-07-2023.geojson,Burgampadu,,,,,
Nalgonda,TSSD0076,349.48,"{'min': 33.970001220703125, 'max': 42.029998779296875, 'mean': 38.45782470703125, 'count': 92, 'sum': 3538.119873046875, 'median': 38.59000015258789}","(78.83961784400003, 16.35584791900004, 79.21275923200005, 16.646382362000054)",31-07-2023.geojson,Chandampet,,,,,
Bhadradri Kothagudem,TSSD0077,146.4,"{'min': 33.27000045776367, 'max': 44.25, 'mean': 39.72513724662162, 'count': 37, 'sum': 1469.830078125, 'median': 40.4900016784668}","(80.55637660300005, 17.31648540200007, 80.69607967500008, 17.452303995000022)",31-07-2023.geojson,Chandrugonda,,,,,
Nalgonda,TSSD0078,210.39,"{'min': 36.290000915527344, 'max': 41.91999816894531, 'mean': 39.59509507665094, 'count': 53, 'sum': 2098.5400390625, 'median': 39.529998779296875}","(78.89291217500005, 16.893248166000035, 79.10048328200008, 17.094642131000057)",31-07-2023.geojson,Chandur,,,,,
Nagarkurnool,TSSD0079,172.21,"{'min': 33.09000015258789, 'max': 39.0099983215332, 'mean': 36.366221788194444, 'count': 45, 'sum': 1636.47998046875, 'median': 36.290000915527344}","(78.57614983600007, 16.636888998000074, 78.79233917400006, 16.779519700000037)",31-07-2023.geojson,Charakonda,,,,,
Hyderabad,TSSD0080,5.37,"{'min': 38.93000030517578, 'max': 38.93000030517578, 'mean': 38.93000030517578, 'count': 1, 'sum': 38.93000030517578, 'median': 38.93000030517578}","(78.47460501900008, 17.34768383200003, 78.50070316000006, 17.376123801000062)",31-07-2023.geojson,Charminar,,,,,
Rajanna Sircilla,TSSD0081,172.75,"{'min': 31.690000534057617, 'max': 40.16999816894531, 'mean': 34.55583190917969, 'count': 48, 'sum': 1658.679931640625, 'median': 34.02000045776367}","(78.61274932300006, 18.50685668500006, 78.84598478800007, 18.63425720600003)",31-07-2023.geojson,Chendurthi,,,,,
Warangal_Rural,TSSD0082,99.63,"{'min': 37.04999923706055, 'max': 42.310001373291016, 'mean': 39.91482859644397, 'count': 29, 'sum': 1157.530029296875, 'median': 40.029998779296875}","(79.77887035600008, 17.796694865000063, 79.93870076600007, 17.912052966000033)",31-07-2023.geojson,Chennaraopet,,,,,
Mancherial,TSSD0083,348.6,"{'min': 30.079999923706055, 'max': 40.93000030517578, 'mean': 35.28106134588068, 'count': 66, 'sum': 2328.550048828125, 'median': 35.83000183105469}","(79.65949015600006, 18.682762397000033, 79.84767354200005, 18.959046801000056)",31-07-2023.geojson,Chennur,,,,,
Siddipet,TSSD0084,222.44,"{'min': 33.93000030517578, 'max': 37.95000076293945, 'mean': 36.291015625, 'count': 59, 'sum': 2141.169921875, 'median': 36.36000061035156}","(78.86758954600003, 17.828098220000072, 79.06729449200009, 18.036935309000057)",31-07-2023.geojson,Cherial,,,,,
Bhadradri Kothagudem,TSSD0085,477.35,"{'min': 32.4900016784668, 'max': 46.40999984741211, 'mean': 37.72419905462185, 'count': 119, 'sum': 4489.1796875, 'median': 37.0099983215332}","(80.73391161600006, 17.933206824000024, 80.98568532800005, 18.238859586000046)",31-07-2023.geojson,Cherla,,,,,
Rangareddy,TSSD0086,276.14,"{'min': 36.189998626708984, 'max': 40.45000076293945, 'mean': 38.71328860766267, 'count': 73, 'sum': 2826.070068359375, 'median': 38.709999084472656}","(78.00412674500006, 17.23299501100007, 78.21859291200008, 17.409433687000046)",31-07-2023.geojson,Chevella,,,,,
Karimnagar,TSSD0087,149.85,"{'min': 36.06999969482422, 'max': 39.790000915527344, 'mean': 38.34425048828125, 'count': 40, 'sum': 1533.77001953125, 'median': 38.689998626708984}","(79.10798904900008, 18.16049209700003, 79.25728156700006, 18.285204140000076)",31-07-2023.geojson,Chigurumamidi,,,,,
Suryapet,TSSD0088,109.2,"{'min': 39.689998626708984, 'max': 45.630001068115234, 'mean': 43.308567592075896, 'count': 28, 'sum': 1212.639892578125, 'median': 43.540000915527344}","(79.79036079100007, 16.906046110000034, 79.93531953700005, 17.024466438000047)",31-07-2023.geojson,Chilkur,,,,,
Jangoan,TSSD0089,157.63,"{'min': 33.0099983215332, 'max': 38.66999816894531, 'mean': 37.39116438045058, 'count': 43, 'sum': 1607.820068359375, 'median': 37.849998474121094}","(79.20344106000005, 17.85176273600007, 79.44938298400007, 17.98733100100003)",31-07-2023.geojson,Chilpur,,,,,
Mahabubnagar,TSSD0090,182.6,"{'min': 35.04999923706055, 'max': 40.189998626708984, 'mean': 37.963060028698976, 'count': 49, 'sum': 1860.18994140625, 'median': 38.25}","(77.73330203000006, 16.37851123300004, 77.87096754700008, 16.616724610000063)",31-07-2023.geojson,Chinna Chinta Kunta,,,,,
Mahabubabad,TSSD0091,62.33,"{'min': 38.90999984741211, 'max': 41.90999984741211, 'mean': 40.20294548483456, 'count': 17, 'sum': 683.4500732421875, 'median': 39.9900016784668}","(79.84909294100004, 17.449136596000073, 79.93830751200005, 17.551928229000055)",31-07-2023.geojson,Chinnagudur,,,,,
Siddipet,TSSD0092,210.1,"{'min': 30.329999923706055, 'max': 37.40999984741211, 'mean': 35.0816650390625, 'count': 60, 'sum': 2104.89990234375, 'median': 35.15999984741211}","(78.82494370000006, 18.112037676000057, 79.02016956300008, 18.25691097600003)",31-07-2023.geojson,Chinnakodur,,,,,
Wanaparthy,TSSD0093,211.48,"{'min': 37.75, 'max': 43.88999938964844, 'mean': 40.80172413793103, 'count': 58, 'sum': 2366.5, 'median': 41.029998779296875}","(78.05946824700004, 15.943903422000062, 78.25862092700004, 16.10487720200007)",31-07-2023.geojson,Chinnambavi,,,,,
Khammam,TSSD0094,188.05,"{'min': 40.04999923706055, 'max': 44.869998931884766, 'mean': 42.75956394361413, 'count': 46, 'sum': 1966.93994140625, 'median': 42.62999725341797}","(80.15749622700008, 17.00863986300004, 80.30764277300005, 17.236461319000057)",31-07-2023.geojson,Chintakani,,,,,
Kumurambheem Asifabad,TSSD0095,288.59,"{'min': 29.049999237060547, 'max': 41.27000045776367, 'mean': 35.19153771033654, 'count': 13, 'sum': 457.489990234375, 'median': 36.029998779296875}","(79.67767908700006, 19.36047807800003, 79.97913072000006, 19.567678157000046)",31-07-2023.geojson,Chintalamanepally,,,,,
Suryapet,TSSD0096,202.08,"{'min': 29.190000534057617, 'max': 45.27000045776367, 'mean': 39.32764868642769, 'count': 51, 'sum': 2005.7100830078125, 'median': 40.68000030517578}","(79.89168709400008, 16.63122235000003, 80.07323171000007, 16.848894700000073)",31-07-2023.geojson,Chinthala palem,,,,,
Nalgonda,TSSD0097,274.6,"{'min': 34.209999084472656, 'max': 39.150001525878906, 'mean': 37.384264322916664, 'count': 75, 'sum': 2803.81982421875, 'median': 37.689998626708984}","(78.69548427600006, 16.739825453000037, 78.92444476600008, 16.973748571000044)",31-07-2023.geojson,Chinthapally,,,,,
Jayashankar Bhupalpally,TSSD0098,210.42,"{'min': 35.150001525878906, 'max': 43.810001373291016, 'mean': 40.92526298656798, 'count': 57, 'sum': 2332.739990234375, 'median': 41.810001373291016}","(79.64088009700004, 18.283442338000043, 79.79196266500009, 18.492380515000036)",31-07-2023.geojson,Chityal,,,,,
Nalgonda,TSSD0099,237.77,"{'min': 35.88999938964844, 'max': 41.81999969482422, 'mean': 37.75433349609375, 'count': 60, 'sum': 2265.260009765625, 'median': 37.630001068115234}","(78.96087085700003, 17.126777316000073, 79.17779320000005, 17.284106424000072)",31-07-2023.geojson,Chityal,,,,,
Suryapet,TSSD0100,151.19,"{'min': 38.61000061035156, 'max': 43.0099983215332, 'mean': 40.1114990234375, 'count': 40, 'sum': 1604.4599609375, 'median': 39.9900016784668}","(79.61526708400004, 17.06178183000003, 79.77234545500005, 17.21508940600006)",31-07-2023.geojson,Chivvemla,,,,,
Karimnagar,TSSD0101,141.96,"{'min': 35.689998626708984, 'max': 41.18000030517578, 'mean': 38.39026200143915, 'count': 38, 'sum': 1458.8299560546875, 'median': 38.19999694824219}","(79.09673047900003, 18.516979337000066, 79.23072403500004, 18.66557143500006)",31-07-2023.geojson,Choppadandi,,,,,
Yadadri Bhuvanagiri,TSSD0102,264.84,"{'min': 34.54999923706055, 'max': 42.5099983215332, 'mean': 37.550564618177816, 'count': 71, 'sum': 2666.090087890625, 'median': 37.529998779296875}","(78.747570484, 17.19528529400003, 78.99749932000003, 17.348531597000033)",31-07-2023.geojson,Choutuppal,,,,,
Rangareddy,TSSD0103,111.15,"{'min': 31.149999618530273, 'max': 38.27000045776367, 'mean': 34.70478356402853, 'count': 23, 'sum': 798.2100219726562, 'median': 34.95000076293945}","(77.92190617600005, 16.980166997000026, 78.03572549400008, 17.14859407800003)",31-07-2023.geojson,Chowdergudem,,,,,
Bhadradri Kothagudem,TSSD0104,113.98,"{'min': 33.790000915527344, 'max': 40.77000045776367, 'mean': 36.06354744203629, 'count': 31, 'sum': 1117.969970703125, 'median': 35.529998779296875}","(80.59078646000006, 17.397527010000033, 80.73926192500005, 17.56175825500003)",31-07-2023.geojson,Chunchupally,,,,,
Kumurambheem Asifabad,TSSD0105,282.91,"{'min': 32.9900016784668, 'max': 33.90999984741211, 'mean': 33.336669921875, 'count': 3, 'sum': 100.010009765625, 'median': 33.11000061035156}","(79.55061502100006, 19.147024978000047, 79.94481136900004, 19.320003257000053)",31-07-2023.geojson,Dahegaon,,,,,
Nalgonda,TSSD0106,212.91,"{'min': 38.290000915527344, 'max': 45.290000915527344, 'mean': 41.827818714488636, 'count': 55, 'sum': 2300.530029296875, 'median': 41.810001373291016}","(79.52381292400008, 16.65992049600004, 79.70200312500003, 16.812899723000044)",31-07-2023.geojson,Damaracherla,,,,,
Narayanpet,TSSD0107,197.8,"{'min': 34.93000030517578, 'max': 43.27000045776367, 'mean': 38.157757194674744, 'count': 49, 'sum': 1869.7301025390625, 'median': 38.0099983215332}","(77.45634407100005, 16.764877660000025, 77.60496874100005, 16.959326115000067)",31-07-2023.geojson,Damargidda,,,,,
Warangal_Rural,TSSD0108,89.35,"{'min': 40.290000915527344, 'max': 44.790000915527344, 'mean': 42.68999735514323, 'count': 24, 'sum': 1024.5599365234375, 'median': 42.86000061035156}","(79.60072347200008, 18.00572767700004, 79.70643829000005, 18.13897497800008)",31-07-2023.geojson,Damera,,,,,
Bhadradri Kothagudem,TSSD0109,482.53,"{'min': 30.889999389648438, 'max': 39.27000045776367, 'mean': 35.56399864783654, 'count': 130, 'sum': 4623.31982421875, 'median': 35.61000061035156}","(80.86476856000007, 17.190519193000057, 81.08735919600008, 17.56822006400006)",31-07-2023.geojson,Dammapeta,,,,,
Mancherial,TSSD0110,212.73,"{'min': 30.670000076293945, 'max': 41.90999984741211, 'mean': 37.36825959578805, 'count': 46, 'sum': 1718.93994140625, 'median': 39.62000274658203}","(79.08727409600004, 18.884636873000034, 79.22437932800005, 19.103216721000024)",31-07-2023.geojson,Dandepalle,,,,,
Mahabubabad,TSSD0111,108.96,"{'min': 36.130001068115234, 'max': 39.83000183105469, 'mean': 37.845482610887096, 'count': 31, 'sum': 1173.2099609375, 'median': 37.66999816894531}","(79.65560623800008, 17.428868298000054, 79.78530222000006, 17.546608658000025)",31-07-2023.geojson,Danthalapalle,,,,,
Nirmal,TSSD0112,76.62,"{'min': 36.40999984741211, 'max': 37.56999969482422, 'mean': 36.9433339436849, 'count': 3, 'sum': 110.83000183105469, 'median': 36.849998474121094}","(78.82647409500004, 19.034610264000037, 78.95076054900005, 19.132845763000034)",31-07-2023.geojson,Dasturabad,,,,,
Nalgonda,TSSD0113,235.21,"{'min': 37.369998931884766, 'max': 41.90999984741211, 'mean': 39.78258096018145, 'count': 62, 'sum': 2466.52001953125, 'median': 39.70000076293945}","(78.75664741300005, 16.599618543000076, 78.96744054100003, 16.769811435000065)",31-07-2023.geojson,Devarakonda,,,,,
Mahabubnagar,TSSD0114,238.37,"{'min': 33.4900016784668, 'max': 40.709999084472656, 'mean': 36.3933349609375, 'count': 60, 'sum': 2183.60009765625, 'median': 36.25}","(77.76466384500003, 16.454975524000076, 77.92512638900007, 16.738387466000063)",31-07-2023.geojson,Devarkadra,,,,,
Jangoan,TSSD0115,182.53,"{'min': 34.970001220703125, 'max': 39.40999984741211, 'mean': 36.9972021484375, 'count': 50, 'sum': 1849.860107421875, 'median': 36.94000244140625}","(79.21277209400006, 17.510665525000036, 79.40089799000003, 17.677652839000075)",31-07-2023.geojson,Devaruppula,,,,,
Narayanpet,TSSD0116,153.65,"{'min': 34.04999923706055, 'max': 40.369998931884766, 'mean': 36.87540910050676, 'count': 37, 'sum': 1364.39013671875, 'median': 36.849998474121094}","(77.59496902800004, 16.571400942000025, 77.76875056600005, 16.754234962000055)",31-07-2023.geojson,Dhanwada,,,,,
Jagtial,TSSD0117,175.9,"{'min': 28.209999084472656, 'max': 39.849998474121094, 'mean': 34.249168395996094, 'count': 16, 'sum': 547.9866943359375, 'median': 35.630001068115234}","(78.99144763200007, 18.877766286000053, 79.16011736700005, 19.07420193200005)",31-07-2023.geojson,Dharmapuri,,,,,
Peddapalli,TSSD0118,201.92,"{'min': 33.5099983215332, 'max': 39.650001525878906, 'mean': 36.56320708652712, 'count': 53, 'sum': 1937.8499755859375, 'median': 36.5099983215332}","(79.11294947900006, 18.616084372000046, 79.33879022800005, 18.75580704600003)",31-07-2023.geojson,Dharmaram,,,,,
Warangal_Urban,TSSD0119,166.63,"{'min': 32.689998626708984, 'max': 41.630001068115234, 'mean': 37.762445746527774, 'count': 45, 'sum': 1699.31005859375, 'median': 38.59000015258789}","(79.34392484200004, 17.872946780000063, 79.49559988700008, 18.064662017000046)",31-07-2023.geojson,Dharmasagar,,,,,
Jogulamba Gadwal,TSSD0120,233.51,"{'min': 27.450000762939453, 'max': 38.689998626708984, 'mean': 34.73313754212622, 'count': 51, 'sum': 1771.3900146484375, 'median': 35.43000030517578}","(77.59027451200006, 16.165087868000057, 77.75403082300005, 16.362950969000053)",31-07-2023.geojson,Dharoor,,,,,
Vikarabad,TSSD0121,204.41,"{'min': 30.90999984741211, 'max': 39.45000076293945, 'mean': 36.05807729867789, 'count': 52, 'sum': 1875.02001953125, 'median': 36.12000274658203}","(77.69853344900008, 17.210650905000023, 77.85683392500005, 17.378989310000065)",31-07-2023.geojson,Dharoor,,,,,
Nizamabad,TSSD0122,181.87,"{'min': 28.809999465942383, 'max': 36.709999084472656, 'mean': 33.60789088199013, 'count': 38, 'sum': 1277.099853515625, 'median': 33.72999954223633}","(78.27142695800006, 18.455096901000047, 78.41235874700004, 18.675940208000043)",31-07-2023.geojson,Dharpally,,,,,
Nizamabad,TSSD0123,165.76,"{'min': 29.389999389648438, 'max': 36.38999938964844, 'mean': 34.22853271484375, 'count': 25, 'sum': 855.7133178710938, 'median': 34.27000045776367}","(78.13708897600003, 18.552299339000058, 78.33103872900006, 18.67400565300005)",31-07-2023.geojson,Dichpally,,,,,
Nirmal,TSSD0124,155.33,"{'min': 26.40999984741211, 'max': 35.11000061035156, 'mean': 30.56454190340909, 'count': 11, 'sum': 336.2099609375, 'median': 29.399999618530273}","(78.18162478500005, 18.979193036000026, 78.31903817300008, 19.15181674400003)",31-07-2023.geojson,Dilawarpur,,,,,
Vikarabad,TSSD0125,169.11,"{'min': 33.33000183105469, 'max': 38.189998626708984, 'mean': 35.52318226207387, 'count': 44, 'sum': 1563.02001953125, 'median': 35.56999969482422}","(77.75350961300006, 16.993685688000028, 77.91797159400005, 17.151011999000048)",31-07-2023.geojson,Doma,,,,,
Mahabubabad,TSSD0126,157.58,"{'min': 38.189998626708984, 'max': 42.0099983215332, 'mean': 39.916340153391765, 'count': 41, 'sum': 1636.5699462890625, 'median': 40.04999923706055}","(80.00919088400008, 17.34578428800006, 80.17130219700005, 17.498026924000044)",31-07-2023.geojson,Dornakal,,,,,
Vikarabad,TSSD0127,206.9,"{'min': 35.209999084472656, 'max': 41.5099983215332, 'mean': 39.57769305889423, 'count': 52, 'sum': 2058.0400390625, 'median': 39.95000076293945}","(77.47254906600006, 16.90300025500005, 77.65396255100006, 17.070101057000045)",31-07-2023.geojson,Doulthabad,,,,,
Siddipet,TSSD0128,239.89,"{'min': 32.0099983215332, 'max': 34.790000915527344, 'mean': 33.348411923363095, 'count': 63, 'sum': 2100.949951171875, 'median': 33.38999938964844}","(78.54681796600005, 18.097298073000047, 78.75700455300006, 18.255668025000034)",31-07-2023.geojson,Dubbak,,,,,
Warangal_Rural,TSSD0129,117.69,"{'min': 37.11000061035156, 'max': 42.150001525878906, 'mean': 40.51903115549395, 'count': 31, 'sum': 1256.0899658203125, 'median': 40.5099983215332}","(79.74503783800003, 17.911539967000067, 79.86925509200006, 18.07929052000003)",31-07-2023.geojson,Duggondi,,,,,
Bhadradri Kothagudem,TSSD0130,322.15,"{'min': 34.869998931884766, 'max': 43.16999816894531, 'mean': 38.940406593116556, 'count': 74, 'sum': 2881.590087890625, 'median': 38.90999984741211}","(80.86195260000005, 17.696811285000024, 81.09376572500008, 17.952898013000038)",31-07-2023.geojson,Dummugudem,,,,,
Medchal_Malkajgiri,TSSD0131,81.34,"{'min': 32.130001068115234, 'max': 33.630001068115234, 'mean': 33.111001586914064, 'count': 20, 'sum': 662.2200317382812, 'median': 33.19999694824219}","(78.36001430200008, 17.525573036000026, 78.50711033000005, 17.638921073000063)",31-07-2023.geojson,Dundigal Gandimaisamma,,,,,
Peddapalli,TSSD0132,76.87,"{'min': 35.369998931884766, 'max': 40.529998779296875, 'mean': 37.86500133167613, 'count': 22, 'sum': 833.030029296875, 'median': 37.54499816894531}","(79.21615438200007, 18.50700951700003, 79.32467419700004, 18.611289084000077)",31-07-2023.geojson,Eligaid,,,,,
Warangal_Urban,TSSD0133,130.61,"{'min': 35.689998626708984, 'max': 42.5099983215332, 'mean': 40.2305265727796, 'count': 38, 'sum': 1528.760009765625, 'median': 40.26000213623047}","(79.37430346400004, 18.03182084900004, 79.56117484200007, 18.167621027000052)",31-07-2023.geojson,Elkathurthi,,,,,
Karimnagar,TSSD0134,97.13,"{'min': 39.029998779296875, 'max': 43.20000076293945, 'mean': 42.09422889122596, 'count': 26, 'sum': 1094.449951171875, 'median': 42.23500061035156}","(79.48944079000006, 18.22671351400004, 79.58025617800007, 18.37787529900004)",31-07-2023.geojson,Ellandakunta,,,,,
Khammam,TSSD0135,189.89,"{'min': 33.38999938964844, 'max': 43.40999984741211, 'mean': 40.166862936580884, 'count': 51, 'sum': 2048.510009765625, 'median': 41.22999954223633}","(80.32325062100006, 17.259354917000053, 80.50833243100004, 17.441441247000057)",31-07-2023.geojson,Enkoor,,,,,
Mulugu,TSSD0136,343.37,"{'min': 33.970001220703125, 'max': 44.189998626708984, 'mean': 37.06369681980299, 'count': 92, 'sum': 3409.860107421875, 'median': 36.45000076293945}","(80.26936561700006, 18.23370998300004, 80.49039395700004, 18.462636728000064)",31-07-2023.geojson,Eturnagaram,,,,,
Rangareddy,TSSD0137,278.36,"{'min': 33.38999938964844, 'max': 38.16999816894531, 'mean': 35.58054001266892, 'count': 74, 'sum': 2632.9599609375, 'median': 35.349998474121094}","(78.06823301000003, 16.93980447000007, 78.31577077500003, 17.115180701000043)",31-07-2023.geojson,Farooqnagar,,,,,
Adilabad,TSSD0138,227.73,"{'min': 34.029998779296875, 'max': 41.529998779296875, 'mean': 37.904840284778224, 'count': 31, 'sum': 1175.050048828125, 'median': 38.310001373291016}","(78.77129668200007, 19.52875835800006, 78.97180690400006, 19.672134552000045)",31-07-2023.geojson,Gadiguda,,,,,
Jogulamba Gadwal,TSSD0139,264.89,"{'min': 34.5099983215332, 'max': 41.209999084472656, 'mean': 37.99550639719203, 'count': 69, 'sum': 2621.68994140625, 'median': 38.04999923706055}","(77.72121964000007, 16.085291977000054, 77.93275208300008, 16.318733621000035)",31-07-2023.geojson,Gadwal,,,,,
Siddipet,TSSD0140,212.47,"{'min': 33.75, 'max': 38.5099983215332, 'mean': 36.28518911508414, 'count': 52, 'sum': 1886.829833984375, 'median': 36.33000183105469}","(78.58303917400008, 17.794325789000027, 78.78577283400006, 17.975258496000038)",31-07-2023.geojson,Gajwel,,,,,
Rajanna Sircilla,TSSD0141,156.05,"{'min': 30.329999923706055, 'max': 37.290000915527344, 'mean': 34.59902581935975, 'count': 41, 'sum': 1418.56005859375, 'median': 35.040000915527344}","(78.52078465300008, 18.22335373800007, 78.64656692100004, 18.42659197100005)",31-07-2023.geojson,Gambhiraopet,,,,,
Mahabubnagar,TSSD0142,228.82,"{'min': 32.9900016784668, 'max': 40.5099983215332, 'mean': 36.95185456452546, 'count': 54, 'sum': 1995.400146484375, 'median': 37.08000183105469}","(77.73779362900007, 16.845154139000044, 77.95386938900003, 16.999075455000025)",31-07-2023.geojson,Gandeed,,,,,
Kamareddy,TSSD0143,333.76,"{'min': 32.54999923706055, 'max': 39.95000076293945, 'mean': 36.66101228738133, 'count': 79, 'sum': 2896.219970703125, 'median': 36.790000915527344}","(77.92036537400008, 18.313249016000043, 78.18359844500003, 18.50402559500003)",31-07-2023.geojson,Gandhari,,,,,
Rangareddy,TSSD0144,104.67,"{'min': 23.940000534057617, 'max': 34.95000076293945, 'mean': 31.80730731670673, 'count': 26, 'sum': 826.989990234375, 'median': 32.525001525878906}","(78.22812814200006, 17.32859737600006, 78.42011614800003, 17.43391934600004)",31-07-2023.geojson,Gandipet,,,,,
Karimnagar,TSSD0145,160.18,"{'min': 34.130001068115234, 'max': 39.060001373291016, 'mean': 36.8797607421875, 'count': 42, 'sum': 1548.949951171875, 'median': 37.01499938964844}","(78.94956144100007, 18.417228382000076, 79.08057825900005, 18.682963267000048)",31-07-2023.geojson,Gangadhara,,,,,
Mahabubabad,TSSD0146,388.97,"{'min': 29.59000015258789, 'max': 40.38999938964844, 'mean': 34.57932692307692, 'count': 104, 'sum': 3596.25, 'median': 34.48999786376953}","(80.09945621800006, 17.703358498000057, 80.32312548900006, 18.023583650000035)",31-07-2023.geojson,Gangaram,,,,,
Karimnagar,TSSD0147,128.88,"{'min': 28.469999313354492, 'max': 40.47999954223633, 'mean': 36.47666607481061, 'count': 33, 'sum': 1203.72998046875, 'median': 37.72999954223633}","(79.00593677600006, 18.285893647000023, 79.15761711400006, 18.42386993300005)",31-07-2023.geojson,Ganneruvaram,,,,,
Suryapet,TSSD0148,196.75,"{'min': 37.209999084472656, 'max': 44.810001373291016, 'mean': 42.3030771108774, 'count': 52, 'sum': 2199.760009765625, 'median': 42.470001220703125}","(79.69899423300006, 16.791794304000064, 79.84726513600003, 16.996734263000064)",31-07-2023.geojson,Garidepalli,,,,,
Mahabubabad,TSSD0149,134.15,"{'min': 36.59000015258789, 'max': 41.43000030517578, 'mean': 39.03342633928571, 'count': 35, 'sum': 1366.169921875, 'median': 39.09000015258789}","(80.09119141800005, 17.438011174000053, 80.22850494600004, 17.593396365000046)",31-07-2023.geojson,Garla,,,,,
Warangal_Rural,TSSD0150,134.93,"{'min': 37.349998474121094, 'max': 43.66999816894531, 'mean': 39.70428641183036, 'count': 35, 'sum': 1389.6500244140625, 'median': 39.56999969482422}","(79.61786745500007, 17.897533089000035, 79.78756875100004, 18.025592932000052)",31-07-2023.geojson,Geesugonda,,,,,
Jayashankar Bhupalpally,TSSD0151,135.95,"{'min': 33.849998474121094, 'max': 42.16999816894531, 'mean': 39.98513711465372, 'count': 37, 'sum': 1479.4500732421875, 'median': 40.5099983215332}","(79.80756877900006, 18.262592781000023, 79.95276371100005, 18.417946673000074)",31-07-2023.geojson,Ghanapur_Mulug,,,,,
Wanaparthy,TSSD0152,155.07,"{'min': 33.16999816894531, 'max': 37.150001525878906, 'mean': 35.076469870174634, 'count': 34, 'sum': 1192.5999755859375, 'median': 35.290000915527344}","(77.98310490100005, 16.47901398600004, 78.12571646600009, 16.626992442000073)",31-07-2023.geojson,Ghanpur,,,,,
Jangoan,TSSD0153,172.06,"{'min': 32.720001220703125, 'max': 39.810001373291016, 'mean': 37.42022026909722, 'count': 45, 'sum': 1683.909912109375, 'median': 37.630001068115234}","(79.23152818800008, 17.720237033000046, 79.42362870100004, 17.892366453000022)",31-07-2023.geojson,Ghanpur (Stn),,,,,
Medchal_Malkajgiri,TSSD0154,123.94,"{'min': 31.59000015258789, 'max': 36.38999938964844, 'mean': 34.760966639364916, 'count': 31, 'sum': 1077.5899658203125, 'median': 34.90999984741211}","(78.61964476900005, 17.377866780000033, 78.75985781500003, 17.488422350000064)",31-07-2023.geojson,Ghatkesar,,,,,
Jogulamba Gadwal,TSSD0155,267.38,"{'min': 25.950000762939453, 'max': 40.09000015258789, 'mean': 35.585868503736414, 'count': 46, 'sum': 1636.949951171875, 'median': 35.88999938964844}","(77.49353266000008, 15.976683508000065, 77.64425295800004, 16.21363012000006)",31-07-2023.geojson,Ghattu,,,,,
Hyderabad,TSSD0156,9.86,"{'min': 34.470001220703125, 'max': 35.0099983215332, 'mean': 34.73999786376953, 'count': 2, 'sum': 69.47999572753906, 'median': 34.73999786376953}","(78.38383245800003, 17.369513270000027, 78.43137261900006, 17.39634099500006)",31-07-2023.geojson,Golkonda,,,,,
Jagtial,TSSD0157,151.75,"{'min': 32.40999984741211, 'max': 40.77000045776367, 'mean': 36.87110731336806, 'count': 36, 'sum': 1327.35986328125, 'median': 36.459999084472656}","(78.95794203800006, 18.74532743900005, 79.15334781300004, 18.85190287000006)",31-07-2023.geojson,Gollapalli,,,,,
Wanaparthy,TSSD0158,125.4,"{'min': 33.0099983215332, 'max': 39.06999969482422, 'mean': 36.477999441964286, 'count': 35, 'sum': 1276.72998046875, 'median': 36.209999084472656}","(78.08591650400007, 16.328531611000074, 78.20166738400007, 16.47124508400003)",31-07-2023.geojson,Gopalpet,,,,,
Mulugu,TSSD0159,343.34,"{'min': 33.66999816894531, 'max': 42.529998779296875, 'mean': 37.80011337104885, 'count': 87, 'sum': 3288.60986328125, 'median': 37.290000915527344}","(79.99281799200008, 18.08316615600006, 80.26935217700003, 18.29768950400006)",31-07-2023.geojson,Govindaraopet,,,,,
Adilabad,TSSD0160,159.79,"{'count': 1, 'min': 'N/A', 'mean': 'N/A', 'max': 'N/A', 'median': 'N/A'}","(78.44054848400003, 19.441831296000146, 78.58019452000008, 19.607753279000065)",31-07-2023.geojson,Gudihathnur,,,,,
Mahabubabad,TSSD0161,312.8,"{'min': 30.110000610351562, 'max': 42.689998626708984, 'mean': 37.688699861852136, 'count': 82, 'sum': 3090.473388671875, 'median': 37.790000915527344}","(79.87550272900006, 17.686846624000054, 80.15255229900004, 17.87590134000004)",31-07-2023.geojson,Gudur,,,,,
Sangareddy,TSSD0162,98.98,"{'min': 29.93000030517578, 'max': 36.310001373291016, 'mean': 33.019599609375, 'count': 25, 'sum': 825.489990234375, 'median': 32.83000183105469}","(78.31472103200008, 17.61424192000004, 78.44886573200006, 17.746359040000073)",31-07-2023.geojson,Gummadidala,,,,,
Bhadradri Kothagudem,TSSD0163,495.92,"{'min': 31.229999542236328, 'max': 43.470001220703125, 'mean': 37.631362452651516, 'count': 132, 'sum': 4967.33984375, 'median': 37.69999694824219}","(80.25193695800004, 17.734911501000056, 80.47191641100005, 18.082237242000076)",31-07-2023.geojson,Gundala,,,,,
Yadadri Bhuvanagiri,TSSD0164,172.25,"{'min': 34.16999816894531, 'max': 38.5099983215332, 'mean': 36.13772860440341, 'count': 44, 'sum': 1590.06005859375, 'median': 35.9900016784668}","(79.14910012700005, 17.45209845900007, 79.37870067300008, 17.62417806900004)",31-07-2023.geojson,Gundala,,,,,
Nalgonda,TSSD0165,263.41,"{'min': 35.33000183105469, 'max': 41.11000061035156, 'mean': 38.358527688419116, 'count': 68, 'sum': 2608.3798828125, 'median': 38.45000076293945}","(78.61528553800008, 16.514907610000023, 78.85800945400007, 16.715959889000032)",31-07-2023.geojson,Gundlapally,,,,,
Nalgonda,TSSD0166,309.8,"{'min': 35.0, 'max': 42.810001373291016, 'mean': 38.49060951791159, 'count': 82, 'sum': 3156.22998046875, 'median': 37.970001220703125}","(78.99484315300003, 16.723799824000025, 79.20953000900005, 16.93974487500003)",31-07-2023.geojson,Gurrampode,,,,,
Mancherial,TSSD0167,257.54,"{'min': 27.329999923706055, 'max': 41.0099983215332, 'mean': 37.58151707504735, 'count': 33, 'sum': 1240.1900634765625, 'median': 39.59000015258789}","(79.26565732000006, 18.814436070000056, 79.42256325600005, 19.008309308000037)",31-07-2023.geojson,Hajipur,,,,,
Warangal_Urban,TSSD0168,45.74,"{'min': 35.66999816894531, 'max': 41.25, 'mean': 38.675000508626304, 'count': 12, 'sum': 464.1000061035156, 'median': 38.86000061035156}","(79.50733597600004, 17.982258095000077, 79.59918790600005, 18.051422419000062)",31-07-2023.geojson,Hanamkonda,,,,,
Mahabubnagar,TSSD0169,168.92,"{'min': 32.970001220703125, 'max': 39.61000061035156, 'mean': 35.8963623046875, 'count': 44, 'sum': 1579.43994140625, 'median': 35.68000030517578}","(77.76252807700007, 16.752192707000063, 77.98873493800005, 16.893183992000047)",31-07-2023.geojson,Hanwada,,,,,
Warangal_Urban,TSSD0170,161.17,"{'min': 36.310001373291016, 'max': 43.25, 'mean': 41.223490870276166, 'count': 43, 'sum': 1772.610107421875, 'median': 41.290000915527344}","(79.43172067800003, 17.991968021000048, 79.62513964800007, 18.143584798000063)",31-07-2023.geojson,Hasanparthy,,,,,
Sangareddy,TSSD0171,204.77,"{'min': 30.649999618530273, 'max': 38.25, 'mean': 35.73446437290737, 'count': 56, 'sum': 2001.1300048828125, 'median': 35.84000015258789}","(78.10555045300003, 17.63393108100007, 78.31945472700005, 17.83424511100003)",31-07-2023.geojson,Hathnoora,,,,,
Medak,TSSD0172,187.01,"{'min': 31.329999923706055, 'max': 36.04999923706055, 'mean': 33.7564167526533, 'count': 53, 'sum': 1789.090087890625, 'median': 33.77000045776367}","(78.15651423700007, 18.05332005300005, 78.35309415700004, 18.215476757000033)",31-07-2023.geojson,Havelighanpur,,,,,
Rangareddy,TSSD0173,30.54,"{'min': 34.040000915527344, 'max': 37.150001525878906, 'mean': 35.411109076605904, 'count': 9, 'sum': 318.6999816894531, 'median': 34.900001525878906}","(78.52755004100004, 17.306583933000013, 78.61900574700013, 17.348163568000075)",31-07-2023.geojson,Hayathnagar,,,,,
Hyderabad,TSSD0174,6.58,"{'min': 31.15999984741211, 'max': 32.63999938964844, 'mean': 31.899999618530273, 'count': 2, 'sum': 63.79999923706055, 'median': 31.899999618530273}","(78.47360807500007, 17.38688961500003, 78.50484873500005, 17.421948936000035)",31-07-2023.geojson,Himayatnagar,,,,,
Siddipet,TSSD0175,117.52,"{'min': 33.93000030517578, 'max': 41.11000061035156, 'mean': 36.84032415574597, 'count': 31, 'sum': 1142.050048828125, 'median': 36.5099983215332}","(79.13916242100004, 18.08470961100005, 79.30335584600004, 18.180728988000055)",31-07-2023.geojson,Husnabad,,,,,
Suryapet,TSSD0176,126.8,"{'min': 39.130001068115234, 'max': 44.290000915527344, 'mean': 42.19303015506629, 'count': 33, 'sum': 1392.3699951171875, 'median': 42.25}","(79.76496890800007, 16.81112220400007, 79.93455343000005, 16.95645507200004)",31-07-2023.geojson,Huzur nagar,,,,,
Karimnagar,TSSD0177,138.33,"{'min': 36.029998779296875, 'max': 40.54999923706055, 'mean': 37.976111518012154, 'count': 36, 'sum': 1367.1400146484375, 'median': 37.869998931884766}","(79.33974401500006, 18.149110196000038, 79.48471113900007, 18.285271040000055)",31-07-2023.geojson,Huzurabad,,,,,
Jagtial,TSSD0178,142.28,"{'count': 1, 'min': 'N/A', 'mean': 'N/A', 'max': 'N/A', 'median': 'N/A'}","(78.51963186500006, 18.84352731300004, 78.64824793900004, 19.00011807900006)",31-07-2023.geojson,Ibrahimpatnam,,,,,
Rangareddy,TSSD0179,274.25,"{'min': 29.239999771118164, 'max': 36.59000015258789, 'mean': 34.60041639539931, 'count': 72, 'sum': 2491.22998046875, 'median': 35.05999755859375}","(78.51594250300008, 17.11693136100007, 78.81737317200003, 17.26846339900004)",31-07-2023.geojson,Ibrahimpatnam,,,,,
Adilabad,TSSD0180,211.85,"{'min': 33.150001525878906, 'max': 43.06999969482422, 'mean': 39.86032006048387, 'count': 31, 'sum': 1235.669921875, 'median': 40.75}","(78.40972741900003, 19.27144580600003, 78.59073863400005, 19.476086989000066)",31-07-2023.geojson,Ichoda,,,,,
Rajanna Sircilla,TSSD0181,222.52,"{'min': 30.030000686645508, 'max': 41.2599983215332, 'mean': 36.42465315193966, 'count': 58, 'sum': 2112.6298828125, 'median': 36.52000045776367}","(78.82265059000008, 18.234493222000026, 79.02266919100003, 18.400162883000064)",31-07-2023.geojson,Illanthakunta,,,,,
Warangal_Urban,TSSD0182,154.53,"{'min': 36.40999984741211, 'max': 41.61000061035156, 'mean': 38.97769243289263, 'count': 39, 'sum': 1520.1300048828125, 'median': 38.75}","(79.48651884400005, 17.786163054000042, 79.62215459200007, 17.94046736200005)",31-07-2023.geojson,Inavolu,,,,,
Nizamabad,TSSD0183,187.42,"{'min': 25.149999618530273, 'max': 36.56999969482422, 'mean': 32.54870010003811, 'count': 41, 'sum': 1334.4967041015625, 'median': 32.77000045776367}","(78.16214130800006, 18.452259628000036, 78.35381027700004, 18.595203980000065)",31-07-2023.geojson,Indalwai,,,,,
Adilabad,TSSD0184,209.33,"{'min': 38.88999938964844, 'max': 38.970001220703125, 'mean': 38.93000030517578, 'count': 2, 'sum': 77.86000061035156, 'median': 38.93000030517578}","(78.56653272500006, 19.379057926000144, 78.76792306800007, 19.567601660000037)",31-07-2023.geojson,Inderavelly,,,,,
Jogulamba Gadwal,TSSD0185,302.11,"{'min': 37.709999084472656, 'max': 42.470001220703125, 'mean': 40.42440104166667, 'count': 75, 'sum': 3031.830078125, 'median': 40.59000015258789}","(77.74751634700004, 15.980643073000067, 77.98393237000005, 16.184409668000058)",31-07-2023.geojson,Itikyal,,,,,
Mahabubnagar,TSSD0186,294.27,"{'min': 33.22999954223633, 'max': 39.88999938964844, 'mean': 38.305617241010275, 'count': 73, 'sum': 2796.31005859375, 'median': 38.650001525878906}","(78.04502359400004, 16.680028693000054, 78.33050907800003, 16.87941384800007)",31-07-2023.geojson,Jadcherla,,,,,
Siddipet,TSSD0187,180.4,"{'min': 34.72999954223633, 'max': 39.560001373291016, 'mean': 37.13918257732781, 'count': 49, 'sum': 1819.8199462890625, 'median': 36.95000076293945}","(78.75126357400006, 17.708628498000053, 78.87944648100006, 17.882764563000023)",31-07-2023.geojson,Jagdevpur,,,,,
Jagtial,TSSD0188,167.3,"{'min': 28.049999237060547, 'max': 39.22999954223633, 'mean': 35.54999923706055, 'count': 32, 'sum': 1137.5999755859375, 'median': 36.59000015258789}","(78.83197213700004, 18.733277460000068, 79.02319924200003, 18.91632891000006)",31-07-2023.geojson,Jagityal_Rural,,,,,
Jagtial,TSSD0189,42.64,"{'min': 35.72999954223633, 'max': 38.72999954223633, 'mean': 36.81999969482422, 'count': 6, 'sum': 220.9199981689453, 'median': 35.970001220703125}","(78.86249569300008, 18.75130130900004, 78.95751334400006, 18.846050929000057)",31-07-2023.geojson,Jagtial,,,,,
Adilabad,TSSD0190,292.5,"{'count': 1, 'min': 'N/A', 'mean': 'N/A', 'max': 'N/A', 'median': 'N/A'}","(78.48221105400006, 19.607848390000072, 78.72451328000005, 19.824464031000048)",31-07-2023.geojson,Jainad,,,,,
Kumurambheem Asifabad,TSSD0191,218.89,"{'min': 35.38999938964844, 'max': 42.06999969482422, 'mean': 39.214285714285715, 'count': 42, 'sum': 1647.0, 'median': 39.20000076293945}","(78.81724445500004, 19.330609164000066, 79.02370996100007, 19.493592587000023)",31-07-2023.geojson,Jainoor,,,,,
Mancherial,TSSD0192,276.43,"{'min': 27.170000076293945, 'max': 39.75, 'mean': 35.12671661376953, 'count': 64, 'sum': 2248.10986328125, 'median': 35.790000915527344}","(79.49531298200003, 18.672040560000028, 79.72117428100006, 18.918660784000053)",31-07-2023.geojson,Jaipur,,,,,
Suryapet,TSSD0193,133.29,"{'min': 34.689998626708984, 'max': 39.470001220703125, 'mean': 36.30333362926137, 'count': 33, 'sum': 1198.010009765625, 'median': 36.04999923706055}","(79.46290112300005, 17.258733534000044, 79.63232247300004, 17.380224128000066)",31-07-2023.geojson,Jajireddigudem,,,,,
Nizamabad,TSSD0194,148.29,"{'min': 33.900001525878906, 'max': 39.11000061035156, 'mean': 36.170295266544116, 'count': 34, 'sum': 1229.7900390625, 'median': 35.94000244140625}","(78.20206317300006, 18.65066335100005, 78.36254571500007, 18.77647975900004)",31-07-2023.geojson,Jakranpally,,,,,
Karimnagar,TSSD0195,134.59,"{'min': 36.59000015258789, 'max': 43.06999969482422, 'mean': 40.912124171401516, 'count': 33, 'sum': 1350.10009765625, 'median': 41.25}","(79.40829887400008, 18.227515953000022, 79.57987678900008, 18.423882431000038)",31-07-2023.geojson,Jammikunta,,,,,
Jangoan,TSSD0196,196.46,"{'min': 33.189998626708984, 'max': 40.54999923706055, 'mean': 37.04818004261364, 'count': 55, 'sum': 2037.64990234375, 'median': 36.970001220703125}","(79.04601963500005, 17.668628100000035, 79.21037403500003, 17.842303224000034)",31-07-2023.geojson,Jangoan,,,,,
Mancherial,TSSD0197,325.26,"{'min': 32.470001220703125, 'max': 40.0099983215332, 'mean': 38.529998779296875, 'count': 6, 'sum': 231.17999267578125, 'median': 39.65999984741211}","(78.87934684700008, 19.019900233000044, 79.14171378500004, 19.252420733000065)",31-07-2023.geojson,Jannaram,,,,,
Sangareddy,TSSD0198,201.74,"{'min': 35.290000915527344, 'max': 41.72999954223633, 'mean': 38.851481119791664, 'count': 54, 'sum': 2097.97998046875, 'median': 39.0099983215332}","(77.61983002400007, 17.658920608000074, 77.80166598000005, 17.830565180000065)",31-07-2023.geojson,Jharasangam,,,,,
Kamareddy,TSSD0199,202.26,"{'min': 35.77000045776367, 'max': 42.5099983215332, 'mean': 38.97993499157476, 'count': 51, 'sum': 1987.9766845703125, 'median': 39.06999969482422}","(77.52089201100006, 18.28200709200007, 77.71327737400003, 18.44419848700005)",31-07-2023.geojson,Jukkal,,,,,
Peddapalli,TSSD0200,99.87,"{'min': 34.93000030517578, 'max': 41.45000076293945, 'mean': 38.82919921875, 'count': 25, 'sum': 970.72998046875, 'median': 39.16999816894531}","(79.18432516400003, 18.56760788400004, 79.32424630400004, 18.684515247000036)",31-07-2023.geojson,Julapalli,,,,,
Bhadradri Kothagudem,TSSD0201,238.74,"{'min': 32.4900016784668, 'max': 42.72999954223633, 'mean': 39.47984095982143, 'count': 63, 'sum': 2487.22998046875, 'median': 39.9900016784668}","(80.39497889400008, 17.31732979800006, 80.57083109400008, 17.508103492000032)",31-07-2023.geojson,Julurupad,,,,,
Nirmal,TSSD0202,468.09,"{'min': 24.43000030517578, 'max': 39.43000030517578, 'mean': 31.64933416193182, 'count': 55, 'sum': 1740.71337890625, 'median': 30.780000686645508}","(78.69038218300005, 19.013677769000026, 78.95237500500008, 19.29677890000005)",31-07-2023.geojson,Kaddampeddur,,,,,
Rangareddy,TSSD0203,206.42,"{'min': 31.3700008392334, 'max': 36.93000030517578, 'mean': 34.279075339988424, 'count': 54, 'sum': 1851.070068359375, 'median': 34.470001220703125}","(78.39963638200004, 16.889455397000063, 78.66726844000004, 17.01510399700004)",31-07-2023.geojson,Kadthal,,,,,
Kumurambheem Asifabad,TSSD0204,442.33,"{'count': 1, 'min': 'N/A', 'mean': 'N/A', 'max': 'N/A', 'median': 'N/A'}","(79.37624127800007, 19.26380363800007, 79.74691375500004, 19.538272434000078)",31-07-2023.geojson,Kagaznagar,,,,,
Sangareddy,TSSD0205,148.77,"{'min': 29.889999389648438, 'max': 38.369998931884766, 'mean': 35.212164801520274, 'count': 37, 'sum': 1302.85009765625, 'median': 35.650001525878906}","(77.76680836100007, 18.084424897000076, 77.94552432200004, 18.20773521800004)",31-07-2023.geojson,Kalher,,,,,
Khammam,TSSD0206,369.38,"{'min': 31.989999771118164, 'max': 42.9900016784668, 'mean': 38.6436271248283, 'count': 91, 'sum': 3516.570068359375, 'median': 39.40999984741211}","(80.41727157700007, 17.030005989000074, 80.66704650100007, 17.34559519800007)",31-07-2023.geojson,Kalluru,,,,,
Jogulamba Gadwal,TSSD0207,176.12,"{'min': 30.59000015258789, 'max': 37.59000015258789, 'mean': 35.475624084472656, 'count': 32, 'sum': 1135.219970703125, 'median': 36.099998474121094}","(77.48561464400007, 16.116851987000075, 77.61961696400004, 16.303990486000032)",31-07-2023.geojson,Kaloor_Thimmandoddi,,,,,
Nagarkurnool,TSSD0208,291.99,"{'min': 34.25, 'max': 37.9900016784668, 'mean': 35.65421014083059, 'count': 76, 'sum': 2709.719970703125, 'median': 35.529998779296875}","(78.36374511900004, 16.483303271000068, 78.58638191300008, 16.728683611000065)",31-07-2023.geojson,Kalwakurthy,,,,,
Warangal_Urban,TSSD0209,158.52,"{'min': 36.43000030517578, 'max': 43.470001220703125, 'mean': 40.824762253534224, 'count': 42, 'sum': 1714.6400146484375, 'median': 41.66999816894531}","(79.45670027600005, 18.120212555000023, 79.60823806600007, 18.266255774000058)",31-07-2023.geojson,Kamalapur,,,,,
Peddapalli,TSSD0210,60.42,"{'min': 35.45000076293945, 'max': 37.290000915527344, 'mean': 36.47428676060268, 'count': 14, 'sum': 510.6400146484375, 'median': 36.75}","(79.44875966900008, 18.60172770400004, 79.55246524200004, 18.72207649300003)",31-07-2023.geojson,Kamanpur,,,,,
Kamareddy,TSSD0211,128.44,"{'min': 30.0, 'max': 39.130001068115234, 'mean': 34.500294404871326, 'count': 34, 'sum': 1173.010009765625, 'median': 34.779998779296875}","(78.28734170500007, 18.25636160700003, 78.42834563700006, 18.390731163000055)",31-07-2023.geojson,Kamareddy,,,,,
Khammam,TSSD0212,181.36,"{'min': 33.43000030517578, 'max': 43.189998626708984, 'mean': 39.618161571269134, 'count': 49, 'sum': 1941.2899169921875, 'median': 39.4900016784668}","(80.15945686500004, 17.360238606000053, 80.35567105000007, 17.479176385000073)",31-07-2023.geojson,Kamepally,,,,,
Nalgonda,TSSD0213,224.78,"{'min': 33.33000183105469, 'max': 39.630001068115234, 'mean': 36.6415801466557, 'count': 57, 'sum': 2088.570068359375, 'median': 36.56999969482422}","(79.08479661000007, 16.864916728000026, 79.34770917300006, 17.030184575000078)",31-07-2023.geojson,Kanagal,,,,,
Sangareddy,TSSD0214,133.14,"{'min': 34.11000061035156, 'max': 40.93000030517578, 'mean': 37.18555704752604, 'count': 36, 'sum': 1338.6800537109375, 'median': 37.029998779296875}","(78.05577804100005, 17.483520140000053, 78.23367294200006, 17.655179960000055)",31-07-2023.geojson,Kandi,,,,,
Rangareddy,TSSD0215,307.2,"{'min': 32.790000915527344, 'max': 38.04999923706055, 'mean': 35.630507070806964, 'count': 79, 'sum': 2814.81005859375, 'median': 35.59000015258789}","(78.37786338200004, 16.983478904000037, 78.61378330000008, 17.178800228000057)",31-07-2023.geojson,Kandukur,,,,,
Sangareddy,TSSD0216,229.57,"{'min': 37.88999938964844, 'max': 42.66999816894531, 'mean': 40.86610335010593, 'count': 59, 'sum': 2411.10009765625, 'median': 41.130001068115234}","(77.57077416300007, 18.120266103000063, 77.74494665400005, 18.30851545200005)",31-07-2023.geojson,Kangti,,,,,
Mulugu,TSSD0217,375.33,"{'min': 31.889999389648438, 'max': 40.93000030517578, 'mean': 35.52235322840073, 'count': 102, 'sum': 3623.280029296875, 'median': 35.209999084472656}","(80.21744759700005, 18.35017838500005, 80.43136112100007, 18.610090848000027)",31-07-2023.geojson,Kannaigudem,,,,,
Mancherial,TSSD0218,169.42,"{'min': 33.290000915527344, 'max': 39.90999984741211, 'mean': 36.807000732421876, 'count': 20, 'sum': 736.1400146484375, 'median': 36.63999938964844}","(79.54341301, 19.086726224000074, 79.80515899400007, 19.21311288000004)",31-07-2023.geojson,Kannepalli,,,,,
Medchal_Malkajgiri,TSSD0219,37.4,"{'min': 33.029998779296875, 'max': 36.22999954223633, 'mean': 35.25181995738637, 'count': 11, 'sum': 387.77001953125, 'median': 35.77000045776367}","(78.53993706400007, 17.44957181700005, 78.62275029699998, 17.55306448500005)",31-07-2023.geojson,Kapra,,,,,
Bhadradri Kothagudem,TSSD0220,222.05,"{'min': 32.349998474121094, 'max': 43.11000061035156, 'mean': 38.81278030960648, 'count': 54, 'sum': 2095.89013671875, 'median': 39.41999816894531}","(80.43846561000004, 17.91182510400006, 80.64919648500006, 18.143483696000033)",31-07-2023.geojson,Karakagudem,,,,,
Karimnagar,TSSD0221,34.8,"{'min': 32.13999938964844, 'max': 39.43000030517578, 'mean': 36.41999816894531, 'count': 8, 'sum': 291.3599853515625, 'median': 38.06999969482422}","(79.07978481800006, 18.39706940700006, 79.15386183100003, 18.460363398000027)",31-07-2023.geojson,Karimnagar,,,,,
Karimnagar,TSSD0222,108.97,"{'min': 36.83000183105469, 'max': 40.88999938964844, 'mean': 38.83714076450893, 'count': 28, 'sum': 1087.43994140625, 'median': 38.900001525878906}","(79.11435933800004, 18.420124626000074, 79.23690609300007, 18.537991315000056)",31-07-2023.geojson,Karimnagar_Rural,,,,,
Mancherial,TSSD0223,335.72,"{'min': 25.40999984741211, 'max': 41.16999816894531, 'mean': 35.17537313432836, 'count': 67, 'sum': 2356.75, 'median': 35.97999954223633}","(79.21160353400006, 18.98447436300006, 79.48608882700012, 19.158965162000072)",31-07-2023.geojson,Kasipet,,,,,
Jayashankar Bhupalpally,TSSD0224,274.84,"{'min': 28.770000457763672, 'max': 40.650001525878906, 'mean': 36.99000026755137, 'count': 73, 'sum': 2700.27001953125, 'median': 37.4900016784668}","(79.81231549100005, 18.510496689000036, 80.03347280200006, 18.756648708000057)",31-07-2023.geojson,Kataram,,,,,
Jagtial,TSSD0225,181.36,"{'min': 33.88999938964844, 'max': 39.38999938964844, 'mean': 37.41340280086436, 'count': 47, 'sum': 1758.429931640625, 'median': 37.93000030517578}","(78.63177820100003, 18.63224633300007, 78.76086174700004, 18.789508428000033)",31-07-2023.geojson,Kathlapur,,,,,
Nalgonda,TSSD0226,192.46,"{'min': 33.689998626708984, 'max': 37.790000915527344, 'mean': 35.84918586575255, 'count': 49, 'sum': 1756.610107421875, 'median': 35.869998931884766}","(79.24206770600006, 17.11172541600007, 79.38446925700003, 17.291596570000024)",31-07-2023.geojson,Kattangur,,,,,
Medchal_Malkajgiri,TSSD0227,134.6,"{'min': 33.06999969482422, 'max': 36.09000015258789, 'mean': 34.969441731770836, 'count': 36, 'sum': 1258.89990234375, 'median': 35.12999725341797}","(78.58185183200004, 17.451533257000108, 78.71265088600006, 17.579974081000103)",31-07-2023.geojson,Keesara,,,,,
Kumurambheem Asifabad,TSSD0228,347.89,"{'min': 34.5099983215332, 'max': 42.790000915527344, 'mean': 38.144385622258774, 'count': 57, 'sum': 2174.22998046875, 'median': 37.630001068115234}","(78.93889619900006, 19.359033433000036, 79.22333654800008, 19.56146381700006)",31-07-2023.geojson,Kerameri,,,,,
Mahabubabad,TSSD0229,223.57,"{'min': 37.95000076293945, 'max': 41.61000061035156, 'mean': 39.55807120339912, 'count': 57, 'sum': 2254.81005859375, 'median': 39.4900016784668}","(79.76580500600005, 17.60004913100005, 80.002845149, 17.77047760000005)",31-07-2023.geojson,Kesamudram,,,,,
Rangareddy,TSSD0230,224.92,"{'min': 33.650001525878906, 'max': 38.349998474121094, 'mean': 36.73466796875, 'count': 60, 'sum': 2204.080078125, 'median': 36.900001525878906}","(78.24782720400003, 16.852182651000078, 78.41558469000006, 17.051382707000073)",31-07-2023.geojson,Keshampeta,,,,,
Nalgonda,TSSD0231,147.6,"{'min': 29.690000534057617, 'max': 43.130001068115234, 'mean': 38.886922200520836, 'count': 39, 'sum': 1516.5899658203125, 'median': 38.790000915527344}","(79.43344777400006, 17.072395302000075, 79.59338210900006, 17.250148180000053)",31-07-2023.geojson,Kethepally,,,,,
Warangal_Urban,TSSD0232,107.02,"{'min': 35.93000030517578, 'max': 39.650001525878906, 'mean': 38.0514820240162, 'count': 27, 'sum': 1027.3900146484375, 'median': 38.04999923706055}","(79.43206155600006, 17.908547911000028, 79.58935561300007, 18.00993669500002)",31-07-2023.geojson,Khaazipet,,,,,
Hyderabad,TSSD0233,17.24,"{'min': 28.360000610351562, 'max': 36.38999938964844, 'mean': 33.977500915527344, 'count': 4, 'sum': 135.91000366210938, 'median': 35.58000183105469}","(78.40497752100003, 17.40010627500004, 78.47749341400004, 17.45407132100007)",31-07-2023.geojson,Khairatabad,,,,,
Khammam,TSSD0234,193.74,"{'min': 40.290000915527344, 'max': 45.61000061035156, 'mean': 42.372802734375, 'count': 50, 'sum': 2118.64013671875, 'median': 42.25}","(80.01676642200005, 17.178663853000046, 80.16691561700003, 17.394157440000072)",31-07-2023.geojson,Khammam_Rural,,,,,
Khammam,TSSD0235,92.31,"{'min': 39.93000030517578, 'max': 42.5099983215332, 'mean': 41.27695630944294, 'count': 23, 'sum': 949.3699951171875, 'median': 41.43000030517578}","(80.12187342100003, 17.179281596000067, 80.21584618000009, 17.31547050200004)",31-07-2023.geojson,Khammam_Urban,,,,,
Nirmal,TSSD0236,237.88,"{'min': 26.18000030517578, 'max': 39.029998779296875, 'mean': 32.405690262957314, 'count': 41, 'sum': 1328.63330078125, 'median': 31.389999389648438}","(78.50897303500005, 18.978111671000022, 78.74854953300007, 19.202461990000074)",31-07-2023.geojson,Khanapur,,,,,
Warangal_Rural,TSSD0237,139.46,"{'min': 29.969999313354492, 'max': 42.88999938964844, 'mean': 38.557779947916664, 'count': 36, 'sum': 1388.080078125, 'median': 40.02000045776367}","(79.88459942400004, 17.83523181700002, 80.00451405900003, 18.01960718500004)",31-07-2023.geojson,Khanapur,,,,,
Warangal_Urban,TSSD0238,81.36,"{'min': 34.93000030517578, 'max': 40.349998474121094, 'mean': 37.37999933416193, 'count': 22, 'sum': 822.3599853515625, 'median': 37.209999084472656}","(79.55364750200005, 17.86915675800003, 79.65825854800005, 17.98640269400005)",31-07-2023.geojson,Khila Warangal,,,,,
Suryapet,TSSD0239,172.15,"{'min': 38.029998779296875, 'max': 43.470001220703125, 'mean': 41.66380673363095, 'count': 42, 'sum': 1749.8798828125, 'median': 41.689998626708984}","(79.91293512200008, 16.880339314000025, 80.06097163900006, 17.02691814700006)",31-07-2023.geojson,Kodad,,,,,
Nagarkurnool,TSSD0240,205.2,"{'min': 31.969999313354492, 'max': 41.75, 'mean': 39.809262876157405, 'count': 54, 'sum': 2149.7001953125, 'median': 40.31999969482422}","(78.16474055700007, 16.14974309100006, 78.34461354300004, 16.333836054000074)",31-07-2023.geojson,Kodair,,,,,
Vikarabad,TSSD0241,249.51,"{'min': 35.25, 'max': 41.54999923706055, 'mean': 38.5426456227022, 'count': 68, 'sum': 2620.89990234375, 'median': 38.55999755859375}","(77.46259225600005, 17.020933969000055, 77.71683994900008, 17.17841245900007)",31-07-2023.geojson,Kodangal,,,,,
Jagtial,TSSD0242,173.87,"{'min': 32.189998626708984, 'max': 38.09000015258789, 'mean': 35.583110894097224, 'count': 45, 'sum': 1601.239990234375, 'median': 35.810001373291016}","(78.78718529200006, 18.563739734000023, 78.98850070800006, 18.686862396000038)",31-07-2023.geojson,Kodimial,,,,,
Siddipet,TSSD0243,206.41,"{'min': 32.22999954223633, 'max': 40.38999938964844, 'mean': 38.18480741060697, 'count': 52, 'sum': 1985.6099853515625, 'median': 38.80000305175781}","(79.00475320700008, 18.075903099000072, 79.16300517000008, 18.272269959000027)",31-07-2023.geojson,Koheda,,,,,
Sangareddy,TSSD0244,227.62,"{'min': 33.130001068115234, 'max': 39.54999923706055, 'mean': 36.5205078125, 'count': 59, 'sum': 2154.7099609375, 'median': 36.5099983215332}","(77.59549222600003, 17.509127681000052, 77.78321894100003, 17.705224807000036)",31-07-2023.geojson,Kohir,,,,,
Mahabubnagar,TSSD0245,223.05,"{'min': 33.4900016784668, 'max': 40.04999923706055, 'mean': 37.661376953125, 'count': 58, 'sum': 2184.35986328125, 'median': 37.76000213623047}","(77.67537161200005, 16.697912056000064, 77.90854289100008, 16.881360866000023)",31-07-2023.geojson,Koilkonda,,,,,
Nagarkurnool,TSSD0246,550.84,"{'min': 26.190000534057617, 'max': 42.790000915527344, 'mean': 36.099013819839016, 'count': 132, 'sum': 4765.06982421875, 'median': 37.31999969482422}","(78.21815549000007, 16.033659166000064, 78.66318925900003, 16.216795599000022)",31-07-2023.geojson,Kollapur,,,,,
Siddipet,TSSD0247,70.37,"{'min': 33.66999816894531, 'max': 36.720001220703125, 'mean': 35.128333197699654, 'count': 18, 'sum': 632.3099975585938, 'median': 35.01000213623047}","(78.82737597900007, 17.86888004900004, 78.93496047300005, 17.983517422000034)",31-07-2023.geojson,Komuravelli,,,,,
Rajanna Sircilla,TSSD0248,206.05,"{'min': 32.25, 'max': 41.119998931884766, 'mean': 36.296481662326386, 'count': 54, 'sum': 1960.010009765625, 'median': 36.27000045776367}","(78.59701726600008, 18.404112823000048, 78.81650433000004, 18.58795516200007)",31-07-2023.geojson,Konaraopet,,,,,
Nalgonda,TSSD0249,129.18,"{'min': 36.25, 'max': 42.150001525878906, 'mean': 40.30454693418561, 'count': 33, 'sum': 1330.050048828125, 'median': 40.650001525878906}","(78.91051620800005, 16.62638713000007, 79.06204241500006, 16.761790924000024)",31-07-2023.geojson,Kondamallapally,,,,,
Siddipet,TSSD0250,228.02,"{'min': 29.530000686645508, 'max': 36.33000183105469, 'mean': 34.32688428534836, 'count': 61, 'sum': 2093.93994140625, 'median': 34.630001068115234}","(78.73352452400007, 17.87685569000007, 78.96029991500006, 18.053425754000045)",31-07-2023.geojson,Kondapak,,,,,
Sangareddy,TSSD0251,151.36,"{'min': 31.170000076293945, 'max': 40.27000045776367, 'mean': 36.79410181290064, 'count': 39, 'sum': 1434.969970703125, 'median': 37.11000061035156}","(77.93383054400005, 17.44954626200007, 78.07324348600008, 17.61087989500004)",31-07-2023.geojson,Kondapur,,,,,
Rangareddy,TSSD0252,130.56,"{'min': 34.66999816894531, 'max': 40.25, 'mean': 36.89000028722427, 'count': 34, 'sum': 1254.260009765625, 'median': 36.54999923706055}","(78.01091079200006, 16.999636834000057, 78.09773848800006, 17.187709674000075)",31-07-2023.geojson,Kondurg,,,,,
Khammam,TSSD0253,248.08,"{'min': 30.989999771118164, 'max': 44.650001525878906, 'mean': 42.092122395833336, 'count': 66, 'sum': 2778.080078125, 'median': 42.81999969482422}","(80.22907869200003, 17.128139428000054, 80.38924637100007, 17.358600223000053)",31-07-2023.geojson,Konijerla,,,,,
Jagtial,TSSD0254,137.05,"{'min': 29.030000686645508, 'max': 40.4900016784668, 'mean': 37.97000029592803, 'count': 33, 'sum': 1253.010009765625, 'median': 38.790000915527344}","(78.66979872300004, 18.779122311000037, 78.80776997400005, 18.901121141000033)",31-07-2023.geojson,Korutla,,,,,
Narayanpet,TSSD0255,202.41,"{'min': 36.029998779296875, 'max': 41.189998626708984, 'mean': 38.93296531394676, 'count': 54, 'sum': 2102.380126953125, 'median': 38.95000076293945}","(77.62150517800006, 16.868413100000055, 77.78388791600008, 17.061626292000028)",31-07-2023.geojson,Kosgi,,,,,
Nizamabad,TSSD0256,167.13,"{'min': 27.489999771118164, 'max': 29.729999542236328, 'mean': 28.672224256727432, 'count': 9, 'sum': 258.0500183105469, 'median': 28.829999923706055}","(77.73094932200007, 18.49717835900003, 77.85433638100005, 18.66689713100004)",31-07-2023.geojson,Kotagiri,,,,,
Vikarabad,TSSD0257,113.18,"{'min': 31.90999984741211, 'max': 38.88999938964844, 'mean': 36.189354681199596, 'count': 31, 'sum': 1121.8699951171875, 'median': 36.59000015258789}","(77.66819483500007, 17.359928257000036, 77.85253462800006, 17.473344975000032)",31-07-2023.geojson,Kotepally,,,,,
Mahabubabad,TSSD0258,542.64,"{'min': 28.530000686645508, 'max': 41.349998474121094, 'mean': 35.633927582003544, 'count': 141, 'sum': 5024.3837890625, 'median': 35.72999954223633}","(79.98324728200004, 17.77379955500004, 80.22702134100007, 18.106543834000036)",31-07-2023.geojson,Kothaguda,,,,,
Bhadradri Kothagudem,TSSD0259,16.26,"{'min': 37.38999938964844, 'max': 39.209999084472656, 'mean': 38.275001525878906, 'count': 4, 'sum': 153.10000610351562, 'median': 38.25}","(80.60094010100005, 17.503240987000027, 80.65378575800008, 17.562464026000043)",31-07-2023.geojson,Kothagudem,,,,,
Wanaparthy,TSSD0260,171.68,"{'min': 36.650001525878906, 'max': 40.970001220703125, 'mean': 39.081911776928195, 'count': 47, 'sum': 1836.849853515625, 'median': 39.04999923706055}","(77.88176111000007, 16.234691046000023, 77.99240426200004, 16.448187482000037)",31-07-2023.geojson,Kothakota,,,,,
Karimnagar,TSSD0261,97.2,"{'min': 30.700000762939453, 'max': 38.59000015258789, 'mean': 36.65192119891827, 'count': 26, 'sum': 952.949951171875, 'median': 36.87999725341797}","(78.98612238300007, 18.39948258100003, 79.12597429000004, 18.514396049000027)",31-07-2023.geojson,Kothapally,,,,,
Rangareddy,TSSD0262,105.51,"{'min': 34.5099983215332, 'max': 37.470001220703125, 'mean': 35.72999674479167, 'count': 30, 'sum': 1071.89990234375, 'median': 35.709999084472656}","(78.21019675400004, 17.04105323500005, 78.36970700400008, 17.225492944000052)",31-07-2023.geojson,Kothur,,,,,
Kumurambheem Asifabad,TSSD0263,178.1,"{'min': 32.66999816894531, 'max': 41.43000030517578, 'mean': 39.93292682926829, 'count': 41, 'sum': 1637.25, 'median': 40.40999984741211}","(79.63414387600005, 19.452242796000064, 79.81867852100004, 19.607819128000074)",31-07-2023.geojson,Kouthala,,,,,
Medak,TSSD0264,161.34,"{'min': 32.09000015258789, 'max': 36.27000045776367, 'mean': 34.19697606286337, 'count': 43, 'sum': 1470.469970703125, 'median': 34.209999084472656}","(78.10564250300007, 17.787310025000068, 78.29841681600004, 17.936446078000074)",31-07-2023.geojson,Kowdipally,,,,,
Nirmal,TSSD0265,282.48,"{'count': 1, 'min': 'N/A', 'mean': 'N/A', 'max': 'N/A', 'median': 'N/A'}","(77.84760754200005, 19.143786309000063, 78.05573992700005, 19.342882151000026)",31-07-2023.geojson,Kubeer,,,,,
Medchal_Malkajgiri,TSSD0266,39.02,"{'min': 33.90999984741211, 'max': 37.06999969482422, 'mean': 35.05181884765625, 'count': 11, 'sum': 385.57000732421875, 'median': 35.09000015258789}","(78.36804921900006, 17.450165494000032, 78.44563956200005, 17.513917809000077)",31-07-2023.geojson,Kukatpally,,,,,
Medak,TSSD0267,155.55,"{'min': 32.189998626708984, 'max': 37.150001525878906, 'mean': 34.03894685444079, 'count': 38, 'sum': 1293.47998046875, 'median': 33.51000213623047}","(78.05900573700006, 17.903386933000036, 78.28836760200005, 18.020195513000033)",31-07-2023.geojson,Kulcharam,,,,,
Vikarabad,TSSD0268,196.33,"{'min': 31.610000610351562, 'max': 38.11000061035156, 'mean': 34.481201171875, 'count': 50, 'sum': 1724.06005859375, 'median': 34.55999755859375}","(77.79636866200008, 16.916114566000033, 77.99996008000005, 17.10676938000006)",31-07-2023.geojson,Kulkacharla,,,,,
Nirmal,TSSD0269,140.25,"{'min': 35.029998779296875, 'max': 39.189998626708984, 'mean': 37.681431361607146, 'count': 7, 'sum': 263.77001953125, 'median': 38.470001220703125}","(78.02051881300008, 19.088268194000023, 78.15736433900008, 19.254793077000045)",31-07-2023.geojson,Kuntala,,,,,
Mahabubabad,TSSD0270,241.32,"{'min': 37.95000076293945, 'max': 42.04999923706055, 'mean': 39.96261268028846, 'count': 65, 'sum': 2597.56982421875, 'median': 39.95000076293945}","(79.89569772600004, 17.36986128800004, 80.09682891600005, 17.588288271000067)",31-07-2023.geojson,Kuravi,,,,,
Khammam,TSSD0271,220.86,"{'min': 33.290000915527344, 'max': 45.09000015258789, 'mean': 41.590348868534484, 'count': 58, 'sum': 2412.240234375, 'median': 41.91999816894531}","(79.87484026500005, 17.11399079800003, 80.04316183700007, 17.29547575600003)",31-07-2023.geojson,Kusumanchi,,,,,
Nirmal,TSSD0272,125.72,"{'min': 34.09000015258789, 'max': 38.38999938964844, 'mean': 37.05933430989583, 'count': 15, 'sum': 555.8900146484375, 'median': 37.16999816894531}","(78.40349407400004, 18.95386539200007, 78.52341344300004, 19.102668410000035)",31-07-2023.geojson,Laxmanchanda,,,,,
Bhadradri Kothagudem,TSSD0273,229.46,"{'min': 28.969999313354492, 'max': 42.650001525878906, 'mean': 37.20134513608871, 'count': 62, 'sum': 2306.4833984375, 'median': 37.23999786376953}","(80.51384827600003, 17.535477607000075, 80.67198351200005, 17.81657303700007)",31-07-2023.geojson,Laxmidevipally,,,,,
Jangoan,TSSD0274,187.87,"{'min': 34.650001525878906, 'max': 42.369998931884766, 'mean': 37.748365752551024, 'count': 49, 'sum': 1849.669921875, 'median': 37.290000915527344}","(79.13021988100007, 17.575431923000053, 79.31745159400003, 17.72563423400004)",31-07-2023.geojson,Lingalaghanpur,,,,,
Kamareddy,TSSD0275,255.84,"{'min': 28.049999237060547, 'max': 38.529998779296875, 'mean': 34.88257575757576, 'count': 66, 'sum': 2302.25, 'median': 35.029998779296875}","(78.02552329400004, 18.13087097700003, 78.21768245400006, 18.355649218000053)",31-07-2023.geojson,Lingampet,,,,,
Kumurambheem Asifabad,TSSD0276,162.69,"{'min': 38.22999954223633, 'max': 39.650001525878906, 'mean': 38.88999938964844, 'count': 6, 'sum': 233.33999633789062, 'median': 38.810001373291016}","(78.91810375000006, 19.205612909000024, 79.11073564000003, 19.342131322000057)",31-07-2023.geojson,Lingapur,,,,,
Nirmal,TSSD0277,222.97,"{'min': 26.309999465942383, 'max': 38.06999969482422, 'mean': 33.25674040421195, 'count': 46, 'sum': 1529.81005859375, 'median': 34.290000915527344}","(78.00594866600005, 18.931946796000034, 78.23875211300003, 19.085518010000044)",31-07-2023.geojson,Lokeshwaram,,,,,
Mancherial,TSSD0278,151.79,"{'min': 33.029998779296875, 'max': 41.4900016784668, 'mean': 39.12615262545072, 'count': 26, 'sum': 1017.2799682617188, 'median': 39.599998474121094}","(79.16655337500003, 18.832516484000053, 79.30981884700003, 19.005514334000054)",31-07-2023.geojson,Luxettipet,,,,,
Kamareddy,TSSD0279,210.35,"{'min': 32.59000015258789, 'max': 40.40999984741211, 'mean': 35.9744633265904, 'count': 56, 'sum': 2014.5699462890625, 'median': 35.91999816894531}","(78.38704550600005, 18.26697810400003, 78.56264784400008, 18.467778762000023)",31-07-2023.geojson,Machareddy,,,,,
Wanaparthy,TSSD0280,102.15,"{'min': 36.209999084472656, 'max': 40.349998474121094, 'mean': 38.52360107421875, 'count': 25, 'sum': 963.0900268554688, 'median': 38.22999954223633}","(77.82095279900005, 16.300196190000065, 77.92236147200003, 16.45097719200004)",31-07-2023.geojson,Madanapur,,,,,
Suryapet,TSSD0281,130.55,"{'min': 35.849998474121094, 'max': 41.150001525878906, 'mean': 38.39000069754464, 'count': 35, 'sum': 1343.6500244140625, 'median': 38.43000030517578}","(79.63339168000005, 17.351837121000074, 79.79652225800004, 17.470968053000036)",31-07-2023.geojson,Maddirala,,,,,
Narayanpet,TSSD0282,229.43,"{'min': 35.33000183105469, 'max': 41.43000030517578, 'mean': 38.911376953125, 'count': 58, 'sum': 2256.85986328125, 'median': 38.87999725341797}","(77.56183110400008, 16.77489021100007, 77.74489013300007, 16.952964019000035)",31-07-2023.geojson,Maddur,,,,,
Siddipet,TSSD0283,90.43,"{'min': 34.709999084472656, 'max': 38.93000030517578, 'mean': 36.429585774739586, 'count': 24, 'sum': 874.31005859375, 'median': 36.224998474121094}","(79.01132752500001, 17.86198517100007, 79.12089267400006, 17.966105778000042)",31-07-2023.geojson,Maddur,,,,,
Rangareddy,TSSD0284,264.88,"{'min': 34.939998626708984, 'max': 39.959999084472656, 'mean': 38.291666666666664, 'count': 72, 'sum': 2757.0, 'median': 38.48500061035156}","(78.58095395400005, 16.75043613200006, 78.80230556900005, 16.944488267000054)",31-07-2023.geojson,Madgul,,,,,
Khammam,TSSD0285,210.2,"{'min': 33.31999969482422, 'max': 42.209999084472656, 'mean': 37.758432425704655, 'count': 51, 'sum': 1925.6800537109375, 'median': 38.25}","(80.31236943000005, 16.82168020900002, 80.47000219000006, 17.070547697000052)",31-07-2023.geojson,Madhira,,,,,
Kamareddy,TSSD0286,235.87,"{'min': 35.09000015258789, 'max': 41.54999923706055, 'mean': 38.486047079396805, 'count': 43, 'sum': 1654.9000244140625, 'median': 38.849998474121094}","(77.54916412900008, 18.384667036000053, 77.76294653600007, 18.55697662400007)",31-07-2023.geojson,Madnur,,,,,
Nalgonda,TSSD0287,219.21,"{'min': 34.11000061035156, 'max': 42.33000183105469, 'mean': 38.58571515764509, 'count': 56, 'sum': 2160.800048828125, 'median': 38.86000061035156}","(79.34641497200005, 16.895418574000075, 79.56245174900005, 17.09279099500003)",31-07-2023.geojson,Madugulapally,,,,,
Narayanpet,TSSD0288,182.41,"{'min': 27.790000915527344, 'max': 39.150001525878906, 'mean': 36.14857046944754, 'count': 28, 'sum': 1012.1599731445312, 'median': 36.86000061035156}","(77.36910946300009, 16.375499069, 77.53031708000003, 16.588101701000085)",31-07-2023.geojson,Maganoor,,,,,
Mahabubabad,TSSD0289,229.64,"{'min': 33.46333312988281, 'max': 42.27000045776367, 'mean': 38.914478739754095, 'count': 61, 'sum': 2373.783203125, 'median': 39.310001373291016}","(79.84115276500006, 17.501311835000024, 80.09111942000004, 17.697718735000137)",31-07-2023.geojson,Mahabubabad,,,,,
Mahabubnagar,TSSD0290,99.98,"{'min': 32.75, 'max': 37.4900016784668, 'mean': 35.880400390625, 'count': 25, 'sum': 897.010009765625, 'median': 36.290000915527344}","(77.94626825800003, 16.706941769000025, 78.09470899900003, 16.806279568000036)",31-07-2023.geojson,Mahabubnagar_Urban,,,,,
Jayashankar Bhupalpally,TSSD0291,299.12,"{'min': 23.40999984741211, 'max': 41.349998474121094, 'mean': 34.143282645089286, 'count': 70, 'sum': 2390.02978515625, 'median': 34.709999084472656}","(79.82048229900005, 18.630638763000036, 80.11061256100004, 18.86890015800003)",31-07-2023.geojson,Mahadevpur,,,,,
Rangareddy,TSSD0292,252.27,"{'min': 32.11000061035156, 'max': 36.209999084472656, 'mean': 34.81277043269231, 'count': 65, 'sum': 2262.830078125, 'median': 34.970001220703125}","(78.30122014300008, 17.028058688000044, 78.54049373500004, 17.239387140000076)",31-07-2023.geojson,Maheswaram,,,,,
Nizamabad,TSSD0293,193.35,"{'min': 27.25, 'max': 35.369998931884766, 'mean': 33.04230675330529, 'count': 13, 'sum': 429.54998779296875, 'median': 34.150001525878906}","(78.05675830000007, 18.66482496200007, 78.22576505800004, 18.852068687000042)",31-07-2023.geojson,Makloor,,,,,
Narayanpet,TSSD0294,363.86,"{'min': 27.989999771118164, 'max': 40.650001525878906, 'mean': 37.11942405262213, 'count': 87, 'sum': 3229.389892578125, 'median': 37.4900016784668}","(77.45220537800003, 16.34148046400003, 77.67347100500007, 16.59593542500005)",31-07-2023.geojson,Makthal,,,,,
Jogulamba Gadwal,TSSD0295,241.46,"{'min': 34.810001373291016, 'max': 41.27000045776367, 'mean': 37.78471863944576, 'count': 53, 'sum': 2002.590087890625, 'median': 37.75}","(77.63191914500004, 16.011527430000058, 77.79042152200003, 16.212472503000072)",31-07-2023.geojson,Maldakal,,,,,
Jayashankar Bhupalpally,TSSD0296,330.72,"{'min': 32.869998931884766, 'max': 42.130001068115234, 'mean': 36.402093931686046, 'count': 86, 'sum': 3130.580078125, 'median': 36.22999954223633}","(79.67910470400005, 18.410415433000026, 79.92225416300005, 18.645377148000023)",31-07-2023.geojson,Malharrao,,,,,
Medchal_Malkajgiri,TSSD0297,30.3,"{'min': 33.720001220703125, 'max': 37.0099983215332, 'mean': 35.63555569118924, 'count': 9, 'sum': 320.7200012207031, 'median': 35.310001373291016}","(78.50463339200007, 17.428292171000066, 78.55954592700004, 17.505731841000056)",31-07-2023.geojson,Malkajgiri,,,,,
Jagtial,TSSD0298,213.62,"{'min': 26.93000030517578, 'max': 38.61000061035156, 'mean': 32.3555908203125, 'count': 34, 'sum': 1100.090087890625, 'median': 29.09000015258789}","(78.61662895600006, 18.874482111000077, 78.81309041900005, 19.03748223200006)",31-07-2023.geojson,Mallapur,,,,,
Jagtial,TSSD0299,151.65,"{'min': 30.6299991607666, 'max': 38.56999969482422, 'mean': 34.86000279017857, 'count': 35, 'sum': 1220.10009765625, 'median': 34.970001220703125}","(78.83599988400005, 18.650343142000054, 79.00846227100004, 18.762767418000067)",31-07-2023.geojson,Mallial,,,,,
Nirmal,TSSD0300,303.59,"{'min': 31.309999465942383, 'max': 38.56999969482422, 'mean': 34.71239990234375, 'count': 25, 'sum': 867.8099975585938, 'median': 34.27000045776367}","(78.40539725900004, 18.946457939000027, 78.61865077500005, 19.23040426800003)",31-07-2023.geojson,Mamda,,,,,
Karimnagar,TSSD0301,205.41,"{'min': 36.529998779296875, 'max': 41.45000076293945, 'mean': 38.89423076923077, 'count': 52, 'sum': 2022.5, 'median': 39.05999755859375}","(79.15750397500005, 18.315741219000074, 79.35328729400004, 18.481920999000067)",31-07-2023.geojson,Manakondur,,,,,
Rangareddy,TSSD0302,234.43,"{'min': 32.849998474121094, 'max': 36.650001525878906, 'mean': 34.56580771169355, 'count': 62, 'sum': 2143.080078125, 'median': 34.5099983215332}","(78.65286760000004, 17.00487583200004, 78.84397639500008, 17.201225641000065)",31-07-2023.geojson,Manchal,,,,,
Mancherial,TSSD0303,40.12,"{'min': 35.77000045776367, 'max': 39.630001068115234, 'mean': 38.17000071207682, 'count': 3, 'sum': 114.51000213623047, 'median': 39.11000061035156}","(79.41610667100008, 18.835052002000054, 79.48472162900003, 18.913545975000034)",31-07-2023.geojson,Mancherial,,,,,
Mancherial,TSSD0304,171.08,"{'min': 31.280000686645508, 'max': 38.970001220703125, 'mean': 34.61590853604403, 'count': 22, 'sum': 761.5499877929688, 'median': 34.36000061035156}","(79.39193241000004, 18.891641181000068, 79.59105304600007, 19.015526930000078)",31-07-2023.geojson,Mandamarri,,,,,
Mulugu,TSSD0305,392.56,"{'min': 35.77000045776367, 'max': 45.810001373291016, 'mean': 41.027923886138616, 'count': 101, 'sum': 4143.8203125, 'median': 41.09000015258789}","(80.40836158100007, 18.080546712000057, 80.70882201500007, 18.304706081000063)",31-07-2023.geojson,Mangapet,,,,,
Sangareddy,TSSD0306,148.62,"{'min': 33.130001068115234, 'max': 39.90999984741211, 'mean': 37.14414717511433, 'count': 41, 'sum': 1522.9100341796875, 'median': 37.630001068115234}","(77.64845538500003, 17.878779076000058, 77.83149306000007, 18.04513193200006)",31-07-2023.geojson,Manoor,,,,,
Jogulamba Gadwal,TSSD0307,163.37,"{'min': 36.16999816894531, 'max': 43.810001373291016, 'mean': 40.98772638494318, 'count': 44, 'sum': 1803.4599609375, 'median': 41.65999984741211}","(77.86929360900007, 15.885358944000075, 78.03319288300008, 16.08949442000005)",31-07-2023.geojson,Manopad,,,,,
Peddapalli,TSSD0308,311.44,"{'min': 29.09000015258789, 'max': 40.9900016784668, 'mean': 36.56131463301809, 'count': 76, 'sum': 2778.659912109375, 'median': 36.619998931884766}","(79.56456396600004, 18.561850238000034, 79.83268954900007, 18.738350264000076)",31-07-2023.geojson,Manthani,,,,,
Bhadradri Kothagudem,TSSD0309,241.6,"{'min': 34.0099983215332, 'max': 44.349998474121094, 'mean': 39.57215294471154, 'count': 65, 'sum': 2572.18994140625, 'median': 40.150001525878906}","(80.66740807500008, 17.879481733000034, 80.88542464200003, 18.045849738000072)",31-07-2023.geojson,Manuguru,,,,,
Hyderabad,TSSD0310,12.89,"{'min': 33.47999954223633, 'max': 36.11000061035156, 'mean': 34.67333475748698, 'count': 3, 'sum': 104.02000427246094, 'median': 34.43000030517578}","(78.49007358600005, 17.42094839600003, 78.55631568500007, 17.46893287000006)",31-07-2023.geojson,Maredpally,,,,,
Narayanpet,TSSD0311,159.77,"{'min': 33.470001220703125, 'max': 40.029998779296875, 'mean': 36.732857840401785, 'count': 42, 'sum': 1542.780029296875, 'median': 36.470001220703125}","(77.65664280100003, 16.506114195000066, 77.79841434500008, 16.665240555000025)",31-07-2023.geojson,Marikal,,,,,
Mahabubabad,TSSD0312,234.68,"{'min': 37.88999938964844, 'max': 41.93000030517578, 'mean': 39.79339082362288, 'count': 59, 'sum': 2347.81005859375, 'median': 39.72999954223633}","(79.76148480300003, 17.321621569000058, 79.98270166300006, 17.48693560600003)",31-07-2023.geojson,Maripeda,,,,,
Siddipet,TSSD0313,105.43,"{'min': 28.850000381469727, 'max': 38.77000045776367, 'mean': 36.31964329310826, 'count': 28, 'sum': 1016.9500122070312, 'median': 36.68000030517578}","(78.66415458400007, 17.667265188000044, 78.78250869300007, 17.810152515000027)",31-07-2023.geojson,Markook,,,,,
Vikarabad,TSSD0314,225.88,"{'min': 33.470001220703125, 'max': 40.16999816894531, 'mean': 37.93758418642241, 'count': 58, 'sum': 2200.3798828125, 'median': 38.05999755859375}","(77.68610927900005, 17.453891702000078, 77.87740943300008, 17.638691618000053)",31-07-2023.geojson,Marpalle,,,,,
Nalgonda,TSSD0315,229.14,"{'min': 33.709999084472656, 'max': 41.81999969482422, 'mean': 37.55065317622951, 'count': 61, 'sum': 2290.58984375, 'median': 36.810001373291016}","(78.75919635200006, 16.90874455200003, 78.96448818000005, 17.07201425200003)",31-07-2023.geojson,Marriguda,,,,,
Suryapet,TSSD0316,210.69,"{'min': 36.810001373291016, 'max': 45.04999923706055, 'mean': 41.4066000884434, 'count': 53, 'sum': 2194.5498046875, 'median': 41.470001220703125}","(79.76031217600007, 16.657641133000027, 79.94384993900007, 16.842244540000024)",31-07-2023.geojson,Mattampalli,,,,,
Medak,TSSD0317,140.85,"{'min': 31.969999313354492, 'max': 34.0099983215332, 'mean': 33.0991870777027, 'count': 37, 'sum': 1224.669921875, 'median': 33.04999923706055}","(78.20774346500008, 17.973932821000062, 78.36819518300007, 18.10438747300003)",31-07-2023.geojson,Medak,,,,,
Medchal_Malkajgiri,TSSD0318,187.56,"{'min': 31.969999313354492, 'max': 34.77000045776367, 'mean': 33.79769193209135, 'count': 52, 'sum': 1757.47998046875, 'median': 33.94000244140625}","(78.38095406300005, 17.551049357000068, 78.56000059500008, 17.70854524600003)",31-07-2023.geojson,Medchal,,,,,
Jagtial,TSSD0319,206.03,"{'min': 32.11000061035156, 'max': 40.869998931884766, 'mean': 37.304339714770045, 'count': 53, 'sum': 1977.1300048828125, 'median': 37.439998626708984}","(78.73214094600007, 18.624887353000076, 78.85330317100005, 18.885390032000032)",31-07-2023.geojson,Medipalle,,,,,
Medchal_Malkajgiri,TSSD0320,33.63,"{'min': 34.66999816894531, 'max': 36.59000015258789, 'mean': 36.102500915527344, 'count': 8, 'sum': 288.82000732421875, 'median': 36.290000915527344}","(78.56396765400007, 17.387088967000068, 78.62540001600007, 17.4548326310001)",31-07-2023.geojson,Medipally,,,,,
Suryapet,TSSD0321,148.48,"{'min': 40.40999984741211, 'max': 44.790000915527344, 'mean': 42.596502685546874, 'count': 40, 'sum': 1703.860107421875, 'median': 42.40999984741211}","(79.86430255300007, 16.749144942000044, 80.04667389300005, 16.897589783000058)",31-07-2023.geojson,Mellachervu,,,,,
Nizamabad,TSSD0322,74.74,"{'min': 35.43000030517578, 'max': 36.27000045776367, 'mean': 35.966000366210935, 'count': 5, 'sum': 179.8300018310547, 'median': 36.06999969482422}","(78.34141407100003, 18.91286552100007, 78.45746941500005, 19.003231226000025)",31-07-2023.geojson,Mendora,,,,,
Jagtial,TSSD0323,189.57,"{'min': 34.189998626708984, 'max': 38.5099983215332, 'mean': 36.68542829241071, 'count': 35, 'sum': 1283.989990234375, 'median': 36.709999084472656}","(78.53968262500007, 18.72081223600003, 78.67956378400004, 18.895674916000075)",31-07-2023.geojson,Metpalli,,,,,
Mahabubnagar,TSSD0324,164.85,"{'min': 36.40999984741211, 'max': 39.93000030517578, 'mean': 38.474283854166664, 'count': 42, 'sum': 1615.919921875, 'median': 38.720001220703125}","(78.21714079300006, 16.678018442000052, 78.36989334400005, 16.825534489000063)",31-07-2023.geojson,Midjil,,,,,
Siddipet,TSSD0325,167.82,"{'min': 33.38999938964844, 'max': 36.5099983215332, 'mean': 34.71255564135174, 'count': 43, 'sum': 1492.639892578125, 'median': 34.66999816894531}","(78.56910611300003, 17.992796036000072, 78.73068591400005, 18.14881470800003)",31-07-2023.geojson,Mirdoddi,,,,,
Nalgonda,TSSD0326,248.98,"{'min': 39.11000061035156, 'max': 43.27000045776367, 'mean': 41.31843566894531, 'count': 64, 'sum': 2644.3798828125, 'median': 41.43000030517578}","(79.48474594700008, 16.761982963000037, 79.66781758100007, 17.007573905000072)",31-07-2023.geojson,Miryalaguda,,,,,
Sangareddy,TSSD0327,152.32,"{'min': 32.709999084472656, 'max': 39.22999954223633, 'mean': 36.09578985916941, 'count': 38, 'sum': 1371.6400146484375, 'median': 36.05000305175781}","(77.44416825100006, 17.542551853000077, 77.59394938800006, 17.703749020000032)",31-07-2023.geojson,Mogudampally,,,,,
Jayashankar Bhupalpally,TSSD0328,117.77,"{'min': 41.83000183105469, 'max': 44.630001068115234, 'mean': 43.01451849168347, 'count': 31, 'sum': 1333.4500732421875, 'median': 42.9900016784668}","(79.55918339200008, 18.25321451900004, 79.69624194900007, 18.367730020000067)",31-07-2023.geojson,Mogullapally,,,,,
Rangareddy,TSSD0329,210.03,"{'min': 26.399999618530273, 'max': 39.16999816894531, 'mean': 35.06923264723558, 'count': 52, 'sum': 1823.60009765625, 'median': 36.029998779296875}","(78.18364043400004, 17.24469818700004, 78.37521359500005, 17.39979780400006)",31-07-2023.geojson,Moinabad,,,,,
Vikarabad,TSSD0330,185.55,"{'min': 33.810001373291016, 'max': 40.709999084472656, 'mean': 37.10097847732843, 'count': 51, 'sum': 1892.14990234375, 'median': 37.0099983215332}","(77.80132142600007, 17.440949010000054, 78.02278448100003, 17.58481577400005)",31-07-2023.geojson,Mominpet,,,,,
Mahabubnagar,TSSD0331,95.02,"{'min': 33.970001220703125, 'max': 38.22999954223633, 'mean': 36.34307626577524, 'count': 26, 'sum': 944.9199829101562, 'median': 36.43000030517578}","(77.88815901700008, 16.55990335200005, 78.03642113100005, 16.65578400800007)",31-07-2023.geojson,Moosapet,,,,,
Nizamabad,TSSD0332,110.93,"{'min': 35.25, 'max': 36.130001068115234, 'mean': 35.68600158691406, 'count': 5, 'sum': 178.4300079345703, 'median': 35.77000045776367}","(78.39569656400005, 18.754933092000044, 78.51049422500006, 18.895877668000026)",31-07-2023.geojson,Morthad,,,,,
Yadadri Bhuvanagiri,TSSD0333,154.09,"{'min': 33.40999984741211, 'max': 36.290000915527344, 'mean': 34.73142787388393, 'count': 42, 'sum': 1458.719970703125, 'median': 34.599998474121094}","(79.02191272500005, 17.447705855000038, 79.18771359200008, 17.614164877000064)",31-07-2023.geojson,Motakondur,,,,,
Suryapet,TSSD0334,191.84,"{'min': 36.790000915527344, 'max': 44.09000015258789, 'mean': 41.823203125, 'count': 50, 'sum': 2091.16015625, 'median': 41.900001525878906}","(79.72864807600007, 17.098594648000073, 79.90108897100004, 17.295132846000058)",31-07-2023.geojson,Mothey,,,,,
Yadadri Bhuvanagiri,TSSD0335,146.43,"{'min': 34.90999984741211, 'max': 39.90999984741211, 'mean': 36.95615484775641, 'count': 39, 'sum': 1441.2900390625, 'median': 36.77000045776367}","(79.17886738600004, 17.35663582600006, 79.34505761300005, 17.499013259000037)",31-07-2023.geojson,Mothkur,,,,,
Nirmal,TSSD0336,187.43,"{'min': 31.8700008392334, 'max': 42.09000015258789, 'mean': 38.52707281345275, 'count': 41, 'sum': 1579.6099853515625, 'median': 39.43000030517578}","(77.87363589400007, 18.90926259400004, 78.04943334300003, 19.05199254100006)",31-07-2023.geojson,Mudhole,,,,,
Khammam,TSSD0337,202.95,"{'min': 40.470001220703125, 'max': 45.369998931884766, 'mean': 43.27422626201923, 'count': 52, 'sum': 2250.259765625, 'median': 43.529998779296875}","(79.99976989400005, 16.987411645000066, 80.17144520800008, 17.21465495600006)",31-07-2023.geojson,Mudigonda,,,,,
Nizamabad,TSSD0338,196.22,"{'min': 28.05666732788086, 'max': 35.33000183105469, 'mean': 31.99395073784722, 'count': 27, 'sum': 863.836669921875, 'median': 32.11000061035156}","(78.03331485400008, 18.477793812000073, 78.18413506400003, 18.66033533700005)",31-07-2023.geojson,Mugpal,,,,,
Bhadradri Kothagudem,TSSD0339,514.62,"{'min': 33.04999923706055, 'max': 41.310001373291016, 'mean': 37.2064453125, 'count': 135, 'sum': 5022.8701171875, 'median': 37.369998931884766}","(80.70650352000007, 17.353825033000078, 80.96455307900004, 17.59430879000007)",31-07-2023.geojson,Mulakalapally,,,,,
Mulugu,TSSD0340,363.24,"{'min': 31.3700008392334, 'max': 43.33000183105469, 'mean': 38.862525699013155, 'count': 95, 'sum': 3691.93994140625, 'median': 39.66999816894531}","(79.81475825400008, 18.07019176600005, 80.14227776900003, 18.247994896000023)",31-07-2023.geojson,Mulug,,,,,
Siddipet,TSSD0341,148.86,"{'min': 27.709999084472656, 'max': 38.54999923706055, 'mean': 35.580769856770836, 'count': 39, 'sum': 1387.6500244140625, 'median': 36.11000061035156}","(78.49289586600008, 17.669503792000057, 78.72948919400005, 17.760743728000023)",31-07-2023.geojson,Mulug,,,,,
Suryapet,TSSD0342,140.35,"{'min': 40.33000183105469, 'max': 45.25, 'mean': 43.2510009765625, 'count': 40, 'sum': 1730.0400390625, 'median': 43.65999984741211}","(79.71348967800003, 16.97659834500007, 79.93382971200003, 17.162332160000062)",31-07-2023.geojson,Munagala,,,,,
Sangareddy,TSSD0343,221.68,"{'min': 27.969999313354492, 'max': 42.0099983215332, 'mean': 38.253570556640625, 'count': 56, 'sum': 2142.199951171875, 'median': 39.31999969482422}","(77.76970420300006, 17.61306823700005, 77.93222993400008, 17.821658166000077)",31-07-2023.geojson,Munipally,,,,,
Nalgonda,TSSD0344,242.13,"{'min': 36.380001068115234, 'max': 41.560001373291016, 'mean': 39.341970732717805, 'count': 66, 'sum': 2596.570068359375, 'median': 39.5}","(78.92781504300007, 16.99371558000007, 79.14931293500007, 17.18453899000002)",31-07-2023.geojson,Munugode,,,,,
Nizamabad,TSSD0345,53.32,"{'min': 26.709999084472656, 'max': 26.969999313354492, 'mean': 26.84000015258789, 'count': 2, 'sum': 53.68000030517578, 'median': 26.84000015258789}","(78.33239376200004, 18.87289880800006, 78.45351563000008, 18.968813642000043)",31-07-2023.geojson,Mupkal,,,,,
Hyderabad,TSSD0346,9.91,"{'min': 34.040000915527344, 'max': 34.150001525878906, 'mean': 34.095001220703125, 'count': 2, 'sum': 68.19000244140625, 'median': 34.095001220703125}","(78.47735671700008, 17.40191402800002, 78.52763446200004, 17.43504124900005)",31-07-2023.geojson,Musheerabad,,,,,
Rajanna Sircilla,TSSD0347,162.34,"{'min': 32.4900016784668, 'max': 37.0099983215332, 'mean': 34.823951898619185, 'count': 43, 'sum': 1497.429931640625, 'median': 34.849998474121094}","(78.62827650500003, 18.21376387500004, 78.77109860300004, 18.360829288000048)",31-07-2023.geojson,Mustabad,,,,,
Jayashankar Bhupalpally,TSSD0348,603.81,"{'min': 32.369998931884766, 'max': 40.470001220703125, 'mean': 35.88670638844937, 'count': 158, 'sum': 5670.099609375, 'median': 35.63999938964844}","(79.93211438700007, 18.348852581000074, 80.27331132300003, 18.665550444000075)",31-07-2023.geojson,Mutharam_Mahadevpur,,,,,
Peddapalli,TSSD0349,143.95,"{'min': 33.77000045776367, 'max': 39.349998474121094, 'mean': 36.828375739020274, 'count': 37, 'sum': 1362.64990234375, 'median': 36.66999816894531}","(79.56376559100005, 18.46670946200004, 79.71861493100005, 18.60236795900005)",31-07-2023.geojson,Mutharam_Manthani,,,,,
Suryapet,TSSD0350,132.47,"{'min': 41.43000030517578, 'max': 44.77000045776367, 'mean': 43.199092980587125, 'count': 33, 'sum': 1425.570068359375, 'median': 43.38999938964844}","(79.81542641000004, 17.031014071000072, 79.94769370600005, 17.174546916000054)",31-07-2023.geojson,Nadigudem,,,,,
Sangareddy,TSSD0351,148.84,"{'min': 35.58000183105469, 'max': 41.720001220703125, 'mean': 38.6114990234375, 'count': 40, 'sum': 1544.4599609375, 'median': 38.63500213623047}","(77.54918865800005, 17.98547994300003, 77.71900749600007, 18.124343363000037)",31-07-2023.geojson,Nagalgidda,,,,,
Suryapet,TSSD0352,134.54,"{'min': 34.59000015258789, 'max': 39.38999938964844, 'mean': 36.577423967633926, 'count': 35, 'sum': 1280.2098388671875, 'median': 36.43000030517578}","(79.41253491600008, 17.34124849500006, 79.57155473400007, 17.45790335600003)",31-07-2023.geojson,Nagaram,,,,,
Kamareddy,TSSD0353,138.95,"{'min': 32.43000030517578, 'max': 36.130001068115234, 'mean': 34.51470588235294, 'count': 34, 'sum': 1173.5, 'median': 34.59000015258789}","(78.01381962800008, 18.068441783000026, 78.17948646600007, 18.201817321000078)",31-07-2023.geojson,Nagi_Reddypet,,,,,
Nalgonda,TSSD0354,151.19,"{'min': 33.029998779296875, 'max': 39.290000915527344, 'mean': 36.302001953125, 'count': 40, 'sum': 1452.080078125, 'median': 36.099998474121094}","(79.36271400100003, 17.074334117000035, 79.51356132300003, 17.265691678000053)",31-07-2023.geojson,Nakrekal,,,,,
Nalgonda,TSSD0355,356.0,"{'min': 31.030000686645508, 'max': 39.77000045776367, 'mean': 37.21329842032967, 'count': 91, 'sum': 3386.41015625, 'median': 37.45000076293945}","(79.11238633500005, 16.95004682000007, 79.38632643800008, 17.14875526800006)",31-07-2023.geojson,Nalgonda,,,,,
Warangal_Rural,TSSD0356,164.31,"{'min': 34.75, 'max': 42.209999084472656, 'mean': 39.53979237874349, 'count': 48, 'sum': 1897.9100341796875, 'median': 40.040000915527344}","(79.81066170600008, 17.993540445000065, 80.04124404200007, 18.11528805000006)",31-07-2023.geojson,Nallabelli,,,,,
Hyderabad,TSSD0357,11.34,"{'min': 32.68000030517578, 'max': 38.43000030517578, 'mean': 36.446667989095054, 'count': 3, 'sum': 109.34000396728516, 'median': 38.22999954223633}","(78.45809052700008, 17.36457170500006, 78.49555773000003, 17.405714060000037)",31-07-2023.geojson,Nampally,,,,,
Nalgonda,TSSD0358,280.57,"{'min': 35.11000061035156, 'max': 42.11000061035156, 'mean': 38.71137227097603, 'count': 73, 'sum': 2825.93017578125, 'median': 38.83000183105469}","(78.84925232700004, 16.740287084000045, 79.04788463500006, 16.965538953000078)",31-07-2023.geojson,Nampally,,,,,
Rangareddy,TSSD0359,86.28,"{'min': 33.9900016784668, 'max': 37.290000915527344, 'mean': 35.0345458984375, 'count': 22, 'sum': 770.760009765625, 'median': 34.90999984741211}","(78.16420628000003, 17.07450775600006, 78.31375295500004, 17.187439899000026)",31-07-2023.geojson,Nandigama,,,,,
Nizamabad,TSSD0360,296.41,"{'min': 25.43000030517578, 'max': 32.810001373291016, 'mean': 28.362580330141128, 'count': 31, 'sum': 879.239990234375, 'median': 27.3700008392334}","(78.06391450200005, 18.810123935000036, 78.27745292600008, 19.015809954000076)",31-07-2023.geojson,Nandipet,,,,,
Siddipet,TSSD0361,173.43,"{'min': 33.95000076293945, 'max': 38.310001373291016, 'mean': 35.93545254794034, 'count': 44, 'sum': 1581.159912109375, 'median': 35.74500274658203}","(78.91642615100005, 18.005257581000023, 79.12553882600008, 18.139313947000062)",31-07-2023.geojson,Nangnoor,,,,,
Yadadri Bhuvanagiri,TSSD0362,255.72,"{'min': 32.93000030517578, 'max': 43.16999816894531, 'mean': 37.86136511600379, 'count': 66, 'sum': 2498.85009765625, 'median': 37.71500015258789}","(78.76727420200007, 17.04527964400006, 78.99214673900008, 17.215539860000035)",31-07-2023.geojson,Narayanapoor,,,,,
Sangareddy,TSSD0363,221.04,"{'min': 32.75, 'max': 40.540000915527344, 'mean': 36.89459128457992, 'count': 61, 'sum': 2250.570068359375, 'median': 37.560001373291016}","(77.65873951100008, 17.969087139000067, 77.91619762300007, 18.131861117000028)",31-07-2023.geojson,Narayankhed,,,,,
Narayanpet,TSSD0364,253.45,"{'min': 33.11000061035156, 'max': 40.150001525878906, 'mean': 36.840155498798076, 'count': 65, 'sum': 2394.610107421875, 'median': 36.95000076293945}","(77.42683117400003, 16.65053467100006, 77.68547301300003, 16.797928967000075)",31-07-2023.geojson,Narayanpet,,,,,
Nalgonda,TSSD0365,234.39,"{'min': 33.11000061035156, 'max': 38.709999084472656, 'mean': 36.48142981150794, 'count': 63, 'sum': 2298.330078125, 'median': 36.38999938964844}","(79.12064748900008, 17.11371295600003, 79.30389623300005, 17.35996707100003)",31-07-2023.geojson,Narketpally,,,,,
Jangoan,TSSD0366,125.01,"{'min': 32.54999923706055, 'max': 39.61000061035156, 'mean': 36.567575165719695, 'count': 33, 'sum': 1206.72998046875, 'median': 37.150001525878906}","(79.09279653800007, 17.82066930900004, 79.25505581500005, 17.932063776000064)",31-07-2023.geojson,Narmetta,,,,,
Adilabad,TSSD0367,201.81,"{'min': 34.93000030517578, 'max': 43.06999969482422, 'mean': 38.15069722020349, 'count': 43, 'sum': 1640.47998046875, 'median': 37.849998474121094}","(78.75741661700005, 19.424395872000048, 78.97780666900007, 19.57535441500005)",31-07-2023.geojson,Narnoor,,,,,
Warangal_Rural,TSSD0368,128.11,"{'min': 35.790000915527344, 'max': 40.40999984741211, 'mean': 38.83875274658203, 'count': 32, 'sum': 1242.840087890625, 'median': 39.08000183105469}","(79.80201610100005, 17.882928224000068, 79.94435882900007, 18.020538076000037)",31-07-2023.geojson,Narsampet,,,,,
Medak,TSSD0369,177.98,"{'min': 31.010000228881836, 'max': 36.66999816894531, 'mean': 33.72674418604651, 'count': 43, 'sum': 1450.25, 'median': 34.029998779296875}","(78.16308671700006, 17.659841237000023, 78.33116213500006, 17.840150954000023)",31-07-2023.geojson,Narsapur,,,,,
Nirmal,TSSD0370,147.48,"{'min': 30.290000915527344, 'max': 36.689998626708984, 'mean': 32.52111138237847, 'count': 9, 'sum': 292.69000244140625, 'median': 32.27000045776367}","(78.07428315700008, 19.02509410700003, 78.21913771600003, 19.23774101400005)",31-07-2023.geojson,Narsapur_G,,,,,
Mahabubabad,TSSD0371,100.62,"{'min': 38.16999816894531, 'max': 42.54999923706055, 'mean': 40.13518608940972, 'count': 27, 'sum': 1083.6500244140625, 'median': 40.33000183105469}","(79.74961810900004, 17.432922034000057, 79.85804564900008, 17.55949727500007)",31-07-2023.geojson,Narsimhulapet,,,,,
Medak,TSSD0372,55.63,"{'min': 32.33000183105469, 'max': 34.11000061035156, 'mean': 33.28874969482422, 'count': 16, 'sum': 532.6199951171875, 'median': 33.279998779296875}","(78.39229916300008, 17.98830749900003, 78.47149849900006, 18.093264383000076)",31-07-2023.geojson,Narsingi,,,,,
Narayanpet,TSSD0373,194.24,"{'min': 35.54999923706055, 'max': 40.16999816894531, 'mean': 37.97599853515625, 'count': 50, 'sum': 1898.7999267578125, 'median': 38.12999725341797}","(77.57900273500007, 16.392118486000072, 77.76051168400005, 16.55740275000005)",31-07-2023.geojson,Narva,,,,,
Mancherial,TSSD0374,52.98,"{'min': 30.90999984741211, 'max': 37.16999816894531, 'mean': 34.35785566057478, 'count': 14, 'sum': 481.0099792480469, 'median': 34.470001220703125}","(79.45022792100008, 18.798759303000054, 79.52726676000003, 18.914394050000055)",31-07-2023.geojson,Naspur,,,,,
Kamareddy,TSSD0375,102.21,"{'min': 29.43000030517578, 'max': 33.40999984741211, 'mean': 31.258571079799108, 'count': 14, 'sum': 437.6199951171875, 'median': 31.75}","(77.81879634400008, 18.411273927000025, 77.97648352900006, 18.509137527000064)",31-07-2023.geojson,Nasurullabad,,,,,
Nizamabad,TSSD0376,192.08,"{'min': 30.8700008392334, 'max': 32.630001068115234, 'mean': 31.850001017252605, 'count': 3, 'sum': 95.55000305175781, 'median': 32.04999923706055}","(77.94333219400005, 18.72259983600003, 78.08733714300007, 18.94072022900008)",31-07-2023.geojson,Navipet,,,,,
Mahabubnagar,TSSD0377,296.21,"{'min': 32.130001068115234, 'max': 40.06999969482422, 'mean': 36.56208292643229, 'count': 48, 'sum': 1754.97998046875, 'median': 37.09000015258789}","(77.92099457500007, 16.78332651100004, 78.11899967800008, 17.01427203800006)",31-07-2023.geojson,Nawabpet,,,,,
Vikarabad,TSSD0378,158.3,"{'min': 33.95000076293945, 'max': 39.61000061035156, 'mean': 37.52512266577744, 'count': 41, 'sum': 1538.530029296875, 'median': 37.40999984741211}","(77.88176503700004, 17.365495641000052, 78.07175069100003, 17.471223939000026)",31-07-2023.geojson,Nawabpet,,,,,
Warangal_Rural,TSSD0379,188.28,"{'min': 35.77000045776367, 'max': 42.310001373291016, 'mean': 39.751201171875, 'count': 50, 'sum': 1987.56005859375, 'median': 40.05000305175781}","(79.74746045700005, 17.696488769000155, 79.90634128700003, 17.879678624000064)",31-07-2023.geojson,Nekkonda,,,,,
Khammam,TSSD0380,186.76,"{'min': 37.09000015258789, 'max': 43.970001220703125, 'mean': 41.09122389190051, 'count': 49, 'sum': 2013.469970703125, 'median': 41.59000015258789}","(79.96784028800005, 16.968121411000027, 80.11000795600006, 17.174936235000075)",31-07-2023.geojson,Nelakondapally,,,,,
Mahabubabad,TSSD0381,206.97,"{'min': 37.90999984741211, 'max': 42.709999084472656, 'mean': 39.824074074074076, 'count': 54, 'sum': 2150.5, 'median': 39.98999786376953}","(79.71439804300002, 17.541887375000044, 79.91872236700016, 17.698785481000073)",31-07-2023.geojson,Nellikudur,,,,,
Mancherial,TSSD0382,269.42,"{'min': 34.029998779296875, 'max': 38.5, 'mean': 35.9578857421875, 'count': 52, 'sum': 1869.81005859375, 'median': 35.86000061035156}","(79.52664994100007, 18.93089886100006, 79.73295653300005, 19.12578670700003)",31-07-2023.geojson,Nennel,,,,,
Adilabad,TSSD0383,328.19,"{'min': 34.709999084472656, 'max': 42.90999984741211, 'mean': 39.325295840992645, 'count': 34, 'sum': 1337.06005859375, 'median': 39.08000183105469}","(78.26082714200004, 19.17277807100004, 78.55364642200004, 19.39715159900004)",31-07-2023.geojson,Neradigonda,,,,,
Suryapet,TSSD0384,126.74,"{'min': 39.0099983215332, 'max': 43.43000030517578, 'mean': 41.45457589285714, 'count': 35, 'sum': 1450.91015625, 'median': 41.470001220703125}","(79.61424865900005, 16.828891998000074, 79.72807247700007, 16.983950306000054)",31-07-2023.geojson,Nereducherla,,,,,
Nalgonda,TSSD0385,161.07,"{'min': 35.38999938964844, 'max': 41.790000915527344, 'mean': 39.9854569868608, 'count': 44, 'sum': 1759.360107421875, 'median': 40.279998779296875}","(78.94273533400008, 16.468748120000043, 79.11690272800007, 16.651020135000067)",31-07-2023.geojson,Neredugommu,,,,,
Nalgonda,TSSD0386,217.58,"{'min': 37.369998931884766, 'max': 43.95000076293945, 'mean': 41.26288152145127, 'count': 59, 'sum': 2434.510009765625, 'median': 41.709999084472656}","(79.29369591300008, 16.726884840000025, 79.46702657000003, 16.93694350900006)",31-07-2023.geojson,Nidamanoor,,,,,
Nirmal,TSSD0387,26.54,"{'count': 1, 'min': 'N/A', 'mean': 'N/A', 'max': 'N/A', 'median': 'N/A'}","(78.32125738700006, 19.06142155400005, 78.36703256100003, 19.13503668900006)",31-07-2023.geojson,Nirmal,,,,,
Nirmal,TSSD0388,121.65,"{'count': 1, 'min': 'N/A', 'mean': 'N/A', 'max': 'N/A', 'median': 'N/A'}","(78.28619783500005, 19.030659180000043, 78.42042812500006, 19.18711090100004)",31-07-2023.geojson,Nirmal Rural,,,,,
Nizamabad,TSSD0389,8.31,"{'min': 33.72999954223633, 'max': 34.59000015258789, 'mean': 34.15999984741211, 'count': 2, 'sum': 68.31999969482422, 'median': 34.15999984741211}","(78.05163596200003, 18.674492592000036, 78.12730598000007, 18.70039857300003)",31-07-2023.geojson,Nizamabad North,,,,,
Nizamabad,TSSD0390,143.88,"{'min': 30.770000457763672, 'max': 35.33000183105469, 'mean': 33.68142918178013, 'count': 7, 'sum': 235.77000427246094, 'median': 34.54999923706055}","(77.98560033100006, 18.565702533000035, 78.16225447400006, 18.788720459000047)",31-07-2023.geojson,Nizamabad Rural,,,,,
Nizamabad,TSSD0391,30.08,"{'min': 33.83000183105469, 'max': 34.529998779296875, 'mean': 34.17000122070313, 'count': 5, 'sum': 170.85000610351562, 'median': 34.150001525878906}","(78.05135267700007, 18.638141734000044, 78.12035163300004, 18.70039857300003)",31-07-2023.geojson,Nizamabad South,,,,,
Medak,TSSD0392,96.69,"{'min': 32.650001525878906, 'max': 35.72999954223633, 'mean': 34.307141985212056, 'count': 28, 'sum': 960.5999755859375, 'median': 34.519996643066406}","(78.48347828600004, 18.052927198000077, 78.58043728400008, 18.186685228000044)",31-07-2023.geojson,Nizampet,,,,,
Kamareddy,TSSD0393,241.59,"{'min': 23.25, 'max': 35.810001373291016, 'mean': 30.84956691576087, 'count': 46, 'sum': 1419.080078125, 'median': 32.22999954223633}","(77.84561923400008, 18.09283344800002, 78.00817764400006, 18.34553889500006)",31-07-2023.geojson,Nizamsagar,,,,,
Suryapet,TSSD0394,119.91,"{'min': 37.09000015258789, 'max': 41.43000030517578, 'mean': 39.12757457386363, 'count': 33, 'sum': 1291.2099609375, 'median': 38.9900016784668}","(79.62642963900004, 17.281058334000022, 79.80860422700005, 17.37862805900005)",31-07-2023.geojson,Noothankal,,,,,
Sangareddy,TSSD0395,259.19,"{'min': 33.650001525878906, 'max': 42.310001373291016, 'mean': 37.22970760569853, 'count': 68, 'sum': 2531.6201171875, 'median': 36.595001220703125}","(77.50905262900005, 17.743666096000027, 77.70963585900006, 17.95290998400003)",31-07-2023.geojson,Nyalkal,,,,,
Peddapalli,TSSD0396,148.08,"{'min': 35.470001220703125, 'max': 41.38999938964844, 'mean': 37.935791015625, 'count': 38, 'sum': 1441.56005859375, 'median': 37.720001220703125}","(79.36660364000005, 18.386385288000042, 79.55224107200007, 18.53271052300005)",31-07-2023.geojson,Odela,,,,,
Nagarkurnool,TSSD0397,630.47,"{'min': 33.970001220703125, 'max': 43.11000061035156, 'mean': 37.67781372070313, 'count': 160, 'sum': 6028.4501953125, 'median': 37.220001220703125}","(78.85902477800005, 16.210348460000034, 79.23432760400004, 16.461405856000056)",31-07-2023.geojson,Padara,,,,,
Suryapet,TSSD0398,132.07,"{'min': 38.290000915527344, 'max': 44.0099983215332, 'mean': 41.66388956705729, 'count': 36, 'sum': 1499.9000244140625, 'median': 41.95000076293945}","(79.66762645300008, 16.689675125000065, 79.78908743200003, 16.836615472000062)",31-07-2023.geojson,Palakeedu,,,,,
Jangoan,TSSD0399,255.42,"{'min': 35.790000915527344, 'max': 42.209999084472656, 'mean': 39.06242601799242, 'count': 66, 'sum': 2578.1201171875, 'median': 38.540000915527344}","(79.34225257900005, 17.560267294000028, 79.54008752200008, 17.75819989300004)",31-07-2023.geojson,Palakurthy,,,,,
Peddapalli,TSSD0400,137.42,"{'min': 28.350000381469727, 'max': 40.130001068115234, 'mean': 36.14620655980603, 'count': 29, 'sum': 1048.239990234375, 'median': 36.09000015258789}","(79.25348235000007, 18.670677110000042, 79.50381904800008, 18.81832694700006)",31-07-2023.geojson,Palakurthy,,,,,
Jayashankar Bhupalpally,TSSD0401,226.16,"{'min': 31.489999771118164, 'max': 39.349998474121094, 'mean': 35.551695742849574, 'count': 59, 'sum': 2097.550048828125, 'median': 35.529998779296875}","(80.10237686500005, 18.587417120000055, 80.34460111300007, 18.722365577000062)",31-07-2023.geojson,Palmela,,,,,
Bhadradri Kothagudem,TSSD0402,421.11,"{'min': 28.549999237060547, 'max': 41.25, 'mean': 36.461680919200454, 'count': 111, 'sum': 4047.24658203125, 'median': 36.72999954223633}","(80.57151962200004, 17.50317956400005, 80.86723947600007, 17.895408489000033)",31-07-2023.geojson,Palvancha,,,,,
Wanaparthy,TSSD0403,205.91,"{'min': 36.630001068115234, 'max': 41.95000076293945, 'mean': 40.118887442129626, 'count': 54, 'sum': 2166.419921875, 'median': 40.43000030517578}","(78.02855847800004, 16.173396301000025, 78.22246788200005, 16.341012469000077)",31-07-2023.geojson,Pangal,,,,,
Medak,TSSD0404,205.14,"{'min': 32.709999084472656, 'max': 36.810001373291016, 'mean': 34.48672762784091, 'count': 55, 'sum': 1896.77001953125, 'median': 34.22999954223633}","(77.99790429400008, 17.965407912000046, 78.21345417200007, 18.109216143000026)",31-07-2023.geojson,Papannapet,,,,,
Vikarabad,TSSD0405,227.88,"{'min': 33.689998626708984, 'max': 39.290000915527344, 'mean': 36.81813592425848, 'count': 59, 'sum': 2172.27001953125, 'median': 36.90999984741211}","(77.76414678500004, 17.074105024000062, 77.99328854900006, 17.257275064000055)",31-07-2023.geojson,Pargi,,,,,
Warangal_Rural,TSSD0406,79.71,"{'min': 42.09000015258789, 'max': 44.61000061035156, 'mean': 43.1, 'count': 20, 'sum': 862.0, 'median': 43.165000915527344}","(79.645823469, 18.135041913000066, 79.73250177000006, 18.279244378000044)",31-07-2023.geojson,Parkal,,,,,
Warangal_Rural,TSSD0407,161.29,"{'min': 37.56999969482422, 'max': 41.4900016784668, 'mean': 39.67428443545387, 'count': 42, 'sum': 1666.3199462890625, 'median': 39.779998779296875}","(79.64445348100008, 17.68264110900003, 79.78084029400003, 17.843589961000077)",31-07-2023.geojson,Parvathagiri,,,,,
Sangareddy,TSSD0408,186.54,"{'min': 33.93000030517578, 'max': 38.66999816894531, 'mean': 35.931201171875, 'count': 50, 'sum': 1796.56005859375, 'median': 35.93000030517578}","(78.13716356700007, 17.463618334000046, 78.28967759800008, 17.628094657000076)",31-07-2023.geojson,Patancheruvu,,,,,
Wanaparthy,TSSD0409,199.7,"{'min': 37.95000076293945, 'max': 42.66999816894531, 'mean': 40.14153583233173, 'count': 52, 'sum': 2087.35986328125, 'median': 40.12000274658203}","(77.91611806600008, 16.024587675000078, 78.07471604300008, 16.26834650400002)",31-07-2023.geojson,Pebbair,,,,,
Nalgonda,TSSD0410,534.97,"{'min': 27.309999465942383, 'max': 42.150001525878906, 'mean': 37.23647566321942, 'count': 139, 'sum': 5175.8701171875, 'median': 39.40999984741211}","(79.02131319100005, 16.429164953000054, 79.31131002400008, 16.806345736000026)",31-07-2023.geojson,Peda Adisharla Palli,,,,,
Kamareddy,TSSD0411,93.4,"{'min': 37.43000030517578, 'max': 42.16999816894531, 'mean': 40.64000056340144, 'count': 26, 'sum': 1056.6400146484375, 'median': 41.06999969482422}","(77.64296889100007, 18.23434125800003, 77.79440383200006, 18.363266914000064)",31-07-2023.geojson,Pedda Kodapgal,,,,,
Nagarkurnool,TSSD0412,268.13,"{'min': 35.290000915527344, 'max': 42.45000076293945, 'mean': 39.41222127278646, 'count': 72, 'sum': 2837.679931640625, 'median': 39.279998779296875}","(78.28210328600005, 16.15614634700006, 78.46080747200006, 16.378297329000077)",31-07-2023.geojson,Peddakothapalle,,,,,
Wanaparthy,TSSD0413,184.53,"{'min': 33.06999969482422, 'max': 42.43000030517578, 'mean': 37.8225580259811, 'count': 43, 'sum': 1626.3699951171875, 'median': 38.33000183105469}","(77.91764372000006, 16.364835636000066, 78.12790212400006, 16.52562722400006)",31-07-2023.geojson,Peddamandaddi,,,,,
Peddapalli,TSSD0414,249.03,"{'min': 34.38999938964844, 'max': 41.40999984741211, 'mean': 37.787190755208336, 'count': 57, 'sum': 2153.869873046875, 'median': 37.970001220703125}","(79.30969398300005, 18.526543618000062, 79.49350302700003, 18.70415850100005)",31-07-2023.geojson,Peddapalli,,,,,
Mahabubabad,TSSD0415,111.61,"{'min': 35.06999969482422, 'max': 40.810001373291016, 'mean': 37.710001627604164, 'count': 30, 'sum': 1131.300048828125, 'median': 37.56999969482422}","(79.51263601700003, 17.490564388000053, 79.63852224900006, 17.619982297000035)",31-07-2023.geojson,Peddavangara,,,,,
Nalgonda,TSSD0416,289.57,"{'min': 31.540000915527344, 'max': 44.43000030517578, 'mean': 40.41246765929383, 'count': 77, 'sum': 3111.760009765625, 'median': 40.83000183105469}","(79.13353438500008, 16.575213949000045, 79.36044542900004, 16.832719401000077)",31-07-2023.geojson,Peddavoora,,,,,
Vikarabad,TSSD0417,240.11,"{'min': 31.190000534057617, 'max': 38.93000030517578, 'mean': 35.872582220262096, 'count': 62, 'sum': 2224.10009765625, 'median': 36.01000213623047}","(77.51261111400004, 17.261553169000024, 77.72573047400004, 17.456603014000052)",31-07-2023.geojson,Peddemul,,,,,
Jagtial,TSSD0418,131.5,"{'min': 33.59000015258789, 'max': 36.470001220703125, 'mean': 35.181251525878906, 'count': 32, 'sum': 1125.800048828125, 'median': 35.25}","(79.00313586800007, 18.638171251000074, 79.13566837800005, 18.76691388300003)",31-07-2023.geojson,Pegadapalli,,,,,
Nirmal,TSSD0419,315.89,"{'min': 27.469999313354492, 'max': 35.11000061035156, 'mean': 29.181764490464154, 'count': 17, 'sum': 496.0899963378906, 'median': 28.229999542236328}","(78.48200096200003, 19.08543736100006, 78.72744941700006, 19.317058780000025)",31-07-2023.geojson,Pembi,,,,,
Kumurambheem Asifabad,TSSD0420,209.6,"{'min': 32.349998474121094, 'max': 34.61000061035156, 'mean': 33.47999954223633, 'count': 2, 'sum': 66.95999908447266, 'median': 33.47999954223633}","(79.66386794600004, 19.199781307000023, 79.94222848200008, 19.367035272000066)",31-07-2023.geojson,Penchikalpet,,,,,
Suryapet,TSSD0421,190.1,"{'min': 39.11000061035156, 'max': 44.75, 'mean': 41.33902037377451, 'count': 51, 'sum': 2108.2900390625, 'median': 41.33000183105469}","(79.59300492900007, 16.958133916000065, 79.81245856700008, 17.09085837200007)",31-07-2023.geojson,Penpahad,,,,,
Nagarkurnool,TSSD0422,100.6,"{'min': 37.40999984741211, 'max': 42.43000030517578, 'mean': 41.14181795987216, 'count': 22, 'sum': 905.1199951171875, 'median': 41.4900016784668}","(78.18107699600006, 16.00532167600005, 78.32316639500004, 16.139543263000064)",31-07-2023.geojson,Pentlavelli,,,,,
Khammam,TSSD0423,273.41,"{'min': 37.029998779296875, 'max': 43.90999984741211, 'mean': 40.879858742297536, 'count': 71, 'sum': 2902.469970703125, 'median': 41.349998474121094}","(80.59580834400003, 17.100783087000025, 80.77536110100004, 17.320991373000027)",31-07-2023.geojson,Penuballi,,,,,
Bhadradri Kothagudem,TSSD0424,237.05,"{'min': 32.5099983215332, 'max': 45.0099983215332, 'mean': 40.79738581730769, 'count': 65, 'sum': 2651.830078125, 'median': 41.709999084472656}","(80.60213672700007, 17.921962273000076, 80.77371604900003, 18.158406092000064)",31-07-2023.geojson,Pinapaka,,,,,
Vikarabad,TSSD0425,206.05,"{'min': 33.369998931884766, 'max': 40.40999984741211, 'mean': 37.49296287254051, 'count': 54, 'sum': 2024.6199951171875, 'median': 37.86000061035156}","(77.89676249700005, 17.131204728000057, 78.06049801700004, 17.32409672800003)",31-07-2023.geojson,Pudur,,,,,
Sangareddy,TSSD0426,148.67,"{'min': 24.649999618530273, 'max': 40.41999816894531, 'mean': 35.452001953125, 'count': 40, 'sum': 1418.080078125, 'median': 36.20500183105469}","(77.90516574499998, 17.65983009000007, 78.07454656600015, 17.812841045000027)",31-07-2023.geojson,Pulkal,,,,,
Medchal_Malkajgiri,TSSD0427,43.97,"{'min': 32.689998626708984, 'max': 36.4900016784668, 'mean': 34.939999389648435, 'count': 10, 'sum': 349.3999938964844, 'median': 34.939998626708984}","(78.38920413800008, 17.480972, 78.50036789700005, 17.561433864000037)",31-07-2023.geojson,Quthbullapur,,,,,
Khammam,TSSD0428,192.3,"{'min': 39.16999816894531, 'max': 44.59000015258789, 'mean': 41.91400390625, 'count': 50, 'sum': 2095.7001953125, 'median': 42.040000915527344}","(80.13318105300004, 17.232712673000037, 80.34275288000003, 17.401110535000043)",31-07-2023.geojson,Raghunadhapalem,,,,,
Jangoan,TSSD0429,251.68,"{'min': 34.61000061035156, 'max': 41.66999816894531, 'mean': 39.112388496968286, 'count': 67, 'sum': 2620.530029296875, 'median': 39.369998931884766}","(79.17884629500008, 17.67337913600005, 79.37330906100004, 17.858329210000022)",31-07-2023.geojson,Ragunathpally,,,,,
Jagtial,TSSD0430,266.42,"{'min': 27.049999237060547, 'max': 38.59000015258789, 'mean': 31.609824732730264, 'count': 57, 'sum': 1801.760009765625, 'median': 31.530000686645508}","(78.72887764300003, 18.831214958000032, 78.93391600400008, 19.071133686000053)",31-07-2023.geojson,Raikal,,,,,
Sangareddy,TSSD0431,223.22,"{'min': 28.010000228881836, 'max': 41.93000030517578, 'mean': 37.95706913389009, 'count': 58, 'sum': 2201.510009765625, 'median': 39.95000076293945}","(77.66777327100004, 17.76655052700005, 77.88238395400003, 17.93163760300007)",31-07-2023.geojson,Raikode,,,,,
Warangal_Rural,TSSD0432,219.17,"{'min': 34.31999969482422, 'max': 43.029998779296875, 'mean': 38.8260009765625, 'count': 60, 'sum': 2329.56005859375, 'median': 39.040000915527344}","(79.48142998600008, 17.619651097000144, 79.69554202900008, 17.76142627300004)",31-07-2023.geojson,Raiparthy,,,,,
Siddipet,TSSD0433,104.17,"{'min': 34.4900016784668, 'max': 37.7400016784668, 'mean': 36.16689537311422, 'count': 29, 'sum': 1048.8399658203125, 'median': 36.18000030517578}","(78.55726942800004, 17.83236618500007, 78.68891396900005, 17.985113187000024)",31-07-2023.geojson,Raipole,,,,,
Kamareddy,TSSD0434,126.93,"{'min': 31.760000228881836, 'max': 38.7400016784668, 'mean': 34.90500057444853, 'count': 34, 'sum': 1186.77001953125, 'median': 34.93000030517578}","(78.21768245400006, 18.146799025000064, 78.37609676800008, 18.26765991900004)",31-07-2023.geojson,Rajampet,,,,,
Yadadri Bhuvanagiri,TSSD0435,197.22,"{'min': 34.45000076293945, 'max': 39.04999923706055, 'mean': 36.449183872767854, 'count': 49, 'sum': 1786.010009765625, 'median': 36.04999923706055}","(78.85825081100006, 17.654937046000043, 79.01597518100004, 17.812669696000057)",31-07-2023.geojson,Rajapeta,,,,,
Mahabubnagar,TSSD0436,125.06,"{'min': 38.209999084472656, 'max': 41.27000045776367, 'mean': 39.828707787298384, 'count': 31, 'sum': 1234.68994140625, 'median': 39.75}","(78.07616216600007, 16.827293433000023, 78.23953804100006, 16.936410312000078)",31-07-2023.geojson,Rajapur,,,,,
Rangareddy,TSSD0437,48.26,"{'min': 30.90999984741211, 'max': 37.150001525878906, 'mean': 34.675333658854164, 'count': 15, 'sum': 520.1300048828125, 'median': 34.790000915527344}","(78.37469952800006, 17.27932147300004, 78.46010745500007, 17.37208799600006)",31-07-2023.geojson,Rajendranagar,,,,,
Jogulamba Gadwal,TSSD0438,129.05,"{'min': 36.54999923706055, 'max': 41.810001373291016, 'mean': 39.17764820772059, 'count': 34, 'sum': 1332.0400390625, 'median': 39.36000061035156}","(77.64468695100004, 15.874725880000028, 77.86920549500007, 15.955733610000038)",31-07-2023.geojson,Rajoli,,,,,
Sangareddy,TSSD0439,76.01,"{'min': 32.349998474121094, 'max': 36.470001220703125, 'mean': 34.538423237047695, 'count': 19, 'sum': 656.2300415039062, 'median': 34.59000015258789}","(78.20639802000005, 17.42785604100004, 78.31670013100006, 17.529947374000074)",31-07-2023.geojson,Ramachandrapuram,,,,,
Karimnagar,TSSD0440,134.02,"{'min': 35.709999084472656, 'max': 40.810001373291016, 'mean': 38.44540487753378, 'count': 37, 'sum': 1422.47998046875, 'median': 38.41999816894531}","(79.02101613600007, 18.468415441000047, 79.13300998100004, 18.662426753000034)",31-07-2023.geojson,Ramadugu,,,,,
Peddapalli,TSSD0441,174.25,"{'min': 30.59000015258789, 'max': 38.72999954223633, 'mean': 35.8764013671875, 'count': 25, 'sum': 896.9100341796875, 'median': 35.810001373291016}","(79.49644329500006, 18.537401654000064, 79.64857378700003, 18.777236066000057)",31-07-2023.geojson,Ramagiri,,,,,
Peddapalli,TSSD0442,113.66,"{'min': 32.06999969482422, 'max': 36.54999923706055, 'mean': 34.5243994140625, 'count': 25, 'sum': 863.1099853515625, 'median': 34.56999969482422}","(79.41357231200004, 18.674221571000032, 79.54617280200006, 18.82875034600005)",31-07-2023.geojson,Ramagundam,,,,,
Yadadri Bhuvanagiri,TSSD0443,229.79,"{'min': 33.25, 'max': 38.66999816894531, 'mean': 36.031331380208336, 'count': 60, 'sum': 2161.8798828125, 'median': 36.34000015258789}","(78.98814184100007, 17.24503517000005, 79.25341493800005, 17.371267423000063)",31-07-2023.geojson,Ramannapet,,,,,
Kamareddy,TSSD0444,168.07,"{'min': 32.66999816894531, 'max': 37.9900016784668, 'mean': 35.61256134815705, 'count': 39, 'sum': 1388.889892578125, 'median': 35.849998474121094}","(78.30521243600003, 18.353492533000065, 78.49228659800008, 18.483468182000024)",31-07-2023.geojson,Ramareddy,,,,,
Medak,TSSD0445,151.12,"{'min': 32.5099983215332, 'max': 35.529998779296875, 'mean': 33.58611043294271, 'count': 36, 'sum': 1209.0999755859375, 'median': 33.44000244140625}","(78.30425113600006, 18.0235726680001, 78.52133388100003, 18.202632038000047)",31-07-2023.geojson,Ramayampet,,,,,
Kumurambheem Asifabad,TSSD0446,259.91,"{'min': 30.309999465942383, 'max': 36.04999923706055, 'mean': 33.205999755859374, 'count': 10, 'sum': 332.05999755859375, 'median': 33.87999725341797}","(79.32166087900004, 19.178187793000063, 79.54911338400007, 19.34967844600004)",31-07-2023.geojson,Rebbena,,,,,
Medak,TSSD0447,80.04,"{'min': 30.790000915527344, 'max': 39.540000915527344, 'mean': 36.33550109863281, 'count': 20, 'sum': 726.7100219726562, 'median': 36.63500213623047}","(77.79480732300004, 17.899738504000027, 77.90762447000003, 18.02227582200004)",31-07-2023.geojson,Regode,,,,,
Jayashankar Bhupalpally,TSSD0448,230.7,"{'min': 37.40999984741211, 'max': 44.25, 'mean': 41.469830011917374, 'count': 59, 'sum': 2446.719970703125, 'median': 41.790000915527344}","(79.69264018100006, 18.156703452000045, 79.86309632500007, 18.338586973000076)",31-07-2023.geojson,Regonda,,,,,
Nizamabad,TSSD0449,113.22,"{'count': 1, 'min': 'N/A', 'mean': 'N/A', 'max': 'N/A', 'median': 'N/A'}","(77.86138268200006, 18.703789855000025, 78.00478559000004, 18.827805693000073)",31-07-2023.geojson,Renjal,,,,,
Wanaparthy,TSSD0450,123.03,"{'min': 34.95000076293945, 'max': 40.470001220703125, 'mean': 37.597056669347424, 'count': 34, 'sum': 1278.2999267578125, 'median': 37.470001220703125}","(78.18099529600005, 16.28925188900007, 78.31347526600007, 16.41654954300003)",31-07-2023.geojson,Revally,,,,,
Rajanna Sircilla,TSSD0451,102.53,"{'min': 31.329999923706055, 'max': 40.06999969482422, 'mean': 36.27423330453726, 'count': 26, 'sum': 943.1300659179688, 'median': 36.029998779296875}","(78.58056651000004, 18.58307069400007, 78.73259018200008, 18.69041016700004)",31-07-2023.geojson,Rudrangi,,,,,
Nizamabad,TSSD0452,49.47,"{'min': 29.309999465942383, 'max': 31.40999984741211, 'mean': 30.20333523220486, 'count': 9, 'sum': 271.83001708984375, 'median': 30.190000534057617}","(77.83311309200008, 18.52944754200007, 77.90865557200004, 18.627816633000066)",31-07-2023.geojson,Rudrur,,,,,
Kamareddy,TSSD0453,196.13,"{'min': 31.6299991607666, 'max': 39.630001068115234, 'mean': 36.291319649174525, 'count': 53, 'sum': 1923.43994140625, 'median': 36.63999938964844}","(78.13861896100008, 18.353770851000036, 78.32975145300009, 18.507260761000055)",31-07-2023.geojson,Sadashivnagar,,,,,
Sangareddy,TSSD0454,248.56,"{'min': 30.850000381469727, 'max': 40.61000061035156, 'mean': 37.725291532628674, 'count': 68, 'sum': 2565.31982421875, 'median': 37.80000305175781}","(77.85634040500008, 17.56144371700003, 78.05470115400004, 17.744826153000076)",31-07-2023.geojson,Sadasivpet,,,,,
Hyderabad,TSSD0455,4.44,"{'min': 38.470001220703125, 'max': 38.470001220703125, 'mean': 38.470001220703125, 'count': 1, 'sum': 38.470001220703125, 'median': 38.470001220703125}","(78.49666183500005, 17.34852849400005, 78.52105110000008, 17.37992626500005)",31-07-2023.geojson,Saidabad,,,,,
Sangareddy,TSSD0456,85.0,"{'min': 32.40999984741211, 'max': 38.150001525878906, 'mean': 35.10809035528274, 'count': 21, 'sum': 737.2698974609375, 'median': 34.90999984741211}","(78.04085741600005, 17.553553519000047, 78.16506055600007, 17.67324188400005)",31-07-2023.geojson,Sangareddy,,,,,
Warangal_Rural,TSSD0457,147.68,"{'min': 33.09000015258789, 'max': 40.77000045776367, 'mean': 37.90526058799342, 'count': 38, 'sum': 1440.39990234375, 'median': 38.16999816894531}","(79.62671724200004, 17.820931420000022, 79.79112790100004, 17.944659224000077)",31-07-2023.geojson,Sangem,,,,,
Jagtial,TSSD0458,143.97,"{'min': 27.049999237060547, 'max': 38.810001373291016, 'mean': 31.506072998046875, 'count': 28, 'sum': 882.1700439453125, 'median': 31.549999237060547}","(78.88862723900007, 18.84957074600004, 79.01218592200007, 19.00894877500002)",31-07-2023.geojson,Sarangapur,,,,,
Nirmal,TSSD0459,255.36,"{'min': 32.11000061035156, 'max': 38.72999954223633, 'mean': 35.79999796549479, 'count': 12, 'sum': 429.5999755859375, 'median': 35.959999084472656}","(78.17542674100008, 19.119711206000034, 78.37414495300004, 19.317393956000046)",31-07-2023.geojson,Sarangapur,,,,,
Khammam,TSSD0460,285.22,"{'min': 33.650001525878906, 'max': 41.810001373291016, 'mean': 37.574507592429576, 'count': 71, 'sum': 2667.7900390625, 'median': 37.869998931884766}","(80.75683769000005, 17.117241266000065, 80.92560532200008, 17.37735310100004)",31-07-2023.geojson,Sathupally,,,,,
Hyderabad,TSSD0461,3.33,"{'min': 32.36000061035156, 'max': 32.36000061035156, 'mean': 32.36000061035156, 'count': 1, 'sum': 32.36000061035156, 'median': 32.36000061035156}","(78.46963204300005, 17.426530425000067, 78.49977880800003, 17.44386382500005)",31-07-2023.geojson,Secunderabad,,,,,
Rangareddy,TSSD0462,96.56,"{'min': 32.810001373291016, 'max': 35.56999969482422, 'mean': 34.298570905412944, 'count': 28, 'sum': 960.3599853515625, 'median': 34.34000015258789}","(78.27172464700004, 17.409225719000062, 78.40724610200004, 17.522654105000072)",31-07-2023.geojson,Serilingampalle,,,,,
Rangareddy,TSSD0463,232.51,"{'min': 34.290000915527344, 'max': 40.22999954223633, 'mean': 36.702068460398706, 'count': 58, 'sum': 2128.719970703125, 'median': 36.5}","(78.04592706400007, 17.084200252000073, 78.25929582200007, 17.259301650000054)",31-07-2023.geojson,Shabad,,,,,
Hyderabad,TSSD0464,23.35,"{'min': 35.04999923706055, 'max': 35.93000030517578, 'mean': 35.57666778564453, 'count': 6, 'sum': 213.4600067138672, 'median': 35.68000030517578}","(78.38838433400008, 17.386491415000023, 78.45185860300006, 17.441244402000052)",31-07-2023.geojson,Shaikpet,,,,,
Nalgonda,TSSD0465,228.95,"{'min': 30.729999542236328, 'max': 40.75, 'mean': 36.96499837239583, 'count': 60, 'sum': 2217.89990234375, 'median': 36.77000045776367}","(79.28719940500008, 17.21166416600005, 79.50079969900008, 17.35925323300006)",31-07-2023.geojson,Shaligouraram,,,,,
Medchal_Malkajgiri,TSSD0466,150.73,"{'min': 31.06999969482422, 'max': 36.689998626708984, 'mean': 33.84299926757812, 'count': 40, 'sum': 1353.719970703125, 'median': 33.480003356933594}","(78.49393641100005, 17.536372458000073, 78.65615437000014, 17.695841263000034)",31-07-2023.geojson,Shamirpet,,,,,
Rangareddy,TSSD0467,199.4,"{'min': 32.290000915527344, 'max': 35.9900016784668, 'mean': 34.50884540264423, 'count': 52, 'sum': 1794.4599609375, 'median': 34.41999816894531}","(78.23263628200004, 17.145048406000058, 78.43688465000008, 17.322722112000065)",31-07-2023.geojson,Shamshabad,,,,,
Medak,TSSD0468,142.04,"{'min': 30.610000610351562, 'max': 37.369998931884766, 'mean': 34.70157984683388, 'count': 38, 'sum': 1318.6600341796875, 'median': 34.76499938964844}","(77.85211008600004, 17.994571649000022, 78.00442992900008, 18.123550200000068)",31-07-2023.geojson,Shankarampet_A,,,,,
Karimnagar,TSSD0469,144.28,"{'min': 35.369998931884766, 'max': 40.369998931884766, 'mean': 38.75374755859375, 'count': 40, 'sum': 1550.14990234375, 'median': 38.73999786376953}","(79.25766646100004, 18.226704529000074, 79.40468523700008, 18.368117502000075)",31-07-2023.geojson,Shankarapatnam,,,,,
Rangareddy,TSSD0470,210.66,"{'min': 33.88999938964844, 'max': 40.56999969482422, 'mean': 37.60525357521186, 'count': 59, 'sum': 2218.7099609375, 'median': 38.09000015258789}","(78.03518070400008, 17.36271017200005, 78.28884776000007, 17.519074225000054)",31-07-2023.geojson,Shankarpalle,,,,,
Warangal_Rural,TSSD0471,116.47,"{'min': 38.43000030517578, 'max': 43.650001525878906, 'mean': 41.82500076293945, 'count': 32, 'sum': 1338.4000244140625, 'median': 42.09000015258789}","(79.65749409800003, 18.09115618000004, 79.85468848500005, 18.192367870000055)",31-07-2023.geojson,Shayampet,,,,,
Medak,TSSD0472,193.23,"{'min': 31.649999618530273, 'max': 37.33000183105469, 'mean': 33.77203991948342, 'count': 49, 'sum': 1654.8299560546875, 'median': 33.709999084472656}","(78.29506747900007, 17.69907432800005, 78.44788785400004, 17.878551977000086)",31-07-2023.geojson,Shivampet,,,,,
Siddipet,TSSD0473,112.6,"{'min': 33.349998474121094, 'max': 36.09000015258789, 'mean': 34.56499808175223, 'count': 28, 'sum': 967.8199462890625, 'median': 34.380001068115234}","(78.71740480300008, 18.05814766800006, 78.82931055600005, 18.221303904000138)",31-07-2023.geojson,Siddipet_Rural,,,,,
Siddipet,TSSD0474,140.55,"{'min': 30.530000686645508, 'max': 36.630001068115234, 'mean': 34.45805528428819, 'count': 36, 'sum': 1240.489990234375, 'median': 34.39500045776367}","(78.77407040900005, 18.036517040000035, 78.93338480300008, 18.152979642000048)",31-07-2023.geojson,Siddipet_Urban,,,,,
Khammam,TSSD0475,248.58,"{'min': 34.810001373291016, 'max': 42.709999084472656, 'mean': 38.96624755859375, 'count': 64, 'sum': 2493.83984375, 'median': 38.88999938964844}","(80.19501777600004, 17.426341041000057, 80.47158959500007, 17.577896090000024)",31-07-2023.geojson,Singareni,,,,,
Rajanna Sircilla,TSSD0476,53.12,"{'min': 36.06999969482422, 'max': 38.900001525878906, 'mean': 37.541429792131694, 'count': 14, 'sum': 525.5800170898438, 'median': 37.57499694824219}","(78.74143609700008, 18.35280534900005, 78.85232997100007, 18.43330245100003)",31-07-2023.geojson,Sircilla,,,,,
Sangareddy,TSSD0477,119.81,"{'min': 32.849998474121094, 'max': 42.16999816894531, 'mean': 37.65499674479167, 'count': 30, 'sum': 1129.64990234375, 'median': 37.404998779296875}","(77.63761782900008, 18.101238527000078, 77.80019010900008, 18.20600259400004)",31-07-2023.geojson,Sirgapoor,,,,,
Adilabad,TSSD0478,202.11,"{'min': 33.59000015258789, 'max': 36.470001220703125, 'mean': 35.398888481987846, 'count': 9, 'sum': 318.5899963378906, 'median': 35.689998626708984}","(78.50741267300003, 19.29955482500003, 78.69361824700007, 19.472598296000115)",31-07-2023.geojson,Sirikonda,,,,,
Nizamabad,TSSD0479,334.45,"{'min': 30.969999313354492, 'max': 38.459999084472656, 'mean': 34.20781915838068, 'count': 55, 'sum': 1881.4300537109375, 'median': 34.029998779296875}","(78.38760279100006, 18.43949633400007, 78.61969949700006, 18.654543137000076)",31-07-2023.geojson,Sirikonda,,,,,
Kumurambheem Asifabad,TSSD0480,336.55,"{'min': 37.83000183105469, 'max': 42.27000045776367, 'mean': 40.022003173828125, 'count': 10, 'sum': 400.22003173828125, 'median': 39.83000183105469}","(79.45414155100008, 19.378014544000052, 79.70518129200008, 19.576127453000026)",31-07-2023.geojson,Sirpur_T,,,,,
Kumurambheem Asifabad,TSSD0481,188.92,"{'min': 35.529998779296875, 'max': 42.349998474121094, 'mean': 39.14833323160807, 'count': 24, 'sum': 939.5599975585938, 'median': 39.150001525878906}","(78.86004844600006, 19.270764704000044, 79.06911914200003, 19.420337200000063)",31-07-2023.geojson,Sirpur_U,,,,,
Nirmal,TSSD0482,83.77,"{'min': 26.309999465942383, 'max': 35.95000076293945, 'mean': 30.072221544053818, 'count': 9, 'sum': 270.6499938964844, 'median': 27.889999389648438}","(78.27684201200003, 18.95122860600003, 78.41145082100007, 19.069772912000076)",31-07-2023.geojson,Soan,,,,,
Peddapalli,TSSD0483,188.77,"{'min': 34.970001220703125, 'max': 40.790000915527344, 'mean': 38.43411554074755, 'count': 51, 'sum': 1960.139892578125, 'median': 38.790000915527344}","(79.43915173000005, 18.412581072000023, 79.59585151700009, 18.604812498000058)",31-07-2023.geojson,Srirampur,,,,,
Wanaparthy,TSSD0484,78.54,"{'min': 36.5099983215332, 'max': 42.0099983215332, 'mean': 39.7489990234375, 'count': 20, 'sum': 794.97998046875, 'median': 39.970001220703125}","(77.99102928900004, 16.130406421000032, 78.08846242100003, 16.26036345500006)",31-07-2023.geojson,Srirangapur,,,,,
Bhadradri Kothagudem,TSSD0485,105.54,"{'min': 35.470001220703125, 'max': 43.27000045776367, 'mean': 40.03142874581473, 'count': 28, 'sum': 1120.8800048828125, 'median': 39.84000015258789}","(80.48722315900005, 17.43343624000005, 80.65641156200007, 17.547570692000022)",31-07-2023.geojson,Sujathanagar,,,,,
Peddapalli,TSSD0486,165.88,"{'min': 36.09000015258789, 'max': 40.189998626708984, 'mean': 38.21090975674716, 'count': 44, 'sum': 1681.280029296875, 'median': 38.380001068115234}","(79.21551160500007, 18.440055271000062, 79.39913112200009, 18.60634948300003)",31-07-2023.geojson,Sultanabad,,,,,
Suryapet,TSSD0487,218.55,"{'min': 29.489999771118164, 'max': 41.630001068115234, 'mean': 38.195261101973685, 'count': 57, 'sum': 2177.1298828125, 'median': 39.209999084472656}","(79.49048435600008, 17.06180805200006, 79.66976062200007, 17.28486849600006)",31-07-2023.geojson,Suryapet,,,,,
Nagarkurnool,TSSD0488,226.32,"{'min': 34.43000030517578, 'max': 39.310001373291016, 'mean': 36.18419228830645, 'count': 62, 'sum': 2243.419921875, 'median': 36.11000061035156}","(78.26727079000005, 16.49459693400007, 78.45711110600007, 16.688643456000023)",31-07-2023.geojson,Tadoor,,,,,
Mulugu,TSSD0489,839.17,"{'min': 31.8700008392334, 'max': 42.9900016784668, 'mean': 36.37324128327546, 'count': 216, 'sum': 7856.6201171875, 'median': 36.0099983215332}","(80.10419615200004, 17.996319820000053, 80.48000297700008, 18.393553888000042)",31-07-2023.geojson,Tadvai (Sammakka Sarakka),,,,,
Kamareddy,TSSD0490,177.12,"{'min': 32.689998626708984, 'max': 39.4900016784668, 'mean': 36.50382833277926, 'count': 47, 'sum': 1715.679931640625, 'median': 36.54999923706055}","(78.15208823200004, 18.213409773000024, 78.30662145900004, 18.383527335000053)",31-07-2023.geojson,Tadwai,,,,,
Rangareddy,TSSD0491,245.69,"{'min': 34.40999984741211, 'max': 38.83000183105469, 'mean': 36.46909031723485, 'count': 66, 'sum': 2406.9599609375, 'median': 36.40999984741211}","(78.32295389600006, 16.777295856000023, 78.50523085400005, 16.961749273000066)",31-07-2023.geojson,Talakondapally,,,,,
Adilabad,TSSD0492,285.66,"{'min': 29.690000534057617, 'max': 44.16999816894531, 'mean': 38.582000732421875, 'count': 10, 'sum': 385.82000732421875, 'median': 40.51000213623047}","(78.26295216300008, 19.53761522600007, 78.49682900700003, 19.716183126000033)",31-07-2023.geojson,Talamadugu,,,,,
Adilabad,TSSD0493,97.7,"{'min': 37.61000061035156, 'max': 42.27000045776367, 'mean': 40.212855747767854, 'count': 7, 'sum': 281.489990234375, 'median': 40.25}","(78.33972411600007, 19.63174893000007, 78.51576933100006, 19.752904132000026)",31-07-2023.geojson,Tamsi,,,,,
Mancherial,TSSD0494,177.0,"{'min': 30.59000015258789, 'max': 40.61000061035156, 'mean': 36.138888888888886, 'count': 36, 'sum': 1301.0, 'median': 36.61000061035156}","(79.32361030500005, 19.082851204000065, 79.57052485400004, 19.226889392000032)",31-07-2023.geojson,Tandur,,,,,
Vikarabad,TSSD0495,240.33,"{'min': 32.93000030517578, 'max': 41.4900016784668, 'mean': 38.17375183105469, 'count': 64, 'sum': 2443.1201171875, 'median': 38.290000915527344}","(77.43695612500005, 17.209464535000052, 77.67739970400004, 17.402500187000044)",31-07-2023.geojson,Tandur,,,,,
Nirmal,TSSD0496,217.5,"{'min': 34.310001373291016, 'max': 42.630001068115234, 'mean': 39.149332682291664, 'count': 30, 'sum': 1174.47998046875, 'median': 40.37999725341797}","(77.76173454100007, 18.90445741800005, 77.90387245800008, 19.155003113000078)",31-07-2023.geojson,Tanoor,,,,,
Medak,TSSD0497,138.61,"{'min': 31.479999542236328, 'max': 37.56999969482422, 'mean': 35.267366108141445, 'count': 38, 'sum': 1340.159912109375, 'median': 35.43000030517578}","(77.96914892900008, 17.877695860000074, 78.09576951400004, 18.071839029000046)",31-07-2023.geojson,Tekmal,,,,,
Bhadradri Kothagudem,TSSD0498,467.77,"{'min': 30.770000457763672, 'max': 41.83000183105469, 'mean': 38.018522669057376, 'count': 122, 'sum': 4638.259765625, 'median': 38.480003356933594}","(80.37730808200007, 17.508099650000077, 80.62125353800008, 17.765024521000043)",31-07-2023.geojson,Tekulapalle,,,,,
Jayashankar Bhupalpally,TSSD0499,105.62,"{'min': 39.599998474121094, 'max': 43.189998626708984, 'mean': 41.44178989955357, 'count': 28, 'sum': 1160.3701171875, 'median': 41.59000015258789}","(79.56830471500007, 18.351151408000078, 79.68021060700005, 18.481462286000067)",31-07-2023.geojson,Tekumatla,,,,,
Nagarkurnool,TSSD0500,246.35,"{'min': 35.4900016784668, 'max': 40.790000915527344, 'mean': 38.72875213623047, 'count': 64, 'sum': 2478.64013671875, 'median': 38.869998931884766}","(78.34696131600003, 16.292821352000033, 78.51629761100008, 16.523862474000055)",31-07-2023.geojson,Telkapalle,,,,,
Khammam,TSSD0501,201.36,"{'min': 33.849998474121094, 'max': 44.09000015258789, 'mean': 40.66169940300708, 'count': 53, 'sum': 2155.070068359375, 'median': 40.95000076293945}","(80.37659267100008, 17.090031495000062, 80.51879083800003, 17.305187707000073)",31-07-2023.geojson,Thallada,,,,,
Rajanna Sircilla,TSSD0502,188.9,"{'min': 27.229999542236328, 'max': 38.27000045776367, 'mean': 34.70903836763822, 'count': 52, 'sum': 1804.8699951171875, 'median': 35.25}","(78.72705830300004, 18.25399247500019, 78.94322523800008, 18.414849795000066)",31-07-2023.geojson,Thangallapalli,,,,,
Jangoan,TSSD0503,85.48,"{'min': 37.150001525878906, 'max': 39.95000076293945, 'mean': 38.63476271856399, 'count': 21, 'sum': 811.3300170898438, 'median': 38.75}","(79.11661335800005, 17.901698373000045, 79.23410722300008, 17.998869741000078)",31-07-2023.geojson,Tharigoppula,,,,,
Nagarkurnool,TSSD0504,211.8,"{'min': 32.45000076293945, 'max': 39.310001373291016, 'mean': 37.537633167613635, 'count': 55, 'sum': 2064.56982421875, 'median': 37.66999816894531}","(78.12774301200005, 16.58719177000006, 78.30066679700008, 16.739122914000063)",31-07-2023.geojson,Thimmajipeta,,,,,
Karimnagar,TSSD0505,159.28,"{'min': 29.829999923706055, 'max': 40.77000045776367, 'mean': 38.77418411609738, 'count': 43, 'sum': 1667.2899169921875, 'median': 39.310001373291016}","(79.10148313700006, 18.256739006000032, 79.27138762700008, 18.42426985000003)",31-07-2023.geojson,Thimmapur,,,,,
Siddipet,TSSD0506,163.65,"{'min': 27.40999984741211, 'max': 36.25, 'mean': 32.54738981827445, 'count': 46, 'sum': 1497.179931640625, 'median': 32.650001525878906}","(78.64082299900008, 17.935194339000077, 78.80609777400008, 18.103813367000043)",31-07-2023.geojson,Thoguta,,,,,
Mahabubabad,TSSD0507,190.94,"{'min': 35.630001068115234, 'max': 40.66999816894531, 'mean': 37.83875020345052, 'count': 48, 'sum': 1816.260009765625, 'median': 37.77000045776367}","(79.57724589900005, 17.48583601000007, 79.73451208900008, 17.685591776000024)",31-07-2023.geojson,Thorrur,,,,,
Suryapet,TSSD0508,155.64,"{'min': 34.59000015258789, 'max': 39.029998779296875, 'mean': 36.60348723655523, 'count': 43, 'sum': 1573.949951171875, 'median': 36.61000061035156}","(79.53306376300003, 17.336875194000072, 79.65698014400004, 17.505487876000075)",31-07-2023.geojson,Thungathurthy,,,,,
Nalgonda,TSSD0509,191.03,"{'min': 34.45000076293945, 'max': 39.66999816894531, 'mean': 37.07431449142157, 'count': 51, 'sum': 1890.7900390625, 'median': 37.27000045776367}","(79.30130099300004, 16.962640196000052, 79.50775880800006, 17.107243536000055)",31-07-2023.geojson,Tipparthy,,,,,
Suryapet,TSSD0510,133.14,"{'min': 36.029998779296875, 'max': 39.93000030517578, 'mean': 37.45800083705357, 'count': 35, 'sum': 1311.030029296875, 'median': 37.45000076293945}","(79.36516547400004, 17.434097946000065, 79.57840336100008, 17.524158415000045)",31-07-2023.geojson,Tirumalagiri,,,,,
Nalgonda,TSSD0511,252.04,"{'min': 37.25, 'max': 45.04999923706055, 'mean': 42.62569110576923, 'count': 65, 'sum': 2770.669921875, 'median': 42.77000045776367}","(79.26163271700005, 16.580070085000045, 79.46872681600007, 16.764696361000063)",31-07-2023.geojson,Tirumalagiri_Sagar,,,,,
Khammam,TSSD0512,235.92,"{'min': 38.790000915527344, 'max': 43.25, 'mean': 41.24491954985119, 'count': 63, 'sum': 2598.429931640625, 'median': 41.22999954223633}","(79.80212475200005, 17.26260219900007, 80.05769935000006, 17.405974666000077)",31-07-2023.geojson,Tirumalayapalem,,,,,
Hyderabad,TSSD0513,13.97,"{'min': 34.709999084472656, 'max': 36.310001373291016, 'mean': 35.69499969482422, 'count': 4, 'sum': 142.77999877929688, 'median': 35.87999725341797}","(78.46457994100007, 17.44383310300003, 78.51669244400006, 17.484285331000024)",31-07-2023.geojson,Tirumalgiri,,,,,
Kumurambheem Asifabad,TSSD0514,581.75,"{'min': 29.889999389648438, 'max': 41.54999923706055, 'mean': 34.207727605646305, 'count': 44, 'sum': 1505.1400146484375, 'median': 33.80000305175781}","(79.03492001100005, 19.050559607000025, 79.39561347700004, 19.31944793300005)",31-07-2023.geojson,Tiryani,,,,,
Nalgonda,TSSD0515,161.12,"{'min': 36.310001373291016, 'max': 42.93000030517578, 'mean': 41.028497314453126, 'count': 40, 'sum': 1641.139892578125, 'median': 41.349998474121094}","(79.38610741200006, 16.71370968100007, 79.55776053800008, 16.93653709800003)",31-07-2023.geojson,Tripuraram,,,,,
Yadadri Bhuvanagiri,TSSD0516,188.2,"{'min': 31.90999984741211, 'max': 38.029998779296875, 'mean': 35.8328857421875, 'count': 52, 'sum': 1863.31005859375, 'median': 35.95000076293945}","(78.73050890600007, 17.570452835000026, 78.89834246500004, 17.752589976000024)",31-07-2023.geojson,Turkapalle_M,,,,,
Jogulamba Gadwal,TSSD0517,170.36,"{'min': 35.470001220703125, 'max': 44.11000061035156, 'mean': 40.85814010265262, 'count': 43, 'sum': 1756.9000244140625, 'median': 41.849998474121094}","(77.88159823500007, 15.863581044000057, 78.08622663000006, 16.053428277000023)",31-07-2023.geojson,Undavelly,,,,,
Medchal_Malkajgiri,TSSD0518,52.14,"{'min': 35.72999954223633, 'max': 37.88999938964844, 'mean': 36.71461604191707, 'count': 13, 'sum': 477.2900085449219, 'median': 36.72999954223633}","(78.51557767600008, 17.36244841100006, 78.59239104200003, 17.472398036000072)",31-07-2023.geojson,Uppal,,,,,
Nagarkurnool,TSSD0519,220.67,"{'min': 33.689998626708984, 'max': 39.869998931884766, 'mean': 38.12559586864407, 'count': 59, 'sum': 2249.41015625, 'median': 38.27000045776367}","(78.49480188900003, 16.427307790000043, 78.78066858400007, 16.540239662000033)",31-07-2023.geojson,Uppunuthala,,,,,
Nagarkurnool,TSSD0520,151.12,"{'min': 35.22999954223633, 'max': 38.970001220703125, 'mean': 37.088570731026785, 'count': 42, 'sum': 1557.719970703125, 'median': 37.220001220703125}","(78.32047445900008, 16.645373909000057, 78.49203880200008, 16.79728595000006)",31-07-2023.geojson,Urkonda,,,,,
Adilabad,TSSD0521,387.91,"{'min': 35.630001068115234, 'max': 42.88999938964844, 'mean': 39.7015380859375, 'count': 26, 'sum': 1032.239990234375, 'median': 39.529998779296875}","(78.67318644400007, 19.21647222100006, 78.88463769300006, 19.513128066000036)",31-07-2023.geojson,Utnur,,,,,
Karimnagar,TSSD0522,142.44,"{'min': 35.72999954223633, 'max': 39.9900016784668, 'mean': 37.86368600945724, 'count': 38, 'sum': 1438.820068359375, 'median': 37.81999969482422}","(79.24194008100005, 18.132462591000035, 79.37717220500008, 18.263355341000022)",31-07-2023.geojson,V_Saidapur,,,,,
Nizamabad,TSSD0523,135.3,"{'min': 29.469999313354492, 'max': 38.75, 'mean': 34.98374938964844, 'count': 16, 'sum': 559.739990234375, 'median': 36.0099983215332}","(78.33304706400008, 18.693780867000044, 78.47512705800006, 18.85105660800002)",31-07-2023.geojson,Vailpur,,,,,
Yadadri Bhuvanagiri,TSSD0524,316.13,"{'min': 32.38999938964844, 'max': 38.06999969482422, 'mean': 34.96951219512195, 'count': 82, 'sum': 2867.5, 'median': 34.689998626708984}","(78.90535444600005, 17.313647203000073, 79.22099072200007, 17.479032318000066)",31-07-2023.geojson,Valigonda,,,,,
Nagarkurnool,TSSD0525,244.56,"{'min': 34.77000045776367, 'max': 38.16999816894531, 'mean': 36.67757531368371, 'count': 66, 'sum': 2420.719970703125, 'median': 36.62000274658203}","(78.48140456800007, 16.498402209000062, 78.71532448400006, 16.664788172000044)",31-07-2023.geojson,Vangoor,,,,,
Nizamabad,TSSD0526,134.67,"{'min': 29.110000610351562, 'max': 39.93000030517578, 'mean': 32.84151574337121, 'count': 33, 'sum': 1083.77001953125, 'median': 32.04999923706055}","(77.84552225000004, 18.434438427000032, 78.04087699300004, 18.57495128000005)",31-07-2023.geojson,Varni,,,,,
Sangareddy,TSSD0527,138.9,"{'min': 26.729999542236328, 'max': 41.400001525878906, 'mean': 36.78684274773849, 'count': 38, 'sum': 1397.9000244140625, 'median': 38.70000076293945}","(77.82626219800005, 17.806470842000067, 77.97597402000008, 17.94784828400003)",31-07-2023.geojson,Vatpally,,,,,
Karimnagar,TSSD0528,149.05,"{'min': 35.810001373291016, 'max': 42.709999084472656, 'mean': 38.63999633789062, 'count': 40, 'sum': 1545.599853515625, 'median': 38.029998779296875}","(79.32153135600004, 18.284775453000066, 79.47308686900004, 18.451735262000057)",31-07-2023.geojson,Veenavanka,,,,,
Rajanna Sircilla,TSSD0529,108.34,"{'min': 32.58000183105469, 'max': 39.869998931884766, 'mean': 35.455357142857146, 'count': 28, 'sum': 992.75, 'median': 35.36499786376953}","(78.52432514700007, 18.43250137900003, 78.66155136400005, 18.551319524000064)",31-07-2023.geojson,Veernapalli,,,,,
Warangal_Urban,TSSD0530,99.79,"{'min': 33.459999084472656, 'max': 40.5099983215332, 'mean': 38.54919921875, 'count': 25, 'sum': 963.72998046875, 'median': 38.90999984741211}","(79.22835213700006, 17.93079546100006, 79.37723082100007, 18.05131547900004)",31-07-2023.geojson,Velair,,,,,
Nagarkurnool,TSSD0531,241.3,"{'min': 34.16999816894531, 'max': 39.5, 'mean': 36.27934490266394, 'count': 61, 'sum': 2213.0400390625, 'median': 36.16999816894531}","(78.46270790300008, 16.666440694000073, 78.68353178700005, 16.830959432000043)",31-07-2023.geojson,Veldanda,,,,,
Jagtial,TSSD0532,186.9,"{'min': 27.84000015258789, 'max': 41.189998626708984, 'mean': 37.38312530517578, 'count': 48, 'sum': 1794.3900146484375, 'median': 38.07500076293945}","(79.12494408400005, 18.722845411000037, 79.29767471800005, 18.894953697000062)",31-07-2023.geojson,Velgatur,,,,,
Mancherial,TSSD0533,250.71,"{'count': 1, 'min': 'N/A', 'mean': 'N/A', 'max': 'N/A', 'median': 'N/A'}","(79.69774836700003, 18.995230109000033, 79.93090835500004, 19.173999767000055)",31-07-2023.geojson,Vemanpalle,,,,,
Khammam,TSSD0534,212.09,"{'min': 36.66999816894531, 'max': 42.11000061035156, 'mean': 39.549215877757355, 'count': 51, 'sum': 2017.010009765625, 'median': 39.869998931884766}","(80.65028236900008, 17.04501079700003, 80.87710057800007, 17.186178728000073)",31-07-2023.geojson,Vemsoor,,,,,
Nalgonda,TSSD0535,112.25,"{'min': 38.290000915527344, 'max': 42.369998931884766, 'mean': 40.618384576612904, 'count': 31, 'sum': 1259.169921875, 'median': 40.5099983215332}","(79.49070453100006, 16.89060024500003, 79.61612180500003, 17.07767939000007)",31-07-2023.geojson,Vemulapally,,,,,
Rajanna Sircilla,TSSD0536,84.86,"{'min': 35.70000076293945, 'max': 41.0, 'mean': 39.02250366210937, 'count': 20, 'sum': 780.4500732421875, 'median': 39.404998779296875}","(78.80779904800005, 18.41516011400006, 78.91545277600005, 18.54459724000003)",31-07-2023.geojson,Vemulawada,,,,,
Rajanna Sircilla,TSSD0537,107.21,"{'min': 27.389999389648438, 'max': 40.56999969482422, 'mean': 36.477857317243306, 'count': 28, 'sum': 1021.3800048828125, 'median': 36.36499786376953}","(78.77384337400008, 18.403529220000053, 78.91728096300005, 18.597872276000032)",31-07-2023.geojson,Vemulawada Rural,,,,,
Mulugu,TSSD0538,370.83,"{'min': 29.489999771118164, 'max': 42.75, 'mean': 37.90465462561881, 'count': 101, 'sum': 3828.3701171875, 'median': 37.310001373291016}","(79.85087728600007, 18.200829315000078, 80.17916133800009, 18.400974098000063)",31-07-2023.geojson,Venkatapur,,,,,
Mulugu,TSSD0539,588.35,"{'min': 29.610000610351562, 'max': 45.369998931884766, 'mean': 36.77435772235577, 'count': 156, 'sum': 5736.7998046875, 'median': 35.650001525878906}","(80.46538317500006, 18.105970334000062, 80.79370483500009, 18.449384397000074)",31-07-2023.geojson,Venkatapuram,,,,,
Vikarabad,TSSD0540,270.72,"{'min': 31.09000015258789, 'max': 39.88999938964844, 'mean': 36.139317342679796, 'count': 73, 'sum': 2638.170166015625, 'median': 36.189998626708984}","(77.79093909400007, 17.228214577000074, 78.02432692200006, 17.44577402500005)",31-07-2023.geojson,Vikarabad,,,,,
Jogulamba Gadwal,TSSD0541,129.2,"{'min': 38.09000015258789, 'max': 41.75, 'mean': 39.5046630859375, 'count': 30, 'sum': 1185.139892578125, 'median': 39.619998931884766}","(77.71231111200007, 15.89601525300003, 77.89649991000005, 16.018746091000025)",31-07-2023.geojson,Waddepally,,,,,
Wanaparthy,TSSD0542,201.88,"{'min': 35.90999984741211, 'max': 41.40999984741211, 'mean': 38.764902152267155, 'count': 51, 'sum': 1977.010009765625, 'median': 38.75}","(77.95375639600007, 16.253768913000044, 78.13510940900005, 16.464866955000048)",31-07-2023.geojson,Wanaparthy,,,,,
Kumurambheem Asifabad,TSSD0543,335.2,"{'count': 1, 'min': 'N/A', 'mean': 'N/A', 'max': 'N/A', 'median': 'N/A'}","(79.20433473500003, 19.379408367000053, 79.42272052200008, 19.61653411900005)",31-07-2023.geojson,Wankidi,,,,,
Warangal_Urban,TSSD0544,39.54,"{'min': 39.0099983215332, 'max': 44.349998474121094, 'mean': 41.20090831409801, 'count': 11, 'sum': 453.2099914550781, 'median': 41.369998931884766}","(79.59074538600004, 17.974576416000048, 79.67092088100003, 18.04143189300015)",31-07-2023.geojson,Warangal,,,,,
Warangal_Rural,TSSD0545,158.41,"{'min': 32.33000183105469, 'max': 42.4900016784668, 'mean': 37.065643310546875, 'count': 44, 'sum': 1630.8883056640625, 'median': 37.53499984741211}","(79.47950597500005, 17.695552186000043, 79.66242391200007, 17.87391055100005)",31-07-2023.geojson,Wardhannapet,,,,,
Siddipet,TSSD0546,141.87,"{'min': 32.869998931884766, 'max': 35.310001373291016, 'mean': 34.143156352796055, 'count': 38, 'sum': 1297.43994140625, 'median': 34.18000030517578}","(78.510667, 17.737442558000055, 78.67005759100005, 17.837924042000054)",31-07-2023.geojson,Wargal,,,,,
Wanaparthy,TSSD0547,165.53,"{'min': 39.029998779296875, 'max': 42.09000015258789, 'mean': 40.97278967569041, 'count': 43, 'sum': 1761.8299560546875, 'median': 41.09000015258789}","(78.03872356400007, 16.081036264000033, 78.22753261000008, 16.189588461000028)",31-07-2023.geojson,Weepangandla,,,,,
Khammam,TSSD0548,135.48,"{'min': 38.849998474121094, 'max': 44.09000015258789, 'mean': 41.09972814611486, 'count': 37, 'sum': 1520.68994140625, 'median': 40.970001220703125}","(80.29245451900005, 17.052642821000063, 80.43887726800006, 17.202658917000065)",31-07-2023.geojson,Wyra,,,,,
Rangareddy,TSSD0549,316.92,"{'min': 31.950000762939453, 'max': 38.04999923706055, 'mean': 35.706218440358235, 'count': 82, 'sum': 2927.909912109375, 'median': 35.72999954223633}","(78.54568468000008, 16.934093064000024, 78.80793281600006, 17.12867297300005)",31-07-2023.geojson,Yacharam,,,,,
Yadadri Bhuvanagiri,TSSD0550,186.21,"{'min': 34.209999084472656, 'max': 38.630001068115234, 'mean': 35.801764993106616, 'count': 51, 'sum': 1825.8900146484375, 'median': 35.77000045776367}","(78.84835935400008, 17.534587685000076, 79.03828959100008, 17.686530936000054)",31-07-2023.geojson,Yadagirigutta,,,,,
Nizamabad,TSSD0551,94.89,"{'min': 28.030000686645508, 'max': 29.989999771118164, 'mean': 29.010000228881836, 'count': 2, 'sum': 58.02000045776367, 'median': 29.010000228881836}","(77.91550924600006, 18.623425712000028, 78.04225781600007, 18.729394451000076)",31-07-2023.geojson,Yedapally,,,,,
Vikarabad,TSSD0552,198.18,"{'min': 33.45000076293945, 'max': 41.56999969482422, 'mean': 37.64529239430147, 'count': 51, 'sum': 1919.909912109375, 'median': 37.5099983215332}","(77.52786449900003, 17.13053142700005, 77.75138027800006, 17.285580779000043)",31-07-2023.geojson,Yelal,,,,,
Medak,TSSD0553,163.31,"{'min': 32.66999816894531, 'max': 34.88999938964844, 'mean': 33.59826129415761, 'count': 46, 'sum': 1545.52001953125, 'median': 33.4900016784668}","(78.25020444800003, 17.845214376000058, 78.42507897600012, 17.987096653000037)",31-07-2023.geojson,Yeldurthy,,,,,
Bhadradri Kothagudem,TSSD0554,446.45,"{'min': 29.59000015258789, 'max': 41.650001525878906, 'mean': 37.30693201864919, 'count': 124, 'sum': 4626.0595703125, 'median': 37.349998474121094}","(80.20203604400007, 17.495235336000064, 80.42881209300003, 17.784950355000035)",31-07-2023.geojson,Yellandu,,,,,
Kamareddy,TSSD0555,184.45,"{'min': 30.809999465942383, 'max': 36.27000045776367, 'mean': 33.556485562711146, 'count': 37, 'sum': 1241.5899658203125, 'median': 33.43000030517578}","(77.94077074800003, 18.10658015200005, 78.09588024100003, 18.321288552000055)",31-07-2023.geojson,Yellareddy,,,,,
Rajanna Sircilla,TSSD0556,186.82,"{'min': 32.310001373291016, 'max': 38.709999084472656, 'mean': 35.74098115808823, 'count': 51, 'sum': 1822.7900390625, 'median': 35.90999984741211}","(78.54791135700003, 18.319811327000025, 78.75757783600005, 18.46288011300004)",31-07-2023.geojson,Yellareddypet,,,,,
Nizamabad,TSSD0557,68.02,"{'min': 36.06999969482422, 'max': 37.66999816894531, 'mean': 36.869998931884766, 'count': 2, 'sum': 73.73999786376953, 'median': 36.869998931884766}","(78.43614230700007, 18.871916310000074, 78.53864631300007, 18.97312927200005)",31-07-2023.geojson,Yergatla,,,,,
Khammam,TSSD0558,262.24,"{'min': 30.84000015258789, 'max': 41.4900016784668, 'mean': 36.77661508413462, 'count': 65, 'sum': 2390.47998046875, 'median': 37.04999923706055}","(80.42901058800004, 16.768789670000046, 80.60532488100006, 16.96155575100005)",31-07-2023.geojson,Yerrupalem,,,,,
Jangoan,TSSD0559,163.78,"{'min': 32.779998779296875, 'max': 41.150001525878906, 'mean': 37.94444444444444, 'count': 45, 'sum': 1707.5, 'median': 38.349998474121094}","(79.40432095600005, 17.69860641200006, 79.51467165900004, 17.89232289800003)",31-07-2023.geojson,Zaffergadh,,,,,
Sangareddy,TSSD0560,243.94,"{'min': 32.310001373291016, 'max': 39.54999923706055, 'mean': 35.481815222537875, 'count': 66, 'sum': 2341.7998046875, 'median': 35.23999786376953}","(77.47167387100006, 17.54590518200007, 77.71357368300005, 17.749326707000023)",31-07-2023.geojson,Zahirabad,,,,,
Nagarkurnool,TSSD0561,183.51,"{'min': 34.38999938964844, 'max': 42.130001068115234, 'mean': 38.34674498092296, 'count': 43, 'sum': 1648.9100341796875, 'median': 38.72999954223633}","(78.43086370300006, 16.197314094000035, 78.59402431200004, 16.37663690200003)",31-07-2023.geojson,Lingal,,,,,
Nagarkurnool,TSSD0562,222.74,"{'min': 31.010000228881836, 'max': 38.93000030517578, 'mean': 35.93178449358259, 'count': 56, 'sum': 2012.179931640625, 'median': 36.18000030517578}","(78.20110216600006, 16.35091361800005, 78.42443343200006, 16.530833019000056)",31-07-2023.geojson,Nagar_Kurnool,,,,,
Mahabubnagar,TSSD0563,145.45,"{'min': 32.06999969482422, 'max': 38.59000015258789, 'mean': 35.46365877477134, 'count': 41, 'sum': 1454.010009765625, 'median': 35.38999938964844}","(77.82864822500005, 16.643852022000033, 77.99254221500007, 16.772605979000048)",31-07-2023.geojson,Mahabubnagar_Rural,,,,,
Narayanpet,TSSD0564,256.63,"{'min': 35.72999954223633, 'max': 40.4900016784668, 'mean': 38.5552978515625, 'count': 68, 'sum': 2621.76025390625, 'median': 38.58000183105469}","(77.41869071500008, 16.543696836000038, 77.63466779000004, 16.729675432000022)",31-07-2023.geojson,Utkoor,,,,,
Rangareddy,TSSD0565,22.03,"{'min': 35.16999816894531, 'max': 37.9900016784668, 'mean': 36.86600036621094, 'count': 5, 'sum': 184.3300018310547, 'median': 37.029998779296875}","(78.50689165600005, 17.336093290000065, 78.58558260100006, 17.37992626500005)",31-07-2023.geojson,Saroornagar,,,,,
Sangareddy,TSSD0566,37.76,"{'min': 32.290000915527344, 'max': 34.689998626708984, 'mean': 33.76750183105469, 'count': 8, 'sum': 270.1400146484375, 'median': 33.90999984741211}","(78.28021050800004, 17.505606920000048, 78.35002219800003, 17.57992215400003)",31-07-2023.geojson,Ameenpur,,,,,
Sangareddy,TSSD0567,111.94,"{'min': 29.790000915527344, 'max': 34.90999984741211, 'mean': 32.54757782907197, 'count': 33, 'sum': 1074.070068359375, 'median': 32.54999923706055}","(78.22737331300004, 17.528204591000076, 78.38745191600003, 17.67226987500004)",31-07-2023.geojson,Jinnaram,,,,,
Medak,TSSD0568,112.07,"{'min': 32.689998626708984, 'max': 34.77000045776367, 'mean': 33.54071480887277, 'count': 28, 'sum': 939.1400146484375, 'median': 33.44000244140625}","(78.42603746200007, 17.77588639100003, 78.56138370400004, 17.89800592200004)",31-07-2023.geojson,Toopran,,,,,
Medak,TSSD0569,88.1,"{'min': 32.650001525878906, 'max': 35.290000915527344, 'mean': 33.86083475748698, 'count': 24, 'sum': 812.6600341796875, 'median': 33.599998474121094}","(78.41929055500003, 17.692085064000025, 78.52257619700003, 17.817608290000067)",31-07-2023.geojson,Manoharabad,,,,,
Siddipet,TSSD0570,129.06,"{'min': 32.349998474121094, 'max': 36.810001373291016, 'mean': 34.68499755859375, 'count': 36, 'sum': 1248.659912109375, 'median': 34.59000015258789}","(78.52730335900003, 17.878079271000047, 78.64358807000008, 18.041003706000026)",31-07-2023.geojson,Doultabad,,,,,
Medak,TSSD0571,76.05,"{'min': 34.16999816894531, 'max': 37.709999084472656, 'mean': 35.914999389648436, 'count': 20, 'sum': 718.2999877929688, 'median': 35.970001220703125}","(78.07364299200003, 17.796666895000044, 78.18678124500008, 17.905026876000022)",31-07-2023.geojson,Chilipched,,,,,
Medak,TSSD0572,136.79,"{'min': 32.290000915527344, 'max': 34.5099983215332, 'mean': 33.45162056587838, 'count': 37, 'sum': 1237.7099609375, 'median': 33.54999923706055}","(78.32685103200004, 17.904917194000063, 78.44243876400003, 18.081304571000032)",31-07-2023.geojson,Shankarampet_R,,,,,
Medak,TSSD0573,131.44,"{'min': 32.56999969482422, 'max': 35.9900016784668, 'mean': 33.67625045776367, 'count': 32, 'sum': 1077.6400146484375, 'median': 33.630001068115234}","(78.43107409900006, 17.905682555000055, 78.58520918700003, 18.06554777300005)",31-07-2023.geojson,Chegunta,,,,,
Kamareddy,TSSD0574,74.34,"{'min': 33.16999816894531, 'max': 35.150001525878906, 'mean': 33.99105031866776, 'count': 19, 'sum': 645.8299560546875, 'median': 33.9900016784668}","(78.37757087100005, 18.21350254400005, 78.52579487700007, 18.30009331800005)",31-07-2023.geojson,Domakonda,,,,,
Kamareddy,TSSD0575,168.77,"{'min': 34.470001220703125, 'max': 41.25, 'mean': 38.2453848031851, 'count': 26, 'sum': 994.3800048828125, 'median': 38.08000183105469}","(77.72979911700008, 18.190311369000028, 77.89310396100007, 18.380507752000028)",31-07-2023.geojson,Pitlam,,,,,
Kamareddy,TSSD0576,191.8,"{'min': 29.850000381469727, 'max': 40.27000045776367, 'mean': 37.23189400337838, 'count': 37, 'sum': 1377.580078125, 'median': 37.59000015258789}","(77.65355776700005, 18.300626045000058, 77.83219913400006, 18.488304079000045)",31-07-2023.geojson,Bichkunda,,,,,
Kamareddy,TSSD0577,82.32,"{'min': 31.1299991607666, 'max': 35.66999816894531, 'mean': 33.121429443359375, 'count': 7, 'sum': 231.85000610351562, 'median': 32.849998474121094}","(77.75813508500005, 18.372326572000077, 77.86341082200005, 18.505311680000034)",31-07-2023.geojson,Birkoor,,,,,
Adilabad,TSSD0578,34.92,"{'min': 30.8700008392334, 'max': 38.77000045776367, 'mean': 34.712855747767854, 'count': 7, 'sum': 242.989990234375, 'median': 34.54999923706055}","(78.48710289700006, 19.60170591600007, 78.54305936500003, 19.683661252000036)",31-07-2023.geojson,Mavala,,,,,
Peddapalli,TSSD0579,122.7,"{'min': 28.75, 'max': 41.43000030517578, 'mean': 36.3742097553454, 'count': 19, 'sum': 691.1099853515625, 'median': 38.189998626708984}","(79.31124542100008, 18.728421345000072, 79.45668509800004, 18.855615717000035)",31-07-2023.geojson,Anthergaon,,,,,
Mulugu,TSSD0580,576.05,"{'min': 29.889999389648438, 'max': 45.09000015258789, 'mean': 36.4241708919702, 'count': 151, 'sum': 5500.0498046875, 'median': 35.88999938964844}","(80.37410149900006, 18.33990656700007, 80.68734144600006, 18.632607707000034)",31-07-2023.geojson,Wazeed,,,,,
Nizamabad,TSSD0581,158.53,"{'min': 30.649999618530273, 'max': 37.040000915527344, 'mean': 34.73576941856971, 'count': 26, 'sum': 903.1300048828125, 'median': 35.36499786376953}","(78.47512705800006, 18.684195498000065, 78.64029038200005, 18.900912592000054)",31-07-2023.geojson,Kammarpally,,,,,
Jangoan,TSSD0582,120.55,"{'min': 33.61000061035156, 'max': 41.290000915527344, 'mean': 37.484998430524556, 'count': 28, 'sum': 1049.5799560546875, 'median': 37.68000030517578}","(79.38361325200003, 17.491730369000038, 79.56249112400008, 17.63017571100005)",31-07-2023.geojson,Kodakandla,,,,,
Narayanpet,TSSD0583,172.63,"{'min': 33.970001220703125, 'max': 40.83000183105469, 'mean': 37.39800109863281, 'count': 40, 'sum': 1495.9200439453125, 'median': 37.220001220703125}","(77.23725451100006, 16.366338565000035, 77.45641595200004, 16.49439566000018)",31-07-2023.geojson,Krishna,,,,,
Mancherial,TSSD0584,414.48,"{'min': 28.670000076293945, 'max': 38.72999954223633, 'mean': 36.260833740234375, 'count': 24, 'sum': 870.260009765625, 'median': 36.63999938964844}","(79.69063140800006, 18.824880136000047, 79.96247775100005, 19.055750638000063)",31-07-2023.geojson,Kotapalle,,,,,
Warangal_Rural,TSSD0585,96.85,"{'min': 41.709999084472656, 'max': 44.33000183105469, 'mean': 42.95038311298077, 'count': 26, 'sum': 1116.7099609375, 'median': 42.95500183105469}","(79.58000525100005, 18.13079426400003, 79.67613864900011, 18.273366891000023)",31-07-2023.geojson,Nadikuda,,,,,
Medchal_Malkajgiri,TSSD0586,92.19,"{'min': 33.349998474121094, 'max': 38.470001220703125, 'mean': 36.03384634164664, 'count': 26, 'sum': 936.8800048828125, 'median': 36.279998779296875}","(78.60919935000027, 17.572950565000042, 78.72357522400006, 17.698451215000034)",31-07-2023.geojson,Muduchinthalaphally,,,,,
Siddipet,TSSD0587,66.64,"{'min': 33.970001220703125, 'max': 36.689998626708984, 'mean': 35.17777845594618, 'count': 18, 'sum': 633.2000122070312, 'median': 35.119998931884766}","(78.75009036300014, 18.179105241000116, 78.85292966200007, 18.26297022400007)",31-07-2023.geojson,Narayanraopet,,,,,
Nizamabad,TSSD0588,59.09,"{'min': 32.029998779296875, 'max': 32.029998779296875, 'mean': 32.029998779296875, 'count': 1, 'sum': 32.029998779296875, 'median': 32.029998779296875}","(77.93403706700008, 18.52915054300007, 78.05329923800008, 18.639067520000026)",31-07-2023.geojson,Mosra,,,,,
Nizamabad,TSSD0589,49.75,"{'min': 29.690000534057617, 'max': 33.45000076293945, 'mean': 31.68428693498884, 'count': 7, 'sum': 221.79000854492188, 'median': 31.43000030517578}","(77.91841617100005, 18.496525074000033, 78.04060240200005, 18.590460833)",31-07-2023.geojson,Chandur,,,,,
Sangareddy,TSSD0590,97.98,"{'min': 33.43000030517578, 'max': 39.310001373291016, 'mean': 36.92111319082755, 'count': 27, 'sum': 996.8700561523438, 'median': 36.7400016784668}","(78.03596075900009, 17.649676136000153, 78.15543426700003, 17.771041394000065)",31-07-2023.geojson,Chowtakur,,,,,
Medak,TSSD0591,67.5,"{'min': 31.329999923706055, 'max': 34.130001068115234, 'mean': 33.035556369357636, 'count': 18, 'sum': 594.6400146484375, 'median': 33.11000061035156}","(78.39670312900006, 17.869416313000045, 78.53362296600005, 17.948666831000025)",31-07-2023.geojson,Masaipet,,,,,
Siddipet,TSSD0592,70.13,"{'min': 36.540000915527344, 'max': 40.11000061035156, 'mean': 38.08631656044408, 'count': 19, 'sum': 723.6400146484375, 'median': 37.75}","(79.03345267100008, 17.94056795000006, 79.15307655800007, 18.032435260000113)",31-07-2023.geojson,Dhoolumitta,,,,,
Rangareddy,TSSD0001,254.22,"{'min': 28.3799991607666, 'max': 32.130001068115234, 'mean': 30.270885120738637, 'count': 66, 'sum': 1997.87841796875, 'median': 30.307498931884766}","(78.55995755200007, 17.23432776100003, 78.76246159900006, 17.40383786600006)",31-08-2023.geojson,Abdullapurmet,,,,,
Nagarkurnool,TSSD0002,502.12,"{'min': 27.636667251586914, 'max': 36.09000015258789, 'mean': 32.77963014632937, 'count': 126, 'sum': 4130.2333984375, 'median': 33.27750015258789}","(78.58204158400008, 16.328785754000023, 79.06420699900008, 16.552355156000033)",31-08-2023.geojson,Achampet,,,,,
Nalgonda,TSSD0003,124.12,"{'min': 31.196666717529297, 'max': 40.05500030517578, 'mean': 36.62876568418561, 'count': 33, 'sum': 1208.749267578125, 'median': 37.119998931884766}","(79.40552823000007, 16.61250682600007, 79.58503520000005, 16.727679548000026)",31-08-2023.geojson,Adavidevulapally,,,,,
Yadadri Bhuvanagiri,TSSD0004,141.84,"{'min': 31.530000686645508, 'max': 36.33000183105469, 'mean': 33.591096576891445, 'count': 38, 'sum': 1276.461669921875, 'median': 33.55500030517578}","(79.30480125000008, 17.343213083000023, 79.45808114400006, 17.48429223000005)",31-08-2023.geojson,Addagudur,,,,,
Mahabubnagar,TSSD0005,133.19,"{'min': 29.75, 'max': 35.78333282470703, 'mean': 33.27379692925347, 'count': 36, 'sum': 1197.856689453125, 'median': 33.50749969482422}","(77.85964485800008, 16.441965785000036, 78.01275922800005, 16.583453924000025)",31-08-2023.geojson,Addakal,,,,,
Adilabad,TSSD0006,296.11,"{'min': 27.6299991607666, 'max': 34.06999969482422, 'mean': 29.684268951416016, 'count': 32, 'sum': 949.8966064453125, 'median': 29.0766658782959}","(78.46791283600004, 19.529549935000034, 78.75075334500008, 19.743971118000047)",31-08-2023.geojson,Adilabad Rural,,,,,
Adilabad,TSSD0007,18.64,"{'count': 1, 'min': 'N/A', 'mean': 'N/A', 'max': 'N/A', 'median': 'N/A'}","(78.51136180900005, 19.64107290800007, 78.56091570800004, 19.696663797000042)",31-08-2023.geojson,Adilabad Urban,,,,,
Jogulamba Gadwal,TSSD0008,281.08,"{'min': 33.71666717529297, 'max': 38.869998931884766, 'mean': 35.810780699823944, 'count': 71, 'sum': 2542.5654296875, 'median': 35.70000076293945}","(77.51085515500006, 15.892624954000041, 77.79118149700008, 16.073899572000073)",31-08-2023.geojson,Aiza,,,,,
Siddipet,TSSD0009,181.57,"{'min': 28.6299991607666, 'max': 32.2400016784668, 'mean': 30.57875244140625, 'count': 50, 'sum': 1528.9376220703125, 'median': 30.559999465942383}","(79.09867562300008, 17.991228970000066, 79.28258652700003, 18.10859845500005)",31-08-2023.geojson,Akkannapet,,,,,
Yadadri Bhuvanagiri,TSSD0010,165.31,"{'min': 30.08333396911621, 'max': 34.2400016784668, 'mean': 31.657635356104652, 'count': 43, 'sum': 1361.2783203125, 'median': 31.489999771118164}","(78.99234199800003, 17.567113119000055, 79.16709451200006, 17.725946442000065)",31-08-2023.geojson,Alair,,,,,
Jogulamba Gadwal,TSSD0011,212.17,"{'min': 27.774999618530273, 'max': 39.26333236694336, 'mean': 35.46836500901442, 'count': 52, 'sum': 1844.35498046875, 'median': 36.22666931152344}","(78.05931506700006, 15.836429923000026, 78.25321888900004, 16.011158503000047)",31-08-2023.geojson,Alampur,,,,,
Medak,TSSD0012,106.37,"{'min': 27.850000381469727, 'max': 34.31999969482422, 'mean': 31.429063585069443, 'count': 27, 'sum': 848.584716796875, 'median': 31.950000762939453}","(77.88797224100006, 17.883895607000056, 78.00388009500006, 18.014119892000053)",31-08-2023.geojson,Alladurg,,,,,
Bhadradri Kothagudem,TSSD0013,507.54,"{'min': 25.670000076293945, 'max': 32.38999938964844, 'mean': 29.415579131155305, 'count': 132, 'sum': 3882.8564453125, 'median': 29.40999984741211}","(80.39744846200006, 17.75296549600006, 80.69612561700006, 18.05460231400002)",31-08-2023.geojson,Allapalli,,,,,
Medchal_Malkajgiri,TSSD0014,43.73,"{'min': 28.84600067138672, 'max': 31.280000686645508, 'mean': 30.07124189897017, 'count': 11, 'sum': 330.7836608886719, 'median': 30.197999954223633}","(78.47891113600008, 17.480615318000048, 78.57688553000008, 17.549306657000045)",31-08-2023.geojson,Alwal,,,,,
Rangareddy,TSSD0015,138.08,"{'min': 30.809999465942383, 'max': 35.654998779296875, 'mean': 33.34924994574653, 'count': 36, 'sum': 1200.572998046875, 'median': 33.444000244140625}","(78.48719442500004, 16.794263726000054, 78.63278904100008, 16.922855003000052)",31-08-2023.geojson,Amangal,,,,,
Wanaparthy,TSSD0016,110.02,"{'min': 25.53444480895996, 'max': 35.0099983215332, 'mean': 31.409134928385416, 'count': 30, 'sum': 942.2740478515625, 'median': 32.12750244140625}","(77.65718116000005, 16.32682638500006, 77.80141077600007, 16.437234124000042)",31-08-2023.geojson,Amarchintha,,,,,
Hyderabad,TSSD0017,9.23,"{'min': 32.310001373291016, 'max': 32.79999923706055, 'mean': 32.565834045410156, 'count': 4, 'sum': 130.26333618164062, 'median': 32.57666778564453}","(78.48463282000006, 17.368221164000033, 78.52881660000008, 17.40365662100004)",31-08-2023.geojson,Amberpet,,,,,
Hyderabad,TSSD0018,3.86,"{'min': 32.439998626708984, 'max': 32.439998626708984, 'mean': 32.439998626708984, 'count': 1, 'sum': 32.439998626708984, 'median': 32.439998626708984}","(78.42921871100003, 17.43080978200004, 78.46511365000003, 17.45407132100007)",31-08-2023.geojson,Ammerpet,,,,,
Nagarkurnool,TSSD0019,1218.96,"{'min': 23.850000381469727, 'max': 35.96333312988281, 'mean': 29.16646585836039, 'count': 308, 'sum': 8983.271484375, 'median': 28.09833335876465}","(78.48741327000005, 16.00923712100007, 79.02694515400003, 16.415272880000032)",31-08-2023.geojson,Amrabad,,,,,
Suryapet,TSSD0020,116.56,"{'min': 31.010000228881836, 'max': 33.11000061035156, 'mean': 31.902333577473957, 'count': 30, 'sum': 957.0700073242188, 'median': 31.81999969482422}","(79.90212536100006, 16.982533018000026, 80.06097163900006, 17.132924940000066)",31-08-2023.geojson,Ananthagiri,,,,,
Sangareddy,TSSD0021,186.83,"{'min': 28.270000457763672, 'max': 37.08000183105469, 'mean': 31.41177952543218, 'count': 47, 'sum': 1476.3536376953125, 'median': 30.71500015258789}","(77.94290081500003, 17.75956500500007, 78.11621519700003, 17.925892899000075)",31-08-2023.geojson,Andole,,,,,
Bhadradri Kothagudem,TSSD0022,176.27,"{'min': 27.91666603088379, 'max': 31.829999923706055, 'mean': 30.04615319293478, 'count': 46, 'sum': 1382.123046875, 'median': 30.314998626708984}","(80.64118685200003, 17.28576821300004, 80.85142774000008, 17.41689142100006)",31-08-2023.geojson,Annapureddipalle,,,,,
Nalgonda,TSSD0023,190.48,"{'min': 32.27000045776367, 'max': 37.334999084472656, 'mean': 35.12703369140625, 'count': 50, 'sum': 1756.3516845703125, 'median': 34.97833251953125}","(79.19527357000004, 16.726884840000025, 79.39201370200004, 16.913228080000067)",31-08-2023.geojson,Anumula_Haliya,,,,,
Nizamabad,TSSD0024,221.85,"{'min': 23.27666664123535, 'max': 30.760000228881836, 'mean': 27.29586181640625, 'count': 60, 'sum': 1637.751708984375, 'median': 27.769001007080078}","(78.17296352400007, 18.74292431300006, 78.35632004600006, 18.93725310900004)",31-08-2023.geojson,Armoor,,,,,
Kumurambheem Asifabad,TSSD0025,380.26,"{'min': 26.540000915527344, 'max': 38.77000045776367, 'mean': 33.258525773590684, 'count': 102, 'sum': 3392.36962890625, 'median': 34.494998931884766}","(79.05947913700004, 19.250334717000044, 79.39455949500007, 19.45064135100006)",31-08-2023.geojson,Asifabad,,,,,
Hyderabad,TSSD0026,12.88,"{'min': 32.41666793823242, 'max': 34.470001220703125, 'mean': 33.66041564941406, 'count': 4, 'sum': 134.64166259765625, 'median': 33.877498626708984}","(78.42582161500007, 17.359808491000024, 78.46198218000006, 17.408130664000055)",31-08-2023.geojson,Asifnagar,,,,,
Bhadradri Kothagudem,TSSD0027,329.09,"{'min': 25.559999465942383, 'max': 32.209999084472656, 'mean': 29.46920498934659, 'count': 88, 'sum': 2593.2900390625, 'median': 29.709999084472656}","(80.68546006000008, 17.692266541000038, 80.88829418500006, 17.933206824000024)",31-08-2023.geojson,Aswapuram,,,,,
Bhadradri Kothagudem,TSSD0028,564.09,"{'min': 25.623332977294922, 'max': 34.40999984741211, 'mean': 29.445125498670212, 'count': 141, 'sum': 4151.7626953125, 'median': 29.510000228881836}","(81.00029477700008, 17.215797421000048, 81.31479948400005, 17.495516869000028)",31-08-2023.geojson,Aswaraopeta,,,,,
Yadadri Bhuvanagiri,TSSD0029,171.54,"{'min': 30.68000030517578, 'max': 32.73666763305664, 'mean': 31.68744574652778, 'count': 45, 'sum': 1425.93505859375, 'median': 31.704999923706055}","(79.08082893600005, 17.39675374600006, 79.24565290200007, 17.53585182000006)",31-08-2023.geojson,Athmakur (M),,,,,
Wanaparthy,TSSD0030,137.9,"{'min': 28.270000457763672, 'max': 34.89799880981445, 'mean': 32.804222954644096, 'count': 36, 'sum': 1180.9520263671875, 'median': 33.25800323486328}","(77.73676945900007, 16.203007356000057, 77.92502598300007, 16.38983216400004)",31-08-2023.geojson,Atmakur,,,,,
Warangal_Rural,TSSD0031,100.48,"{'min': 30.649999618530273, 'max': 35.33000183105469, 'mean': 33.52153602013221, 'count': 26, 'sum': 871.5599365234375, 'median': 33.75}","(79.67890460400008, 17.996386791000077, 79.82038191900006, 18.11908245500007)",31-08-2023.geojson,Atmakur,,,,,
Suryapet,TSSD0032,206.49,"{'min': 31.389999389648438, 'max': 34.630001068115234, 'mean': 32.74212091619318, 'count': 55, 'sum': 1800.816650390625, 'median': 32.503334045410156}","(79.59145821600004, 17.18757524600005, 79.81482135400006, 17.314815594000038)",31-08-2023.geojson,Atmakur_S,,,,,
Yadadri Bhuvanagiri,TSSD0033,188.28,"{'min': 28.124286651611328, 'max': 31.614999771118164, 'mean': 29.74385818780637, 'count': 51, 'sum': 1516.936767578125, 'median': 29.889999389648438}","(78.70944519200003, 17.280238217000033, 78.91168170600008, 17.414015307000057)",31-08-2023.geojson,B.Pochampally,,,,,
Jangoan,TSSD0034,215.84,"{'min': 27.91666603088379, 'max': 32.0620002746582, 'mean': 30.159038675242456, 'count': 58, 'sum': 1749.2242431640625, 'median': 30.12849998474121}","(78.86787166400006, 17.709206091000055, 79.10262993800006, 17.8761671850001)",31-08-2023.geojson,Bachannapet,,,,,
Medchal_Malkajgiri,TSSD0035,17.73,"{'min': 26.850000381469727, 'max': 31.3799991607666, 'mean': 27.883999633789063, 'count': 5, 'sum': 139.4199981689453, 'median': 27.149999618530273}","(78.34798865200008, 17.510629856000037, 78.39909413900006, 17.553712028000064)",31-08-2023.geojson,Bachupally,,,,,
Hyderabad,TSSD0036,15.01,"{'min': 32.77000045776367, 'max': 34.915000915527344, 'mean': 34.08722178141276, 'count': 3, 'sum': 102.26166534423828, 'median': 34.57666778564453}","(78.43027281000008, 17.326923403000023, 78.47901840600008, 17.372507289000055)",31-08-2023.geojson,Bahadurpura,,,,,
Mahabubnagar,TSSD0037,174.74,"{'min': 28.363332748413086, 'max': 32.20500183105469, 'mean': 30.678514563519023, 'count': 46, 'sum': 1411.211669921875, 'median': 30.81999969482422}","(78.08729467400008, 16.845259309000028, 78.30248119100008, 17.011459106000075)",31-08-2023.geojson,Balanagar,,,,,
Medchal_Malkajgiri,TSSD0038,19.28,"{'min': 29.610000610351562, 'max': 32.470001220703125, 'mean': 31.08800048828125, 'count': 5, 'sum': 155.44000244140625, 'median': 30.610000610351562}","(78.41398145500006, 17.437593329000038, 78.49711234500006, 17.495946916000037)",31-08-2023.geojson,Balanagar,,,,,
Rangareddy,TSSD0039,131.84,"{'min': 28.670000076293945, 'max': 32.68000030517578, 'mean': 30.15023716517857, 'count': 35, 'sum': 1055.25830078125, 'median': 29.989999771118164}","(78.40825680200004, 17.228240129000028, 78.57240744700005, 17.342781479000053)",31-08-2023.geojson,Balapur,,,,,
Nizamabad,TSSD0040,97.3,"{'min': 23.815000534057617, 'max': 29.725000381469727, 'mean': 26.95171142578125, 'count': 25, 'sum': 673.7927856445312, 'median': 27.68199920654297}","(78.27055155900007, 18.820303712000054, 78.39954724000006, 18.968813210000064)",31-08-2023.geojson,Balkonda,,,,,
Nagarkurnool,TSSD0041,243.17,"{'min': 26.833999633789062, 'max': 35.06999969482422, 'mean': 31.87199894831731, 'count': 65, 'sum': 2071.679931640625, 'median': 32.2140007019043}","(78.49549449900007, 16.225707747000058, 78.67809309200004, 16.452804138000033)",31-08-2023.geojson,Balmoor,,,,,
Hyderabad,TSSD0042,21.38,"{'min': 29.940000534057617, 'max': 35.599998474121094, 'mean': 33.074999491373696, 'count': 6, 'sum': 198.4499969482422, 'median': 32.91999816894531}","(78.45371439300004, 17.293465379000054, 78.51861491400007, 17.352247109000075)",31-08-2023.geojson,Bandlaguda,,,,,
Kamareddy,TSSD0043,142.84,"{'min': 24.790000915527344, 'max': 28.959999084472656, 'mean': 26.670322963169642, 'count': 35, 'sum': 933.4613037109375, 'median': 26.530000686645508}","(77.83852436200004, 18.316119945000025, 78.03038834200004, 18.45416467000007)",31-08-2023.geojson,Banswada,,,,,
Vikarabad,TSSD0044,91.56,"{'min': 27.764999389648438, 'max': 33.564998626708984, 'mean': 30.7535205078125, 'count': 25, 'sum': 768.8380126953125, 'median': 30.683332443237305}","(77.61390270400005, 17.383589031000042, 77.77189871100006, 17.483158091000064)",31-08-2023.geojson,Bantwaram,,,,,
Nirmal,TSSD0045,108.16,"{'min': 26.902000427246094, 'max': 29.549999237060547, 'mean': 28.381781216325432, 'count': 29, 'sum': 823.0716552734375, 'median': 28.489999771118164}","(77.87395490400007, 18.84522452500005, 78.04060419300004, 18.95240894500006)",31-08-2023.geojson,Basar,,,,,
Vikarabad,TSSD0046,206.01,"{'min': 29.71500015258789, 'max': 36.68333435058594, 'mean': 33.2957602446934, 'count': 53, 'sum': 1764.67529296875, 'median': 33.54499816894531}","(77.36247981800005, 17.108590786000036, 77.53841200600004, 17.271892981000065)",31-08-2023.geojson,Basheerabad,,,,,
Mahabubabad,TSSD0047,307.29,"{'min': 28.139999389648438, 'max': 33.90999984741211, 'mean': 31.17110942322531, 'count': 81, 'sum': 2524.85986328125, 'median': 31.3700008392334}","(80.05728874800008, 17.53352028000006, 80.26094565000005, 17.75039165800007)",31-08-2023.geojson,Bayyaram,,,,,
Adilabad,TSSD0048,253.13,"{'min': 26.290000915527344, 'max': 35.04999923706055, 'mean': 31.323785955255683, 'count': 66, 'sum': 2067.369873046875, 'median': 31.470001220703125}","(78.27492577100008, 19.393371099000035, 78.47377904700005, 19.580545785000027)",31-08-2023.geojson,Bazarhathnoor,,,,,
Jagtial,TSSD0049,108.89,"{'min': 28.469999313354492, 'max': 32.95000076293945, 'mean': 30.745589717741936, 'count': 31, 'sum': 953.11328125, 'median': 30.549999237060547}","(78.87792220400007, 18.96036622300005, 79.02108975900006, 19.07988819600007)",31-08-2023.geojson,Beerpur,,,,,
Siddipet,TSSD0050,152.56,"{'min': 28.90999984741211, 'max': 35.77000045776367, 'mean': 32.78233337402344, 'count': 40, 'sum': 1311.2933349609375, 'median': 32.76499938964844}","(78.95201931600008, 18.18925398600004, 79.11791494600004, 18.34315846100003)",31-08-2023.geojson,Bejjanki,,,,,
Kumurambheem Asifabad,TSSD0051,282.92,"{'min': 27.0, 'max': 35.43000030517578, 'mean': 30.293540954589844, 'count': 64, 'sum': 1938.78662109375, 'median': 29.729999542236328}","(79.71984640800008, 19.26669339700004, 79.96748160900006, 19.444060153000066)",31-08-2023.geojson,Bejjur,,,,,
Adilabad,TSSD0052,252.64,"{'min': 26.030000686645508, 'max': 35.83000183105469, 'mean': 32.246462452168366, 'count': 49, 'sum': 1580.07666015625, 'median': 33.83000183105469}","(78.68107592100006, 19.56508431800006, 78.85966689500003, 19.782733789000076)",31-08-2023.geojson,Bela,,,,,
Mancherial,TSSD0053,146.79,"{'min': 29.149999618530273, 'max': 33.75, 'mean': 31.585000610351564, 'count': 40, 'sum': 1263.4000244140625, 'median': 31.424999237060547}","(79.41901996000007, 18.98112085100007, 79.58961168500008, 19.132048594000025)",31-08-2023.geojson,Bellampalle,,,,,
Bhadradri Kothagudem,TSSD0054,11.21,"{'min': 32.25, 'max': 32.790000915527344, 'mean': 32.52000045776367, 'count': 2, 'sum': 65.04000091552734, 'median': 32.52000045776367}","(80.87537144200007, 17.64270969100005, 80.91092172600008, 17.683719212000028)",31-08-2023.geojson,Bhadrachalam,,,,,
Nirmal,TSSD0055,247.42,"{'min': 27.170000076293945, 'max': 34.66999816894531, 'mean': 30.92045856344289, 'count': 58, 'sum': 1793.3865966796875, 'median': 30.86166763305664}","(77.87843723700007, 19.03252738200007, 78.09109643600004, 19.219462747000023)",31-08-2023.geojson,Bhainsa,,,,,
Warangal_Urban,TSSD0056,147.17,"{'min': 29.1200008392334, 'max': 33.90999984741211, 'mean': 31.254342215401785, 'count': 35, 'sum': 1093.9019775390625, 'median': 31.290000915527344}","(79.25802483300004, 18.001111758000036, 79.41034323000008, 18.156221128000027)",31-08-2023.geojson,Bheemadevarapalli,,,,,
Mancherial,TSSD0057,156.12,"{'min': 27.645000457763672, 'max': 33.87666702270508, 'mean': 29.861446982935856, 'count': 38, 'sum': 1134.7349853515625, 'median': 29.82666778564453}","(79.58636746400003, 18.76414004000003, 79.73368796500006, 18.942415460000063)",31-08-2023.geojson,Bheemaram,,,,,
Nizamabad,TSSD0058,225.03,"{'min': 26.18000030517578, 'max': 29.575000762939453, 'mean': 28.08358357747396, 'count': 60, 'sum': 1685.0150146484375, 'median': 28.224998474121094}","(78.35785953300007, 18.617871123000043, 78.59699998100007, 18.754933092000044)",31-08-2023.geojson,Bheemgal,,,,,
Mancherial,TSSD0059,151.63,"{'min': 30.209999084472656, 'max': 35.09000015258789, 'mean': 33.29573378452035, 'count': 43, 'sum': 1431.716552734375, 'median': 33.439998626708984}","(79.50578178000006, 19.14043541600006, 79.67664248700004, 19.288073780000047)",31-08-2023.geojson,Bheemini,,,,,
Adilabad,TSSD0060,195.62,"{'min': 31.3700008392334, 'max': 35.66999816894531, 'mean': 33.807703993055554, 'count': 45, 'sum': 1521.3466796875, 'median': 33.81999969482422}","(78.28468101500005, 19.728594951000048, 78.49256909000007, 19.91690008100005)",31-08-2023.geojson,Bheempoor,,,,,
Kamareddy,TSSD0061,154.94,"{'min': 26.75, 'max': 30.489999771118164, 'mean': 28.905238560267858, 'count': 42, 'sum': 1214.02001953125, 'median': 29.325000762939453}","(78.33227141500004, 18.122403492000046, 78.50250512100007, 18.278813365000076)",31-08-2023.geojson,Bhiknoor,,,,,
Yadadri Bhuvanagiri,TSSD0062,299.2,"{'min': 28.655000686645508, 'max': 34.029998779296875, 'mean': 31.213397686298077, 'count': 78, 'sum': 2434.64501953125, 'median': 31.17333221435547}","(78.80997708400008, 17.36896378700004, 79.04721217500008, 17.595952069000077)",31-08-2023.geojson,Bhongiri,,,,,
Mahabubnagar,TSSD0063,177.56,"{'min': 29.290000915527344, 'max': 33.95000076293945, 'mean': 31.149854577105977, 'count': 46, 'sum': 1432.893310546875, 'median': 31.28499984741211}","(77.97152580800008, 16.592727025000045, 78.15346036600005, 16.739702366000074)",31-08-2023.geojson,Bhoothpur,,,,,
Jayashankar Bhupalpally,TSSD0064,412.31,"{'min': 26.616666793823242, 'max': 34.470001220703125, 'mean': 30.003987630208332, 'count': 102, 'sum': 3060.40673828125, 'median': 29.295000076293945}","(79.72643010900003, 18.326274666000074, 80.15195044700005, 18.518666378000034)",31-08-2023.geojson,Bhupalpally,,,,,
Yadadri Bhuvanagiri,TSSD0065,181.21,"{'min': 28.29800033569336, 'max': 32.3650016784668, 'mean': 30.27626504703444, 'count': 49, 'sum': 1483.5369873046875, 'median': 30.299999237060547}","(78.70762825800006, 17.383774324000058, 78.91649957900006, 17.531102042000043)",31-08-2023.geojson,Bibinagar,,,,,
Kamareddy,TSSD0066,80.7,"{'min': 24.303333282470703, 'max': 31.030000686645508, 'mean': 29.361663818359375, 'count': 20, 'sum': 587.2332763671875, 'median': 29.885000228881836}","(78.46247299900006, 18.169106830000032, 78.56926485100007, 18.275633318000075)",31-08-2023.geojson,Bibipet,,,,,
Nagarkurnool,TSSD0067,265.69,"{'min': 29.84600067138672, 'max': 34.8849983215332, 'mean': 32.76978934151786, 'count': 70, 'sum': 2293.88525390625, 'median': 32.9466667175293}","(78.10083116400006, 16.421414171000038, 78.28225422800006, 16.626726615000052)",31-08-2023.geojson,Bijinapalle,,,,,
Adilabad,TSSD0068,324.19,"{'min': 27.809999465942383, 'max': 34.849998474121094, 'mean': 31.67949280557753, 'count': 79, 'sum': 2502.679931640625, 'median': 31.940000534057617}","(78.17215629700007, 19.264980181000055, 78.39684222400007, 19.45647146400006)",31-08-2023.geojson,Boath,,,,,
Nizamabad,TSSD0069,274.45,"{'min': 23.535715103149414, 'max': 30.336666107177734, 'mean': 27.052973499036813, 'count': 73, 'sum': 1974.8670654296875, 'median': 27.014999389648438}","(77.73094369300003, 18.573510121000027, 77.96006357300001, 18.81143505500006)",31-08-2023.geojson,Bodhan,,,,,
Rajanna Sircilla,TSSD0070,143.88,"{'min': 24.889999389648438, 'max': 34.13666534423828, 'mean': 30.340567239900913, 'count': 41, 'sum': 1243.9632568359375, 'median': 30.803333282470703}","(78.89142673800006, 18.39155487200003, 78.99623800100005, 18.58330450400007)",31-08-2023.geojson,Boinpalli,,,,,
Yadadri Bhuvanagiri,TSSD0071,165.4,"{'min': 29.5, 'max': 31.924999237060547, 'mean': 30.394167945498513, 'count': 42, 'sum': 1276.5550537109375, 'median': 30.329999923706055}","(78.68260567800007, 17.506909476000033, 78.83660271700006, 17.66778853200003)",31-08-2023.geojson,Bommalaramaram,,,,,
Vikarabad,TSSD0072,219.46,"{'min': 29.049999237060547, 'max': 36.125, 'mean': 31.715863909040177, 'count': 56, 'sum': 1776.08837890625, 'median': 31.3700008392334}","(77.61321700700006, 17.021545857000035, 77.78997648900008, 17.236770282000066)",31-08-2023.geojson,Bommaraspeta,,,,,
Khammam,TSSD0073,164.0,"{'min': 31.43000030517578, 'max': 35.439998626708984, 'mean': 33.821726729230186, 'count': 41, 'sum': 1386.6907958984375, 'median': 34.04999923706055}","(80.19836868700008, 16.94670916900003, 80.36649696300003, 17.117145719000064)",31-08-2023.geojson,Bonakal,,,,,
Jagtial,TSSD0074,80.72,"{'min': 29.72333335876465, 'max': 31.43000030517578, 'mean': 30.43610149881114, 'count': 23, 'sum': 700.0303344726562, 'median': 30.540000915527344}","(79.00621644400007, 18.822787249000044, 79.14474962700007, 18.91916278800005)",31-08-2023.geojson,Buggaram,,,,,
Bhadradri Kothagudem,TSSD0075,212.03,"{'min': 29.950000762939453, 'max': 33.790000915527344, 'mean': 32.18092628761574, 'count': 54, 'sum': 1737.77001953125, 'median': 32.19999694824219}","(80.73228080900003, 17.59843230000007, 80.90367732300007, 17.75553509100007)",31-08-2023.geojson,Burgampadu,,,,,
Nalgonda,TSSD0076,349.48,"{'min': 30.0766658782959, 'max': 37.400001525878906, 'mean': 34.53482719089674, 'count': 92, 'sum': 3177.2041015625, 'median': 34.47333526611328}","(78.83961784400003, 16.35584791900004, 79.21275923200005, 16.646382362000054)",31-08-2023.geojson,Chandampet,,,,,
Bhadradri Kothagudem,TSSD0077,146.4,"{'min': 26.158000946044922, 'max': 36.59000015258789, 'mean': 32.588547165329395, 'count': 37, 'sum': 1205.7762451171875, 'median': 33.0966682434082}","(80.55637660300005, 17.31648540200007, 80.69607967500008, 17.452303995000022)",31-08-2023.geojson,Chandrugonda,,,,,
Nalgonda,TSSD0078,210.39,"{'min': 34.3033332824707, 'max': 37.417999267578125, 'mean': 35.65545308814858, 'count': 53, 'sum': 1889.739013671875, 'median': 35.577999114990234}","(78.89291217500005, 16.893248166000035, 79.10048328200008, 17.094642131000057)",31-08-2023.geojson,Chandur,,,,,
Nagarkurnool,TSSD0079,172.21,"{'min': 32.39666748046875, 'max': 38.119998931884766, 'mean': 35.267171223958336, 'count': 45, 'sum': 1587.022705078125, 'median': 35.130001068115234}","(78.57614983600007, 16.636888998000074, 78.79233917400006, 16.779519700000037)",31-08-2023.geojson,Charakonda,,,,,
Hyderabad,TSSD0080,5.37,"{'min': 33.349998474121094, 'max': 33.349998474121094, 'mean': 33.349998474121094, 'count': 1, 'sum': 33.349998474121094, 'median': 33.349998474121094}","(78.47460501900008, 17.34768383200003, 78.50070316000006, 17.376123801000062)",31-08-2023.geojson,Charminar,,,,,
Rajanna Sircilla,TSSD0081,172.75,"{'min': 26.434999465942383, 'max': 33.33000183105469, 'mean': 29.12689717610677, 'count': 48, 'sum': 1398.091064453125, 'median': 28.824167251586914}","(78.61274932300006, 18.50685668500006, 78.84598478800007, 18.63425720600003)",31-08-2023.geojson,Chendurthi,,,,,
Warangal_Rural,TSSD0082,99.63,"{'min': 30.670000076293945, 'max': 33.22999954223633, 'mean': 32.00827552532328, 'count': 29, 'sum': 928.239990234375, 'median': 32.06999969482422}","(79.77887035600008, 17.796694865000063, 79.93870076600007, 17.912052966000033)",31-08-2023.geojson,Chennaraopet,,,,,
Mancherial,TSSD0083,348.6,"{'min': 26.989999771118164, 'max': 34.869998931884766, 'mean': 30.480896681882022, 'count': 89, 'sum': 2712.7998046875, 'median': 29.790000915527344}","(79.65949015600006, 18.682762397000033, 79.84767354200005, 18.959046801000056)",31-08-2023.geojson,Chennur,,,,,
Siddipet,TSSD0084,222.44,"{'min': 28.649999618530273, 'max': 32.54999923706055, 'mean': 29.88726496292373, 'count': 59, 'sum': 1763.3486328125, 'median': 29.809999465942383}","(78.86758954600003, 17.828098220000072, 79.06729449200009, 18.036935309000057)",31-08-2023.geojson,Cherial,,,,,
Bhadradri Kothagudem,TSSD0085,477.35,"{'min': 25.790000915527344, 'max': 34.209999084472656, 'mean': 30.16967574949187, 'count': 123, 'sum': 3710.8701171875, 'median': 30.229999542236328}","(80.73391161600006, 17.933206824000024, 80.98568532800005, 18.238859586000046)",31-08-2023.geojson,Cherla,,,,,
Rangareddy,TSSD0086,276.14,"{'min': 28.969999313354492, 'max': 33.529998779296875, 'mean': 31.11784634524829, 'count': 73, 'sum': 2271.602783203125, 'median': 31.116666793823242}","(78.00412674500006, 17.23299501100007, 78.21859291200008, 17.409433687000046)",31-08-2023.geojson,Chevella,,,,,
Karimnagar,TSSD0087,149.85,"{'min': 30.389999389648438, 'max': 32.529998779296875, 'mean': 31.507501220703126, 'count': 40, 'sum': 1260.300048828125, 'median': 31.450000762939453}","(79.10798904900008, 18.16049209700003, 79.25728156700006, 18.285204140000076)",31-08-2023.geojson,Chigurumamidi,,,,,
Suryapet,TSSD0088,109.2,"{'min': 26.584999084472656, 'max': 34.099998474121094, 'mean': 31.431023733956472, 'count': 28, 'sum': 880.0686645507812, 'median': 31.860000610351562}","(79.79036079100007, 16.906046110000034, 79.93531953700005, 17.024466438000047)",31-08-2023.geojson,Chilkur,,,,,
Jangoan,TSSD0089,157.63,"{'min': 29.143333435058594, 'max': 32.3380012512207, 'mean': 30.8441162109375, 'count': 43, 'sum': 1326.2969970703125, 'median': 30.969999313354492}","(79.20344106000005, 17.85176273600007, 79.44938298400007, 17.98733100100003)",31-08-2023.geojson,Chilpur,,,,,
Mahabubnagar,TSSD0090,182.6,"{'min': 31.049999237060547, 'max': 36.12200164794922, 'mean': 33.83892822265625, 'count': 50, 'sum': 1691.9464111328125, 'median': 33.9908332824707}","(77.73330203000006, 16.37851123300004, 77.87096754700008, 16.616724610000063)",31-08-2023.geojson,Chinna Chinta Kunta,,,,,
Mahabubabad,TSSD0091,62.33,"{'min': 31.40999984741211, 'max': 34.13999938964844, 'mean': 32.8982364430147, 'count': 17, 'sum': 559.27001953125, 'median': 32.95000076293945}","(79.84909294100004, 17.449136596000073, 79.93830751200005, 17.551928229000055)",31-08-2023.geojson,Chinnagudur,,,,,
Siddipet,TSSD0092,210.1,"{'min': 27.360000610351562, 'max': 33.38999938964844, 'mean': 29.936344401041666, 'count': 60, 'sum': 1796.1806640625, 'median': 29.665000915527344}","(78.82494370000006, 18.112037676000057, 79.02016956300008, 18.25691097600003)",31-08-2023.geojson,Chinnakodur,,,,,
Wanaparthy,TSSD0093,211.48,"{'min': 27.158000946044922, 'max': 37.72200012207031, 'mean': 33.89270650929418, 'count': 58, 'sum': 1965.7769775390625, 'median': 34.144996643066406}","(78.05946824700004, 15.943903422000062, 78.25862092700004, 16.10487720200007)",31-08-2023.geojson,Chinnambavi,,,,,
Khammam,TSSD0094,188.05,"{'min': 31.270000457763672, 'max': 36.83000183105469, 'mean': 33.68934697690217, 'count': 46, 'sum': 1549.7099609375, 'median': 33.83000183105469}","(80.15749622700008, 17.00863986300004, 80.30764277300005, 17.236461319000057)",31-08-2023.geojson,Chintakani,,,,,
Kumurambheem Asifabad,TSSD0095,288.59,"{'min': 26.290000915527344, 'max': 35.22999954223633, 'mean': 29.996446397569443, 'count': 45, 'sum': 1349.840087890625, 'median': 29.06999969482422}","(79.67767908700006, 19.36047807800003, 79.97913072000006, 19.567678157000046)",31-08-2023.geojson,Chintalamanepally,,,,,
Suryapet,TSSD0096,202.08,"{'min': 28.823333740234375, 'max': 40.11000061035156, 'mean': 35.102591720281865, 'count': 51, 'sum': 1790.232177734375, 'median': 36.233333587646484}","(79.89168709400008, 16.63122235000003, 80.07323171000007, 16.848894700000073)",31-08-2023.geojson,Chinthala palem,,,,,
Nalgonda,TSSD0097,274.6,"{'min': 31.513999938964844, 'max': 36.41666793823242, 'mean': 33.95348307291667, 'count': 75, 'sum': 2546.51123046875, 'median': 34.11666488647461}","(78.69548427600006, 16.739825453000037, 78.92444476600008, 16.973748571000044)",31-08-2023.geojson,Chinthapally,,,,,
Jayashankar Bhupalpally,TSSD0098,210.42,"{'min': 28.389999389648438, 'max': 37.849998474121094, 'mean': 32.014520554315474, 'count': 42, 'sum': 1344.60986328125, 'median': 31.689998626708984}","(79.64088009700004, 18.283442338000043, 79.79196266500009, 18.492380515000036)",31-08-2023.geojson,Chityal,,,,,
Nalgonda,TSSD0099,237.77,"{'min': 31.420000076293945, 'max': 35.630001068115234, 'mean': 32.990962727864584, 'count': 60, 'sum': 1979.457763671875, 'median': 32.874168395996094}","(78.96087085700003, 17.126777316000073, 79.17779320000005, 17.284106424000072)",31-08-2023.geojson,Chityal,,,,,
Suryapet,TSSD0100,151.19,"{'min': 30.796667098999023, 'max': 34.65666580200195, 'mean': 32.42108154296875, 'count': 40, 'sum': 1296.84326171875, 'median': 32.27666473388672}","(79.61526708400004, 17.06178183000003, 79.77234545500005, 17.21508940600006)",31-08-2023.geojson,Chivvemla,,,,,
Karimnagar,TSSD0101,141.96,"{'min': 28.836666107177734, 'max': 33.6966667175293, 'mean': 31.0795609323602, 'count': 38, 'sum': 1181.0233154296875, 'median': 30.953332901000977}","(79.09673047900003, 18.516979337000066, 79.23072403500004, 18.66557143500006)",31-08-2023.geojson,Choppadandi,,,,,
Yadadri Bhuvanagiri,TSSD0102,264.84,"{'min': 29.655000686645508, 'max': 36.276668548583984, 'mean': 32.131110392825704, 'count': 71, 'sum': 2281.308837890625, 'median': 31.940000534057617}","(78.747570484, 17.19528529400003, 78.99749932000003, 17.348531597000033)",31-08-2023.geojson,Choutuppal,,,,,
Rangareddy,TSSD0103,111.15,"{'min': 28.489999771118164, 'max': 32.34000015258789, 'mean': 30.267345287181712, 'count': 27, 'sum': 817.2183227539062, 'median': 30.30500030517578}","(77.92190617600005, 16.980166997000026, 78.03572549400008, 17.14859407800003)",31-08-2023.geojson,Chowdergudem,,,,,
Bhadradri Kothagudem,TSSD0104,113.98,"{'min': 28.709999084472656, 'max': 35.27000045776367, 'mean': 30.978277391003026, 'count': 31, 'sum': 960.3265991210938, 'median': 30.399999618530273}","(80.59078646000006, 17.397527010000033, 80.73926192500005, 17.56175825500003)",31-08-2023.geojson,Chunchupally,,,,,
Kumurambheem Asifabad,TSSD0105,282.91,"{'min': 26.950000762939453, 'max': 35.29999923706055, 'mean': 31.691619873046875, 'count': 72, 'sum': 2281.796630859375, 'median': 32.23500061035156}","(79.55061502100006, 19.147024978000047, 79.94481136900004, 19.320003257000053)",31-08-2023.geojson,Dahegaon,,,,,
Nalgonda,TSSD0106,212.91,"{'min': 32.60200119018555, 'max': 40.90999984741211, 'mean': 35.24308638139205, 'count': 55, 'sum': 1938.3697509765625, 'median': 34.87799835205078}","(79.52381292400008, 16.65992049600004, 79.70200312500003, 16.812899723000044)",31-08-2023.geojson,Damaracherla,,,,,
Narayanpet,TSSD0107,197.8,"{'min': 30.684999465942383, 'max': 38.13666534423828, 'mean': 33.5394677734375, 'count': 50, 'sum': 1676.973388671875, 'median': 33.513336181640625}","(77.45634407100005, 16.764877660000025, 77.60496874100005, 16.959326115000067)",31-08-2023.geojson,Damargidda,,,,,
Warangal_Rural,TSSD0108,89.35,"{'min': 30.376667022705078, 'max': 35.709999084472656, 'mean': 32.95926411946615, 'count': 24, 'sum': 791.0223388671875, 'median': 32.858001708984375}","(79.60072347200008, 18.00572767700004, 79.70643829000005, 18.13897497800008)",31-08-2023.geojson,Damera,,,,,
Bhadradri Kothagudem,TSSD0109,482.53,"{'min': 26.78333282470703, 'max': 32.970001220703125, 'mean': 29.794818584735577, 'count': 130, 'sum': 3873.326416015625, 'median': 29.976665496826172}","(80.86476856000007, 17.190519193000057, 81.08735919600008, 17.56822006400006)",31-08-2023.geojson,Dammapeta,,,,,
Mancherial,TSSD0110,212.73,"{'min': 26.316667556762695, 'max': 33.560001373291016, 'mean': 30.421286064281798, 'count': 57, 'sum': 1734.0133056640625, 'median': 31.010000228881836}","(79.08727409600004, 18.884636873000034, 79.22437932800005, 19.103216721000024)",31-08-2023.geojson,Dandepalle,,,,,
Mahabubabad,TSSD0111,108.96,"{'min': 30.93000030517578, 'max': 34.290000915527344, 'mean': 32.561988092237904, 'count': 31, 'sum': 1009.421630859375, 'median': 32.40999984741211}","(79.65560623800008, 17.428868298000054, 79.78530222000006, 17.546608658000025)",31-08-2023.geojson,Danthalapalle,,,,,
Nirmal,TSSD0112,76.62,"{'min': 27.636667251586914, 'max': 31.56999969482422, 'mean': 30.467015316611842, 'count': 19, 'sum': 578.873291015625, 'median': 30.719999313354492}","(78.82647409500004, 19.034610264000037, 78.95076054900005, 19.132845763000034)",31-08-2023.geojson,Dasturabad,,,,,
Nalgonda,TSSD0113,235.21,"{'min': 33.69499969482422, 'max': 38.97666549682617, 'mean': 36.042295394405244, 'count': 62, 'sum': 2234.622314453125, 'median': 35.86800003051758}","(78.75664741300005, 16.599618543000076, 78.96744054100003, 16.769811435000065)",31-08-2023.geojson,Devarakonda,,,,,
Mahabubnagar,TSSD0114,238.37,"{'min': 26.97800064086914, 'max': 36.29499816894531, 'mean': 31.992459204889112, 'count': 62, 'sum': 1983.532470703125, 'median': 32.04833221435547}","(77.76466384500003, 16.454975524000076, 77.92512638900007, 16.738387466000063)",31-08-2023.geojson,Devarkadra,,,,,
Jangoan,TSSD0115,182.53,"{'min': 31.93666648864746, 'max': 34.84333419799805, 'mean': 32.95219970703125, 'count': 50, 'sum': 1647.6099853515625, 'median': 32.88999938964844}","(79.21277209400006, 17.510665525000036, 79.40089799000003, 17.677652839000075)",31-08-2023.geojson,Devaruppula,,,,,
Narayanpet,TSSD0116,153.65,"{'min': 29.4233341217041, 'max': 35.11666488647461, 'mean': 32.01738677153716, 'count': 37, 'sum': 1184.643310546875, 'median': 32.2400016784668}","(77.59496902800004, 16.571400942000025, 77.76875056600005, 16.754234962000055)",31-08-2023.geojson,Dhanwada,,,,,
Jagtial,TSSD0117,175.9,"{'min': 28.373332977294922, 'max': 32.790000915527344, 'mean': 31.1136962890625, 'count': 45, 'sum': 1400.1163330078125, 'median': 31.209999084472656}","(78.99144763200007, 18.877766286000053, 79.16011736700005, 19.07420193200005)",31-08-2023.geojson,Dharmapuri,,,,,
Peddapalli,TSSD0118,201.92,"{'min': 27.469999313354492, 'max': 31.39666748046875, 'mean': 29.39682294737618, 'count': 53, 'sum': 1558.0316162109375, 'median': 29.68000030517578}","(79.11294947900006, 18.616084372000046, 79.33879022800005, 18.75580704600003)",31-08-2023.geojson,Dharmaram,,,,,
Warangal_Urban,TSSD0119,166.63,"{'min': 27.459999084472656, 'max': 34.5433349609375, 'mean': 31.01084255642361, 'count': 45, 'sum': 1395.4879150390625, 'median': 31.079999923706055}","(79.34392484200004, 17.872946780000063, 79.49559988700008, 18.064662017000046)",31-08-2023.geojson,Dharmasagar,,,,,
Jogulamba Gadwal,TSSD0120,233.51,"{'min': 24.989999771118164, 'max': 35.43000030517578, 'mean': 31.17654012044271, 'count': 60, 'sum': 1870.5924072265625, 'median': 31.845001220703125}","(77.59027451200006, 16.165087868000057, 77.75403082300005, 16.362950969000053)",31-08-2023.geojson,Dharoor,,,,,
Vikarabad,TSSD0121,204.41,"{'min': 26.329999923706055, 'max': 32.790000915527344, 'mean': 30.030113807091347, 'count': 52, 'sum': 1561.56591796875, 'median': 30.38050079345703}","(77.69853344900008, 17.210650905000023, 77.85683392500005, 17.378989310000065)",31-08-2023.geojson,Dharoor,,,,,
Nizamabad,TSSD0122,181.87,"{'min': 26.945999145507812, 'max': 29.356666564941406, 'mean': 28.072823660714285, 'count': 49, 'sum': 1375.568359375, 'median': 28.165000915527344}","(78.27142695800006, 18.455096901000047, 78.41235874700004, 18.675940208000043)",31-08-2023.geojson,Dharpally,,,,,
Nizamabad,TSSD0123,165.76,"{'min': 26.885000228881836, 'max': 30.5, 'mean': 28.31247829861111, 'count': 45, 'sum': 1274.0615234375, 'median': 28.309999465942383}","(78.13708897600003, 18.552299339000058, 78.33103872900006, 18.67400565300005)",31-08-2023.geojson,Dichpally,,,,,
Nirmal,TSSD0124,155.33,"{'min': 23.899999618530273, 'max': 34.970001220703125, 'mean': 29.161801147460938, 'count': 40, 'sum': 1166.4720458984375, 'median': 29.864999771118164}","(78.18162478500005, 18.979193036000026, 78.31903817300008, 19.15181674400003)",31-08-2023.geojson,Dilawarpur,,,,,
Vikarabad,TSSD0125,169.11,"{'min': 28.100000381469727, 'max': 32.810001373291016, 'mean': 30.062688654119317, 'count': 44, 'sum': 1322.75830078125, 'median': 29.656665802001953}","(77.75350961300006, 16.993685688000028, 77.91797159400005, 17.151011999000048)",31-08-2023.geojson,Doma,,,,,
Mahabubabad,TSSD0126,157.58,"{'min': 32.349998474121094, 'max': 34.369998931884766, 'mean': 33.4982939929497, 'count': 41, 'sum': 1373.4300537109375, 'median': 33.54999923706055}","(80.00919088400008, 17.34578428800006, 80.17130219700005, 17.498026924000044)",31-08-2023.geojson,Dornakal,,,,,
Vikarabad,TSSD0127,206.9,"{'min': 31.43000030517578, 'max': 36.34000015258789, 'mean': 33.65464900090144, 'count': 52, 'sum': 1750.041748046875, 'median': 33.34416580200195}","(77.47254906600006, 16.90300025500005, 77.65396255100006, 17.070101057000045)",31-08-2023.geojson,Doulthabad,,,,,
Siddipet,TSSD0128,239.89,"{'min': 26.200000762939453, 'max': 30.0, 'mean': 28.25576636904762, 'count': 63, 'sum': 1780.11328125, 'median': 28.263334274291992}","(78.54681796600005, 18.097298073000047, 78.75700455300006, 18.255668025000034)",31-08-2023.geojson,Dubbak,,,,,
Warangal_Rural,TSSD0129,117.69,"{'min': 32.13999938964844, 'max': 35.09000015258789, 'mean': 34.15516318044355, 'count': 31, 'sum': 1058.81005859375, 'median': 34.310001373291016}","(79.74503783800003, 17.911539967000067, 79.86925509200006, 18.07929052000003)",31-08-2023.geojson,Duggondi,,,,,
Bhadradri Kothagudem,TSSD0130,322.15,"{'min': 28.280000686645508, 'max': 33.0099983215332, 'mean': 31.68923537795608, 'count': 74, 'sum': 2345.00341796875, 'median': 32.18000030517578}","(80.86195260000005, 17.696811285000024, 81.09376572500008, 17.952898013000038)",31-08-2023.geojson,Dummugudem,,,,,
Medchal_Malkajgiri,TSSD0131,81.34,"{'min': 26.8700008392334, 'max': 32.27000045776367, 'mean': 28.939248657226564, 'count': 20, 'sum': 578.7849731445312, 'median': 28.573333740234375}","(78.36001430200008, 17.525573036000026, 78.50711033000005, 17.638921073000063)",31-08-2023.geojson,Dundigal Gandimaisamma,,,,,
Peddapalli,TSSD0132,76.87,"{'min': 26.399999618530273, 'max': 32.25, 'mean': 29.321666370738637, 'count': 22, 'sum': 645.07666015625, 'median': 29.619998931884766}","(79.21615438200007, 18.50700951700003, 79.32467419700004, 18.611289084000077)",31-08-2023.geojson,Eligaid,,,,,
Warangal_Urban,TSSD0133,130.61,"{'min': 27.93000030517578, 'max': 34.29399871826172, 'mean': 31.11292146381579, 'count': 38, 'sum': 1182.291015625, 'median': 31.337501525878906}","(79.37430346400004, 18.03182084900004, 79.56117484200007, 18.167621027000052)",31-08-2023.geojson,Elkathurthi,,,,,
Karimnagar,TSSD0134,97.13,"{'min': 31.530000686645508, 'max': 35.06999969482422, 'mean': 33.006500244140625, 'count': 20, 'sum': 660.1300048828125, 'median': 32.80999755859375}","(79.48944079000006, 18.22671351400004, 79.58025617800007, 18.37787529900004)",31-08-2023.geojson,Ellandakunta,,,,,
Khammam,TSSD0135,189.89,"{'min': 30.049999237060547, 'max': 36.77000045776367, 'mean': 33.45754942602041, 'count': 49, 'sum': 1639.419921875, 'median': 33.59000015258789}","(80.32325062100006, 17.259354917000053, 80.50833243100004, 17.441441247000057)",31-08-2023.geojson,Enkoor,,,,,
Mulugu,TSSD0136,343.37,"{'min': 27.809999465942383, 'max': 36.369998931884766, 'mean': 29.868514351222824, 'count': 92, 'sum': 2747.9033203125, 'median': 29.524999618530273}","(80.26936561700006, 18.23370998300004, 80.49039395700004, 18.462636728000064)",31-08-2023.geojson,Eturnagaram,,,,,
Rangareddy,TSSD0137,278.36,"{'min': 28.030000686645508, 'max': 32.45000076293945, 'mean': 30.378287760416665, 'count': 75, 'sum': 2278.37158203125, 'median': 30.3700008392334}","(78.06823301000003, 16.93980447000007, 78.31577077500003, 17.115180701000043)",31-08-2023.geojson,Farooqnagar,,,,,
Adilabad,TSSD0138,227.73,"{'min': 26.649999618530273, 'max': 33.22999954223633, 'mean': 30.39000077681108, 'count': 11, 'sum': 334.2900085449219, 'median': 30.350000381469727}","(78.77129668200007, 19.52875835800006, 78.97180690400006, 19.672134552000045)",31-08-2023.geojson,Gadiguda,,,,,
Jogulamba Gadwal,TSSD0139,264.89,"{'min': 30.079999923706055, 'max': 39.43000030517578, 'mean': 34.642222377232144, 'count': 70, 'sum': 2424.95556640625, 'median': 34.50199890136719}","(77.72121964000007, 16.085291977000054, 77.93275208300008, 16.318733621000035)",31-08-2023.geojson,Gadwal,,,,,
Siddipet,TSSD0140,212.47,"{'min': 26.170000076293945, 'max': 32.47999954223633, 'mean': 30.057211068960335, 'count': 52, 'sum': 1562.9749755859375, 'median': 30.280000686645508}","(78.58303917400008, 17.794325789000027, 78.78577283400006, 17.975258496000038)",31-08-2023.geojson,Gajwel,,,,,
Rajanna Sircilla,TSSD0141,156.05,"{'min': 24.549999237060547, 'max': 31.43000030517578, 'mean': 28.120325600228657, 'count': 41, 'sum': 1152.933349609375, 'median': 27.963333129882812}","(78.52078465300008, 18.22335373800007, 78.64656692100004, 18.42659197100005)",31-08-2023.geojson,Gambhiraopet,,,,,
Mahabubnagar,TSSD0142,228.82,"{'min': 26.59666633605957, 'max': 33.0099983215332, 'mean': 29.92637028769841, 'count': 63, 'sum': 1885.361328125, 'median': 29.9233341217041}","(77.73779362900007, 16.845154139000044, 77.95386938900003, 16.999075455000025)",31-08-2023.geojson,Gandeed,,,,,
Kamareddy,TSSD0143,333.76,"{'min': 25.764999389648438, 'max': 32.05666732788086, 'mean': 28.542250359195403, 'count': 87, 'sum': 2483.17578125, 'median': 28.549999237060547}","(77.92036537400008, 18.313249016000043, 78.18359844500003, 18.50402559500003)",31-08-2023.geojson,Gandhari,,,,,
Rangareddy,TSSD0144,104.67,"{'min': 24.290000915527344, 'max': 32.07500076293945, 'mean': 29.56688514122596, 'count': 26, 'sum': 768.739013671875, 'median': 30.27199935913086}","(78.22812814200006, 17.32859737600006, 78.42011614800003, 17.43391934600004)",31-08-2023.geojson,Gandipet,,,,,
Karimnagar,TSSD0145,160.18,"{'min': 29.170000076293945, 'max': 32.836666107177734, 'mean': 30.689842587425595, 'count': 42, 'sum': 1288.973388671875, 'median': 30.700000762939453}","(78.94956144100007, 18.417228382000076, 79.08057825900005, 18.682963267000048)",31-08-2023.geojson,Gangadhara,,,,,
Mahabubabad,TSSD0146,388.97,"{'min': 26.420000076293945, 'max': 30.709999084472656, 'mean': 28.68182842548077, 'count': 104, 'sum': 2982.91015625, 'median': 28.719999313354492}","(80.09945621800006, 17.703358498000057, 80.32312548900006, 18.023583650000035)",31-08-2023.geojson,Gangaram,,,,,
Karimnagar,TSSD0147,128.88,"{'min': 22.690000534057617, 'max': 38.029998779296875, 'mean': 29.37395870324337, 'count': 33, 'sum': 969.3406372070312, 'median': 29.246000289916992}","(79.00593677600006, 18.285893647000023, 79.15761711400006, 18.42386993300005)",31-08-2023.geojson,Ganneruvaram,,,,,
Suryapet,TSSD0148,196.75,"{'min': 25.270000457763672, 'max': 33.36000061035156, 'mean': 31.497455303485577, 'count': 52, 'sum': 1637.86767578125, 'median': 31.93166732788086}","(79.69899423300006, 16.791794304000064, 79.84726513600003, 16.996734263000064)",31-08-2023.geojson,Garidepalli,,,,,
Mahabubabad,TSSD0149,134.15,"{'min': 31.1299991607666, 'max': 34.650001525878906, 'mean': 32.87685546875, 'count': 35, 'sum': 1150.68994140625, 'median': 32.95000076293945}","(80.09119141800005, 17.438011174000053, 80.22850494600004, 17.593396365000046)",31-08-2023.geojson,Garla,,,,,
Warangal_Rural,TSSD0150,134.93,"{'min': 31.649999618530273, 'max': 35.29999923706055, 'mean': 33.51162109375, 'count': 35, 'sum': 1172.90673828125, 'median': 33.5099983215332}","(79.61786745500007, 17.897533089000035, 79.78756875100004, 18.025592932000052)",31-08-2023.geojson,Geesugonda,,,,,
Jayashankar Bhupalpally,TSSD0151,135.95,"{'min': 29.170000076293945, 'max': 33.9900016784668, 'mean': 31.554048810686385, 'count': 14, 'sum': 441.7566833496094, 'median': 31.55500030517578}","(79.80756877900006, 18.262592781000023, 79.95276371100005, 18.417946673000074)",31-08-2023.geojson,Ghanapur_Mulug,,,,,
Wanaparthy,TSSD0152,155.07,"{'min': 30.200000762939453, 'max': 34.09000015258789, 'mean': 32.35157534950658, 'count': 38, 'sum': 1229.35986328125, 'median': 32.4183349609375}","(77.98310490100005, 16.47901398600004, 78.12571646600009, 16.626992442000073)",31-08-2023.geojson,Ghanpur,,,,,
Jangoan,TSSD0153,172.06,"{'min': 28.41666603088379, 'max': 33.82500076293945, 'mean': 31.442445203993056, 'count': 45, 'sum': 1414.9100341796875, 'median': 31.674999237060547}","(79.23152818800008, 17.720237033000046, 79.42362870100004, 17.892366453000022)",31-08-2023.geojson,Ghanpur (Stn),,,,,
Medchal_Malkajgiri,TSSD0154,123.94,"{'min': 27.857999801635742, 'max': 32.03499984741211, 'mean': 30.183688256048388, 'count': 31, 'sum': 935.6943359375, 'median': 30.329999923706055}","(78.61964476900005, 17.377866780000033, 78.75985781500003, 17.488422350000064)",31-08-2023.geojson,Ghatkesar,,,,,
Jogulamba Gadwal,TSSD0155,267.38,"{'min': 28.97800064086914, 'max': 37.68000030517578, 'mean': 33.181613116197184, 'count': 71, 'sum': 2355.89453125, 'median': 32.59000015258789}","(77.49353266000008, 15.976683508000065, 77.64425295800004, 16.21363012000006)",31-08-2023.geojson,Ghattu,,,,,
Hyderabad,TSSD0156,9.86,"{'min': 31.06999969482422, 'max': 31.80500030517578, 'mean': 31.4375, 'count': 2, 'sum': 62.875, 'median': 31.4375}","(78.38383245800003, 17.369513270000027, 78.43137261900006, 17.39634099500006)",31-08-2023.geojson,Golkonda,,,,,
Jagtial,TSSD0157,151.75,"{'min': 26.606666564941406, 'max': 32.369998931884766, 'mean': 30.17564464750744, 'count': 42, 'sum': 1267.3770751953125, 'median': 30.329999923706055}","(78.95794203800006, 18.74532743900005, 79.15334781300004, 18.85190287000006)",31-08-2023.geojson,Gollapalli,,,,,
Wanaparthy,TSSD0158,125.4,"{'min': 31.420000076293945, 'max': 34.36333465576172, 'mean': 32.643809291294644, 'count': 35, 'sum': 1142.5333251953125, 'median': 32.529998779296875}","(78.08591650400007, 16.328531611000074, 78.20166738400007, 16.47124508400003)",31-08-2023.geojson,Gopalpet,,,,,
Mulugu,TSSD0159,343.34,"{'min': 27.4233341217041, 'max': 32.790000915527344, 'mean': 29.308628216911764, 'count': 85, 'sum': 2491.2333984375, 'median': 29.156665802001953}","(79.99281799200008, 18.08316615600006, 80.26935217700003, 18.29768950400006)",31-08-2023.geojson,Govindaraopet,,,,,
Adilabad,TSSD0160,159.79,"{'min': 28.969999313354492, 'max': 33.70000076293945, 'mean': 31.859731313344593, 'count': 37, 'sum': 1178.81005859375, 'median': 32.36000061035156}","(78.44054848400003, 19.441831296000146, 78.58019452000008, 19.607753279000065)",31-08-2023.geojson,Gudihathnur,,,,,
Mahabubabad,TSSD0161,312.8,"{'min': 27.459999084472656, 'max': 33.790000915527344, 'mean': 30.930854611280488, 'count': 82, 'sum': 2536.330078125, 'median': 31.510000228881836}","(79.87550272900006, 17.686846624000054, 80.15255229900004, 17.87590134000004)",31-08-2023.geojson,Gudur,,,,,
Sangareddy,TSSD0162,98.98,"{'min': 24.90999984741211, 'max': 29.43000030517578, 'mean': 27.791998291015624, 'count': 20, 'sum': 555.8399658203125, 'median': 27.900001525878906}","(78.31472103200008, 17.61424192000004, 78.44886573200006, 17.746359040000073)",31-08-2023.geojson,Gummadidala,,,,,
Bhadradri Kothagudem,TSSD0163,495.92,"{'min': 26.200000762939453, 'max': 32.22999954223633, 'mean': 29.46798058712121, 'count': 132, 'sum': 3889.7734375, 'median': 29.239999771118164}","(80.25193695800004, 17.734911501000056, 80.47191641100005, 18.082237242000076)",31-08-2023.geojson,Gundala,,,,,
Yadadri Bhuvanagiri,TSSD0164,172.25,"{'min': 31.343334197998047, 'max': 34.24333190917969, 'mean': 32.63761208274148, 'count': 44, 'sum': 1436.054931640625, 'median': 32.62333297729492}","(79.14910012700005, 17.45209845900007, 79.37870067300008, 17.62417806900004)",31-08-2023.geojson,Gundala,,,,,
Nalgonda,TSSD0165,263.41,"{'min': 28.190000534057617, 'max': 38.63999938964844, 'mean': 34.98134837431066, 'count': 68, 'sum': 2378.731689453125, 'median': 35.28199768066406}","(78.61528553800008, 16.514907610000023, 78.85800945400007, 16.715959889000032)",31-08-2023.geojson,Gundlapally,,,,,
Nalgonda,TSSD0166,309.8,"{'min': 32.3033332824707, 'max': 37.76333236694336, 'mean': 34.47332317073171, 'count': 82, 'sum': 2826.8125, 'median': 34.48750305175781}","(78.99484315300003, 16.723799824000025, 79.20953000900005, 16.93974487500003)",31-08-2023.geojson,Gurrampode,,,,,
Mancherial,TSSD0167,257.54,"{'min': 26.72333335876465, 'max': 35.25, 'mean': 30.249738420758927, 'count': 70, 'sum': 2117.481689453125, 'median': 29.918333053588867}","(79.26565732000006, 18.814436070000056, 79.42256325600005, 19.008309308000037)",31-08-2023.geojson,Hajipur,,,,,
Warangal_Urban,TSSD0168,45.74,"{'min': 30.809999465942383, 'max': 34.650001525878906, 'mean': 32.78875223795573, 'count': 12, 'sum': 393.46502685546875, 'median': 32.62666320800781}","(79.50733597600004, 17.982258095000077, 79.59918790600005, 18.051422419000062)",31-08-2023.geojson,Hanamkonda,,,,,
Mahabubnagar,TSSD0169,168.92,"{'min': 26.856666564941406, 'max': 34.349998474121094, 'mean': 30.058849516369047, 'count': 42, 'sum': 1262.4716796875, 'median': 29.93000030517578}","(77.76252807700007, 16.752192707000063, 77.98873493800005, 16.893183992000047)",31-08-2023.geojson,Hanwada,,,,,
Warangal_Urban,TSSD0170,161.17,"{'min': 28.3700008392334, 'max': 33.77000045776367, 'mean': 31.237986010174417, 'count': 43, 'sum': 1343.2333984375, 'median': 31.459999084472656}","(79.43172067800003, 17.991968021000048, 79.62513964800007, 18.143584798000063)",31-08-2023.geojson,Hasanparthy,,,,,
Sangareddy,TSSD0171,204.77,"{'min': 25.1299991607666, 'max': 33.209999084472656, 'mean': 28.916251046316965, 'count': 56, 'sum': 1619.31005859375, 'median': 29.130001068115234}","(78.10555045300003, 17.63393108100007, 78.31945472700005, 17.83424511100003)",31-08-2023.geojson,Hathnoora,,,,,
Medak,TSSD0172,187.01,"{'min': 22.200000762939453, 'max': 29.729999542236328, 'mean': 26.02909879864387, 'count': 53, 'sum': 1379.542236328125, 'median': 25.93000030517578}","(78.15651423700007, 18.05332005300005, 78.35309415700004, 18.215476757000033)",31-08-2023.geojson,Havelighanpur,,,,,
Rangareddy,TSSD0173,30.54,"{'min': 29.843334197998047, 'max': 32.65999984741211, 'mean': 31.212222629123264, 'count': 9, 'sum': 280.9100036621094, 'median': 31.520000457763672}","(78.52755004100004, 17.306583933000013, 78.61900574700013, 17.348163568000075)",31-08-2023.geojson,Hayathnagar,,,,,
Hyderabad,TSSD0174,6.58,"{'min': 28.790000915527344, 'max': 29.354999542236328, 'mean': 29.072500228881836, 'count': 2, 'sum': 58.14500045776367, 'median': 29.072500228881836}","(78.47360807500007, 17.38688961500003, 78.50484873500005, 17.421948936000035)",31-08-2023.geojson,Himayatnagar,,,,,
Siddipet,TSSD0175,117.52,"{'min': 28.469999313354492, 'max': 33.689998626708984, 'mean': 30.730214764994958, 'count': 31, 'sum': 952.6366577148438, 'median': 30.850000381469727}","(79.13916242100004, 18.08470961100005, 79.30335584600004, 18.180728988000055)",31-08-2023.geojson,Husnabad,,,,,
Suryapet,TSSD0176,126.8,"{'min': 27.709999084472656, 'max': 34.75, 'mean': 31.67296993371212, 'count': 33, 'sum': 1045.2080078125, 'median': 31.670000076293945}","(79.76496890800007, 16.81112220400007, 79.93455343000005, 16.95645507200004)",31-08-2023.geojson,Huzur nagar,,,,,
Karimnagar,TSSD0177,138.33,"{'min': 26.290000915527344, 'max': 32.39666748046875, 'mean': 29.747056749131943, 'count': 36, 'sum': 1070.89404296875, 'median': 30.11833381652832}","(79.33974401500006, 18.149110196000038, 79.48471113900007, 18.285271040000055)",31-08-2023.geojson,Huzurabad,,,,,
Jagtial,TSSD0178,142.28,"{'min': 25.790000915527344, 'max': 30.09000015258789, 'mean': 28.807838233741553, 'count': 37, 'sum': 1065.8900146484375, 'median': 29.336666107177734}","(78.51963186500006, 18.84352731300004, 78.64824793900004, 19.00011807900006)",31-08-2023.geojson,Ibrahimpatnam,,,,,
Rangareddy,TSSD0179,274.25,"{'min': 26.829999923706055, 'max': 32.23666763305664, 'mean': 30.372355143229168, 'count': 72, 'sum': 2186.8095703125, 'median': 30.31999969482422}","(78.51594250300008, 17.11693136100007, 78.81737317200003, 17.26846339900004)",31-08-2023.geojson,Ibrahimpatnam,,,,,
Adilabad,TSSD0180,211.85,"{'min': 29.670000076293945, 'max': 34.470001220703125, 'mean': 32.53170850800305, 'count': 41, 'sum': 1333.800048828125, 'median': 32.59000015258789}","(78.40972741900003, 19.27144580600003, 78.59073863400005, 19.476086989000066)",31-08-2023.geojson,Ichoda,,,,,
Rajanna Sircilla,TSSD0181,222.52,"{'min': 25.969999313354492, 'max': 35.29999923706055, 'mean': 30.83327551055373, 'count': 57, 'sum': 1757.4967041015625, 'median': 30.809999465942383}","(78.82265059000008, 18.234493222000026, 79.02266919100003, 18.400162883000064)",31-08-2023.geojson,Illanthakunta,,,,,
Warangal_Urban,TSSD0182,154.53,"{'min': 30.41666603088379, 'max': 34.29666519165039, 'mean': 32.46277794471154, 'count': 39, 'sum': 1266.04833984375, 'median': 32.459999084472656}","(79.48651884400005, 17.786163054000042, 79.62215459200007, 17.94046736200005)",31-08-2023.geojson,Inavolu,,,,,
Nizamabad,TSSD0183,187.42,"{'min': 26.31800079345703, 'max': 29.4233341217041, 'mean': 27.965272241709183, 'count': 49, 'sum': 1370.29833984375, 'median': 27.989999771118164}","(78.16214130800006, 18.452259628000036, 78.35381027700004, 18.595203980000065)",31-08-2023.geojson,Indalwai,,,,,
Adilabad,TSSD0184,209.33,"{'min': 28.3700008392334, 'max': 33.66999816894531, 'mean': 31.28833516438802, 'count': 48, 'sum': 1501.840087890625, 'median': 31.03499984741211}","(78.56653272500006, 19.379057926000144, 78.76792306800007, 19.567601660000037)",31-08-2023.geojson,Inderavelly,,,,,
Jogulamba Gadwal,TSSD0185,302.11,"{'min': 32.257999420166016, 'max': 41.02000045776367, 'mean': 37.02779760116186, 'count': 78, 'sum': 2888.168212890625, 'median': 37.461669921875}","(77.74751634700004, 15.980643073000067, 77.98393237000005, 16.184409668000058)",31-08-2023.geojson,Itikyal,,,,,
Mahabubnagar,TSSD0186,294.27,"{'min': 28.389999389648438, 'max': 34.869998931884766, 'mean': 32.07360677083334, 'count': 75, 'sum': 2405.5205078125, 'median': 32.290000915527344}","(78.04502359400004, 16.680028693000054, 78.33050907800003, 16.87941384800007)",31-08-2023.geojson,Jadcherla,,,,,
Siddipet,TSSD0187,180.4,"{'min': 28.899999618530273, 'max': 34.54999923706055, 'mean': 31.182965959821427, 'count': 49, 'sum': 1527.96533203125, 'median': 31.156665802001953}","(78.75126357400006, 17.708628498000053, 78.87944648100006, 17.882764563000023)",31-08-2023.geojson,Jagdevpur,,,,,
Jagtial,TSSD0188,167.3,"{'min': 26.81333351135254, 'max': 31.350000381469727, 'mean': 29.749256480823863, 'count': 44, 'sum': 1308.96728515625, 'median': 29.970001220703125}","(78.83197213700004, 18.733277460000068, 79.02319924200003, 18.91632891000006)",31-08-2023.geojson,Jagityal_Rural,,,,,
Jagtial,TSSD0189,42.64,"{'min': 28.954999923706055, 'max': 30.78333282470703, 'mean': 29.973612467447918, 'count': 12, 'sum': 359.683349609375, 'median': 30.053333282470703}","(78.86249569300008, 18.75130130900004, 78.95751334400006, 18.846050929000057)",31-08-2023.geojson,Jagtial,,,,,
Adilabad,TSSD0190,292.5,"{'min': 27.59000015258789, 'max': 35.61000061035156, 'mean': 31.392151988636364, 'count': 55, 'sum': 1726.568359375, 'median': 30.940000534057617}","(78.48221105400006, 19.607848390000072, 78.72451328000005, 19.824464031000048)",31-08-2023.geojson,Jainad,,,,,
Kumurambheem Asifabad,TSSD0191,218.89,"{'min': 27.549999237060547, 'max': 33.25, 'mean': 31.193777126736112, 'count': 45, 'sum': 1403.719970703125, 'median': 31.6299991607666}","(78.81724445500004, 19.330609164000066, 79.02370996100007, 19.493592587000023)",31-08-2023.geojson,Jainoor,,,,,
Mancherial,TSSD0192,276.43,"{'min': 27.639999389648438, 'max': 33.650001525878906, 'mean': 30.53507254464286, 'count': 70, 'sum': 2137.455078125, 'median': 30.665000915527344}","(79.49531298200003, 18.672040560000028, 79.72117428100006, 18.918660784000053)",31-08-2023.geojson,Jaipur,,,,,
Suryapet,TSSD0193,133.29,"{'min': 30.316667556762695, 'max': 33.483333587646484, 'mean': 31.915050159801137, 'count': 33, 'sum': 1053.1966552734375, 'median': 31.71666717529297}","(79.46290112300005, 17.258733534000044, 79.63232247300004, 17.380224128000066)",31-08-2023.geojson,Jajireddigudem,,,,,
Nizamabad,TSSD0194,148.29,"{'min': 26.09000015258789, 'max': 30.7549991607666, 'mean': 28.689424954927883, 'count': 39, 'sum': 1118.8875732421875, 'median': 28.815000534057617}","(78.20206317300006, 18.65066335100005, 78.36254571500007, 18.77647975900004)",31-08-2023.geojson,Jakranpally,,,,,
Karimnagar,TSSD0195,134.59,"{'min': 28.10333251953125, 'max': 36.41999816894531, 'mean': 32.3885498046875, 'count': 23, 'sum': 744.9366455078125, 'median': 32.630001068115234}","(79.40829887400008, 18.227515953000022, 79.57987678900008, 18.423882431000038)",31-08-2023.geojson,Jammikunta,,,,,
Jangoan,TSSD0196,196.46,"{'min': 28.760000228881836, 'max': 33.724998474121094, 'mean': 30.639581853693183, 'count': 55, 'sum': 1685.177001953125, 'median': 30.530000686645508}","(79.04601963500005, 17.668628100000035, 79.21037403500003, 17.842303224000034)",31-08-2023.geojson,Jangoan,,,,,
Mancherial,TSSD0197,325.26,"{'min': 26.56333351135254, 'max': 33.779998779296875, 'mean': 29.518046762751435, 'count': 87, 'sum': 2568.070068359375, 'median': 29.06999969482422}","(78.87934684700008, 19.019900233000044, 79.14171378500004, 19.252420733000065)",31-08-2023.geojson,Jannaram,,,,,
Sangareddy,TSSD0198,201.74,"{'min': 28.93666648864746, 'max': 35.709999084472656, 'mean': 32.52626389723558, 'count': 52, 'sum': 1691.36572265625, 'median': 32.737667083740234}","(77.61983002400007, 17.658920608000074, 77.80166598000005, 17.830565180000065)",31-08-2023.geojson,Jharasangam,,,,,
Kamareddy,TSSD0199,202.26,"{'min': 28.170000076293945, 'max': 33.97999954223633, 'mean': 30.800886565563726, 'count': 51, 'sum': 1570.84521484375, 'median': 30.670000076293945}","(77.52089201100006, 18.28200709200007, 77.71327737400003, 18.44419848700005)",31-08-2023.geojson,Jukkal,,,,,
Peddapalli,TSSD0200,99.87,"{'min': 29.496665954589844, 'max': 32.68333435058594, 'mean': 31.1039990234375, 'count': 25, 'sum': 777.5999755859375, 'median': 31.016666412353516}","(79.18432516400003, 18.56760788400004, 79.32424630400004, 18.684515247000036)",31-08-2023.geojson,Julapalli,,,,,
Bhadradri Kothagudem,TSSD0201,238.74,"{'min': 26.97800064086914, 'max': 37.27000045776367, 'mean': 33.187327900870905, 'count': 61, 'sum': 2024.427001953125, 'median': 33.90999984741211}","(80.39497889400008, 17.31732979800006, 80.57083109400008, 17.508103492000032)",31-08-2023.geojson,Julurupad,,,,,
Nirmal,TSSD0202,468.09,"{'min': 25.829999923706055, 'max': 32.15999984741211, 'mean': 28.8226015625, 'count': 125, 'sum': 3602.8251953125, 'median': 28.510000228881836}","(78.69038218300005, 19.013677769000026, 78.95237500500008, 19.29677890000005)",31-08-2023.geojson,Kaddampeddur,,,,,
Rangareddy,TSSD0203,206.42,"{'min': 28.24333381652832, 'max': 34.19499969482422, 'mean': 31.20716010199653, 'count': 54, 'sum': 1685.1866455078125, 'median': 31.00749969482422}","(78.39963638200004, 16.889455397000063, 78.66726844000004, 17.01510399700004)",31-08-2023.geojson,Kadthal,,,,,
Kumurambheem Asifabad,TSSD0204,442.33,"{'min': 25.190000534057617, 'max': 37.119998931884766, 'mean': 30.925816761363638, 'count': 110, 'sum': 3401.83984375, 'median': 30.26333236694336}","(79.37624127800007, 19.26380363800007, 79.74691375500004, 19.538272434000078)",31-08-2023.geojson,Kagaznagar,,,,,
Sangareddy,TSSD0205,148.77,"{'min': 22.826000213623047, 'max': 30.22333335876465, 'mean': 28.31494800464527, 'count': 37, 'sum': 1047.653076171875, 'median': 29.170000076293945}","(77.76680836100007, 18.084424897000076, 77.94552432200004, 18.20773521800004)",31-08-2023.geojson,Kalher,,,,,
Khammam,TSSD0206,369.38,"{'min': 26.08333396911621, 'max': 36.81999969482422, 'mean': 30.762518243475274, 'count': 91, 'sum': 2799.38916015625, 'median': 31.514999389648438}","(80.41727157700007, 17.030005989000074, 80.66704650100007, 17.34559519800007)",31-08-2023.geojson,Kalluru,,,,,
Jogulamba Gadwal,TSSD0207,176.12,"{'min': 30.969999313354492, 'max': 34.223331451416016, 'mean': 32.797580295138886, 'count': 45, 'sum': 1475.89111328125, 'median': 32.97999954223633}","(77.48561464400007, 16.116851987000075, 77.61961696400004, 16.303990486000032)",31-08-2023.geojson,Kaloor_Thimmandoddi,,,,,
Nagarkurnool,TSSD0208,291.99,"{'min': 31.030000686645508, 'max': 35.80500030517578, 'mean': 33.83531429893092, 'count': 76, 'sum': 2571.48388671875, 'median': 33.845001220703125}","(78.36374511900004, 16.483303271000068, 78.58638191300008, 16.728683611000065)",31-08-2023.geojson,Kalwakurthy,,,,,
Warangal_Urban,TSSD0209,158.52,"{'min': 28.68000030517578, 'max': 34.9900016784668, 'mean': 31.966587611607142, 'count': 42, 'sum': 1342.5966796875, 'median': 32.31999969482422}","(79.45670027600005, 18.120212555000023, 79.60823806600007, 18.266255774000058)",31-08-2023.geojson,Kamalapur,,,,,
Peddapalli,TSSD0210,60.42,"{'min': 29.459999084472656, 'max': 32.189998626708984, 'mean': 30.50955607096354, 'count': 15, 'sum': 457.6433410644531, 'median': 30.329999923706055}","(79.44875966900008, 18.60172770400004, 79.55246524200004, 18.72207649300003)",31-08-2023.geojson,Kamanpur,,,,,
Kamareddy,TSSD0211,128.44,"{'min': 27.34000015258789, 'max': 30.636667251586914, 'mean': 29.030736586626837, 'count': 34, 'sum': 987.0450439453125, 'median': 28.850000381469727}","(78.28734170500007, 18.25636160700003, 78.42834563700006, 18.390731163000055)",31-08-2023.geojson,Kamareddy,,,,,
Khammam,TSSD0212,181.36,"{'min': 29.549999237060547, 'max': 35.189998626708984, 'mean': 33.40775470344388, 'count': 49, 'sum': 1636.97998046875, 'median': 33.61000061035156}","(80.15945686500004, 17.360238606000053, 80.35567105000007, 17.479176385000073)",31-08-2023.geojson,Kamepally,,,,,
Nalgonda,TSSD0213,224.78,"{'min': 29.486665725708008, 'max': 35.79999923706055, 'mean': 32.29544870476974, 'count': 57, 'sum': 1840.840576171875, 'median': 32.369998931884766}","(79.08479661000007, 16.864916728000026, 79.34770917300006, 17.030184575000078)",31-08-2023.geojson,Kanagal,,,,,
Sangareddy,TSSD0214,133.14,"{'min': 25.809999465942383, 'max': 31.770000457763672, 'mean': 29.38363739938447, 'count': 33, 'sum': 969.6600341796875, 'median': 29.450000762939453}","(78.05577804100005, 17.483520140000053, 78.23367294200006, 17.655179960000055)",31-08-2023.geojson,Kandi,,,,,
Rangareddy,TSSD0215,307.2,"{'min': 28.049999237060547, 'max': 31.604999542236328, 'mean': 29.97785428204114, 'count': 79, 'sum': 2368.25048828125, 'median': 30.136667251586914}","(78.37786338200004, 16.983478904000037, 78.61378330000008, 17.178800228000057)",31-08-2023.geojson,Kandukur,,,,,
Sangareddy,TSSD0216,229.57,"{'min': 30.20142936706543, 'max': 35.45000076293945, 'mean': 33.10701428429555, 'count': 59, 'sum': 1953.3138427734375, 'median': 33.1966667175293}","(77.57077416300007, 18.120266103000063, 77.74494665400005, 18.30851545200005)",31-08-2023.geojson,Kangti,,,,,
Mulugu,TSSD0217,375.33,"{'min': 26.43000030517578, 'max': 31.06999969482422, 'mean': 28.46310334158416, 'count': 101, 'sum': 2874.7734375, 'median': 28.420000076293945}","(80.21744759700005, 18.35017838500005, 80.43136112100007, 18.610090848000027)",31-08-2023.geojson,Kannaigudem,,,,,
Mancherial,TSSD0218,169.42,"{'min': 28.996665954589844, 'max': 35.150001525878906, 'mean': 32.40804390285326, 'count': 46, 'sum': 1490.77001953125, 'median': 32.470001220703125}","(79.54341301, 19.086726224000074, 79.80515899400007, 19.21311288000004)",31-08-2023.geojson,Kannepalli,,,,,
Medchal_Malkajgiri,TSSD0219,37.4,"{'min': 28.469999313354492, 'max': 31.77666664123535, 'mean': 30.304243607954547, 'count': 11, 'sum': 333.3466796875, 'median': 30.536666870117188}","(78.53993706400007, 17.44957181700005, 78.62275029699998, 17.55306448500005)",31-08-2023.geojson,Kapra,,,,,
Bhadradri Kothagudem,TSSD0220,222.05,"{'min': 27.010000228881836, 'max': 33.290000915527344, 'mean': 30.228677683863147, 'count': 58, 'sum': 1753.2633056640625, 'median': 29.919998168945312}","(80.43846561000004, 17.91182510400006, 80.64919648500006, 18.143483696000033)",31-08-2023.geojson,Karakagudem,,,,,
Karimnagar,TSSD0221,34.8,"{'min': 25.385000228881836, 'max': 34.356666564941406, 'mean': 31.101043701171875, 'count': 8, 'sum': 248.808349609375, 'median': 31.979999542236328}","(79.07978481800006, 18.39706940700006, 79.15386183100003, 18.460363398000027)",31-08-2023.geojson,Karimnagar,,,,,
Karimnagar,TSSD0222,108.97,"{'min': 29.40999984741211, 'max': 33.92333221435547, 'mean': 31.546665736607142, 'count': 28, 'sum': 883.306640625, 'median': 31.34000015258789}","(79.11435933800004, 18.420124626000074, 79.23690609300007, 18.537991315000056)",31-08-2023.geojson,Karimnagar_Rural,,,,,
Mancherial,TSSD0223,335.72,"{'min': 25.58333396911621, 'max': 34.5099983215332, 'mean': 29.857302517361113, 'count': 90, 'sum': 2687.1572265625, 'median': 29.5625}","(79.21160353400006, 18.98447436300006, 79.48608882700012, 19.158965162000072)",31-08-2023.geojson,Kasipet,,,,,
Jayashankar Bhupalpally,TSSD0224,274.84,"{'min': 25.329999923706055, 'max': 33.06999969482422, 'mean': 28.950996265076753, 'count': 57, 'sum': 1650.206787109375, 'median': 28.799999237060547}","(79.81231549100005, 18.510496689000036, 80.03347280200006, 18.756648708000057)",31-08-2023.geojson,Kataram,,,,,
Jagtial,TSSD0225,181.36,"{'min': 27.302000045776367, 'max': 30.1299991607666, 'mean': 28.79729055851064, 'count': 47, 'sum': 1353.47265625, 'median': 28.7549991607666}","(78.63177820100003, 18.63224633300007, 78.76086174700004, 18.789508428000033)",31-08-2023.geojson,Kathlapur,,,,,
Nalgonda,TSSD0226,192.46,"{'min': 30.08333396911621, 'max': 33.936668395996094, 'mean': 32.13499980070153, 'count': 49, 'sum': 1574.614990234375, 'median': 32.37666702270508}","(79.24206770600006, 17.11172541600007, 79.38446925700003, 17.291596570000024)",31-08-2023.geojson,Kattangur,,,,,
Medchal_Malkajgiri,TSSD0227,134.6,"{'min': 28.915000915527344, 'max': 31.489999771118164, 'mean': 30.27993435329861, 'count': 36, 'sum': 1090.07763671875, 'median': 30.295833587646484}","(78.58185183200004, 17.451533257000108, 78.71265088600006, 17.579974081000103)",31-08-2023.geojson,Keesara,,,,,
Kumurambheem Asifabad,TSSD0228,347.89,"{'min': 28.25, 'max': 37.29999923706055, 'mean': 31.743168064805328, 'count': 61, 'sum': 1936.333251953125, 'median': 31.34000015258789}","(78.93889619900006, 19.359033433000036, 79.22333654800008, 19.56146381700006)",31-08-2023.geojson,Kerameri,,,,,
Mahabubabad,TSSD0229,223.57,"{'min': 29.649999618530273, 'max': 33.45000076293945, 'mean': 31.97251704701206, 'count': 57, 'sum': 1822.4334716796875, 'median': 32.22999954223633}","(79.76580500600005, 17.60004913100005, 80.002845149, 17.77047760000005)",31-08-2023.geojson,Kesamudram,,,,,
Rangareddy,TSSD0230,224.92,"{'min': 28.729999542236328, 'max': 32.62333297729492, 'mean': 31.319305419921875, 'count': 60, 'sum': 1879.1583251953125, 'median': 31.45833396911621}","(78.24782720400003, 16.852182651000078, 78.41558469000006, 17.051382707000073)",31-08-2023.geojson,Keshampeta,,,,,
Nalgonda,TSSD0231,147.6,"{'min': 27.343334197998047, 'max': 35.05666732788086, 'mean': 31.983677008213142, 'count': 39, 'sum': 1247.3634033203125, 'median': 31.899999618530273}","(79.43344777400006, 17.072395302000075, 79.59338210900006, 17.250148180000053)",31-08-2023.geojson,Kethepally,,,,,
Warangal_Urban,TSSD0232,107.02,"{'min': 30.6299991607666, 'max': 33.349998474121094, 'mean': 31.56537091290509, 'count': 27, 'sum': 852.2650146484375, 'median': 31.30500030517578}","(79.43206155600006, 17.908547911000028, 79.58935561300007, 18.00993669500002)",31-08-2023.geojson,Khaazipet,,,,,
Hyderabad,TSSD0233,17.24,"{'min': 26.3799991607666, 'max': 32.709999084472656, 'mean': 29.577499389648438, 'count': 4, 'sum': 118.30999755859375, 'median': 29.610000610351562}","(78.40497752100003, 17.40010627500004, 78.47749341400004, 17.45407132100007)",31-08-2023.geojson,Khairatabad,,,,,
Khammam,TSSD0234,193.74,"{'min': 33.150001525878906, 'max': 36.689998626708984, 'mean': 34.44293212890625, 'count': 50, 'sum': 1722.1466064453125, 'median': 34.290000915527344}","(80.01676642200005, 17.178663853000046, 80.16691561700003, 17.394157440000072)",31-08-2023.geojson,Khammam_Rural,,,,,
Khammam,TSSD0235,92.31,"{'min': 32.709999084472656, 'max': 35.220001220703125, 'mean': 33.830868928328805, 'count': 23, 'sum': 778.1099853515625, 'median': 33.95000076293945}","(80.12187342100003, 17.179281596000067, 80.21584618000009, 17.31547050200004)",31-08-2023.geojson,Khammam_Urban,,,,,
Nirmal,TSSD0236,237.88,"{'min': 26.75, 'max': 37.45000076293945, 'mean': 29.668478447094298, 'count': 57, 'sum': 1691.103271484375, 'median': 29.440000534057617}","(78.50897303500005, 18.978111671000022, 78.74854953300007, 19.202461990000074)",31-08-2023.geojson,Khanapur,,,,,
Warangal_Rural,TSSD0237,139.46,"{'min': 29.200000762939453, 'max': 34.150001525878906, 'mean': 31.2147216796875, 'count': 36, 'sum': 1123.72998046875, 'median': 31.130001068115234}","(79.88459942400004, 17.83523181700002, 80.00451405900003, 18.01960718500004)",31-08-2023.geojson,Khanapur,,,,,
Warangal_Urban,TSSD0238,81.36,"{'min': 30.71666717529297, 'max': 35.16999816894531, 'mean': 32.51590798117898, 'count': 22, 'sum': 715.3499755859375, 'median': 32.62000274658203}","(79.55364750200005, 17.86915675800003, 79.65825854800005, 17.98640269400005)",31-08-2023.geojson,Khila Warangal,,,,,
Suryapet,TSSD0239,172.15,"{'min': 31.21666717529297, 'max': 34.5433349609375, 'mean': 32.700477236793155, 'count': 42, 'sum': 1373.4200439453125, 'median': 32.883331298828125}","(79.91293512200008, 16.880339314000025, 80.06097163900006, 17.02691814700006)",31-08-2023.geojson,Kodad,,,,,
Nagarkurnool,TSSD0240,205.2,"{'min': 28.315000534057617, 'max': 34.36000061035156, 'mean': 32.442283347800924, 'count': 54, 'sum': 1751.88330078125, 'median': 32.62750244140625}","(78.16474055700007, 16.14974309100006, 78.34461354300004, 16.333836054000074)",31-08-2023.geojson,Kodair,,,,,
Vikarabad,TSSD0241,249.51,"{'min': 29.326000213623047, 'max': 35.915000915527344, 'mean': 32.37269502527573, 'count': 68, 'sum': 2201.34326171875, 'median': 32.39399719238281}","(77.46259225600005, 17.020933969000055, 77.71683994900008, 17.17841245900007)",31-08-2023.geojson,Kodangal,,,,,
Jagtial,TSSD0242,173.87,"{'min': 26.46500015258789, 'max': 31.456666946411133, 'mean': 28.76530490451389, 'count': 45, 'sum': 1294.438720703125, 'median': 28.989999771118164}","(78.78718529200006, 18.563739734000023, 78.98850070800006, 18.686862396000038)",31-08-2023.geojson,Kodimial,,,,,
Siddipet,TSSD0243,206.41,"{'min': 26.5, 'max': 33.189998626708984, 'mean': 31.289039024939903, 'count': 52, 'sum': 1627.030029296875, 'median': 31.810001373291016}","(79.00475320700008, 18.075903099000072, 79.16300517000008, 18.272269959000027)",31-08-2023.geojson,Koheda,,,,,
Sangareddy,TSSD0244,227.62,"{'min': 25.719999313354492, 'max': 32.849998474121094, 'mean': 28.779569981461865, 'count': 59, 'sum': 1697.99462890625, 'median': 28.60333251953125}","(77.59549222600003, 17.509127681000052, 77.78321894100003, 17.705224807000036)",31-08-2023.geojson,Kohir,,,,,
Mahabubnagar,TSSD0245,223.05,"{'min': 27.996665954589844, 'max': 34.060001373291016, 'mean': 31.121121110587286, 'count': 58, 'sum': 1805.0250244140625, 'median': 30.90833282470703}","(77.67537161200005, 16.697912056000064, 77.90854289100008, 16.881360866000023)",31-08-2023.geojson,Koilkonda,,,,,
Nagarkurnool,TSSD0246,550.84,"{'min': 24.525999069213867, 'max': 33.61000061035156, 'mean': 29.534164891098484, 'count': 132, 'sum': 3898.509765625, 'median': 29.516000747680664}","(78.21815549000007, 16.033659166000064, 78.66318925900003, 16.216795599000022)",31-08-2023.geojson,Kollapur,,,,,
Siddipet,TSSD0247,70.37,"{'min': 28.336666107177734, 'max': 30.40999984741211, 'mean': 29.444349500868057, 'count': 18, 'sum': 529.998291015625, 'median': 29.625}","(78.82737597900007, 17.86888004900004, 78.93496047300005, 17.983517422000034)",31-08-2023.geojson,Komuravelli,,,,,
Rajanna Sircilla,TSSD0248,206.05,"{'min': 25.520000457763672, 'max': 34.97999954223633, 'mean': 29.533024540653937, 'count': 54, 'sum': 1594.7833251953125, 'median': 29.474998474121094}","(78.59701726600008, 18.404112823000048, 78.81650433000004, 18.58795516200007)",31-08-2023.geojson,Konaraopet,,,,,
Nalgonda,TSSD0249,129.18,"{'min': 29.25, 'max': 35.84000015258789, 'mean': 33.82198819247159, 'count': 33, 'sum': 1116.1256103515625, 'median': 34.05500030517578}","(78.91051620800005, 16.62638713000007, 79.06204241500006, 16.761790924000024)",31-08-2023.geojson,Kondamallapally,,,,,
Siddipet,TSSD0250,228.02,"{'min': 25.815000534057617, 'max': 32.34000015258789, 'mean': 28.719346343493854, 'count': 61, 'sum': 1751.880126953125, 'median': 28.383333206176758}","(78.73352452400007, 17.87685569000007, 78.96029991500006, 18.053425754000045)",31-08-2023.geojson,Kondapak,,,,,
Sangareddy,TSSD0251,151.36,"{'min': 25.969999313354492, 'max': 33.22999954223633, 'mean': 29.917422645970394, 'count': 38, 'sum': 1136.862060546875, 'median': 30.02166748046875}","(77.93383054400005, 17.44954626200007, 78.07324348600008, 17.61087989500004)",31-08-2023.geojson,Kondapur,,,,,
Rangareddy,TSSD0252,130.56,"{'min': 26.889999389648438, 'max': 33.9900016784668, 'mean': 30.679156329180742, 'count': 37, 'sum': 1135.1287841796875, 'median': 30.905000686645508}","(78.01091079200006, 16.999636834000057, 78.09773848800006, 17.187709674000075)",31-08-2023.geojson,Kondurg,,,,,
Khammam,TSSD0253,248.08,"{'min': 28.989999771118164, 'max': 35.189998626708984, 'mean': 32.70999792850379, 'count': 66, 'sum': 2158.85986328125, 'median': 32.98999786376953}","(80.22907869200003, 17.128139428000054, 80.38924637100007, 17.358600223000053)",31-08-2023.geojson,Konijerla,,,,,
Jagtial,TSSD0254,137.05,"{'min': 28.604999542236328, 'max': 32.349998474121094, 'mean': 29.62828304893092, 'count': 38, 'sum': 1125.874755859375, 'median': 29.482500076293945}","(78.66979872300004, 18.779122311000037, 78.80776997400005, 18.901121141000033)",31-08-2023.geojson,Korutla,,,,,
Narayanpet,TSSD0255,202.41,"{'min': 30.60333251953125, 'max': 35.28333282470703, 'mean': 32.952189127604164, 'count': 54, 'sum': 1779.418212890625, 'median': 33.086669921875}","(77.62150517800006, 16.868413100000055, 77.78388791600008, 17.061626292000028)",31-08-2023.geojson,Kosgi,,,,,
Nizamabad,TSSD0256,167.13,"{'min': 20.174999237060547, 'max': 32.33000183105469, 'mean': 25.573909108231707, 'count': 41, 'sum': 1048.5302734375, 'median': 26.03285789489746}","(77.73094932200007, 18.49717835900003, 77.85433638100005, 18.66689713100004)",31-08-2023.geojson,Kotagiri,,,,,
Vikarabad,TSSD0257,113.18,"{'min': 27.523332595825195, 'max': 33.643333435058594, 'mean': 31.375966718119958, 'count': 31, 'sum': 972.6549682617188, 'median': 31.729999542236328}","(77.66819483500007, 17.359928257000036, 77.85253462800006, 17.473344975000032)",31-08-2023.geojson,Kotepally,,,,,
Mahabubabad,TSSD0258,542.64,"{'min': 26.536666870117188, 'max': 31.049999237060547, 'mean': 29.05995124113475, 'count': 141, 'sum': 4097.453125, 'median': 29.31999969482422}","(79.98324728200004, 17.77379955500004, 80.22702134100007, 18.106543834000036)",31-08-2023.geojson,Kothaguda,,,,,
Bhadradri Kothagudem,TSSD0259,16.26,"{'min': 32.599998474121094, 'max': 34.34000015258789, 'mean': 33.477500915527344, 'count': 4, 'sum': 133.91000366210938, 'median': 33.48500061035156}","(80.60094010100005, 17.503240987000027, 80.65378575800008, 17.562464026000043)",31-08-2023.geojson,Kothagudem,,,,,
Wanaparthy,TSSD0260,171.68,"{'min': 30.40999984741211, 'max': 34.93000030517578, 'mean': 32.942268533909576, 'count': 47, 'sum': 1548.28662109375, 'median': 33.10333251953125}","(77.88176111000007, 16.234691046000023, 77.99240426200004, 16.448187482000037)",31-08-2023.geojson,Kothakota,,,,,
Karimnagar,TSSD0261,97.2,"{'min': 25.075000762939453, 'max': 33.0099983215332, 'mean': 30.705641526442307, 'count': 26, 'sum': 798.3466796875, 'median': 31.25}","(78.98612238300007, 18.39948258100003, 79.12597429000004, 18.514396049000027)",31-08-2023.geojson,Kothapally,,,,,
Rangareddy,TSSD0262,105.51,"{'min': 28.3700008392334, 'max': 31.15999984741211, 'mean': 29.840555826822918, 'count': 30, 'sum': 895.2166748046875, 'median': 29.81333351135254}","(78.21019675400004, 17.04105323500005, 78.36970700400008, 17.225492944000052)",31-08-2023.geojson,Kothur,,,,,
Kumurambheem Asifabad,TSSD0263,178.1,"{'min': 27.030000686645508, 'max': 35.72999954223633, 'mean': 31.259470869855182, 'count': 41, 'sum': 1281.6383056640625, 'median': 31.420000076293945}","(79.63414387600005, 19.452242796000064, 79.81867852100004, 19.607819128000074)",31-08-2023.geojson,Kouthala,,,,,
Medak,TSSD0264,161.34,"{'min': 25.6299991607666, 'max': 30.3700008392334, 'mean': 27.871669224330358, 'count': 42, 'sum': 1170.610107421875, 'median': 27.90999984741211}","(78.10564250300007, 17.787310025000068, 78.29841681600004, 17.936446078000074)",31-08-2023.geojson,Kowdipally,,,,,
Nirmal,TSSD0265,282.48,"{'min': 27.5, 'max': 35.83000183105469, 'mean': 32.80426025390625, 'count': 72, 'sum': 2361.90673828125, 'median': 33.099998474121094}","(77.84760754200005, 19.143786309000063, 78.05573992700005, 19.342882151000026)",31-08-2023.geojson,Kubeer,,,,,
Medchal_Malkajgiri,TSSD0266,39.02,"{'min': 27.876667022705078, 'max': 31.770000457763672, 'mean': 30.38380868094308, 'count': 7, 'sum': 212.68666076660156, 'median': 30.969999313354492}","(78.36804921900006, 17.450165494000032, 78.44563956200005, 17.513917809000077)",31-08-2023.geojson,Kukatpally,,,,,
Medak,TSSD0267,155.55,"{'min': 27.010000228881836, 'max': 30.1299991607666, 'mean': 28.547366493626644, 'count': 38, 'sum': 1084.7999267578125, 'median': 28.475000381469727}","(78.05900573700006, 17.903386933000036, 78.28836760200005, 18.020195513000033)",31-08-2023.geojson,Kulcharam,,,,,
Vikarabad,TSSD0268,196.33,"{'min': 27.940000534057617, 'max': 32.08000183105469, 'mean': 30.511620154747597, 'count': 52, 'sum': 1586.604248046875, 'median': 30.790000915527344}","(77.79636866200008, 16.916114566000033, 77.99996008000005, 17.10676938000006)",31-08-2023.geojson,Kulkacharla,,,,,
Nirmal,TSSD0269,140.25,"{'min': 26.110000610351562, 'max': 34.40999984741211, 'mean': 31.40833197699653, 'count': 36, 'sum': 1130.699951171875, 'median': 32.27000045776367}","(78.02051881300008, 19.088268194000023, 78.15736433900008, 19.254793077000045)",31-08-2023.geojson,Kuntala,,,,,
Mahabubabad,TSSD0270,241.32,"{'min': 30.770000457763672, 'max': 34.470001220703125, 'mean': 32.995537860576924, 'count': 65, 'sum': 2144.7099609375, 'median': 33.029998779296875}","(79.89569772600004, 17.36986128800004, 80.09682891600005, 17.588288271000067)",31-08-2023.geojson,Kuravi,,,,,
Khammam,TSSD0271,220.86,"{'min': 28.190000534057617, 'max': 36.97999954223633, 'mean': 33.04962579135237, 'count': 58, 'sum': 1916.8782958984375, 'median': 33.099998474121094}","(79.87484026500005, 17.11399079800003, 80.04316183700007, 17.29547575600003)",31-08-2023.geojson,Kusumanchi,,,,,
Nirmal,TSSD0272,125.72,"{'min': 26.709999084472656, 'max': 30.56333351135254, 'mean': 29.069411333869486, 'count': 34, 'sum': 988.3599853515625, 'median': 29.288333892822266}","(78.40349407400004, 18.95386539200007, 78.52341344300004, 19.102668410000035)",31-08-2023.geojson,Laxmanchanda,,,,,
Bhadradri Kothagudem,TSSD0273,229.46,"{'min': 28.549999237060547, 'max': 37.349998474121094, 'mean': 31.778387254284276, 'count': 62, 'sum': 1970.260009765625, 'median': 31.43000030517578}","(80.51384827600003, 17.535477607000075, 80.67198351200005, 17.81657303700007)",31-08-2023.geojson,Laxmidevipally,,,,,
Jangoan,TSSD0274,187.87,"{'min': 30.43000030517578, 'max': 35.198001861572266, 'mean': 32.48003527582908, 'count': 49, 'sum': 1591.521728515625, 'median': 32.276668548583984}","(79.13021988100007, 17.575431923000053, 79.31745159400003, 17.72563423400004)",31-08-2023.geojson,Lingalaghanpur,,,,,
Kamareddy,TSSD0275,255.84,"{'min': 22.170000076293945, 'max': 29.75, 'mean': 26.77557373046875, 'count': 68, 'sum': 1820.739013671875, 'median': 26.726665496826172}","(78.02552329400004, 18.13087097700003, 78.21768245400006, 18.355649218000053)",31-08-2023.geojson,Lingampet,,,,,
Kumurambheem Asifabad,TSSD0276,162.69,"{'min': 27.236665725708008, 'max': 33.02000045776367, 'mean': 29.515452991832387, 'count': 44, 'sum': 1298.679931640625, 'median': 28.906665802001953}","(78.91810375000006, 19.205612909000024, 79.11073564000003, 19.342131322000057)",31-08-2023.geojson,Lingapur,,,,,
Nirmal,TSSD0277,222.97,"{'min': 24.719999313354492, 'max': 33.810001373291016, 'mean': 28.997509337308113, 'count': 57, 'sum': 1652.8580322265625, 'median': 29.295000076293945}","(78.00594866600005, 18.931946796000034, 78.23875211300003, 19.085518010000044)",31-08-2023.geojson,Lokeshwaram,,,,,
Mancherial,TSSD0278,151.79,"{'min': 26.86199951171875, 'max': 33.9900016784668, 'mean': 30.92864207732372, 'count': 39, 'sum': 1206.217041015625, 'median': 31.149999618530273}","(79.16655337500003, 18.832516484000053, 79.30981884700003, 19.005514334000054)",31-08-2023.geojson,Luxettipet,,,,,
Kamareddy,TSSD0279,210.35,"{'min': 26.889999389648438, 'max': 32.13999938964844, 'mean': 29.411220005580358, 'count': 56, 'sum': 1647.0283203125, 'median': 29.25}","(78.38704550600005, 18.26697810400003, 78.56264784400008, 18.467778762000023)",31-08-2023.geojson,Machareddy,,,,,
Wanaparthy,TSSD0280,102.15,"{'min': 28.93000030517578, 'max': 35.150001525878906, 'mean': 32.1635205078125, 'count': 25, 'sum': 804.0880126953125, 'median': 31.989999771118164}","(77.82095279900005, 16.300196190000065, 77.92236147200003, 16.45097719200004)",31-08-2023.geojson,Madanapur,,,,,
Suryapet,TSSD0281,130.55,"{'min': 30.829999923706055, 'max': 36.21666717529297, 'mean': 33.058523995535715, 'count': 35, 'sum': 1157.04833984375, 'median': 32.983333587646484}","(79.63339168000005, 17.351837121000074, 79.79652225800004, 17.470968053000036)",31-08-2023.geojson,Maddirala,,,,,
Narayanpet,TSSD0282,229.43,"{'min': 30.8799991607666, 'max': 34.970001220703125, 'mean': 33.14592692057292, 'count': 60, 'sum': 1988.755615234375, 'median': 33.31666564941406}","(77.56183110400008, 16.77489021100007, 77.74489013300007, 16.952964019000035)",31-08-2023.geojson,Maddur,,,,,
Siddipet,TSSD0283,90.43,"{'min': 28.5, 'max': 31.66200065612793, 'mean': 29.904942830403645, 'count': 24, 'sum': 717.7186279296875, 'median': 29.92333221435547}","(79.01132752500001, 17.86198517100007, 79.12089267400006, 17.966105778000042)",31-08-2023.geojson,Maddur,,,,,
Rangareddy,TSSD0284,264.88,"{'min': 33.974998474121094, 'max': 37.814998626708984, 'mean': 35.98773532443576, 'count': 72, 'sum': 2591.116943359375, 'median': 35.93600082397461}","(78.58095395400005, 16.75043613200006, 78.80230556900005, 16.944488267000054)",31-08-2023.geojson,Madgul,,,,,
Khammam,TSSD0285,210.2,"{'min': 31.110000610351562, 'max': 38.10333251953125, 'mean': 34.34208649280024, 'count': 51, 'sum': 1751.4464111328125, 'median': 34.04999923706055}","(80.31236943000005, 16.82168020900002, 80.47000219000006, 17.070547697000052)",31-08-2023.geojson,Madhira,,,,,
Kamareddy,TSSD0286,235.87,"{'min': 25.989999771118164, 'max': 31.1299991607666, 'mean': 28.540763608870968, 'count': 62, 'sum': 1769.52734375, 'median': 28.576000213623047}","(77.54916412900008, 18.384667036000053, 77.76294653600007, 18.55697662400007)",31-08-2023.geojson,Madnur,,,,,
Nalgonda,TSSD0287,219.21,"{'min': 28.87285804748535, 'max': 35.900001525878906, 'mean': 32.25817435128348, 'count': 56, 'sum': 1806.457763671875, 'median': 32.37750244140625}","(79.34641497200005, 16.895418574000075, 79.56245174900005, 17.09279099500003)",31-08-2023.geojson,Madugulapally,,,,,
Narayanpet,TSSD0288,182.41,"{'min': 26.46500015258789, 'max': 37.39400100708008, 'mean': 33.46811311141305, 'count': 46, 'sum': 1539.533203125, 'median': 33.78583526611328}","(77.36910946300009, 16.375499069, 77.53031708000003, 16.588101701000085)",31-08-2023.geojson,Maganoor,,,,,
Mahabubabad,TSSD0289,229.64,"{'min': 30.100000381469727, 'max': 34.209999084472656, 'mean': 32.794099401255124, 'count': 61, 'sum': 2000.4400634765625, 'median': 32.88999938964844}","(79.84115276500006, 17.501311835000024, 80.09111942000004, 17.697718735000137)",31-08-2023.geojson,Mahabubabad,,,,,
Mahabubnagar,TSSD0290,99.98,"{'min': 27.459999084472656, 'max': 33.61000061035156, 'mean': 30.9413330078125, 'count': 25, 'sum': 773.5333251953125, 'median': 31.290000915527344}","(77.94626825800003, 16.706941769000025, 78.09470899900003, 16.806279568000036)",31-08-2023.geojson,Mahabubnagar_Urban,,,,,
Jayashankar Bhupalpally,TSSD0291,299.12,"{'min': 24.959999084472656, 'max': 34.93000030517578, 'mean': 28.734197443181817, 'count': 77, 'sum': 2212.533203125, 'median': 28.969999313354492}","(79.82048229900005, 18.630638763000036, 80.11061256100004, 18.86890015800003)",31-08-2023.geojson,Mahadevpur,,,,,
Rangareddy,TSSD0292,252.27,"{'min': 26.610000610351562, 'max': 31.145000457763672, 'mean': 29.493558443509617, 'count': 65, 'sum': 1917.081298828125, 'median': 29.510000228881836}","(78.30122014300008, 17.028058688000044, 78.54049373500004, 17.239387140000076)",31-08-2023.geojson,Maheswaram,,,,,
Nizamabad,TSSD0293,193.35,"{'min': 24.293333053588867, 'max': 29.149999618530273, 'mean': 26.97796865609976, 'count': 52, 'sum': 1402.8543701171875, 'median': 27.392000198364258}","(78.05675830000007, 18.66482496200007, 78.22576505800004, 18.852068687000042)",31-08-2023.geojson,Makloor,,,,,
Narayanpet,TSSD0294,363.86,"{'min': 26.729999542236328, 'max': 37.436668395996094, 'mean': 33.55416246639785, 'count': 93, 'sum': 3120.537109375, 'median': 34.28200149536133}","(77.45220537800003, 16.34148046400003, 77.67347100500007, 16.59593542500005)",31-08-2023.geojson,Makthal,,,,,
Jogulamba Gadwal,TSSD0295,241.46,"{'min': 29.68428611755371, 'max': 38.96666717529297, 'mean': 34.511290564903845, 'count': 65, 'sum': 2243.23388671875, 'median': 34.310001373291016}","(77.63191914500004, 16.011527430000058, 77.79042152200003, 16.212472503000072)",31-08-2023.geojson,Maldakal,,,,,
Jayashankar Bhupalpally,TSSD0296,330.72,"{'min': 25.40999984741211, 'max': 34.2400016784668, 'mean': 29.00893514664447, 'count': 61, 'sum': 1769.5450439453125, 'median': 28.24333381652832}","(79.67910470400005, 18.410415433000026, 79.92225416300005, 18.645377148000023)",31-08-2023.geojson,Malharrao,,,,,
Medchal_Malkajgiri,TSSD0297,30.3,"{'min': 30.450000762939453, 'max': 32.79666519165039, 'mean': 31.499186197916668, 'count': 9, 'sum': 283.49267578125, 'median': 31.510000228881836}","(78.50463339200007, 17.428292171000066, 78.55954592700004, 17.505731841000056)",31-08-2023.geojson,Malkajgiri,,,,,
Jagtial,TSSD0298,213.62,"{'min': 28.524999618530273, 'max': 32.13999938964844, 'mean': 30.151988438197545, 'count': 56, 'sum': 1688.5113525390625, 'median': 30.134998321533203}","(78.61662895600006, 18.874482111000077, 78.81309041900005, 19.03748223200006)",31-08-2023.geojson,Mallapur,,,,,
Jagtial,TSSD0299,151.65,"{'min': 26.385000228881836, 'max': 29.889999389648438, 'mean': 28.71846417682927, 'count': 41, 'sum': 1177.45703125, 'median': 29.065000534057617}","(78.83599988400005, 18.650343142000054, 79.00846227100004, 18.762767418000067)",31-08-2023.geojson,Mallial,,,,,
Nirmal,TSSD0300,303.59,"{'min': 27.149999618530273, 'max': 34.72999954223633, 'mean': 29.90111243206522, 'count': 69, 'sum': 2063.1767578125, 'median': 29.709999084472656}","(78.40539725900004, 18.946457939000027, 78.61865077500005, 19.23040426800003)",31-08-2023.geojson,Mamda,,,,,
Karimnagar,TSSD0301,205.41,"{'min': 26.329999923706055, 'max': 32.209999084472656, 'mean': 28.6666064453125, 'count': 50, 'sum': 1433.330322265625, 'median': 28.299999237060547}","(79.15750397500005, 18.315741219000074, 79.35328729400004, 18.481920999000067)",31-08-2023.geojson,Manakondur,,,,,
Rangareddy,TSSD0302,234.43,"{'min': 28.469999313354492, 'max': 31.354999542236328, 'mean': 30.233146421370968, 'count': 62, 'sum': 1874.455078125, 'median': 30.315000534057617}","(78.65286760000004, 17.00487583200004, 78.84397639500008, 17.201225641000065)",31-08-2023.geojson,Manchal,,,,,
Mancherial,TSSD0303,40.12,"{'min': 30.40999984741211, 'max': 34.790000915527344, 'mean': 32.64696988192472, 'count': 11, 'sum': 359.1166687011719, 'median': 33.08333206176758}","(79.41610667100008, 18.835052002000054, 79.48472162900003, 18.913545975000034)",31-08-2023.geojson,Mancherial,,,,,
Mancherial,TSSD0304,171.08,"{'min': 28.520000457763672, 'max': 33.58000183105469, 'mean': 31.555530894886363, 'count': 44, 'sum': 1388.443359375, 'median': 32.349998474121094}","(79.39193241000004, 18.891641181000068, 79.59105304600007, 19.015526930000078)",31-08-2023.geojson,Mandamarri,,,,,
Mulugu,TSSD0305,392.56,"{'min': 27.200000762939453, 'max': 32.869998931884766, 'mean': 30.178511832524272, 'count': 103, 'sum': 3108.38671875, 'median': 29.969999313354492}","(80.40836158100007, 18.080546712000057, 80.70882201500007, 18.304706081000063)",31-08-2023.geojson,Mangapet,,,,,
Sangareddy,TSSD0306,148.62,"{'min': 29.010000228881836, 'max': 36.290000915527344, 'mean': 32.63441727801067, 'count': 41, 'sum': 1338.0111083984375, 'median': 32.88999938964844}","(77.64845538500003, 17.878779076000058, 77.83149306000007, 18.04513193200006)",31-08-2023.geojson,Manoor,,,,,
Jogulamba Gadwal,TSSD0307,163.37,"{'min': 33.2599983215332, 'max': 40.6150016784668, 'mean': 38.60430908203125, 'count': 44, 'sum': 1698.589599609375, 'median': 39.12457275390625}","(77.86929360900007, 15.885358944000075, 78.03319288300008, 16.08949442000005)",31-08-2023.geojson,Manopad,,,,,
Peddapalli,TSSD0308,311.44,"{'min': 27.176666259765625, 'max': 33.310001373291016, 'mean': 30.08884608892747, 'count': 81, 'sum': 2437.196533203125, 'median': 29.809999465942383}","(79.56456396600004, 18.561850238000034, 79.83268954900007, 18.738350264000076)",31-08-2023.geojson,Manthani,,,,,
Bhadradri Kothagudem,TSSD0309,241.6,"{'min': 24.34000015258789, 'max': 34.54999923706055, 'mean': 30.466614708533655, 'count': 65, 'sum': 1980.3299560546875, 'median': 30.75}","(80.66740807500008, 17.879481733000034, 80.88542464200003, 18.045849738000072)",31-08-2023.geojson,Manuguru,,,,,
Hyderabad,TSSD0310,12.89,"{'min': 30.209999084472656, 'max': 32.12333297729492, 'mean': 31.42333221435547, 'count': 3, 'sum': 94.2699966430664, 'median': 31.93666648864746}","(78.49007358600005, 17.42094839600003, 78.55631568500007, 17.46893287000006)",31-08-2023.geojson,Maredpally,,,,,
Narayanpet,TSSD0311,159.77,"{'min': 29.376667022705078, 'max': 35.92599868774414, 'mean': 33.438714890252974, 'count': 42, 'sum': 1404.426025390625, 'median': 33.50600051879883}","(77.65664280100003, 16.506114195000066, 77.79841434500008, 16.665240555000025)",31-08-2023.geojson,Marikal,,,,,
Mahabubabad,TSSD0312,234.68,"{'min': 31.06999969482422, 'max': 36.016666412353516, 'mean': 33.700536695577334, 'count': 59, 'sum': 1988.3316650390625, 'median': 33.66999816894531}","(79.76148480300003, 17.321621569000058, 79.98270166300006, 17.48693560600003)",31-08-2023.geojson,Maripeda,,,,,
Siddipet,TSSD0313,105.43,"{'min': 23.049999237060547, 'max': 32.28333282470703, 'mean': 29.394047328404017, 'count': 28, 'sum': 823.0333251953125, 'median': 29.5625}","(78.66415458400007, 17.667265188000044, 78.78250869300007, 17.810152515000027)",31-08-2023.geojson,Markook,,,,,
Vikarabad,TSSD0314,225.88,"{'min': 28.465999603271484, 'max': 34.31999969482422, 'mean': 31.37352252828664, 'count': 58, 'sum': 1819.664306640625, 'median': 31.248332977294922}","(77.68610927900005, 17.453891702000078, 77.87740943300008, 17.638691618000053)",31-08-2023.geojson,Marpalle,,,,,
Nalgonda,TSSD0315,229.14,"{'min': 30.5049991607666, 'max': 37.154998779296875, 'mean': 33.962086161629095, 'count': 61, 'sum': 2071.687255859375, 'median': 33.66999816894531}","(78.75919635200006, 16.90874455200003, 78.96448818000005, 17.07201425200003)",31-08-2023.geojson,Marriguda,,,,,
Suryapet,TSSD0316,210.69,"{'min': 28.6299991607666, 'max': 38.801998138427734, 'mean': 33.869407797759436, 'count': 53, 'sum': 1795.07861328125, 'median': 33.0966682434082}","(79.76031217600007, 16.657641133000027, 79.94384993900007, 16.842244540000024)",31-08-2023.geojson,Mattampalli,,,,,
Medak,TSSD0317,140.85,"{'min': 27.440000534057617, 'max': 30.270000457763672, 'mean': 28.966394372888512, 'count': 37, 'sum': 1071.756591796875, 'median': 28.963333129882812}","(78.20774346500008, 17.973932821000062, 78.36819518300007, 18.10438747300003)",31-08-2023.geojson,Medak,,,,,
Medchal_Malkajgiri,TSSD0318,187.56,"{'min': 26.579999923706055, 'max': 32.33000183105469, 'mean': 29.633526141826923, 'count': 52, 'sum': 1540.943359375, 'median': 29.88833236694336}","(78.38095406300005, 17.551049357000068, 78.56000059500008, 17.70854524600003)",31-08-2023.geojson,Medchal,,,,,
Jagtial,TSSD0319,206.03,"{'min': 26.565000534057617, 'max': 30.229999542236328, 'mean': 28.930235706676136, 'count': 55, 'sum': 1591.1629638671875, 'median': 29.21666717529297}","(78.73214094600007, 18.624887353000076, 78.85330317100005, 18.885390032000032)",31-08-2023.geojson,Medipalle,,,,,
Medchal_Malkajgiri,TSSD0320,33.63,"{'min': 29.55666732788086, 'max': 32.25666809082031, 'mean': 31.232084274291992, 'count': 8, 'sum': 249.85667419433594, 'median': 31.459999084472656}","(78.56396765400007, 17.387088967000068, 78.62540001600007, 17.4548326310001)",31-08-2023.geojson,Medipally,,,,,
Suryapet,TSSD0321,148.48,"{'min': 31.34000015258789, 'max': 38.9900016784668, 'mean': 35.054681396484376, 'count': 40, 'sum': 1402.187255859375, 'median': 35.127498626708984}","(79.86430255300007, 16.749144942000044, 80.04667389300005, 16.897589783000058)",31-08-2023.geojson,Mellachervu,,,,,
Nizamabad,TSSD0322,74.74,"{'min': 26.626667022705078, 'max': 29.81999969482422, 'mean': 28.95875244140625, 'count': 20, 'sum': 579.175048828125, 'median': 29.200000762939453}","(78.34141407100003, 18.91286552100007, 78.45746941500005, 19.003231226000025)",31-08-2023.geojson,Mendora,,,,,
Jagtial,TSSD0323,189.57,"{'min': 28.110000610351562, 'max': 30.43666648864746, 'mean': 29.377843520220587, 'count': 51, 'sum': 1498.27001953125, 'median': 29.463333129882812}","(78.53968262500007, 18.72081223600003, 78.67956378400004, 18.895674916000075)",31-08-2023.geojson,Metpalli,,,,,
Mahabubnagar,TSSD0324,164.85,"{'min': 30.770000457763672, 'max': 35.46333312988281, 'mean': 33.105890183221724, 'count': 42, 'sum': 1390.4473876953125, 'median': 33.311500549316406}","(78.21714079300006, 16.678018442000052, 78.36989334400005, 16.825534489000063)",31-08-2023.geojson,Midjil,,,,,
Siddipet,TSSD0325,167.82,"{'min': 27.336666107177734, 'max': 31.829999923706055, 'mean': 29.053410019985463, 'count': 43, 'sum': 1249.296630859375, 'median': 28.809999465942383}","(78.56910611300003, 17.992796036000072, 78.73068591400005, 18.14881470800003)",31-08-2023.geojson,Mirdoddi,,,,,
Nalgonda,TSSD0326,248.98,"{'min': 30.399999618530273, 'max': 35.36333465576172, 'mean': 32.99184799194336, 'count': 64, 'sum': 2111.478271484375, 'median': 32.977500915527344}","(79.48474594700008, 16.761982963000037, 79.66781758100007, 17.007573905000072)",31-08-2023.geojson,Miryalaguda,,,,,
Sangareddy,TSSD0327,152.32,"{'min': 25.097999572753906, 'max': 34.25, 'mean': 29.79776161595395, 'count': 38, 'sum': 1132.31494140625, 'median': 29.828332901000977}","(77.44416825100006, 17.542551853000077, 77.59394938800006, 17.703749020000032)",31-08-2023.geojson,Mogudampally,,,,,
Jayashankar Bhupalpally,TSSD0328,117.77,"{'min': 33.11000061035156, 'max': 36.22999954223633, 'mean': 34.68944634331597, 'count': 18, 'sum': 624.4100341796875, 'median': 34.77000045776367}","(79.55918339200008, 18.25321451900004, 79.69624194900007, 18.367730020000067)",31-08-2023.geojson,Mogullapally,,,,,
Rangareddy,TSSD0329,210.03,"{'min': 25.2549991607666, 'max': 32.63666534423828, 'mean': 30.01684100811298, 'count': 52, 'sum': 1560.875732421875, 'median': 30.39666748046875}","(78.18364043400004, 17.24469818700004, 78.37521359500005, 17.39979780400006)",31-08-2023.geojson,Moinabad,,,,,
Vikarabad,TSSD0330,185.55,"{'min': 27.565000534057617, 'max': 36.470001220703125, 'mean': 30.74643841911765, 'count': 51, 'sum': 1568.068359375, 'median': 29.98200035095215}","(77.80132142600007, 17.440949010000054, 78.02278448100003, 17.58481577400005)",31-08-2023.geojson,Mominpet,,,,,
Mahabubnagar,TSSD0331,95.02,"{'min': 28.9950008392334, 'max': 33.9900016784668, 'mean': 31.48859112079327, 'count': 26, 'sum': 818.703369140625, 'median': 31.802499771118164}","(77.88815901700008, 16.55990335200005, 78.03642113100005, 16.65578400800007)",31-08-2023.geojson,Moosapet,,,,,
Nizamabad,TSSD0332,110.93,"{'min': 27.834999084472656, 'max': 29.920000076293945, 'mean': 28.825052897135418, 'count': 30, 'sum': 864.7515869140625, 'median': 28.774999618530273}","(78.39569656400005, 18.754933092000044, 78.51049422500006, 18.895877668000026)",31-08-2023.geojson,Morthad,,,,,
Yadadri Bhuvanagiri,TSSD0333,154.09,"{'min': 30.58333396911621, 'max': 33.3849983215332, 'mean': 31.775158110119047, 'count': 42, 'sum': 1334.556640625, 'median': 31.67416763305664}","(79.02191272500005, 17.447705855000038, 79.18771359200008, 17.614164877000064)",31-08-2023.geojson,Motakondur,,,,,
Suryapet,TSSD0334,191.84,"{'min': 28.93666648864746, 'max': 35.27000045776367, 'mean': 32.994599609375, 'count': 50, 'sum': 1649.72998046875, 'median': 33.121665954589844}","(79.72864807600007, 17.098594648000073, 79.90108897100004, 17.295132846000058)",31-08-2023.geojson,Mothey,,,,,
Yadadri Bhuvanagiri,TSSD0335,146.43,"{'min': 30.899999618530273, 'max': 34.709999084472656, 'mean': 32.32922676282051, 'count': 39, 'sum': 1260.83984375, 'median': 32.2400016784668}","(79.17886738600004, 17.35663582600006, 79.34505761300005, 17.499013259000037)",31-08-2023.geojson,Mothkur,,,,,
Nirmal,TSSD0336,187.43,"{'min': 26.149999618530273, 'max': 32.83000183105469, 'mean': 29.637660814368207, 'count': 46, 'sum': 1363.3323974609375, 'median': 29.259166717529297}","(77.87363589400007, 18.90926259400004, 78.04943334300003, 19.05199254100006)",31-08-2023.geojson,Mudhole,,,,,
Khammam,TSSD0337,202.95,"{'min': 31.700000762939453, 'max': 37.20000076293945, 'mean': 34.66128305288461, 'count': 52, 'sum': 1802.38671875, 'median': 34.791664123535156}","(79.99976989400005, 16.987411645000066, 80.17144520800008, 17.21465495600006)",31-08-2023.geojson,Mudigonda,,,,,
Nizamabad,TSSD0338,196.22,"{'min': 24.90999984741211, 'max': 28.264999389648438, 'mean': 26.960750804227942, 'count': 51, 'sum': 1374.998291015625, 'median': 27.03499984741211}","(78.03331485400008, 18.477793812000073, 78.18413506400003, 18.66033533700005)",31-08-2023.geojson,Mugpal,,,,,
Bhadradri Kothagudem,TSSD0339,514.62,"{'min': 27.746000289916992, 'max': 33.84000015258789, 'mean': 30.910007957175925, 'count': 135, 'sum': 4172.85107421875, 'median': 31.06333351135254}","(80.70650352000007, 17.353825033000078, 80.96455307900004, 17.59430879000007)",31-08-2023.geojson,Mulakalapally,,,,,
Mulugu,TSSD0340,363.24,"{'min': 24.203332901000977, 'max': 34.16999816894531, 'mean': 30.453443444293477, 'count': 92, 'sum': 2801.716796875, 'median': 30.676666259765625}","(79.81475825400008, 18.07019176600005, 80.14227776900003, 18.247994896000023)",31-08-2023.geojson,Mulug,,,,,
Siddipet,TSSD0341,148.86,"{'min': 24.56333351135254, 'max': 31.56999969482422, 'mean': 29.556324494190704, 'count': 39, 'sum': 1152.6966552734375, 'median': 29.969999313354492}","(78.49289586600008, 17.669503792000057, 78.72948919400005, 17.760743728000023)",31-08-2023.geojson,Mulug,,,,,
Suryapet,TSSD0342,140.35,"{'min': 26.344999313354492, 'max': 36.72999954223633, 'mean': 32.79249877929688, 'count': 40, 'sum': 1311.699951171875, 'median': 32.62999725341797}","(79.71348967800003, 16.97659834500007, 79.93382971200003, 17.162332160000062)",31-08-2023.geojson,Munagala,,,,,
Sangareddy,TSSD0343,221.68,"{'min': 24.34600067138672, 'max': 36.44499969482422, 'mean': 33.04590279715402, 'count': 56, 'sum': 1850.570556640625, 'median': 33.81833267211914}","(77.76970420300006, 17.61306823700005, 77.93222993400008, 17.821658166000077)",31-08-2023.geojson,Munipally,,,,,
Nalgonda,TSSD0344,242.13,"{'min': 33.18199920654297, 'max': 38.165000915527344, 'mean': 35.47394353693182, 'count': 66, 'sum': 2341.2802734375, 'median': 35.378501892089844}","(78.92781504300007, 16.99371558000007, 79.14931293500007, 17.18453899000002)",31-08-2023.geojson,Munugode,,,,,
Nizamabad,TSSD0345,53.32,"{'min': 23.93666648864746, 'max': 29.690000534057617, 'mean': 27.89569091796875, 'count': 14, 'sum': 390.5396728515625, 'median': 28.233333587646484}","(78.33239376200004, 18.87289880800006, 78.45351563000008, 18.968813642000043)",31-08-2023.geojson,Mupkal,,,,,
Hyderabad,TSSD0346,9.91,"{'min': 30.700000762939453, 'max': 32.71666717529297, 'mean': 31.70833396911621, 'count': 2, 'sum': 63.41666793823242, 'median': 31.70833396911621}","(78.47735671700008, 17.40191402800002, 78.52763446200004, 17.43504124900005)",31-08-2023.geojson,Musheerabad,,,,,
Rajanna Sircilla,TSSD0347,162.34,"{'min': 26.56999969482422, 'max': 31.90999984741211, 'mean': 29.4051144622093, 'count': 43, 'sum': 1264.419921875, 'median': 29.649999618530273}","(78.62827650500003, 18.21376387500004, 78.77109860300004, 18.360829288000048)",31-08-2023.geojson,Mustabad,,,,,
Jayashankar Bhupalpally,TSSD0348,603.81,"{'min': 26.110000610351562, 'max': 33.4900016784668, 'mean': 28.644865689212327, 'count': 146, 'sum': 4182.150390625, 'median': 28.510000228881836}","(79.93211438700007, 18.348852581000074, 80.27331132300003, 18.665550444000075)",31-08-2023.geojson,Mutharam_Mahadevpur,,,,,
Peddapalli,TSSD0349,143.95,"{'min': 26.540000915527344, 'max': 30.6299991607666, 'mean': 28.65785653250558, 'count': 28, 'sum': 802.4199829101562, 'median': 28.770000457763672}","(79.56376559100005, 18.46670946200004, 79.71861493100005, 18.60236795900005)",31-08-2023.geojson,Mutharam_Manthani,,,,,
Suryapet,TSSD0350,132.47,"{'min': 30.829999923706055, 'max': 36.130001068115234, 'mean': 32.40181847774621, 'count': 33, 'sum': 1069.260009765625, 'median': 31.75666618347168}","(79.81542641000004, 17.031014071000072, 79.94769370600005, 17.174546916000054)",31-08-2023.geojson,Nadigudem,,,,,
Sangareddy,TSSD0351,148.84,"{'min': 28.474000930786133, 'max': 34.01499938964844, 'mean': 31.21080322265625, 'count': 40, 'sum': 1248.43212890625, 'median': 31.210498809814453}","(77.54918865800005, 17.98547994300003, 77.71900749600007, 18.124343363000037)",31-08-2023.geojson,Nagalgidda,,,,,
Suryapet,TSSD0352,134.54,"{'min': 30.489999771118164, 'max': 34.6966667175293, 'mean': 32.6345703125, 'count': 35, 'sum': 1142.2099609375, 'median': 32.66999816894531}","(79.41253491600008, 17.34124849500006, 79.57155473400007, 17.45790335600003)",31-08-2023.geojson,Nagaram,,,,,
Kamareddy,TSSD0353,138.95,"{'min': 23.6200008392334, 'max': 28.299999237060547, 'mean': 26.40333287856158, 'count': 34, 'sum': 897.7133178710938, 'median': 26.5625}","(78.01381962800008, 18.068441783000026, 78.17948646600007, 18.201817321000078)",31-08-2023.geojson,Nagi_Reddypet,,,,,
Nalgonda,TSSD0354,151.19,"{'min': 28.89666748046875, 'max': 35.11666488647461, 'mean': 32.14375, 'count': 40, 'sum': 1285.75, 'median': 31.852500915527344}","(79.36271400100003, 17.074334117000035, 79.51356132300003, 17.265691678000053)",31-08-2023.geojson,Nakrekal,,,,,
Nalgonda,TSSD0355,356.0,"{'min': 27.735000610351562, 'max': 36.11000061035156, 'mean': 32.90850628863324, 'count': 91, 'sum': 2994.674072265625, 'median': 32.939998626708984}","(79.11238633500005, 16.95004682000007, 79.38632643800008, 17.14875526800006)",31-08-2023.geojson,Nalgonda,,,,,
Warangal_Rural,TSSD0356,164.31,"{'min': 28.3700008392334, 'max': 34.650001525878906, 'mean': 31.82923634847005, 'count': 48, 'sum': 1527.8033447265625, 'median': 31.84000015258789}","(79.81066170600008, 17.993540445000065, 80.04124404200007, 18.11528805000006)",31-08-2023.geojson,Nallabelli,,,,,
Hyderabad,TSSD0357,11.34,"{'min': 29.883333206176758, 'max': 33.415000915527344, 'mean': 32.14611053466797, 'count': 3, 'sum': 96.4383316040039, 'median': 33.13999938964844}","(78.45809052700008, 17.36457170500006, 78.49555773000003, 17.405714060000037)",31-08-2023.geojson,Nampally,,,,,
Nalgonda,TSSD0358,280.57,"{'min': 32.07666778564453, 'max': 36.63399887084961, 'mean': 35.14382892765411, 'count': 73, 'sum': 2565.49951171875, 'median': 35.257999420166016}","(78.84925232700004, 16.740287084000045, 79.04788463500006, 16.965538953000078)",31-08-2023.geojson,Nampally,,,,,
Rangareddy,TSSD0359,86.28,"{'min': 28.989999771118164, 'max': 32.709999084472656, 'mean': 30.500909978693183, 'count': 22, 'sum': 671.02001953125, 'median': 30.212499618530273}","(78.16420628000003, 17.07450775600006, 78.31375295500004, 17.187439899000026)",31-08-2023.geojson,Nandigama,,,,,
Nizamabad,TSSD0360,296.41,"{'min': 23.062000274658203, 'max': 28.70599937438965, 'mean': 25.887665191254058, 'count': 77, 'sum': 1993.3502197265625, 'median': 25.6733341217041}","(78.06391450200005, 18.810123935000036, 78.27745292600008, 19.015809954000076)",31-08-2023.geojson,Nandipet,,,,,
Siddipet,TSSD0361,173.43,"{'min': 29.643333435058594, 'max': 33.029998779296875, 'mean': 31.32200761274858, 'count': 44, 'sum': 1378.1683349609375, 'median': 31.59000015258789}","(78.91642615100005, 18.005257581000023, 79.12553882600008, 18.139313947000062)",31-08-2023.geojson,Nangnoor,,,,,
Yadadri Bhuvanagiri,TSSD0362,255.72,"{'min': 29.09000015258789, 'max': 37.095001220703125, 'mean': 32.85610129616477, 'count': 66, 'sum': 2168.502685546875, 'median': 32.98500061035156}","(78.76727420200007, 17.04527964400006, 78.99214673900008, 17.215539860000035)",31-08-2023.geojson,Narayanapoor,,,,,
Sangareddy,TSSD0363,221.04,"{'min': 24.97800064086914, 'max': 33.9900016784668, 'mean': 31.109539094518443, 'count': 61, 'sum': 1897.681884765625, 'median': 31.196666717529297}","(77.65873951100008, 17.969087139000067, 77.91619762300007, 18.131861117000028)",31-08-2023.geojson,Narayankhed,,,,,
Narayanpet,TSSD0364,253.45,"{'min': 29.829999923706055, 'max': 34.88333511352539, 'mean': 32.52154071514423, 'count': 65, 'sum': 2113.900146484375, 'median': 32.86000061035156}","(77.42683117400003, 16.65053467100006, 77.68547301300003, 16.797928967000075)",31-08-2023.geojson,Narayanpet,,,,,
Nalgonda,TSSD0365,234.39,"{'min': 29.06999969482422, 'max': 35.336666107177734, 'mean': 32.47120690724206, 'count': 63, 'sum': 2045.68603515625, 'median': 32.6349983215332}","(79.12064748900008, 17.11371295600003, 79.30389623300005, 17.35996707100003)",31-08-2023.geojson,Narketpally,,,,,
Jangoan,TSSD0366,125.01,"{'min': 28.3799991607666, 'max': 33.41666793823242, 'mean': 30.88955595999053, 'count': 33, 'sum': 1019.3553466796875, 'median': 30.976667404174805}","(79.09279653800007, 17.82066930900004, 79.25505581500005, 17.932063776000064)",31-08-2023.geojson,Narmetta,,,,,
Adilabad,TSSD0367,201.81,"{'min': 27.290000915527344, 'max': 32.209999084472656, 'mean': 30.298572358630953, 'count': 21, 'sum': 636.27001953125, 'median': 30.90999984741211}","(78.75741661700005, 19.424395872000048, 78.97780666900007, 19.57535441500005)",31-08-2023.geojson,Narnoor,,,,,
Warangal_Rural,TSSD0368,128.11,"{'min': 28.6299991607666, 'max': 34.83000183105469, 'mean': 32.19093704223633, 'count': 32, 'sum': 1030.1099853515625, 'median': 32.32500076293945}","(79.80201610100005, 17.882928224000068, 79.94435882900007, 18.020538076000037)",31-08-2023.geojson,Narsampet,,,,,
Medak,TSSD0369,177.98,"{'min': 24.90999984741211, 'max': 28.59000015258789, 'mean': 26.396829744664632, 'count': 41, 'sum': 1082.27001953125, 'median': 26.3700008392334}","(78.16308671700006, 17.659841237000023, 78.33116213500006, 17.840150954000023)",31-08-2023.geojson,Narsapur,,,,,
Nirmal,TSSD0370,147.48,"{'min': 26.459999084472656, 'max': 33.529998779296875, 'mean': 30.73849341982887, 'count': 42, 'sum': 1291.0167236328125, 'median': 31.119998931884766}","(78.07428315700008, 19.02509410700003, 78.21913771600003, 19.23774101400005)",31-08-2023.geojson,Narsapur_G,,,,,
Mahabubabad,TSSD0371,100.62,"{'min': 32.52000045776367, 'max': 34.7599983215332, 'mean': 33.534690574363424, 'count': 27, 'sum': 905.4366455078125, 'median': 33.470001220703125}","(79.74961810900004, 17.432922034000057, 79.85804564900008, 17.55949727500007)",31-08-2023.geojson,Narsimhulapet,,,,,
Medak,TSSD0372,55.63,"{'min': 27.510000228881836, 'max': 29.329999923706055, 'mean': 28.369998931884766, 'count': 8, 'sum': 226.95999145507812, 'median': 28.149999618530273}","(78.39229916300008, 17.98830749900003, 78.47149849900006, 18.093264383000076)",31-08-2023.geojson,Narsingi,,,,,
Narayanpet,TSSD0373,194.24,"{'min': 29.489999771118164, 'max': 36.84600067138672, 'mean': 34.51954833984375, 'count': 50, 'sum': 1725.9774169921875, 'median': 34.5816650390625}","(77.57900273500007, 16.392118486000072, 77.76051168400005, 16.55740275000005)",31-08-2023.geojson,Narva,,,,,
Mancherial,TSSD0374,52.98,"{'min': 29.469999313354492, 'max': 33.22999954223633, 'mean': 31.139286586216517, 'count': 14, 'sum': 435.95001220703125, 'median': 30.9566650390625}","(79.45022792100008, 18.798759303000054, 79.52726676000003, 18.914394050000055)",31-08-2023.geojson,Naspur,,,,,
Kamareddy,TSSD0375,102.21,"{'min': 25.47800064086914, 'max': 27.203332901000977, 'mean': 26.389500209263392, 'count': 28, 'sum': 738.906005859375, 'median': 26.366666793823242}","(77.81879634400008, 18.411273927000025, 77.97648352900006, 18.509137527000064)",31-08-2023.geojson,Nasurullabad,,,,,
Nizamabad,TSSD0376,192.08,"{'min': 24.996665954589844, 'max': 28.985000610351562, 'mean': 27.35814208984375, 'count': 50, 'sum': 1367.9071044921875, 'median': 27.590667724609375}","(77.94333219400005, 18.72259983600003, 78.08733714300007, 18.94072022900008)",31-08-2023.geojson,Navipet,,,,,
Mahabubnagar,TSSD0377,296.21,"{'min': 27.1299991607666, 'max': 33.59000015258789, 'mean': 30.145222981770832, 'count': 72, 'sum': 2170.4560546875, 'median': 30.09166717529297}","(77.92099457500007, 16.78332651100004, 78.11899967800008, 17.01427203800006)",31-08-2023.geojson,Nawabpet,,,,,
Vikarabad,TSSD0378,158.3,"{'min': 29.020000457763672, 'max': 33.689998626708984, 'mean': 30.91331816882622, 'count': 41, 'sum': 1267.446044921875, 'median': 30.74333381652832}","(77.88176503700004, 17.365495641000052, 78.07175069100003, 17.471223939000026)",31-08-2023.geojson,Nawabpet,,,,,
Warangal_Rural,TSSD0379,188.28,"{'min': 29.709999084472656, 'max': 34.290000915527344, 'mean': 32.234130859375, 'count': 50, 'sum': 1611.70654296875, 'median': 32.21500015258789}","(79.74746045700005, 17.696488769000155, 79.90634128700003, 17.879678624000064)",31-08-2023.geojson,Nekkonda,,,,,
Khammam,TSSD0380,186.76,"{'min': 28.450000762939453, 'max': 35.25, 'mean': 32.14200514190051, 'count': 49, 'sum': 1574.958251953125, 'median': 32.08333206176758}","(79.96784028800005, 16.968121411000027, 80.11000795600006, 17.174936235000075)",31-08-2023.geojson,Nelakondapally,,,,,
Mahabubabad,TSSD0381,206.97,"{'min': 29.383333206176758, 'max': 34.13999938964844, 'mean': 31.75790066189236, 'count': 54, 'sum': 1714.9266357421875, 'median': 31.741666793823242}","(79.71439804300002, 17.541887375000044, 79.91872236700016, 17.698785481000073)",31-08-2023.geojson,Nellikudur,,,,,
Mancherial,TSSD0382,269.42,"{'min': 28.58333396911621, 'max': 32.88999938964844, 'mean': 30.736806090448944, 'count': 71, 'sum': 2182.313232421875, 'median': 30.59000015258789}","(79.52664994100007, 18.93089886100006, 79.73295653300005, 19.12578670700003)",31-08-2023.geojson,Nennel,,,,,
Adilabad,TSSD0383,328.19,"{'min': 26.56999969482422, 'max': 38.45000076293945, 'mean': 32.01720403855847, 'count': 62, 'sum': 1985.066650390625, 'median': 31.979999542236328}","(78.26082714200004, 19.17277807100004, 78.55364642200004, 19.39715159900004)",31-08-2023.geojson,Neradigonda,,,,,
Suryapet,TSSD0384,126.74,"{'min': 30.91666603088379, 'max': 34.4900016784668, 'mean': 32.422154017857146, 'count': 35, 'sum': 1134.775390625, 'median': 32.439998626708984}","(79.61424865900005, 16.828891998000074, 79.72807247700007, 16.983950306000054)",31-08-2023.geojson,Nereducherla,,,,,
Nalgonda,TSSD0385,161.07,"{'min': 32.28200149536133, 'max': 37.22999954223633, 'mean': 34.96811190518466, 'count': 44, 'sum': 1538.596923828125, 'median': 35.25749969482422}","(78.94273533400008, 16.468748120000043, 79.11690272800007, 16.651020135000067)",31-08-2023.geojson,Neredugommu,,,,,
Nalgonda,TSSD0386,217.58,"{'min': 30.883333206176758, 'max': 34.779998779296875, 'mean': 32.97159899695445, 'count': 59, 'sum': 1945.3243408203125, 'median': 32.96333312988281}","(79.29369591300008, 16.726884840000025, 79.46702657000003, 16.93694350900006)",31-08-2023.geojson,Nidamanoor,,,,,
Nirmal,TSSD0387,26.54,"{'min': 29.43000030517578, 'max': 32.630001068115234, 'mean': 30.81259494357639, 'count': 9, 'sum': 277.3133544921875, 'median': 30.510000228881836}","(78.32125738700006, 19.06142155400005, 78.36703256100003, 19.13503668900006)",31-08-2023.geojson,Nirmal,,,,,
Nirmal,TSSD0388,121.65,"{'min': 27.90999984741211, 'max': 32.630001068115234, 'mean': 30.245746481007544, 'count': 29, 'sum': 877.1266479492188, 'median': 30.350000381469727}","(78.28619783500005, 19.030659180000043, 78.42042812500006, 19.18711090100004)",31-08-2023.geojson,Nirmal Rural,,,,,
Nizamabad,TSSD0389,8.31,"{'min': 28.99799919128418, 'max': 31.59000015258789, 'mean': 30.012667338053387, 'count': 3, 'sum': 90.03800201416016, 'median': 29.450000762939453}","(78.05163596200003, 18.674492592000036, 78.12730598000007, 18.70039857300003)",31-08-2023.geojson,Nizamabad North,,,,,
Nizamabad,TSSD0390,143.88,"{'min': 23.290000915527344, 'max': 30.56999969482422, 'mean': 27.297556023848685, 'count': 38, 'sum': 1037.30712890625, 'median': 27.84749984741211}","(77.98560033100006, 18.565702533000035, 78.16225447400006, 18.788720459000047)",31-08-2023.geojson,Nizamabad Rural,,,,,
Nizamabad,TSSD0391,30.08,"{'min': 27.023332595825195, 'max': 33.22999954223633, 'mean': 29.22623770577567, 'count': 7, 'sum': 204.5836639404297, 'median': 27.90333366394043}","(78.05135267700007, 18.638141734000044, 78.12035163300004, 18.70039857300003)",31-08-2023.geojson,Nizamabad South,,,,,
Medak,TSSD0392,96.69,"{'min': 26.110000610351562, 'max': 30.989999771118164, 'mean': 28.508690970284597, 'count': 28, 'sum': 798.2433471679688, 'median': 28.551666259765625}","(78.48347828600004, 18.052927198000077, 78.58043728400008, 18.186685228000044)",31-08-2023.geojson,Nizampet,,,,,
Kamareddy,TSSD0393,241.59,"{'min': 22.17799949645996, 'max': 29.203332901000977, 'mean': 26.088985866970486, 'count': 72, 'sum': 1878.406982421875, 'median': 26.5017147064209}","(77.84561923400008, 18.09283344800002, 78.00817764400006, 18.34553889500006)",31-08-2023.geojson,Nizamsagar,,,,,
Suryapet,TSSD0394,119.91,"{'min': 32.223331451416016, 'max': 35.349998474121094, 'mean': 33.09767844460227, 'count': 33, 'sum': 1092.223388671875, 'median': 32.91666793823242}","(79.62642963900004, 17.281058334000022, 79.80860422700005, 17.37862805900005)",31-08-2023.geojson,Noothankal,,,,,
Sangareddy,TSSD0395,259.19,"{'min': 29.145000457763672, 'max': 34.70000076293945, 'mean': 32.283824247472424, 'count': 68, 'sum': 2195.300048828125, 'median': 32.36000061035156}","(77.50905262900005, 17.743666096000027, 77.70963585900006, 17.95290998400003)",31-08-2023.geojson,Nyalkal,,,,,
Peddapalli,TSSD0396,148.08,"{'min': 27.709999084472656, 'max': 37.349998474121094, 'mean': 31.160463275331438, 'count': 33, 'sum': 1028.2952880859375, 'median': 31.329999923706055}","(79.36660364000005, 18.386385288000042, 79.55224107200007, 18.53271052300005)",31-08-2023.geojson,Odela,,,,,
Nagarkurnool,TSSD0397,630.47,"{'min': 31.274999618530273, 'max': 37.92499923706055, 'mean': 35.30002136230469, 'count': 160, 'sum': 5648.00341796875, 'median': 35.231666564941406}","(78.85902477800005, 16.210348460000034, 79.23432760400004, 16.461405856000056)",31-08-2023.geojson,Padara,,,,,
Suryapet,TSSD0398,132.07,"{'min': 31.350000381469727, 'max': 36.224998474121094, 'mean': 33.55702379014757, 'count': 36, 'sum': 1208.0528564453125, 'median': 33.56500244140625}","(79.66762645300008, 16.689675125000065, 79.78908743200003, 16.836615472000062)",31-08-2023.geojson,Palakeedu,,,,,
Jangoan,TSSD0399,255.42,"{'min': 30.18600082397461, 'max': 34.94333267211914, 'mean': 33.10370427911932, 'count': 66, 'sum': 2184.844482421875, 'median': 33.07666778564453}","(79.34225257900005, 17.560267294000028, 79.54008752200008, 17.75819989300004)",31-08-2023.geojson,Palakurthy,,,,,
Peddapalli,TSSD0400,137.42,"{'min': 26.40999984741211, 'max': 32.12333297729492, 'mean': 30.573110219594593, 'count': 37, 'sum': 1131.205078125, 'median': 30.709999084472656}","(79.25348235000007, 18.670677110000042, 79.50381904800008, 18.81832694700006)",31-08-2023.geojson,Palakurthy,,,,,
Jayashankar Bhupalpally,TSSD0401,226.16,"{'min': 25.989999771118164, 'max': 32.0099983215332, 'mean': 28.451888020833334, 'count': 60, 'sum': 1707.11328125, 'median': 28.325000762939453}","(80.10237686500005, 18.587417120000055, 80.34460111300007, 18.722365577000062)",31-08-2023.geojson,Palmela,,,,,
Bhadradri Kothagudem,TSSD0402,421.11,"{'min': 25.25, 'max': 33.90999984741211, 'mean': 30.52291402730856, 'count': 111, 'sum': 3388.04345703125, 'median': 30.729999542236328}","(80.57151962200004, 17.50317956400005, 80.86723947600007, 17.895408489000033)",31-08-2023.geojson,Palvancha,,,,,
Wanaparthy,TSSD0403,205.91,"{'min': 30.610000610351562, 'max': 35.29999923706055, 'mean': 32.7156665943287, 'count': 54, 'sum': 1766.64599609375, 'median': 32.74500274658203}","(78.02855847800004, 16.173396301000025, 78.22246788200005, 16.341012469000077)",31-08-2023.geojson,Pangal,,,,,
Medak,TSSD0404,205.14,"{'min': 22.5, 'max': 29.989999771118164, 'mean': 28.221595348011363, 'count': 55, 'sum': 1552.187744140625, 'median': 28.290000915527344}","(77.99790429400008, 17.965407912000046, 78.21345417200007, 18.109216143000026)",31-08-2023.geojson,Papannapet,,,,,
Vikarabad,TSSD0405,227.88,"{'min': 26.989999771118164, 'max': 33.290000915527344, 'mean': 30.454180184057204, 'count': 59, 'sum': 1796.796630859375, 'median': 30.4950008392334}","(77.76414678500004, 17.074105024000062, 77.99328854900006, 17.257275064000055)",31-08-2023.geojson,Pargi,,,,,
Warangal_Rural,TSSD0406,79.71,"{'min': 31.389999389648438, 'max': 35.2400016784668, 'mean': 33.05875015258789, 'count': 8, 'sum': 264.4700012207031, 'median': 32.83000183105469}","(79.645823469, 18.135041913000066, 79.73250177000006, 18.279244378000044)",31-08-2023.geojson,Parkal,,,,,
Warangal_Rural,TSSD0407,161.29,"{'min': 30.200000762939453, 'max': 34.290000915527344, 'mean': 31.939046223958332, 'count': 42, 'sum': 1341.43994140625, 'median': 31.75}","(79.64445348100008, 17.68264110900003, 79.78084029400003, 17.843589961000077)",31-08-2023.geojson,Parvathagiri,,,,,
Sangareddy,TSSD0408,186.54,"{'min': 27.31999969482422, 'max': 31.989999771118164, 'mean': 29.767734375, 'count': 50, 'sum': 1488.38671875, 'median': 29.575000762939453}","(78.13716356700007, 17.463618334000046, 78.28967759800008, 17.628094657000076)",31-08-2023.geojson,Patancheruvu,,,,,
Wanaparthy,TSSD0409,199.7,"{'min': 29.623332977294922, 'max': 36.90999984741211, 'mean': 33.43592247596154, 'count': 52, 'sum': 1738.66796875, 'median': 33.19000244140625}","(77.91611806600008, 16.024587675000078, 78.07471604300008, 16.26834650400002)",31-08-2023.geojson,Pebbair,,,,,
Nalgonda,TSSD0410,534.97,"{'min': 25.04428482055664, 'max': 36.5966682434082, 'mean': 31.965732492131295, 'count': 139, 'sum': 4443.23681640625, 'median': 32.65999984741211}","(79.02131319100005, 16.429164953000054, 79.31131002400008, 16.806345736000026)",31-08-2023.geojson,Peda Adisharla Palli,,,,,
Kamareddy,TSSD0411,93.4,"{'min': 29.645999908447266, 'max': 34.04999923706055, 'mean': 32.19495333158053, 'count': 26, 'sum': 837.0687866210938, 'median': 32.52000045776367}","(77.64296889100007, 18.23434125800003, 77.79440383200006, 18.363266914000064)",31-08-2023.geojson,Pedda Kodapgal,,,,,
Nagarkurnool,TSSD0412,268.13,"{'min': 28.735000610351562, 'max': 35.58000183105469, 'mean': 32.61796400282118, 'count': 72, 'sum': 2348.493408203125, 'median': 32.834999084472656}","(78.28210328600005, 16.15614634700006, 78.46080747200006, 16.378297329000077)",31-08-2023.geojson,Peddakothapalle,,,,,
Wanaparthy,TSSD0413,184.53,"{'min': 30.75, 'max': 35.529998779296875, 'mean': 32.86843617757162, 'count': 48, 'sum': 1577.6849365234375, 'median': 32.849998474121094}","(77.91764372000006, 16.364835636000066, 78.12790212400006, 16.52562722400006)",31-08-2023.geojson,Peddamandaddi,,,,,
Peddapalli,TSSD0414,249.03,"{'min': 28.315000534057617, 'max': 34.470001220703125, 'mean': 30.910050101902176, 'count': 69, 'sum': 2132.79345703125, 'median': 30.760000228881836}","(79.30969398300005, 18.526543618000062, 79.49350302700003, 18.70415850100005)",31-08-2023.geojson,Peddapalli,,,,,
Mahabubabad,TSSD0415,111.61,"{'min': 31.270000457763672, 'max': 34.31666564941406, 'mean': 32.411279296875, 'count': 30, 'sum': 972.33837890625, 'median': 32.45333480834961}","(79.51263601700003, 17.490564388000053, 79.63852224900006, 17.619982297000035)",31-08-2023.geojson,Peddavangara,,,,,
Nalgonda,TSSD0416,289.57,"{'min': 29.913999557495117, 'max': 37.689998626708984, 'mean': 34.66673536424513, 'count': 77, 'sum': 2669.338623046875, 'median': 34.810001373291016}","(79.13353438500008, 16.575213949000045, 79.36044542900004, 16.832719401000077)",31-08-2023.geojson,Peddavoora,,,,,
Vikarabad,TSSD0417,240.11,"{'min': 25.59000015258789, 'max': 34.59000015258789, 'mean': 30.217517289959016, 'count': 61, 'sum': 1843.2685546875, 'median': 30.375}","(77.51261111400004, 17.261553169000024, 77.72573047400004, 17.456603014000052)",31-08-2023.geojson,Peddemul,,,,,
Jagtial,TSSD0418,131.5,"{'min': 27.777999877929688, 'max': 30.356666564941406, 'mean': 29.591705322265625, 'count': 34, 'sum': 1006.1179809570312, 'median': 29.633499145507812}","(79.00313586800007, 18.638171251000074, 79.13566837800005, 18.76691388300003)",31-08-2023.geojson,Pegadapalli,,,,,
Nirmal,TSSD0419,315.89,"{'min': 26.030000686645508, 'max': 36.709999084472656, 'mean': 30.06910431690705, 'count': 78, 'sum': 2345.39013671875, 'median': 29.625}","(78.48200096200003, 19.08543736100006, 78.72744941700006, 19.317058780000025)",31-08-2023.geojson,Pembi,,,,,
Kumurambheem Asifabad,TSSD0420,209.6,"{'min': 26.3700008392334, 'max': 34.150001525878906, 'mean': 29.61916775173611, 'count': 54, 'sum': 1599.43505859375, 'median': 29.295000076293945}","(79.66386794600004, 19.199781307000023, 79.94222848200008, 19.367035272000066)",31-08-2023.geojson,Penchikalpet,,,,,
Suryapet,TSSD0421,190.1,"{'min': 29.753999710083008, 'max': 34.23666763305664, 'mean': 32.38232421875, 'count': 51, 'sum': 1651.49853515625, 'median': 32.310001373291016}","(79.59300492900007, 16.958133916000065, 79.81245856700008, 17.09085837200007)",31-08-2023.geojson,Penpahad,,,,,
Nagarkurnool,TSSD0422,100.6,"{'min': 27.1200008392334, 'max': 34.534000396728516, 'mean': 31.876964222301137, 'count': 22, 'sum': 701.293212890625, 'median': 32.12457275390625}","(78.18107699600006, 16.00532167600005, 78.32316639500004, 16.139543263000064)",31-08-2023.geojson,Pentlavelli,,,,,
Khammam,TSSD0423,273.41,"{'min': 27.950000762939453, 'max': 35.02000045776367, 'mean': 31.081302218967014, 'count': 72, 'sum': 2237.853759765625, 'median': 30.915000915527344}","(80.59580834400003, 17.100783087000025, 80.77536110100004, 17.320991373000027)",31-08-2023.geojson,Penuballi,,,,,
Bhadradri Kothagudem,TSSD0424,237.05,"{'min': 26.6299991607666, 'max': 33.11000061035156, 'mean': 30.370766977163463, 'count': 65, 'sum': 1974.099853515625, 'median': 31.049999237060547}","(80.60213672700007, 17.921962273000076, 80.77371604900003, 18.158406092000064)",31-08-2023.geojson,Pinapaka,,,,,
Vikarabad,TSSD0425,206.05,"{'min': 28.536666870117188, 'max': 34.130001068115234, 'mean': 31.13747603804977, 'count': 54, 'sum': 1681.4237060546875, 'median': 31.130001068115234}","(77.89676249700005, 17.131204728000057, 78.06049801700004, 17.32409672800003)",31-08-2023.geojson,Pudur,,,,,
Sangareddy,TSSD0426,148.67,"{'min': 23.253334045410156, 'max': 36.13999938964844, 'mean': 30.362469482421876, 'count': 40, 'sum': 1214.498779296875, 'median': 30.79166603088379}","(77.90516574499998, 17.65983009000007, 78.07454656600015, 17.812841045000027)",31-08-2023.geojson,Pulkal,,,,,
Medchal_Malkajgiri,TSSD0427,43.97,"{'min': 26.770000457763672, 'max': 32.029998779296875, 'mean': 29.904666137695312, 'count': 10, 'sum': 299.0466613769531, 'median': 30.590831756591797}","(78.38920413800008, 17.480972, 78.50036789700005, 17.561433864000037)",31-08-2023.geojson,Quthbullapur,,,,,
Khammam,TSSD0428,192.3,"{'min': 31.90999984741211, 'max': 35.38999938964844, 'mean': 34.01059814453125, 'count': 50, 'sum': 1700.5299072265625, 'median': 34.09000015258789}","(80.13318105300004, 17.232712673000037, 80.34275288000003, 17.401110535000043)",31-08-2023.geojson,Raghunadhapalem,,,,,
Jangoan,TSSD0429,251.68,"{'min': 29.149999618530273, 'max': 34.46333312988281, 'mean': 31.993215076958954, 'count': 67, 'sum': 2143.54541015625, 'median': 31.898000717163086}","(79.17884629500008, 17.67337913600005, 79.37330906100004, 17.858329210000022)",31-08-2023.geojson,Ragunathpally,,,,,
Jagtial,TSSD0430,266.42,"{'min': 26.1733341217041, 'max': 31.34000015258789, 'mean': 29.560903976212686, 'count': 67, 'sum': 1980.58056640625, 'median': 29.440000534057617}","(78.72887764300003, 18.831214958000032, 78.93391600400008, 19.071133686000053)",31-08-2023.geojson,Raikal,,,,,
Sangareddy,TSSD0431,223.22,"{'min': 23.706666946411133, 'max': 36.029998779296875, 'mean': 32.52804460196659, 'count': 58, 'sum': 1886.6265869140625, 'median': 33.616668701171875}","(77.66777327100004, 17.76655052700005, 77.88238395400003, 17.93163760300007)",31-08-2023.geojson,Raikode,,,,,
Warangal_Rural,TSSD0432,219.17,"{'min': 28.075000762939453, 'max': 34.310001373291016, 'mean': 31.586665852864584, 'count': 60, 'sum': 1895.199951171875, 'median': 31.66583251953125}","(79.48142998600008, 17.619651097000144, 79.69554202900008, 17.76142627300004)",31-08-2023.geojson,Raiparthy,,,,,
Siddipet,TSSD0433,104.17,"{'min': 25.719999313354492, 'max': 31.940000534057617, 'mean': 29.211430140904017, 'count': 28, 'sum': 817.9200439453125, 'median': 29.690000534057617}","(78.55726942800004, 17.83236618500007, 78.68891396900005, 17.985113187000024)",31-08-2023.geojson,Raipole,,,,,
Kamareddy,TSSD0434,126.93,"{'min': 23.649999618530273, 'max': 31.549999237060547, 'mean': 27.703956604003906, 'count': 32, 'sum': 886.526611328125, 'median': 27.86333465576172}","(78.21768245400006, 18.146799025000064, 78.37609676800008, 18.26765991900004)",31-08-2023.geojson,Rajampet,,,,,
Yadadri Bhuvanagiri,TSSD0435,197.22,"{'min': 28.969999313354492, 'max': 32.40999984741211, 'mean': 31.130610251913264, 'count': 49, 'sum': 1525.39990234375, 'median': 31.15399932861328}","(78.85825081100006, 17.654937046000043, 79.01597518100004, 17.812669696000057)",31-08-2023.geojson,Rajapeta,,,,,
Mahabubnagar,TSSD0436,125.06,"{'min': 29.06999969482422, 'max': 34.310001373291016, 'mean': 31.868971880744486, 'count': 34, 'sum': 1083.5450439453125, 'median': 31.583332061767578}","(78.07616216600007, 16.827293433000023, 78.23953804100006, 16.936410312000078)",31-08-2023.geojson,Rajapur,,,,,
Rangareddy,TSSD0437,48.26,"{'min': 27.549999237060547, 'max': 33.369998931884766, 'mean': 31.042777506510415, 'count': 15, 'sum': 465.64166259765625, 'median': 31.364999771118164}","(78.37469952800006, 17.27932147300004, 78.46010745500007, 17.37208799600006)",31-08-2023.geojson,Rajendranagar,,,,,
Jogulamba Gadwal,TSSD0438,129.05,"{'min': 29.54142951965332, 'max': 39.98500061035156, 'mean': 35.74777760225184, 'count': 34, 'sum': 1215.4244384765625, 'median': 36.19150161743164}","(77.64468695100004, 15.874725880000028, 77.86920549500007, 15.955733610000038)",31-08-2023.geojson,Rajoli,,,,,
Sangareddy,TSSD0439,76.01,"{'min': 26.149999618530273, 'max': 31.010000228881836, 'mean': 28.84549129710478, 'count': 17, 'sum': 490.37335205078125, 'median': 29.030000686645508}","(78.20639802000005, 17.42785604100004, 78.31670013100006, 17.529947374000074)",31-08-2023.geojson,Ramachandrapuram,,,,,
Karimnagar,TSSD0440,134.02,"{'min': 29.876667022705078, 'max': 34.163333892822266, 'mean': 31.414682749155407, 'count': 37, 'sum': 1162.34326171875, 'median': 31.309999465942383}","(79.02101613600007, 18.468415441000047, 79.13300998100004, 18.662426753000034)",31-08-2023.geojson,Ramadugu,,,,,
Peddapalli,TSSD0441,174.25,"{'min': 27.170000076293945, 'max': 34.75, 'mean': 30.151364413174715, 'count': 44, 'sum': 1326.6600341796875, 'median': 29.559999465942383}","(79.49644329500006, 18.537401654000064, 79.64857378700003, 18.777236066000057)",31-08-2023.geojson,Ramagiri,,,,,
Peddapalli,TSSD0442,113.66,"{'min': 29.336666107177734, 'max': 35.13999938964844, 'mean': 30.942815965221776, 'count': 31, 'sum': 959.227294921875, 'median': 30.623332977294922}","(79.41357231200004, 18.674221571000032, 79.54617280200006, 18.82875034600005)",31-08-2023.geojson,Ramagundam,,,,,
Yadadri Bhuvanagiri,TSSD0443,229.79,"{'min': 27.770000457763672, 'max': 33.2599983215332, 'mean': 31.010054524739584, 'count': 60, 'sum': 1860.603271484375, 'median': 31.476667404174805}","(78.98814184100007, 17.24503517000005, 79.25341493800005, 17.371267423000063)",31-08-2023.geojson,Ramannapet,,,,,
Kamareddy,TSSD0444,168.07,"{'min': 27.329999923706055, 'max': 29.56999969482422, 'mean': 28.38259674781977, 'count': 43, 'sum': 1220.45166015625, 'median': 28.43666648864746}","(78.30521243600003, 18.353492533000065, 78.49228659800008, 18.483468182000024)",31-08-2023.geojson,Ramareddy,,,,,
Medak,TSSD0445,151.12,"{'min': 7.010000228881836, 'max': 29.829999923706055, 'mean': 25.91750144958496, 'count': 32, 'sum': 829.3600463867188, 'median': 27.15999984741211}","(78.30425113600006, 18.0235726680001, 78.52133388100003, 18.202632038000047)",31-08-2023.geojson,Ramayampet,,,,,
Kumurambheem Asifabad,TSSD0446,259.91,"{'min': 28.136667251586914, 'max': 37.45000076293945, 'mean': 32.493326822916664, 'count': 66, 'sum': 2144.5595703125, 'median': 32.134002685546875}","(79.32166087900004, 19.178187793000063, 79.54911338400007, 19.34967844600004)",31-08-2023.geojson,Rebbena,,,,,
Medak,TSSD0447,80.04,"{'min': 28.979999542236328, 'max': 35.4566650390625, 'mean': 32.65263061523437, 'count': 20, 'sum': 653.0526123046875, 'median': 32.72166442871094}","(77.79480732300004, 17.899738504000027, 77.90762447000003, 18.02227582200004)",31-08-2023.geojson,Regode,,,,,
Jayashankar Bhupalpally,TSSD0448,230.7,"{'min': 25.670000076293945, 'max': 36.790000915527344, 'mean': 31.091890462239583, 'count': 30, 'sum': 932.7567138671875, 'median': 30.924999237060547}","(79.69264018100006, 18.156703452000045, 79.86309632500007, 18.338586973000076)",31-08-2023.geojson,Regonda,,,,,
Nizamabad,TSSD0449,113.22,"{'min': 25.437999725341797, 'max': 28.663333892822266, 'mean': 27.27940470377604, 'count': 30, 'sum': 818.3821411132812, 'median': 27.270668029785156}","(77.86138268200006, 18.703789855000025, 78.00478559000004, 18.827805693000073)",31-08-2023.geojson,Renjal,,,,,
Wanaparthy,TSSD0450,123.03,"{'min': 31.25, 'max': 34.560001373291016, 'mean': 32.608086081112134, 'count': 34, 'sum': 1108.6749267578125, 'median': 32.55000305175781}","(78.18099529600005, 16.28925188900007, 78.31347526600007, 16.41654954300003)",31-08-2023.geojson,Revally,,,,,
Rajanna Sircilla,TSSD0451,102.53,"{'min': 26.554000854492188, 'max': 31.440000534057617, 'mean': 28.87047400841346, 'count': 26, 'sum': 750.63232421875, 'median': 28.720001220703125}","(78.58056651000004, 18.58307069400007, 78.73259018200008, 18.69041016700004)",31-08-2023.geojson,Rudrangi,,,,,
Nizamabad,TSSD0452,49.47,"{'min': 24.190000534057617, 'max': 27.135000228881836, 'mean': 25.673321533203126, 'count': 15, 'sum': 385.0998229980469, 'median': 25.58333396911621}","(77.83311309200008, 18.52944754200007, 77.90865557200004, 18.627816633000066)",31-08-2023.geojson,Rudrur,,,,,
Kamareddy,TSSD0453,196.13,"{'min': 27.260000228881836, 'max': 31.899999618530273, 'mean': 29.595721550707548, 'count': 53, 'sum': 1568.5732421875, 'median': 29.59000015258789}","(78.13861896100008, 18.353770851000036, 78.32975145300009, 18.507260761000055)",31-08-2023.geojson,Sadashivnagar,,,,,
Sangareddy,TSSD0454,248.56,"{'min': 25.770000457763672, 'max': 36.689998626708984, 'mean': 32.83008552320076, 'count': 66, 'sum': 2166.78564453125, 'median': 32.91999816894531}","(77.85634040500008, 17.56144371700003, 78.05470115400004, 17.744826153000076)",31-08-2023.geojson,Sadasivpet,,,,,
Hyderabad,TSSD0455,4.44,"{'min': 33.68000030517578, 'max': 33.68000030517578, 'mean': 33.68000030517578, 'count': 1, 'sum': 33.68000030517578, 'median': 33.68000030517578}","(78.49666183500005, 17.34852849400005, 78.52105110000008, 17.37992626500005)",31-08-2023.geojson,Saidabad,,,,,
Sangareddy,TSSD0456,85.0,"{'min': 24.43000030517578, 'max': 35.43000030517578, 'mean': 29.77509801528033, 'count': 17, 'sum': 506.1766662597656, 'median': 29.6200008392334}","(78.04085741600005, 17.553553519000047, 78.16506055600007, 17.67324188400005)",31-08-2023.geojson,Sangareddy,,,,,
Warangal_Rural,TSSD0457,147.68,"{'min': 28.219999313354492, 'max': 34.529998779296875, 'mean': 31.82044099506579, 'count': 38, 'sum': 1209.1767578125, 'median': 31.865001678466797}","(79.62671724200004, 17.820931420000022, 79.79112790100004, 17.944659224000077)",31-08-2023.geojson,Sangem,,,,,
Jagtial,TSSD0458,143.97,"{'min': 26.606666564941406, 'max': 30.959999084472656, 'mean': 29.23051043254573, 'count': 41, 'sum': 1198.450927734375, 'median': 29.21500015258789}","(78.88862723900007, 18.84957074600004, 79.01218592200007, 19.00894877500002)",31-08-2023.geojson,Sarangapur,,,,,
Nirmal,TSSD0459,255.36,"{'min': 28.010000228881836, 'max': 34.11000061035156, 'mean': 30.967230694110576, 'count': 65, 'sum': 2012.8699951171875, 'median': 30.940000534057617}","(78.17542674100008, 19.119711206000034, 78.37414495300004, 19.317393956000046)",31-08-2023.geojson,Sarangapur,,,,,
Khammam,TSSD0460,285.22,"{'min': 27.489999771118164, 'max': 35.59000015258789, 'mean': 30.048587328767123, 'count': 73, 'sum': 2193.546875, 'median': 29.809999465942383}","(80.75683769000005, 17.117241266000065, 80.92560532200008, 17.37735310100004)",31-08-2023.geojson,Sathupally,,,,,
Hyderabad,TSSD0461,3.33,"{'min': 30.836666107177734, 'max': 30.836666107177734, 'mean': 30.836666107177734, 'count': 1, 'sum': 30.836666107177734, 'median': 30.836666107177734}","(78.46963204300005, 17.426530425000067, 78.49977880800003, 17.44386382500005)",31-08-2023.geojson,Secunderabad,,,,,
Rangareddy,TSSD0462,96.56,"{'min': 27.823333740234375, 'max': 31.90999984741211, 'mean': 29.921803792317707, 'count': 24, 'sum': 718.123291015625, 'median': 30.075000762939453}","(78.27172464700004, 17.409225719000062, 78.40724610200004, 17.522654105000072)",31-08-2023.geojson,Serilingampalle,,,,,
Rangareddy,TSSD0463,232.51,"{'min': 29.136667251586914, 'max': 33.25400161743164, 'mean': 30.63843194369612, 'count': 58, 'sum': 1777.029052734375, 'median': 30.543333053588867}","(78.04592706400007, 17.084200252000073, 78.25929582200007, 17.259301650000054)",31-08-2023.geojson,Shabad,,,,,
Hyderabad,TSSD0464,23.35,"{'min': 30.209999084472656, 'max': 32.0966682434082, 'mean': 31.148887634277344, 'count': 6, 'sum': 186.89332580566406, 'median': 31.393333435058594}","(78.38838433400008, 17.386491415000023, 78.45185860300006, 17.441244402000052)",31-08-2023.geojson,Shaikpet,,,,,
Nalgonda,TSSD0465,228.95,"{'min': 28.0766658782959, 'max': 36.356666564941406, 'mean': 32.969276936848956, 'count': 60, 'sum': 1978.1566162109375, 'median': 33.15666580200195}","(79.28719940500008, 17.21166416600005, 79.50079969900008, 17.35925323300006)",31-08-2023.geojson,Shaligouraram,,,,,
Medchal_Malkajgiri,TSSD0466,150.73,"{'min': 26.72333335876465, 'max': 32.40999984741211, 'mean': 29.613067626953125, 'count': 40, 'sum': 1184.522705078125, 'median': 29.360000610351562}","(78.49393641100005, 17.536372458000073, 78.65615437000014, 17.695841263000034)",31-08-2023.geojson,Shamirpet,,,,,
Rangareddy,TSSD0467,199.4,"{'min': 27.780000686645508, 'max': 30.60333251953125, 'mean': 29.28490271935096, 'count': 52, 'sum': 1522.81494140625, 'median': 29.351667404174805}","(78.23263628200004, 17.145048406000058, 78.43688465000008, 17.322722112000065)",31-08-2023.geojson,Shamshabad,,,,,
Medak,TSSD0468,142.04,"{'min': 22.802000045776367, 'max': 31.639999389648438, 'mean': 28.977779990748356, 'count': 38, 'sum': 1101.1556396484375, 'median': 29.485000610351562}","(77.85211008600004, 17.994571649000022, 78.00442992900008, 18.123550200000068)",31-08-2023.geojson,Shankarampet_A,,,,,
Karimnagar,TSSD0469,144.28,"{'min': 25.540000915527344, 'max': 31.389999389648438, 'mean': 28.875347900390626, 'count': 40, 'sum': 1155.013916015625, 'median': 28.832000732421875}","(79.25766646100004, 18.226704529000074, 79.40468523700008, 18.368117502000075)",31-08-2023.geojson,Shankarapatnam,,,,,
Rangareddy,TSSD0470,210.66,"{'min': 27.799999237060547, 'max': 31.735000610351562, 'mean': 30.13299250198623, 'count': 59, 'sum': 1777.8465576171875, 'median': 30.149999618530273}","(78.03518070400008, 17.36271017200005, 78.28884776000007, 17.519074225000054)",31-08-2023.geojson,Shankarpalle,,,,,
Warangal_Rural,TSSD0471,116.47,"{'min': 28.75, 'max': 34.21666717529297, 'mean': 31.99833236202117, 'count': 31, 'sum': 991.9483032226562, 'median': 32.13666534423828}","(79.65749409800003, 18.09115618000004, 79.85468848500005, 18.192367870000055)",31-08-2023.geojson,Shayampet,,,,,
Medak,TSSD0472,193.23,"{'min': 24.709999084472656, 'max': 29.93000030517578, 'mean': 27.493263244628906, 'count': 48, 'sum': 1319.6766357421875, 'median': 27.540000915527344}","(78.29506747900007, 17.69907432800005, 78.44788785400004, 17.878551977000086)",31-08-2023.geojson,Shivampet,,,,,
Siddipet,TSSD0473,112.6,"{'min': 28.049999237060547, 'max': 29.969999313354492, 'mean': 28.804286411830358, 'count': 28, 'sum': 806.52001953125, 'median': 28.71500015258789}","(78.71740480300008, 18.05814766800006, 78.82931055600005, 18.221303904000138)",31-08-2023.geojson,Siddipet_Rural,,,,,
Siddipet,TSSD0474,140.55,"{'min': 27.209999084472656, 'max': 34.16999816894531, 'mean': 30.188334147135418, 'count': 36, 'sum': 1086.780029296875, 'median': 30.299999237060547}","(78.77407040900005, 18.036517040000035, 78.93338480300008, 18.152979642000048)",31-08-2023.geojson,Siddipet_Urban,,,,,
Khammam,TSSD0475,248.58,"{'min': 28.610000610351562, 'max': 35.77000045776367, 'mean': 33.06275939941406, 'count': 64, 'sum': 2116.0166015625, 'median': 33.400001525878906}","(80.19501777600004, 17.426341041000057, 80.47158959500007, 17.577896090000024)",31-08-2023.geojson,Singareni,,,,,
Rajanna Sircilla,TSSD0476,53.12,"{'min': 28.940000534057617, 'max': 34.310001373291016, 'mean': 31.287144252232142, 'count': 14, 'sum': 438.02001953125, 'median': 31.360000610351562}","(78.74143609700008, 18.35280534900005, 78.85232997100007, 18.43330245100003)",31-08-2023.geojson,Sircilla,,,,,
Sangareddy,TSSD0477,119.81,"{'min': 27.610000610351562, 'max': 34.869998931884766, 'mean': 31.543634033203126, 'count': 30, 'sum': 946.3090209960938, 'median': 32.04249954223633}","(77.63761782900008, 18.101238527000078, 77.80019010900008, 18.20600259400004)",31-08-2023.geojson,Sirgapoor,,,,,
Adilabad,TSSD0478,202.11,"{'min': 28.329999923706055, 'max': 34.869998931884766, 'mean': 31.131666100543477, 'count': 46, 'sum': 1432.056640625, 'median': 31.046667098999023}","(78.50741267300003, 19.29955482500003, 78.69361824700007, 19.472598296000115)",31-08-2023.geojson,Sirikonda,,,,,
Nizamabad,TSSD0479,334.45,"{'min': 25.703332901000977, 'max': 29.350000381469727, 'mean': 27.6278603293679, 'count': 88, 'sum': 2431.251708984375, 'median': 27.709999084472656}","(78.38760279100006, 18.43949633400007, 78.61969949700006, 18.654543137000076)",31-08-2023.geojson,Sirikonda,,,,,
Kumurambheem Asifabad,TSSD0480,336.55,"{'min': 26.1200008392334, 'max': 36.130001068115234, 'mean': 31.623283617424242, 'count': 66, 'sum': 2087.13671875, 'median': 32.19499969482422}","(79.45414155100008, 19.378014544000052, 79.70518129200008, 19.576127453000026)",31-08-2023.geojson,Sirpur_T,,,,,
Kumurambheem Asifabad,TSSD0481,188.92,"{'min': 26.68000030517578, 'max': 32.40999984741211, 'mean': 30.173466796875, 'count': 50, 'sum': 1508.67333984375, 'median': 30.439998626708984}","(78.86004844600006, 19.270764704000044, 79.06911914200003, 19.420337200000063)",31-08-2023.geojson,Sirpur_U,,,,,
Nirmal,TSSD0482,83.77,"{'min': 23.940000534057617, 'max': 30.059999465942383, 'mean': 28.043858119419642, 'count': 21, 'sum': 588.9210205078125, 'median': 28.8700008392334}","(78.27684201200003, 18.95122860600003, 78.41145082100007, 19.069772912000076)",31-08-2023.geojson,Soan,,,,,
Peddapalli,TSSD0483,188.77,"{'min': 27.09000015258789, 'max': 37.43000030517578, 'mean': 29.82911771886489, 'count': 34, 'sum': 1014.1900024414062, 'median': 29.43000030517578}","(79.43915173000005, 18.412581072000023, 79.59585151700009, 18.604812498000058)",31-08-2023.geojson,Srirampur,,,,,
Wanaparthy,TSSD0484,78.54,"{'min': 28.709999084472656, 'max': 33.959999084472656, 'mean': 31.5336669921875, 'count': 20, 'sum': 630.67333984375, 'median': 31.560001373291016}","(77.99102928900004, 16.130406421000032, 78.08846242100003, 16.26036345500006)",31-08-2023.geojson,Srirangapur,,,,,
Bhadradri Kothagudem,TSSD0485,105.54,"{'min': 29.56333351135254, 'max': 36.33000183105469, 'mean': 34.31511797223772, 'count': 28, 'sum': 960.8233032226562, 'median': 34.54499816894531}","(80.48722315900005, 17.43343624000005, 80.65641156200007, 17.547570692000022)",31-08-2023.geojson,Sujathanagar,,,,,
Peddapalli,TSSD0486,165.88,"{'min': 24.93000030517578, 'max': 32.369998931884766, 'mean': 29.767188819679053, 'count': 37, 'sum': 1101.385986328125, 'median': 30.010000228881836}","(79.21551160500007, 18.440055271000062, 79.39913112200009, 18.60634948300003)",31-08-2023.geojson,Sultanabad,,,,,
Suryapet,TSSD0487,218.55,"{'min': 27.030000686645508, 'max': 34.53666687011719, 'mean': 31.179124263294955, 'count': 57, 'sum': 1777.2100830078125, 'median': 31.149999618530273}","(79.49048435600008, 17.06180805200006, 79.66976062200007, 17.28486849600006)",31-08-2023.geojson,Suryapet,,,,,
Nagarkurnool,TSSD0488,226.32,"{'min': 31.985000610351562, 'max': 36.369998931884766, 'mean': 34.158100743447584, 'count': 62, 'sum': 2117.80224609375, 'median': 33.95500183105469}","(78.26727079000005, 16.49459693400007, 78.45711110600007, 16.688643456000023)",31-08-2023.geojson,Tadoor,,,,,
Mulugu,TSSD0489,839.17,"{'min': 26.883333206176758, 'max': 32.650001525878906, 'mean': 28.566361453555047, 'count': 218, 'sum': 6227.466796875, 'median': 28.393333435058594}","(80.10419615200004, 17.996319820000053, 80.48000297700008, 18.393553888000042)",31-08-2023.geojson,Tadvai (Sammakka Sarakka),,,,,
Kamareddy,TSSD0490,177.12,"{'min': 26.69499969482422, 'max': 31.503334045410156, 'mean': 29.61565253075133, 'count': 47, 'sum': 1391.9356689453125, 'median': 29.709999084472656}","(78.15208823200004, 18.213409773000024, 78.30662145900004, 18.383527335000053)",31-08-2023.geojson,Tadwai,,,,,
Rangareddy,TSSD0491,245.69,"{'min': 30.229999542236328, 'max': 33.68333435058594, 'mean': 32.241995146780305, 'count': 66, 'sum': 2127.9716796875, 'median': 32.23666763305664}","(78.32295389600006, 16.777295856000023, 78.50523085400005, 16.961749273000066)",31-08-2023.geojson,Talakondapally,,,,,
Adilabad,TSSD0492,285.66,"{'min': 27.09000015258789, 'max': 37.290000915527344, 'mean': 31.04934752221201, 'count': 51, 'sum': 1583.5167236328125, 'median': 30.270000457763672}","(78.26295216300008, 19.53761522600007, 78.49682900700003, 19.716183126000033)",31-08-2023.geojson,Talamadugu,,,,,
Adilabad,TSSD0493,97.7,"{'min': 29.190000534057617, 'max': 36.04999923706055, 'mean': 32.894443088107636, 'count': 18, 'sum': 592.0999755859375, 'median': 33.400001525878906}","(78.33972411600007, 19.63174893000007, 78.51576933100006, 19.752904132000026)",31-08-2023.geojson,Tamsi,,,,,
Mancherial,TSSD0494,177.0,"{'min': 27.420000076293945, 'max': 33.470001220703125, 'mean': 31.21179931640625, 'count': 50, 'sum': 1560.5899658203125, 'median': 31.56999969482422}","(79.32361030500005, 19.082851204000065, 79.57052485400004, 19.226889392000032)",31-08-2023.geojson,Tandur,,,,,
Vikarabad,TSSD0495,240.33,"{'min': 27.309999465942383, 'max': 35.68000030517578, 'mean': 32.09658668154762, 'count': 63, 'sum': 2022.0849609375, 'median': 31.996665954589844}","(77.43695612500005, 17.209464535000052, 77.67739970400004, 17.402500187000044)",31-08-2023.geojson,Tandur,,,,,
Nirmal,TSSD0496,217.5,"{'min': 28.174999237060547, 'max': 33.9900016784668, 'mean': 30.583028859105603, 'count': 58, 'sum': 1773.815673828125, 'median': 30.683334350585938}","(77.76173454100007, 18.90445741800005, 77.90387245800008, 19.155003113000078)",31-08-2023.geojson,Tanoor,,,,,
Medak,TSSD0497,138.61,"{'min': 27.489999771118164, 'max': 35.40999984741211, 'mean': 30.2896728515625, 'count': 38, 'sum': 1151.007568359375, 'median': 29.494998931884766}","(77.96914892900008, 17.877695860000074, 78.09576951400004, 18.071839029000046)",31-08-2023.geojson,Tekmal,,,,,
Bhadradri Kothagudem,TSSD0498,467.77,"{'min': 26.850000381469727, 'max': 36.810001373291016, 'mean': 31.688112352715162, 'count': 122, 'sum': 3865.94970703125, 'median': 30.970001220703125}","(80.37730808200007, 17.508099650000077, 80.62125353800008, 17.765024521000043)",31-08-2023.geojson,Tekulapalle,,,,,
Jayashankar Bhupalpally,TSSD0499,105.62,"{'min': 31.610000610351562, 'max': 34.33000183105469, 'mean': 33.3489990234375, 'count': 10, 'sum': 333.489990234375, 'median': 33.48999786376953}","(79.56830471500007, 18.351151408000078, 79.68021060700005, 18.481462286000067)",31-08-2023.geojson,Tekumatla,,,,,
Nagarkurnool,TSSD0500,246.35,"{'min': 31.110000610351562, 'max': 37.16999816894531, 'mean': 33.89916598412298, 'count': 62, 'sum': 2101.748291015625, 'median': 33.67399978637695}","(78.34696131600003, 16.292821352000033, 78.51629761100008, 16.523862474000055)",31-08-2023.geojson,Telkapalle,,,,,
Khammam,TSSD0501,201.36,"{'min': 30.020000457763672, 'max': 36.7400016784668, 'mean': 33.60584878021816, 'count': 53, 'sum': 1781.1099853515625, 'median': 33.310001373291016}","(80.37659267100008, 17.090031495000062, 80.51879083800003, 17.305187707000073)",31-08-2023.geojson,Thallada,,,,,
Rajanna Sircilla,TSSD0502,188.9,"{'min': 24.696666717529297, 'max': 32.90999984741211, 'mean': 29.67248295802696, 'count': 51, 'sum': 1513.296630859375, 'median': 30.350000381469727}","(78.72705830300004, 18.25399247500019, 78.94322523800008, 18.414849795000066)",31-08-2023.geojson,Thangallapalli,,,,,
Jangoan,TSSD0503,85.48,"{'min': 29.46500015258789, 'max': 32.959999084472656, 'mean': 31.16957019624256, 'count': 21, 'sum': 654.5609741210938, 'median': 31.197999954223633}","(79.11661335800005, 17.901698373000045, 79.23410722300008, 17.998869741000078)",31-08-2023.geojson,Tharigoppula,,,,,
Nagarkurnool,TSSD0504,211.8,"{'min': 29.260000228881836, 'max': 35.03799819946289, 'mean': 32.81360291598136, 'count': 57, 'sum': 1870.3753662109375, 'median': 32.869998931884766}","(78.12774301200005, 16.58719177000006, 78.30066679700008, 16.739122914000063)",31-08-2023.geojson,Thimmajipeta,,,,,
Karimnagar,TSSD0505,159.28,"{'min': 24.315000534057617, 'max': 34.619998931884766, 'mean': 30.064492868822676, 'count': 43, 'sum': 1292.773193359375, 'median': 30.780000686645508}","(79.10148313700006, 18.256739006000032, 79.27138762700008, 18.42426985000003)",31-08-2023.geojson,Thimmapur,,,,,
Siddipet,TSSD0506,163.65,"{'min': 23.530000686645508, 'max': 30.93000030517578, 'mean': 27.848110033118207, 'count': 46, 'sum': 1281.0130615234375, 'median': 28.639999389648438}","(78.64082299900008, 17.935194339000077, 78.80609777400008, 18.103813367000043)",31-08-2023.geojson,Thoguta,,,,,
Mahabubabad,TSSD0507,190.94,"{'min': 30.683332443237305, 'max': 33.78333282470703, 'mean': 31.948471069335938, 'count': 48, 'sum': 1533.526611328125, 'median': 31.9233341217041}","(79.57724589900005, 17.48583601000007, 79.73451208900008, 17.685591776000024)",31-08-2023.geojson,Thorrur,,,,,
Suryapet,TSSD0508,155.64,"{'min': 31.190000534057617, 'max': 33.223331451416016, 'mean': 32.15031113735465, 'count': 43, 'sum': 1382.46337890625, 'median': 32.09000015258789}","(79.53306376300003, 17.336875194000072, 79.65698014400004, 17.505487876000075)",31-08-2023.geojson,Thungathurthy,,,,,
Nalgonda,TSSD0509,191.03,"{'min': 29.665000915527344, 'max': 33.61000061035156, 'mean': 31.48059321384804, 'count': 51, 'sum': 1605.51025390625, 'median': 31.56999969482422}","(79.30130099300004, 16.962640196000052, 79.50775880800006, 17.107243536000055)",31-08-2023.geojson,Tipparthy,,,,,
Suryapet,TSSD0510,133.14,"{'min': 31.510000228881836, 'max': 35.150001525878906, 'mean': 33.29057268415178, 'count': 35, 'sum': 1165.1700439453125, 'median': 33.24333190917969}","(79.36516547400004, 17.434097946000065, 79.57840336100008, 17.524158415000045)",31-08-2023.geojson,Tirumalagiri,,,,,
Nalgonda,TSSD0511,252.04,"{'min': 32.31999969482422, 'max': 39.58333206176758, 'mean': 36.32265249399038, 'count': 65, 'sum': 2360.972412109375, 'median': 36.595001220703125}","(79.26163271700005, 16.580070085000045, 79.46872681600007, 16.764696361000063)",31-08-2023.geojson,Tirumalagiri_Sagar,,,,,
Khammam,TSSD0512,235.92,"{'min': 32.09000015258789, 'max': 36.540000915527344, 'mean': 34.206031436011905, 'count': 63, 'sum': 2154.97998046875, 'median': 34.150001525878906}","(79.80212475200005, 17.26260219900007, 80.05769935000006, 17.405974666000077)",31-08-2023.geojson,Tirumalayapalem,,,,,
Hyderabad,TSSD0513,13.97,"{'min': 30.476667404174805, 'max': 31.209999084472656, 'mean': 30.84666633605957, 'count': 4, 'sum': 123.38666534423828, 'median': 30.850000381469727}","(78.46457994100007, 17.44383310300003, 78.51669244400006, 17.484285331000024)",31-08-2023.geojson,Tirumalgiri,,,,,
Kumurambheem Asifabad,TSSD0514,581.75,"{'min': 23.99333381652832, 'max': 34.79999923706055, 'mean': 28.472457082648027, 'count': 152, 'sum': 4327.8134765625, 'median': 28.00833511352539}","(79.03492001100005, 19.050559607000025, 79.39561347700004, 19.31944793300005)",31-08-2023.geojson,Tiryani,,,,,
Nalgonda,TSSD0515,161.12,"{'min': 29.714000701904297, 'max': 35.11000061035156, 'mean': 32.75103759765625, 'count': 40, 'sum': 1310.04150390625, 'median': 32.775001525878906}","(79.38610741200006, 16.71370968100007, 79.55776053800008, 16.93653709800003)",31-08-2023.geojson,Tripuraram,,,,,
Yadadri Bhuvanagiri,TSSD0516,188.2,"{'min': 28.90999984741211, 'max': 31.934999465942383, 'mean': 30.65814678485577, 'count': 52, 'sum': 1594.2236328125, 'median': 30.68000030517578}","(78.73050890600007, 17.570452835000026, 78.89834246500004, 17.752589976000024)",31-08-2023.geojson,Turkapalle_M,,,,,
Jogulamba Gadwal,TSSD0517,170.36,"{'min': 33.90999984741211, 'max': 39.996665954589844, 'mean': 37.696845476017444, 'count': 43, 'sum': 1620.96435546875, 'median': 38.097999572753906}","(77.88159823500007, 15.863581044000057, 78.08622663000006, 16.053428277000023)",31-08-2023.geojson,Undavelly,,,,,
Medchal_Malkajgiri,TSSD0518,52.14,"{'min': 29.8700008392334, 'max': 32.81666564941406, 'mean': 31.704615666316105, 'count': 13, 'sum': 412.1600036621094, 'median': 31.836666107177734}","(78.51557767600008, 17.36244841100006, 78.59239104200003, 17.472398036000072)",31-08-2023.geojson,Uppal,,,,,
Nagarkurnool,TSSD0519,220.67,"{'min': 25.058000564575195, 'max': 35.91666793823242, 'mean': 33.68335581634004, 'count': 59, 'sum': 1987.3179931640625, 'median': 33.720001220703125}","(78.49480188900003, 16.427307790000043, 78.78066858400007, 16.540239662000033)",31-08-2023.geojson,Uppunuthala,,,,,
Nagarkurnool,TSSD0520,151.12,"{'min': 28.309999465942383, 'max': 35.15999984741211, 'mean': 32.857997349330354, 'count': 42, 'sum': 1380.035888671875, 'median': 32.92499923706055}","(78.32047445900008, 16.645373909000057, 78.49203880200008, 16.79728595000006)",31-08-2023.geojson,Urkonda,,,,,
Adilabad,TSSD0521,387.91,"{'min': 25.270000457763672, 'max': 35.0099983215332, 'mean': 30.37626708984375, 'count': 100, 'sum': 3037.626708984375, 'median': 30.704999923706055}","(78.67318644400007, 19.21647222100006, 78.88463769300006, 19.513128066000036)",31-08-2023.geojson,Utnur,,,,,
Karimnagar,TSSD0522,142.44,"{'min': 28.229999542236328, 'max': 32.75, 'mean': 30.784035130550986, 'count': 38, 'sum': 1169.7933349609375, 'median': 30.850000381469727}","(79.24194008100005, 18.132462591000035, 79.37717220500008, 18.263355341000022)",31-08-2023.geojson,V_Saidapur,,,,,
Nizamabad,TSSD0523,135.3,"{'min': 27.5049991607666, 'max': 29.75, 'mean': 28.484300401475693, 'count': 36, 'sum': 1025.434814453125, 'median': 28.45800018310547}","(78.33304706400008, 18.693780867000044, 78.47512705800006, 18.85105660800002)",31-08-2023.geojson,Vailpur,,,,,
Yadadri Bhuvanagiri,TSSD0524,316.13,"{'min': 26.41666603088379, 'max': 33.10333251953125, 'mean': 30.714182783917682, 'count': 82, 'sum': 2518.56298828125, 'median': 30.64666748046875}","(78.90535444600005, 17.313647203000073, 79.22099072200007, 17.479032318000066)",31-08-2023.geojson,Valigonda,,,,,
Nagarkurnool,TSSD0525,244.56,"{'min': 30.049999237060547, 'max': 36.06999969482422, 'mean': 34.62620960582387, 'count': 66, 'sum': 2285.329833984375, 'median': 34.980003356933594}","(78.48140456800007, 16.498402209000062, 78.71532448400006, 16.664788172000044)",31-08-2023.geojson,Vangoor,,,,,
Nizamabad,TSSD0526,134.67,"{'min': 24.463333129882812, 'max': 27.956666946411133, 'mean': 26.290754045758927, 'count': 35, 'sum': 920.1763916015625, 'median': 26.40333366394043}","(77.84552225000004, 18.434438427000032, 78.04087699300004, 18.57495128000005)",31-08-2023.geojson,Varni,,,,,
Sangareddy,TSSD0527,138.9,"{'min': 23.84000015258789, 'max': 35.55500030517578, 'mean': 31.213735480057565, 'count': 38, 'sum': 1186.1219482421875, 'median': 32.395999908447266}","(77.82626219800005, 17.806470842000067, 77.97597402000008, 17.94784828400003)",31-08-2023.geojson,Vatpally,,,,,
Karimnagar,TSSD0528,149.05,"{'min': 25.98200035095215, 'max': 33.15999984741211, 'mean': 29.624652099609374, 'count': 40, 'sum': 1184.986083984375, 'median': 29.374500274658203}","(79.32153135600004, 18.284775453000066, 79.47308686900004, 18.451735262000057)",31-08-2023.geojson,Veenavanka,,,,,
Rajanna Sircilla,TSSD0529,108.34,"{'min': 26.736665725708008, 'max': 30.44333267211914, 'mean': 28.510894775390625, 'count': 28, 'sum': 798.3050537109375, 'median': 28.610000610351562}","(78.52432514700007, 18.43250137900003, 78.66155136400005, 18.551319524000064)",31-08-2023.geojson,Veernapalli,,,,,
Warangal_Urban,TSSD0530,99.79,"{'min': 29.67799949645996, 'max': 32.323333740234375, 'mean': 30.68529296875, 'count': 25, 'sum': 767.13232421875, 'median': 30.719999313354492}","(79.22835213700006, 17.93079546100006, 79.37723082100007, 18.05131547900004)",31-08-2023.geojson,Velair,,,,,
Nagarkurnool,TSSD0531,241.3,"{'min': 32.43000030517578, 'max': 37.82500076293945, 'mean': 34.52679143186475, 'count': 61, 'sum': 2106.13427734375, 'median': 34.66600036621094}","(78.46270790300008, 16.666440694000073, 78.68353178700005, 16.830959432000043)",31-08-2023.geojson,Veldanda,,,,,
Jagtial,TSSD0532,186.9,"{'min': 26.836666107177734, 'max': 33.630001068115234, 'mean': 30.42253268494898, 'count': 49, 'sum': 1490.7041015625, 'median': 30.799999237060547}","(79.12494408400005, 18.722845411000037, 79.29767471800005, 18.894953697000062)",31-08-2023.geojson,Velgatur,,,,,
Mancherial,TSSD0533,250.71,"{'min': 28.270000457763672, 'max': 34.4900016784668, 'mean': 30.991717714251894, 'count': 66, 'sum': 2045.453369140625, 'median': 30.55500030517578}","(79.69774836700003, 18.995230109000033, 79.93090835500004, 19.173999767000055)",31-08-2023.geojson,Vemanpalle,,,,,
Khammam,TSSD0534,212.09,"{'min': 29.69499969482422, 'max': 34.029998779296875, 'mean': 31.717302911931817, 'count': 55, 'sum': 1744.45166015625, 'median': 31.90999984741211}","(80.65028236900008, 17.04501079700003, 80.87710057800007, 17.186178728000073)",31-08-2023.geojson,Vemsoor,,,,,
Nalgonda,TSSD0535,112.25,"{'min': 29.54599952697754, 'max': 33.95000076293945, 'mean': 31.41949462890625, 'count': 31, 'sum': 974.0043334960938, 'median': 31.27666664123535}","(79.49070453100006, 16.89060024500003, 79.61612180500003, 17.07767939000007)",31-08-2023.geojson,Vemulapally,,,,,
Rajanna Sircilla,TSSD0536,84.86,"{'min': 27.889999389648438, 'max': 33.77000045776367, 'mean': 31.9556640625, 'count': 20, 'sum': 639.11328125, 'median': 32.03333282470703}","(78.80779904800005, 18.41516011400006, 78.91545277600005, 18.54459724000003)",31-08-2023.geojson,Vemulawada,,,,,
Rajanna Sircilla,TSSD0537,107.21,"{'min': 24.56999969482422, 'max': 34.07666778564453, 'mean': 30.142798287527903, 'count': 28, 'sum': 843.9983520507812, 'median': 30.336666107177734}","(78.77384337400008, 18.403529220000053, 78.91728096300005, 18.597872276000032)",31-08-2023.geojson,Vemulawada Rural,,,,,
Mulugu,TSSD0538,370.83,"{'min': 26.59000015258789, 'max': 33.650001525878906, 'mean': 29.186285477650316, 'count': 79, 'sum': 2305.716552734375, 'median': 29.020000457763672}","(79.85087728600007, 18.200829315000078, 80.17916133800009, 18.400974098000063)",31-08-2023.geojson,Venkatapur,,,,,
Mulugu,TSSD0539,588.35,"{'min': 24.8700008392334, 'max': 34.72999954223633, 'mean': 29.26416015625, 'count': 156, 'sum': 4565.208984375, 'median': 28.779998779296875}","(80.46538317500006, 18.105970334000062, 80.79370483500009, 18.449384397000074)",31-08-2023.geojson,Venkatapuram,,,,,
Vikarabad,TSSD0540,270.72,"{'min': 26.68000030517578, 'max': 33.529998779296875, 'mean': 29.827719245158452, 'count': 71, 'sum': 2117.76806640625, 'median': 29.729999542236328}","(77.79093909400007, 17.228214577000074, 78.02432692200006, 17.44577402500005)",31-08-2023.geojson,Vikarabad,,,,,
Jogulamba Gadwal,TSSD0541,129.2,"{'min': 35.25, 'max': 40.145999908447266, 'mean': 36.88754734848485, 'count': 33, 'sum': 1217.2890625, 'median': 36.45333480834961}","(77.71231111200007, 15.89601525300003, 77.89649991000005, 16.018746091000025)",31-08-2023.geojson,Waddepally,,,,,
Wanaparthy,TSSD0542,201.88,"{'min': 30.799999237060547, 'max': 35.689998626708984, 'mean': 33.764545515471816, 'count': 51, 'sum': 1721.9918212890625, 'median': 33.776668548583984}","(77.95375639600007, 16.253768913000044, 78.13510940900005, 16.464866955000048)",31-08-2023.geojson,Wanaparthy,,,,,
Kumurambheem Asifabad,TSSD0543,335.2,"{'min': 28.520000457763672, 'max': 37.83000183105469, 'mean': 34.98566335655121, 'count': 83, 'sum': 2903.81005859375, 'median': 35.2400016784668}","(79.20433473500003, 19.379408367000053, 79.42272052200008, 19.61653411900005)",31-08-2023.geojson,Wankidi,,,,,
Warangal_Urban,TSSD0544,39.54,"{'min': 30.71500015258789, 'max': 34.54999923706055, 'mean': 32.33484996448863, 'count': 11, 'sum': 355.683349609375, 'median': 32.4033317565918}","(79.59074538600004, 17.974576416000048, 79.67092088100003, 18.04143189300015)",31-08-2023.geojson,Warangal,,,,,
Warangal_Rural,TSSD0545,158.41,"{'min': 29.229999542236328, 'max': 33.95000076293945, 'mean': 31.75541825727983, 'count': 44, 'sum': 1397.2384033203125, 'median': 31.704999923706055}","(79.47950597500005, 17.695552186000043, 79.66242391200007, 17.87391055100005)",31-08-2023.geojson,Wardhannapet,,,,,
Siddipet,TSSD0546,141.87,"{'min': 27.290000915527344, 'max': 30.6200008392334, 'mean': 28.608637029474433, 'count': 33, 'sum': 944.0850219726562, 'median': 28.6299991607666}","(78.510667, 17.737442558000055, 78.67005759100005, 17.837924042000054)",31-08-2023.geojson,Wargal,,,,,
Wanaparthy,TSSD0547,165.53,"{'min': 29.9060001373291, 'max': 34.599998474121094, 'mean': 32.277582212936046, 'count': 43, 'sum': 1387.93603515625, 'median': 32.41999816894531}","(78.03872356400007, 16.081036264000033, 78.22753261000008, 16.189588461000028)",31-08-2023.geojson,Weepangandla,,,,,
Khammam,TSSD0548,135.48,"{'min': 32.130001068115234, 'max': 35.40999984741211, 'mean': 33.477027686866556, 'count': 37, 'sum': 1238.6500244140625, 'median': 33.45000076293945}","(80.29245451900005, 17.052642821000063, 80.43887726800006, 17.202658917000065)",31-08-2023.geojson,Wyra,,,,,
Rangareddy,TSSD0549,316.92,"{'min': 28.176666259765625, 'max': 33.48500061035156, 'mean': 31.24818680926067, 'count': 82, 'sum': 2562.351318359375, 'median': 31.552000045776367}","(78.54568468000008, 16.934093064000024, 78.80793281600006, 17.12867297300005)",31-08-2023.geojson,Yacharam,,,,,
Yadadri Bhuvanagiri,TSSD0550,186.21,"{'min': 30.864999771118164, 'max': 33.15999984741211, 'mean': 31.86141189874387, 'count': 51, 'sum': 1624.9320068359375, 'median': 31.802000045776367}","(78.84835935400008, 17.534587685000076, 79.03828959100008, 17.686530936000054)",31-08-2023.geojson,Yadagirigutta,,,,,
Nizamabad,TSSD0551,94.89,"{'min': 24.02142906188965, 'max': 28.55500030517578, 'mean': 26.764850323016827, 'count': 26, 'sum': 695.8861083984375, 'median': 26.817249298095703}","(77.91550924600006, 18.623425712000028, 78.04225781600007, 18.729394451000076)",31-08-2023.geojson,Yedapally,,,,,
Vikarabad,TSSD0552,198.18,"{'min': 27.44499969482422, 'max': 35.43000030517578, 'mean': 31.089647480085784, 'count': 51, 'sum': 1585.572021484375, 'median': 30.956666946411133}","(77.52786449900003, 17.13053142700005, 77.75138027800006, 17.285580779000043)",31-08-2023.geojson,Yelal,,,,,
Medak,TSSD0553,163.31,"{'min': 24.030000686645508, 'max': 30.43000030517578, 'mean': 28.085854134908537, 'count': 41, 'sum': 1151.52001953125, 'median': 28.229999542236328}","(78.25020444800003, 17.845214376000058, 78.42507897600012, 17.987096653000037)",31-08-2023.geojson,Yeldurthy,,,,,
Bhadradri Kothagudem,TSSD0554,446.45,"{'min': 26.110000610351562, 'max': 35.470001220703125, 'mean': 30.274069864241802, 'count': 122, 'sum': 3693.4365234375, 'median': 30.275001525878906}","(80.20203604400007, 17.495235336000064, 80.42881209300003, 17.784950355000035)",31-08-2023.geojson,Yellandu,,,,,
Kamareddy,TSSD0555,184.45,"{'min': 23.513334274291992, 'max': 28.5939998626709, 'mean': 26.029829998405614, 'count': 49, 'sum': 1275.461669921875, 'median': 26.239999771118164}","(77.94077074800003, 18.10658015200005, 78.09588024100003, 18.321288552000055)",31-08-2023.geojson,Yellareddy,,,,,
Rajanna Sircilla,TSSD0556,186.82,"{'min': 26.356666564941406, 'max': 33.34000015258789, 'mean': 29.209707222732842, 'count': 51, 'sum': 1489.695068359375, 'median': 28.760000228881836}","(78.54791135700003, 18.319811327000025, 78.75757783600005, 18.46288011300004)",31-08-2023.geojson,Yellareddypet,,,,,
Nizamabad,TSSD0557,68.02,"{'min': 23.956666946411133, 'max': 29.799999237060547, 'mean': 28.755489573759192, 'count': 17, 'sum': 488.84332275390625, 'median': 29.219999313354492}","(78.43614230700007, 18.871916310000074, 78.53864631300007, 18.97312927200005)",31-08-2023.geojson,Yergatla,,,,,
Khammam,TSSD0558,262.24,"{'min': 27.770000457763672, 'max': 37.45000076293945, 'mean': 33.27080829326923, 'count': 65, 'sum': 2162.6025390625, 'median': 33.90999984741211}","(80.42901058800004, 16.768789670000046, 80.60532488100006, 16.96155575100005)",31-08-2023.geojson,Yerrupalem,,,,,
Jangoan,TSSD0559,163.78,"{'min': 28.850000381469727, 'max': 34.513999938964844, 'mean': 32.320361328125, 'count': 45, 'sum': 1454.416259765625, 'median': 32.5099983215332}","(79.40432095600005, 17.69860641200006, 79.51467165900004, 17.89232289800003)",31-08-2023.geojson,Zaffergadh,,,,,
Sangareddy,TSSD0560,243.94,"{'min': 27.56999969482422, 'max': 32.709999084472656, 'mean': 30.40750399502841, 'count': 66, 'sum': 2006.895263671875, 'median': 30.549999237060547}","(77.47167387100006, 17.54590518200007, 77.71357368300005, 17.749326707000023)",31-08-2023.geojson,Zahirabad,,,,,
Nagarkurnool,TSSD0561,183.51,"{'min': 25.729999542236328, 'max': 35.43000030517578, 'mean': 32.82048816215701, 'count': 41, 'sum': 1345.6400146484375, 'median': 33.5099983215332}","(78.43086370300006, 16.197314094000035, 78.59402431200004, 16.37663690200003)",31-08-2023.geojson,Lingal,,,,,
Nagarkurnool,TSSD0562,222.74,"{'min': 30.341999053955078, 'max': 36.71666717529297, 'mean': 32.68658883231027, 'count': 56, 'sum': 1830.448974609375, 'median': 32.53499984741211}","(78.20110216600006, 16.35091361800005, 78.42443343200006, 16.530833019000056)",31-08-2023.geojson,Nagar_Kurnool,,,,,
Mahabubnagar,TSSD0563,145.45,"{'min': 28.315000534057617, 'max': 31.770000457763672, 'mean': 30.006436975990855, 'count': 41, 'sum': 1230.263916015625, 'median': 30.09000015258789}","(77.82864822500005, 16.643852022000033, 77.99254221500007, 16.772605979000048)",31-08-2023.geojson,Mahabubnagar_Rural,,,,,
Narayanpet,TSSD0564,256.63,"{'min': 31.77666664123535, 'max': 37.63666534423828, 'mean': 35.113087373621326, 'count': 68, 'sum': 2387.68994140625, 'median': 35.00666809082031}","(77.41869071500008, 16.543696836000038, 77.63466779000004, 16.729675432000022)",31-08-2023.geojson,Utkoor,,,,,
Rangareddy,TSSD0565,22.03,"{'min': 31.90999984741211, 'max': 33.290000915527344, 'mean': 32.66266784667969, 'count': 5, 'sum': 163.31333923339844, 'median': 32.723331451416016}","(78.50689165600005, 17.336093290000065, 78.58558260100006, 17.37992626500005)",31-08-2023.geojson,Saroornagar,,,,,
Sangareddy,TSSD0566,37.76,"{'min': 26.290000915527344, 'max': 31.1299991607666, 'mean': 29.743331909179688, 'count': 6, 'sum': 178.45999145507812, 'median': 30.240001678466797}","(78.28021050800004, 17.505606920000048, 78.35002219800003, 17.57992215400003)",31-08-2023.geojson,Ameenpur,,,,,
Sangareddy,TSSD0567,111.94,"{'min': 25.809999465942383, 'max': 31.75, 'mean': 28.87093734741211, 'count': 32, 'sum': 923.8699951171875, 'median': 28.920000076293945}","(78.22737331300004, 17.528204591000076, 78.38745191600003, 17.67226987500004)",31-08-2023.geojson,Jinnaram,,,,,
Medak,TSSD0568,112.07,"{'min': 26.850000381469727, 'max': 30.469999313354492, 'mean': 28.66518599898727, 'count': 27, 'sum': 773.9600219726562, 'median': 28.790000915527344}","(78.42603746200007, 17.77588639100003, 78.56138370400004, 17.89800592200004)",31-08-2023.geojson,Toopran,,,,,
Medak,TSSD0569,88.1,"{'min': 26.530000686645508, 'max': 30.59000015258789, 'mean': 28.68699951171875, 'count': 20, 'sum': 573.739990234375, 'median': 28.959999084472656}","(78.41929055500003, 17.692085064000025, 78.52257619700003, 17.817608290000067)",31-08-2023.geojson,Manoharabad,,,,,
Siddipet,TSSD0570,129.06,"{'min': 25.049999237060547, 'max': 30.90999984741211, 'mean': 28.31604701450893, 'count': 35, 'sum': 991.0616455078125, 'median': 28.229999542236328}","(78.52730335900003, 17.878079271000047, 78.64358807000008, 18.041003706000026)",31-08-2023.geojson,Doultabad,,,,,
Medak,TSSD0571,76.05,"{'min': 26.75, 'max': 29.6299991607666, 'mean': 28.359002685546876, 'count': 20, 'sum': 567.1800537109375, 'median': 28.420000076293945}","(78.07364299200003, 17.796666895000044, 78.18678124500008, 17.905026876000022)",31-08-2023.geojson,Chilipched,,,,,
Medak,TSSD0572,136.79,"{'min': 26.6200008392334, 'max': 31.549999237060547, 'mean': 28.788333892822266, 'count': 32, 'sum': 921.2266845703125, 'median': 28.540000915527344}","(78.32685103200004, 17.904917194000063, 78.44243876400003, 18.081304571000032)",31-08-2023.geojson,Shankarampet_R,,,,,
Medak,TSSD0573,131.44,"{'min': 24.489999771118164, 'max': 29.40999984741211, 'mean': 27.494424673227165, 'count': 26, 'sum': 714.8550415039062, 'median': 27.520000457763672}","(78.43107409900006, 17.905682555000055, 78.58520918700003, 18.06554777300005)",31-08-2023.geojson,Chegunta,,,,,
Kamareddy,TSSD0574,74.34,"{'min': 29.209999084472656, 'max': 31.290000915527344, 'mean': 30.06596615439967, 'count': 19, 'sum': 571.2533569335938, 'median': 29.920000076293945}","(78.37757087100005, 18.21350254400005, 78.52579487700007, 18.30009331800005)",31-08-2023.geojson,Domakonda,,,,,
Kamareddy,TSSD0575,168.77,"{'min': 27.139999389648438, 'max': 32.76333236694336, 'mean': 29.563619474085368, 'count': 41, 'sum': 1212.1083984375, 'median': 29.302000045776367}","(77.72979911700008, 18.190311369000028, 77.89310396100007, 18.380507752000028)",31-08-2023.geojson,Pitlam,,,,,
Kamareddy,TSSD0576,191.8,"{'min': 26.81999969482422, 'max': 31.523332595825195, 'mean': 29.29988069354363, 'count': 53, 'sum': 1552.8936767578125, 'median': 29.222000122070312}","(77.65355776700005, 18.300626045000058, 77.83219913400006, 18.488304079000045)",31-08-2023.geojson,Bichkunda,,,,,
Kamareddy,TSSD0577,82.32,"{'min': 24.579999923706055, 'max': 30.663333892822266, 'mean': 27.937272505326703, 'count': 22, 'sum': 614.6199951171875, 'median': 27.788333892822266}","(77.75813508500005, 18.372326572000077, 77.86341082200005, 18.505311680000034)",31-08-2023.geojson,Birkoor,,,,,
Adilabad,TSSD0578,34.92,"{'min': 29.530000686645508, 'max': 29.75, 'mean': 29.63666534423828, 'count': 3, 'sum': 88.90999603271484, 'median': 29.6299991607666}","(78.48710289700006, 19.60170591600007, 78.54305936500003, 19.683661252000036)",31-08-2023.geojson,Mavala,,,,,
Peddapalli,TSSD0579,122.7,"{'min': 26.983333587646484, 'max': 33.88999938964844, 'mean': 30.7116455078125, 'count': 30, 'sum': 921.349365234375, 'median': 30.979999542236328}","(79.31124542100008, 18.728421345000072, 79.45668509800004, 18.855615717000035)",31-08-2023.geojson,Anthergaon,,,,,
Mulugu,TSSD0580,576.05,"{'min': 25.75, 'max': 35.88999938964844, 'mean': 28.548046875, 'count': 145, 'sum': 4139.466796875, 'median': 28.110000610351562}","(80.37410149900006, 18.33990656700007, 80.68734144600006, 18.632607707000034)",31-08-2023.geojson,Wazeed,,,,,
Nizamabad,TSSD0581,158.53,"{'min': 26.296667098999023, 'max': 29.6200008392334, 'mean': 28.250141942223838, 'count': 43, 'sum': 1214.756103515625, 'median': 28.389999389648438}","(78.47512705800006, 18.684195498000065, 78.64029038200005, 18.900912592000054)",31-08-2023.geojson,Kammarpally,,,,,
Jangoan,TSSD0582,120.55,"{'min': 29.56999969482422, 'max': 34.46333312988281, 'mean': 32.30618940080915, 'count': 28, 'sum': 904.5733032226562, 'median': 32.51750183105469}","(79.38361325200003, 17.491730369000038, 79.56249112400008, 17.63017571100005)",31-08-2023.geojson,Kodakandla,,,,,
Narayanpet,TSSD0583,172.63,"{'min': 27.09749984741211, 'max': 38.58333206176758, 'mean': 33.45957253196023, 'count': 44, 'sum': 1472.22119140625, 'median': 34.461669921875}","(77.23725451100006, 16.366338565000035, 77.45641595200004, 16.49439566000018)",31-08-2023.geojson,Krishna,,,,,
Mancherial,TSSD0584,414.48,"{'min': 28.030000686645508, 'max': 36.099998474121094, 'mean': 30.408164204030797, 'count': 69, 'sum': 2098.163330078125, 'median': 29.729999542236328}","(79.69063140800006, 18.824880136000047, 79.96247775100005, 19.055750638000063)",31-08-2023.geojson,Kotapalle,,,,,
Warangal_Rural,TSSD0585,96.85,"{'min': 32.27000045776367, 'max': 35.47999954223633, 'mean': 33.899207705543155, 'count': 21, 'sum': 711.8833618164062, 'median': 34.130001068115234}","(79.58000525100005, 18.13079426400003, 79.67613864900011, 18.273366891000023)",31-08-2023.geojson,Nadikuda,,,,,
Medchal_Malkajgiri,TSSD0586,92.19,"{'min': 29.075000762939453, 'max': 32.529998779296875, 'mean': 30.99198796198918, 'count': 26, 'sum': 805.7916870117188, 'median': 31.25}","(78.60919935000027, 17.572950565000042, 78.72357522400006, 17.698451215000034)",31-08-2023.geojson,Muduchinthalaphally,,,,,
Siddipet,TSSD0587,66.64,"{'min': 25.850000381469727, 'max': 29.040000915527344, 'mean': 27.194703943589154, 'count': 17, 'sum': 462.3099670410156, 'median': 26.809999465942383}","(78.75009036300014, 18.179105241000116, 78.85292966200007, 18.26297022400007)",31-08-2023.geojson,Narayanraopet,,,,,
Nizamabad,TSSD0588,59.09,"{'min': 23.181428909301758, 'max': 26.44333267211914, 'mean': 24.654233932495117, 'count': 16, 'sum': 394.4677429199219, 'median': 24.43535614013672}","(77.93403706700008, 18.52915054300007, 78.05329923800008, 18.639067520000026)",31-08-2023.geojson,Mosra,,,,,
Nizamabad,TSSD0589,49.75,"{'min': 23.746665954589844, 'max': 27.190000534057617, 'mean': 25.858965192522323, 'count': 14, 'sum': 362.0255126953125, 'median': 26.623332977294922}","(77.91841617100005, 18.496525074000033, 78.04060240200005, 18.590460833)",31-08-2023.geojson,Chandur,,,,,
Sangareddy,TSSD0590,97.98,"{'min': 25.079999923706055, 'max': 35.7599983215332, 'mean': 31.470741554542823, 'count': 27, 'sum': 849.7100219726562, 'median': 31.270000457763672}","(78.03596075900009, 17.649676136000153, 78.15543426700003, 17.771041394000065)",31-08-2023.geojson,Chowtakur,,,,,
Medak,TSSD0591,67.5,"{'min': 26.84000015258789, 'max': 29.40999984741211, 'mean': 28.093889024522568, 'count': 18, 'sum': 505.69000244140625, 'median': 28.040000915527344}","(78.39670312900006, 17.869416313000045, 78.53362296600005, 17.948666831000025)",31-08-2023.geojson,Masaipet,,,,,
Siddipet,TSSD0592,70.13,"{'min': 29.030000686645508, 'max': 30.46500015258789, 'mean': 29.715438039679277, 'count': 19, 'sum': 564.5933227539062, 'median': 29.700000762939453}","(79.03345267100008, 17.94056795000006, 79.15307655800007, 18.032435260000113)",31-08-2023.geojson,Dhoolumitta,,,,,
Rangareddy,TSSD0001,254.22,"{'min': 30.67300033569336, 'max': 34.73476028442383, 'mean': 33.13648570667613, 'count': 66, 'sum': 2187.008056640625, 'median': 33.22333526611328}","(78.55995755200007, 17.23432776100003, 78.76246159900006, 17.40383786600006)",31-10-2023.geojson,Abdullapurmet,,,,,
Nagarkurnool,TSSD0002,502.12,"{'min': 29.770000457763672, 'max': 37.40666580200195, 'mean': 33.83906870039682, 'count': 126, 'sum': 4263.72265625, 'median': 34.119773864746094}","(78.58204158400008, 16.328785754000023, 79.06420699900008, 16.552355156000033)",31-10-2023.geojson,Achampet,,,,,
Nalgonda,TSSD0003,124.12,"{'min': 31.09666633605957, 'max': 34.94333267211914, 'mean': 33.05100689512311, 'count': 33, 'sum': 1090.6832275390625, 'median': 33.18555450439453}","(79.40552823000007, 16.61250682600007, 79.58503520000005, 16.727679548000026)",31-10-2023.geojson,Adavidevulapally,,,,,
Yadadri Bhuvanagiri,TSSD0004,141.84,"{'min': 31.155263900756836, 'max': 33.19736862182617, 'mean': 32.141023334703945, 'count': 38, 'sum': 1221.35888671875, 'median': 32.144737243652344}","(79.30480125000008, 17.343213083000023, 79.45808114400006, 17.48429223000005)",31-10-2023.geojson,Addagudur,,,,,
Mahabubnagar,TSSD0005,133.19,"{'min': 30.007646560668945, 'max': 34.108890533447266, 'mean': 32.809970431857636, 'count': 36, 'sum': 1181.158935546875, 'median': 32.90365982055664}","(77.85964485800008, 16.441965785000036, 78.01275922800005, 16.583453924000025)",31-10-2023.geojson,Addakal,,,,,
Adilabad,TSSD0006,296.11,"{'min': 28.97842025756836, 'max': 33.22444534301758, 'mean': 30.869362571022727, 'count': 77, 'sum': 2376.94091796875, 'median': 31.003334045410156}","(78.46791283600004, 19.529549935000034, 78.75075334500008, 19.743971118000047)",31-10-2023.geojson,Adilabad Rural,,,,,
Adilabad,TSSD0007,18.64,"{'min': 32.54111099243164, 'max': 33.887779235839844, 'mean': 33.28694152832031, 'count': 4, 'sum': 133.14776611328125, 'median': 33.35944366455078}","(78.51136180900005, 19.64107290800007, 78.56091570800004, 19.696663797000042)",31-10-2023.geojson,Adilabad Urban,,,,,
Jogulamba Gadwal,TSSD0008,281.08,"{'min': 33.720001220703125, 'max': 39.9555549621582, 'mean': 36.497221610915496, 'count': 71, 'sum': 2591.302734375, 'median': 36.62263107299805}","(77.51085515500006, 15.892624954000041, 77.79118149700008, 16.073899572000073)",31-10-2023.geojson,Aiza,,,,,
Siddipet,TSSD0009,181.57,"{'min': 30.230953216552734, 'max': 32.205238342285156, 'mean': 30.984208984375, 'count': 50, 'sum': 1549.21044921875, 'median': 31.00619125366211}","(79.09867562300008, 17.991228970000066, 79.28258652700003, 18.10859845500005)",31-10-2023.geojson,Akkannapet,,,,,
Yadadri Bhuvanagiri,TSSD0010,165.31,"{'min': 31.22142791748047, 'max': 33.76157760620117, 'mean': 32.48838628724564, 'count': 43, 'sum': 1397.0006103515625, 'median': 32.519474029541016}","(78.99234199800003, 17.567113119000055, 79.16709451200006, 17.725946442000065)",31-10-2023.geojson,Alair,,,,,
Jogulamba Gadwal,TSSD0011,212.17,"{'min': 33.89799880981445, 'max': 42.47705841064453, 'mean': 38.05737539438101, 'count': 52, 'sum': 1978.9835205078125, 'median': 37.41278076171875}","(78.05931506700006, 15.836429923000026, 78.25321888900004, 16.011158503000047)",31-10-2023.geojson,Alampur,,,,,
Medak,TSSD0012,106.37,"{'min': 29.445999145507812, 'max': 32.500526428222656, 'mean': 30.30369285300926, 'count': 27, 'sum': 818.19970703125, 'median': 30.073158264160156}","(77.88797224100006, 17.883895607000056, 78.00388009500006, 18.014119892000053)",31-10-2023.geojson,Alladurg,,,,,
Bhadradri Kothagudem,TSSD0013,507.54,"{'min': 26.548749923706055, 'max': 31.70111083984375, 'mean': 29.093250621448863, 'count': 132, 'sum': 3840.30908203125, 'median': 28.983333587646484}","(80.39744846200006, 17.75296549600006, 80.69612561700006, 18.05460231400002)",31-10-2023.geojson,Allapalli,,,,,
Medchal_Malkajgiri,TSSD0014,43.73,"{'min': 31.23200035095215, 'max': 32.9370002746582, 'mean': 32.04803744229403, 'count': 11, 'sum': 352.5284118652344, 'median': 32.16299819946289}","(78.47891113600008, 17.480615318000048, 78.57688553000008, 17.549306657000045)",31-10-2023.geojson,Alwal,,,,,
Rangareddy,TSSD0015,138.08,"{'min': 31.437000274658203, 'max': 34.85631561279297, 'mean': 33.276943630642364, 'count': 36, 'sum': 1197.969970703125, 'median': 33.236000061035156}","(78.48719442500004, 16.794263726000054, 78.63278904100008, 16.922855003000052)",31-10-2023.geojson,Amangal,,,,,
Wanaparthy,TSSD0016,110.02,"{'min': 28.29190444946289, 'max': 34.84333419799805, 'mean': 32.144775390625, 'count': 30, 'sum': 964.34326171875, 'median': 32.634002685546875}","(77.65718116000005, 16.32682638500006, 77.80141077600007, 16.437234124000042)",31-10-2023.geojson,Amarchintha,,,,,
Hyderabad,TSSD0017,9.23,"{'min': 33.07699966430664, 'max': 34.57099914550781, 'mean': 33.907752990722656, 'count': 4, 'sum': 135.63101196289062, 'median': 33.99150085449219}","(78.48463282000006, 17.368221164000033, 78.52881660000008, 17.40365662100004)",31-10-2023.geojson,Amberpet,,,,,
Hyderabad,TSSD0018,3.86,"{'min': 32.988094329833984, 'max': 32.988094329833984, 'mean': 32.988094329833984, 'count': 1, 'sum': 32.988094329833984, 'median': 32.988094329833984}","(78.42921871100003, 17.43080978200004, 78.46511365000003, 17.45407132100007)",31-10-2023.geojson,Ammerpet,,,,,
Nagarkurnool,TSSD0019,1218.96,"{'min': 26.77235221862793, 'max': 34.21526336669922, 'mean': 29.951581401209676, 'count': 310, 'sum': 9284.990234375, 'median': 29.736536026000977}","(78.48741327000005, 16.00923712100007, 79.02694515400003, 16.415272880000032)",31-10-2023.geojson,Amrabad,,,,,
Suryapet,TSSD0020,116.56,"{'min': 28.009000778198242, 'max': 29.78714370727539, 'mean': 28.871409098307293, 'count': 30, 'sum': 866.1422729492188, 'median': 28.867292404174805}","(79.90212536100006, 16.982533018000026, 80.06097163900006, 17.132924940000066)",31-10-2023.geojson,Ananthagiri,,,,,
Sangareddy,TSSD0021,186.83,"{'min': 28.533809661865234, 'max': 31.892000198364258, 'mean': 30.289594934341757, 'count': 47, 'sum': 1423.6109619140625, 'median': 30.28789520263672}","(77.94290081500003, 17.75956500500007, 78.11621519700003, 17.925892899000075)",31-10-2023.geojson,Andole,,,,,
Bhadradri Kothagudem,TSSD0022,176.27,"{'min': 28.011428833007812, 'max': 30.554000854492188, 'mean': 29.369551948879074, 'count': 46, 'sum': 1350.9993896484375, 'median': 29.60150146484375}","(80.64118685200003, 17.28576821300004, 80.85142774000008, 17.41689142100006)",31-10-2023.geojson,Annapureddipalle,,,,,
Nalgonda,TSSD0023,190.48,"{'min': 31.67300033569336, 'max': 36.54666519165039, 'mean': 34.159755859375, 'count': 50, 'sum': 1707.98779296875, 'median': 34.138885498046875}","(79.19527357000004, 16.726884840000025, 79.39201370200004, 16.913228080000067)",31-10-2023.geojson,Anumula_Haliya,,,,,
Nizamabad,TSSD0024,221.85,"{'min': 27.697999954223633, 'max': 32.9900016784668, 'mean': 31.170454915364584, 'count': 60, 'sum': 1870.227294921875, 'median': 31.589523315429688}","(78.17296352400007, 18.74292431300006, 78.35632004600006, 18.93725310900004)",31-10-2023.geojson,Armoor,,,,,
Kumurambheem Asifabad,TSSD0025,380.26,"{'min': 28.468095779418945, 'max': 31.795713424682617, 'mean': 29.88436829810049, 'count': 102, 'sum': 3048.20556640625, 'median': 29.872045516967773}","(79.05947913700004, 19.250334717000044, 79.39455949500007, 19.45064135100006)",31-10-2023.geojson,Asifabad,,,,,
Hyderabad,TSSD0026,12.88,"{'min': 32.599525451660156, 'max': 34.542381286621094, 'mean': 33.60619354248047, 'count': 4, 'sum': 134.42477416992188, 'median': 33.64142990112305}","(78.42582161500007, 17.359808491000024, 78.46198218000006, 17.408130664000055)",31-10-2023.geojson,Asifnagar,,,,,
Bhadradri Kothagudem,TSSD0027,329.09,"{'min': 27.525293350219727, 'max': 30.83300018310547, 'mean': 29.031247225674715, 'count': 88, 'sum': 2554.749755859375, 'median': 28.957500457763672}","(80.68546006000008, 17.692266541000038, 80.88829418500006, 17.933206824000024)",31-10-2023.geojson,Aswapuram,,,,,
Bhadradri Kothagudem,TSSD0028,564.09,"{'min': 26.238000869750977, 'max': 31.00176429748535, 'mean': 29.466987339317377, 'count': 141, 'sum': 4154.84521484375, 'median': 29.69533348083496}","(81.00029477700008, 17.215797421000048, 81.31479948400005, 17.495516869000028)",31-10-2023.geojson,Aswaraopeta,,,,,
Yadadri Bhuvanagiri,TSSD0029,171.54,"{'min': 31.66900062561035, 'max': 33.42894744873047, 'mean': 32.61463216145833, 'count': 45, 'sum': 1467.658447265625, 'median': 32.604000091552734}","(79.08082893600005, 17.39675374600006, 79.24565290200007, 17.53585182000006)",31-10-2023.geojson,Athmakur (M),,,,,
Wanaparthy,TSSD0030,137.9,"{'min': 29.724285125732422, 'max': 35.134761810302734, 'mean': 32.02184719509549, 'count': 36, 'sum': 1152.7864990234375, 'median': 31.706501007080078}","(77.73676945900007, 16.203007356000057, 77.92502598300007, 16.38983216400004)",31-10-2023.geojson,Atmakur,,,,,
Warangal_Rural,TSSD0031,100.48,"{'min': 29.16699981689453, 'max': 31.572999954223633, 'mean': 30.579448993389423, 'count': 26, 'sum': 795.065673828125, 'median': 30.738571166992188}","(79.67890460400008, 17.996386791000077, 79.82038191900006, 18.11908245500007)",31-10-2023.geojson,Atmakur,,,,,
Suryapet,TSSD0032,206.49,"{'min': 29.1299991607666, 'max': 31.184444427490234, 'mean': 30.086962890625, 'count': 55, 'sum': 1654.782958984375, 'median': 30.113529205322266}","(79.59145821600004, 17.18757524600005, 79.81482135400006, 17.314815594000038)",31-10-2023.geojson,Atmakur_S,,,,,
Yadadri Bhuvanagiri,TSSD0033,188.28,"{'min': 30.331817626953125, 'max': 33.97761917114258, 'mean': 32.083912568933826, 'count': 51, 'sum': 1636.279541015625, 'median': 32.08238220214844}","(78.70944519200003, 17.280238217000033, 78.91168170600008, 17.414015307000057)",31-10-2023.geojson,B.Pochampally,,,,,
Jangoan,TSSD0034,215.84,"{'min': 29.3700008392334, 'max': 32.339473724365234, 'mean': 30.91168212890625, 'count': 58, 'sum': 1792.8775634765625, 'median': 30.95110511779785}","(78.86787166400006, 17.709206091000055, 79.10262993800006, 17.8761671850001)",31-10-2023.geojson,Bachannapet,,,,,
Medchal_Malkajgiri,TSSD0035,17.73,"{'min': 31.486190795898438, 'max': 32.910953521728516, 'mean': 31.982574462890625, 'count': 5, 'sum': 159.91287231445312, 'median': 31.976667404174805}","(78.34798865200008, 17.510629856000037, 78.39909413900006, 17.553712028000064)",31-10-2023.geojson,Bachupally,,,,,
Hyderabad,TSSD0036,15.01,"{'min': 31.823333740234375, 'max': 34.44047546386719, 'mean': 33.29349263509115, 'count': 3, 'sum': 99.88047790527344, 'median': 33.61666488647461}","(78.43027281000008, 17.326923403000023, 78.47901840600008, 17.372507289000055)",31-10-2023.geojson,Bahadurpura,,,,,
Mahabubnagar,TSSD0037,174.74,"{'min': 31.39727210998535, 'max': 34.13399887084961, 'mean': 32.888974397078805, 'count': 46, 'sum': 1512.892822265625, 'median': 32.92850112915039}","(78.08729467400008, 16.845259309000028, 78.30248119100008, 17.011459106000075)",31-10-2023.geojson,Balanagar,,,,,
Medchal_Malkajgiri,TSSD0038,19.28,"{'min': 32.23899841308594, 'max': 34.433998107910156, 'mean': 33.376953125, 'count': 5, 'sum': 166.884765625, 'median': 33.21476364135742}","(78.41398145500006, 17.437593329000038, 78.49711234500006, 17.495946916000037)",31-10-2023.geojson,Balanagar,,,,,
Rangareddy,TSSD0039,131.84,"{'min': 30.89299964904785, 'max': 34.306190490722656, 'mean': 32.552908761160715, 'count': 35, 'sum': 1139.351806640625, 'median': 32.617618560791016}","(78.40825680200004, 17.228240129000028, 78.57240744700005, 17.342781479000053)",31-10-2023.geojson,Balapur,,,,,
Nizamabad,TSSD0040,97.3,"{'min': 27.370952606201172, 'max': 32.28818130493164, 'mean': 29.9954150390625, 'count': 25, 'sum': 749.8853759765625, 'median': 30.736665725708008}","(78.27055155900007, 18.820303712000054, 78.39954724000006, 18.968813210000064)",31-10-2023.geojson,Balkonda,,,,,
Nagarkurnool,TSSD0041,243.17,"{'min': 27.407777786254883, 'max': 35.61235427856445, 'mean': 33.08528019831731, 'count': 65, 'sum': 2150.543212890625, 'median': 33.64176559448242}","(78.49549449900007, 16.225707747000058, 78.67809309200004, 16.452804138000033)",31-10-2023.geojson,Balmoor,,,,,
Hyderabad,TSSD0042,21.38,"{'min': 32.988094329833984, 'max': 34.900474548339844, 'mean': 34.0474599202474, 'count': 6, 'sum': 204.28475952148438, 'median': 34.04856872558594}","(78.45371439300004, 17.293465379000054, 78.51861491400007, 17.352247109000075)",31-10-2023.geojson,Bandlaguda,,,,,
Kamareddy,TSSD0043,142.84,"{'min': 28.204286575317383, 'max': 31.312105178833008, 'mean': 29.25961216517857, 'count': 35, 'sum': 1024.08642578125, 'median': 29.09000015258789}","(77.83852436200004, 18.316119945000025, 78.03038834200004, 18.45416467000007)",31-10-2023.geojson,Banswada,,,,,
Vikarabad,TSSD0044,91.56,"{'min': 30.702999114990234, 'max': 31.957000732421875, 'mean': 31.26468017578125, 'count': 25, 'sum': 781.6170043945312, 'median': 31.204999923706055}","(77.61390270400005, 17.383589031000042, 77.77189871100006, 17.483158091000064)",31-10-2023.geojson,Bantwaram,,,,,
Nirmal,TSSD0045,108.16,"{'min': 29.728181838989258, 'max': 36.215999603271484, 'mean': 33.7166537580819, 'count': 29, 'sum': 977.782958984375, 'median': 33.94047546386719}","(77.87395490400007, 18.84522452500005, 78.04060419300004, 18.95240894500006)",31-10-2023.geojson,Basar,,,,,
Vikarabad,TSSD0046,206.01,"{'min': 30.742631912231445, 'max': 34.215999603271484, 'mean': 32.538677863354955, 'count': 53, 'sum': 1724.5499267578125, 'median': 32.38111114501953}","(77.36247981800005, 17.108590786000036, 77.53841200600004, 17.271892981000065)",31-10-2023.geojson,Basheerabad,,,,,
Mahabubabad,TSSD0047,307.29,"{'min': 28.358888626098633, 'max': 31.49888801574707, 'mean': 29.906575520833332, 'count': 81, 'sum': 2422.4326171875, 'median': 30.00666618347168}","(80.05728874800008, 17.53352028000006, 80.26094565000005, 17.75039165800007)",31-10-2023.geojson,Bayyaram,,,,,
Adilabad,TSSD0048,253.13,"{'min': 26.83799934387207, 'max': 31.891000747680664, 'mean': 30.28560267857143, 'count': 70, 'sum': 2119.9921875, 'median': 30.377222061157227}","(78.27492577100008, 19.393371099000035, 78.47377904700005, 19.580545785000027)",31-10-2023.geojson,Bazarhathnoor,,,,,
Jagtial,TSSD0049,108.89,"{'min': 28.72599983215332, 'max': 31.049047470092773, 'mean': 29.542689169606856, 'count': 31, 'sum': 915.8233642578125, 'median': 29.373809814453125}","(78.87792220400007, 18.96036622300005, 79.02108975900006, 19.07988819600007)",31-10-2023.geojson,Beerpur,,,,,
Siddipet,TSSD0050,152.56,"{'min': 30.548948287963867, 'max': 32.01499938964844, 'mean': 31.345159912109374, 'count': 40, 'sum': 1253.806396484375, 'median': 31.365285873413086}","(78.95201931600008, 18.18925398600004, 79.11791494600004, 18.34315846100003)",31-10-2023.geojson,Bejjanki,,,,,
Kumurambheem Asifabad,TSSD0051,282.92,"{'min': 28.389999389648438, 'max': 30.8271427154541, 'mean': 29.630084635416665, 'count': 75, 'sum': 2222.25634765625, 'median': 29.68904685974121}","(79.71984640800008, 19.26669339700004, 79.96748160900006, 19.444060153000066)",31-10-2023.geojson,Bejjur,,,,,
Adilabad,TSSD0052,252.64,"{'min': 27.569047927856445, 'max': 32.49588394165039, 'mean': 30.510027456974637, 'count': 69, 'sum': 2105.19189453125, 'median': 30.314706802368164}","(78.68107592100006, 19.56508431800006, 78.85966689500003, 19.782733789000076)",31-10-2023.geojson,Bela,,,,,
Mancherial,TSSD0053,146.79,"{'min': 29.3700008392334, 'max': 32.33842086791992, 'mean': 30.637554931640626, 'count': 40, 'sum': 1225.502197265625, 'median': 30.583450317382812}","(79.41901996000007, 18.98112085100007, 79.58961168500008, 19.132048594000025)",31-10-2023.geojson,Bellampalle,,,,,
Bhadradri Kothagudem,TSSD0054,11.21,"{'min': 31.80368423461914, 'max': 31.825790405273438, 'mean': 31.81473731994629, 'count': 2, 'sum': 63.62947463989258, 'median': 31.81473731994629}","(80.87537144200007, 17.64270969100005, 80.91092172600008, 17.683719212000028)",31-10-2023.geojson,Bhadrachalam,,,,,
Nirmal,TSSD0055,247.42,"{'min': 30.69700050354004, 'max': 34.5528564453125, 'mean': 33.16939351096082, 'count': 67, 'sum': 2222.349365234375, 'median': 33.369998931884766}","(77.87843723700007, 19.03252738200007, 78.09109643600004, 19.219462747000023)",31-10-2023.geojson,Bhainsa,,,,,
Warangal_Urban,TSSD0056,147.17,"{'min': 30.235000610351562, 'max': 32.25761795043945, 'mean': 30.979359654017856, 'count': 35, 'sum': 1084.277587890625, 'median': 30.912857055664062}","(79.25802483300004, 18.001111758000036, 79.41034323000008, 18.156221128000027)",31-10-2023.geojson,Bheemadevarapalli,,,,,
Mancherial,TSSD0057,156.12,"{'min': 28.761110305786133, 'max': 30.670000076293945, 'mean': 29.790123572716347, 'count': 39, 'sum': 1161.8148193359375, 'median': 29.792104721069336}","(79.58636746400003, 18.76414004000003, 79.73368796500006, 18.942415460000063)",31-10-2023.geojson,Bheemaram,,,,,
Nizamabad,TSSD0058,225.03,"{'min': 28.10099983215332, 'max': 32.011817932128906, 'mean': 29.92013956705729, 'count': 60, 'sum': 1795.2083740234375, 'median': 30.062726974487305}","(78.35785953300007, 18.617871123000043, 78.59699998100007, 18.754933092000044)",31-10-2023.geojson,Bheemgal,,,,,
Mancherial,TSSD0059,151.63,"{'min': 29.539566040039062, 'max': 31.242727279663086, 'mean': 30.390375181686046, 'count': 43, 'sum': 1306.7861328125, 'median': 30.419523239135742}","(79.50578178000006, 19.14043541600006, 79.67664248700004, 19.288073780000047)",31-10-2023.geojson,Bheemini,,,,,
Adilabad,TSSD0060,195.62,"{'min': 29.58222198486328, 'max': 34.0977783203125, 'mean': 30.91267037898936, 'count': 47, 'sum': 1452.8955078125, 'median': 30.850000381469727}","(78.28468101500005, 19.728594951000048, 78.49256909000007, 19.91690008100005)",31-10-2023.geojson,Bheempoor,,,,,
Kamareddy,TSSD0061,154.94,"{'min': 28.27857208251953, 'max': 31.680999755859375, 'mean': 30.125453404017858, 'count': 42, 'sum': 1265.26904296875, 'median': 30.113094329833984}","(78.33227141500004, 18.122403492000046, 78.50250512100007, 18.278813365000076)",31-10-2023.geojson,Bhiknoor,,,,,
Yadadri Bhuvanagiri,TSSD0062,299.2,"{'min': 30.54199981689453, 'max': 34.319522857666016, 'mean': 32.64592097355769, 'count': 78, 'sum': 2546.3818359375, 'median': 32.66450119018555}","(78.80997708400008, 17.36896378700004, 79.04721217500008, 17.595952069000077)",31-10-2023.geojson,Bhongiri,,,,,
Mahabubnagar,TSSD0063,177.56,"{'min': 30.673999786376953, 'max': 33.36894607543945, 'mean': 31.745667802526597, 'count': 47, 'sum': 1492.04638671875, 'median': 31.594999313354492}","(77.97152580800008, 16.592727025000045, 78.15346036600005, 16.739702366000074)",31-10-2023.geojson,Bhoothpur,,,,,
Jayashankar Bhupalpally,TSSD0064,412.31,"{'min': 28.165788650512695, 'max': 33.617000579833984, 'mean': 30.03866012008102, 'count': 108, 'sum': 3244.17529296875, 'median': 29.422550201416016}","(79.72643010900003, 18.326274666000074, 80.15195044700005, 18.518666378000034)",31-10-2023.geojson,Bhupalpally,,,,,
Yadadri Bhuvanagiri,TSSD0065,181.21,"{'min': 29.950000762939453, 'max': 33.27799987792969, 'mean': 31.98370984135842, 'count': 49, 'sum': 1567.2017822265625, 'median': 31.95857048034668}","(78.70762825800006, 17.383774324000058, 78.91649957900006, 17.531102042000043)",31-10-2023.geojson,Bibinagar,,,,,
Kamareddy,TSSD0066,80.7,"{'min': 28.113000869750977, 'max': 31.426000595092773, 'mean': 29.810943603515625, 'count': 20, 'sum': 596.2188720703125, 'median': 29.857999801635742}","(78.46247299900006, 18.169106830000032, 78.56926485100007, 18.275633318000075)",31-10-2023.geojson,Bibipet,,,,,
Nagarkurnool,TSSD0067,265.69,"{'min': 30.414443969726562, 'max': 34.00263214111328, 'mean': 31.838609095982143, 'count': 70, 'sum': 2228.70263671875, 'median': 31.812660217285156}","(78.10083116400006, 16.421414171000038, 78.28225422800006, 16.626726615000052)",31-10-2023.geojson,Bijinapalle,,,,,
Adilabad,TSSD0068,324.19,"{'min': 29.03761863708496, 'max': 32.237998962402344, 'mean': 30.813797962816455, 'count': 79, 'sum': 2434.2900390625, 'median': 30.94333267211914}","(78.17215629700007, 19.264980181000055, 78.39684222400007, 19.45647146400006)",31-10-2023.geojson,Boath,,,,,
Nizamabad,TSSD0069,274.45,"{'min': 28.718000411987305, 'max': 35.29199981689453, 'mean': 31.455225278253426, 'count': 73, 'sum': 2296.2314453125, 'median': 30.864999771118164}","(77.73094369300003, 18.573510121000027, 77.96006357300001, 18.81143505500006)",31-10-2023.geojson,Bodhan,,,,,
Rajanna Sircilla,TSSD0070,143.88,"{'min': 28.607894897460938, 'max': 30.99210548400879, 'mean': 30.0191025152439, 'count': 41, 'sum': 1230.783203125, 'median': 29.976316452026367}","(78.89142673800006, 18.39155487200003, 78.99623800100005, 18.58330450400007)",31-10-2023.geojson,Boinpalli,,,,,
Yadadri Bhuvanagiri,TSSD0071,165.4,"{'min': 30.355262756347656, 'max': 32.92399978637695, 'mean': 31.31204078311012, 'count': 42, 'sum': 1315.105712890625, 'median': 31.316665649414062}","(78.68260567800007, 17.506909476000033, 78.83660271700006, 17.66778853200003)",31-10-2023.geojson,Bommalaramaram,,,,,
Vikarabad,TSSD0072,219.46,"{'min': 30.594209671020508, 'max': 34.05842208862305, 'mean': 31.973866053989955, 'count': 56, 'sum': 1790.5364990234375, 'median': 31.950000762939453}","(77.61321700700006, 17.021545857000035, 77.78997648900008, 17.236770282000066)",31-10-2023.geojson,Bommaraspeta,,,,,
Khammam,TSSD0073,164.0,"{'min': 30.176666259765625, 'max': 32.52764892578125, 'mean': 31.366806402439025, 'count': 41, 'sum': 1286.0390625, 'median': 31.41421127319336}","(80.19836868700008, 16.94670916900003, 80.36649696300003, 17.117145719000064)",31-10-2023.geojson,Bonakal,,,,,
Jagtial,TSSD0074,80.72,"{'min': 28.59363555908203, 'max': 29.629047393798828, 'mean': 28.945126740828805, 'count': 23, 'sum': 665.7379150390625, 'median': 28.899999618530273}","(79.00621644400007, 18.822787249000044, 79.14474962700007, 18.91916278800005)",31-10-2023.geojson,Buggaram,,,,,
Bhadradri Kothagudem,TSSD0075,212.03,"{'min': 29.010000228881836, 'max': 31.940526962280273, 'mean': 30.370112666377313, 'count': 54, 'sum': 1639.986083984375, 'median': 30.292667388916016}","(80.73228080900003, 17.59843230000007, 80.90367732300007, 17.75553509100007)",31-10-2023.geojson,Burgampadu,,,,,
Nalgonda,TSSD0076,349.48,"{'min': 32.31999969482422, 'max': 37.48444366455078, 'mean': 34.23913043478261, 'count': 92, 'sum': 3150.0, 'median': 33.934112548828125}","(78.83961784400003, 16.35584791900004, 79.21275923200005, 16.646382362000054)",31-10-2023.geojson,Chandampet,,,,,
Bhadradri Kothagudem,TSSD0077,146.4,"{'min': 26.658571243286133, 'max': 32.608665466308594, 'mean': 30.235219594594593, 'count': 37, 'sum': 1118.703125, 'median': 30.45571517944336}","(80.55637660300005, 17.31648540200007, 80.69607967500008, 17.452303995000022)",31-10-2023.geojson,Chandrugonda,,,,,
Nalgonda,TSSD0078,210.39,"{'min': 34.01736831665039, 'max': 36.93947219848633, 'mean': 35.22347158755896, 'count': 53, 'sum': 1866.843994140625, 'median': 35.2066650390625}","(78.89291217500005, 16.893248166000035, 79.10048328200008, 17.094642131000057)",31-10-2023.geojson,Chandur,,,,,
Nagarkurnool,TSSD0079,172.21,"{'min': 32.98777770996094, 'max': 36.9900016784668, 'mean': 35.14570855034722, 'count': 45, 'sum': 1581.556884765625, 'median': 35.26333236694336}","(78.57614983600007, 16.636888998000074, 78.79233917400006, 16.779519700000037)",31-10-2023.geojson,Charakonda,,,,,
Hyderabad,TSSD0080,5.37,"{'min': 35.075714111328125, 'max': 35.075714111328125, 'mean': 35.075714111328125, 'count': 1, 'sum': 35.075714111328125, 'median': 35.075714111328125}","(78.47460501900008, 17.34768383200003, 78.50070316000006, 17.376123801000062)",31-10-2023.geojson,Charminar,,,,,
Rajanna Sircilla,TSSD0081,172.75,"{'min': 28.14047622680664, 'max': 30.851903915405273, 'mean': 29.590438842773438, 'count': 48, 'sum': 1420.341064453125, 'median': 29.55727767944336}","(78.61274932300006, 18.50685668500006, 78.84598478800007, 18.63425720600003)",31-10-2023.geojson,Chendurthi,,,,,
Warangal_Rural,TSSD0082,99.63,"{'min': 28.84238052368164, 'max': 30.741579055786133, 'mean': 30.143462082435345, 'count': 29, 'sum': 874.160400390625, 'median': 30.200475692749023}","(79.77887035600008, 17.796694865000063, 79.93870076600007, 17.912052966000033)",31-10-2023.geojson,Chennaraopet,,,,,
Mancherial,TSSD0083,348.6,"{'min': 28.856000900268555, 'max': 33.07421112060547, 'mean': 30.148562224014945, 'count': 92, 'sum': 2773.667724609375, 'median': 29.926616668701172}","(79.65949015600006, 18.682762397000033, 79.84767354200005, 18.959046801000056)",31-10-2023.geojson,Chennur,,,,,
Siddipet,TSSD0084,222.44,"{'min': 29.348094940185547, 'max': 31.89900016784668, 'mean': 30.367580607786017, 'count': 59, 'sum': 1791.687255859375, 'median': 30.36618995666504}","(78.86758954600003, 17.828098220000072, 79.06729449200009, 18.036935309000057)",31-10-2023.geojson,Cherial,,,,,
Bhadradri Kothagudem,TSSD0085,477.35,"{'min': 26.898235321044922, 'max': 37.060001373291016, 'mean': 30.112602419969512, 'count': 123, 'sum': 3703.85009765625, 'median': 29.520000457763672}","(80.73391161600006, 17.933206824000024, 80.98568532800005, 18.238859586000046)",31-10-2023.geojson,Cherla,,,,,
Rangareddy,TSSD0086,276.14,"{'min': 31.812726974487305, 'max': 34.89666748046875, 'mean': 33.210422463613014, 'count': 73, 'sum': 2424.36083984375, 'median': 33.21799850463867}","(78.00412674500006, 17.23299501100007, 78.21859291200008, 17.409433687000046)",31-10-2023.geojson,Chevella,,,,,
Karimnagar,TSSD0087,149.85,"{'min': 30.05299949645996, 'max': 31.934999465942383, 'mean': 30.790689086914064, 'count': 40, 'sum': 1231.6275634765625, 'median': 30.732500076293945}","(79.10798904900008, 18.16049209700003, 79.25728156700006, 18.285204140000076)",31-10-2023.geojson,Chigurumamidi,,,,,
Suryapet,TSSD0088,109.2,"{'min': 27.659000396728516, 'max': 31.880666732788086, 'mean': 29.099373953683035, 'count': 28, 'sum': 814.782470703125, 'median': 28.69748306274414}","(79.79036079100007, 16.906046110000034, 79.93531953700005, 17.024466438000047)",31-10-2023.geojson,Chilkur,,,,,
Jangoan,TSSD0089,157.63,"{'min': 29.261428833007812, 'max': 31.573808670043945, 'mean': 30.53876442132994, 'count': 43, 'sum': 1313.1668701171875, 'median': 30.71476173400879}","(79.20344106000005, 17.85176273600007, 79.44938298400007, 17.98733100100003)",31-10-2023.geojson,Chilpur,,,,,
Mahabubnagar,TSSD0090,182.6,"{'min': 29.874210357666016, 'max': 36.56444549560547, 'mean': 33.415009765625, 'count': 50, 'sum': 1670.75048828125, 'median': 33.380001068115234}","(77.73330203000006, 16.37851123300004, 77.87096754700008, 16.616724610000063)",31-10-2023.geojson,Chinna Chinta Kunta,,,,,
Mahabubabad,TSSD0091,62.33,"{'min': 29.364736557006836, 'max': 31.33222198486328, 'mean': 30.319949879365808, 'count': 17, 'sum': 515.4391479492188, 'median': 30.37299919128418}","(79.84909294100004, 17.449136596000073, 79.93830751200005, 17.551928229000055)",31-10-2023.geojson,Chinnagudur,,,,,
Siddipet,TSSD0092,210.1,"{'min': 29.86578941345215, 'max': 32.345001220703125, 'mean': 31.051127115885418, 'count': 60, 'sum': 1863.067626953125, 'median': 30.997499465942383}","(78.82494370000006, 18.112037676000057, 79.02016956300008, 18.25691097600003)",31-10-2023.geojson,Chinnakodur,,,,,
Wanaparthy,TSSD0093,211.48,"{'min': 31.37285804748535, 'max': 40.87823486328125, 'mean': 34.520030054552805, 'count': 58, 'sum': 2002.1617431640625, 'median': 34.11333465576172}","(78.05946824700004, 15.943903422000062, 78.25862092700004, 16.10487720200007)",31-10-2023.geojson,Chinnambavi,,,,,
Khammam,TSSD0094,188.05,"{'min': 30.648181915283203, 'max': 33.59000015258789, 'mean': 32.19074547809103, 'count': 46, 'sum': 1480.7742919921875, 'median': 32.26023864746094}","(80.15749622700008, 17.00863986300004, 80.30764277300005, 17.236461319000057)",31-10-2023.geojson,Chintakani,,,,,
Kumurambheem Asifabad,TSSD0095,288.59,"{'min': 28.241764068603516, 'max': 31.673158645629883, 'mean': 29.747650146484375, 'count': 80, 'sum': 2379.81201171875, 'median': 29.763362884521484}","(79.67767908700006, 19.36047807800003, 79.97913072000006, 19.567678157000046)",31-10-2023.geojson,Chintalamanepally,,,,,
Suryapet,TSSD0096,202.08,"{'min': 29.053157806396484, 'max': 33.5977783203125, 'mean': 32.011024624693626, 'count': 51, 'sum': 1632.562255859375, 'median': 32.31235122680664}","(79.89168709400008, 16.63122235000003, 80.07323171000007, 16.848894700000073)",31-10-2023.geojson,Chinthala palem,,,,,
Nalgonda,TSSD0097,274.6,"{'min': 32.48523712158203, 'max': 36.671112060546875, 'mean': 34.64630859375, 'count': 75, 'sum': 2598.47314453125, 'median': 34.728946685791016}","(78.69548427600006, 16.739825453000037, 78.92444476600008, 16.973748571000044)",31-10-2023.geojson,Chinthapally,,,,,
Jayashankar Bhupalpally,TSSD0098,210.42,"{'min': 30.044736862182617, 'max': 34.29499816894531, 'mean': 32.01130756578947, 'count': 57, 'sum': 1824.64453125, 'median': 32.13800048828125}","(79.64088009700004, 18.283442338000043, 79.79196266500009, 18.492380515000036)",31-10-2023.geojson,Chityal,,,,,
Nalgonda,TSSD0099,237.77,"{'min': 32.294212341308594, 'max': 34.893333435058594, 'mean': 33.37675374348958, 'count': 60, 'sum': 2002.605224609375, 'median': 33.23105239868164}","(78.96087085700003, 17.126777316000073, 79.17779320000005, 17.284106424000072)",31-10-2023.geojson,Chityal,,,,,
Suryapet,TSSD0100,151.19,"{'min': 28.774444580078125, 'max': 32.802940368652344, 'mean': 30.087673950195313, 'count': 40, 'sum': 1203.5069580078125, 'median': 29.844118118286133}","(79.61526708400004, 17.06178183000003, 79.77234545500005, 17.21508940600006)",31-10-2023.geojson,Chivvemla,,,,,
Karimnagar,TSSD0101,141.96,"{'min': 28.058181762695312, 'max': 30.69499969482422, 'mean': 29.535972193667764, 'count': 38, 'sum': 1122.366943359375, 'median': 29.58861541748047}","(79.09673047900003, 18.516979337000066, 79.23072403500004, 18.66557143500006)",31-10-2023.geojson,Choppadandi,,,,,
Yadadri Bhuvanagiri,TSSD0102,264.84,"{'min': 31.00157928466797, 'max': 34.84684371948242, 'mean': 33.13156084947183, 'count': 71, 'sum': 2352.3408203125, 'median': 33.0957145690918}","(78.747570484, 17.19528529400003, 78.99749932000003, 17.348531597000033)",31-10-2023.geojson,Choutuppal,,,,,
Rangareddy,TSSD0103,111.15,"{'min': 29.32900047302246, 'max': 31.14714241027832, 'mean': 30.351148817274307, 'count': 27, 'sum': 819.4810180664062, 'median': 30.286190032958984}","(77.92190617600005, 16.980166997000026, 78.03572549400008, 17.14859407800003)",31-10-2023.geojson,Chowdergudem,,,,,
Bhadradri Kothagudem,TSSD0104,113.98,"{'min': 28.54428482055664, 'max': 31.672666549682617, 'mean': 29.907555364793346, 'count': 31, 'sum': 927.1342163085938, 'median': 29.93857192993164}","(80.59078646000006, 17.397527010000033, 80.73926192500005, 17.56175825500003)",31-10-2023.geojson,Chunchupally,,,,,
Kumurambheem Asifabad,TSSD0105,282.91,"{'min': 28.102632522583008, 'max': 32.230953216552734, 'mean': 30.31438384184966, 'count': 74, 'sum': 2243.264404296875, 'median': 30.41900062561035}","(79.55061502100006, 19.147024978000047, 79.94481136900004, 19.320003257000053)",31-10-2023.geojson,Dahegaon,,,,,
Nalgonda,TSSD0106,212.91,"{'min': 29.752105712890625, 'max': 35.205787658691406, 'mean': 32.413798384232955, 'count': 55, 'sum': 1782.7589111328125, 'median': 32.276668548583984}","(79.52381292400008, 16.65992049600004, 79.70200312500003, 16.812899723000044)",31-10-2023.geojson,Damaracherla,,,,,
Narayanpet,TSSD0107,197.8,"{'min': 30.285554885864258, 'max': 33.78666687011719, 'mean': 31.71724853515625, 'count': 50, 'sum': 1585.8624267578125, 'median': 31.665000915527344}","(77.45634407100005, 16.764877660000025, 77.60496874100005, 16.959326115000067)",31-10-2023.geojson,Damargidda,,,,,
Warangal_Rural,TSSD0108,89.35,"{'min': 29.710952758789062, 'max': 32.297000885009766, 'mean': 30.973856608072918, 'count': 24, 'sum': 743.37255859375, 'median': 30.937618255615234}","(79.60072347200008, 18.00572767700004, 79.70643829000005, 18.13897497800008)",31-10-2023.geojson,Damera,,,,,
Bhadradri Kothagudem,TSSD0109,482.53,"{'min': 26.354000091552734, 'max': 32.005001068115234, 'mean': 29.669039212740383, 'count': 130, 'sum': 3856.97509765625, 'median': 29.845726013183594}","(80.86476856000007, 17.190519193000057, 81.08735919600008, 17.56822006400006)",31-10-2023.geojson,Dammapeta,,,,,
Mancherial,TSSD0110,212.73,"{'min': 27.19210433959961, 'max': 30.16666603088379, 'mean': 28.341972484923247, 'count': 57, 'sum': 1615.492431640625, 'median': 28.349000930786133}","(79.08727409600004, 18.884636873000034, 79.22437932800005, 19.103216721000024)",31-10-2023.geojson,Dandepalle,,,,,
Mahabubabad,TSSD0111,108.96,"{'min': 29.575000762939453, 'max': 31.894210815429688, 'mean': 30.646061066658266, 'count': 31, 'sum': 950.0278930664062, 'median': 30.601110458374023}","(79.65560623800008, 17.428868298000054, 79.78530222000006, 17.546608658000025)",31-10-2023.geojson,Danthalapalle,,,,,
Nirmal,TSSD0112,76.62,"{'min': 28.767894744873047, 'max': 29.98789405822754, 'mean': 29.27849056846217, 'count': 19, 'sum': 556.2913208007812, 'median': 29.22333335876465}","(78.82647409500004, 19.034610264000037, 78.95076054900005, 19.132845763000034)",31-10-2023.geojson,Dasturabad,,,,,
Nalgonda,TSSD0113,235.21,"{'min': 34.34555435180664, 'max': 37.87333297729492, 'mean': 36.322686964465724, 'count': 62, 'sum': 2252.006591796875, 'median': 36.48500061035156}","(78.75664741300005, 16.599618543000076, 78.96744054100003, 16.769811435000065)",31-10-2023.geojson,Devarakonda,,,,,
Mahabubnagar,TSSD0114,238.37,"{'min': 28.159000396728516, 'max': 34.650001525878906, 'mean': 31.747279013356856, 'count': 62, 'sum': 1968.331298828125, 'median': 31.91326904296875}","(77.76466384500003, 16.454975524000076, 77.92512638900007, 16.738387466000063)",31-10-2023.geojson,Devarkadra,,,,,
Jangoan,TSSD0115,182.53,"{'min': 31.11199951171875, 'max': 33.0099983215332, 'mean': 32.13506591796875, 'count': 50, 'sum': 1606.7532958984375, 'median': 32.118526458740234}","(79.21277209400006, 17.510665525000036, 79.40089799000003, 17.677652839000075)",31-10-2023.geojson,Devaruppula,,,,,
Narayanpet,TSSD0116,153.65,"{'min': 29.69499969482422, 'max': 32.617366790771484, 'mean': 31.11847748627534, 'count': 37, 'sum': 1151.3836669921875, 'median': 31.016000747680664}","(77.59496902800004, 16.571400942000025, 77.76875056600005, 16.754234962000055)",31-10-2023.geojson,Dhanwada,,,,,
Jagtial,TSSD0117,175.9,"{'min': 28.263635635375977, 'max': 30.615262985229492, 'mean': 29.266786024305556, 'count': 45, 'sum': 1317.00537109375, 'median': 29.354209899902344}","(78.99144763200007, 18.877766286000053, 79.16011736700005, 19.07420193200005)",31-10-2023.geojson,Dharmapuri,,,,,
Peddapalli,TSSD0118,201.92,"{'min': 28.715713500976562, 'max': 30.127647399902344, 'mean': 29.44950895489387, 'count': 53, 'sum': 1560.823974609375, 'median': 29.46666717529297}","(79.11294947900006, 18.616084372000046, 79.33879022800005, 18.75580704600003)",31-10-2023.geojson,Dharmaram,,,,,
Warangal_Urban,TSSD0119,166.63,"{'min': 29.458999633789062, 'max': 31.708999633789062, 'mean': 30.5449951171875, 'count': 45, 'sum': 1374.5247802734375, 'median': 30.573808670043945}","(79.34392484200004, 17.872946780000063, 79.49559988700008, 18.064662017000046)",31-10-2023.geojson,Dharmasagar,,,,,
Jogulamba Gadwal,TSSD0120,233.51,"{'min': 28.11380958557129, 'max': 35.64500045776367, 'mean': 32.61121419270833, 'count': 60, 'sum': 1956.6728515625, 'median': 33.18687438964844}","(77.59027451200006, 16.165087868000057, 77.75403082300005, 16.362950969000053)",31-10-2023.geojson,Dharoor,,,,,
Vikarabad,TSSD0121,204.41,"{'min': 28.85700035095215, 'max': 32.03499984741211, 'mean': 30.721158541165867, 'count': 52, 'sum': 1597.500244140625, 'median': 30.725095748901367}","(77.69853344900008, 17.210650905000023, 77.85683392500005, 17.378989310000065)",31-10-2023.geojson,Dharoor,,,,,
Nizamabad,TSSD0122,181.87,"{'min': 28.60545539855957, 'max': 31.090909957885742, 'mean': 29.616918447066325, 'count': 49, 'sum': 1451.22900390625, 'median': 29.579565048217773}","(78.27142695800006, 18.455096901000047, 78.41235874700004, 18.675940208000043)",31-10-2023.geojson,Dharpally,,,,,
Nizamabad,TSSD0123,165.76,"{'min': 28.770000457763672, 'max': 30.41857147216797, 'mean': 29.64439019097222, 'count': 45, 'sum': 1333.99755859375, 'median': 29.685455322265625}","(78.13708897600003, 18.552299339000058, 78.33103872900006, 18.67400565300005)",31-10-2023.geojson,Dichpally,,,,,
Nirmal,TSSD0124,155.33,"{'min': 27.304000854492188, 'max': 32.71210479736328, 'mean': 29.916598510742187, 'count': 40, 'sum': 1196.6639404296875, 'median': 30.389047622680664}","(78.18162478500005, 18.979193036000026, 78.31903817300008, 19.15181674400003)",31-10-2023.geojson,Dilawarpur,,,,,
Vikarabad,TSSD0125,169.11,"{'min': 29.740999221801758, 'max': 32.6910514831543, 'mean': 31.215087890625, 'count': 44, 'sum': 1373.4638671875, 'median': 31.197895050048828}","(77.75350961300006, 16.993685688000028, 77.91797159400005, 17.151011999000048)",31-10-2023.geojson,Doma,,,,,
Mahabubabad,TSSD0126,157.58,"{'min': 30.422222137451172, 'max': 31.79777717590332, 'mean': 31.033298399390244, 'count': 41, 'sum': 1272.365234375, 'median': 31.038888931274414}","(80.00919088400008, 17.34578428800006, 80.17130219700005, 17.498026924000044)",31-10-2023.geojson,Dornakal,,,,,
Vikarabad,TSSD0127,206.9,"{'min': 30.535263061523438, 'max': 33.731109619140625, 'mean': 31.954866849459133, 'count': 52, 'sum': 1661.653076171875, 'median': 31.800525665283203}","(77.47254906600006, 16.90300025500005, 77.65396255100006, 17.070101057000045)",31-10-2023.geojson,Doulthabad,,,,,
Siddipet,TSSD0128,239.89,"{'min': 29.025238037109375, 'max': 30.908000946044922, 'mean': 29.817735460069443, 'count': 63, 'sum': 1878.517333984375, 'median': 29.76473617553711}","(78.54681796600005, 18.097298073000047, 78.75700455300006, 18.255668025000034)",31-10-2023.geojson,Dubbak,,,,,
Warangal_Rural,TSSD0129,117.69,"{'min': 29.85761833190918, 'max': 31.898000717163086, 'mean': 30.899957472278224, 'count': 31, 'sum': 957.898681640625, 'median': 30.875999450683594}","(79.74503783800003, 17.911539967000067, 79.86925509200006, 18.07929052000003)",31-10-2023.geojson,Duggondi,,,,,
Bhadradri Kothagudem,TSSD0130,322.15,"{'min': 28.27199935913086, 'max': 31.06624984741211, 'mean': 29.919796505489863, 'count': 74, 'sum': 2214.06494140625, 'median': 29.958999633789062}","(80.86195260000005, 17.696811285000024, 81.09376572500008, 17.952898013000038)",31-10-2023.geojson,Dummugudem,,,,,
Medchal_Malkajgiri,TSSD0131,81.34,"{'min': 29.917999267578125, 'max': 31.886999130249023, 'mean': 31.15833740234375, 'count': 20, 'sum': 623.166748046875, 'median': 31.292858123779297}","(78.36001430200008, 17.525573036000026, 78.50711033000005, 17.638921073000063)",31-10-2023.geojson,Dundigal Gandimaisamma,,,,,
Peddapalli,TSSD0132,76.87,"{'min': 28.353809356689453, 'max': 30.17761993408203, 'mean': 29.00477461381392, 'count': 22, 'sum': 638.1050415039062, 'median': 28.962594985961914}","(79.21615438200007, 18.50700951700003, 79.32467419700004, 18.611289084000077)",31-10-2023.geojson,Eligaid,,,,,
Warangal_Urban,TSSD0133,130.61,"{'min': 29.035999298095703, 'max': 31.167999267578125, 'mean': 30.158077842310856, 'count': 38, 'sum': 1146.0069580078125, 'median': 30.229808807373047}","(79.37430346400004, 18.03182084900004, 79.56117484200007, 18.167621027000052)",31-10-2023.geojson,Elkathurthi,,,,,
Karimnagar,TSSD0134,97.13,"{'min': 29.143999099731445, 'max': 31.066999435424805, 'mean': 29.92969219501202, 'count': 26, 'sum': 778.1719970703125, 'median': 29.89788818359375}","(79.48944079000006, 18.22671351400004, 79.58025617800007, 18.37787529900004)",31-10-2023.geojson,Ellandakunta,,,,,
Khammam,TSSD0135,189.89,"{'min': 28.56599998474121, 'max': 31.923749923706055, 'mean': 30.55527630974265, 'count': 51, 'sum': 1558.319091796875, 'median': 30.748750686645508}","(80.32325062100006, 17.259354917000053, 80.50833243100004, 17.441441247000057)",31-10-2023.geojson,Enkoor,,,,,
Mulugu,TSSD0136,343.37,"{'min': 28.3477783203125, 'max': 36.05799865722656, 'mean': 30.293122664741848, 'count': 92, 'sum': 2786.96728515625, 'median': 29.67597198486328}","(80.26936561700006, 18.23370998300004, 80.49039395700004, 18.462636728000064)",31-10-2023.geojson,Eturnagaram,,,,,
Rangareddy,TSSD0137,278.36,"{'min': 30.580476760864258, 'max': 33.331050872802734, 'mean': 31.997239583333332, 'count': 75, 'sum': 2399.79296875, 'median': 31.99571418762207}","(78.06823301000003, 16.93980447000007, 78.31577077500003, 17.115180701000043)",31-10-2023.geojson,Farooqnagar,,,,,
Adilabad,TSSD0138,227.73,"{'min': 28.312000274658203, 'max': 31.64299964904785, 'mean': 30.386232469902662, 'count': 61, 'sum': 1853.5601806640625, 'median': 30.43400001525879}","(78.77129668200007, 19.52875835800006, 78.97180690400006, 19.672134552000045)",31-10-2023.geojson,Gadiguda,,,,,
Jogulamba Gadwal,TSSD0139,264.89,"{'min': 29.998571395874023, 'max': 39.23470687866211, 'mean': 34.78456333705357, 'count': 70, 'sum': 2434.91943359375, 'median': 35.50470733642578}","(77.72121964000007, 16.085291977000054, 77.93275208300008, 16.318733621000035)",31-10-2023.geojson,Gadwal,,,,,
Siddipet,TSSD0140,212.47,"{'min': 28.959524154663086, 'max': 31.16238021850586, 'mean': 30.061373197115383, 'count': 52, 'sum': 1563.19140625, 'median': 30.064285278320312}","(78.58303917400008, 17.794325789000027, 78.78577283400006, 17.975258496000038)",31-10-2023.geojson,Gajwel,,,,,
Rajanna Sircilla,TSSD0141,156.05,"{'min': 27.990999221801758, 'max': 30.548999786376953, 'mean': 29.091796875, 'count': 41, 'sum': 1192.763671875, 'median': 29.05299949645996}","(78.52078465300008, 18.22335373800007, 78.64656692100004, 18.42659197100005)",31-10-2023.geojson,Gambhiraopet,,,,,
Mahabubnagar,TSSD0142,228.82,"{'min': 29.515262603759766, 'max': 32.63105392456055, 'mean': 31.168685670882937, 'count': 63, 'sum': 1963.627197265625, 'median': 31.260000228881836}","(77.73779362900007, 16.845154139000044, 77.95386938900003, 16.999075455000025)",31-10-2023.geojson,Gandeed,,,,,
Kamareddy,TSSD0143,333.76,"{'min': 28.658000946044922, 'max': 32.87091064453125, 'mean': 30.820354593211206, 'count': 87, 'sum': 2681.370849609375, 'median': 30.81599998474121}","(77.92036537400008, 18.313249016000043, 78.18359844500003, 18.50402559500003)",31-10-2023.geojson,Gandhari,,,,,
Rangareddy,TSSD0144,104.67,"{'min': 27.07454490661621, 'max': 32.08618927001953, 'mean': 30.44092970628005, 'count': 26, 'sum': 791.4641723632812, 'median': 30.918094635009766}","(78.22812814200006, 17.32859737600006, 78.42011614800003, 17.43391934600004)",31-10-2023.geojson,Gandipet,,,,,
Karimnagar,TSSD0145,160.18,"{'min': 29.247894287109375, 'max': 31.426841735839844, 'mean': 30.045427594866073, 'count': 42, 'sum': 1261.907958984375, 'median': 30.0}","(78.94956144100007, 18.417228382000076, 79.08057825900005, 18.682963267000048)",31-10-2023.geojson,Gangadhara,,,,,
Mahabubabad,TSSD0146,388.97,"{'min': 27.479999542236328, 'max': 30.44176483154297, 'mean': 28.92876493013822, 'count': 104, 'sum': 3008.591552734375, 'median': 28.913070678710938}","(80.09945621800006, 17.703358498000057, 80.32312548900006, 18.023583650000035)",31-10-2023.geojson,Gangaram,,,,,
Karimnagar,TSSD0147,128.88,"{'min': 27.505237579345703, 'max': 32.007896423339844, 'mean': 29.95116817589962, 'count': 33, 'sum': 988.3885498046875, 'median': 30.052000045776367}","(79.00593677600006, 18.285893647000023, 79.15761711400006, 18.42386993300005)",31-10-2023.geojson,Ganneruvaram,,,,,
Suryapet,TSSD0148,196.75,"{'min': 27.28499984741211, 'max': 30.533750534057617, 'mean': 28.94524207481971, 'count': 52, 'sum': 1505.152587890625, 'median': 29.032367706298828}","(79.69899423300006, 16.791794304000064, 79.84726513600003, 16.996734263000064)",31-10-2023.geojson,Garidepalli,,,,,
Mahabubabad,TSSD0149,134.15,"{'min': 28.481578826904297, 'max': 31.511110305786133, 'mean': 30.090834263392857, 'count': 35, 'sum': 1053.17919921875, 'median': 30.238420486450195}","(80.09119141800005, 17.438011174000053, 80.22850494600004, 17.593396365000046)",31-10-2023.geojson,Garla,,,,,
Warangal_Rural,TSSD0150,134.93,"{'min': 30.58300018310547, 'max': 33.73500061035156, 'mean': 31.312367466517856, 'count': 35, 'sum': 1095.932861328125, 'median': 31.16699981689453}","(79.61786745500007, 17.897533089000035, 79.78756875100004, 18.025592932000052)",31-10-2023.geojson,Geesugonda,,,,,
Jayashankar Bhupalpally,TSSD0151,135.95,"{'min': 28.722000122070312, 'max': 32.604000091552734, 'mean': 30.87234744510135, 'count': 37, 'sum': 1142.27685546875, 'median': 31.06999969482422}","(79.80756877900006, 18.262592781000023, 79.95276371100005, 18.417946673000074)",31-10-2023.geojson,Ghanapur_Mulug,,,,,
Wanaparthy,TSSD0152,155.07,"{'min': 29.641111373901367, 'max': 32.73249816894531, 'mean': 31.17095947265625, 'count': 38, 'sum': 1184.4964599609375, 'median': 31.15350914001465}","(77.98310490100005, 16.47901398600004, 78.12571646600009, 16.626992442000073)",31-10-2023.geojson,Ghanpur,,,,,
Jangoan,TSSD0153,172.06,"{'min': 28.9471435546875, 'max': 31.86618995666504, 'mean': 30.464312065972223, 'count': 45, 'sum': 1370.89404296875, 'median': 30.507999420166016}","(79.23152818800008, 17.720237033000046, 79.42362870100004, 17.892366453000022)",31-10-2023.geojson,Ghanpur (Stn),,,,,
Medchal_Malkajgiri,TSSD0154,123.94,"{'min': 30.144285202026367, 'max': 33.66999816894531, 'mean': 32.34304908014113, 'count': 31, 'sum': 1002.634521484375, 'median': 32.43299865722656}","(78.61964476900005, 17.377866780000033, 78.75985781500003, 17.488422350000064)",31-10-2023.geojson,Ghatkesar,,,,,
Jogulamba Gadwal,TSSD0155,267.38,"{'min': 32.712501525878906, 'max': 38.019412994384766, 'mean': 35.61986960827465, 'count': 71, 'sum': 2529.0107421875, 'median': 35.53111267089844}","(77.49353266000008, 15.976683508000065, 77.64425295800004, 16.21363012000006)",31-10-2023.geojson,Ghattu,,,,,
Hyderabad,TSSD0156,9.86,"{'min': 31.367143630981445, 'max': 31.747142791748047, 'mean': 31.557144165039062, 'count': 2, 'sum': 63.114288330078125, 'median': 31.557144165039062}","(78.38383245800003, 17.369513270000027, 78.43137261900006, 17.39634099500006)",31-10-2023.geojson,Golkonda,,,,,
Jagtial,TSSD0157,151.75,"{'min': 27.947895050048828, 'max': 29.781429290771484, 'mean': 29.015064057849703, 'count': 42, 'sum': 1218.6326904296875, 'median': 29.020000457763672}","(78.95794203800006, 18.74532743900005, 79.15334781300004, 18.85190287000006)",31-10-2023.geojson,Gollapalli,,,,,
Wanaparthy,TSSD0158,125.4,"{'min': 30.58058738708496, 'max': 33.413333892822266, 'mean': 31.585675920758927, 'count': 35, 'sum': 1105.4986572265625, 'median': 31.56294059753418}","(78.08591650400007, 16.328531611000074, 78.20166738400007, 16.47124508400003)",31-10-2023.geojson,Gopalpet,,,,,
Mulugu,TSSD0159,343.34,"{'min': 27.666250228881836, 'max': 31.22624969482422, 'mean': 29.59266075721154, 'count': 91, 'sum': 2692.93212890625, 'median': 29.489999771118164}","(79.99281799200008, 18.08316615600006, 80.26935217700003, 18.29768950400006)",31-10-2023.geojson,Govindaraopet,,,,,
Adilabad,TSSD0160,159.79,"{'min': 29.13888931274414, 'max': 32.12368392944336, 'mean': 30.70838341346154, 'count': 39, 'sum': 1197.626953125, 'median': 30.84646987915039}","(78.44054848400003, 19.441831296000146, 78.58019452000008, 19.607753279000065)",31-10-2023.geojson,Gudihathnur,,,,,
Mahabubabad,TSSD0161,312.8,"{'min': 27.831905364990234, 'max': 31.518888473510742, 'mean': 29.759048089748475, 'count': 82, 'sum': 2440.241943359375, 'median': 29.746841430664062}","(79.87550272900006, 17.686846624000054, 80.15255229900004, 17.87590134000004)",31-10-2023.geojson,Gudur,,,,,
Sangareddy,TSSD0162,98.98,"{'min': 27.772857666015625, 'max': 30.73285675048828, 'mean': 29.22521484375, 'count': 25, 'sum': 730.63037109375, 'median': 29.145790100097656}","(78.31472103200008, 17.61424192000004, 78.44886573200006, 17.746359040000073)",31-10-2023.geojson,Gummadidala,,,,,
Bhadradri Kothagudem,TSSD0163,495.92,"{'min': 27.684999465942383, 'max': 31.463333129882812, 'mean': 29.42855927438447, 'count': 132, 'sum': 3884.56982421875, 'median': 29.259445190429688}","(80.25193695800004, 17.734911501000056, 80.47191641100005, 18.082237242000076)",31-10-2023.geojson,Gundala,,,,,
Yadadri Bhuvanagiri,TSSD0164,172.25,"{'min': 31.266000747680664, 'max': 33.56052780151367, 'mean': 32.35256680575284, 'count': 44, 'sum': 1423.512939453125, 'median': 32.32600021362305}","(79.14910012700005, 17.45209845900007, 79.37870067300008, 17.62417806900004)",31-10-2023.geojson,Gundala,,,,,
Nalgonda,TSSD0165,263.41,"{'min': 31.43000030517578, 'max': 36.71555709838867, 'mean': 34.594898897058826, 'count': 68, 'sum': 2352.453125, 'median': 34.57611083984375}","(78.61528553800008, 16.514907610000023, 78.85800945400007, 16.715959889000032)",31-10-2023.geojson,Gundlapally,,,,,
Nalgonda,TSSD0166,309.8,"{'min': 33.08578872680664, 'max': 36.02333450317383, 'mean': 34.62973394626525, 'count': 82, 'sum': 2839.63818359375, 'median': 34.633888244628906}","(78.99484315300003, 16.723799824000025, 79.20953000900005, 16.93974487500003)",31-10-2023.geojson,Gurrampode,,,,,
Mancherial,TSSD0167,257.54,"{'min': 27.927894592285156, 'max': 31.05476188659668, 'mean': 29.518258231026785, 'count': 70, 'sum': 2066.278076171875, 'median': 29.501832962036133}","(79.26565732000006, 18.814436070000056, 79.42256325600005, 19.008309308000037)",31-10-2023.geojson,Hajipur,,,,,
Warangal_Urban,TSSD0168,45.74,"{'min': 31.557619094848633, 'max': 34.008094787597656, 'mean': 32.68060811360677, 'count': 12, 'sum': 392.16729736328125, 'median': 32.85040283203125}","(79.50733597600004, 17.982258095000077, 79.59918790600005, 18.051422419000062)",31-10-2023.geojson,Hanamkonda,,,,,
Mahabubnagar,TSSD0169,168.92,"{'min': 29.82647132873535, 'max': 32.104736328125, 'mean': 31.228598854758523, 'count': 44, 'sum': 1374.058349609375, 'median': 31.388444900512695}","(77.76252807700007, 16.752192707000063, 77.98873493800005, 16.893183992000047)",31-10-2023.geojson,Hanwada,,,,,
Warangal_Urban,TSSD0170,161.17,"{'min': 28.7738094329834, 'max': 32.663333892822266, 'mean': 30.549583257630815, 'count': 43, 'sum': 1313.632080078125, 'median': 30.547000885009766}","(79.43172067800003, 17.991968021000048, 79.62513964800007, 18.143584798000063)",31-10-2023.geojson,Hasanparthy,,,,,
Sangareddy,TSSD0171,204.77,"{'min': 28.514209747314453, 'max': 30.214000701904297, 'mean': 29.360283987862722, 'count': 56, 'sum': 1644.1759033203125, 'median': 29.367809295654297}","(78.10555045300003, 17.63393108100007, 78.31945472700005, 17.83424511100003)",31-10-2023.geojson,Hathnoora,,,,,
Medak,TSSD0172,187.01,"{'min': 27.891904830932617, 'max': 30.8354549407959, 'mean': 29.389528670400942, 'count': 53, 'sum': 1557.64501953125, 'median': 29.468000411987305}","(78.15651423700007, 18.05332005300005, 78.35309415700004, 18.215476757000033)",31-10-2023.geojson,Havelighanpur,,,,,
Rangareddy,TSSD0173,30.54,"{'min': 32.933998107910156, 'max': 33.73699951171875, 'mean': 33.32677544487847, 'count': 9, 'sum': 299.94097900390625, 'median': 33.32699966430664}","(78.52755004100004, 17.306583933000013, 78.61900574700013, 17.348163568000075)",31-10-2023.geojson,Hayathnagar,,,,,
Hyderabad,TSSD0174,6.58,"{'min': 31.868999481201172, 'max': 32.345001220703125, 'mean': 32.10700225830078, 'count': 2, 'sum': 64.21400451660156, 'median': 32.10700225830078}","(78.47360807500007, 17.38688961500003, 78.50484873500005, 17.421948936000035)",31-10-2023.geojson,Himayatnagar,,,,,
Siddipet,TSSD0175,117.52,"{'min': 29.958999633789062, 'max': 31.490951538085938, 'mean': 30.73563704952117, 'count': 31, 'sum': 952.8047485351562, 'median': 30.736665725708008}","(79.13916242100004, 18.08470961100005, 79.30335584600004, 18.180728988000055)",31-10-2023.geojson,Husnabad,,,,,
Suryapet,TSSD0176,126.8,"{'min': 27.48894691467285, 'max': 31.25705909729004, 'mean': 29.131421638257574, 'count': 33, 'sum': 961.3369140625, 'median': 29.211334228515625}","(79.76496890800007, 16.81112220400007, 79.93455343000005, 16.95645507200004)",31-10-2023.geojson,Huzur nagar,,,,,
Karimnagar,TSSD0177,138.33,"{'min': 29.277999877929688, 'max': 31.560476303100586, 'mean': 30.0736083984375, 'count': 36, 'sum': 1082.64990234375, 'median': 30.00899887084961}","(79.33974401500006, 18.149110196000038, 79.48471113900007, 18.285271040000055)",31-10-2023.geojson,Huzurabad,,,,,
Jagtial,TSSD0178,142.28,"{'min': 29.992000579833984, 'max': 32.88047790527344, 'mean': 31.41183224239865, 'count': 37, 'sum': 1162.23779296875, 'median': 31.422000885009766}","(78.51963186500006, 18.84352731300004, 78.64824793900004, 19.00011807900006)",31-10-2023.geojson,Ibrahimpatnam,,,,,
Rangareddy,TSSD0179,274.25,"{'min': 30.348182678222656, 'max': 34.148094177246094, 'mean': 32.95637681749132, 'count': 72, 'sum': 2372.859130859375, 'median': 33.10952377319336}","(78.51594250300008, 17.11693136100007, 78.81737317200003, 17.26846339900004)",31-10-2023.geojson,Ibrahimpatnam,,,,,
Adilabad,TSSD0180,211.85,"{'min': 29.331111907958984, 'max': 31.82900047302246, 'mean': 30.717150006975448, 'count': 56, 'sum': 1720.160400390625, 'median': 30.78097915649414}","(78.40972741900003, 19.27144580600003, 78.59073863400005, 19.476086989000066)",31-10-2023.geojson,Ichoda,,,,,
Rajanna Sircilla,TSSD0181,222.52,"{'min': 29.10099983215332, 'max': 31.78894805908203, 'mean': 30.63366488752694, 'count': 58, 'sum': 1776.7525634765625, 'median': 30.75373649597168}","(78.82265059000008, 18.234493222000026, 79.02266919100003, 18.400162883000064)",31-10-2023.geojson,Illanthakunta,,,,,
Warangal_Urban,TSSD0182,154.53,"{'min': 29.731000900268555, 'max': 31.447999954223633, 'mean': 30.486766326121796, 'count': 39, 'sum': 1188.98388671875, 'median': 30.40999984741211}","(79.48651884400005, 17.786163054000042, 79.62215459200007, 17.94046736200005)",31-10-2023.geojson,Inavolu,,,,,
Nizamabad,TSSD0183,187.42,"{'min': 28.002174377441406, 'max': 30.209999084472656, 'mean': 29.053409498565053, 'count': 49, 'sum': 1423.6170654296875, 'median': 29.01952362060547}","(78.16214130800006, 18.452259628000036, 78.35381027700004, 18.595203980000065)",31-10-2023.geojson,Indalwai,,,,,
Adilabad,TSSD0184,209.33,"{'min': 28.700475692749023, 'max': 31.804445266723633, 'mean': 30.586387351707177, 'count': 54, 'sum': 1651.6649169921875, 'median': 30.59272003173828}","(78.56653272500006, 19.379057926000144, 78.76792306800007, 19.567601660000037)",31-10-2023.geojson,Inderavelly,,,,,
Jogulamba Gadwal,TSSD0185,302.11,"{'min': 30.80699920654297, 'max': 40.849998474121094, 'mean': 36.67289538261218, 'count': 78, 'sum': 2860.48583984375, 'median': 37.57979202270508}","(77.74751634700004, 15.980643073000067, 77.98393237000005, 16.184409668000058)",31-10-2023.geojson,Itikyal,,,,,
Mahabubnagar,TSSD0186,294.27,"{'min': 29.994211196899414, 'max': 34.79947280883789, 'mean': 33.04345052083333, 'count': 75, 'sum': 2478.2587890625, 'median': 33.077369689941406}","(78.04502359400004, 16.680028693000054, 78.33050907800003, 16.87941384800007)",31-10-2023.geojson,Jadcherla,,,,,
Siddipet,TSSD0187,180.4,"{'min': 28.78523826599121, 'max': 30.788000106811523, 'mean': 29.975187340561224, 'count': 49, 'sum': 1468.7841796875, 'median': 29.988000869750977}","(78.75126357400006, 17.708628498000053, 78.87944648100006, 17.882764563000023)",31-10-2023.geojson,Jagdevpur,,,,,
Jagtial,TSSD0188,167.3,"{'min': 28.372726440429688, 'max': 30.054210662841797, 'mean': 29.1702187278054, 'count': 44, 'sum': 1283.4896240234375, 'median': 29.209091186523438}","(78.83197213700004, 18.733277460000068, 79.02319924200003, 18.91632891000006)",31-10-2023.geojson,Jagityal_Rural,,,,,
Jagtial,TSSD0189,42.64,"{'min': 28.79190444946289, 'max': 31.329999923706055, 'mean': 29.734212239583332, 'count': 12, 'sum': 356.810546875, 'median': 29.416217803955078}","(78.86249569300008, 18.75130130900004, 78.95751334400006, 18.846050929000057)",31-10-2023.geojson,Jagtial,,,,,
Adilabad,TSSD0190,292.5,"{'min': 28.932857513427734, 'max': 34.08000183105469, 'mean': 31.917659711234176, 'count': 79, 'sum': 2521.4951171875, 'median': 32.1910514831543}","(78.48221105400006, 19.607848390000072, 78.72451328000005, 19.824464031000048)",31-10-2023.geojson,Jainad,,,,,
Kumurambheem Asifabad,TSSD0191,218.89,"{'min': 29.397619247436523, 'max': 31.388999938964844, 'mean': 30.236412311422413, 'count': 58, 'sum': 1753.7119140625, 'median': 30.185142517089844}","(78.81724445500004, 19.330609164000066, 79.02370996100007, 19.493592587000023)",31-10-2023.geojson,Jainoor,,,,,
Mancherial,TSSD0192,276.43,"{'min': 28.931110382080078, 'max': 32.561580657958984, 'mean': 30.42976338154561, 'count': 74, 'sum': 2251.802490234375, 'median': 30.322999954223633}","(79.49531298200003, 18.672040560000028, 79.72117428100006, 18.918660784000053)",31-10-2023.geojson,Jaipur,,,,,
Suryapet,TSSD0193,133.29,"{'min': 29.204999923706055, 'max': 32.23105239868164, 'mean': 30.567678740530305, 'count': 33, 'sum': 1008.7333984375, 'median': 30.44473648071289}","(79.46290112300005, 17.258733534000044, 79.63232247300004, 17.380224128000066)",31-10-2023.geojson,Jajireddigudem,,,,,
Nizamabad,TSSD0194,148.29,"{'min': 28.939523696899414, 'max': 32.487144470214844, 'mean': 31.000394381009617, 'count': 39, 'sum': 1209.015380859375, 'median': 31.2681827545166}","(78.20206317300006, 18.65066335100005, 78.36254571500007, 18.77647975900004)",31-10-2023.geojson,Jakranpally,,,,,
Karimnagar,TSSD0195,134.59,"{'min': 29.743999481201172, 'max': 32.18157958984375, 'mean': 30.582968971946023, 'count': 33, 'sum': 1009.2379760742188, 'median': 30.499000549316406}","(79.40829887400008, 18.227515953000022, 79.57987678900008, 18.423882431000038)",31-10-2023.geojson,Jammikunta,,,,,
Jangoan,TSSD0196,196.46,"{'min': 30.304000854492188, 'max': 33.74578857421875, 'mean': 31.963232421875, 'count': 55, 'sum': 1757.977783203125, 'median': 31.86263084411621}","(79.04601963500005, 17.668628100000035, 79.21037403500003, 17.842303224000034)",31-10-2023.geojson,Jangoan,,,,,
Mancherial,TSSD0197,325.26,"{'min': 28.16789436340332, 'max': 30.704286575317383, 'mean': 28.94035111350575, 'count': 87, 'sum': 2517.810546875, 'median': 28.85736846923828}","(78.87934684700008, 19.019900233000044, 79.14171378500004, 19.252420733000065)",31-10-2023.geojson,Jannaram,,,,,
Sangareddy,TSSD0198,201.74,"{'min': 30.886999130249023, 'max': 33.57105255126953, 'mean': 32.22637487340857, 'count': 54, 'sum': 1740.2242431640625, 'median': 32.264312744140625}","(77.61983002400007, 17.658920608000074, 77.80166598000005, 17.830565180000065)",31-10-2023.geojson,Jharasangam,,,,,
Kamareddy,TSSD0199,202.26,"{'min': 29.59190559387207, 'max': 33.854000091552734, 'mean': 31.975657743566178, 'count': 51, 'sum': 1630.758544921875, 'median': 32.00363540649414}","(77.52089201100006, 18.28200709200007, 77.71327737400003, 18.44419848700005)",31-10-2023.geojson,Jukkal,,,,,
Peddapalli,TSSD0200,99.87,"{'min': 28.437273025512695, 'max': 29.688823699951172, 'mean': 29.1458251953125, 'count': 25, 'sum': 728.6456298828125, 'median': 29.234210968017578}","(79.18432516400003, 18.56760788400004, 79.32424630400004, 18.684515247000036)",31-10-2023.geojson,Julapalli,,,,,
Bhadradri Kothagudem,TSSD0201,238.74,"{'min': 27.100000381469727, 'max': 32.79800033569336, 'mean': 30.386265345982142, 'count': 63, 'sum': 1914.334716796875, 'median': 30.46066665649414}","(80.39497889400008, 17.31732979800006, 80.57083109400008, 17.508103492000032)",31-10-2023.geojson,Julurupad,,,,,
Nirmal,TSSD0202,468.09,"{'min': 27.817825317382812, 'max': 30.768999099731445, 'mean': 29.033515625, 'count': 125, 'sum': 3629.189453125, 'median': 28.94300079345703}","(78.69038218300005, 19.013677769000026, 78.95237500500008, 19.29677890000005)",31-10-2023.geojson,Kaddampeddur,,,,,
Rangareddy,TSSD0203,206.42,"{'min': 29.54199981689453, 'max': 33.48684310913086, 'mean': 32.101998788339124, 'count': 54, 'sum': 1733.5079345703125, 'median': 32.40449905395508}","(78.39963638200004, 16.889455397000063, 78.66726844000004, 17.01510399700004)",31-10-2023.geojson,Kadthal,,,,,
Kumurambheem Asifabad,TSSD0204,442.33,"{'min': 28.155263900756836, 'max': 32.58052444458008, 'mean': 30.004133553340516, 'count': 116, 'sum': 3480.4794921875, 'median': 30.10638427734375}","(79.37624127800007, 19.26380363800007, 79.74691375500004, 19.538272434000078)",31-10-2023.geojson,Kagaznagar,,,,,
Sangareddy,TSSD0205,148.77,"{'min': 27.188180923461914, 'max': 30.641578674316406, 'mean': 29.20899097339527, 'count': 37, 'sum': 1080.732666015625, 'median': 29.21285629272461}","(77.76680836100007, 18.084424897000076, 77.94552432200004, 18.20773521800004)",31-10-2023.geojson,Kalher,,,,,
Khammam,TSSD0206,369.38,"{'min': 26.110000610351562, 'max': 33.029998779296875, 'mean': 29.369725489354394, 'count': 91, 'sum': 2672.64501953125, 'median': 29.577999114990234}","(80.41727157700007, 17.030005989000074, 80.66704650100007, 17.34559519800007)",31-10-2023.geojson,Kalluru,,,,,
Jogulamba Gadwal,TSSD0207,176.12,"{'min': 32.452354431152344, 'max': 37.192501068115234, 'mean': 34.97571072048611, 'count': 45, 'sum': 1573.906982421875, 'median': 35.273529052734375}","(77.48561464400007, 16.116851987000075, 77.61961696400004, 16.303990486000032)",31-10-2023.geojson,Kaloor_Thimmandoddi,,,,,
Nagarkurnool,TSSD0208,291.99,"{'min': 31.902000427246094, 'max': 34.96894836425781, 'mean': 33.58314273231908, 'count': 76, 'sum': 2552.31884765625, 'median': 33.64742660522461}","(78.36374511900004, 16.483303271000068, 78.58638191300008, 16.728683611000065)",31-10-2023.geojson,Kalwakurthy,,,,,
Warangal_Urban,TSSD0209,158.52,"{'min': 28.868000030517578, 'max': 31.033157348632812, 'mean': 29.829647972470237, 'count': 42, 'sum': 1252.84521484375, 'median': 29.924209594726562}","(79.45670027600005, 18.120212555000023, 79.60823806600007, 18.266255774000058)",31-10-2023.geojson,Kamalapur,,,,,
Peddapalli,TSSD0210,60.42,"{'min': 28.80666732788086, 'max': 33.2415771484375, 'mean': 29.8214599609375, 'count': 15, 'sum': 447.3218994140625, 'median': 29.393157958984375}","(79.44875966900008, 18.60172770400004, 79.55246524200004, 18.72207649300003)",31-10-2023.geojson,Kamanpur,,,,,
Kamareddy,TSSD0211,128.44,"{'min': 28.55181884765625, 'max': 32.68899917602539, 'mean': 30.395263671875, 'count': 34, 'sum': 1033.43896484375, 'median': 30.362857818603516}","(78.28734170500007, 18.25636160700003, 78.42834563700006, 18.390731163000055)",31-10-2023.geojson,Kamareddy,,,,,
Khammam,TSSD0212,181.36,"{'min': 28.73235321044922, 'max': 32.194705963134766, 'mean': 30.924999003507654, 'count': 49, 'sum': 1515.324951171875, 'median': 30.81800079345703}","(80.15945686500004, 17.360238606000053, 80.35567105000007, 17.479176385000073)",31-10-2023.geojson,Kamepally,,,,,
Nalgonda,TSSD0213,224.78,"{'min': 31.028888702392578, 'max': 35.08333206176758, 'mean': 32.86213764391447, 'count': 57, 'sum': 1873.141845703125, 'median': 32.74578857421875}","(79.08479661000007, 16.864916728000026, 79.34770917300006, 17.030184575000078)",31-10-2023.geojson,Kanagal,,,,,
Sangareddy,TSSD0214,133.14,"{'min': 29.944000244140625, 'max': 32.4630012512207, 'mean': 30.91729736328125, 'count': 36, 'sum': 1113.022705078125, 'median': 30.81800079345703}","(78.05577804100005, 17.483520140000053, 78.23367294200006, 17.655179960000055)",31-10-2023.geojson,Kandi,,,,,
Rangareddy,TSSD0215,307.2,"{'min': 30.903636932373047, 'max': 33.49399948120117, 'mean': 32.297829929786396, 'count': 79, 'sum': 2551.528564453125, 'median': 32.33100128173828}","(78.37786338200004, 16.983478904000037, 78.61378330000008, 17.178800228000057)",31-10-2023.geojson,Kandukur,,,,,
Sangareddy,TSSD0216,229.57,"{'min': 30.13842010498047, 'max': 35.823001861572266, 'mean': 33.37885452529132, 'count': 59, 'sum': 1969.3524169921875, 'median': 33.67900085449219}","(77.57077416300007, 18.120266103000063, 77.74494665400005, 18.30851545200005)",31-10-2023.geojson,Kangti,,,,,
Mulugu,TSSD0217,375.33,"{'min': 28.31599998474121, 'max': 35.06399917602539, 'mean': 29.76082596124387, 'count': 102, 'sum': 3035.604248046875, 'median': 29.309539794921875}","(80.21744759700005, 18.35017838500005, 80.43136112100007, 18.610090848000027)",31-10-2023.geojson,Kannaigudem,,,,,
Mancherial,TSSD0218,169.42,"{'min': 29.28473663330078, 'max': 30.987777709960938, 'mean': 30.260506007982336, 'count': 46, 'sum': 1391.9832763671875, 'median': 30.27428436279297}","(79.54341301, 19.086726224000074, 79.80515899400007, 19.21311288000004)",31-10-2023.geojson,Kannepalli,,,,,
Medchal_Malkajgiri,TSSD0219,37.4,"{'min': 30.586191177368164, 'max': 33.11199951171875, 'mean': 32.21325961026278, 'count': 11, 'sum': 354.3458557128906, 'median': 32.707000732421875}","(78.53993706400007, 17.44957181700005, 78.62275029699998, 17.55306448500005)",31-10-2023.geojson,Kapra,,,,,
Bhadradri Kothagudem,TSSD0220,222.05,"{'min': 27.180587768554688, 'max': 32.244117736816406, 'mean': 29.948153791756464, 'count': 58, 'sum': 1736.992919921875, 'median': 30.248332977294922}","(80.43846561000004, 17.91182510400006, 80.64919648500006, 18.143483696000033)",31-10-2023.geojson,Karakagudem,,,,,
Karimnagar,TSSD0221,34.8,"{'min': 28.049999237060547, 'max': 34.4010009765625, 'mean': 31.683792114257812, 'count': 8, 'sum': 253.4703369140625, 'median': 32.0456657409668}","(79.07978481800006, 18.39706940700006, 79.15386183100003, 18.460363398000027)",31-10-2023.geojson,Karimnagar,,,,,
Karimnagar,TSSD0222,108.97,"{'min': 29.006362915039062, 'max': 33.62368392944336, 'mean': 30.68180193219866, 'count': 28, 'sum': 859.0904541015625, 'median': 30.42786407470703}","(79.11435933800004, 18.420124626000074, 79.23690609300007, 18.537991315000056)",31-10-2023.geojson,Karimnagar_Rural,,,,,
Mancherial,TSSD0223,335.72,"{'min': 27.581579208374023, 'max': 32.18600082397461, 'mean': 29.576567925347224, 'count': 90, 'sum': 2661.89111328125, 'median': 29.64383316040039}","(79.21160353400006, 18.98447436300006, 79.48608882700012, 19.158965162000072)",31-10-2023.geojson,Kasipet,,,,,
Jayashankar Bhupalpally,TSSD0224,274.84,"{'min': 28.045555114746094, 'max': 31.124116897583008, 'mean': 29.94183433219178, 'count': 73, 'sum': 2185.75390625, 'median': 29.948888778686523}","(79.81231549100005, 18.510496689000036, 80.03347280200006, 18.756648708000057)",31-10-2023.geojson,Kataram,,,,,
Jagtial,TSSD0225,181.36,"{'min': 28.142000198364258, 'max': 30.350000381469727, 'mean': 29.506376225897608, 'count': 47, 'sum': 1386.7996826171875, 'median': 29.662221908569336}","(78.63177820100003, 18.63224633300007, 78.76086174700004, 18.789508428000033)",31-10-2023.geojson,Kathlapur,,,,,
Nalgonda,TSSD0226,192.46,"{'min': 31.812105178833008, 'max': 34.43000030517578, 'mean': 32.98608896683673, 'count': 49, 'sum': 1616.318359375, 'median': 33.0457878112793}","(79.24206770600006, 17.11172541600007, 79.38446925700003, 17.291596570000024)",31-10-2023.geojson,Kattangur,,,,,
Medchal_Malkajgiri,TSSD0227,134.6,"{'min': 30.70599937438965, 'max': 32.74800109863281, 'mean': 31.654076470269096, 'count': 36, 'sum': 1139.5467529296875, 'median': 31.555191040039062}","(78.58185183200004, 17.451533257000108, 78.71265088600006, 17.579974081000103)",31-10-2023.geojson,Keesara,,,,,
Kumurambheem Asifabad,TSSD0228,347.89,"{'min': 28.075000762939453, 'max': 30.884000778198242, 'mean': 29.684006911057693, 'count': 91, 'sum': 2701.24462890625, 'median': 29.7450008392334}","(78.93889619900006, 19.359033433000036, 79.22333654800008, 19.56146381700006)",31-10-2023.geojson,Kerameri,,,,,
Mahabubabad,TSSD0229,223.57,"{'min': 29.19700050354004, 'max': 30.858421325683594, 'mean': 29.97263911732456, 'count': 57, 'sum': 1708.4404296875, 'median': 29.964736938476562}","(79.76580500600005, 17.60004913100005, 80.002845149, 17.77047760000005)",31-10-2023.geojson,Kesamudram,,,,,
Rangareddy,TSSD0230,224.92,"{'min': 30.580476760864258, 'max': 34.637001037597656, 'mean': 32.29656168619792, 'count': 60, 'sum': 1937.793701171875, 'median': 32.08952331542969}","(78.24782720400003, 16.852182651000078, 78.41558469000006, 17.051382707000073)",31-10-2023.geojson,Keshampeta,,,,,
Nalgonda,TSSD0231,147.6,"{'min': 28.547895431518555, 'max': 32.09737014770508, 'mean': 30.339505709134617, 'count': 39, 'sum': 1183.24072265625, 'median': 30.179473876953125}","(79.43344777400006, 17.072395302000075, 79.59338210900006, 17.250148180000053)",31-10-2023.geojson,Kethepally,,,,,
Warangal_Urban,TSSD0232,107.02,"{'min': 30.233810424804688, 'max': 32.604286193847656, 'mean': 31.37550636574074, 'count': 27, 'sum': 847.138671875, 'median': 31.28700065612793}","(79.43206155600006, 17.908547911000028, 79.58935561300007, 18.00993669500002)",31-10-2023.geojson,Khaazipet,,,,,
Hyderabad,TSSD0233,17.24,"{'min': 29.865999221801758, 'max': 33.003334045410156, 'mean': 31.768035888671875, 'count': 4, 'sum': 127.0721435546875, 'median': 32.10140609741211}","(78.40497752100003, 17.40010627500004, 78.47749341400004, 17.45407132100007)",31-10-2023.geojson,Khairatabad,,,,,
Khammam,TSSD0234,193.74,"{'min': 30.86058807373047, 'max': 32.81111145019531, 'mean': 31.8031494140625, 'count': 50, 'sum': 1590.157470703125, 'median': 31.771961212158203}","(80.01676642200005, 17.178663853000046, 80.16691561700003, 17.394157440000072)",31-10-2023.geojson,Khammam_Rural,,,,,
Khammam,TSSD0235,92.31,"{'min': 31.30666732788086, 'max': 33.62294006347656, 'mean': 32.54918372112772, 'count': 23, 'sum': 748.6312255859375, 'median': 32.53555679321289}","(80.12187342100003, 17.179281596000067, 80.21584618000009, 17.31547050200004)",31-10-2023.geojson,Khammam_Urban,,,,,
Nirmal,TSSD0236,237.88,"{'min': 28.049999237060547, 'max': 31.717777252197266, 'mean': 29.230850219726562, 'count': 64, 'sum': 1870.7744140625, 'median': 29.023500442504883}","(78.50897303500005, 18.978111671000022, 78.74854953300007, 19.202461990000074)",31-10-2023.geojson,Khanapur,,,,,
Warangal_Rural,TSSD0237,139.46,"{'min': 27.93000030517578, 'max': 30.964736938476562, 'mean': 29.195268419053818, 'count': 36, 'sum': 1051.0296630859375, 'median': 29.012500762939453}","(79.88459942400004, 17.83523181700002, 80.00451405900003, 18.01960718500004)",31-10-2023.geojson,Khanapur,,,,,
Warangal_Urban,TSSD0238,81.36,"{'min': 30.420000076293945, 'max': 34.41400146484375, 'mean': 31.670576615767047, 'count': 22, 'sum': 696.752685546875, 'median': 31.343000411987305}","(79.55364750200005, 17.86915675800003, 79.65825854800005, 17.98640269400005)",31-10-2023.geojson,Khila Warangal,,,,,
Suryapet,TSSD0239,172.15,"{'min': 28.19499969482422, 'max': 32.189998626708984, 'mean': 30.08894275483631, 'count': 42, 'sum': 1263.735595703125, 'median': 30.194250106811523}","(79.91293512200008, 16.880339314000025, 80.06097163900006, 17.02691814700006)",31-10-2023.geojson,Kodad,,,,,
Nagarkurnool,TSSD0240,205.2,"{'min': 30.795263290405273, 'max': 34.63999938964844, 'mean': 32.84524423104745, 'count': 54, 'sum': 1773.6431884765625, 'median': 32.66323471069336}","(78.16474055700007, 16.14974309100006, 78.34461354300004, 16.333836054000074)",31-10-2023.geojson,Kodair,,,,,
Vikarabad,TSSD0241,249.51,"{'min': 30.247894287109375, 'max': 33.75315856933594, 'mean': 31.999885110294116, 'count': 68, 'sum': 2175.9921875, 'median': 32.09280776977539}","(77.46259225600005, 17.020933969000055, 77.71683994900008, 17.17841245900007)",31-10-2023.geojson,Kodangal,,,,,
Jagtial,TSSD0242,173.87,"{'min': 27.78473663330078, 'max': 30.077367782592773, 'mean': 28.943242730034722, 'count': 45, 'sum': 1302.4459228515625, 'median': 28.889999389648438}","(78.78718529200006, 18.563739734000023, 78.98850070800006, 18.686862396000038)",31-10-2023.geojson,Kodimial,,,,,
Siddipet,TSSD0243,206.41,"{'min': 29.474000930786133, 'max': 32.67399978637695, 'mean': 31.29765906700721, 'count': 52, 'sum': 1627.478271484375, 'median': 31.373315811157227}","(79.00475320700008, 18.075903099000072, 79.16300517000008, 18.272269959000027)",31-10-2023.geojson,Koheda,,,,,
Sangareddy,TSSD0244,227.62,"{'min': 30.05900001525879, 'max': 33.62368392944336, 'mean': 32.04440255892479, 'count': 59, 'sum': 1890.6197509765625, 'median': 32.03099822998047}","(77.59549222600003, 17.509127681000052, 77.78321894100003, 17.705224807000036)",31-10-2023.geojson,Kohir,,,,,
Mahabubnagar,TSSD0245,223.05,"{'min': 29.033000946044922, 'max': 32.32444381713867, 'mean': 31.002950734105603, 'count': 58, 'sum': 1798.171142578125, 'median': 31.12799835205078}","(77.67537161200005, 16.697912056000064, 77.90854289100008, 16.881360866000023)",31-10-2023.geojson,Koilkonda,,,,,
Nagarkurnool,TSSD0246,550.84,"{'min': 26.59526252746582, 'max': 34.97941207885742, 'mean': 30.82534697561553, 'count': 132, 'sum': 4068.94580078125, 'median': 31.264209747314453}","(78.21815549000007, 16.033659166000064, 78.66318925900003, 16.216795599000022)",31-10-2023.geojson,Kollapur,,,,,
Siddipet,TSSD0247,70.37,"{'min': 29.461427688598633, 'max': 31.20809555053711, 'mean': 30.352220323350693, 'count': 18, 'sum': 546.3399658203125, 'median': 30.249046325683594}","(78.82737597900007, 17.86888004900004, 78.93496047300005, 17.983517422000034)",31-10-2023.geojson,Komuravelli,,,,,
Rajanna Sircilla,TSSD0248,206.05,"{'min': 28.559473037719727, 'max': 31.834444046020508, 'mean': 29.820466218171298, 'count': 54, 'sum': 1610.30517578125, 'median': 29.739879608154297}","(78.59701726600008, 18.404112823000048, 78.81650433000004, 18.58795516200007)",31-10-2023.geojson,Konaraopet,,,,,
Nalgonda,TSSD0249,129.18,"{'min': 31.97736930847168, 'max': 36.369998931884766, 'mean': 34.52796519886363, 'count': 33, 'sum': 1139.4228515625, 'median': 34.970001220703125}","(78.91051620800005, 16.62638713000007, 79.06204241500006, 16.761790924000024)",31-10-2023.geojson,Kondamallapally,,,,,
Siddipet,TSSD0250,228.02,"{'min': 29.11571502685547, 'max': 31.264286041259766, 'mean': 30.094216268570698, 'count': 61, 'sum': 1835.7471923828125, 'median': 30.060476303100586}","(78.73352452400007, 17.87685569000007, 78.96029991500006, 18.053425754000045)",31-10-2023.geojson,Kondapak,,,,,
Sangareddy,TSSD0251,151.36,"{'min': 28.702999114990234, 'max': 32.89699935913086, 'mean': 31.245408278245193, 'count': 39, 'sum': 1218.5709228515625, 'median': 31.334999084472656}","(77.93383054400005, 17.44954626200007, 78.07324348600008, 17.61087989500004)",31-10-2023.geojson,Kondapur,,,,,
Rangareddy,TSSD0252,130.56,"{'min': 29.97800064086914, 'max': 31.70142936706543, 'mean': 30.884627058699323, 'count': 37, 'sum': 1142.731201171875, 'median': 30.922380447387695}","(78.01091079200006, 16.999636834000057, 78.09773848800006, 17.187709674000075)",31-10-2023.geojson,Kondurg,,,,,
Khammam,TSSD0253,248.08,"{'min': 28.987777709960938, 'max': 32.87933349609375, 'mean': 31.439127604166668, 'count': 66, 'sum': 2074.982421875, 'median': 31.651763916015625}","(80.22907869200003, 17.128139428000054, 80.38924637100007, 17.358600223000053)",31-10-2023.geojson,Konijerla,,,,,
Jagtial,TSSD0254,137.05,"{'min': 29.238182067871094, 'max': 32.22142791748047, 'mean': 30.064449912623356, 'count': 38, 'sum': 1142.4490966796875, 'median': 29.876667022705078}","(78.66979872300004, 18.779122311000037, 78.80776997400005, 18.901121141000033)",31-10-2023.geojson,Korutla,,,,,
Narayanpet,TSSD0255,202.41,"{'min': 31.4931583404541, 'max': 34.09000015258789, 'mean': 32.545102719907405, 'count': 54, 'sum': 1757.435546875, 'median': 32.5099983215332}","(77.62150517800006, 16.868413100000055, 77.78388791600008, 17.061626292000028)",31-10-2023.geojson,Kosgi,,,,,
Nizamabad,TSSD0256,167.13,"{'min': 29.20599937438965, 'max': 34.0, 'mean': 30.808450838414632, 'count': 41, 'sum': 1263.146484375, 'median': 30.213809967041016}","(77.73094932200007, 18.49717835900003, 77.85433638100005, 18.66689713100004)",31-10-2023.geojson,Kotagiri,,,,,
Vikarabad,TSSD0257,113.18,"{'min': 29.746999740600586, 'max': 32.555999755859375, 'mean': 31.501415621849798, 'count': 31, 'sum': 976.5438842773438, 'median': 31.56100082397461}","(77.66819483500007, 17.359928257000036, 77.85253462800006, 17.473344975000032)",31-10-2023.geojson,Kotepally,,,,,
Mahabubabad,TSSD0258,542.64,"{'min': 27.655555725097656, 'max': 31.03823471069336, 'mean': 29.450081033909573, 'count': 141, 'sum': 4152.46142578125, 'median': 29.433332443237305}","(79.98324728200004, 17.77379955500004, 80.22702134100007, 18.106543834000036)",31-10-2023.geojson,Kothaguda,,,,,
Bhadradri Kothagudem,TSSD0259,16.26,"{'min': 30.031333923339844, 'max': 32.31666564941406, 'mean': 30.977935791015625, 'count': 4, 'sum': 123.9117431640625, 'median': 30.781875610351562}","(80.60094010100005, 17.503240987000027, 80.65378575800008, 17.562464026000043)",31-10-2023.geojson,Kothagudem,,,,,
Wanaparthy,TSSD0260,171.68,"{'min': 29.454999923706055, 'max': 34.8276481628418, 'mean': 31.4667657081117, 'count': 47, 'sum': 1478.93798828125, 'median': 31.583999633789062}","(77.88176111000007, 16.234691046000023, 77.99240426200004, 16.448187482000037)",31-10-2023.geojson,Kothakota,,,,,
Karimnagar,TSSD0261,97.2,"{'min': 27.799999237060547, 'max': 33.16400146484375, 'mean': 30.882554274338943, 'count': 26, 'sum': 802.9464111328125, 'median': 30.963058471679688}","(78.98612238300007, 18.39948258100003, 79.12597429000004, 18.514396049000027)",31-10-2023.geojson,Kothapally,,,,,
Rangareddy,TSSD0262,105.51,"{'min': 31.28368377685547, 'max': 33.538421630859375, 'mean': 31.94122314453125, 'count': 30, 'sum': 958.2366943359375, 'median': 31.898571014404297}","(78.21019675400004, 17.04105323500005, 78.36970700400008, 17.225492944000052)",31-10-2023.geojson,Kothur,,,,,
Kumurambheem Asifabad,TSSD0263,178.1,"{'min': 28.83173942565918, 'max': 30.77434730529785, 'mean': 29.85412337932181, 'count': 47, 'sum': 1403.143798828125, 'median': 29.84904670715332}","(79.63414387600005, 19.452242796000064, 79.81867852100004, 19.607819128000074)",31-10-2023.geojson,Kouthala,,,,,
Medak,TSSD0264,161.34,"{'min': 28.530000686645508, 'max': 29.96299934387207, 'mean': 29.245758766351745, 'count': 43, 'sum': 1257.567626953125, 'median': 29.246665954589844}","(78.10564250300007, 17.787310025000068, 78.29841681600004, 17.936446078000074)",31-10-2023.geojson,Kowdipally,,,,,
Nirmal,TSSD0265,282.48,"{'min': 30.113000869750977, 'max': 34.63666534423828, 'mean': 32.91336588541667, 'count': 75, 'sum': 2468.50244140625, 'median': 33.1510009765625}","(77.84760754200005, 19.143786309000063, 78.05573992700005, 19.342882151000026)",31-10-2023.geojson,Kubeer,,,,,
Medchal_Malkajgiri,TSSD0266,39.02,"{'min': 31.92523765563965, 'max': 33.98099899291992, 'mean': 32.91056685014205, 'count': 11, 'sum': 362.0162353515625, 'median': 32.82047653198242}","(78.36804921900006, 17.450165494000032, 78.44563956200005, 17.513917809000077)",31-10-2023.geojson,Kukatpally,,,,,
Medak,TSSD0267,155.55,"{'min': 28.280527114868164, 'max': 30.187999725341797, 'mean': 29.14737099095395, 'count': 38, 'sum': 1107.60009765625, 'median': 29.226314544677734}","(78.05900573700006, 17.903386933000036, 78.28836760200005, 18.020195513000033)",31-10-2023.geojson,Kulcharam,,,,,
Vikarabad,TSSD0268,196.33,"{'min': 29.24142837524414, 'max': 32.07526397705078, 'mean': 30.614788348858173, 'count': 52, 'sum': 1591.968994140625, 'median': 30.500999450683594}","(77.79636866200008, 16.916114566000033, 77.99996008000005, 17.10676938000006)",31-10-2023.geojson,Kulkacharla,,,,,
Nirmal,TSSD0269,140.25,"{'min': 31.00478172302246, 'max': 33.55699920654297, 'mean': 32.191967113597975, 'count': 37, 'sum': 1191.102783203125, 'median': 31.951000213623047}","(78.02051881300008, 19.088268194000023, 78.15736433900008, 19.254793077000045)",31-10-2023.geojson,Kuntala,,,,,
Mahabubabad,TSSD0270,241.32,"{'min': 29.488094329833984, 'max': 31.454444885253906, 'mean': 30.559645432692307, 'count': 65, 'sum': 1986.376953125, 'median': 30.65842056274414}","(79.89569772600004, 17.36986128800004, 80.09682891600005, 17.588288271000067)",31-10-2023.geojson,Kuravi,,,,,
Khammam,TSSD0271,220.86,"{'min': 27.645000457763672, 'max': 32.194705963134766, 'mean': 29.79112506734914, 'count': 58, 'sum': 1727.88525390625, 'median': 29.72521209716797}","(79.87484026500005, 17.11399079800003, 80.04316183700007, 17.29547575600003)",31-10-2023.geojson,Kusumanchi,,,,,
Nirmal,TSSD0272,125.72,"{'min': 29.081817626953125, 'max': 31.885238647460938, 'mean': 30.696052102481616, 'count': 34, 'sum': 1043.665771484375, 'median': 30.680389404296875}","(78.40349407400004, 18.95386539200007, 78.52341344300004, 19.102668410000035)",31-10-2023.geojson,Laxmanchanda,,,,,
Bhadradri Kothagudem,TSSD0273,229.46,"{'min': 28.027999877929688, 'max': 32.77235412597656, 'mean': 30.285477176789314, 'count': 62, 'sum': 1877.6995849609375, 'median': 30.32349395751953}","(80.51384827600003, 17.535477607000075, 80.67198351200005, 17.81657303700007)",31-10-2023.geojson,Laxmidevipally,,,,,
Jangoan,TSSD0274,187.87,"{'min': 30.354000091552734, 'max': 33.411903381347656, 'mean': 32.233806999362244, 'count': 49, 'sum': 1579.45654296875, 'median': 32.3363151550293}","(79.13021988100007, 17.575431923000053, 79.31745159400003, 17.72563423400004)",31-10-2023.geojson,Lingalaghanpur,,,,,
Kamareddy,TSSD0275,255.84,"{'min': 28.403636932373047, 'max': 32.65285873413086, 'mean': 29.567314596737134, 'count': 68, 'sum': 2010.577392578125, 'median': 29.521190643310547}","(78.02552329400004, 18.13087097700003, 78.21768245400006, 18.355649218000053)",31-10-2023.geojson,Lingampet,,,,,
Kumurambheem Asifabad,TSSD0276,162.69,"{'min': 28.701000213623047, 'max': 32.01856994628906, 'mean': 30.117176402698863, 'count': 44, 'sum': 1325.15576171875, 'median': 30.086618423461914}","(78.91810375000006, 19.205612909000024, 79.11073564000003, 19.342131322000057)",31-10-2023.geojson,Lingapur,,,,,
Nirmal,TSSD0277,222.97,"{'min': 27.17095184326172, 'max': 32.944000244140625, 'mean': 29.967545572916666, 'count': 60, 'sum': 1798.052734375, 'median': 30.410907745361328}","(78.00594866600005, 18.931946796000034, 78.23875211300003, 19.085518010000044)",31-10-2023.geojson,Lokeshwaram,,,,,
Mancherial,TSSD0278,151.79,"{'min': 27.2810001373291, 'max': 29.924285888671875, 'mean': 28.414669721554485, 'count': 39, 'sum': 1108.172119140625, 'median': 28.3271427154541}","(79.16655337500003, 18.832516484000053, 79.30981884700003, 19.005514334000054)",31-10-2023.geojson,Luxettipet,,,,,
Kamareddy,TSSD0279,210.35,"{'min': 28.334545135498047, 'max': 31.060476303100586, 'mean': 29.71919904436384, 'count': 56, 'sum': 1664.275146484375, 'median': 29.666000366210938}","(78.38704550600005, 18.26697810400003, 78.56264784400008, 18.467778762000023)",31-10-2023.geojson,Machareddy,,,,,
Wanaparthy,TSSD0280,102.15,"{'min': 29.301000595092773, 'max': 34.96111297607422, 'mean': 32.2915673828125, 'count': 25, 'sum': 807.2891845703125, 'median': 32.27235412597656}","(77.82095279900005, 16.300196190000065, 77.92236147200003, 16.45097719200004)",31-10-2023.geojson,Madanapur,,,,,
Suryapet,TSSD0281,130.55,"{'min': 30.20157814025879, 'max': 31.85736846923828, 'mean': 30.86689453125, 'count': 35, 'sum': 1080.34130859375, 'median': 30.874210357666016}","(79.63339168000005, 17.351837121000074, 79.79652225800004, 17.470968053000036)",31-10-2023.geojson,Maddirala,,,,,
Narayanpet,TSSD0282,229.43,"{'min': 30.582632064819336, 'max': 33.790000915527344, 'mean': 32.09923502604167, 'count': 60, 'sum': 1925.9541015625, 'median': 31.938859939575195}","(77.56183110400008, 16.77489021100007, 77.74489013300007, 16.952964019000035)",31-10-2023.geojson,Maddur,,,,,
Siddipet,TSSD0283,90.43,"{'min': 29.703332901000977, 'max': 31.169048309326172, 'mean': 30.467636108398438, 'count': 24, 'sum': 731.2232666015625, 'median': 30.45619010925293}","(79.01132752500001, 17.86198517100007, 79.12089267400006, 17.966105778000042)",31-10-2023.geojson,Maddur,,,,,
Rangareddy,TSSD0284,264.88,"{'min': 32.713157653808594, 'max': 36.21888732910156, 'mean': 34.96318562825521, 'count': 72, 'sum': 2517.349365234375, 'median': 35.05210494995117}","(78.58095395400005, 16.75043613200006, 78.80230556900005, 16.944488267000054)",31-10-2023.geojson,Madgul,,,,,
Khammam,TSSD0285,210.2,"{'min': 30.030000686645508, 'max': 33.097999572753906, 'mean': 31.46405148973652, 'count': 51, 'sum': 1604.6666259765625, 'median': 31.272499084472656}","(80.31236943000005, 16.82168020900002, 80.47000219000006, 17.070547697000052)",31-10-2023.geojson,Madhira,,,,,
Kamareddy,TSSD0286,235.87,"{'min': 30.138999938964844, 'max': 35.42100143432617, 'mean': 33.477767452116936, 'count': 62, 'sum': 2075.62158203125, 'median': 33.62428283691406}","(77.54916412900008, 18.384667036000053, 77.76294653600007, 18.55697662400007)",31-10-2023.geojson,Madnur,,,,,
Nalgonda,TSSD0287,219.21,"{'min': 28.878000259399414, 'max': 34.66263198852539, 'mean': 31.573992047991073, 'count': 56, 'sum': 1768.1435546875, 'median': 31.887367248535156}","(79.34641497200005, 16.895418574000075, 79.56245174900005, 17.09279099500003)",31-10-2023.geojson,Madugulapally,,,,,
Narayanpet,TSSD0288,182.41,"{'min': 29.26555633544922, 'max': 36.498748779296875, 'mean': 33.752988068953805, 'count': 46, 'sum': 1552.637451171875, 'median': 33.82271194458008}","(77.36910946300009, 16.375499069, 77.53031708000003, 16.588101701000085)",31-10-2023.geojson,Maganoor,,,,,
Mahabubabad,TSSD0289,229.64,"{'min': 29.352222442626953, 'max': 31.95421028137207, 'mean': 30.44431192366803, 'count': 61, 'sum': 1857.10302734375, 'median': 30.38599967956543}","(79.84115276500006, 17.501311835000024, 80.09111942000004, 17.697718735000137)",31-10-2023.geojson,Mahabubabad,,,,,
Mahabubnagar,TSSD0290,99.98,"{'min': 30.033157348632812, 'max': 33.47941207885742, 'mean': 31.93484619140625, 'count': 25, 'sum': 798.3711547851562, 'median': 32.23235321044922}","(77.94626825800003, 16.706941769000025, 78.09470899900003, 16.806279568000036)",31-10-2023.geojson,Mahabubnagar_Urban,,,,,
Jayashankar Bhupalpally,TSSD0291,299.12,"{'min': 28.425556182861328, 'max': 34.74894714355469, 'mean': 30.697265625, 'count': 81, 'sum': 2486.478515625, 'median': 30.285789489746094}","(79.82048229900005, 18.630638763000036, 80.11061256100004, 18.86890015800003)",31-10-2023.geojson,Mahadevpur,,,,,
Rangareddy,TSSD0292,252.27,"{'min': 30.463333129882812, 'max': 33.4542121887207, 'mean': 32.16696965144231, 'count': 65, 'sum': 2090.85302734375, 'median': 32.07181930541992}","(78.30122014300008, 17.028058688000044, 78.54049373500004, 17.239387140000076)",31-10-2023.geojson,Maheswaram,,,,,
Nizamabad,TSSD0293,193.35,"{'min': 28.381427764892578, 'max': 30.83909034729004, 'mean': 29.34332744891827, 'count': 52, 'sum': 1525.85302734375, 'median': 29.263702392578125}","(78.05675830000007, 18.66482496200007, 78.22576505800004, 18.852068687000042)",31-10-2023.geojson,Makloor,,,,,
Narayanpet,TSSD0294,363.86,"{'min': 29.405237197875977, 'max': 37.290000915527344, 'mean': 33.69466670866935, 'count': 93, 'sum': 3133.60400390625, 'median': 33.83353042602539}","(77.45220537800003, 16.34148046400003, 77.67347100500007, 16.59593542500005)",31-10-2023.geojson,Makthal,,,,,
Jogulamba Gadwal,TSSD0295,241.46,"{'min': 32.69588088989258, 'max': 39.38176345825195, 'mean': 36.003350360576924, 'count': 65, 'sum': 2340.2177734375, 'median': 35.836666107177734}","(77.63191914500004, 16.011527430000058, 77.79042152200003, 16.212472503000072)",31-10-2023.geojson,Maldakal,,,,,
Jayashankar Bhupalpally,TSSD0296,330.72,"{'min': 28.586666107177734, 'max': 34.16699981689453, 'mean': 30.7828738190407, 'count': 86, 'sum': 2647.3271484375, 'median': 30.420276641845703}","(79.67910470400005, 18.410415433000026, 79.92225416300005, 18.645377148000023)",31-10-2023.geojson,Malharrao,,,,,
Medchal_Malkajgiri,TSSD0297,30.3,"{'min': 32.625999450683594, 'max': 33.775001525878906, 'mean': 33.12822469075521, 'count': 9, 'sum': 298.1540222167969, 'median': 32.90599822998047}","(78.50463339200007, 17.428292171000066, 78.55954592700004, 17.505731841000056)",31-10-2023.geojson,Malkajgiri,,,,,
Jagtial,TSSD0298,213.62,"{'min': 29.479473114013672, 'max': 31.43000030517578, 'mean': 30.367813110351562, 'count': 56, 'sum': 1700.5975341796875, 'median': 30.357999801635742}","(78.61662895600006, 18.874482111000077, 78.81309041900005, 19.03748223200006)",31-10-2023.geojson,Mallapur,,,,,
Jagtial,TSSD0299,151.65,"{'min': 27.746841430664062, 'max': 29.844736099243164, 'mean': 29.01721786871189, 'count': 41, 'sum': 1189.7059326171875, 'median': 29.095714569091797}","(78.83599988400005, 18.650343142000054, 79.00846227100004, 18.762767418000067)",31-10-2023.geojson,Mallial,,,,,
Nirmal,TSSD0300,303.59,"{'min': 28.49842071533203, 'max': 32.34333419799805, 'mean': 30.151217651367187, 'count': 80, 'sum': 2412.097412109375, 'median': 30.069091796875}","(78.40539725900004, 18.946457939000027, 78.61865077500005, 19.23040426800003)",31-10-2023.geojson,Mamda,,,,,
Karimnagar,TSSD0301,205.41,"{'min': 29.667142868041992, 'max': 32.02684020996094, 'mean': 30.47210223858173, 'count': 52, 'sum': 1584.54931640625, 'median': 30.3294734954834}","(79.15750397500005, 18.315741219000074, 79.35328729400004, 18.481920999000067)",31-10-2023.geojson,Manakondur,,,,,
Rangareddy,TSSD0302,234.43,"{'min': 31.452999114990234, 'max': 34.17300033569336, 'mean': 32.834937310987904, 'count': 62, 'sum': 2035.76611328125, 'median': 32.706031799316406}","(78.65286760000004, 17.00487583200004, 78.84397639500008, 17.201225641000065)",31-10-2023.geojson,Manchal,,,,,
Mancherial,TSSD0303,40.12,"{'min': 29.904285430908203, 'max': 33.060001373291016, 'mean': 32.11754538796165, 'count': 11, 'sum': 353.2929992675781, 'median': 32.58333206176758}","(79.41610667100008, 18.835052002000054, 79.48472162900003, 18.913545975000034)",31-10-2023.geojson,Mancherial,,,,,
Mancherial,TSSD0304,171.08,"{'min': 29.314210891723633, 'max': 32.74333190917969, 'mean': 30.882856889204547, 'count': 44, 'sum': 1358.845703125, 'median': 30.835947036743164}","(79.39193241000004, 18.891641181000068, 79.59105304600007, 19.015526930000078)",31-10-2023.geojson,Mandamarri,,,,,
Mulugu,TSSD0305,392.56,"{'min': 27.93666648864746, 'max': 35.09700012207031, 'mean': 29.790686153671118, 'count': 103, 'sum': 3068.440673828125, 'median': 29.469999313354492}","(80.40836158100007, 18.080546712000057, 80.70882201500007, 18.304706081000063)",31-10-2023.geojson,Mangapet,,,,,
Sangareddy,TSSD0306,148.62,"{'min': 28.195262908935547, 'max': 32.68684387207031, 'mean': 30.7557968511814, 'count': 41, 'sum': 1260.9876708984375, 'median': 30.805999755859375}","(77.64845538500003, 17.878779076000058, 77.83149306000007, 18.04513193200006)",31-10-2023.geojson,Manoor,,,,,
Jogulamba Gadwal,TSSD0307,163.37,"{'min': 34.14875030517578, 'max': 40.79352951049805, 'mean': 37.67964865944602, 'count': 44, 'sum': 1657.904541015625, 'median': 37.75117492675781}","(77.86929360900007, 15.885358944000075, 78.03319288300008, 16.08949442000005)",31-10-2023.geojson,Manopad,,,,,
Peddapalli,TSSD0308,311.44,"{'min': 29.087646484375, 'max': 33.68000030517578, 'mean': 30.030340285528276, 'count': 84, 'sum': 2522.548583984375, 'median': 29.736549377441406}","(79.56456396600004, 18.561850238000034, 79.83268954900007, 18.738350264000076)",31-10-2023.geojson,Manthani,,,,,
Bhadradri Kothagudem,TSSD0309,241.6,"{'min': 27.451051712036133, 'max': 34.88111114501953, 'mean': 30.283492337740384, 'count': 65, 'sum': 1968.427001953125, 'median': 29.736000061035156}","(80.66740807500008, 17.879481733000034, 80.88542464200003, 18.045849738000072)",31-10-2023.geojson,Manuguru,,,,,
Hyderabad,TSSD0310,12.89,"{'min': 33.119998931884766, 'max': 33.763999938964844, 'mean': 33.46166737874349, 'count': 3, 'sum': 100.38500213623047, 'median': 33.500999450683594}","(78.49007358600005, 17.42094839600003, 78.55631568500007, 17.46893287000006)",31-10-2023.geojson,Maredpally,,,,,
Narayanpet,TSSD0311,159.77,"{'min': 29.183332443237305, 'max': 34.436668395996094, 'mean': 32.11419387090774, 'count': 42, 'sum': 1348.796142578125, 'median': 32.25684356689453}","(77.65664280100003, 16.506114195000066, 77.79841434500008, 16.665240555000025)",31-10-2023.geojson,Marikal,,,,,
Mahabubabad,TSSD0312,234.68,"{'min': 29.368000030517578, 'max': 31.9022216796875, 'mean': 30.696291131488348, 'count': 59, 'sum': 1811.0811767578125, 'median': 30.722631454467773}","(79.76148480300003, 17.321621569000058, 79.98270166300006, 17.48693560600003)",31-10-2023.geojson,Maripeda,,,,,
Siddipet,TSSD0313,105.43,"{'min': 28.51105308532715, 'max': 31.90473747253418, 'mean': 30.396414620535715, 'count': 28, 'sum': 851.099609375, 'median': 30.293052673339844}","(78.66415458400007, 17.667265188000044, 78.78250869300007, 17.810152515000027)",31-10-2023.geojson,Markook,,,,,
Vikarabad,TSSD0314,225.88,"{'min': 30.357999801635742, 'max': 33.33210372924805, 'mean': 31.946343783674568, 'count': 58, 'sum': 1852.887939453125, 'median': 31.92144775390625}","(77.68610927900005, 17.453891702000078, 77.87740943300008, 17.638691618000053)",31-10-2023.geojson,Marpalle,,,,,
Nalgonda,TSSD0315,229.14,"{'min': 32.1184196472168, 'max': 36.8363151550293, 'mean': 34.3895483798668, 'count': 61, 'sum': 2097.762451171875, 'median': 34.16579055786133}","(78.75919635200006, 16.90874455200003, 78.96448818000005, 17.07201425200003)",31-10-2023.geojson,Marriguda,,,,,
Suryapet,TSSD0316,210.69,"{'min': 27.420000076293945, 'max': 34.426666259765625, 'mean': 30.98996259581368, 'count': 53, 'sum': 1642.468017578125, 'median': 30.37117576599121}","(79.76031217600007, 16.657641133000027, 79.94384993900007, 16.842244540000024)",31-10-2023.geojson,Mattampalli,,,,,
Medak,TSSD0317,140.85,"{'min': 28.43857192993164, 'max': 31.009048461914062, 'mean': 29.691409549197637, 'count': 37, 'sum': 1098.5821533203125, 'median': 29.705238342285156}","(78.20774346500008, 17.973932821000062, 78.36819518300007, 18.10438747300003)",31-10-2023.geojson,Medak,,,,,
Medchal_Malkajgiri,TSSD0318,187.56,"{'min': 28.849000930786133, 'max': 32.14799880981445, 'mean': 30.567767803485577, 'count': 52, 'sum': 1589.52392578125, 'median': 30.604209899902344}","(78.38095406300005, 17.551049357000068, 78.56000059500008, 17.70854524600003)",31-10-2023.geojson,Medchal,,,,,
Jagtial,TSSD0319,206.03,"{'min': 28.0794734954834, 'max': 30.54428482055664, 'mean': 29.467311789772726, 'count': 55, 'sum': 1620.7021484375, 'median': 29.597000122070312}","(78.73214094600007, 18.624887353000076, 78.85330317100005, 18.885390032000032)",31-10-2023.geojson,Medipalle,,,,,
Medchal_Malkajgiri,TSSD0320,33.63,"{'min': 32.56100082397461, 'max': 33.8650016784668, 'mean': 33.309322357177734, 'count': 8, 'sum': 266.4745788574219, 'median': 33.37300109863281}","(78.56396765400007, 17.387088967000068, 78.62540001600007, 17.4548326310001)",31-10-2023.geojson,Medipally,,,,,
Suryapet,TSSD0321,148.48,"{'min': 29.74066734313965, 'max': 33.252498626708984, 'mean': 31.384246826171875, 'count': 40, 'sum': 1255.369873046875, 'median': 31.474374771118164}","(79.86430255300007, 16.749144942000044, 80.04667389300005, 16.897589783000058)",31-10-2023.geojson,Mellachervu,,,,,
Nizamabad,TSSD0322,74.74,"{'min': 28.16238021850586, 'max': 33.43857192993164, 'mean': 31.40782775878906, 'count': 20, 'sum': 628.1565551757812, 'median': 31.484546661376953}","(78.34141407100003, 18.91286552100007, 78.45746941500005, 19.003231226000025)",31-10-2023.geojson,Mendora,,,,,
Jagtial,TSSD0323,189.57,"{'min': 28.85272789001465, 'max': 31.597618103027344, 'mean': 30.311169194240197, 'count': 51, 'sum': 1545.86962890625, 'median': 30.406841278076172}","(78.53968262500007, 18.72081223600003, 78.67956378400004, 18.895674916000075)",31-10-2023.geojson,Metpalli,,,,,
Mahabubnagar,TSSD0324,164.85,"{'min': 31.014999389648438, 'max': 35.33000183105469, 'mean': 33.25426955450149, 'count': 42, 'sum': 1396.6793212890625, 'median': 33.38465881347656}","(78.21714079300006, 16.678018442000052, 78.36989334400005, 16.825534489000063)",31-10-2023.geojson,Midjil,,,,,
Siddipet,TSSD0325,167.82,"{'min': 29.194761276245117, 'max': 30.790000915527344, 'mean': 30.030861078306685, 'count': 43, 'sum': 1291.3270263671875, 'median': 30.062999725341797}","(78.56910611300003, 17.992796036000072, 78.73068591400005, 18.14881470800003)",31-10-2023.geojson,Mirdoddi,,,,,
Nalgonda,TSSD0326,248.98,"{'min': 28.795883178710938, 'max': 33.24764633178711, 'mean': 30.455917358398438, 'count': 64, 'sum': 1949.1787109375, 'median': 30.314735412597656}","(79.48474594700008, 16.761982963000037, 79.66781758100007, 17.007573905000072)",31-10-2023.geojson,Miryalaguda,,,,,
Sangareddy,TSSD0327,152.32,"{'min': 30.479999542236328, 'max': 33.76238250732422, 'mean': 32.4642333984375, 'count': 38, 'sum': 1233.640869140625, 'median': 32.369140625}","(77.44416825100006, 17.542551853000077, 77.59394938800006, 17.703749020000032)",31-10-2023.geojson,Mogudampally,,,,,
Jayashankar Bhupalpally,TSSD0328,117.77,"{'min': 29.943683624267578, 'max': 33.303001403808594, 'mean': 31.347258537046372, 'count': 31, 'sum': 971.7650146484375, 'median': 31.218421936035156}","(79.55918339200008, 18.25321451900004, 79.69624194900007, 18.367730020000067)",31-10-2023.geojson,Mogullapally,,,,,
Rangareddy,TSSD0329,210.03,"{'min': 27.64545440673828, 'max': 33.75381088256836, 'mean': 31.364356407752403, 'count': 52, 'sum': 1630.946533203125, 'median': 31.501903533935547}","(78.18364043400004, 17.24469818700004, 78.37521359500005, 17.39979780400006)",31-10-2023.geojson,Moinabad,,,,,
Vikarabad,TSSD0330,185.55,"{'min': 31.084999084472656, 'max': 33.132999420166016, 'mean': 32.04153741574755, 'count': 51, 'sum': 1634.118408203125, 'median': 32.03300094604492}","(77.80132142600007, 17.440949010000054, 78.02278448100003, 17.58481577400005)",31-10-2023.geojson,Mominpet,,,,,
Mahabubnagar,TSSD0331,95.02,"{'min': 30.084117889404297, 'max': 32.98555374145508, 'mean': 31.508401724008415, 'count': 26, 'sum': 819.2184448242188, 'median': 31.74338150024414}","(77.88815901700008, 16.55990335200005, 78.03642113100005, 16.65578400800007)",31-10-2023.geojson,Moosapet,,,,,
Nizamabad,TSSD0332,110.93,"{'min': 30.94818115234375, 'max': 33.30523681640625, 'mean': 31.98216552734375, 'count': 30, 'sum': 959.4649658203125, 'median': 31.855173110961914}","(78.39569656400005, 18.754933092000044, 78.51049422500006, 18.895877668000026)",31-10-2023.geojson,Morthad,,,,,
Yadadri Bhuvanagiri,TSSD0333,154.09,"{'min': 31.797000885009766, 'max': 34.04399871826172, 'mean': 33.201381138392854, 'count': 42, 'sum': 1394.4580078125, 'median': 33.24684143066406}","(79.02191272500005, 17.447705855000038, 79.18771359200008, 17.614164877000064)",31-10-2023.geojson,Motakondur,,,,,
Suryapet,TSSD0334,191.84,"{'min': 27.69099998474121, 'max': 32.04999923706055, 'mean': 30.21078857421875, 'count': 50, 'sum': 1510.5394287109375, 'median': 30.343921661376953}","(79.72864807600007, 17.098594648000073, 79.90108897100004, 17.295132846000058)",31-10-2023.geojson,Mothey,,,,,
Yadadri Bhuvanagiri,TSSD0335,146.43,"{'min': 31.40473747253418, 'max': 33.22700119018555, 'mean': 32.41062888120994, 'count': 39, 'sum': 1264.0145263671875, 'median': 32.47420883178711}","(79.17886738600004, 17.35663582600006, 79.34505761300005, 17.499013259000037)",31-10-2023.geojson,Mothkur,,,,,
Nirmal,TSSD0336,187.43,"{'min': 29.49818229675293, 'max': 35.95399856567383, 'mean': 32.80307404891305, 'count': 46, 'sum': 1508.94140625, 'median': 32.72040557861328}","(77.87363589400007, 18.90926259400004, 78.04943334300003, 19.05199254100006)",31-10-2023.geojson,Mudhole,,,,,
Khammam,TSSD0337,202.95,"{'min': 28.34000015258789, 'max': 32.80058670043945, 'mean': 30.79741492638221, 'count': 52, 'sum': 1601.465576171875, 'median': 30.681190490722656}","(79.99976989400005, 16.987411645000066, 80.17144520800008, 17.21465495600006)",31-10-2023.geojson,Mudigonda,,,,,
Nizamabad,TSSD0338,196.22,"{'min': 27.76913070678711, 'max': 29.937618255615234, 'mean': 28.54799517463235, 'count': 51, 'sum': 1455.94775390625, 'median': 28.317272186279297}","(78.03331485400008, 18.477793812000073, 78.18413506400003, 18.66033533700005)",31-10-2023.geojson,Mugpal,,,,,
Bhadradri Kothagudem,TSSD0339,514.62,"{'min': 27.601999282836914, 'max': 31.546249389648438, 'mean': 29.96643699363426, 'count': 135, 'sum': 4045.468994140625, 'median': 30.1299991607666}","(80.70650352000007, 17.353825033000078, 80.96455307900004, 17.59430879000007)",31-10-2023.geojson,Mulakalapally,,,,,
Mulugu,TSSD0340,363.24,"{'min': 27.98904800415039, 'max': 31.505237579345703, 'mean': 29.792125822368423, 'count': 95, 'sum': 2830.251953125, 'median': 29.825000762939453}","(79.81475825400008, 18.07019176600005, 80.14227776900003, 18.247994896000023)",31-10-2023.geojson,Mulug,,,,,
Siddipet,TSSD0341,148.86,"{'min': 28.03631591796875, 'max': 31.743684768676758, 'mean': 30.212417993790066, 'count': 39, 'sum': 1178.2843017578125, 'median': 30.089000701904297}","(78.49289586600008, 17.669503792000057, 78.72948919400005, 17.760743728000023)",31-10-2023.geojson,Mulug,,,,,
Suryapet,TSSD0342,140.35,"{'min': 27.95842170715332, 'max': 31.98200035095215, 'mean': 29.8935302734375, 'count': 40, 'sum': 1195.7412109375, 'median': 29.69411849975586}","(79.71348967800003, 16.97659834500007, 79.93382971200003, 17.162332160000062)",31-10-2023.geojson,Munagala,,,,,
Sangareddy,TSSD0343,221.68,"{'min': 27.181428909301758, 'max': 33.32143020629883, 'mean': 30.844205583844865, 'count': 56, 'sum': 1727.2755126953125, 'median': 30.919189453125}","(77.76970420300006, 17.61306823700005, 77.93222993400008, 17.821658166000077)",31-10-2023.geojson,Munipally,,,,,
Nalgonda,TSSD0344,242.13,"{'min': 32.709999084472656, 'max': 36.351112365722656, 'mean': 34.485580906723484, 'count': 66, 'sum': 2276.04833984375, 'median': 34.368595123291016}","(78.92781504300007, 16.99371558000007, 79.14931293500007, 17.18453899000002)",31-10-2023.geojson,Munugode,,,,,
Nizamabad,TSSD0345,53.32,"{'min': 27.474761962890625, 'max': 32.98523712158203, 'mean': 31.039910452706472, 'count': 14, 'sum': 434.5587463378906, 'median': 31.34543228149414}","(78.33239376200004, 18.87289880800006, 78.45351563000008, 18.968813642000043)",31-10-2023.geojson,Mupkal,,,,,
Hyderabad,TSSD0346,9.91,"{'min': 32.95800018310547, 'max': 33.542999267578125, 'mean': 33.2504997253418, 'count': 2, 'sum': 66.5009994506836, 'median': 33.2504997253418}","(78.47735671700008, 17.40191402800002, 78.52763446200004, 17.43504124900005)",31-10-2023.geojson,Musheerabad,,,,,
Rajanna Sircilla,TSSD0347,162.34,"{'min': 28.760000228881836, 'max': 31.567893981933594, 'mean': 30.2425168059593, 'count': 43, 'sum': 1300.42822265625, 'median': 30.30555534362793}","(78.62827650500003, 18.21376387500004, 78.77109860300004, 18.360829288000048)",31-10-2023.geojson,Mustabad,,,,,
Jayashankar Bhupalpally,TSSD0348,603.81,"{'min': 28.274444580078125, 'max': 31.102222442626953, 'mean': 29.590414428710936, 'count': 160, 'sum': 4734.46630859375, 'median': 29.502777099609375}","(79.93211438700007, 18.348852581000074, 80.27331132300003, 18.665550444000075)",31-10-2023.geojson,Mutharam_Mahadevpur,,,,,
Peddapalli,TSSD0349,143.95,"{'min': 29.317777633666992, 'max': 34.861000061035156, 'mean': 31.15231162623355, 'count': 38, 'sum': 1183.787841796875, 'median': 30.735790252685547}","(79.56376559100005, 18.46670946200004, 79.71861493100005, 18.60236795900005)",31-10-2023.geojson,Mutharam_Manthani,,,,,
Suryapet,TSSD0350,132.47,"{'min': 27.936250686645508, 'max': 31.361249923706055, 'mean': 29.21725556344697, 'count': 33, 'sum': 964.16943359375, 'median': 28.898235321044922}","(79.81542641000004, 17.031014071000072, 79.94769370600005, 17.174546916000054)",31-10-2023.geojson,Nadigudem,,,,,
Sangareddy,TSSD0351,148.84,"{'min': 31.281578063964844, 'max': 35.19900131225586, 'mean': 33.43140869140625, 'count': 40, 'sum': 1337.25634765625, 'median': 33.569053649902344}","(77.54918865800005, 17.98547994300003, 77.71900749600007, 18.124343363000037)",31-10-2023.geojson,Nagalgidda,,,,,
Suryapet,TSSD0352,134.54,"{'min': 30.142000198364258, 'max': 32.2636833190918, 'mean': 30.859647042410714, 'count': 35, 'sum': 1080.087646484375, 'median': 30.82900047302246}","(79.41253491600008, 17.34124849500006, 79.57155473400007, 17.45790335600003)",31-10-2023.geojson,Nagaram,,,,,
Kamareddy,TSSD0353,138.95,"{'min': 28.172727584838867, 'max': 30.05699920654297, 'mean': 29.086777630974264, 'count': 34, 'sum': 988.950439453125, 'median': 28.951427459716797}","(78.01381962800008, 18.068441783000026, 78.17948646600007, 18.201817321000078)",31-10-2023.geojson,Nagi_Reddypet,,,,,
Nalgonda,TSSD0354,151.19,"{'min': 28.801000595092773, 'max': 33.630001068115234, 'mean': 32.072976684570314, 'count': 40, 'sum': 1282.9190673828125, 'median': 32.250526428222656}","(79.36271400100003, 17.074334117000035, 79.51356132300003, 17.265691678000053)",31-10-2023.geojson,Nakrekal,,,,,
Nalgonda,TSSD0355,356.0,"{'min': 29.690000534057617, 'max': 35.38999938964844, 'mean': 33.255440848214285, 'count': 91, 'sum': 3026.2451171875, 'median': 33.29210662841797}","(79.11238633500005, 16.95004682000007, 79.38632643800008, 17.14875526800006)",31-10-2023.geojson,Nalgonda,,,,,
Warangal_Rural,TSSD0356,164.31,"{'min': 28.732105255126953, 'max': 31.72157859802246, 'mean': 30.42810567220052, 'count': 48, 'sum': 1460.549072265625, 'median': 30.373001098632812}","(79.81066170600008, 17.993540445000065, 80.04124404200007, 18.11528805000006)",31-10-2023.geojson,Nallabelli,,,,,
Hyderabad,TSSD0357,11.34,"{'min': 31.945999145507812, 'max': 34.79199981689453, 'mean': 33.83866628011068, 'count': 3, 'sum': 101.51599884033203, 'median': 34.77799987792969}","(78.45809052700008, 17.36457170500006, 78.49555773000003, 17.405714060000037)",31-10-2023.geojson,Nampally,,,,,
Nalgonda,TSSD0358,280.57,"{'min': 33.858890533447266, 'max': 36.45111083984375, 'mean': 34.9067951359161, 'count': 73, 'sum': 2548.196044921875, 'median': 34.82157897949219}","(78.84925232700004, 16.740287084000045, 79.04788463500006, 16.965538953000078)",31-10-2023.geojson,Nampally,,,,,
Rangareddy,TSSD0359,86.28,"{'min': 30.879091262817383, 'max': 33.209999084472656, 'mean': 32.11605557528409, 'count': 22, 'sum': 706.55322265625, 'median': 32.21904754638672}","(78.16420628000003, 17.07450775600006, 78.31375295500004, 17.187439899000026)",31-10-2023.geojson,Nandigama,,,,,
Nizamabad,TSSD0360,296.41,"{'min': 27.183635711669922, 'max': 32.70333480834961, 'mean': 29.740963626217532, 'count': 77, 'sum': 2290.05419921875, 'median': 29.863636016845703}","(78.06391450200005, 18.810123935000036, 78.27745292600008, 19.015809954000076)",31-10-2023.geojson,Nandipet,,,,,
Siddipet,TSSD0361,173.43,"{'min': 30.580476760864258, 'max': 32.48400115966797, 'mean': 31.31893643465909, 'count': 44, 'sum': 1378.033203125, 'median': 31.2450008392334}","(78.91642615100005, 18.005257581000023, 79.12553882600008, 18.139313947000062)",31-10-2023.geojson,Nangnoor,,,,,
Yadadri Bhuvanagiri,TSSD0362,255.72,"{'min': 31.913000106811523, 'max': 36.01210403442383, 'mean': 33.85568699692235, 'count': 66, 'sum': 2234.475341796875, 'median': 33.65631866455078}","(78.76727420200007, 17.04527964400006, 78.99214673900008, 17.215539860000035)",31-10-2023.geojson,Narayanapoor,,,,,
Sangareddy,TSSD0363,221.04,"{'min': 29.17818260192871, 'max': 33.59421157836914, 'mean': 31.385476034195698, 'count': 61, 'sum': 1914.5140380859375, 'median': 31.51105308532715}","(77.65873951100008, 17.969087139000067, 77.91619762300007, 18.131861117000028)",31-10-2023.geojson,Narayankhed,,,,,
Narayanpet,TSSD0364,253.45,"{'min': 30.06052589416504, 'max': 33.14263153076172, 'mean': 31.322408353365386, 'count': 65, 'sum': 2035.95654296875, 'median': 31.21666717529297}","(77.42683117400003, 16.65053467100006, 77.68547301300003, 16.797928967000075)",31-10-2023.geojson,Narayanpet,,,,,
Nalgonda,TSSD0365,234.39,"{'min': 31.66789436340332, 'max': 34.73105239868164, 'mean': 33.20537264384921, 'count': 63, 'sum': 2091.9384765625, 'median': 33.19315719604492}","(79.12064748900008, 17.11371295600003, 79.30389623300005, 17.35996707100003)",31-10-2023.geojson,Narketpally,,,,,
Jangoan,TSSD0366,125.01,"{'min': 29.336999893188477, 'max': 31.16200065612793, 'mean': 30.314615885416668, 'count': 33, 'sum': 1000.38232421875, 'median': 30.289047241210938}","(79.09279653800007, 17.82066930900004, 79.25505581500005, 17.932063776000064)",31-10-2023.geojson,Narmetta,,,,,
Adilabad,TSSD0367,201.81,"{'min': 28.97381019592285, 'max': 31.327999114990234, 'mean': 30.28459426591981, 'count': 53, 'sum': 1605.08349609375, 'median': 30.38800048828125}","(78.75741661700005, 19.424395872000048, 78.97780666900007, 19.57535441500005)",31-10-2023.geojson,Narnoor,,,,,
Warangal_Rural,TSSD0368,128.11,"{'min': 28.63857078552246, 'max': 31.982999801635742, 'mean': 30.181140899658203, 'count': 32, 'sum': 965.7965087890625, 'median': 30.03571319580078}","(79.80201610100005, 17.882928224000068, 79.94435882900007, 18.020538076000037)",31-10-2023.geojson,Narsampet,,,,,
Medak,TSSD0369,177.98,"{'min': 28.159000396728516, 'max': 29.923999786376953, 'mean': 29.180226880450583, 'count': 43, 'sum': 1254.749755859375, 'median': 29.231904983520508}","(78.16308671700006, 17.659841237000023, 78.33116213500006, 17.840150954000023)",31-10-2023.geojson,Narsapur,,,,,
Nirmal,TSSD0370,147.48,"{'min': 28.361000061035156, 'max': 32.83571243286133, 'mean': 30.83821033296131, 'count': 42, 'sum': 1295.204833984375, 'median': 30.96368408203125}","(78.07428315700008, 19.02509410700003, 78.21913771600003, 19.23774101400005)",31-10-2023.geojson,Narsapur_G,,,,,
Mahabubabad,TSSD0371,100.62,"{'min': 30.49736785888672, 'max': 32.086666107177734, 'mean': 31.228407118055557, 'count': 27, 'sum': 843.1669921875, 'median': 31.290000915527344}","(79.74961810900004, 17.432922034000057, 79.85804564900008, 17.55949727500007)",31-10-2023.geojson,Narsimhulapet,,,,,
Medak,TSSD0372,55.63,"{'min': 28.738571166992188, 'max': 30.975000381469727, 'mean': 29.609098434448242, 'count': 16, 'sum': 473.7455749511719, 'median': 29.483333587646484}","(78.39229916300008, 17.98830749900003, 78.47149849900006, 18.093264383000076)",31-10-2023.geojson,Narsingi,,,,,
Narayanpet,TSSD0373,194.24,"{'min': 31.274999618530273, 'max': 35.684444427490234, 'mean': 33.88901611328125, 'count': 50, 'sum': 1694.4508056640625, 'median': 33.93263244628906}","(77.57900273500007, 16.392118486000072, 77.76051168400005, 16.55740275000005)",31-10-2023.geojson,Narva,,,,,
Mancherial,TSSD0374,52.98,"{'min': 29.0049991607666, 'max': 33.56222152709961, 'mean': 31.822038922991073, 'count': 14, 'sum': 445.508544921875, 'median': 32.172157287597656}","(79.45022792100008, 18.798759303000054, 79.52726676000003, 18.914394050000055)",31-10-2023.geojson,Naspur,,,,,
Kamareddy,TSSD0375,102.21,"{'min': 28.451000213623047, 'max': 29.94300079345703, 'mean': 29.221359252929688, 'count': 28, 'sum': 818.1980590820312, 'median': 29.311710357666016}","(77.81879634400008, 18.411273927000025, 77.97648352900006, 18.509137527000064)",31-10-2023.geojson,Nasurullabad,,,,,
Nizamabad,TSSD0376,192.08,"{'min': 28.630868911743164, 'max': 30.389999389648438, 'mean': 29.24524658203125, 'count': 50, 'sum': 1462.2623291015625, 'median': 29.18227195739746}","(77.94333219400005, 18.72259983600003, 78.08733714300007, 18.94072022900008)",31-10-2023.geojson,Navipet,,,,,
Mahabubnagar,TSSD0377,296.21,"{'min': 28.985790252685547, 'max': 33.0099983215332, 'mean': 31.369945971996753, 'count': 77, 'sum': 2415.48583984375, 'median': 31.663637161254883}","(77.92099457500007, 16.78332651100004, 78.11899967800008, 17.01427203800006)",31-10-2023.geojson,Nawabpet,,,,,
Vikarabad,TSSD0378,158.3,"{'min': 31.16900062561035, 'max': 32.983001708984375, 'mean': 32.24541491996951, 'count': 41, 'sum': 1322.06201171875, 'median': 32.27399826049805}","(77.88176503700004, 17.365495641000052, 78.07175069100003, 17.471223939000026)",31-10-2023.geojson,Nawabpet,,,,,
Warangal_Rural,TSSD0379,188.28,"{'min': 29.300525665283203, 'max': 30.369047164916992, 'mean': 29.8253564453125, 'count': 50, 'sum': 1491.267822265625, 'median': 29.874662399291992}","(79.74746045700005, 17.696488769000155, 79.90634128700003, 17.879678624000064)",31-10-2023.geojson,Nekkonda,,,,,
Khammam,TSSD0380,186.76,"{'min': 28.042726516723633, 'max': 30.66777801513672, 'mean': 29.304119499362244, 'count': 49, 'sum': 1435.90185546875, 'median': 29.278749465942383}","(79.96784028800005, 16.968121411000027, 80.11000795600006, 17.174936235000075)",31-10-2023.geojson,Nelakondapally,,,,,
Mahabubabad,TSSD0381,206.97,"{'min': 29.0290470123291, 'max': 30.587894439697266, 'mean': 29.90068901909722, 'count': 54, 'sum': 1614.63720703125, 'median': 29.942527770996094}","(79.71439804300002, 17.541887375000044, 79.91872236700016, 17.698785481000073)",31-10-2023.geojson,Nellikudur,,,,,
Mancherial,TSSD0382,269.42,"{'min': 29.46555519104004, 'max': 31.176666259765625, 'mean': 30.234677596830984, 'count': 71, 'sum': 2146.662109375, 'median': 30.258888244628906}","(79.52664994100007, 18.93089886100006, 79.73295653300005, 19.12578670700003)",31-10-2023.geojson,Nennel,,,,,
Adilabad,TSSD0383,328.19,"{'min': 28.19700050354004, 'max': 32.06700134277344, 'mean': 30.532330802317414, 'count': 89, 'sum': 2717.37744140625, 'median': 30.680999755859375}","(78.26082714200004, 19.17277807100004, 78.55364642200004, 19.39715159900004)",31-10-2023.geojson,Neradigonda,,,,,
Suryapet,TSSD0384,126.74,"{'min': 28.525554656982422, 'max': 30.604736328125, 'mean': 29.476060267857143, 'count': 35, 'sum': 1031.662109375, 'median': 29.530000686645508}","(79.61424865900005, 16.828891998000074, 79.72807247700007, 16.983950306000054)",31-10-2023.geojson,Nereducherla,,,,,
Nalgonda,TSSD0385,161.07,"{'min': 31.767000198364258, 'max': 37.10555648803711, 'mean': 34.36642178622159, 'count': 44, 'sum': 1512.12255859375, 'median': 34.308773040771484}","(78.94273533400008, 16.468748120000043, 79.11690272800007, 16.651020135000067)",31-10-2023.geojson,Neredugommu,,,,,
Nalgonda,TSSD0386,217.58,"{'min': 29.959999084472656, 'max': 34.37333297729492, 'mean': 31.70398983712924, 'count': 59, 'sum': 1870.535400390625, 'median': 31.391111373901367}","(79.29369591300008, 16.726884840000025, 79.46702657000003, 16.93694350900006)",31-10-2023.geojson,Nidamanoor,,,,,
Nirmal,TSSD0387,26.54,"{'min': 30.15380859375, 'max': 32.91999816894531, 'mean': 31.345699734157986, 'count': 9, 'sum': 282.1112976074219, 'median': 31.31999969482422}","(78.32125738700006, 19.06142155400005, 78.36703256100003, 19.13503668900006)",31-10-2023.geojson,Nirmal,,,,,
Nirmal,TSSD0388,121.65,"{'min': 29.48238182067871, 'max': 32.47700119018555, 'mean': 30.589652769027218, 'count': 31, 'sum': 948.2792358398438, 'median': 30.543684005737305}","(78.28619783500005, 19.030659180000043, 78.42042812500006, 19.18711090100004)",31-10-2023.geojson,Nirmal Rural,,,,,
Nizamabad,TSSD0389,8.31,"{'min': 30.058570861816406, 'max': 32.97571563720703, 'mean': 31.304285685221355, 'count': 3, 'sum': 93.91285705566406, 'median': 30.878570556640625}","(78.05163596200003, 18.674492592000036, 78.12730598000007, 18.70039857300003)",31-10-2023.geojson,Nizamabad North,,,,,
Nizamabad,TSSD0390,143.88,"{'min': 28.36652183532715, 'max': 32.189998626708984, 'mean': 29.54866429379112, 'count': 38, 'sum': 1122.8492431640625, 'median': 28.995323181152344}","(77.98560033100006, 18.565702533000035, 78.16225447400006, 18.788720459000047)",31-10-2023.geojson,Nizamabad Rural,,,,,
Nizamabad,TSSD0391,30.08,"{'min': 30.24818229675293, 'max': 33.80523681640625, 'mean': 32.09763881138393, 'count': 7, 'sum': 224.6834716796875, 'median': 31.98047637939453}","(78.05135267700007, 18.638141734000044, 78.12035163300004, 18.70039857300003)",31-10-2023.geojson,Nizamabad South,,,,,
Medak,TSSD0392,96.69,"{'min': 29.08727264404297, 'max': 30.68000030517578, 'mean': 29.901951381138392, 'count': 28, 'sum': 837.254638671875, 'median': 29.95800018310547}","(78.48347828600004, 18.052927198000077, 78.58043728400008, 18.186685228000044)",31-10-2023.geojson,Nizampet,,,,,
Kamareddy,TSSD0393,241.59,"{'min': 26.978694915771484, 'max': 30.404285430908203, 'mean': 28.610870361328125, 'count': 72, 'sum': 2059.982666015625, 'median': 28.78499984741211}","(77.84561923400008, 18.09283344800002, 78.00817764400006, 18.34553889500006)",31-10-2023.geojson,Nizamsagar,,,,,
Suryapet,TSSD0394,119.91,"{'min': 30.058000564575195, 'max': 32.2488899230957, 'mean': 31.057151100852273, 'count': 33, 'sum': 1024.885986328125, 'median': 31.093158721923828}","(79.62642963900004, 17.281058334000022, 79.80860422700005, 17.37862805900005)",31-10-2023.geojson,Noothankal,,,,,
Sangareddy,TSSD0395,259.19,"{'min': 29.631999969482422, 'max': 33.60157775878906, 'mean': 32.102226706112134, 'count': 68, 'sum': 2182.951416015625, 'median': 32.20947265625}","(77.50905262900005, 17.743666096000027, 77.70963585900006, 17.95290998400003)",31-10-2023.geojson,Nyalkal,,,,,
Peddapalli,TSSD0396,148.08,"{'min': 29.136316299438477, 'max': 32.68299865722656, 'mean': 30.140445106907894, 'count': 38, 'sum': 1145.3369140625, 'median': 30.037689208984375}","(79.36660364000005, 18.386385288000042, 79.55224107200007, 18.53271052300005)",31-10-2023.geojson,Odela,,,,,
Nagarkurnool,TSSD0397,630.47,"{'min': 32.12052536010742, 'max': 36.59111022949219, 'mean': 34.44301147460938, 'count': 160, 'sum': 5510.8818359375, 'median': 34.30924987792969}","(78.85902477800005, 16.210348460000034, 79.23432760400004, 16.461405856000056)",31-10-2023.geojson,Padara,,,,,
Suryapet,TSSD0398,132.07,"{'min': 28.87444496154785, 'max': 33.31222152709961, 'mean': 30.58450656467014, 'count': 36, 'sum': 1101.042236328125, 'median': 30.36111068725586}","(79.66762645300008, 16.689675125000065, 79.78908743200003, 16.836615472000062)",31-10-2023.geojson,Palakeedu,,,,,
Jangoan,TSSD0399,255.42,"{'min': 30.951051712036133, 'max': 32.849998474121094, 'mean': 31.811442057291668, 'count': 66, 'sum': 2099.55517578125, 'median': 31.84305191040039}","(79.34225257900005, 17.560267294000028, 79.54008752200008, 17.75819989300004)",31-10-2023.geojson,Palakurthy,,,,,
Peddapalli,TSSD0400,137.42,"{'min': 28.921579360961914, 'max': 30.843334197998047, 'mean': 29.620697846283782, 'count': 37, 'sum': 1095.9658203125, 'median': 29.56399917602539}","(79.25348235000007, 18.670677110000042, 79.50381904800008, 18.81832694700006)",31-10-2023.geojson,Palakurthy,,,,,
Jayashankar Bhupalpally,TSSD0401,226.16,"{'min': 28.452104568481445, 'max': 35.472999572753906, 'mean': 30.125244140625, 'count': 60, 'sum': 1807.5146484375, 'median': 29.75860023498535}","(80.10237686500005, 18.587417120000055, 80.34460111300007, 18.722365577000062)",31-10-2023.geojson,Palmela,,,,,
Bhadradri Kothagudem,TSSD0402,421.11,"{'min': 27.15625, 'max': 32.20294189453125, 'mean': 29.695213524070947, 'count': 111, 'sum': 3296.168701171875, 'median': 29.825790405273438}","(80.57151962200004, 17.50317956400005, 80.86723947600007, 17.895408489000033)",31-10-2023.geojson,Palvancha,,,,,
Wanaparthy,TSSD0403,205.91,"{'min': 30.613157272338867, 'max': 34.61631393432617, 'mean': 32.58236129195602, 'count': 54, 'sum': 1759.447509765625, 'median': 32.583526611328125}","(78.02855847800004, 16.173396301000025, 78.22246788200005, 16.341012469000077)",31-10-2023.geojson,Pangal,,,,,
Medak,TSSD0404,205.14,"{'min': 27.686363220214844, 'max': 30.402631759643555, 'mean': 29.066352982954545, 'count': 55, 'sum': 1598.6494140625, 'median': 29.17210578918457}","(77.99790429400008, 17.965407912000046, 78.21345417200007, 18.109216143000026)",31-10-2023.geojson,Papannapet,,,,,
Vikarabad,TSSD0405,227.88,"{'min': 29.264999389648438, 'max': 32.763999938964844, 'mean': 31.059148238877118, 'count': 59, 'sum': 1832.48974609375, 'median': 31.01099967956543}","(77.76414678500004, 17.074105024000062, 77.99328854900006, 17.257275064000055)",31-10-2023.geojson,Pargi,,,,,
Warangal_Rural,TSSD0406,79.71,"{'min': 29.761999130249023, 'max': 32.4739990234375, 'mean': 31.3920166015625, 'count': 20, 'sum': 627.84033203125, 'median': 31.500499725341797}","(79.645823469, 18.135041913000066, 79.73250177000006, 18.279244378000044)",31-10-2023.geojson,Parkal,,,,,
Warangal_Rural,TSSD0407,161.29,"{'min': 29.122631072998047, 'max': 30.459474563598633, 'mean': 29.763177780877974, 'count': 42, 'sum': 1250.053466796875, 'median': 29.736894607543945}","(79.64445348100008, 17.68264110900003, 79.78084029400003, 17.843589961000077)",31-10-2023.geojson,Parvathagiri,,,,,
Sangareddy,TSSD0408,186.54,"{'min': 29.600000381469727, 'max': 32.435001373291016, 'mean': 31.1013232421875, 'count': 50, 'sum': 1555.066162109375, 'median': 31.231904983520508}","(78.13716356700007, 17.463618334000046, 78.28967759800008, 17.628094657000076)",31-10-2023.geojson,Patancheruvu,,,,,
Wanaparthy,TSSD0409,199.7,"{'min': 29.490951538085938, 'max': 37.74399948120117, 'mean': 32.66354839618389, 'count': 52, 'sum': 1698.5045166015625, 'median': 31.88711929321289}","(77.91611806600008, 16.024587675000078, 78.07471604300008, 16.26834650400002)",31-10-2023.geojson,Pebbair,,,,,
Nalgonda,TSSD0410,534.97,"{'min': 27.902000427246094, 'max': 35.52579116821289, 'mean': 31.978642086330936, 'count': 139, 'sum': 4445.03125, 'median': 32.17571258544922}","(79.02131319100005, 16.429164953000054, 79.31131002400008, 16.806345736000026)",31-10-2023.geojson,Peda Adisharla Palli,,,,,
Kamareddy,TSSD0411,93.4,"{'min': 30.25857162475586, 'max': 34.25600051879883, 'mean': 31.967125525841347, 'count': 26, 'sum': 831.145263671875, 'median': 31.888578414916992}","(77.64296889100007, 18.23434125800003, 77.79440383200006, 18.363266914000064)",31-10-2023.geojson,Pedda Kodapgal,,,,,
Nagarkurnool,TSSD0412,268.13,"{'min': 30.920000076293945, 'max': 34.79777908325195, 'mean': 33.351650661892364, 'count': 72, 'sum': 2401.31884765625, 'median': 33.40777587890625}","(78.28210328600005, 16.15614634700006, 78.46080747200006, 16.378297329000077)",31-10-2023.geojson,Peddakothapalle,,,,,
Wanaparthy,TSSD0413,184.53,"{'min': 30.12555503845215, 'max': 34.32749938964844, 'mean': 32.2030029296875, 'count': 48, 'sum': 1545.744140625, 'median': 32.280418395996094}","(77.91764372000006, 16.364835636000066, 78.12790212400006, 16.52562722400006)",31-10-2023.geojson,Peddamandaddi,,,,,
Peddapalli,TSSD0414,249.03,"{'min': 28.756999969482422, 'max': 32.114444732666016, 'mean': 29.654999221580617, 'count': 69, 'sum': 2046.1949462890625, 'median': 29.352222442626953}","(79.30969398300005, 18.526543618000062, 79.49350302700003, 18.70415850100005)",31-10-2023.geojson,Peddapalli,,,,,
Mahabubabad,TSSD0415,111.61,"{'min': 29.849000930786133, 'max': 32.083683013916016, 'mean': 30.83729248046875, 'count': 30, 'sum': 925.1187744140625, 'median': 30.71368408203125}","(79.51263601700003, 17.490564388000053, 79.63852224900006, 17.619982297000035)",31-10-2023.geojson,Peddavangara,,,,,
Nalgonda,TSSD0416,289.57,"{'min': 29.63421058654785, 'max': 36.15777587890625, 'mean': 33.553780691964285, 'count': 77, 'sum': 2583.64111328125, 'median': 33.66899871826172}","(79.13353438500008, 16.575213949000045, 79.36044542900004, 16.832719401000077)",31-10-2023.geojson,Peddavoora,,,,,
Vikarabad,TSSD0417,240.11,"{'min': 30.246000289916992, 'max': 34.46294021606445, 'mean': 31.955003307711692, 'count': 62, 'sum': 1981.210205078125, 'median': 31.82197380065918}","(77.51261111400004, 17.261553169000024, 77.72573047400004, 17.456603014000052)",31-10-2023.geojson,Peddemul,,,,,
Jagtial,TSSD0418,131.5,"{'min': 28.48090934753418, 'max': 29.842222213745117, 'mean': 29.08176377240349, 'count': 34, 'sum': 988.7799682617188, 'median': 29.02716827392578}","(79.00313586800007, 18.638171251000074, 79.13566837800005, 18.76691388300003)",31-10-2023.geojson,Pegadapalli,,,,,
Nirmal,TSSD0419,315.89,"{'min': 28.393810272216797, 'max': 31.511905670166016, 'mean': 29.514769071691177, 'count': 85, 'sum': 2508.75537109375, 'median': 29.41777801513672}","(78.48200096200003, 19.08543736100006, 78.72744941700006, 19.317058780000025)",31-10-2023.geojson,Pembi,,,,,
Kumurambheem Asifabad,TSSD0420,209.6,"{'min': 28.311111450195312, 'max': 31.494211196899414, 'mean': 29.799647739955358, 'count': 56, 'sum': 1668.7802734375, 'median': 29.929025650024414}","(79.66386794600004, 19.199781307000023, 79.94222848200008, 19.367035272000066)",31-10-2023.geojson,Penchikalpet,,,,,
Suryapet,TSSD0421,190.1,"{'min': 28.73900032043457, 'max': 30.88777732849121, 'mean': 29.66465130974265, 'count': 51, 'sum': 1512.897216796875, 'median': 29.685556411743164}","(79.59300492900007, 16.958133916000065, 79.81245856700008, 17.09085837200007)",31-10-2023.geojson,Penpahad,,,,,
Nagarkurnool,TSSD0422,100.6,"{'min': 31.937000274658203, 'max': 34.814762115478516, 'mean': 33.47986394708807, 'count': 22, 'sum': 736.5570068359375, 'median': 33.28150939941406}","(78.18107699600006, 16.00532167600005, 78.32316639500004, 16.139543263000064)",31-10-2023.geojson,Pentlavelli,,,,,
Khammam,TSSD0423,273.41,"{'min': 27.878889083862305, 'max': 31.388750076293945, 'mean': 29.83825005425347, 'count': 72, 'sum': 2148.35400390625, 'median': 29.817501068115234}","(80.59580834400003, 17.100783087000025, 80.77536110100004, 17.320991373000027)",31-10-2023.geojson,Penuballi,,,,,
Bhadradri Kothagudem,TSSD0424,237.05,"{'min': 26.55500030517578, 'max': 32.66777801513672, 'mean': 29.70023662860577, 'count': 65, 'sum': 1930.515380859375, 'median': 29.732105255126953}","(80.60213672700007, 17.921962273000076, 80.77371604900003, 18.158406092000064)",31-10-2023.geojson,Pinapaka,,,,,
Vikarabad,TSSD0425,206.05,"{'min': 30.059524536132812, 'max': 32.49761962890625, 'mean': 31.014567057291668, 'count': 54, 'sum': 1674.78662109375, 'median': 30.924762725830078}","(77.89676249700005, 17.131204728000057, 78.06049801700004, 17.32409672800003)",31-10-2023.geojson,Pudur,,,,,
Sangareddy,TSSD0426,148.67,"{'min': 26.60714340209961, 'max': 31.570999145507812, 'mean': 29.153515625, 'count': 40, 'sum': 1166.140625, 'median': 29.28849983215332}","(77.90516574499998, 17.65983009000007, 78.07454656600015, 17.812841045000027)",31-10-2023.geojson,Pulkal,,,,,
Medchal_Malkajgiri,TSSD0427,43.97,"{'min': 31.43476104736328, 'max': 34.1490478515625, 'mean': 32.99960021972656, 'count': 10, 'sum': 329.9960021972656, 'median': 33.030120849609375}","(78.38920413800008, 17.480972, 78.50036789700005, 17.561433864000037)",31-10-2023.geojson,Quthbullapur,,,,,
Khammam,TSSD0428,192.3,"{'min': 30.20111083984375, 'max': 32.5099983215332, 'mean': 31.7803759765625, 'count': 50, 'sum': 1589.018798828125, 'median': 31.804706573486328}","(80.13318105300004, 17.232712673000037, 80.34275288000003, 17.401110535000043)",31-10-2023.geojson,Raghunadhapalem,,,,,
Jangoan,TSSD0429,251.68,"{'min': 29.345237731933594, 'max': 33.43095397949219, 'mean': 31.349062791511194, 'count': 67, 'sum': 2100.38720703125, 'median': 31.44300079345703}","(79.17884629500008, 17.67337913600005, 79.37330906100004, 17.858329210000022)",31-10-2023.geojson,Ragunathpally,,,,,
Jagtial,TSSD0430,266.42,"{'min': 27.706363677978516, 'max': 31.829999923706055, 'mean': 29.58634925956157, 'count': 67, 'sum': 1982.285400390625, 'median': 29.583999633789062}","(78.72887764300003, 18.831214958000032, 78.93391600400008, 19.071133686000053)",31-10-2023.geojson,Raikal,,,,,
Sangareddy,TSSD0431,223.22,"{'min': 27.25666618347168, 'max': 32.790000915527344, 'mean': 30.623152108028016, 'count': 58, 'sum': 1776.142822265625, 'median': 30.8100528717041}","(77.66777327100004, 17.76655052700005, 77.88238395400003, 17.93163760300007)",31-10-2023.geojson,Raikode,,,,,
Warangal_Rural,TSSD0432,219.17,"{'min': 28.57200050354004, 'max': 32.164737701416016, 'mean': 30.313387044270833, 'count': 60, 'sum': 1818.80322265625, 'median': 30.246051788330078}","(79.48142998600008, 17.619651097000144, 79.69554202900008, 17.76142627300004)",31-10-2023.geojson,Raiparthy,,,,,
Siddipet,TSSD0433,104.17,"{'min': 29.099523544311523, 'max': 31.275714874267578, 'mean': 30.033283102101294, 'count': 29, 'sum': 870.9652099609375, 'median': 30.085237503051758}","(78.55726942800004, 17.83236618500007, 78.68891396900005, 17.985113187000024)",31-10-2023.geojson,Raipole,,,,,
Kamareddy,TSSD0434,126.93,"{'min': 29.298181533813477, 'max': 32.95857238769531, 'mean': 30.62503231272978, 'count': 34, 'sum': 1041.2510986328125, 'median': 30.255237579345703}","(78.21768245400006, 18.146799025000064, 78.37609676800008, 18.26765991900004)",31-10-2023.geojson,Rajampet,,,,,
Yadadri Bhuvanagiri,TSSD0435,197.22,"{'min': 29.755714416503906, 'max': 32.558998107910156, 'mean': 31.1976243622449, 'count': 49, 'sum': 1528.68359375, 'median': 31.23476219177246}","(78.85825081100006, 17.654937046000043, 79.01597518100004, 17.812669696000057)",31-10-2023.geojson,Rajapeta,,,,,
Mahabubnagar,TSSD0436,125.06,"{'min': 31.6252384185791, 'max': 34.46200180053711, 'mean': 33.195319680606616, 'count': 34, 'sum': 1128.640869140625, 'median': 33.188499450683594}","(78.07616216600007, 16.827293433000023, 78.23953804100006, 16.936410312000078)",31-10-2023.geojson,Rajapur,,,,,
Rangareddy,TSSD0437,48.26,"{'min': 28.959091186523438, 'max': 33.88999938964844, 'mean': 31.771333821614583, 'count': 15, 'sum': 476.57000732421875, 'median': 31.893810272216797}","(78.37469952800006, 17.27932147300004, 78.46010745500007, 17.37208799600006)",31-10-2023.geojson,Rajendranagar,,,,,
Jogulamba Gadwal,TSSD0438,129.05,"{'min': 33.53555679321289, 'max': 40.002498626708984, 'mean': 36.39732450597427, 'count': 34, 'sum': 1237.509033203125, 'median': 36.095882415771484}","(77.64468695100004, 15.874725880000028, 77.86920549500007, 15.955733610000038)",31-10-2023.geojson,Rajoli,,,,,
Sangareddy,TSSD0439,76.01,"{'min': 30.351999282836914, 'max': 32.50899887084961, 'mean': 31.390432257401315, 'count': 19, 'sum': 596.418212890625, 'median': 31.41900062561035}","(78.20639802000005, 17.42785604100004, 78.31670013100006, 17.529947374000074)",31-10-2023.geojson,Ramachandrapuram,,,,,
Karimnagar,TSSD0440,134.02,"{'min': 29.241111755371094, 'max': 31.724000930786133, 'mean': 30.186012061866553, 'count': 37, 'sum': 1116.8824462890625, 'median': 30.08473777770996}","(79.02101613600007, 18.468415441000047, 79.13300998100004, 18.662426753000034)",31-10-2023.geojson,Ramadugu,,,,,
Peddapalli,TSSD0441,174.25,"{'min': 28.90999984741211, 'max': 34.70800018310547, 'mean': 30.7056357643821, 'count': 44, 'sum': 1351.0479736328125, 'median': 29.919445037841797}","(79.49644329500006, 18.537401654000064, 79.64857378700003, 18.777236066000057)",31-10-2023.geojson,Ramagiri,,,,,
Peddapalli,TSSD0442,113.66,"{'min': 29.315000534057617, 'max': 34.59600067138672, 'mean': 31.125374086441532, 'count': 31, 'sum': 964.8865966796875, 'median': 30.77666664123535}","(79.41357231200004, 18.674221571000032, 79.54617280200006, 18.82875034600005)",31-10-2023.geojson,Ramagundam,,,,,
Yadadri Bhuvanagiri,TSSD0443,229.79,"{'min': 29.118000030517578, 'max': 33.89842224121094, 'mean': 31.930257161458332, 'count': 60, 'sum': 1915.8154296875, 'median': 32.07789611816406}","(78.98814184100007, 17.24503517000005, 79.25341493800005, 17.371267423000063)",31-10-2023.geojson,Ramannapet,,,,,
Kamareddy,TSSD0444,168.07,"{'min': 28.469999313354492, 'max': 30.810909271240234, 'mean': 29.30419070221657, 'count': 43, 'sum': 1260.0802001953125, 'median': 29.241817474365234}","(78.30521243600003, 18.353492533000065, 78.49228659800008, 18.483468182000024)",31-10-2023.geojson,Ramareddy,,,,,
Medak,TSSD0445,151.12,"{'min': 29.138181686401367, 'max': 31.388999938964844, 'mean': 29.91531711154514, 'count': 36, 'sum': 1076.951416015625, 'median': 29.81800079345703}","(78.30425113600006, 18.0235726680001, 78.52133388100003, 18.202632038000047)",31-10-2023.geojson,Ramayampet,,,,,
Kumurambheem Asifabad,TSSD0446,259.91,"{'min': 28.5939998626709, 'max': 31.745237350463867, 'mean': 30.23942173549107, 'count': 70, 'sum': 2116.759521484375, 'median': 30.311492919921875}","(79.32166087900004, 19.178187793000063, 79.54911338400007, 19.34967844600004)",31-10-2023.geojson,Rebbena,,,,,
Medak,TSSD0447,80.04,"{'min': 29.763999938964844, 'max': 33.58444595336914, 'mean': 31.77436218261719, 'count': 20, 'sum': 635.4872436523438, 'median': 31.83321762084961}","(77.79480732300004, 17.899738504000027, 77.90762447000003, 18.02227582200004)",31-10-2023.geojson,Regode,,,,,
Jayashankar Bhupalpally,TSSD0448,230.7,"{'min': 29.66900062561035, 'max': 33.77000045776367, 'mean': 31.622918597722457, 'count': 59, 'sum': 1865.752197265625, 'median': 31.41526222229004}","(79.69264018100006, 18.156703452000045, 79.86309632500007, 18.338586973000076)",31-10-2023.geojson,Regonda,,,,,
Nizamabad,TSSD0449,113.22,"{'min': 28.457000732421875, 'max': 35.011905670166016, 'mean': 30.838155110677082, 'count': 30, 'sum': 925.1446533203125, 'median': 29.904869079589844}","(77.86138268200006, 18.703789855000025, 78.00478559000004, 18.827805693000073)",31-10-2023.geojson,Renjal,,,,,
Wanaparthy,TSSD0450,123.03,"{'min': 30.577777862548828, 'max': 33.128822326660156, 'mean': 31.964136460248163, 'count': 34, 'sum': 1086.7806396484375, 'median': 32.02470397949219}","(78.18099529600005, 16.28925188900007, 78.31347526600007, 16.41654954300003)",31-10-2023.geojson,Revally,,,,,
Rajanna Sircilla,TSSD0451,102.53,"{'min': 27.9689998626709, 'max': 30.53761863708496, 'mean': 29.39594444861779, 'count': 26, 'sum': 764.2945556640625, 'median': 29.541427612304688}","(78.58056651000004, 18.58307069400007, 78.73259018200008, 18.69041016700004)",31-10-2023.geojson,Rudrangi,,,,,
Nizamabad,TSSD0452,49.47,"{'min': 29.26523780822754, 'max': 30.547000885009766, 'mean': 29.924308268229165, 'count': 15, 'sum': 448.8646240234375, 'median': 29.88809585571289}","(77.83311309200008, 18.52944754200007, 77.90865557200004, 18.627816633000066)",31-10-2023.geojson,Rudrur,,,,,
Kamareddy,TSSD0453,196.13,"{'min': 28.547142028808594, 'max': 32.93727111816406, 'mean': 30.73361033313679, 'count': 53, 'sum': 1628.88134765625, 'median': 30.85636329650879}","(78.13861896100008, 18.353770851000036, 78.32975145300009, 18.507260761000055)",31-10-2023.geojson,Sadashivnagar,,,,,
Sangareddy,TSSD0454,248.56,"{'min': 28.392000198364258, 'max': 32.727142333984375, 'mean': 30.722272087545957, 'count': 68, 'sum': 2089.114501953125, 'median': 30.77899932861328}","(77.85634040500008, 17.56144371700003, 78.05470115400004, 17.744826153000076)",31-10-2023.geojson,Sadasivpet,,,,,
Hyderabad,TSSD0455,4.44,"{'min': 35.24399948120117, 'max': 35.24399948120117, 'mean': 35.24399948120117, 'count': 1, 'sum': 35.24399948120117, 'median': 35.24399948120117}","(78.49666183500005, 17.34852849400005, 78.52105110000008, 17.37992626500005)",31-10-2023.geojson,Saidabad,,,,,
Sangareddy,TSSD0456,85.0,"{'min': 27.60300064086914, 'max': 31.70599937438965, 'mean': 29.882396879650297, 'count': 21, 'sum': 627.5303344726562, 'median': 30.081579208374023}","(78.04085741600005, 17.553553519000047, 78.16506055600007, 17.67324188400005)",31-10-2023.geojson,Sangareddy,,,,,
Warangal_Rural,TSSD0457,147.68,"{'min': 28.738000869750977, 'max': 31.57699966430664, 'mean': 30.470571417557565, 'count': 38, 'sum': 1157.8817138671875, 'median': 30.423500061035156}","(79.62671724200004, 17.820931420000022, 79.79112790100004, 17.944659224000077)",31-10-2023.geojson,Sangem,,,,,
Jagtial,TSSD0458,143.97,"{'min': 27.670909881591797, 'max': 29.895713806152344, 'mean': 28.715224847560975, 'count': 41, 'sum': 1177.32421875, 'median': 28.6299991607666}","(78.88862723900007, 18.84957074600004, 79.01218592200007, 19.00894877500002)",31-10-2023.geojson,Sarangapur,,,,,
Nirmal,TSSD0459,255.36,"{'min': 29.242727279663086, 'max': 32.859474182128906, 'mean': 30.971080433238637, 'count': 66, 'sum': 2044.09130859375, 'median': 30.960479736328125}","(78.17542674100008, 19.119711206000034, 78.37414495300004, 19.317393956000046)",31-10-2023.geojson,Sarangapur,,,,,
Khammam,TSSD0460,285.22,"{'min': 28.082857131958008, 'max': 33.893333435058594, 'mean': 29.846780019263697, 'count': 73, 'sum': 2178.81494140625, 'median': 29.636316299438477}","(80.75683769000005, 17.117241266000065, 80.92560532200008, 17.37735310100004)",31-10-2023.geojson,Sathupally,,,,,
Hyderabad,TSSD0461,3.33,"{'min': 32.64699935913086, 'max': 32.64699935913086, 'mean': 32.64699935913086, 'count': 1, 'sum': 32.64699935913086, 'median': 32.64699935913086}","(78.46963204300005, 17.426530425000067, 78.49977880800003, 17.44386382500005)",31-10-2023.geojson,Secunderabad,,,,,
Rangareddy,TSSD0462,96.56,"{'min': 30.367000579833984, 'max': 33.07285690307617, 'mean': 31.747754778180802, 'count': 28, 'sum': 888.9371337890625, 'median': 31.78849983215332}","(78.27172464700004, 17.409225719000062, 78.40724610200004, 17.522654105000072)",31-10-2023.geojson,Serilingampalle,,,,,
Rangareddy,TSSD0463,232.51,"{'min': 30.42818260192871, 'max': 33.28047561645508, 'mean': 31.637640591325432, 'count': 58, 'sum': 1834.983154296875, 'median': 31.66913414001465}","(78.04592706400007, 17.084200252000073, 78.25929582200007, 17.259301650000054)",31-10-2023.geojson,Shabad,,,,,
Hyderabad,TSSD0464,23.35,"{'min': 32.020477294921875, 'max': 32.76142883300781, 'mean': 32.49158732096354, 'count': 6, 'sum': 194.94952392578125, 'median': 32.57238006591797}","(78.38838433400008, 17.386491415000023, 78.45185860300006, 17.441244402000052)",31-10-2023.geojson,Shaikpet,,,,,
Nalgonda,TSSD0465,228.95,"{'min': 28.7450008392334, 'max': 33.62473678588867, 'mean': 31.780454508463542, 'count': 60, 'sum': 1906.8272705078125, 'median': 31.791000366210938}","(79.28719940500008, 17.21166416600005, 79.50079969900008, 17.35925323300006)",31-10-2023.geojson,Shaligouraram,,,,,
Medchal_Malkajgiri,TSSD0466,150.73,"{'min': 29.373157501220703, 'max': 31.854000091552734, 'mean': 30.79590759277344, 'count': 40, 'sum': 1231.8363037109375, 'median': 30.950401306152344}","(78.49393641100005, 17.536372458000073, 78.65615437000014, 17.695841263000034)",31-10-2023.geojson,Shamirpet,,,,,
Rangareddy,TSSD0467,199.4,"{'min': 29.280908584594727, 'max': 33.06999969482422, 'mean': 31.5061528132512, 'count': 52, 'sum': 1638.3199462890625, 'median': 31.557422637939453}","(78.23263628200004, 17.145048406000058, 78.43688465000008, 17.322722112000065)",31-10-2023.geojson,Shamshabad,,,,,
Medak,TSSD0468,142.04,"{'min': 27.3509521484375, 'max': 31.173999786376953, 'mean': 29.76878597861842, 'count': 38, 'sum': 1131.2138671875, 'median': 29.99650001525879}","(77.85211008600004, 17.994571649000022, 78.00442992900008, 18.123550200000068)",31-10-2023.geojson,Shankarampet_A,,,,,
Karimnagar,TSSD0469,144.28,"{'min': 29.270000457763672, 'max': 30.881000518798828, 'mean': 29.982135009765624, 'count': 40, 'sum': 1199.285400390625, 'median': 30.007131576538086}","(79.25766646100004, 18.226704529000074, 79.40468523700008, 18.368117502000075)",31-10-2023.geojson,Shankarapatnam,,,,,
Rangareddy,TSSD0470,210.66,"{'min': 30.707143783569336, 'max': 33.62799835205078, 'mean': 31.71153750662076, 'count': 59, 'sum': 1870.980712890625, 'median': 31.659000396728516}","(78.03518070400008, 17.36271017200005, 78.28884776000007, 17.519074225000054)",31-10-2023.geojson,Shankarpalle,,,,,
Warangal_Rural,TSSD0471,116.47,"{'min': 28.830951690673828, 'max': 31.17571449279785, 'mean': 30.252437591552734, 'count': 32, 'sum': 968.0780029296875, 'median': 30.301498413085938}","(79.65749409800003, 18.09115618000004, 79.85468848500005, 18.192367870000055)",31-10-2023.geojson,Shayampet,,,,,
Medak,TSSD0472,193.23,"{'min': 28.53700065612793, 'max': 31.19499969482422, 'mean': 29.3049391143176, 'count': 49, 'sum': 1435.9420166015625, 'median': 29.250999450683594}","(78.29506747900007, 17.69907432800005, 78.44788785400004, 17.878551977000086)",31-10-2023.geojson,Shivampet,,,,,
Siddipet,TSSD0473,112.6,"{'min': 29.559999465942383, 'max': 31.090999603271484, 'mean': 30.232125418526785, 'count': 28, 'sum': 846.49951171875, 'median': 30.155736923217773}","(78.71740480300008, 18.05814766800006, 78.82931055600005, 18.221303904000138)",31-10-2023.geojson,Siddipet_Rural,,,,,
Siddipet,TSSD0474,140.55,"{'min': 30.119524002075195, 'max': 33.239524841308594, 'mean': 31.168924967447918, 'count': 36, 'sum': 1122.081298828125, 'median': 30.966190338134766}","(78.77407040900005, 18.036517040000035, 78.93338480300008, 18.152979642000048)",31-10-2023.geojson,Siddipet_Urban,,,,,
Khammam,TSSD0475,248.58,"{'min': 29.447895050048828, 'max': 32.887332916259766, 'mean': 30.657411575317383, 'count': 64, 'sum': 1962.0743408203125, 'median': 30.564842224121094}","(80.19501777600004, 17.426341041000057, 80.47158959500007, 17.577896090000024)",31-10-2023.geojson,Singareni,,,,,
Rajanna Sircilla,TSSD0476,53.12,"{'min': 30.486665725708008, 'max': 33.189998626708984, 'mean': 31.474999564034597, 'count': 14, 'sum': 440.6499938964844, 'median': 31.205554962158203}","(78.74143609700008, 18.35280534900005, 78.85232997100007, 18.43330245100003)",31-10-2023.geojson,Sircilla,,,,,
Sangareddy,TSSD0477,119.81,"{'min': 29.011817932128906, 'max': 34.38600158691406, 'mean': 31.471439615885416, 'count': 30, 'sum': 944.1431884765625, 'median': 31.533985137939453}","(77.63761782900008, 18.101238527000078, 77.80019010900008, 18.20600259400004)",31-10-2023.geojson,Sirgapoor,,,,,
Adilabad,TSSD0478,202.11,"{'min': 29.05105209350586, 'max': 32.00263214111328, 'mean': 30.615577980324073, 'count': 54, 'sum': 1653.2412109375, 'median': 30.645790100097656}","(78.50741267300003, 19.29955482500003, 78.69361824700007, 19.472598296000115)",31-10-2023.geojson,Sirikonda,,,,,
Nizamabad,TSSD0479,334.45,"{'min': 27.659473419189453, 'max': 31.631999969482422, 'mean': 29.297829367897727, 'count': 88, 'sum': 2578.208984375, 'median': 29.257617950439453}","(78.38760279100006, 18.43949633400007, 78.61969949700006, 18.654543137000076)",31-10-2023.geojson,Sirikonda,,,,,
Kumurambheem Asifabad,TSSD0480,336.55,"{'min': 28.208999633789062, 'max': 31.865238189697266, 'mean': 29.807594476744185, 'count': 86, 'sum': 2563.453125, 'median': 29.724735260009766}","(79.45414155100008, 19.378014544000052, 79.70518129200008, 19.576127453000026)",31-10-2023.geojson,Sirpur_T,,,,,
Kumurambheem Asifabad,TSSD0481,188.92,"{'min': 28.086999893188477, 'max': 31.992856979370117, 'mean': 30.5671435546875, 'count': 50, 'sum': 1528.357177734375, 'median': 30.694286346435547}","(78.86004844600006, 19.270764704000044, 79.06911914200003, 19.420337200000063)",31-10-2023.geojson,Sirpur_U,,,,,
Nirmal,TSSD0482,83.77,"{'min': 27.371999740600586, 'max': 31.679523468017578, 'mean': 29.99384998139881, 'count': 21, 'sum': 629.870849609375, 'median': 30.40142822265625}","(78.27684201200003, 18.95122860600003, 78.41145082100007, 19.069772912000076)",31-10-2023.geojson,Soan,,,,,
Peddapalli,TSSD0483,188.77,"{'min': 29.091053009033203, 'max': 32.472999572753906, 'mean': 30.49081121706495, 'count': 51, 'sum': 1555.0313720703125, 'median': 30.242000579833984}","(79.43915173000005, 18.412581072000023, 79.59585151700009, 18.604812498000058)",31-10-2023.geojson,Srirampur,,,,,
Wanaparthy,TSSD0484,78.54,"{'min': 28.870952606201172, 'max': 32.35315704345703, 'mean': 30.6425048828125, 'count': 20, 'sum': 612.85009765625, 'median': 30.903213500976562}","(77.99102928900004, 16.130406421000032, 78.08846242100003, 16.26036345500006)",31-10-2023.geojson,Srirangapur,,,,,
Bhadradri Kothagudem,TSSD0485,105.54,"{'min': 28.776153564453125, 'max': 31.44499969482422, 'mean': 30.091315133231028, 'count': 28, 'sum': 842.5568237304688, 'median': 30.068790435791016}","(80.48722315900005, 17.43343624000005, 80.65641156200007, 17.547570692000022)",31-10-2023.geojson,Sujathanagar,,,,,
Peddapalli,TSSD0486,165.88,"{'min': 28.979999542236328, 'max': 32.67100143432617, 'mean': 30.04024158824574, 'count': 44, 'sum': 1321.7706298828125, 'median': 29.756500244140625}","(79.21551160500007, 18.440055271000062, 79.39913112200009, 18.60634948300003)",31-10-2023.geojson,Sultanabad,,,,,
Suryapet,TSSD0487,218.55,"{'min': 28.333999633789062, 'max': 32.48555374145508, 'mean': 29.514922560307017, 'count': 57, 'sum': 1682.3505859375, 'median': 29.408889770507812}","(79.49048435600008, 17.06180805200006, 79.66976062200007, 17.28486849600006)",31-10-2023.geojson,Suryapet,,,,,
Nagarkurnool,TSSD0488,226.32,"{'min': 31.367000579833984, 'max': 34.983333587646484, 'mean': 33.27912361391129, 'count': 62, 'sum': 2063.3056640625, 'median': 33.26903533935547}","(78.26727079000005, 16.49459693400007, 78.45711110600007, 16.688643456000023)",31-10-2023.geojson,Tadoor,,,,,
Mulugu,TSSD0489,839.17,"{'min': 26.862499237060547, 'max': 30.971250534057617, 'mean': 28.747213661123855, 'count': 218, 'sum': 6266.892578125, 'median': 28.62665367126465}","(80.10419615200004, 17.996319820000053, 80.48000297700008, 18.393553888000042)",31-10-2023.geojson,Tadvai (Sammakka Sarakka),,,,,
Kamareddy,TSSD0490,177.12,"{'min': 28.669090270996094, 'max': 33.24727249145508, 'mean': 32.01546137383644, 'count': 47, 'sum': 1504.7266845703125, 'median': 32.327999114990234}","(78.15208823200004, 18.213409773000024, 78.30662145900004, 18.383527335000053)",31-10-2023.geojson,Tadwai,,,,,
Rangareddy,TSSD0491,245.69,"{'min': 31.486364364624023, 'max': 34.83380889892578, 'mean': 33.35801373106061, 'count': 66, 'sum': 2201.62890625, 'median': 33.43476104736328}","(78.32295389600006, 16.777295856000023, 78.50523085400005, 16.961749273000066)",31-10-2023.geojson,Talakondapally,,,,,
Adilabad,TSSD0492,285.66,"{'min': 28.378889083862305, 'max': 31.55666732788086, 'mean': 29.97594684103261, 'count': 69, 'sum': 2068.34033203125, 'median': 29.996665954589844}","(78.26295216300008, 19.53761522600007, 78.49682900700003, 19.716183126000033)",31-10-2023.geojson,Talamadugu,,,,,
Adilabad,TSSD0493,97.7,"{'min': 29.713157653808594, 'max': 32.84222412109375, 'mean': 30.8589025426794, 'count': 27, 'sum': 833.1903686523438, 'median': 30.75526237487793}","(78.33972411600007, 19.63174893000007, 78.51576933100006, 19.752904132000026)",31-10-2023.geojson,Tamsi,,,,,
Mancherial,TSSD0494,177.0,"{'min': 28.36142921447754, 'max': 30.940475463867188, 'mean': 29.5555224609375, 'count': 50, 'sum': 1477.776123046875, 'median': 29.50259017944336}","(79.32361030500005, 19.082851204000065, 79.57052485400004, 19.226889392000032)",31-10-2023.geojson,Tandur,,,,,
Vikarabad,TSSD0495,240.33,"{'min': 30.85700035095215, 'max': 35.46900177001953, 'mean': 32.92890930175781, 'count': 64, 'sum': 2107.4501953125, 'median': 33.07637405395508}","(77.43695612500005, 17.209464535000052, 77.67739970400004, 17.402500187000044)",31-10-2023.geojson,Tandur,,,,,
Nirmal,TSSD0496,217.5,"{'min': 31.465238571166992, 'max': 36.374000549316406, 'mean': 33.53446106991525, 'count': 59, 'sum': 1978.533203125, 'median': 32.95571517944336}","(77.76173454100007, 18.90445741800005, 77.90387245800008, 19.155003113000078)",31-10-2023.geojson,Tanoor,,,,,
Medak,TSSD0497,138.61,"{'min': 28.58888816833496, 'max': 30.48699951171875, 'mean': 29.619998329564144, 'count': 38, 'sum': 1125.5599365234375, 'median': 29.687999725341797}","(77.96914892900008, 17.877695860000074, 78.09576951400004, 18.071839029000046)",31-10-2023.geojson,Tekmal,,,,,
Bhadradri Kothagudem,TSSD0498,467.77,"{'min': 28.005294799804688, 'max': 32.85124969482422, 'mean': 30.748447105532787, 'count': 122, 'sum': 3751.310546875, 'median': 30.98209571838379}","(80.37730808200007, 17.508099650000077, 80.62125353800008, 17.765024521000043)",31-10-2023.geojson,Tekulapalle,,,,,
Jayashankar Bhupalpally,TSSD0499,105.62,"{'min': 31.020000457763672, 'max': 33.457366943359375, 'mean': 31.952418736049108, 'count': 28, 'sum': 894.667724609375, 'median': 31.625}","(79.56830471500007, 18.351151408000078, 79.68021060700005, 18.481462286000067)",31-10-2023.geojson,Tekumatla,,,,,
Nagarkurnool,TSSD0500,246.35,"{'min': 33.217369079589844, 'max': 35.45000076293945, 'mean': 34.173648834228516, 'count': 64, 'sum': 2187.113525390625, 'median': 34.15187072753906}","(78.34696131600003, 16.292821352000033, 78.51629761100008, 16.523862474000055)",31-10-2023.geojson,Telkapalle,,,,,
Khammam,TSSD0501,201.36,"{'min': 28.106842041015625, 'max': 32.08555603027344, 'mean': 30.052865658166272, 'count': 53, 'sum': 1592.8018798828125, 'median': 29.975000381469727}","(80.37659267100008, 17.090031495000062, 80.51879083800003, 17.305187707000073)",31-10-2023.geojson,Thallada,,,,,
Rajanna Sircilla,TSSD0502,188.9,"{'min': 28.58099937438965, 'max': 32.9566650390625, 'mean': 30.47142380934495, 'count': 52, 'sum': 1584.5140380859375, 'median': 30.379268646240234}","(78.72705830300004, 18.25399247500019, 78.94322523800008, 18.414849795000066)",31-10-2023.geojson,Thangallapalli,,,,,
Jangoan,TSSD0503,85.48,"{'min': 29.553810119628906, 'max': 31.040475845336914, 'mean': 30.509137834821427, 'count': 21, 'sum': 640.69189453125, 'median': 30.612857818603516}","(79.11661335800005, 17.901698373000045, 79.23410722300008, 17.998869741000078)",31-10-2023.geojson,Tharigoppula,,,,,
Nagarkurnool,TSSD0504,211.8,"{'min': 30.434999465942383, 'max': 33.856998443603516, 'mean': 32.65185546875, 'count': 57, 'sum': 1861.15576171875, 'median': 32.756317138671875}","(78.12774301200005, 16.58719177000006, 78.30066679700008, 16.739122914000063)",31-10-2023.geojson,Thimmajipeta,,,,,
Karimnagar,TSSD0505,159.28,"{'min': 27.850000381469727, 'max': 32.04899978637695, 'mean': 30.478342455486917, 'count': 43, 'sum': 1310.5687255859375, 'median': 30.620527267456055}","(79.10148313700006, 18.256739006000032, 79.27138762700008, 18.42426985000003)",31-10-2023.geojson,Thimmapur,,,,,
Siddipet,TSSD0506,163.65,"{'min': 28.37952423095703, 'max': 31.79599952697754, 'mean': 29.947897206182066, 'count': 46, 'sum': 1377.603271484375, 'median': 29.839523315429688}","(78.64082299900008, 17.935194339000077, 78.80609777400008, 18.103813367000043)",31-10-2023.geojson,Thoguta,,,,,
Mahabubabad,TSSD0507,190.94,"{'min': 29.895263671875, 'max': 32.20052719116211, 'mean': 30.652760823567707, 'count': 48, 'sum': 1471.33251953125, 'median': 30.53681182861328}","(79.57724589900005, 17.48583601000007, 79.73451208900008, 17.685591776000024)",31-10-2023.geojson,Thorrur,,,,,
Suryapet,TSSD0508,155.64,"{'min': 29.567893981933594, 'max': 31.218421936035156, 'mean': 30.499909156976745, 'count': 43, 'sum': 1311.49609375, 'median': 30.504735946655273}","(79.53306376300003, 17.336875194000072, 79.65698014400004, 17.505487876000075)",31-10-2023.geojson,Thungathurthy,,,,,
Nalgonda,TSSD0509,191.03,"{'min': 30.151052474975586, 'max': 33.4542121887207, 'mean': 32.05662865732231, 'count': 51, 'sum': 1634.8880615234375, 'median': 31.94499969482422}","(79.30130099300004, 16.962640196000052, 79.50775880800006, 17.107243536000055)",31-10-2023.geojson,Tipparthy,,,,,
Suryapet,TSSD0510,133.14,"{'min': 29.462631225585938, 'max': 32.62368392944336, 'mean': 31.3602294921875, 'count': 35, 'sum': 1097.6080322265625, 'median': 31.693157196044922}","(79.36516547400004, 17.434097946000065, 79.57840336100008, 17.524158415000045)",31-10-2023.geojson,Tirumalagiri,,,,,
Nalgonda,TSSD0511,252.04,"{'min': 30.30789566040039, 'max': 34.95333480834961, 'mean': 33.18199744591346, 'count': 65, 'sum': 2156.829833984375, 'median': 33.21111297607422}","(79.26163271700005, 16.580070085000045, 79.46872681600007, 16.764696361000063)",31-10-2023.geojson,Tirumalagiri_Sagar,,,,,
Khammam,TSSD0512,235.92,"{'min': 29.795263290405273, 'max': 31.69823455810547, 'mean': 30.717002263144842, 'count': 63, 'sum': 1935.171142578125, 'median': 30.670000076293945}","(79.80212475200005, 17.26260219900007, 80.05769935000006, 17.405974666000077)",31-10-2023.geojson,Tirumalayapalem,,,,,
Hyderabad,TSSD0513,13.97,"{'min': 32.435001373291016, 'max': 33.87699890136719, 'mean': 33.27225112915039, 'count': 4, 'sum': 133.08900451660156, 'median': 33.38850021362305}","(78.46457994100007, 17.44383310300003, 78.51669244400006, 17.484285331000024)",31-10-2023.geojson,Tirumalgiri,,,,,
Kumurambheem Asifabad,TSSD0514,581.75,"{'min': 27.380525588989258, 'max': 31.614761352539062, 'mean': 29.1270751953125, 'count': 152, 'sum': 4427.3154296875, 'median': 29.048368453979492}","(79.03492001100005, 19.050559607000025, 79.39561347700004, 19.31944793300005)",31-10-2023.geojson,Tiryani,,,,,
Nalgonda,TSSD0515,161.12,"{'min': 29.344118118286133, 'max': 32.96500015258789, 'mean': 30.807681274414062, 'count': 40, 'sum': 1232.3072509765625, 'median': 30.722869873046875}","(79.38610741200006, 16.71370968100007, 79.55776053800008, 16.93653709800003)",31-10-2023.geojson,Tripuraram,,,,,
Yadadri Bhuvanagiri,TSSD0516,188.2,"{'min': 29.641427993774414, 'max': 31.979999542236328, 'mean': 31.02928748497596, 'count': 52, 'sum': 1613.52294921875, 'median': 31.22136878967285}","(78.73050890600007, 17.570452835000026, 78.89834246500004, 17.752589976000024)",31-10-2023.geojson,Turkapalle_M,,,,,
Jogulamba Gadwal,TSSD0517,170.36,"{'min': 35.20529556274414, 'max': 42.13588333129883, 'mean': 38.4176763490189, 'count': 43, 'sum': 1651.9600830078125, 'median': 38.209999084472656}","(77.88159823500007, 15.863581044000057, 78.08622663000006, 16.053428277000023)",31-10-2023.geojson,Undavelly,,,,,
Medchal_Malkajgiri,TSSD0518,52.14,"{'min': 32.252105712890625, 'max': 34.393157958984375, 'mean': 33.44244619516226, 'count': 13, 'sum': 434.7518005371094, 'median': 33.48699951171875}","(78.51557767600008, 17.36244841100006, 78.59239104200003, 17.472398036000072)",31-10-2023.geojson,Uppal,,,,,
Nagarkurnool,TSSD0519,220.67,"{'min': 31.184736251831055, 'max': 37.58000183105469, 'mean': 34.85808395127118, 'count': 59, 'sum': 2056.626953125, 'median': 34.82368469238281}","(78.49480188900003, 16.427307790000043, 78.78066858400007, 16.540239662000033)",31-10-2023.geojson,Uppunuthala,,,,,
Nagarkurnool,TSSD0520,151.12,"{'min': 31.906999588012695, 'max': 35.06578826904297, 'mean': 33.26171584356399, 'count': 42, 'sum': 1396.9920654296875, 'median': 33.010498046875}","(78.32047445900008, 16.645373909000057, 78.49203880200008, 16.79728595000006)",31-10-2023.geojson,Urkonda,,,,,
Adilabad,TSSD0521,387.91,"{'min': 28.280000686645508, 'max': 31.558420181274414, 'mean': 30.12804484817217, 'count': 106, 'sum': 3193.57275390625, 'median': 30.340999603271484}","(78.67318644400007, 19.21647222100006, 78.88463769300006, 19.513128066000036)",31-10-2023.geojson,Utnur,,,,,
Karimnagar,TSSD0522,142.44,"{'min': 29.792999267578125, 'max': 31.110000610351562, 'mean': 30.42857601768092, 'count': 38, 'sum': 1156.285888671875, 'median': 30.403642654418945}","(79.24194008100005, 18.132462591000035, 79.37717220500008, 18.263355341000022)",31-10-2023.geojson,V_Saidapur,,,,,
Nizamabad,TSSD0523,135.3,"{'min': 30.669090270996094, 'max': 33.4957160949707, 'mean': 32.054423014322914, 'count': 36, 'sum': 1153.959228515625, 'median': 32.010250091552734}","(78.33304706400008, 18.693780867000044, 78.47512705800006, 18.85105660800002)",31-10-2023.geojson,Vailpur,,,,,
Yadadri Bhuvanagiri,TSSD0524,316.13,"{'min': 29.2810001373291, 'max': 33.88100051879883, 'mean': 31.487233231707318, 'count': 82, 'sum': 2581.953125, 'median': 31.646499633789062}","(78.90535444600005, 17.313647203000073, 79.22099072200007, 17.479032318000066)",31-10-2023.geojson,Valigonda,,,,,
Nagarkurnool,TSSD0525,244.56,"{'min': 33.4379997253418, 'max': 36.41947555541992, 'mean': 35.04696377840909, 'count': 66, 'sum': 2313.099609375, 'median': 35.008480072021484}","(78.48140456800007, 16.498402209000062, 78.71532448400006, 16.664788172000044)",31-10-2023.geojson,Vangoor,,,,,
Nizamabad,TSSD0526,134.67,"{'min': 27.9342098236084, 'max': 31.431903839111328, 'mean': 29.779192243303573, 'count': 35, 'sum': 1042.271728515625, 'median': 29.792999267578125}","(77.84552225000004, 18.434438427000032, 78.04087699300004, 18.57495128000005)",31-10-2023.geojson,Varni,,,,,
Sangareddy,TSSD0527,138.9,"{'min': 26.600475311279297, 'max': 33.25315856933594, 'mean': 30.29635459498355, 'count': 38, 'sum': 1151.261474609375, 'median': 30.736000061035156}","(77.82626219800005, 17.806470842000067, 77.97597402000008, 17.94784828400003)",31-10-2023.geojson,Vatpally,,,,,
Karimnagar,TSSD0528,149.05,"{'min': 29.301000595092773, 'max': 31.661579132080078, 'mean': 30.080548095703126, 'count': 40, 'sum': 1203.221923828125, 'median': 29.984500885009766}","(79.32153135600004, 18.284775453000066, 79.47308686900004, 18.451735262000057)",31-10-2023.geojson,Veenavanka,,,,,
Rajanna Sircilla,TSSD0529,108.34,"{'min': 28.45800018310547, 'max': 31.82238006591797, 'mean': 29.3310546875, 'count': 28, 'sum': 821.26953125, 'median': 28.93000030517578}","(78.52432514700007, 18.43250137900003, 78.66155136400005, 18.551319524000064)",31-10-2023.geojson,Veernapalli,,,,,
Warangal_Urban,TSSD0530,99.79,"{'min': 30.441429138183594, 'max': 31.63190460205078, 'mean': 31.00294921875, 'count': 25, 'sum': 775.07373046875, 'median': 30.992856979370117}","(79.22835213700006, 17.93079546100006, 79.37723082100007, 18.05131547900004)",31-10-2023.geojson,Velair,,,,,
Nagarkurnool,TSSD0531,241.3,"{'min': 32.932106018066406, 'max': 35.72368240356445, 'mean': 34.71049724641394, 'count': 61, 'sum': 2117.34033203125, 'median': 34.74263000488281}","(78.46270790300008, 16.666440694000073, 78.68353178700005, 16.830959432000043)",31-10-2023.geojson,Veldanda,,,,,
Jagtial,TSSD0532,186.9,"{'min': 27.922380447387695, 'max': 30.296667098999023, 'mean': 29.070755939094386, 'count': 49, 'sum': 1424.467041015625, 'median': 29.02618980407715}","(79.12494408400005, 18.722845411000037, 79.29767471800005, 18.894953697000062)",31-10-2023.geojson,Velgatur,,,,,
Mancherial,TSSD0533,250.71,"{'min': 28.315000534057617, 'max': 32.57421112060547, 'mean': 30.008464756296643, 'count': 67, 'sum': 2010.567138671875, 'median': 29.955554962158203}","(79.69774836700003, 18.995230109000033, 79.93090835500004, 19.173999767000055)",31-10-2023.geojson,Vemanpalle,,,,,
Khammam,TSSD0534,212.09,"{'min': 27.874706268310547, 'max': 32.25749969482422, 'mean': 30.192578125, 'count': 55, 'sum': 1660.591796875, 'median': 30.331111907958984}","(80.65028236900008, 17.04501079700003, 80.87710057800007, 17.186178728000073)",31-10-2023.geojson,Vemsoor,,,,,
Nalgonda,TSSD0535,112.25,"{'min': 28.53499984741211, 'max': 31.606000900268555, 'mean': 29.91780730216734, 'count': 31, 'sum': 927.4520263671875, 'median': 29.799999237060547}","(79.49070453100006, 16.89060024500003, 79.61612180500003, 17.07767939000007)",31-10-2023.geojson,Vemulapally,,,,,
Rajanna Sircilla,TSSD0536,84.86,"{'min': 29.77400016784668, 'max': 32.16222381591797, 'mean': 31.224798583984374, 'count': 20, 'sum': 624.4959716796875, 'median': 31.35087776184082}","(78.80779904800005, 18.41516011400006, 78.91545277600005, 18.54459724000003)",31-10-2023.geojson,Vemulawada,,,,,
Rajanna Sircilla,TSSD0537,107.21,"{'min': 28.817777633666992, 'max': 30.852222442626953, 'mean': 30.033220563616073, 'count': 28, 'sum': 840.93017578125, 'median': 30.02447509765625}","(78.77384337400008, 18.403529220000053, 78.91728096300005, 18.597872276000032)",31-10-2023.geojson,Vemulawada Rural,,,,,
Mulugu,TSSD0538,370.83,"{'min': 27.908000946044922, 'max': 31.468000411987305, 'mean': 29.439441038830445, 'count': 101, 'sum': 2973.383544921875, 'median': 29.332500457763672}","(79.85087728600007, 18.200829315000078, 80.17916133800009, 18.400974098000063)",31-10-2023.geojson,Venkatapur,,,,,
Mulugu,TSSD0539,588.35,"{'min': 27.140588760375977, 'max': 37.08523941040039, 'mean': 30.292186247996796, 'count': 156, 'sum': 4725.5810546875, 'median': 29.37555503845215}","(80.46538317500006, 18.105970334000062, 80.79370483500009, 18.449384397000074)",31-10-2023.geojson,Venkatapuram,,,,,
Vikarabad,TSSD0540,270.72,"{'min': 29.930952072143555, 'max': 33.181427001953125, 'mean': 31.661032480736303, 'count': 73, 'sum': 2311.25537109375, 'median': 31.685789108276367}","(77.79093909400007, 17.228214577000074, 78.02432692200006, 17.44577402500005)",31-10-2023.geojson,Vikarabad,,,,,
Jogulamba Gadwal,TSSD0541,129.2,"{'min': 36.70750045776367, 'max': 41.0444450378418, 'mean': 38.545358368844695, 'count': 33, 'sum': 1271.996826171875, 'median': 38.4841194152832}","(77.71231111200007, 15.89601525300003, 77.89649991000005, 16.018746091000025)",31-10-2023.geojson,Waddepally,,,,,
Wanaparthy,TSSD0542,201.88,"{'min': 29.908823013305664, 'max': 35.029998779296875, 'mean': 33.039404775582106, 'count': 51, 'sum': 1685.0096435546875, 'median': 33.38578796386719}","(77.95375639600007, 16.253768913000044, 78.13510940900005, 16.464866955000048)",31-10-2023.geojson,Wanaparthy,,,,,
Kumurambheem Asifabad,TSSD0543,335.2,"{'min': 28.635713577270508, 'max': 31.472999572753906, 'mean': 30.113871729651162, 'count': 86, 'sum': 2589.79296875, 'median': 30.11871337890625}","(79.20433473500003, 19.379408367000053, 79.42272052200008, 19.61653411900005)",31-10-2023.geojson,Wankidi,,,,,
Warangal_Urban,TSSD0544,39.54,"{'min': 31.19499969482422, 'max': 33.5620002746582, 'mean': 32.52209750088778, 'count': 11, 'sum': 357.7430725097656, 'median': 32.606998443603516}","(79.59074538600004, 17.974576416000048, 79.67092088100003, 18.04143189300015)",31-10-2023.geojson,Warangal,,,,,
Warangal_Rural,TSSD0545,158.41,"{'min': 28.579999923706055, 'max': 32.262630462646484, 'mean': 30.222367720170453, 'count': 44, 'sum': 1329.7841796875, 'median': 30.112445831298828}","(79.47950597500005, 17.695552186000043, 79.66242391200007, 17.87391055100005)",31-10-2023.geojson,Wardhannapet,,,,,
Siddipet,TSSD0546,141.87,"{'min': 29.031904220581055, 'max': 30.5719051361084, 'mean': 29.73967220908717, 'count': 38, 'sum': 1130.1075439453125, 'median': 29.649499893188477}","(78.510667, 17.737442558000055, 78.67005759100005, 17.837924042000054)",31-10-2023.geojson,Wargal,,,,,
Wanaparthy,TSSD0547,165.53,"{'min': 30.642000198364258, 'max': 36.485294342041016, 'mean': 32.58351312681686, 'count': 43, 'sum': 1401.091064453125, 'median': 31.96368408203125}","(78.03872356400007, 16.081036264000033, 78.22753261000008, 16.189588461000028)",31-10-2023.geojson,Weepangandla,,,,,
Khammam,TSSD0548,135.48,"{'min': 28.353750228881836, 'max': 32.95000076293945, 'mean': 30.271745011613177, 'count': 37, 'sum': 1120.0545654296875, 'median': 29.8700008392334}","(80.29245451900005, 17.052642821000063, 80.43887726800006, 17.202658917000065)",31-10-2023.geojson,Wyra,,,,,
Rangareddy,TSSD0549,316.92,"{'min': 30.148096084594727, 'max': 33.91421127319336, 'mean': 32.542236328125, 'count': 82, 'sum': 2668.46337890625, 'median': 32.55550003051758}","(78.54568468000008, 16.934093064000024, 78.80793281600006, 17.12867297300005)",31-10-2023.geojson,Yacharam,,,,,
Yadadri Bhuvanagiri,TSSD0550,186.21,"{'min': 31.03095245361328, 'max': 33.69499969482422, 'mean': 32.522530350030635, 'count': 51, 'sum': 1658.6490478515625, 'median': 32.42399978637695}","(78.84835935400008, 17.534587685000076, 79.03828959100008, 17.686530936000054)",31-10-2023.geojson,Yadagirigutta,,,,,
Nizamabad,TSSD0551,94.89,"{'min': 28.190000534057617, 'max': 30.59857177734375, 'mean': 29.423363318810097, 'count': 26, 'sum': 765.0074462890625, 'median': 29.333999633789062}","(77.91550924600006, 18.623425712000028, 78.04225781600007, 18.729394451000076)",31-10-2023.geojson,Yedapally,,,,,
Vikarabad,TSSD0552,198.18,"{'min': 29.253158569335938, 'max': 32.74333190917969, 'mean': 30.980947457107842, 'count': 51, 'sum': 1580.0283203125, 'median': 30.833999633789062}","(77.52786449900003, 17.13053142700005, 77.75138027800006, 17.285580779000043)",31-10-2023.geojson,Yelal,,,,,
Medak,TSSD0553,163.31,"{'min': 28.90333366394043, 'max': 30.63857078552246, 'mean': 29.764722741168477, 'count': 46, 'sum': 1369.17724609375, 'median': 29.792238235473633}","(78.25020444800003, 17.845214376000058, 78.42507897600012, 17.987096653000037)",31-10-2023.geojson,Yeldurthy,,,,,
Bhadradri Kothagudem,TSSD0554,446.45,"{'min': 27.097999572753906, 'max': 32.064117431640625, 'mean': 30.104582755796372, 'count': 124, 'sum': 3732.96826171875, 'median': 30.18647003173828}","(80.20203604400007, 17.495235336000064, 80.42881209300003, 17.784950355000035)",31-10-2023.geojson,Yellandu,,,,,
Kamareddy,TSSD0555,184.45,"{'min': 27.16043472290039, 'max': 29.94130516052246, 'mean': 29.028793646364797, 'count': 49, 'sum': 1422.410888671875, 'median': 29.165788650512695}","(77.94077074800003, 18.10658015200005, 78.09588024100003, 18.321288552000055)",31-10-2023.geojson,Yellareddy,,,,,
Rajanna Sircilla,TSSD0556,186.82,"{'min': 28.63599967956543, 'max': 31.08333396911621, 'mean': 29.778856464460784, 'count': 51, 'sum': 1518.7216796875, 'median': 29.76047706604004}","(78.54791135700003, 18.319811327000025, 78.75757783600005, 18.46288011300004)",31-10-2023.geojson,Yellareddypet,,,,,
Nizamabad,TSSD0557,68.02,"{'min': 31.19099998474121, 'max': 32.929046630859375, 'mean': 31.95819091796875, 'count': 17, 'sum': 543.2892456054688, 'median': 31.959524154663086}","(78.43614230700007, 18.871916310000074, 78.53864631300007, 18.97312927200005)",31-10-2023.geojson,Yergatla,,,,,
Khammam,TSSD0558,262.24,"{'min': 27.928823471069336, 'max': 31.645000457763672, 'mean': 29.989900090144232, 'count': 65, 'sum': 1949.343505859375, 'median': 30.037500381469727}","(80.42901058800004, 16.768789670000046, 80.60532488100006, 16.96155575100005)",31-10-2023.geojson,Yerrupalem,,,,,
Jangoan,TSSD0559,163.78,"{'min': 29.659000396728516, 'max': 32.587894439697266, 'mean': 30.768836805555555, 'count': 45, 'sum': 1384.59765625, 'median': 30.722999572753906}","(79.40432095600005, 17.69860641200006, 79.51467165900004, 17.89232289800003)",31-10-2023.geojson,Zaffergadh,,,,,
Sangareddy,TSSD0560,243.94,"{'min': 30.378999710083008, 'max': 33.4033317565918, 'mean': 32.162460789535984, 'count': 66, 'sum': 2122.722412109375, 'median': 32.22428512573242}","(77.47167387100006, 17.54590518200007, 77.71357368300005, 17.749326707000023)",31-10-2023.geojson,Zahirabad,,,,,
Nagarkurnool,TSSD0561,183.51,"{'min': 30.620527267456055, 'max': 34.741111755371094, 'mean': 32.798828125, 'count': 43, 'sum': 1410.349609375, 'median': 32.83222198486328}","(78.43086370300006, 16.197314094000035, 78.59402431200004, 16.37663690200003)",31-10-2023.geojson,Lingal,,,,,
Nagarkurnool,TSSD0562,222.74,"{'min': 30.132352828979492, 'max': 34.98444366455078, 'mean': 32.705287388392854, 'count': 56, 'sum': 1831.49609375, 'median': 32.64460754394531}","(78.20110216600006, 16.35091361800005, 78.42443343200006, 16.530833019000056)",31-10-2023.geojson,Nagar_Kurnool,,,,,
Mahabubnagar,TSSD0563,145.45,"{'min': 29.591176986694336, 'max': 31.9244441986084, 'mean': 30.68421601086128, 'count': 41, 'sum': 1258.0528564453125, 'median': 30.7888240814209}","(77.82864822500005, 16.643852022000033, 77.99254221500007, 16.772605979000048)",31-10-2023.geojson,Mahabubnagar_Rural,,,,,
Narayanpet,TSSD0564,256.63,"{'min': 30.25947380065918, 'max': 37.06058883666992, 'mean': 34.200385598575366, 'count': 68, 'sum': 2325.626220703125, 'median': 34.230525970458984}","(77.41869071500008, 16.543696836000038, 77.63466779000004, 16.729675432000022)",31-10-2023.geojson,Utkoor,,,,,
Rangareddy,TSSD0565,22.03,"{'min': 33.466190338134766, 'max': 34.34000015258789, 'mean': 33.99754943847656, 'count': 5, 'sum': 169.9877471923828, 'median': 34.11899948120117}","(78.50689165600005, 17.336093290000065, 78.58558260100006, 17.37992626500005)",31-10-2023.geojson,Saroornagar,,,,,
Sangareddy,TSSD0566,37.76,"{'min': 30.786190032958984, 'max': 31.94333267211914, 'mean': 31.38749885559082, 'count': 8, 'sum': 251.09999084472656, 'median': 31.388572692871094}","(78.28021050800004, 17.505606920000048, 78.35002219800003, 17.57992215400003)",31-10-2023.geojson,Ameenpur,,,,,
Sangareddy,TSSD0567,111.94,"{'min': 28.186189651489258, 'max': 32.28809356689453, 'mean': 30.12875458688447, 'count': 33, 'sum': 994.2489013671875, 'median': 30.178571701049805}","(78.22737331300004, 17.528204591000076, 78.38745191600003, 17.67226987500004)",31-10-2023.geojson,Jinnaram,,,,,
Medak,TSSD0568,112.07,"{'min': 29.0345458984375, 'max': 30.488094329833984, 'mean': 29.667572021484375, 'count': 28, 'sum': 830.6920166015625, 'median': 29.688095092773438}","(78.42603746200007, 17.77588639100003, 78.56138370400004, 17.89800592200004)",31-10-2023.geojson,Toopran,,,,,
Medak,TSSD0569,88.1,"{'min': 28.797000885009766, 'max': 31.10300064086914, 'mean': 29.718846638997395, 'count': 24, 'sum': 713.2523193359375, 'median': 29.594499588012695}","(78.41929055500003, 17.692085064000025, 78.52257619700003, 17.817608290000067)",31-10-2023.geojson,Manoharabad,,,,,
Siddipet,TSSD0570,129.06,"{'min': 29.134761810302734, 'max': 30.548095703125, 'mean': 30.005449083116318, 'count': 36, 'sum': 1080.1961669921875, 'median': 30.055713653564453}","(78.52730335900003, 17.878079271000047, 78.64358807000008, 18.041003706000026)",31-10-2023.geojson,Doultabad,,,,,
Medak,TSSD0571,76.05,"{'min': 28.55666732788086, 'max': 30.13736915588379, 'mean': 29.266656494140626, 'count': 20, 'sum': 585.3331298828125, 'median': 29.335262298583984}","(78.07364299200003, 17.796666895000044, 78.18678124500008, 17.905026876000022)",31-10-2023.geojson,Chilipched,,,,,
Medak,TSSD0572,136.79,"{'min': 29.304285049438477, 'max': 30.87700080871582, 'mean': 29.835066511824323, 'count': 37, 'sum': 1103.8974609375, 'median': 29.82428550720215}","(78.32685103200004, 17.904917194000063, 78.44243876400003, 18.081304571000032)",31-10-2023.geojson,Shankarampet_R,,,,,
Medak,TSSD0573,131.44,"{'min': 29.161428451538086, 'max': 30.769046783447266, 'mean': 29.93221664428711, 'count': 32, 'sum': 957.8309326171875, 'median': 29.876667022705078}","(78.43107409900006, 17.905682555000055, 78.58520918700003, 18.06554777300005)",31-10-2023.geojson,Chegunta,,,,,
Kamareddy,TSSD0574,74.34,"{'min': 28.93000030517578, 'max': 31.62714195251465, 'mean': 30.159815738075658, 'count': 19, 'sum': 573.0364990234375, 'median': 30.115453720092773}","(78.37757087100005, 18.21350254400005, 78.52579487700007, 18.30009331800005)",31-10-2023.geojson,Domakonda,,,,,
Kamareddy,TSSD0575,168.77,"{'min': 28.670000076293945, 'max': 31.18600082397461, 'mean': 29.857308736661587, 'count': 41, 'sum': 1224.149658203125, 'median': 29.80238151550293}","(77.72979911700008, 18.190311369000028, 77.89310396100007, 18.380507752000028)",31-10-2023.geojson,Pitlam,,,,,
Kamareddy,TSSD0576,191.8,"{'min': 28.944286346435547, 'max': 34.65700149536133, 'mean': 31.84964852962854, 'count': 53, 'sum': 1688.0313720703125, 'median': 32.41999816894531}","(77.65355776700005, 18.300626045000058, 77.83219913400006, 18.488304079000045)",31-10-2023.geojson,Bichkunda,,,,,
Kamareddy,TSSD0577,82.32,"{'min': 28.945999145507812, 'max': 32.1014289855957, 'mean': 30.09512051669034, 'count': 22, 'sum': 662.0926513671875, 'median': 29.63857078552246}","(77.75813508500005, 18.372326572000077, 77.86341082200005, 18.505311680000034)",31-10-2023.geojson,Birkoor,,,,,
Adilabad,TSSD0578,34.92,"{'min': 29.324737548828125, 'max': 33.758235931396484, 'mean': 31.6622802734375, 'count': 10, 'sum': 316.622802734375, 'median': 32.24541091918945}","(78.48710289700006, 19.60170591600007, 78.54305936500003, 19.683661252000036)",31-10-2023.geojson,Mavala,,,,,
Peddapalli,TSSD0579,122.7,"{'min': 28.31571388244629, 'max': 31.059473037719727, 'mean': 29.824198404947918, 'count': 30, 'sum': 894.7259521484375, 'median': 29.848167419433594}","(79.31124542100008, 18.728421345000072, 79.45668509800004, 18.855615717000035)",31-10-2023.geojson,Anthergaon,,,,,
Mulugu,TSSD0580,576.05,"{'min': 27.8311767578125, 'max': 36.369998931884766, 'mean': 30.310226743584437, 'count': 151, 'sum': 4576.84423828125, 'median': 29.7810001373291}","(80.37410149900006, 18.33990656700007, 80.68734144600006, 18.632607707000034)",31-10-2023.geojson,Wazeed,,,,,
Nizamabad,TSSD0581,158.53,"{'min': 28.121000289916992, 'max': 33.441429138183594, 'mean': 30.654966842296513, 'count': 43, 'sum': 1318.16357421875, 'median': 30.347143173217773}","(78.47512705800006, 18.684195498000065, 78.64029038200005, 18.900912592000054)",31-10-2023.geojson,Kammarpally,,,,,
Jangoan,TSSD0582,120.55,"{'min': 29.895263671875, 'max': 32.20789337158203, 'mean': 31.484856741768972, 'count': 28, 'sum': 881.5759887695312, 'median': 31.75947380065918}","(79.38361325200003, 17.491730369000038, 79.56249112400008, 17.63017571100005)",31-10-2023.geojson,Kodakandla,,,,,
Narayanpet,TSSD0583,172.63,"{'min': 29.743684768676758, 'max': 36.14250183105469, 'mean': 33.12723610617898, 'count': 44, 'sum': 1457.598388671875, 'median': 33.49042510986328}","(77.23725451100006, 16.366338565000035, 77.45641595200004, 16.49439566000018)",31-10-2023.geojson,Krishna,,,,,
Mancherial,TSSD0584,414.48,"{'min': 28.642221450805664, 'max': 34.55400085449219, 'mean': 30.465019152002426, 'count': 103, 'sum': 3137.89697265625, 'median': 30.15117645263672}","(79.69063140800006, 18.824880136000047, 79.96247775100005, 19.055750638000063)",31-10-2023.geojson,Kotapalle,,,,,
Warangal_Rural,TSSD0585,96.85,"{'min': 29.766841888427734, 'max': 31.993999481201172, 'mean': 30.86359581580529, 'count': 26, 'sum': 802.4534912109375, 'median': 30.91699981689453}","(79.58000525100005, 18.13079426400003, 79.67613864900011, 18.273366891000023)",31-10-2023.geojson,Nadikuda,,,,,
Medchal_Malkajgiri,TSSD0586,92.19,"{'min': 29.520526885986328, 'max': 32.97105407714844, 'mean': 31.13287353515625, 'count': 26, 'sum': 809.4547119140625, 'median': 31.160526275634766}","(78.60919935000027, 17.572950565000042, 78.72357522400006, 17.698451215000034)",31-10-2023.geojson,Muduchinthalaphally,,,,,
Siddipet,TSSD0587,66.64,"{'min': 29.175262451171875, 'max': 30.432222366333008, 'mean': 29.891354031032986, 'count': 18, 'sum': 538.0443725585938, 'median': 29.88306999206543}","(78.75009036300014, 18.179105241000116, 78.85292966200007, 18.26297022400007)",31-10-2023.geojson,Narayanraopet,,,,,
Nizamabad,TSSD0588,59.09,"{'min': 28.00043487548828, 'max': 30.220476150512695, 'mean': 28.87459945678711, 'count': 16, 'sum': 461.99359130859375, 'median': 28.86531639099121}","(77.93403706700008, 18.52915054300007, 78.05329923800008, 18.639067520000026)",31-10-2023.geojson,Mosra,,,,,
Nizamabad,TSSD0589,49.75,"{'min': 28.499523162841797, 'max': 31.410951614379883, 'mean': 29.804986136300222, 'count': 14, 'sum': 417.2698059082031, 'median': 29.536190032958984}","(77.91841617100005, 18.496525074000033, 78.04060240200005, 18.590460833)",31-10-2023.geojson,Chandur,,,,,
Sangareddy,TSSD0590,97.98,"{'min': 27.268999099731445, 'max': 30.506999969482422, 'mean': 29.43685347945602, 'count': 27, 'sum': 794.7950439453125, 'median': 29.559999465942383}","(78.03596075900009, 17.649676136000153, 78.15543426700003, 17.771041394000065)",31-10-2023.geojson,Chowtakur,,,,,
Medak,TSSD0591,67.5,"{'min': 28.952857971191406, 'max': 30.702381134033203, 'mean': 29.872697618272568, 'count': 18, 'sum': 537.7085571289062, 'median': 29.779523849487305}","(78.39670312900006, 17.869416313000045, 78.53362296600005, 17.948666831000025)",31-10-2023.geojson,Masaipet,,,,,
Siddipet,TSSD0592,70.13,"{'min': 30.00428581237793, 'max': 31.957000732421875, 'mean': 30.938743189761514, 'count': 19, 'sum': 587.8361206054688, 'median': 30.885238647460938}","(79.03345267100008, 17.94056795000006, 79.15307655800007, 18.032435260000113)",31-10-2023.geojson,Dhoolumitta,,,,,
Rangareddy,TSSD0001,254.22,"{'min': 26.347333908081055, 'max': 29.96733283996582, 'mean': 28.642707593513258, 'count': 66, 'sum': 1890.418701171875, 'median': 28.817058563232422}","(78.55995755200007, 17.23432776100003, 78.76246159900006, 17.40383786600006)",31-12-2023.geojson,Abdullapurmet,,,,,
Nagarkurnool,TSSD0002,502.12,"{'min': 25.198749542236328, 'max': 29.783750534057617, 'mean': 27.73320855034722, 'count': 126, 'sum': 3494.38427734375, 'median': 27.9002685546875}","(78.58204158400008, 16.328785754000023, 79.06420699900008, 16.552355156000033)",31-12-2023.geojson,Achampet,,,,,
Nalgonda,TSSD0003,124.12,"{'min': 27.03615379333496, 'max': 29.845556259155273, 'mean': 28.246848366477273, 'count': 33, 'sum': 932.14599609375, 'median': 28.06833267211914}","(79.40552823000007, 16.61250682600007, 79.58503520000005, 16.727679548000026)",31-12-2023.geojson,Adavidevulapally,,,,,
Yadadri Bhuvanagiri,TSSD0004,141.84,"{'min': 27.95857048034668, 'max': 29.56333351135254, 'mean': 28.869564658717106, 'count': 38, 'sum': 1097.04345703125, 'median': 28.85462188720703}","(79.30480125000008, 17.343213083000023, 79.45808114400006, 17.48429223000005)",31-12-2023.geojson,Addagudur,,,,,
Mahabubnagar,TSSD0005,133.19,"{'min': 29.294445037841797, 'max': 32.37352752685547, 'mean': 31.23804389105903, 'count': 36, 'sum': 1124.569580078125, 'median': 31.343124389648438}","(77.85964485800008, 16.441965785000036, 78.01275922800005, 16.583453924000025)",31-12-2023.geojson,Addakal,,,,,
Adilabad,TSSD0006,296.11,"{'min': 24.704444885253906, 'max': 27.510000228881836, 'mean': 26.44191989650974, 'count': 77, 'sum': 2036.02783203125, 'median': 26.557058334350586}","(78.46791283600004, 19.529549935000034, 78.75075334500008, 19.743971118000047)",31-12-2023.geojson,Adilabad Rural,,,,,
Adilabad,TSSD0007,18.64,"{'min': 26.393333435058594, 'max': 27.072221755981445, 'mean': 26.710277557373047, 'count': 4, 'sum': 106.84111022949219, 'median': 26.68777847290039}","(78.51136180900005, 19.64107290800007, 78.56091570800004, 19.696663797000042)",31-12-2023.geojson,Adilabad Urban,,,,,
Jogulamba Gadwal,TSSD0008,281.08,"{'min': 28.540908813476562, 'max': 33.095455169677734, 'mean': 30.788178779709508, 'count': 71, 'sum': 2185.960693359375, 'median': 30.76230812072754}","(77.51085515500006, 15.892624954000041, 77.79118149700008, 16.073899572000073)",31-12-2023.geojson,Aiza,,,,,
Siddipet,TSSD0009,181.57,"{'min': 27.3271427154541, 'max': 29.305713653564453, 'mean': 28.59989013671875, 'count': 50, 'sum': 1429.9945068359375, 'median': 28.601428985595703}","(79.09867562300008, 17.991228970000066, 79.28258652700003, 18.10859845500005)",31-12-2023.geojson,Akkannapet,,,,,
Yadadri Bhuvanagiri,TSSD0010,165.31,"{'min': 28.382307052612305, 'max': 31.28285789489746, 'mean': 29.41288721838663, 'count': 43, 'sum': 1264.754150390625, 'median': 29.339231491088867}","(78.99234199800003, 17.567113119000055, 79.16709451200006, 17.725946442000065)",31-12-2023.geojson,Alair,,,,,
Jogulamba Gadwal,TSSD0011,212.17,"{'min': 28.74625015258789, 'max': 34.71706008911133, 'mean': 32.25006807767428, 'count': 52, 'sum': 1677.0035400390625, 'median': 32.30716323852539}","(78.05931506700006, 15.836429923000026, 78.25321888900004, 16.011158503000047)",31-12-2023.geojson,Alampur,,,,,
Medak,TSSD0012,106.37,"{'min': 26.559473037719727, 'max': 28.472999572753906, 'mean': 27.609126338252313, 'count': 27, 'sum': 745.4464111328125, 'median': 27.731000900268555}","(77.88797224100006, 17.883895607000056, 78.00388009500006, 18.014119892000053)",31-12-2023.geojson,Alladurg,,,,,
Bhadradri Kothagudem,TSSD0013,507.54,"{'min': 22.86833381652832, 'max': 27.211999893188477, 'mean': 24.79312041311553, 'count': 132, 'sum': 3272.69189453125, 'median': 24.600223541259766}","(80.39744846200006, 17.75296549600006, 80.69612561700006, 18.05460231400002)",31-12-2023.geojson,Allapalli,,,,,
Medchal_Malkajgiri,TSSD0014,43.73,"{'min': 26.77666664123535, 'max': 27.6299991607666, 'mean': 27.342723499644887, 'count': 11, 'sum': 300.76995849609375, 'median': 27.412221908569336}","(78.47891113600008, 17.480615318000048, 78.57688553000008, 17.549306657000045)",31-12-2023.geojson,Alwal,,,,,
Rangareddy,TSSD0015,138.08,"{'min': 28.19823455810547, 'max': 29.823749542236328, 'mean': 29.022606743706596, 'count': 36, 'sum': 1044.8138427734375, 'median': 29.126983642578125}","(78.48719442500004, 16.794263726000054, 78.63278904100008, 16.922855003000052)",31-12-2023.geojson,Amangal,,,,,
Wanaparthy,TSSD0016,110.02,"{'min': 24.66666603088379, 'max': 31.701765060424805, 'mean': 30.037467447916665, 'count': 30, 'sum': 901.1240234375, 'median': 30.865625381469727}","(77.65718116000005, 16.32682638500006, 77.80141077600007, 16.437234124000042)",31-12-2023.geojson,Amarchintha,,,,,
Hyderabad,TSSD0017,9.23,"{'min': 27.299999237060547, 'max': 27.793529510498047, 'mean': 27.573326110839844, 'count': 4, 'sum': 110.29330444335938, 'median': 27.59988784790039}","(78.48463282000006, 17.368221164000033, 78.52881660000008, 17.40365662100004)",31-12-2023.geojson,Amberpet,,,,,
Hyderabad,TSSD0018,3.86,"{'min': 27.373332977294922, 'max': 27.373332977294922, 'mean': 27.373332977294922, 'count': 1, 'sum': 27.373332977294922, 'median': 27.373332977294922}","(78.42921871100003, 17.43080978200004, 78.46511365000003, 17.45407132100007)",31-12-2023.geojson,Ammerpet,,,,,
Nagarkurnool,TSSD0019,1218.96,"{'min': 22.982500076293945, 'max': 28.757999420166016, 'mean': 25.601679057459677, 'count': 310, 'sum': 7936.5205078125, 'median': 25.547306060791016}","(78.48741327000005, 16.00923712100007, 79.02694515400003, 16.415272880000032)",31-12-2023.geojson,Amrabad,,,,,
Suryapet,TSSD0020,116.56,"{'min': 27.346363067626953, 'max': 29.09000015258789, 'mean': 28.28602294921875, 'count': 30, 'sum': 848.5806884765625, 'median': 28.3435001373291}","(79.90212536100006, 16.982533018000026, 80.06097163900006, 17.132924940000066)",31-12-2023.geojson,Ananthagiri,,,,,
Sangareddy,TSSD0021,186.83,"{'min': 27.24222183227539, 'max': 29.187646865844727, 'mean': 28.359803544714097, 'count': 47, 'sum': 1332.9107666015625, 'median': 28.36294174194336}","(77.94290081500003, 17.75956500500007, 78.11621519700003, 17.925892899000075)",31-12-2023.geojson,Andole,,,,,
Bhadradri Kothagudem,TSSD0022,176.27,"{'min': 23.82454490661621, 'max': 26.281110763549805, 'mean': 25.449404509171195, 'count': 46, 'sum': 1170.672607421875, 'median': 25.648334503173828}","(80.64118685200003, 17.28576821300004, 80.85142774000008, 17.41689142100006)",31-12-2023.geojson,Annapureddipalle,,,,,
Nalgonda,TSSD0023,190.48,"{'min': 26.460908889770508, 'max': 30.29199981689453, 'mean': 29.03104736328125, 'count': 50, 'sum': 1451.5523681640625, 'median': 29.135454177856445}","(79.19527357000004, 16.726884840000025, 79.39201370200004, 16.913228080000067)",31-12-2023.geojson,Anumula_Haliya,,,,,
Nizamabad,TSSD0024,221.85,"{'min': 22.918235778808594, 'max': 28.033750534057617, 'mean': 26.71231486002604, 'count': 60, 'sum': 1602.7388916015625, 'median': 27.099191665649414}","(78.17296352400007, 18.74292431300006, 78.35632004600006, 18.93725310900004)",31-12-2023.geojson,Armoor,,,,,
Kumurambheem Asifabad,TSSD0025,380.26,"{'min': 24.353750228881836, 'max': 30.134000778198242, 'mean': 27.43964460784314, 'count': 102, 'sum': 2798.84375, 'median': 27.616777420043945}","(79.05947913700004, 19.250334717000044, 79.39455949500007, 19.45064135100006)",31-12-2023.geojson,Asifabad,,,,,
Hyderabad,TSSD0026,12.88,"{'min': 26.432106018066406, 'max': 27.837499618530273, 'mean': 27.204479217529297, 'count': 4, 'sum': 108.81791687011719, 'median': 27.274154663085938}","(78.42582161500007, 17.359808491000024, 78.46198218000006, 17.408130664000055)",31-12-2023.geojson,Asifnagar,,,,,
Bhadradri Kothagudem,TSSD0027,329.09,"{'min': 23.120769500732422, 'max': 26.901111602783203, 'mean': 24.931829279119317, 'count': 88, 'sum': 2194.0009765625, 'median': 24.945167541503906}","(80.68546006000008, 17.692266541000038, 80.88829418500006, 17.933206824000024)",31-12-2023.geojson,Aswapuram,,,,,
Bhadradri Kothagudem,TSSD0028,564.09,"{'min': 23.115453720092773, 'max': 27.04777717590332, 'mean': 25.11049873947252, 'count': 141, 'sum': 3540.580322265625, 'median': 25.20400047302246}","(81.00029477700008, 17.215797421000048, 81.31479948400005, 17.495516869000028)",31-12-2023.geojson,Aswaraopeta,,,,,
Yadadri Bhuvanagiri,TSSD0029,171.54,"{'min': 27.534000396728516, 'max': 29.709999084472656, 'mean': 28.34868706597222, 'count': 45, 'sum': 1275.69091796875, 'median': 28.244285583496094}","(79.08082893600005, 17.39675374600006, 79.24565290200007, 17.53585182000006)",31-12-2023.geojson,Athmakur (M),,,,,
Wanaparthy,TSSD0030,137.9,"{'min': 29.18777847290039, 'max': 32.57749938964844, 'mean': 30.468309190538193, 'count': 36, 'sum': 1096.859130859375, 'median': 30.33187484741211}","(77.73676945900007, 16.203007356000057, 77.92502598300007, 16.38983216400004)",31-12-2023.geojson,Atmakur,,,,,
Warangal_Rural,TSSD0031,100.48,"{'min': 25.492666244506836, 'max': 28.542306900024414, 'mean': 27.574491060697117, 'count': 26, 'sum': 716.936767578125, 'median': 27.588001251220703}","(79.67890460400008, 17.996386791000077, 79.82038191900006, 18.11908245500007)",31-12-2023.geojson,Atmakur,,,,,
Suryapet,TSSD0032,206.49,"{'min': 27.019229888916016, 'max': 28.402000427246094, 'mean': 27.791259765625, 'count': 55, 'sum': 1528.519287109375, 'median': 27.841999053955078}","(79.59145821600004, 17.18757524600005, 79.81482135400006, 17.314815594000038)",31-12-2023.geojson,Atmakur_S,,,,,
Yadadri Bhuvanagiri,TSSD0033,188.28,"{'min': 27.25428581237793, 'max': 29.411333084106445, 'mean': 28.12698184742647, 'count': 51, 'sum': 1434.47607421875, 'median': 28.02692222595215}","(78.70944519200003, 17.280238217000033, 78.91168170600008, 17.414015307000057)",31-12-2023.geojson,B.Pochampally,,,,,
Jangoan,TSSD0034,215.84,"{'min': 26.5771427154541, 'max': 30.177143096923828, 'mean': 29.083563442887932, 'count': 58, 'sum': 1686.8466796875, 'median': 29.25873565673828}","(78.86787166400006, 17.709206091000055, 79.10262993800006, 17.8761671850001)",31-12-2023.geojson,Bachannapet,,,,,
Medchal_Malkajgiri,TSSD0035,17.73,"{'min': 26.9375, 'max': 28.9950008392334, 'mean': 27.545751953125, 'count': 5, 'sum': 137.728759765625, 'median': 27.27750015258789}","(78.34798865200008, 17.510629856000037, 78.39909413900006, 17.553712028000064)",31-12-2023.geojson,Bachupally,,,,,
Hyderabad,TSSD0036,15.01,"{'min': 26.224445343017578, 'max': 27.762941360473633, 'mean': 27.128018697102863, 'count': 3, 'sum': 81.3840560913086, 'median': 27.39666748046875}","(78.43027281000008, 17.326923403000023, 78.47901840600008, 17.372507289000055)",31-12-2023.geojson,Bahadurpura,,,,,
Mahabubnagar,TSSD0037,174.74,"{'min': 29.204116821289062, 'max': 31.14411735534668, 'mean': 30.257058848505434, 'count': 46, 'sum': 1391.82470703125, 'median': 30.436248779296875}","(78.08729467400008, 16.845259309000028, 78.30248119100008, 17.011459106000075)",31-12-2023.geojson,Balanagar,,,,,
Medchal_Malkajgiri,TSSD0038,19.28,"{'min': 27.47888946533203, 'max': 28.71666717529297, 'mean': 28.18577880859375, 'count': 5, 'sum': 140.92889404296875, 'median': 28.399999618530273}","(78.41398145500006, 17.437593329000038, 78.49711234500006, 17.495946916000037)",31-12-2023.geojson,Balanagar,,,,,
Rangareddy,TSSD0039,131.84,"{'min': 26.50200080871582, 'max': 29.75666618347168, 'mean': 27.956392996651786, 'count': 35, 'sum': 978.4737548828125, 'median': 28.010000228881836}","(78.40825680200004, 17.228240129000028, 78.57240744700005, 17.342781479000053)",31-12-2023.geojson,Balapur,,,,,
Nizamabad,TSSD0040,97.3,"{'min': 23.06294059753418, 'max': 27.612499237060547, 'mean': 25.4622265625, 'count': 25, 'sum': 636.5556640625, 'median': 26.1299991607666}","(78.27055155900007, 18.820303712000054, 78.39954724000006, 18.968813210000064)",31-12-2023.geojson,Balkonda,,,,,
Nagarkurnool,TSSD0041,243.17,"{'min': 24.063749313354492, 'max': 30.00374984741211, 'mean': 28.228188852163463, 'count': 65, 'sum': 1834.832275390625, 'median': 28.255882263183594}","(78.49549449900007, 16.225707747000058, 78.67809309200004, 16.452804138000033)",31-12-2023.geojson,Balmoor,,,,,
Hyderabad,TSSD0042,21.38,"{'min': 27.38111114501953, 'max': 28.74764633178711, 'mean': 28.128072102864582, 'count': 6, 'sum': 168.7684326171875, 'median': 28.212188720703125}","(78.45371439300004, 17.293465379000054, 78.51861491400007, 17.352247109000075)",31-12-2023.geojson,Bandlaguda,,,,,
Kamareddy,TSSD0043,142.84,"{'min': 25.77470588684082, 'max': 29.91941261291504, 'mean': 27.782162039620534, 'count': 35, 'sum': 972.3756713867188, 'median': 27.691110610961914}","(77.83852436200004, 18.316119945000025, 78.03038834200004, 18.45416467000007)",31-12-2023.geojson,Banswada,,,,,
Vikarabad,TSSD0044,91.56,"{'min': 29.025789260864258, 'max': 30.75421142578125, 'mean': 30.0795751953125, 'count': 25, 'sum': 751.9893798828125, 'median': 30.209999084472656}","(77.61390270400005, 17.383589031000042, 77.77189871100006, 17.483158091000064)",31-12-2023.geojson,Bantwaram,,,,,
Nirmal,TSSD0045,108.16,"{'min': 27.395263671875, 'max': 30.698888778686523, 'mean': 29.404153758081897, 'count': 29, 'sum': 852.720458984375, 'median': 29.44411849975586}","(77.87395490400007, 18.84522452500005, 78.04060419300004, 18.95240894500006)",31-12-2023.geojson,Basar,,,,,
Vikarabad,TSSD0046,206.01,"{'min': 29.092666625976562, 'max': 30.9228572845459, 'mean': 30.00386018573113, 'count': 53, 'sum': 1590.20458984375, 'median': 30.032499313354492}","(77.36247981800005, 17.108590786000036, 77.53841200600004, 17.271892981000065)",31-12-2023.geojson,Basheerabad,,,,,
Mahabubabad,TSSD0047,307.29,"{'min': 23.770000457763672, 'max': 27.801111221313477, 'mean': 26.40872757523148, 'count': 81, 'sum': 2139.10693359375, 'median': 26.371665954589844}","(80.05728874800008, 17.53352028000006, 80.26094565000005, 17.75039165800007)",31-12-2023.geojson,Bayyaram,,,,,
Adilabad,TSSD0048,253.13,"{'min': 24.143749237060547, 'max': 28.34600067138672, 'mean': 26.704218401227678, 'count': 70, 'sum': 1869.2952880859375, 'median': 26.7178955078125}","(78.27492577100008, 19.393371099000035, 78.47377904700005, 19.580545785000027)",31-12-2023.geojson,Bazarhathnoor,,,,,
Jagtial,TSSD0049,108.89,"{'min': 26.2923526763916, 'max': 28.513999938964844, 'mean': 27.675072454637096, 'count': 31, 'sum': 857.92724609375, 'median': 27.701250076293945}","(78.87792220400007, 18.96036622300005, 79.02108975900006, 19.07988819600007)",31-12-2023.geojson,Beerpur,,,,,
Siddipet,TSSD0050,152.56,"{'min': 27.676250457763672, 'max': 30.694000244140625, 'mean': 29.143939208984374, 'count': 40, 'sum': 1165.757568359375, 'median': 29.178123474121094}","(78.95201931600008, 18.18925398600004, 79.11791494600004, 18.34315846100003)",31-12-2023.geojson,Bejjanki,,,,,
Kumurambheem Asifabad,TSSD0051,282.92,"{'min': 24.34833335876465, 'max': 29.04692268371582, 'mean': 27.067145182291668, 'count': 75, 'sum': 2030.035888671875, 'median': 27.28076934814453}","(79.71984640800008, 19.26669339700004, 79.96748160900006, 19.444060153000066)",31-12-2023.geojson,Bejjur,,,,,
Adilabad,TSSD0052,252.64,"{'min': 23.913158416748047, 'max': 27.562631607055664, 'mean': 26.31877689085145, 'count': 69, 'sum': 1815.99560546875, 'median': 26.443750381469727}","(78.68107592100006, 19.56508431800006, 78.85966689500003, 19.782733789000076)",31-12-2023.geojson,Bela,,,,,
Mancherial,TSSD0053,146.79,"{'min': 26.10124969482422, 'max': 28.955333709716797, 'mean': 28.03331298828125, 'count': 40, 'sum': 1121.33251953125, 'median': 28.083208084106445}","(79.41901996000007, 18.98112085100007, 79.58961168500008, 19.132048594000025)",31-12-2023.geojson,Bellampalle,,,,,
Bhadradri Kothagudem,TSSD0054,11.21,"{'min': 26.93000030517578, 'max': 26.97599983215332, 'mean': 26.952999114990234, 'count': 2, 'sum': 53.90599822998047, 'median': 26.952999114990234}","(80.87537144200007, 17.64270969100005, 80.91092172600008, 17.683719212000028)",31-12-2023.geojson,Bhadrachalam,,,,,
Nirmal,TSSD0055,247.42,"{'min': 24.342222213745117, 'max': 28.156999588012695, 'mean': 27.08689219916045, 'count': 67, 'sum': 1814.82177734375, 'median': 27.354209899902344}","(77.87843723700007, 19.03252738200007, 78.09109643600004, 19.219462747000023)",31-12-2023.geojson,Bhainsa,,,,,
Warangal_Urban,TSSD0056,147.17,"{'min': 27.875333786010742, 'max': 29.06142807006836, 'mean': 28.606002371651787, 'count': 35, 'sum': 1001.2100830078125, 'median': 28.612857818603516}","(79.25802483300004, 18.001111758000036, 79.41034323000008, 18.156221128000027)",31-12-2023.geojson,Bheemadevarapalli,,,,,
Mancherial,TSSD0057,156.12,"{'min': 25.32428550720215, 'max': 28.694286346435547, 'mean': 27.06548602764423, 'count': 39, 'sum': 1055.553955078125, 'median': 27.014616012573242}","(79.58636746400003, 18.76414004000003, 79.73368796500006, 18.942415460000063)",31-12-2023.geojson,Bheemaram,,,,,
Nizamabad,TSSD0058,225.03,"{'min': 24.976667404174805, 'max': 27.893999099731445, 'mean': 26.895743815104165, 'count': 60, 'sum': 1613.74462890625, 'median': 27.1079158782959}","(78.35785953300007, 18.617871123000043, 78.59699998100007, 18.754933092000044)",31-12-2023.geojson,Bheemgal,,,,,
Mancherial,TSSD0059,151.63,"{'min': 27.166000366210938, 'max': 29.95133399963379, 'mean': 29.23503928960756, 'count': 43, 'sum': 1257.106689453125, 'median': 29.424999237060547}","(79.50578178000006, 19.14043541600006, 79.67664248700004, 19.288073780000047)",31-12-2023.geojson,Bheemini,,,,,
Adilabad,TSSD0060,195.62,"{'min': 26.085294723510742, 'max': 28.288999557495117, 'mean': 27.145710397273938, 'count': 47, 'sum': 1275.848388671875, 'median': 27.176250457763672}","(78.28468101500005, 19.728594951000048, 78.49256909000007, 19.91690008100005)",31-12-2023.geojson,Bheempoor,,,,,
Kamareddy,TSSD0061,154.94,"{'min': 27.5262508392334, 'max': 30.052499771118164, 'mean': 29.158761160714285, 'count': 42, 'sum': 1224.66796875, 'median': 29.368751525878906}","(78.33227141500004, 18.122403492000046, 78.50250512100007, 18.278813365000076)",31-12-2023.geojson,Bhiknoor,,,,,
Yadadri Bhuvanagiri,TSSD0062,299.2,"{'min': 27.170000076293945, 'max': 31.16200065612793, 'mean': 29.335662059294872, 'count': 78, 'sum': 2288.181640625, 'median': 29.257966995239258}","(78.80997708400008, 17.36896378700004, 79.04721217500008, 17.595952069000077)",31-12-2023.geojson,Bhongiri,,,,,
Mahabubnagar,TSSD0063,177.56,"{'min': 28.82111167907715, 'max': 30.60555648803711, 'mean': 29.90934071642287, 'count': 47, 'sum': 1405.739013671875, 'median': 30.028667449951172}","(77.97152580800008, 16.592727025000045, 78.15346036600005, 16.739702366000074)",31-12-2023.geojson,Bhoothpur,,,,,
Jayashankar Bhupalpally,TSSD0064,412.31,"{'min': 23.851333618164062, 'max': 29.660667419433594, 'mean': 26.028419777199073, 'count': 108, 'sum': 2811.0693359375, 'median': 25.64266586303711}","(79.72643010900003, 18.326274666000074, 80.15195044700005, 18.518666378000034)",31-12-2023.geojson,Bhupalpally,,,,,
Yadadri Bhuvanagiri,TSSD0065,181.21,"{'min': 26.61571502685547, 'max': 30.123750686645508, 'mean': 28.724086216517858, 'count': 49, 'sum': 1407.480224609375, 'median': 28.886249542236328}","(78.70762825800006, 17.383774324000058, 78.91649957900006, 17.531102042000043)",31-12-2023.geojson,Bibinagar,,,,,
Kamareddy,TSSD0066,80.7,"{'min': 25.89875030517578, 'max': 30.256250381469727, 'mean': 29.108062744140625, 'count': 20, 'sum': 582.1612548828125, 'median': 29.446666717529297}","(78.46247299900006, 18.169106830000032, 78.56926485100007, 18.275633318000075)",31-12-2023.geojson,Bibipet,,,,,
Nagarkurnool,TSSD0067,265.69,"{'min': 28.03631591796875, 'max': 31.586469650268555, 'mean': 29.381612723214285, 'count': 70, 'sum': 2056.712890625, 'median': 29.393714904785156}","(78.10083116400006, 16.421414171000038, 78.28225422800006, 16.626726615000052)",31-12-2023.geojson,Bijinapalle,,,,,
Adilabad,TSSD0068,324.19,"{'min': 24.8700008392334, 'max': 28.801250457763672, 'mean': 27.193371736550635, 'count': 79, 'sum': 2148.2763671875, 'median': 27.26764678955078}","(78.17215629700007, 19.264980181000055, 78.39684222400007, 19.45647146400006)",31-12-2023.geojson,Boath,,,,,
Nizamabad,TSSD0069,274.45,"{'min': 25.038888931274414, 'max': 30.806249618530273, 'mean': 28.013019718535958, 'count': 73, 'sum': 2044.950439453125, 'median': 27.967647552490234}","(77.73094369300003, 18.573510121000027, 77.96006357300001, 18.81143505500006)",31-12-2023.geojson,Bodhan,,,,,
Rajanna Sircilla,TSSD0070,143.88,"{'min': 24.732500076293945, 'max': 28.79705810546875, 'mean': 27.34713819550305, 'count': 41, 'sum': 1121.232666015625, 'median': 27.69266700744629}","(78.89142673800006, 18.39155487200003, 78.99623800100005, 18.58330450400007)",31-12-2023.geojson,Boinpalli,,,,,
Yadadri Bhuvanagiri,TSSD0071,165.4,"{'min': 27.572500228881836, 'max': 30.376249313354492, 'mean': 29.125714983258927, 'count': 42, 'sum': 1223.280029296875, 'median': 29.239999771118164}","(78.68260567800007, 17.506909476000033, 78.83660271700006, 17.66778853200003)",31-12-2023.geojson,Bommalaramaram,,,,,
Vikarabad,TSSD0072,219.46,"{'min': 27.793333053588867, 'max': 31.891176223754883, 'mean': 29.059456961495535, 'count': 56, 'sum': 1627.32958984375, 'median': 28.868751525878906}","(77.61321700700006, 17.021545857000035, 77.78997648900008, 17.236770282000066)",31-12-2023.geojson,Bommaraspeta,,,,,
Khammam,TSSD0073,164.0,"{'min': 26.131818771362305, 'max': 28.808000564575195, 'mean': 27.52574492663872, 'count': 41, 'sum': 1128.5555419921875, 'median': 27.4757137298584}","(80.19836868700008, 16.94670916900003, 80.36649696300003, 17.117145719000064)",31-12-2023.geojson,Bonakal,,,,,
Jagtial,TSSD0074,80.72,"{'min': 26.118234634399414, 'max': 28.772666931152344, 'mean': 27.692526112432066, 'count': 23, 'sum': 636.9281005859375, 'median': 27.989999771118164}","(79.00621644400007, 18.822787249000044, 79.14474962700007, 18.91916278800005)",31-12-2023.geojson,Buggaram,,,,,
Bhadradri Kothagudem,TSSD0075,212.03,"{'min': 25.262727737426758, 'max': 28.027999877929688, 'mean': 26.46021412037037, 'count': 54, 'sum': 1428.8515625, 'median': 26.458332061767578}","(80.73228080900003, 17.59843230000007, 80.90367732300007, 17.75553509100007)",31-12-2023.geojson,Burgampadu,,,,,
Nalgonda,TSSD0076,349.48,"{'min': 25.11142921447754, 'max': 31.50857162475586, 'mean': 27.83753502887228, 'count': 92, 'sum': 2561.05322265625, 'median': 27.747692108154297}","(78.83961784400003, 16.35584791900004, 79.21275923200005, 16.646382362000054)",31-12-2023.geojson,Chandampet,,,,,
Bhadradri Kothagudem,TSSD0077,146.4,"{'min': 22.610000610351562, 'max': 26.967777252197266, 'mean': 25.74706206450591, 'count': 37, 'sum': 952.6412963867188, 'median': 25.88800048828125}","(80.55637660300005, 17.31648540200007, 80.69607967500008, 17.452303995000022)",31-12-2023.geojson,Chandrugonda,,,,,
Nalgonda,TSSD0078,210.39,"{'min': 28.72076988220215, 'max': 31.48285675048828, 'mean': 30.072403817806602, 'count': 53, 'sum': 1593.83740234375, 'median': 30.248571395874023}","(78.89291217500005, 16.893248166000035, 79.10048328200008, 17.094642131000057)",31-12-2023.geojson,Chandur,,,,,
Nagarkurnool,TSSD0079,172.21,"{'min': 27.931177139282227, 'max': 31.75749969482422, 'mean': 29.724137369791666, 'count': 45, 'sum': 1337.586181640625, 'median': 29.804445266723633}","(78.57614983600007, 16.636888998000074, 78.79233917400006, 16.779519700000037)",31-12-2023.geojson,Charakonda,,,,,
Hyderabad,TSSD0080,5.37,"{'min': 28.59375, 'max': 28.59375, 'mean': 28.59375, 'count': 1, 'sum': 28.59375, 'median': 28.59375}","(78.47460501900008, 17.34768383200003, 78.50070316000006, 17.376123801000062)",31-12-2023.geojson,Charminar,,,,,
Rajanna Sircilla,TSSD0081,172.75,"{'min': 25.475555419921875, 'max': 29.60555648803711, 'mean': 27.56341552734375, 'count': 48, 'sum': 1323.0439453125, 'median': 27.692352294921875}","(78.61274932300006, 18.50685668500006, 78.84598478800007, 18.63425720600003)",31-12-2023.geojson,Chendurthi,,,,,
Warangal_Rural,TSSD0082,99.63,"{'min': 27.270000457763672, 'max': 29.64384651184082, 'mean': 28.64642754916487, 'count': 29, 'sum': 830.7463989257812, 'median': 28.799091339111328}","(79.77887035600008, 17.796694865000063, 79.93870076600007, 17.912052966000033)",31-12-2023.geojson,Chennaraopet,,,,,
Mancherial,TSSD0083,348.6,"{'min': 25.06999969482422, 'max': 29.058570861816406, 'mean': 27.053060780400816, 'count': 92, 'sum': 2488.881591796875, 'median': 27.198570251464844}","(79.65949015600006, 18.682762397000033, 79.84767354200005, 18.959046801000056)",31-12-2023.geojson,Chennur,,,,,
Siddipet,TSSD0084,222.44,"{'min': 27.932857513427734, 'max': 29.502857208251953, 'mean': 28.69326213254767, 'count': 59, 'sum': 1692.9024658203125, 'median': 28.6299991607666}","(78.86758954600003, 17.828098220000072, 79.06729449200009, 18.036935309000057)",31-12-2023.geojson,Cherial,,,,,
Bhadradri Kothagudem,TSSD0085,477.35,"{'min': 22.297142028808594, 'max': 29.392221450805664, 'mean': 25.37820360137195, 'count': 123, 'sum': 3121.51904296875, 'median': 25.128334045410156}","(80.73391161600006, 17.933206824000024, 80.98568532800005, 18.238859586000046)",31-12-2023.geojson,Cherla,,,,,
Rangareddy,TSSD0086,276.14,"{'min': 29.3477783203125, 'max': 31.181110382080078, 'mean': 30.21082379066781, 'count': 73, 'sum': 2205.39013671875, 'median': 30.20052719116211}","(78.00412674500006, 17.23299501100007, 78.21859291200008, 17.409433687000046)",31-12-2023.geojson,Chevella,,,,,
Karimnagar,TSSD0087,149.85,"{'min': 27.948749542236328, 'max': 28.955333709716797, 'mean': 28.56619873046875, 'count': 40, 'sum': 1142.64794921875, 'median': 28.58562469482422}","(79.10798904900008, 18.16049209700003, 79.25728156700006, 18.285204140000076)",31-12-2023.geojson,Chigurumamidi,,,,,
Suryapet,TSSD0088,109.2,"{'min': 26.537273406982422, 'max': 29.492856979370117, 'mean': 28.146255493164062, 'count': 28, 'sum': 788.0951538085938, 'median': 27.9576358795166}","(79.79036079100007, 16.906046110000034, 79.93531953700005, 17.024466438000047)",31-12-2023.geojson,Chilkur,,,,,
Jangoan,TSSD0089,157.63,"{'min': 27.49799919128418, 'max': 29.191537857055664, 'mean': 28.537943995276162, 'count': 43, 'sum': 1227.131591796875, 'median': 28.54857063293457}","(79.20344106000005, 17.85176273600007, 79.44938298400007, 17.98733100100003)",31-12-2023.geojson,Chilpur,,,,,
Mahabubnagar,TSSD0090,182.6,"{'min': 29.963333129882812, 'max': 33.276668548583984, 'mean': 31.6999072265625, 'count': 50, 'sum': 1584.995361328125, 'median': 31.901050567626953}","(77.73330203000006, 16.37851123300004, 77.87096754700008, 16.616724610000063)",31-12-2023.geojson,Chinna Chinta Kunta,,,,,
Mahabubabad,TSSD0091,62.33,"{'min': 27.076154708862305, 'max': 28.016000747680664, 'mean': 27.66026575425092, 'count': 17, 'sum': 470.2245178222656, 'median': 27.781999588012695}","(79.84909294100004, 17.449136596000073, 79.93830751200005, 17.551928229000055)",31-12-2023.geojson,Chinnagudur,,,,,
Siddipet,TSSD0092,210.1,"{'min': 26.904117584228516, 'max': 29.023332595825195, 'mean': 28.25816446940104, 'count': 60, 'sum': 1695.4898681640625, 'median': 28.280000686645508}","(78.82494370000006, 18.112037676000057, 79.02016956300008, 18.25691097600003)",31-12-2023.geojson,Chinnakodur,,,,,
Wanaparthy,TSSD0093,211.48,"{'min': 28.443750381469727, 'max': 32.71266555786133, 'mean': 30.252188846982758, 'count': 58, 'sum': 1754.626953125, 'median': 29.938823699951172}","(78.05946824700004, 15.943903422000062, 78.25862092700004, 16.10487720200007)",31-12-2023.geojson,Chinnambavi,,,,,
Khammam,TSSD0094,188.05,"{'min': 26.623332977294922, 'max': 28.790000915527344, 'mean': 27.554464588994566, 'count': 46, 'sum': 1267.50537109375, 'median': 27.567306518554688}","(80.15749622700008, 17.00863986300004, 80.30764277300005, 17.236461319000057)",31-12-2023.geojson,Chintakani,,,,,
Kumurambheem Asifabad,TSSD0095,288.59,"{'min': 24.083847045898438, 'max': 29.05933380126953, 'mean': 27.105230712890624, 'count': 80, 'sum': 2168.41845703125, 'median': 27.464065551757812}","(79.67767908700006, 19.36047807800003, 79.97913072000006, 19.567678157000046)",31-12-2023.geojson,Chintalamanepally,,,,,
Suryapet,TSSD0096,202.08,"{'min': 25.977272033691406, 'max': 28.702726364135742, 'mean': 27.952473958333332, 'count': 51, 'sum': 1425.576171875, 'median': 28.010000228881836}","(79.89168709400008, 16.63122235000003, 80.07323171000007, 16.848894700000073)",31-12-2023.geojson,Chinthala palem,,,,,
Nalgonda,TSSD0097,274.6,"{'min': 28.687646865844727, 'max': 31.53874969482422, 'mean': 30.223642578125, 'count': 75, 'sum': 2266.773193359375, 'median': 30.3075008392334}","(78.69548427600006, 16.739825453000037, 78.92444476600008, 16.973748571000044)",31-12-2023.geojson,Chinthapally,,,,,
Jayashankar Bhupalpally,TSSD0098,210.42,"{'min': 26.39666748046875, 'max': 30.323333740234375, 'mean': 28.26000762404057, 'count': 57, 'sum': 1610.8204345703125, 'median': 28.303333282470703}","(79.64088009700004, 18.283442338000043, 79.79196266500009, 18.492380515000036)",31-12-2023.geojson,Chityal,,,,,
Nalgonda,TSSD0099,237.77,"{'min': 28.974285125732422, 'max': 31.895999908447266, 'mean': 30.113358561197916, 'count': 60, 'sum': 1806.801513671875, 'median': 29.92076873779297}","(78.96087085700003, 17.126777316000073, 79.17779320000005, 17.284106424000072)",31-12-2023.geojson,Chityal,,,,,
Suryapet,TSSD0100,151.19,"{'min': 26.920909881591797, 'max': 28.63800048828125, 'mean': 27.781130981445312, 'count': 40, 'sum': 1111.2452392578125, 'median': 27.781919479370117}","(79.61526708400004, 17.06178183000003, 79.77234545500005, 17.21508940600006)",31-12-2023.geojson,Chivvemla,,,,,
Karimnagar,TSSD0101,141.96,"{'min': 27.341999053955078, 'max': 28.940000534057617, 'mean': 28.185450503700658, 'count': 38, 'sum': 1071.047119140625, 'median': 28.189332962036133}","(79.09673047900003, 18.516979337000066, 79.23072403500004, 18.66557143500006)",31-12-2023.geojson,Choppadandi,,,,,
Yadadri Bhuvanagiri,TSSD0102,264.84,"{'min': 27.558570861816406, 'max': 31.954999923706055, 'mean': 28.982982366857396, 'count': 71, 'sum': 2057.791748046875, 'median': 28.939411163330078}","(78.747570484, 17.19528529400003, 78.99749932000003, 17.348531597000033)",31-12-2023.geojson,Choutuppal,,,,,
Rangareddy,TSSD0103,111.15,"{'min': 28.487499237060547, 'max': 30.162940979003906, 'mean': 29.40372269241898, 'count': 27, 'sum': 793.9005126953125, 'median': 29.424118041992188}","(77.92190617600005, 16.980166997000026, 78.03572549400008, 17.14859407800003)",31-12-2023.geojson,Chowdergudem,,,,,
Bhadradri Kothagudem,TSSD0104,113.98,"{'min': 24.68000030517578, 'max': 26.48200035095215, 'mean': 25.44970900012601, 'count': 31, 'sum': 788.9409790039062, 'median': 25.386363983154297}","(80.59078646000006, 17.397527010000033, 80.73926192500005, 17.56175825500003)",31-12-2023.geojson,Chunchupally,,,,,
Kumurambheem Asifabad,TSSD0105,282.91,"{'min': 23.685714721679688, 'max': 30.263334274291992, 'mean': 27.68976654877534, 'count': 74, 'sum': 2049.042724609375, 'median': 28.495319366455078}","(79.55061502100006, 19.147024978000047, 79.94481136900004, 19.320003257000053)",31-12-2023.geojson,Dahegaon,,,,,
Nalgonda,TSSD0106,212.91,"{'min': 27.331666946411133, 'max': 29.181110382080078, 'mean': 28.193745561079545, 'count': 55, 'sum': 1550.656005859375, 'median': 28.099090576171875}","(79.52381292400008, 16.65992049600004, 79.70200312500003, 16.812899723000044)",31-12-2023.geojson,Damaracherla,,,,,
Narayanpet,TSSD0107,197.8,"{'min': 29.226842880249023, 'max': 32.029998779296875, 'mean': 30.2832568359375, 'count': 50, 'sum': 1514.162841796875, 'median': 30.199508666992188}","(77.45634407100005, 16.764877660000025, 77.60496874100005, 16.959326115000067)",31-12-2023.geojson,Damargidda,,,,,
Warangal_Rural,TSSD0108,89.35,"{'min': 26.924667358398438, 'max': 28.992856979370117, 'mean': 27.714441935221355, 'count': 24, 'sum': 665.1466064453125, 'median': 27.728792190551758}","(79.60072347200008, 18.00572767700004, 79.70643829000005, 18.13897497800008)",31-12-2023.geojson,Damera,,,,,
Bhadradri Kothagudem,TSSD0109,482.53,"{'min': 23.304000854492188, 'max': 27.343334197998047, 'mean': 25.458379657451925, 'count': 130, 'sum': 3309.58935546875, 'median': 25.62485694885254}","(80.86476856000007, 17.190519193000057, 81.08735919600008, 17.56822006400006)",31-12-2023.geojson,Dammapeta,,,,,
Mancherial,TSSD0110,212.73,"{'min': 24.247333526611328, 'max': 29.1200008392334, 'mean': 27.52425986842105, 'count': 57, 'sum': 1568.8828125, 'median': 28.059999465942383}","(79.08727409600004, 18.884636873000034, 79.22437932800005, 19.103216721000024)",31-12-2023.geojson,Dandepalle,,,,,
Mahabubabad,TSSD0111,108.96,"{'min': 26.69727325439453, 'max': 28.1875, 'mean': 27.43866163684476, 'count': 31, 'sum': 850.5985107421875, 'median': 27.506000518798828}","(79.65560623800008, 17.428868298000054, 79.78530222000006, 17.546608658000025)",31-12-2023.geojson,Danthalapalle,,,,,
Nirmal,TSSD0112,76.62,"{'min': 25.237499237060547, 'max': 28.214000701904297, 'mean': 27.343142860814144, 'count': 19, 'sum': 519.5197143554688, 'median': 27.51714324951172}","(78.82647409500004, 19.034610264000037, 78.95076054900005, 19.132845763000034)",31-12-2023.geojson,Dasturabad,,,,,
Nalgonda,TSSD0113,235.21,"{'min': 29.30466651916504, 'max': 31.94230842590332, 'mean': 30.836313555317542, 'count': 62, 'sum': 1911.8514404296875, 'median': 30.777589797973633}","(78.75664741300005, 16.599618543000076, 78.96744054100003, 16.769811435000065)",31-12-2023.geojson,Devarakonda,,,,,
Mahabubnagar,TSSD0114,238.37,"{'min': 26.0, 'max': 33.131248474121094, 'mean': 30.969974640877016, 'count': 62, 'sum': 1920.138427734375, 'median': 31.11590576171875}","(77.76466384500003, 16.454975524000076, 77.92512638900007, 16.738387466000063)",31-12-2023.geojson,Devarkadra,,,,,
Jangoan,TSSD0115,182.53,"{'min': 27.553333282470703, 'max': 30.02199935913086, 'mean': 28.5697607421875, 'count': 50, 'sum': 1428.488037109375, 'median': 28.46818733215332}","(79.21277209400006, 17.510665525000036, 79.40089799000003, 17.677652839000075)",31-12-2023.geojson,Devaruppula,,,,,
Narayanpet,TSSD0116,153.65,"{'min': 28.733749389648438, 'max': 32.34375, 'mean': 30.70902396537162, 'count': 37, 'sum': 1136.23388671875, 'median': 30.812665939331055}","(77.59496902800004, 16.571400942000025, 77.76875056600005, 16.754234962000055)",31-12-2023.geojson,Dhanwada,,,,,
Jagtial,TSSD0117,175.9,"{'min': 25.607500076293945, 'max': 29.614614486694336, 'mean': 28.052338324652776, 'count': 45, 'sum': 1262.355224609375, 'median': 28.106666564941406}","(78.99144763200007, 18.877766286000053, 79.16011736700005, 19.07420193200005)",31-12-2023.geojson,Dharmapuri,,,,,
Peddapalli,TSSD0118,201.92,"{'min': 26.21266746520996, 'max': 28.469999313354492, 'mean': 27.509993643130898, 'count': 53, 'sum': 1458.0296630859375, 'median': 27.44066619873047}","(79.11294947900006, 18.616084372000046, 79.33879022800005, 18.75580704600003)",31-12-2023.geojson,Dharmaram,,,,,
Warangal_Urban,TSSD0119,166.63,"{'min': 26.329999923706055, 'max': 29.713077545166016, 'mean': 28.509469943576388, 'count': 45, 'sum': 1282.9261474609375, 'median': 28.621999740600586}","(79.34392484200004, 17.872946780000063, 79.49559988700008, 18.064662017000046)",31-12-2023.geojson,Dharmasagar,,,,,
Jogulamba Gadwal,TSSD0120,233.51,"{'min': 24.491111755371094, 'max': 31.77750015258789, 'mean': 29.781095377604167, 'count': 60, 'sum': 1786.86572265625, 'median': 30.465816497802734}","(77.59027451200006, 16.165087868000057, 77.75403082300005, 16.362950969000053)",31-12-2023.geojson,Dharoor,,,,,
Vikarabad,TSSD0121,204.41,"{'min': 26.84000015258789, 'max': 30.940000534057617, 'mean': 29.463956392728367, 'count': 52, 'sum': 1532.125732421875, 'median': 29.398334503173828}","(77.69853344900008, 17.210650905000023, 77.85683392500005, 17.378989310000065)",31-12-2023.geojson,Dharoor,,,,,
Nizamabad,TSSD0122,181.87,"{'min': 25.21125030517578, 'max': 28.256250381469727, 'mean': 26.925968092315053, 'count': 49, 'sum': 1319.3724365234375, 'median': 26.886470794677734}","(78.27142695800006, 18.455096901000047, 78.41235874700004, 18.675940208000043)",31-12-2023.geojson,Dharpally,,,,,
Nizamabad,TSSD0123,165.76,"{'min': 25.446250915527344, 'max': 28.472352981567383, 'mean': 27.310139973958332, 'count': 45, 'sum': 1228.956298828125, 'median': 27.258750915527344}","(78.13708897600003, 18.552299339000058, 78.33103872900006, 18.67400565300005)",31-12-2023.geojson,Dichpally,,,,,
Nirmal,TSSD0124,155.33,"{'min': 22.980588912963867, 'max': 28.924118041992188, 'mean': 26.090451049804688, 'count': 40, 'sum': 1043.6180419921875, 'median': 26.842777252197266}","(78.18162478500005, 18.979193036000026, 78.31903817300008, 19.15181674400003)",31-12-2023.geojson,Dilawarpur,,,,,
Vikarabad,TSSD0125,169.11,"{'min': 27.945293426513672, 'max': 29.518421173095703, 'mean': 28.820184881036933, 'count': 44, 'sum': 1268.088134765625, 'median': 28.90166664123535}","(77.75350961300006, 16.993685688000028, 77.91797159400005, 17.151011999000048)",31-12-2023.geojson,Doma,,,,,
Mahabubabad,TSSD0126,157.58,"{'min': 27.093334197998047, 'max': 28.107778549194336, 'mean': 27.703482278963413, 'count': 41, 'sum': 1135.8427734375, 'median': 27.725555419921875}","(80.00919088400008, 17.34578428800006, 80.17130219700005, 17.498026924000044)",31-12-2023.geojson,Dornakal,,,,,
Vikarabad,TSSD0127,206.9,"{'min': 27.851999282836914, 'max': 31.9244441986084, 'mean': 30.12360088641827, 'count': 52, 'sum': 1566.42724609375, 'median': 30.057777404785156}","(77.47254906600006, 16.90300025500005, 77.65396255100006, 17.070101057000045)",31-12-2023.geojson,Doulthabad,,,,,
Siddipet,TSSD0128,239.89,"{'min': 27.233999252319336, 'max': 30.135334014892578, 'mean': 28.85574001736111, 'count': 63, 'sum': 1817.91162109375, 'median': 28.958749771118164}","(78.54681796600005, 18.097298073000047, 78.75700455300006, 18.255668025000034)",31-12-2023.geojson,Dubbak,,,,,
Warangal_Rural,TSSD0129,117.69,"{'min': 27.054285049438477, 'max': 29.378334045410156, 'mean': 28.362017231602824, 'count': 31, 'sum': 879.2225341796875, 'median': 28.416000366210938}","(79.74503783800003, 17.911539967000067, 79.86925509200006, 18.07929052000003)",31-12-2023.geojson,Duggondi,,,,,
Bhadradri Kothagudem,TSSD0130,322.15,"{'min': 24.60636329650879, 'max': 27.45599937438965, 'mean': 26.19423366237331, 'count': 74, 'sum': 1938.373291015625, 'median': 26.272640228271484}","(80.86195260000005, 17.696811285000024, 81.09376572500008, 17.952898013000038)",31-12-2023.geojson,Dummugudem,,,,,
Medchal_Malkajgiri,TSSD0131,81.34,"{'min': 26.995555877685547, 'max': 28.82647132873535, 'mean': 27.904623413085936, 'count': 20, 'sum': 558.0924682617188, 'median': 27.648887634277344}","(78.36001430200008, 17.525573036000026, 78.50711033000005, 17.638921073000063)",31-12-2023.geojson,Dundigal Gandimaisamma,,,,,
Peddapalli,TSSD0132,76.87,"{'min': 28.228750228881836, 'max': 29.761999130249023, 'mean': 29.116144353693183, 'count': 22, 'sum': 640.55517578125, 'median': 29.174041748046875}","(79.21615438200007, 18.50700951700003, 79.32467419700004, 18.611289084000077)",31-12-2023.geojson,Eligaid,,,,,
Warangal_Urban,TSSD0133,130.61,"{'min': 26.351428985595703, 'max': 29.359230041503906, 'mean': 28.63615658408717, 'count': 38, 'sum': 1088.1739501953125, 'median': 28.798572540283203}","(79.37430346400004, 18.03182084900004, 79.56117484200007, 18.167621027000052)",31-12-2023.geojson,Elkathurthi,,,,,
Karimnagar,TSSD0134,97.13,"{'min': 27.351333618164062, 'max': 29.514616012573242, 'mean': 28.83647977388822, 'count': 26, 'sum': 749.7484741210938, 'median': 28.92928695678711}","(79.48944079000006, 18.22671351400004, 79.58025617800007, 18.37787529900004)",31-12-2023.geojson,Ellandakunta,,,,,
Khammam,TSSD0135,189.89,"{'min': 24.775455474853516, 'max': 27.69444465637207, 'mean': 26.767470415900736, 'count': 51, 'sum': 1365.1409912109375, 'median': 26.934444427490234}","(80.32325062100006, 17.259354917000053, 80.50833243100004, 17.441441247000057)",31-12-2023.geojson,Enkoor,,,,,
Mulugu,TSSD0136,343.37,"{'min': 23.281429290771484, 'max': 28.983333587646484, 'mean': 24.92399265455163, 'count': 92, 'sum': 2293.00732421875, 'median': 24.510780334472656}","(80.26936561700006, 18.23370998300004, 80.49039395700004, 18.462636728000064)",31-12-2023.geojson,Eturnagaram,,,,,
Rangareddy,TSSD0137,278.36,"{'min': 28.67352867126465, 'max': 30.75705909729004, 'mean': 29.741458333333334, 'count': 75, 'sum': 2230.609375, 'median': 29.782941818237305}","(78.06823301000003, 16.93980447000007, 78.31577077500003, 17.115180701000043)",31-12-2023.geojson,Farooqnagar,,,,,
Adilabad,TSSD0138,227.73,"{'min': 24.087778091430664, 'max': 28.21666717529297, 'mean': 27.108362416752048, 'count': 61, 'sum': 1653.610107421875, 'median': 27.40333366394043}","(78.77129668200007, 19.52875835800006, 78.97180690400006, 19.672134552000045)",31-12-2023.geojson,Gadiguda,,,,,
Jogulamba Gadwal,TSSD0139,264.89,"{'min': 28.997142791748047, 'max': 34.0099983215332, 'mean': 30.834943498883927, 'count': 70, 'sum': 2158.446044921875, 'median': 30.620540618896484}","(77.72121964000007, 16.085291977000054, 77.93275208300008, 16.318733621000035)",31-12-2023.geojson,Gadwal,,,,,
Siddipet,TSSD0140,212.47,"{'min': 27.595882415771484, 'max': 30.017499923706055, 'mean': 28.93003727839543, 'count': 52, 'sum': 1504.3619384765625, 'median': 28.972904205322266}","(78.58303917400008, 17.794325789000027, 78.78577283400006, 17.975258496000038)",31-12-2023.geojson,Gajwel,,,,,
Rajanna Sircilla,TSSD0141,156.05,"{'min': 25.895334243774414, 'max': 29.172666549682617, 'mean': 27.766702791539632, 'count': 41, 'sum': 1138.434814453125, 'median': 27.844999313354492}","(78.52078465300008, 18.22335373800007, 78.64656692100004, 18.42659197100005)",31-12-2023.geojson,Gambhiraopet,,,,,
Mahabubnagar,TSSD0142,228.82,"{'min': 27.366249084472656, 'max': 31.23555564880371, 'mean': 29.584356398809526, 'count': 63, 'sum': 1863.814453125, 'median': 29.741249084472656}","(77.73779362900007, 16.845154139000044, 77.95386938900003, 16.999075455000025)",31-12-2023.geojson,Gandeed,,,,,
Kamareddy,TSSD0143,333.76,"{'min': 25.840587615966797, 'max': 31.168750762939453, 'mean': 29.203085713002874, 'count': 87, 'sum': 2540.66845703125, 'median': 29.325294494628906}","(77.92036537400008, 18.313249016000043, 78.18359844500003, 18.50402559500003)",31-12-2023.geojson,Gandhari,,,,,
Rangareddy,TSSD0144,104.67,"{'min': 23.476667404174805, 'max': 27.807777404785156, 'mean': 26.38409658578726, 'count': 26, 'sum': 685.9865112304688, 'median': 26.711078643798828}","(78.22812814200006, 17.32859737600006, 78.42011614800003, 17.43391934600004)",31-12-2023.geojson,Gandipet,,,,,
Karimnagar,TSSD0145,160.18,"{'min': 27.218570709228516, 'max': 28.920665740966797, 'mean': 27.936831519717263, 'count': 42, 'sum': 1173.346923828125, 'median': 27.90571403503418}","(78.94956144100007, 18.417228382000076, 79.08057825900005, 18.682963267000048)",31-12-2023.geojson,Gangadhara,,,,,
Mahabubabad,TSSD0146,388.97,"{'min': 22.875, 'max': 27.12454605102539, 'mean': 24.91808143028846, 'count': 104, 'sum': 2591.48046875, 'median': 24.78188705444336}","(80.09945621800006, 17.703358498000057, 80.32312548900006, 18.023583650000035)",31-12-2023.geojson,Gangaram,,,,,
Karimnagar,TSSD0147,128.88,"{'min': 23.862499237060547, 'max': 29.56999969482422, 'mean': 27.302678888494317, 'count': 33, 'sum': 900.9884033203125, 'median': 27.946250915527344}","(79.00593677600006, 18.285893647000023, 79.15761711400006, 18.42386993300005)",31-12-2023.geojson,Ganneruvaram,,,,,
Suryapet,TSSD0148,196.75,"{'min': 26.988182067871094, 'max': 29.20111083984375, 'mean': 28.381333571213943, 'count': 52, 'sum': 1475.829345703125, 'median': 28.451000213623047}","(79.69899423300006, 16.791794304000064, 79.84726513600003, 16.996734263000064)",31-12-2023.geojson,Garidepalli,,,,,
Mahabubabad,TSSD0149,134.15,"{'min': 26.155454635620117, 'max': 27.81999969482422, 'mean': 27.08953159877232, 'count': 35, 'sum': 948.1336059570312, 'median': 27.139999389648438}","(80.09119141800005, 17.438011174000053, 80.22850494600004, 17.593396365000046)",31-12-2023.geojson,Garla,,,,,
Warangal_Rural,TSSD0150,134.93,"{'min': 28.24625015258789, 'max': 29.510000228881836, 'mean': 28.7798583984375, 'count': 35, 'sum': 1007.2950439453125, 'median': 28.71933364868164}","(79.61786745500007, 17.897533089000035, 79.78756875100004, 18.025592932000052)",31-12-2023.geojson,Geesugonda,,,,,
Jayashankar Bhupalpally,TSSD0151,135.95,"{'min': 24.744117736816406, 'max': 28.6971435546875, 'mean': 27.17674461570946, 'count': 37, 'sum': 1005.53955078125, 'median': 27.415882110595703}","(79.80756877900006, 18.262592781000023, 79.95276371100005, 18.417946673000074)",31-12-2023.geojson,Ghanapur_Mulug,,,,,
Wanaparthy,TSSD0152,155.07,"{'min': 28.50111198425293, 'max': 30.301111221313477, 'mean': 29.45513273540296, 'count': 38, 'sum': 1119.2950439453125, 'median': 29.490821838378906}","(77.98310490100005, 16.47901398600004, 78.12571646600009, 16.626992442000073)",31-12-2023.geojson,Ghanpur,,,,,
Jangoan,TSSD0153,172.06,"{'min': 26.93400001525879, 'max': 29.67133331298828, 'mean': 28.736813693576387, 'count': 45, 'sum': 1293.1566162109375, 'median': 28.751249313354492}","(79.23152818800008, 17.720237033000046, 79.42362870100004, 17.892366453000022)",31-12-2023.geojson,Ghanpur (Stn),,,,,
Medchal_Malkajgiri,TSSD0154,123.94,"{'min': 25.567142486572266, 'max': 29.49250030517578, 'mean': 27.959037534652218, 'count': 31, 'sum': 866.7301635742188, 'median': 28.116666793823242}","(78.61964476900005, 17.377866780000033, 78.75985781500003, 17.488422350000064)",31-12-2023.geojson,Ghatkesar,,,,,
Jogulamba Gadwal,TSSD0155,267.38,"{'min': 28.511428833007812, 'max': 32.6961555480957, 'mean': 31.150383747799296, 'count': 71, 'sum': 2211.67724609375, 'median': 31.362499237060547}","(77.49353266000008, 15.976683508000065, 77.64425295800004, 16.21363012000006)",31-12-2023.geojson,Ghattu,,,,,
Hyderabad,TSSD0156,9.86,"{'min': 26.751176834106445, 'max': 27.283750534057617, 'mean': 27.01746368408203, 'count': 2, 'sum': 54.03492736816406, 'median': 27.01746368408203}","(78.38383245800003, 17.369513270000027, 78.43137261900006, 17.39634099500006)",31-12-2023.geojson,Golkonda,,,,,
Jagtial,TSSD0157,151.75,"{'min': 25.6473331451416, 'max': 29.22249984741211, 'mean': 28.212899344308035, 'count': 42, 'sum': 1184.9417724609375, 'median': 28.42799949645996}","(78.95794203800006, 18.74532743900005, 79.15334781300004, 18.85190287000006)",31-12-2023.geojson,Gollapalli,,,,,
Wanaparthy,TSSD0158,125.4,"{'min': 28.240999221801758, 'max': 30.714000701904297, 'mean': 29.56066196986607, 'count': 35, 'sum': 1034.6231689453125, 'median': 29.666000366210938}","(78.08591650400007, 16.328531611000074, 78.20166738400007, 16.47124508400003)",31-12-2023.geojson,Gopalpet,,,,,
Mulugu,TSSD0159,343.34,"{'min': 22.934616088867188, 'max': 26.415332794189453, 'mean': 24.706223707932693, 'count': 91, 'sum': 2248.266357421875, 'median': 24.622941970825195}","(79.99281799200008, 18.08316615600006, 80.26935217700003, 18.29768950400006)",31-12-2023.geojson,Govindaraopet,,,,,
Adilabad,TSSD0160,159.79,"{'min': 24.73526382446289, 'max': 28.843685150146484, 'mean': 26.779437725360577, 'count': 39, 'sum': 1044.3980712890625, 'median': 26.586999893188477}","(78.44054848400003, 19.441831296000146, 78.58019452000008, 19.607753279000065)",31-12-2023.geojson,Gudihathnur,,,,,
Mahabubabad,TSSD0161,312.8,"{'min': 23.445554733276367, 'max': 28.761667251586914, 'mean': 26.577124618902438, 'count': 82, 'sum': 2179.32421875, 'median': 26.841217041015625}","(79.87550272900006, 17.686846624000054, 80.15255229900004, 17.87590134000004)",31-12-2023.geojson,Gudur,,,,,
Sangareddy,TSSD0162,98.98,"{'min': 25.914705276489258, 'max': 29.668750762939453, 'mean': 27.79409912109375, 'count': 25, 'sum': 694.8524780273438, 'median': 27.950000762939453}","(78.31472103200008, 17.61424192000004, 78.44886573200006, 17.746359040000073)",31-12-2023.geojson,Gummadidala,,,,,
Bhadradri Kothagudem,TSSD0163,495.92,"{'min': 22.82454490661621, 'max': 27.427778244018555, 'mean': 25.526899857954547, 'count': 132, 'sum': 3369.55078125, 'median': 25.590999603271484}","(80.25193695800004, 17.734911501000056, 80.47191641100005, 18.082237242000076)",31-12-2023.geojson,Gundala,,,,,
Yadadri Bhuvanagiri,TSSD0164,172.25,"{'min': 27.399999618530273, 'max': 28.940000534057617, 'mean': 28.158355712890625, 'count': 44, 'sum': 1238.9676513671875, 'median': 28.204614639282227}","(79.14910012700005, 17.45209845900007, 79.37870067300008, 17.62417806900004)",31-12-2023.geojson,Gundala,,,,,
Nalgonda,TSSD0165,263.41,"{'min': 25.875, 'max': 31.32466697692871, 'mean': 29.56687298943015, 'count': 68, 'sum': 2010.54736328125, 'median': 29.832500457763672}","(78.61528553800008, 16.514907610000023, 78.85800945400007, 16.715959889000032)",31-12-2023.geojson,Gundlapally,,,,,
Nalgonda,TSSD0166,309.8,"{'min': 27.876667022705078, 'max': 31.29800033569336, 'mean': 29.86145614996189, 'count': 82, 'sum': 2448.639404296875, 'median': 29.857574462890625}","(78.99484315300003, 16.723799824000025, 79.20953000900005, 16.93974487500003)",31-12-2023.geojson,Gurrampode,,,,,
Mancherial,TSSD0167,257.54,"{'min': 24.948749542236328, 'max': 29.676250457763672, 'mean': 27.71976492745536, 'count': 70, 'sum': 1940.383544921875, 'median': 27.802967071533203}","(79.26565732000006, 18.814436070000056, 79.42256325600005, 19.008309308000037)",31-12-2023.geojson,Hajipur,,,,,
Warangal_Urban,TSSD0168,45.74,"{'min': 26.648571014404297, 'max': 29.374286651611328, 'mean': 27.998494466145832, 'count': 12, 'sum': 335.98193359375, 'median': 28.097034454345703}","(79.50733597600004, 17.982258095000077, 79.59918790600005, 18.051422419000062)",31-12-2023.geojson,Hanamkonda,,,,,
Mahabubnagar,TSSD0169,168.92,"{'min': 27.895000457763672, 'max': 31.081249237060547, 'mean': 29.700456099076703, 'count': 44, 'sum': 1306.820068359375, 'median': 29.802249908447266}","(77.76252807700007, 16.752192707000063, 77.98873493800005, 16.893183992000047)",31-12-2023.geojson,Hanwada,,,,,
Warangal_Urban,TSSD0170,161.17,"{'min': 26.44066619873047, 'max': 29.406923294067383, 'mean': 28.143023823582848, 'count': 43, 'sum': 1210.1500244140625, 'median': 28.20599937438965}","(79.43172067800003, 17.991968021000048, 79.62513964800007, 18.143584798000063)",31-12-2023.geojson,Hasanparthy,,,,,
Sangareddy,TSSD0171,204.77,"{'min': 27.626667022705078, 'max': 29.541765213012695, 'mean': 29.067254202706472, 'count': 56, 'sum': 1627.7662353515625, 'median': 29.081111907958984}","(78.10555045300003, 17.63393108100007, 78.31945472700005, 17.83424511100003)",31-12-2023.geojson,Hathnoora,,,,,
Medak,TSSD0172,187.01,"{'min': 24.77235221862793, 'max': 29.829999923706055, 'mean': 27.764678379274763, 'count': 53, 'sum': 1471.5279541015625, 'median': 27.702499389648438}","(78.15651423700007, 18.05332005300005, 78.35309415700004, 18.215476757000033)",31-12-2023.geojson,Havelighanpur,,,,,
Rangareddy,TSSD0173,30.54,"{'min': 27.078750610351562, 'max': 28.52777862548828, 'mean': 27.638478597005207, 'count': 9, 'sum': 248.74630737304688, 'median': 27.568750381469727}","(78.52755004100004, 17.306583933000013, 78.61900574700013, 17.348163568000075)",31-12-2023.geojson,Hayathnagar,,,,,
Hyderabad,TSSD0174,6.58,"{'min': 25.902631759643555, 'max': 26.357778549194336, 'mean': 26.130205154418945, 'count': 2, 'sum': 52.26041030883789, 'median': 26.130205154418945}","(78.47360807500007, 17.38688961500003, 78.50484873500005, 17.421948936000035)",31-12-2023.geojson,Himayatnagar,,,,,
Siddipet,TSSD0175,117.52,"{'min': 26.55933380126953, 'max': 29.694000244140625, 'mean': 28.494498960433468, 'count': 31, 'sum': 883.3294677734375, 'median': 28.55266761779785}","(79.13916242100004, 18.08470961100005, 79.30335584600004, 18.180728988000055)",31-12-2023.geojson,Husnabad,,,,,
Suryapet,TSSD0176,126.8,"{'min': 27.420909881591797, 'max': 29.309999465942383, 'mean': 28.500791607481062, 'count': 33, 'sum': 940.526123046875, 'median': 28.607999801635742}","(79.76496890800007, 16.81112220400007, 79.93455343000005, 16.95645507200004)",31-12-2023.geojson,Huzur nagar,,,,,
Karimnagar,TSSD0177,138.33,"{'min': 28.135713577270508, 'max': 29.027143478393555, 'mean': 28.617967393663193, 'count': 36, 'sum': 1030.246826171875, 'median': 28.60357093811035}","(79.33974401500006, 18.149110196000038, 79.48471113900007, 18.285271040000055)",31-12-2023.geojson,Huzurabad,,,,,
Jagtial,TSSD0178,142.28,"{'min': 26.267499923706055, 'max': 28.27375030517578, 'mean': 27.18058158255912, 'count': 37, 'sum': 1005.6815185546875, 'median': 27.11571502685547}","(78.51963186500006, 18.84352731300004, 78.64824793900004, 19.00011807900006)",31-12-2023.geojson,Ibrahimpatnam,,,,,
Rangareddy,TSSD0179,274.25,"{'min': 26.25, 'max': 30.206249237060547, 'mean': 29.014177110460068, 'count': 72, 'sum': 2089.020751953125, 'median': 29.131250381469727}","(78.51594250300008, 17.11693136100007, 78.81737317200003, 17.26846339900004)",31-12-2023.geojson,Ibrahimpatnam,,,,,
Adilabad,TSSD0180,211.85,"{'min': 25.431249618530273, 'max': 28.945554733276367, 'mean': 27.83908952985491, 'count': 56, 'sum': 1558.989013671875, 'median': 27.90842056274414}","(78.40972741900003, 19.27144580600003, 78.59073863400005, 19.476086989000066)",31-12-2023.geojson,Ichoda,,,,,
Rajanna Sircilla,TSSD0181,222.52,"{'min': 25.8387508392334, 'max': 30.691333770751953, 'mean': 28.259258401804956, 'count': 58, 'sum': 1639.0369873046875, 'median': 28.146207809448242}","(78.82265059000008, 18.234493222000026, 79.02266919100003, 18.400162883000064)",31-12-2023.geojson,Illanthakunta,,,,,
Warangal_Urban,TSSD0182,154.53,"{'min': 28.22076988220215, 'max': 29.93833351135254, 'mean': 29.074444110576923, 'count': 39, 'sum': 1133.9033203125, 'median': 29.002857208251953}","(79.48651884400005, 17.786163054000042, 79.62215459200007, 17.94046736200005)",31-12-2023.geojson,Inavolu,,,,,
Nizamabad,TSSD0183,187.42,"{'min': 25.241249084472656, 'max': 27.78499984741211, 'mean': 26.64375149473852, 'count': 49, 'sum': 1305.5438232421875, 'median': 26.724117279052734}","(78.16214130800006, 18.452259628000036, 78.35381027700004, 18.595203980000065)",31-12-2023.geojson,Indalwai,,,,,
Adilabad,TSSD0184,209.33,"{'min': 25.260587692260742, 'max': 28.906841278076172, 'mean': 27.579017921730323, 'count': 54, 'sum': 1489.2669677734375, 'median': 27.642105102539062}","(78.56653272500006, 19.379057926000144, 78.76792306800007, 19.567601660000037)",31-12-2023.geojson,Inderavelly,,,,,
Jogulamba Gadwal,TSSD0185,302.11,"{'min': 28.43000030517578, 'max': 33.867645263671875, 'mean': 30.849822215544872, 'count': 78, 'sum': 2406.2861328125, 'median': 30.79132080078125}","(77.74751634700004, 15.980643073000067, 77.98393237000005, 16.184409668000058)",31-12-2023.geojson,Itikyal,,,,,
Mahabubnagar,TSSD0186,294.27,"{'min': 26.858888626098633, 'max': 30.978750228881836, 'mean': 30.040794270833334, 'count': 75, 'sum': 2253.0595703125, 'median': 30.15333366394043}","(78.04502359400004, 16.680028693000054, 78.33050907800003, 16.87941384800007)",31-12-2023.geojson,Jadcherla,,,,,
Siddipet,TSSD0187,180.4,"{'min': 28.00176429748535, 'max': 30.040666580200195, 'mean': 29.066381337691325, 'count': 49, 'sum': 1424.252685546875, 'median': 29.040000915527344}","(78.75126357400006, 17.708628498000053, 78.87944648100006, 17.882764563000023)",31-12-2023.geojson,Jagdevpur,,,,,
Jagtial,TSSD0188,167.3,"{'min': 25.866470336914062, 'max': 29.6299991607666, 'mean': 28.042197487571023, 'count': 44, 'sum': 1233.856689453125, 'median': 28.15459632873535}","(78.83197213700004, 18.733277460000068, 79.02319924200003, 18.91632891000006)",31-12-2023.geojson,Jagityal_Rural,,,,,
Jagtial,TSSD0189,42.64,"{'min': 27.322940826416016, 'max': 29.950000762939453, 'mean': 28.43170166015625, 'count': 12, 'sum': 341.180419921875, 'median': 28.271251678466797}","(78.86249569300008, 18.75130130900004, 78.95751334400006, 18.846050929000057)",31-12-2023.geojson,Jagtial,,,,,
Adilabad,TSSD0190,292.5,"{'min': 25.0452938079834, 'max': 28.260000228881836, 'mean': 27.095959627175635, 'count': 79, 'sum': 2140.580810546875, 'median': 27.1264705657959}","(78.48221105400006, 19.607848390000072, 78.72451328000005, 19.824464031000048)",31-12-2023.geojson,Jainad,,,,,
Kumurambheem Asifabad,TSSD0191,218.89,"{'min': 25.435882568359375, 'max': 28.817058563232422, 'mean': 27.541754360856682, 'count': 58, 'sum': 1597.4217529296875, 'median': 27.565719604492188}","(78.81724445500004, 19.330609164000066, 79.02370996100007, 19.493592587000023)",31-12-2023.geojson,Jainoor,,,,,
Mancherial,TSSD0192,276.43,"{'min': 25.235713958740234, 'max': 29.264667510986328, 'mean': 27.60819553684544, 'count': 74, 'sum': 2043.0064697265625, 'median': 27.74770736694336}","(79.49531298200003, 18.672040560000028, 79.72117428100006, 18.918660784000053)",31-12-2023.geojson,Jaipur,,,,,
Suryapet,TSSD0193,133.29,"{'min': 25.988571166992188, 'max': 29.013076782226562, 'mean': 27.286432439630683, 'count': 33, 'sum': 900.4522705078125, 'median': 27.286666870117188}","(79.46290112300005, 17.258733534000044, 79.63232247300004, 17.380224128000066)",31-12-2023.geojson,Jajireddigudem,,,,,
Nizamabad,TSSD0194,148.29,"{'min': 25.261764526367188, 'max': 27.924999237060547, 'mean': 26.721848707932693, 'count': 39, 'sum': 1042.152099609375, 'median': 26.717500686645508}","(78.20206317300006, 18.65066335100005, 78.36254571500007, 18.77647975900004)",31-12-2023.geojson,Jakranpally,,,,,
Karimnagar,TSSD0195,134.59,"{'min': 28.12733268737793, 'max': 29.59000015258789, 'mean': 28.796514337713067, 'count': 33, 'sum': 950.2849731445312, 'median': 28.77923011779785}","(79.40829887400008, 18.227515953000022, 79.57987678900008, 18.423882431000038)",31-12-2023.geojson,Jammikunta,,,,,
Jangoan,TSSD0196,196.46,"{'min': 27.04857063293457, 'max': 30.233076095581055, 'mean': 28.608056640625, 'count': 55, 'sum': 1573.443115234375, 'median': 28.489999771118164}","(79.04601963500005, 17.668628100000035, 79.21037403500003, 17.842303224000034)",31-12-2023.geojson,Jangoan,,,,,
Mancherial,TSSD0197,325.26,"{'min': 24.01588249206543, 'max': 28.533750534057617, 'mean': 25.874242322198278, 'count': 87, 'sum': 2251.05908203125, 'median': 25.39666748046875}","(78.87934684700008, 19.019900233000044, 79.14171378500004, 19.252420733000065)",31-12-2023.geojson,Jannaram,,,,,
Sangareddy,TSSD0198,201.74,"{'min': 28.57111167907715, 'max': 31.030000686645508, 'mean': 29.61270706741898, 'count': 54, 'sum': 1599.086181640625, 'median': 29.647777557373047}","(77.61983002400007, 17.658920608000074, 77.80166598000005, 17.830565180000065)",31-12-2023.geojson,Jharasangam,,,,,
Kamareddy,TSSD0199,202.26,"{'min': 26.482221603393555, 'max': 30.04294204711914, 'mean': 28.68020929074755, 'count': 51, 'sum': 1462.690673828125, 'median': 28.72529411315918}","(77.52089201100006, 18.28200709200007, 77.71327737400003, 18.44419848700005)",31-12-2023.geojson,Jukkal,,,,,
Peddapalli,TSSD0200,99.87,"{'min': 26.767499923706055, 'max': 29.104286193847656, 'mean': 28.3381201171875, 'count': 25, 'sum': 708.4530029296875, 'median': 28.52750015258789}","(79.18432516400003, 18.56760788400004, 79.32424630400004, 18.684515247000036)",31-12-2023.geojson,Julapalli,,,,,
Bhadradri Kothagudem,TSSD0201,238.74,"{'min': 23.187999725341797, 'max': 27.323333740234375, 'mean': 26.037392268105158, 'count': 63, 'sum': 1640.355712890625, 'median': 26.316667556762695}","(80.39497889400008, 17.31732979800006, 80.57083109400008, 17.508103492000032)",31-12-2023.geojson,Julurupad,,,,,
Nirmal,TSSD0202,468.09,"{'min': 23.868749618530273, 'max': 28.898000717163086, 'mean': 25.7593671875, 'count': 125, 'sum': 3219.9208984375, 'median': 25.397777557373047}","(78.69038218300005, 19.013677769000026, 78.95237500500008, 19.29677890000005)",31-12-2023.geojson,Kaddampeddur,,,,,
Rangareddy,TSSD0203,206.42,"{'min': 25.96125030517578, 'max': 30.733999252319336, 'mean': 29.03543429904514, 'count': 54, 'sum': 1567.9134521484375, 'median': 29.333213806152344}","(78.39963638200004, 16.889455397000063, 78.66726844000004, 17.01510399700004)",31-12-2023.geojson,Kadthal,,,,,
Kumurambheem Asifabad,TSSD0204,442.33,"{'min': 24.055713653564453, 'max': 29.867143630981445, 'mean': 26.872583849676722, 'count': 116, 'sum': 3117.2197265625, 'median': 26.991666793823242}","(79.37624127800007, 19.26380363800007, 79.74691375500004, 19.538272434000078)",31-12-2023.geojson,Kagaznagar,,,,,
Sangareddy,TSSD0205,148.77,"{'min': 24.61222267150879, 'max': 29.6744441986084, 'mean': 28.014285525760137, 'count': 37, 'sum': 1036.528564453125, 'median': 28.293333053588867}","(77.76680836100007, 18.084424897000076, 77.94552432200004, 18.20773521800004)",31-12-2023.geojson,Kalher,,,,,
Khammam,TSSD0206,369.38,"{'min': 22.545555114746094, 'max': 28.80555534362793, 'mean': 26.65597634787088, 'count': 91, 'sum': 2425.69384765625, 'median': 27.599090576171875}","(80.41727157700007, 17.030005989000074, 80.66704650100007, 17.34559519800007)",31-12-2023.geojson,Kalluru,,,,,
Jogulamba Gadwal,TSSD0207,176.12,"{'min': 30.344999313354492, 'max': 32.38874816894531, 'mean': 31.484122721354165, 'count': 45, 'sum': 1416.7855224609375, 'median': 31.62874984741211}","(77.48561464400007, 16.116851987000075, 77.61961696400004, 16.303990486000032)",31-12-2023.geojson,Kaloor_Thimmandoddi,,,,,
Nagarkurnool,TSSD0208,291.99,"{'min': 28.0987491607666, 'max': 29.88529396057129, 'mean': 28.93652986225329, 'count': 76, 'sum': 2199.17626953125, 'median': 28.91646957397461}","(78.36374511900004, 16.483303271000068, 78.58638191300008, 16.728683611000065)",31-12-2023.geojson,Kalwakurthy,,,,,
Warangal_Urban,TSSD0209,158.52,"{'min': 26.667333602905273, 'max': 29.314285278320312, 'mean': 28.281685965401785, 'count': 42, 'sum': 1187.830810546875, 'median': 28.141916275024414}","(79.45670027600005, 18.120212555000023, 79.60823806600007, 18.266255774000058)",31-12-2023.geojson,Kamalapur,,,,,
Peddapalli,TSSD0210,60.42,"{'min': 27.60714340209961, 'max': 28.59428596496582, 'mean': 28.07186279296875, 'count': 15, 'sum': 421.07794189453125, 'median': 28.03615379333496}","(79.44875966900008, 18.60172770400004, 79.55246524200004, 18.72207649300003)",31-12-2023.geojson,Kamanpur,,,,,
Kamareddy,TSSD0211,128.44,"{'min': 27.291175842285156, 'max': 31.35124969482422, 'mean': 29.317257151884192, 'count': 34, 'sum': 996.7867431640625, 'median': 29.498748779296875}","(78.28734170500007, 18.25636160700003, 78.42834563700006, 18.390731163000055)",31-12-2023.geojson,Kamareddy,,,,,
Khammam,TSSD0212,181.36,"{'min': 25.518333435058594, 'max': 27.761110305786133, 'mean': 26.900131536989797, 'count': 49, 'sum': 1318.1064453125, 'median': 26.889999389648438}","(80.15945686500004, 17.360238606000053, 80.35567105000007, 17.479176385000073)",31-12-2023.geojson,Kamepally,,,,,
Nalgonda,TSSD0213,224.78,"{'min': 26.379230499267578, 'max': 30.666000366210938, 'mean': 28.71360591419956, 'count': 57, 'sum': 1636.675537109375, 'median': 28.60636329650879}","(79.08479661000007, 16.864916728000026, 79.34770917300006, 17.030184575000078)",31-12-2023.geojson,Kanagal,,,,,
Sangareddy,TSSD0214,133.14,"{'min': 27.294706344604492, 'max': 30.140588760375977, 'mean': 28.83917236328125, 'count': 36, 'sum': 1038.210205078125, 'median': 29.041667938232422}","(78.05577804100005, 17.483520140000053, 78.23367294200006, 17.655179960000055)",31-12-2023.geojson,Kandi,,,,,
Rangareddy,TSSD0215,307.2,"{'min': 27.1473331451416, 'max': 30.43470573425293, 'mean': 29.208968923061708, 'count': 79, 'sum': 2307.508544921875, 'median': 29.24625015258789}","(78.37786338200004, 16.983478904000037, 78.61378330000008, 17.178800228000057)",31-12-2023.geojson,Kandukur,,,,,
Sangareddy,TSSD0216,229.57,"{'min': 27.30666732788086, 'max': 32.28333282470703, 'mean': 30.60289492849576, 'count': 59, 'sum': 1805.57080078125, 'median': 30.593334197998047}","(77.57077416300007, 18.120266103000063, 77.74494665400005, 18.30851545200005)",31-12-2023.geojson,Kangti,,,,,
Mulugu,TSSD0217,375.33,"{'min': 23.244285583496094, 'max': 27.992353439331055, 'mean': 24.41568292356005, 'count': 102, 'sum': 2490.399658203125, 'median': 24.110713958740234}","(80.21744759700005, 18.35017838500005, 80.43136112100007, 18.610090848000027)",31-12-2023.geojson,Kannaigudem,,,,,
Mancherial,TSSD0218,169.42,"{'min': 25.34000015258789, 'max': 30.021249771118164, 'mean': 28.757292374320652, 'count': 46, 'sum': 1322.83544921875, 'median': 29.094375610351562}","(79.54341301, 19.086726224000074, 79.80515899400007, 19.21311288000004)",31-12-2023.geojson,Kannepalli,,,,,
Medchal_Malkajgiri,TSSD0219,37.4,"{'min': 26.99823570251465, 'max': 27.907333374023438, 'mean': 27.368519176136363, 'count': 11, 'sum': 301.0537109375, 'median': 27.342941284179688}","(78.53993706400007, 17.44957181700005, 78.62275029699998, 17.55306448500005)",31-12-2023.geojson,Kapra,,,,,
Bhadradri Kothagudem,TSSD0220,222.05,"{'min': 23.197999954223633, 'max': 26.93000030517578, 'mean': 25.258675410829742, 'count': 58, 'sum': 1465.003173828125, 'median': 25.663522720336914}","(80.43846561000004, 17.91182510400006, 80.64919648500006, 18.143483696000033)",31-12-2023.geojson,Karakagudem,,,,,
Karimnagar,TSSD0221,34.8,"{'min': 24.21823501586914, 'max': 28.299999237060547, 'mean': 26.646976470947266, 'count': 8, 'sum': 213.17581176757812, 'median': 27.344043731689453}","(79.07978481800006, 18.39706940700006, 79.15386183100003, 18.460363398000027)",31-12-2023.geojson,Karimnagar,,,,,
Karimnagar,TSSD0222,108.97,"{'min': 28.204999923706055, 'max': 29.727500915527344, 'mean': 29.00205339704241, 'count': 28, 'sum': 812.0574951171875, 'median': 28.986873626708984}","(79.11435933800004, 18.420124626000074, 79.23690609300007, 18.537991315000056)",31-12-2023.geojson,Karimnagar_Rural,,,,,
Mancherial,TSSD0223,335.72,"{'min': 24.923749923706055, 'max': 29.666000366210938, 'mean': 27.29120551215278, 'count': 90, 'sum': 2456.20849609375, 'median': 27.24533462524414}","(79.21160353400006, 18.98447436300006, 79.48608882700012, 19.158965162000072)",31-12-2023.geojson,Kasipet,,,,,
Jayashankar Bhupalpally,TSSD0224,274.84,"{'min': 24.55266761779785, 'max': 28.54428482055664, 'mean': 27.068658698095035, 'count': 73, 'sum': 1976.0120849609375, 'median': 27.49333381652832}","(79.81231549100005, 18.510496689000036, 80.03347280200006, 18.756648708000057)",31-12-2023.geojson,Kataram,,,,,
Jagtial,TSSD0225,181.36,"{'min': 26.356250762939453, 'max': 29.288665771484375, 'mean': 27.83170399767287, 'count': 47, 'sum': 1308.090087890625, 'median': 27.84749984741211}","(78.63177820100003, 18.63224633300007, 78.76086174700004, 18.789508428000033)",31-12-2023.geojson,Kathlapur,,,,,
Nalgonda,TSSD0226,192.46,"{'min': 27.67909049987793, 'max': 29.964000701904297, 'mean': 28.897620376275512, 'count': 49, 'sum': 1415.9833984375, 'median': 28.976667404174805}","(79.24206770600006, 17.11172541600007, 79.38446925700003, 17.291596570000024)",31-12-2023.geojson,Kattangur,,,,,
Medchal_Malkajgiri,TSSD0227,134.6,"{'min': 27.06999969482422, 'max': 29.020000457763672, 'mean': 28.228939480251736, 'count': 36, 'sum': 1016.2418212890625, 'median': 28.307498931884766}","(78.58185183200004, 17.451533257000108, 78.71265088600006, 17.579974081000103)",31-12-2023.geojson,Keesara,,,,,
Kumurambheem Asifabad,TSSD0228,347.89,"{'min': 25.018749237060547, 'max': 28.294445037841797, 'mean': 26.827041122939562, 'count': 91, 'sum': 2441.2607421875, 'median': 26.912221908569336}","(78.93889619900006, 19.359033433000036, 79.22333654800008, 19.56146381700006)",31-12-2023.geojson,Kerameri,,,,,
Mahabubabad,TSSD0229,223.57,"{'min': 27.23923110961914, 'max': 29.16090965270996, 'mean': 28.133242958470394, 'count': 57, 'sum': 1603.5948486328125, 'median': 28.030000686645508}","(79.76580500600005, 17.60004913100005, 80.002845149, 17.77047760000005)",31-12-2023.geojson,Kesamudram,,,,,
Rangareddy,TSSD0230,224.92,"{'min': 28.574443817138672, 'max': 30.996665954589844, 'mean': 30.395564778645834, 'count': 60, 'sum': 1823.73388671875, 'median': 30.463125228881836}","(78.24782720400003, 16.852182651000078, 78.41558469000006, 17.051382707000073)",31-12-2023.geojson,Keshampeta,,,,,
Nalgonda,TSSD0231,147.6,"{'min': 24.668460845947266, 'max': 29.024545669555664, 'mean': 27.915968674879807, 'count': 39, 'sum': 1088.7227783203125, 'median': 28.028181076049805}","(79.43344777400006, 17.072395302000075, 79.59338210900006, 17.250148180000053)",31-12-2023.geojson,Kethepally,,,,,
Warangal_Urban,TSSD0232,107.02,"{'min': 27.828571319580078, 'max': 29.53615379333496, 'mean': 28.81599482783565, 'count': 27, 'sum': 778.0318603515625, 'median': 28.836153030395508}","(79.43206155600006, 17.908547911000028, 79.58935561300007, 18.00993669500002)",31-12-2023.geojson,Khaazipet,,,,,
Hyderabad,TSSD0233,17.24,"{'min': 24.562631607055664, 'max': 27.406665802001953, 'mean': 26.070219039916992, 'count': 4, 'sum': 104.28087615966797, 'median': 26.15578842163086}","(78.40497752100003, 17.40010627500004, 78.47749341400004, 17.45407132100007)",31-12-2023.geojson,Khairatabad,,,,,
Khammam,TSSD0234,193.74,"{'min': 27.399999618530273, 'max': 28.934444427490234, 'mean': 28.213994140625, 'count': 50, 'sum': 1410.69970703125, 'median': 28.23444366455078}","(80.01676642200005, 17.178663853000046, 80.16691561700003, 17.394157440000072)",31-12-2023.geojson,Khammam_Rural,,,,,
Khammam,TSSD0235,92.31,"{'min': 27.56399917602539, 'max': 28.78333282470703, 'mean': 28.01018225628397, 'count': 23, 'sum': 644.2341918945312, 'median': 28.003334045410156}","(80.12187342100003, 17.179281596000067, 80.21584618000009, 17.31547050200004)",31-12-2023.geojson,Khammam_Urban,,,,,
Nirmal,TSSD0236,237.88,"{'min': 23.95111083984375, 'max': 28.472665786743164, 'mean': 25.813823699951172, 'count': 64, 'sum': 1652.084716796875, 'median': 25.614608764648438}","(78.50897303500005, 18.978111671000022, 78.74854953300007, 19.202461990000074)",31-12-2023.geojson,Khanapur,,,,,
Warangal_Rural,TSSD0237,139.46,"{'min': 25.18000030517578, 'max': 28.18384552001953, 'mean': 27.049014621310764, 'count': 36, 'sum': 973.7645263671875, 'median': 27.216703414916992}","(79.88459942400004, 17.83523181700002, 80.00451405900003, 18.01960718500004)",31-12-2023.geojson,Khanapur,,,,,
Warangal_Urban,TSSD0238,81.36,"{'min': 27.5484619140625, 'max': 29.033077239990234, 'mean': 28.38806984641335, 'count': 22, 'sum': 624.5375366210938, 'median': 28.43000030517578}","(79.55364750200005, 17.86915675800003, 79.65825854800005, 17.98640269400005)",31-12-2023.geojson,Khila Warangal,,,,,
Suryapet,TSSD0239,172.15,"{'min': 26.866363525390625, 'max': 29.452499389648438, 'mean': 28.756327311197918, 'count': 42, 'sum': 1207.7657470703125, 'median': 28.95111083984375}","(79.91293512200008, 16.880339314000025, 80.06097163900006, 17.02691814700006)",31-12-2023.geojson,Kodad,,,,,
Nagarkurnool,TSSD0240,205.2,"{'min': 27.438749313354492, 'max': 31.466249465942383, 'mean': 29.79320610894097, 'count': 54, 'sum': 1608.8331298828125, 'median': 29.81503677368164}","(78.16474055700007, 16.14974309100006, 78.34461354300004, 16.333836054000074)",31-12-2023.geojson,Kodair,,,,,
Vikarabad,TSSD0241,249.51,"{'min': 28.191110610961914, 'max': 32.073333740234375, 'mean': 30.410763011259192, 'count': 68, 'sum': 2067.931884765625, 'median': 30.502254486083984}","(77.46259225600005, 17.020933969000055, 77.71683994900008, 17.17841245900007)",31-12-2023.geojson,Kodangal,,,,,
Jagtial,TSSD0242,173.87,"{'min': 25.541250228881836, 'max': 28.204666137695312, 'mean': 26.915166558159722, 'count': 45, 'sum': 1211.1824951171875, 'median': 26.87874984741211}","(78.78718529200006, 18.563739734000023, 78.98850070800006, 18.686862396000038)",31-12-2023.geojson,Kodimial,,,,,
Siddipet,TSSD0243,206.41,"{'min': 25.561250686645508, 'max': 29.392499923706055, 'mean': 28.40240713266226, 'count': 52, 'sum': 1476.9251708984375, 'median': 28.477333068847656}","(79.00475320700008, 18.075903099000072, 79.16300517000008, 18.272269959000027)",31-12-2023.geojson,Koheda,,,,,
Sangareddy,TSSD0244,227.62,"{'min': 28.16666603088379, 'max': 30.780000686645508, 'mean': 29.485759153204448, 'count': 59, 'sum': 1739.6597900390625, 'median': 29.43777847290039}","(77.59549222600003, 17.509127681000052, 77.78321894100003, 17.705224807000036)",31-12-2023.geojson,Kohir,,,,,
Mahabubnagar,TSSD0245,223.05,"{'min': 28.495882034301758, 'max': 31.43000030517578, 'mean': 30.4798583984375, 'count': 58, 'sum': 1767.831787109375, 'median': 30.636388778686523}","(77.67537161200005, 16.697912056000064, 77.90854289100008, 16.881360866000023)",31-12-2023.geojson,Koilkonda,,,,,
Nagarkurnool,TSSD0246,550.84,"{'min': 23.497142791748047, 'max': 31.760000228881836, 'mean': 28.02389618844697, 'count': 132, 'sum': 3699.154296875, 'median': 28.737958908081055}","(78.21815549000007, 16.033659166000064, 78.66318925900003, 16.216795599000022)",31-12-2023.geojson,Kollapur,,,,,
Siddipet,TSSD0247,70.37,"{'min': 28.26714324951172, 'max': 29.300769805908203, 'mean': 28.790662977430557, 'count': 18, 'sum': 518.23193359375, 'median': 28.825428009033203}","(78.82737597900007, 17.86888004900004, 78.93496047300005, 17.983517422000034)",31-12-2023.geojson,Komuravelli,,,,,
Rajanna Sircilla,TSSD0248,206.05,"{'min': 26.122499465942383, 'max': 29.3477783203125, 'mean': 27.527113172743057, 'count': 54, 'sum': 1486.464111328125, 'median': 27.54853057861328}","(78.59701726600008, 18.404112823000048, 78.81650433000004, 18.58795516200007)",31-12-2023.geojson,Konaraopet,,,,,
Nalgonda,TSSD0249,129.18,"{'min': 28.16857147216797, 'max': 31.489999771118164, 'mean': 29.890732273910984, 'count': 33, 'sum': 986.3941650390625, 'median': 30.080768585205078}","(78.91051620800005, 16.62638713000007, 79.06204241500006, 16.761790924000024)",31-12-2023.geojson,Kondamallapally,,,,,
Siddipet,TSSD0250,228.02,"{'min': 25.672353744506836, 'max': 29.232666015625, 'mean': 28.00933337602459, 'count': 61, 'sum': 1708.5693359375, 'median': 28.260587692260742}","(78.73352452400007, 17.87685569000007, 78.96029991500006, 18.053425754000045)",31-12-2023.geojson,Kondapak,,,,,
Sangareddy,TSSD0251,151.36,"{'min': 26.11111068725586, 'max': 30.78473663330078, 'mean': 29.33612530048077, 'count': 39, 'sum': 1144.10888671875, 'median': 29.607894897460938}","(77.93383054400005, 17.44954626200007, 78.07324348600008, 17.61087989500004)",31-12-2023.geojson,Kondapur,,,,,
Rangareddy,TSSD0252,130.56,"{'min': 28.812000274658203, 'max': 30.72100067138672, 'mean': 29.715972075591218, 'count': 37, 'sum': 1099.490966796875, 'median': 29.679473876953125}","(78.01091079200006, 16.999636834000057, 78.09773848800006, 17.187709674000075)",31-12-2023.geojson,Kondurg,,,,,
Khammam,TSSD0253,248.08,"{'min': 24.972856521606445, 'max': 28.549999237060547, 'mean': 27.161796801017992, 'count': 66, 'sum': 1792.6785888671875, 'median': 27.214807510375977}","(80.22907869200003, 17.128139428000054, 80.38924637100007, 17.358600223000053)",31-12-2023.geojson,Konijerla,,,,,
Jagtial,TSSD0254,137.05,"{'min': 27.462223052978516, 'max': 29.342857360839844, 'mean': 28.42133853310033, 'count': 38, 'sum': 1080.0108642578125, 'median': 28.46018409729004}","(78.66979872300004, 18.779122311000037, 78.80776997400005, 18.901121141000033)",31-12-2023.geojson,Korutla,,,,,
Narayanpet,TSSD0255,202.41,"{'min': 28.37117576599121, 'max': 31.22222137451172, 'mean': 30.11574978298611, 'count': 54, 'sum': 1626.25048828125, 'median': 30.298473358154297}","(77.62150517800006, 16.868413100000055, 77.78388791600008, 17.061626292000028)",31-12-2023.geojson,Kosgi,,,,,
Nizamabad,TSSD0256,167.13,"{'min': 26.20058822631836, 'max': 30.91374969482422, 'mean': 27.905434213033537, 'count': 41, 'sum': 1144.122802734375, 'median': 27.6825008392334}","(77.73094932200007, 18.49717835900003, 77.85433638100005, 18.66689713100004)",31-12-2023.geojson,Kotagiri,,,,,
Vikarabad,TSSD0257,113.18,"{'min': 27.75, 'max': 31.317777633666992, 'mean': 30.344632056451612, 'count': 31, 'sum': 940.68359375, 'median': 30.657367706298828}","(77.66819483500007, 17.359928257000036, 77.85253462800006, 17.473344975000032)",31-12-2023.geojson,Kotepally,,,,,
Mahabubabad,TSSD0258,542.64,"{'min': 23.733076095581055, 'max': 27.986923217773438, 'mean': 25.81837495844415, 'count': 141, 'sum': 3640.390869140625, 'median': 25.88166618347168}","(79.98324728200004, 17.77379955500004, 80.22702134100007, 18.106543834000036)",31-12-2023.geojson,Kothaguda,,,,,
Bhadradri Kothagudem,TSSD0259,16.26,"{'min': 25.47166633605957, 'max': 26.426000595092773, 'mean': 26.010555267333984, 'count': 4, 'sum': 104.04222106933594, 'median': 26.07227325439453}","(80.60094010100005, 17.503240987000027, 80.65378575800008, 17.562464026000043)",31-12-2023.geojson,Kothagudem,,,,,
Wanaparthy,TSSD0260,171.68,"{'min': 28.793529510498047, 'max': 31.833749771118164, 'mean': 30.652278818982712, 'count': 47, 'sum': 1440.6571044921875, 'median': 30.760587692260742}","(77.88176111000007, 16.234691046000023, 77.99240426200004, 16.448187482000037)",31-12-2023.geojson,Kothakota,,,,,
Karimnagar,TSSD0261,97.2,"{'min': 24.127647399902344, 'max': 29.233749389648438, 'mean': 27.85786555363582, 'count': 26, 'sum': 724.3045043945312, 'median': 28.234508514404297}","(78.98612238300007, 18.39948258100003, 79.12597429000004, 18.514396049000027)",31-12-2023.geojson,Kothapally,,,,,
Rangareddy,TSSD0262,105.51,"{'min': 29.003334045410156, 'max': 30.457500457763672, 'mean': 29.968986002604165, 'count': 30, 'sum': 899.069580078125, 'median': 29.975788116455078}","(78.21019675400004, 17.04105323500005, 78.36970700400008, 17.225492944000052)",31-12-2023.geojson,Kothur,,,,,
Kumurambheem Asifabad,TSSD0263,178.1,"{'min': 25.61571502685547, 'max': 28.770000457763672, 'mean': 27.829350897606382, 'count': 47, 'sum': 1307.9794921875, 'median': 27.844667434692383}","(79.63414387600005, 19.452242796000064, 79.81867852100004, 19.607819128000074)",31-12-2023.geojson,Kouthala,,,,,
Medak,TSSD0264,161.34,"{'min': 26.13941192626953, 'max': 29.40529441833496, 'mean': 28.09597281522529, 'count': 43, 'sum': 1208.1268310546875, 'median': 28.159412384033203}","(78.10564250300007, 17.787310025000068, 78.29841681600004, 17.936446078000074)",31-12-2023.geojson,Kowdipally,,,,,
Nirmal,TSSD0265,282.48,"{'min': 25.417367935180664, 'max': 28.64894676208496, 'mean': 27.291748046875, 'count': 75, 'sum': 2046.881103515625, 'median': 27.267778396606445}","(77.84760754200005, 19.143786309000063, 78.05573992700005, 19.342882151000026)",31-12-2023.geojson,Kubeer,,,,,
Medchal_Malkajgiri,TSSD0266,39.02,"{'min': 26.641765594482422, 'max': 28.418888092041016, 'mean': 27.559442693536933, 'count': 11, 'sum': 303.15386962890625, 'median': 27.557777404785156}","(78.36804921900006, 17.450165494000032, 78.44563956200005, 17.513917809000077)",31-12-2023.geojson,Kukatpally,,,,,
Medak,TSSD0267,155.55,"{'min': 26.27235221862793, 'max': 29.706249237060547, 'mean': 28.3794876901727, 'count': 38, 'sum': 1078.4205322265625, 'median': 28.557720184326172}","(78.05900573700006, 17.903386933000036, 78.28836760200005, 18.020195513000033)",31-12-2023.geojson,Kulcharam,,,,,
Vikarabad,TSSD0268,196.33,"{'min': 26.98647117614746, 'max': 29.662857055664062, 'mean': 28.81358689528245, 'count': 52, 'sum': 1498.3065185546875, 'median': 28.906875610351562}","(77.79636866200008, 16.916114566000033, 77.99996008000005, 17.10676938000006)",31-12-2023.geojson,Kulkacharla,,,,,
Nirmal,TSSD0269,140.25,"{'min': 26.941579818725586, 'max': 28.386842727661133, 'mean': 27.421192066089528, 'count': 37, 'sum': 1014.5841064453125, 'median': 27.384737014770508}","(78.02051881300008, 19.088268194000023, 78.15736433900008, 19.254793077000045)",31-12-2023.geojson,Kuntala,,,,,
Mahabubabad,TSSD0270,241.32,"{'min': 26.73769187927246, 'max': 28.114999771118164, 'mean': 27.506020883413463, 'count': 65, 'sum': 1787.891357421875, 'median': 27.50538444519043}","(79.89569772600004, 17.36986128800004, 80.09682891600005, 17.588288271000067)",31-12-2023.geojson,Kuravi,,,,,
Khammam,TSSD0271,220.86,"{'min': 25.019229888916016, 'max': 28.785554885864258, 'mean': 27.5804548592403, 'count': 58, 'sum': 1599.6663818359375, 'median': 27.891111373901367}","(79.87484026500005, 17.11399079800003, 80.04316183700007, 17.29547575600003)",31-12-2023.geojson,Kusumanchi,,,,,
Nirmal,TSSD0272,125.72,"{'min': 26.75235366821289, 'max': 28.209999084472656, 'mean': 27.45070513556985, 'count': 34, 'sum': 933.323974609375, 'median': 27.40656852722168}","(78.40349407400004, 18.95386539200007, 78.52341344300004, 19.102668410000035)",31-12-2023.geojson,Laxmanchanda,,,,,
Bhadradri Kothagudem,TSSD0273,229.46,"{'min': 24.209999084472656, 'max': 27.149999618530273, 'mean': 25.78452620967742, 'count': 62, 'sum': 1598.640625, 'median': 25.919090270996094}","(80.51384827600003, 17.535477607000075, 80.67198351200005, 17.81657303700007)",31-12-2023.geojson,Laxmidevipally,,,,,
Jangoan,TSSD0274,187.87,"{'min': 27.945714950561523, 'max': 31.540000915527344, 'mean': 29.28440389827806, 'count': 49, 'sum': 1434.935791015625, 'median': 29.251333236694336}","(79.13021988100007, 17.575431923000053, 79.31745159400003, 17.72563423400004)",31-12-2023.geojson,Lingalaghanpur,,,,,
Kamareddy,TSSD0275,255.84,"{'min': 26.236665725708008, 'max': 30.307647705078125, 'mean': 27.825198902803308, 'count': 68, 'sum': 1892.113525390625, 'median': 27.890195846557617}","(78.02552329400004, 18.13087097700003, 78.21768245400006, 18.355649218000053)",31-12-2023.geojson,Lingampet,,,,,
Kumurambheem Asifabad,TSSD0276,162.69,"{'min': 24.48882293701172, 'max': 30.25705909729004, 'mean': 27.18526111949574, 'count': 44, 'sum': 1196.1514892578125, 'median': 26.921287536621094}","(78.91810375000006, 19.205612909000024, 79.11073564000003, 19.342131322000057)",31-12-2023.geojson,Lingapur,,,,,
Nirmal,TSSD0277,222.97,"{'min': 22.56999969482422, 'max': 27.834999084472656, 'mean': 26.012223307291666, 'count': 60, 'sum': 1560.7333984375, 'median': 26.782981872558594}","(78.00594866600005, 18.931946796000034, 78.23875211300003, 19.085518010000044)",31-12-2023.geojson,Lokeshwaram,,,,,
Mancherial,TSSD0278,151.79,"{'min': 25.95142936706543, 'max': 28.95400047302246, 'mean': 28.127369416065704, 'count': 39, 'sum': 1096.9674072265625, 'median': 28.531429290771484}","(79.16655337500003, 18.832516484000053, 79.30981884700003, 19.005514334000054)",31-12-2023.geojson,Luxettipet,,,,,
Kamareddy,TSSD0279,210.35,"{'min': 26.56999969482422, 'max': 29.90529441833496, 'mean': 28.58837890625, 'count': 56, 'sum': 1600.94921875, 'median': 28.81220817565918}","(78.38704550600005, 18.26697810400003, 78.56264784400008, 18.467778762000023)",31-12-2023.geojson,Machareddy,,,,,
Wanaparthy,TSSD0280,102.15,"{'min': 29.180665969848633, 'max': 32.68466567993164, 'mean': 31.28126953125, 'count': 25, 'sum': 782.03173828125, 'median': 31.104665756225586}","(77.82095279900005, 16.300196190000065, 77.92236147200003, 16.45097719200004)",31-12-2023.geojson,Madanapur,,,,,
Suryapet,TSSD0281,130.55,"{'min': 26.7681827545166, 'max': 27.940000534057617, 'mean': 27.254534040178573, 'count': 35, 'sum': 953.90869140625, 'median': 27.224000930786133}","(79.63339168000005, 17.351837121000074, 79.79652225800004, 17.470968053000036)",31-12-2023.geojson,Maddirala,,,,,
Narayanpet,TSSD0282,229.43,"{'min': 29.950000762939453, 'max': 31.571250915527344, 'mean': 30.868558756510417, 'count': 60, 'sum': 1852.113525390625, 'median': 30.82611083984375}","(77.56183110400008, 16.77489021100007, 77.74489013300007, 16.952964019000035)",31-12-2023.geojson,Maddur,,,,,
Siddipet,TSSD0283,90.43,"{'min': 27.308570861816406, 'max': 28.854286193847656, 'mean': 28.184397379557293, 'count': 24, 'sum': 676.425537109375, 'median': 28.1555233001709}","(79.01132752500001, 17.86198517100007, 79.12089267400006, 17.966105778000042)",31-12-2023.geojson,Maddur,,,,,
Rangareddy,TSSD0284,264.88,"{'min': 28.844118118286133, 'max': 31.788888931274414, 'mean': 30.409647623697918, 'count': 72, 'sum': 2189.49462890625, 'median': 30.393272399902344}","(78.58095395400005, 16.75043613200006, 78.80230556900005, 16.944488267000054)",31-12-2023.geojson,Madgul,,,,,
Khammam,TSSD0285,210.2,"{'min': 26.16272735595703, 'max': 28.133333206176758, 'mean': 27.122240253523284, 'count': 51, 'sum': 1383.2342529296875, 'median': 27.081111907958984}","(80.31236943000005, 16.82168020900002, 80.47000219000006, 17.070547697000052)",31-12-2023.geojson,Madhira,,,,,
Kamareddy,TSSD0286,235.87,"{'min': 27.904117584228516, 'max': 30.63705825805664, 'mean': 28.835173576108872, 'count': 62, 'sum': 1787.78076171875, 'median': 28.761764526367188}","(77.54916412900008, 18.384667036000053, 77.76294653600007, 18.55697662400007)",31-12-2023.geojson,Madnur,,,,,
Nalgonda,TSSD0287,219.21,"{'min': 24.996665954589844, 'max': 29.074615478515625, 'mean': 27.754143851143972, 'count': 56, 'sum': 1554.2320556640625, 'median': 27.832727432250977}","(79.34641497200005, 16.895418574000075, 79.56245174900005, 17.09279099500003)",31-12-2023.geojson,Madugulapally,,,,,
Narayanpet,TSSD0288,182.41,"{'min': 26.5674991607666, 'max': 33.748748779296875, 'mean': 32.00071119225544, 'count': 46, 'sum': 1472.03271484375, 'median': 32.32011413574219}","(77.36910946300009, 16.375499069, 77.53031708000003, 16.588101701000085)",31-12-2023.geojson,Maganoor,,,,,
Mahabubabad,TSSD0289,229.64,"{'min': 25.593076705932617, 'max': 28.615453720092773, 'mean': 27.579541816086067, 'count': 61, 'sum': 1682.35205078125, 'median': 27.549999237060547}","(79.84115276500006, 17.501311835000024, 80.09111942000004, 17.697718735000137)",31-12-2023.geojson,Mahabubabad,,,,,
Mahabubnagar,TSSD0290,99.98,"{'min': 27.520587921142578, 'max': 30.19444465637207, 'mean': 29.23388671875, 'count': 25, 'sum': 730.84716796875, 'median': 29.40999984741211}","(77.94626825800003, 16.706941769000025, 78.09470899900003, 16.806279568000036)",31-12-2023.geojson,Mahabubnagar_Urban,,,,,
Jayashankar Bhupalpally,TSSD0291,299.12,"{'min': 23.908666610717773, 'max': 29.520666122436523, 'mean': 26.02344352816358, 'count': 81, 'sum': 2107.89892578125, 'median': 25.985000610351562}","(79.82048229900005, 18.630638763000036, 80.11061256100004, 18.86890015800003)",31-12-2023.geojson,Mahadevpur,,,,,
Rangareddy,TSSD0292,252.27,"{'min': 26.583749771118164, 'max': 30.4737491607666, 'mean': 29.26642127403846, 'count': 65, 'sum': 1902.3173828125, 'median': 29.643333435058594}","(78.30122014300008, 17.028058688000044, 78.54049373500004, 17.239387140000076)",31-12-2023.geojson,Maheswaram,,,,,
Nizamabad,TSSD0293,193.35,"{'min': 25.034000396728516, 'max': 29.04764747619629, 'mean': 27.21436016376202, 'count': 52, 'sum': 1415.146728515625, 'median': 27.36529541015625}","(78.05675830000007, 18.66482496200007, 78.22576505800004, 18.852068687000042)",31-12-2023.geojson,Makloor,,,,,
Narayanpet,TSSD0294,363.86,"{'min': 27.51444435119629, 'max': 33.711429595947266, 'mean': 31.74822801159274, 'count': 93, 'sum': 2952.585205078125, 'median': 32.16749954223633}","(77.45220537800003, 16.34148046400003, 77.67347100500007, 16.59593542500005)",31-12-2023.geojson,Makthal,,,,,
Jogulamba Gadwal,TSSD0295,241.46,"{'min': 28.551332473754883, 'max': 33.443748474121094, 'mean': 30.703819861778847, 'count': 65, 'sum': 1995.748291015625, 'median': 30.729999542236328}","(77.63191914500004, 16.011527430000058, 77.79042152200003, 16.212472503000072)",31-12-2023.geojson,Maldakal,,,,,
Jayashankar Bhupalpally,TSSD0296,330.72,"{'min': 24.333999633789062, 'max': 29.732666015625, 'mean': 27.029154932776162, 'count': 86, 'sum': 2324.50732421875, 'median': 27.217086791992188}","(79.67910470400005, 18.410415433000026, 79.92225416300005, 18.645377148000023)",31-12-2023.geojson,Malharrao,,,,,
Medchal_Malkajgiri,TSSD0297,30.3,"{'min': 27.307777404785156, 'max': 27.680587768554688, 'mean': 27.474633110894096, 'count': 9, 'sum': 247.27169799804688, 'median': 27.502222061157227}","(78.50463339200007, 17.428292171000066, 78.55954592700004, 17.505731841000056)",31-12-2023.geojson,Malkajgiri,,,,,
Jagtial,TSSD0298,213.62,"{'min': 26.084999084472656, 'max': 28.867647171020508, 'mean': 27.949375697544642, 'count': 56, 'sum': 1565.1650390625, 'median': 28.136791229248047}","(78.61662895600006, 18.874482111000077, 78.81309041900005, 19.03748223200006)",31-12-2023.geojson,Mallapur,,,,,
Jagtial,TSSD0299,151.65,"{'min': 25.4637508392334, 'max': 28.02857208251953, 'mean': 26.886447813452744, 'count': 41, 'sum': 1102.3443603515625, 'median': 27.02142906188965}","(78.83599988400005, 18.650343142000054, 79.00846227100004, 18.762767418000067)",31-12-2023.geojson,Mallial,,,,,
Nirmal,TSSD0300,303.59,"{'min': 24.532222747802734, 'max': 28.391176223754883, 'mean': 26.633734130859374, 'count': 80, 'sum': 2130.69873046875, 'median': 26.668987274169922}","(78.40539725900004, 18.946457939000027, 78.61865077500005, 19.23040426800003)",31-12-2023.geojson,Mamda,,,,,
Karimnagar,TSSD0301,205.41,"{'min': 28.021249771118164, 'max': 29.81133270263672, 'mean': 29.02965839092548, 'count': 52, 'sum': 1509.542236328125, 'median': 28.966251373291016}","(79.15750397500005, 18.315741219000074, 79.35328729400004, 18.481920999000067)",31-12-2023.geojson,Manakondur,,,,,
Rangareddy,TSSD0302,234.43,"{'min': 26.24625015258789, 'max': 29.94124984741211, 'mean': 28.36912093623992, 'count': 62, 'sum': 1758.885498046875, 'median': 28.417499542236328}","(78.65286760000004, 17.00487583200004, 78.84397639500008, 17.201225641000065)",31-12-2023.geojson,Manchal,,,,,
Mancherial,TSSD0303,40.12,"{'min': 28.622499465942383, 'max': 29.6512508392334, 'mean': 29.122547496448863, 'count': 11, 'sum': 320.3480224609375, 'median': 29.174999237060547}","(79.41610667100008, 18.835052002000054, 79.48472162900003, 18.913545975000034)",31-12-2023.geojson,Mancherial,,,,,
Mancherial,TSSD0304,171.08,"{'min': 26.252666473388672, 'max': 29.469999313354492, 'mean': 27.981212269176137, 'count': 44, 'sum': 1231.17333984375, 'median': 27.96216583251953}","(79.39193241000004, 18.891641181000068, 79.59105304600007, 19.015526930000078)",31-12-2023.geojson,Mandamarri,,,,,
Mulugu,TSSD0305,392.56,"{'min': 23.457143783569336, 'max': 29.912500381469727, 'mean': 25.326318833434467, 'count': 103, 'sum': 2608.61083984375, 'median': 25.002857208251953}","(80.40836158100007, 18.080546712000057, 80.70882201500007, 18.304706081000063)",31-12-2023.geojson,Mangapet,,,,,
Sangareddy,TSSD0306,148.62,"{'min': 24.383333206176758, 'max': 29.20052719116211, 'mean': 27.706370283917682, 'count': 41, 'sum': 1135.961181640625, 'median': 28.190000534057617}","(77.64845538500003, 17.878779076000058, 77.83149306000007, 18.04513193200006)",31-12-2023.geojson,Manoor,,,,,
Jogulamba Gadwal,TSSD0307,163.37,"{'min': 29.614286422729492, 'max': 34.62294006347656, 'mean': 31.38639415394176, 'count': 44, 'sum': 1381.0013427734375, 'median': 31.159194946289062}","(77.86929360900007, 15.885358944000075, 78.03319288300008, 16.08949442000005)",31-12-2023.geojson,Manopad,,,,,
Peddapalli,TSSD0308,311.44,"{'min': 25.64714241027832, 'max': 29.15571403503418, 'mean': 27.34488060360863, 'count': 84, 'sum': 2296.969970703125, 'median': 27.38166618347168}","(79.56456396600004, 18.561850238000034, 79.83268954900007, 18.738350264000076)",31-12-2023.geojson,Manthani,,,,,
Bhadradri Kothagudem,TSSD0309,241.6,"{'min': 23.46454620361328, 'max': 29.115999221801758, 'mean': 25.493426983173077, 'count': 65, 'sum': 1657.07275390625, 'median': 25.341110229492188}","(80.66740807500008, 17.879481733000034, 80.88542464200003, 18.045849738000072)",31-12-2023.geojson,Manuguru,,,,,
Hyderabad,TSSD0310,12.89,"{'min': 27.110000610351562, 'max': 27.704444885253906, 'mean': 27.43407440185547, 'count': 3, 'sum': 82.3022232055664, 'median': 27.487777709960938}","(78.49007358600005, 17.42094839600003, 78.55631568500007, 17.46893287000006)",31-12-2023.geojson,Maredpally,,,,,
Narayanpet,TSSD0311,159.77,"{'min': 30.256250381469727, 'max': 32.51250076293945, 'mean': 31.107044038318453, 'count': 42, 'sum': 1306.495849609375, 'median': 30.9427490234375}","(77.65664280100003, 16.506114195000066, 77.79841434500008, 16.665240555000025)",31-12-2023.geojson,Marikal,,,,,
Mahabubabad,TSSD0312,234.68,"{'min': 27.062000274658203, 'max': 28.21666717529297, 'mean': 27.58387264962924, 'count': 59, 'sum': 1627.448486328125, 'median': 27.54599952697754}","(79.76148480300003, 17.321621569000058, 79.98270166300006, 17.48693560600003)",31-12-2023.geojson,Maripeda,,,,,
Siddipet,TSSD0313,105.43,"{'min': 25.018421173095703, 'max': 29.118234634399414, 'mean': 27.991337367466517, 'count': 28, 'sum': 783.7574462890625, 'median': 28.062602996826172}","(78.66415458400007, 17.667265188000044, 78.78250869300007, 17.810152515000027)",31-12-2023.geojson,Markook,,,,,
Vikarabad,TSSD0314,225.88,"{'min': 28.07105255126953, 'max': 31.290000915527344, 'mean': 30.001090214170258, 'count': 58, 'sum': 1740.063232421875, 'median': 29.978946685791016}","(77.68610927900005, 17.453891702000078, 77.87740943300008, 17.638691618000053)",31-12-2023.geojson,Marpalle,,,,,
Nalgonda,TSSD0315,229.14,"{'min': 27.501428604125977, 'max': 32.147335052490234, 'mean': 29.66787669697746, 'count': 61, 'sum': 1809.740478515625, 'median': 29.75}","(78.75919635200006, 16.90874455200003, 78.96448818000005, 17.07201425200003)",31-12-2023.geojson,Marriguda,,,,,
Suryapet,TSSD0316,210.69,"{'min': 26.817272186279297, 'max': 28.91666603088379, 'mean': 28.15056797243514, 'count': 53, 'sum': 1491.9801025390625, 'median': 28.09363555908203}","(79.76031217600007, 16.657641133000027, 79.94384993900007, 16.842244540000024)",31-12-2023.geojson,Mattampalli,,,,,
Medak,TSSD0317,140.85,"{'min': 26.545000076293945, 'max': 29.631250381469727, 'mean': 28.753081450591218, 'count': 37, 'sum': 1063.864013671875, 'median': 28.85124969482422}","(78.20774346500008, 17.973932821000062, 78.36819518300007, 18.10438747300003)",31-12-2023.geojson,Medak,,,,,
Medchal_Malkajgiri,TSSD0318,187.56,"{'min': 26.512351989746094, 'max': 29.09000015258789, 'mean': 28.070040189302883, 'count': 52, 'sum': 1459.64208984375, 'median': 28.128887176513672}","(78.38095406300005, 17.551049357000068, 78.56000059500008, 17.70854524600003)",31-12-2023.geojson,Medchal,,,,,
Jagtial,TSSD0319,206.03,"{'min': 25.5362491607666, 'max': 28.867332458496094, 'mean': 27.814504172585227, 'count': 55, 'sum': 1529.7977294921875, 'median': 28.127647399902344}","(78.73214094600007, 18.624887353000076, 78.85330317100005, 18.885390032000032)",31-12-2023.geojson,Medipalle,,,,,
Medchal_Malkajgiri,TSSD0320,33.63,"{'min': 27.220666885375977, 'max': 28.562307357788086, 'mean': 27.861713409423828, 'count': 8, 'sum': 222.89370727539062, 'median': 27.82023811340332}","(78.56396765400007, 17.387088967000068, 78.62540001600007, 17.4548326310001)",31-12-2023.geojson,Medipally,,,,,
Suryapet,TSSD0321,148.48,"{'min': 27.548181533813477, 'max': 29.209999084472656, 'mean': 28.3439208984375, 'count': 40, 'sum': 1133.7568359375, 'median': 28.2810001373291}","(79.86430255300007, 16.749144942000044, 80.04667389300005, 16.897589783000058)",31-12-2023.geojson,Mellachervu,,,,,
Nizamabad,TSSD0322,74.74,"{'min': 23.69105339050293, 'max': 27.657499313354492, 'mean': 26.175872802734375, 'count': 20, 'sum': 523.5174560546875, 'median': 26.222631454467773}","(78.34141407100003, 18.91286552100007, 78.45746941500005, 19.003231226000025)",31-12-2023.geojson,Mendora,,,,,
Jagtial,TSSD0323,189.57,"{'min': 26.52666664123535, 'max': 28.702499389648438, 'mean': 27.71420228247549, 'count': 51, 'sum': 1413.42431640625, 'median': 27.72058868408203}","(78.53968262500007, 18.72081223600003, 78.67956378400004, 18.895674916000075)",31-12-2023.geojson,Metpalli,,,,,
Mahabubnagar,TSSD0324,164.85,"{'min': 29.157777786254883, 'max': 31.440000534057617, 'mean': 30.097124372209823, 'count': 42, 'sum': 1264.0792236328125, 'median': 30.099445343017578}","(78.21714079300006, 16.678018442000052, 78.36989334400005, 16.825534489000063)",31-12-2023.geojson,Midjil,,,,,
Siddipet,TSSD0325,167.82,"{'min': 28.155555725097656, 'max': 29.951250076293945, 'mean': 29.081085914789245, 'count': 43, 'sum': 1250.4866943359375, 'median': 29.051176071166992}","(78.56910611300003, 17.992796036000072, 78.73068591400005, 18.14881470800003)",31-12-2023.geojson,Mirdoddi,,,,,
Nalgonda,TSSD0326,248.98,"{'min': 26.426362991333008, 'max': 29.405555725097656, 'mean': 28.083871841430664, 'count': 64, 'sum': 1797.3677978515625, 'median': 28.28607177734375}","(79.48474594700008, 16.761982963000037, 79.66781758100007, 17.007573905000072)",31-12-2023.geojson,Miryalaguda,,,,,
Sangareddy,TSSD0327,152.32,"{'min': 28.27111053466797, 'max': 30.782941818237305, 'mean': 29.95267847964638, 'count': 38, 'sum': 1138.2017822265625, 'median': 29.938465118408203}","(77.44416825100006, 17.542551853000077, 77.59394938800006, 17.703749020000032)",31-12-2023.geojson,Mogudampally,,,,,
Jayashankar Bhupalpally,TSSD0328,117.77,"{'min': 27.31142807006836, 'max': 29.563846588134766, 'mean': 28.475294543850808, 'count': 31, 'sum': 882.734130859375, 'median': 28.538572311401367}","(79.55918339200008, 18.25321451900004, 79.69624194900007, 18.367730020000067)",31-12-2023.geojson,Mogullapally,,,,,
Rangareddy,TSSD0329,210.03,"{'min': 23.95888900756836, 'max': 30.3255558013916, 'mean': 28.606304462139423, 'count': 52, 'sum': 1487.52783203125, 'median': 28.886112213134766}","(78.18364043400004, 17.24469818700004, 78.37521359500005, 17.39979780400006)",31-12-2023.geojson,Moinabad,,,,,
Vikarabad,TSSD0330,185.55,"{'min': 28.613332748413086, 'max': 30.875883102416992, 'mean': 29.936604817708332, 'count': 51, 'sum': 1526.766845703125, 'median': 29.889999389648438}","(77.80132142600007, 17.440949010000054, 78.02278448100003, 17.58481577400005)",31-12-2023.geojson,Mominpet,,,,,
Mahabubnagar,TSSD0331,95.02,"{'min': 29.04888916015625, 'max': 31.737367630004883, 'mean': 30.489464393028847, 'count': 26, 'sum': 792.72607421875, 'median': 30.418561935424805}","(77.88815901700008, 16.55990335200005, 78.03642113100005, 16.65578400800007)",31-12-2023.geojson,Moosapet,,,,,
Nizamabad,TSSD0332,110.93,"{'min': 25.708824157714844, 'max': 27.834705352783203, 'mean': 26.78799845377604, 'count': 30, 'sum': 803.6399536132812, 'median': 26.709999084472656}","(78.39569656400005, 18.754933092000044, 78.51049422500006, 18.895877668000026)",31-12-2023.geojson,Morthad,,,,,
Yadadri Bhuvanagiri,TSSD0333,154.09,"{'min': 28.476154327392578, 'max': 31.48466682434082, 'mean': 29.84365990048363, 'count': 42, 'sum': 1253.4337158203125, 'median': 29.833847045898438}","(79.02191272500005, 17.447705855000038, 79.18771359200008, 17.614164877000064)",31-12-2023.geojson,Motakondur,,,,,
Suryapet,TSSD0334,191.84,"{'min': 24.90333366394043, 'max': 28.28499984741211, 'mean': 27.4816796875, 'count': 50, 'sum': 1374.083984375, 'median': 27.605453491210938}","(79.72864807600007, 17.098594648000073, 79.90108897100004, 17.295132846000058)",31-12-2023.geojson,Mothey,,,,,
Yadadri Bhuvanagiri,TSSD0335,146.43,"{'min': 27.96285629272461, 'max': 30.010000228881836, 'mean': 28.921067457932693, 'count': 39, 'sum': 1127.921630859375, 'median': 28.811538696289062}","(79.17886738600004, 17.35663582600006, 79.34505761300005, 17.499013259000037)",31-12-2023.geojson,Mothkur,,,,,
Nirmal,TSSD0336,187.43,"{'min': 25.6522216796875, 'max': 30.567777633666992, 'mean': 27.966749108355977, 'count': 46, 'sum': 1286.470458984375, 'median': 27.736562728881836}","(77.87363589400007, 18.90926259400004, 78.04943334300003, 19.05199254100006)",31-12-2023.geojson,Mudhole,,,,,
Khammam,TSSD0337,202.95,"{'min': 26.88777732849121, 'max': 28.782499313354492, 'mean': 28.050001878004807, 'count': 52, 'sum': 1458.60009765625, 'median': 28.163888931274414}","(79.99976989400005, 16.987411645000066, 80.17144520800008, 17.21465495600006)",31-12-2023.geojson,Mudigonda,,,,,
Nizamabad,TSSD0338,196.22,"{'min': 25.049999237060547, 'max': 28.568666458129883, 'mean': 26.592665728400736, 'count': 51, 'sum': 1356.2259521484375, 'median': 26.513750076293945}","(78.03331485400008, 18.477793812000073, 78.18413506400003, 18.66033533700005)",31-12-2023.geojson,Mugpal,,,,,
Bhadradri Kothagudem,TSSD0339,514.62,"{'min': 23.420000076293945, 'max': 26.66777801513672, 'mean': 25.22692238136574, 'count': 135, 'sum': 3405.634521484375, 'median': 25.322500228881836}","(80.70650352000007, 17.353825033000078, 80.96455307900004, 17.59430879000007)",31-12-2023.geojson,Mulakalapally,,,,,
Mulugu,TSSD0340,363.24,"{'min': 23.485294342041016, 'max': 27.86833381652832, 'mean': 25.953531044407896, 'count': 95, 'sum': 2465.58544921875, 'median': 26.06333351135254}","(79.81475825400008, 18.07019176600005, 80.14227776900003, 18.247994896000023)",31-12-2023.geojson,Mulug,,,,,
Siddipet,TSSD0341,148.86,"{'min': 24.499473571777344, 'max': 29.204444885253906, 'mean': 28.11219513721955, 'count': 39, 'sum': 1096.3756103515625, 'median': 28.371051788330078}","(78.49289586600008, 17.669503792000057, 78.72948919400005, 17.760743728000023)",31-12-2023.geojson,Mulug,,,,,
Suryapet,TSSD0342,140.35,"{'min': 26.907777786254883, 'max': 28.415000915527344, 'mean': 27.705184936523438, 'count': 40, 'sum': 1108.2073974609375, 'median': 27.618183135986328}","(79.71348967800003, 16.97659834500007, 79.93382971200003, 17.162332160000062)",31-12-2023.geojson,Munagala,,,,,
Sangareddy,TSSD0343,221.68,"{'min': 23.422222137451172, 'max': 31.3311767578125, 'mean': 29.022578648158483, 'count': 56, 'sum': 1625.264404296875, 'median': 29.63277816772461}","(77.76970420300006, 17.61306823700005, 77.93222993400008, 17.821658166000077)",31-12-2023.geojson,Munipally,,,,,
Nalgonda,TSSD0344,242.13,"{'min': 28.81133270263672, 'max': 31.860000610351562, 'mean': 30.06234463778409, 'count': 66, 'sum': 1984.11474609375, 'median': 30.19571304321289}","(78.92781504300007, 16.99371558000007, 79.14931293500007, 17.18453899000002)",31-12-2023.geojson,Munugode,,,,,
Nizamabad,TSSD0345,53.32,"{'min': 22.97333335876465, 'max': 27.18647003173828, 'mean': 26.017634800502233, 'count': 14, 'sum': 364.24688720703125, 'median': 26.3730411529541}","(78.33239376200004, 18.87289880800006, 78.45351563000008, 18.968813642000043)",31-12-2023.geojson,Mupkal,,,,,
Hyderabad,TSSD0346,9.91,"{'min': 27.052104949951172, 'max': 27.36888885498047, 'mean': 27.21049690246582, 'count': 2, 'sum': 54.42099380493164, 'median': 27.21049690246582}","(78.47735671700008, 17.40191402800002, 78.52763446200004, 17.43504124900005)",31-12-2023.geojson,Musheerabad,,,,,
Rajanna Sircilla,TSSD0347,162.34,"{'min': 27.136667251586914, 'max': 29.22333335876465, 'mean': 28.308903184047963, 'count': 43, 'sum': 1217.2828369140625, 'median': 28.364665985107422}","(78.62827650500003, 18.21376387500004, 78.77109860300004, 18.360829288000048)",31-12-2023.geojson,Mustabad,,,,,
Jayashankar Bhupalpally,TSSD0348,603.81,"{'min': 23.252666473388672, 'max': 27.91266632080078, 'mean': 24.885914611816407, 'count': 160, 'sum': 3981.746337890625, 'median': 24.602142333984375}","(79.93211438700007, 18.348852581000074, 80.27331132300003, 18.665550444000075)",31-12-2023.geojson,Mutharam_Mahadevpur,,,,,
Peddapalli,TSSD0349,143.95,"{'min': 26.145713806152344, 'max': 30.667142868041992, 'mean': 28.199254086143092, 'count': 38, 'sum': 1071.5716552734375, 'median': 27.98866081237793}","(79.56376559100005, 18.46670946200004, 79.71861493100005, 18.60236795900005)",31-12-2023.geojson,Mutharam_Manthani,,,,,
Suryapet,TSSD0350,132.47,"{'min': 26.760910034179688, 'max': 28.241111755371094, 'mean': 27.570184881036933, 'count': 33, 'sum': 909.8161010742188, 'median': 27.715999603271484}","(79.81542641000004, 17.031014071000072, 79.94769370600005, 17.174546916000054)",31-12-2023.geojson,Nadigudem,,,,,
Sangareddy,TSSD0351,148.84,"{'min': 27.363683700561523, 'max': 30.770000457763672, 'mean': 29.37032470703125, 'count': 40, 'sum': 1174.81298828125, 'median': 29.646316528320312}","(77.54918865800005, 17.98547994300003, 77.71900749600007, 18.124343363000037)",31-12-2023.geojson,Nagalgidda,,,,,
Suryapet,TSSD0352,134.54,"{'min': 26.639230728149414, 'max': 28.7016658782959, 'mean': 27.6633544921875, 'count': 35, 'sum': 968.2174072265625, 'median': 27.687143325805664}","(79.41253491600008, 17.34124849500006, 79.57155473400007, 17.45790335600003)",31-12-2023.geojson,Nagaram,,,,,
Kamareddy,TSSD0353,138.95,"{'min': 24.874210357666016, 'max': 29.817058563232422, 'mean': 27.985369514016543, 'count': 34, 'sum': 951.5025634765625, 'median': 28.239070892333984}","(78.01381962800008, 18.068441783000026, 78.17948646600007, 18.201817321000078)",31-12-2023.geojson,Nagi_Reddypet,,,,,
Nalgonda,TSSD0354,151.19,"{'min': 25.465713500976562, 'max': 29.146364212036133, 'mean': 28.12933349609375, 'count': 40, 'sum': 1125.17333984375, 'median': 28.2760009765625}","(79.36271400100003, 17.074334117000035, 79.51356132300003, 17.265691678000053)",31-12-2023.geojson,Nakrekal,,,,,
Nalgonda,TSSD0355,356.0,"{'min': 25.177692413330078, 'max': 31.14285659790039, 'mean': 28.932142320570055, 'count': 91, 'sum': 2632.824951171875, 'median': 28.69499969482422}","(79.11238633500005, 16.95004682000007, 79.38632643800008, 17.14875526800006)",31-12-2023.geojson,Nalgonda,,,,,
Warangal_Rural,TSSD0356,164.31,"{'min': 25.199230194091797, 'max': 28.159090042114258, 'mean': 27.019259134928387, 'count': 48, 'sum': 1296.9244384765625, 'median': 27.09734344482422}","(79.81066170600008, 17.993540445000065, 80.04124404200007, 18.11528805000006)",31-12-2023.geojson,Nallabelli,,,,,
Hyderabad,TSSD0357,11.34,"{'min': 26.09000015258789, 'max': 28.201250076293945, 'mean': 27.484166463216145, 'count': 3, 'sum': 82.45249938964844, 'median': 28.1612491607666}","(78.45809052700008, 17.36457170500006, 78.49555773000003, 17.405714060000037)",31-12-2023.geojson,Nampally,,,,,
Nalgonda,TSSD0358,280.57,"{'min': 28.784666061401367, 'max': 31.4325008392334, 'mean': 30.28644049657534, 'count': 73, 'sum': 2210.91015625, 'median': 30.277999877929688}","(78.84925232700004, 16.740287084000045, 79.04788463500006, 16.965538953000078)",31-12-2023.geojson,Nampally,,,,,
Rangareddy,TSSD0359,86.28,"{'min': 29.592222213745117, 'max': 30.777368545532227, 'mean': 30.224903453480113, 'count': 22, 'sum': 664.9478759765625, 'median': 30.244327545166016}","(78.16420628000003, 17.07450775600006, 78.31375295500004, 17.187439899000026)",31-12-2023.geojson,Nandigama,,,,,
Nizamabad,TSSD0360,296.41,"{'min': 22.641111373901367, 'max': 27.86222267150879, 'mean': 25.57817573051948, 'count': 77, 'sum': 1969.51953125, 'median': 26.11888885498047}","(78.06391450200005, 18.810123935000036, 78.27745292600008, 19.015809954000076)",31-12-2023.geojson,Nandipet,,,,,
Siddipet,TSSD0361,173.43,"{'min': 27.746000289916992, 'max': 29.26714324951172, 'mean': 28.59074540571733, 'count': 44, 'sum': 1257.9927978515625, 'median': 28.693761825561523}","(78.91642615100005, 18.005257581000023, 79.12553882600008, 18.139313947000062)",31-12-2023.geojson,Nangnoor,,,,,
Yadadri Bhuvanagiri,TSSD0362,255.72,"{'min': 25.97533416748047, 'max': 32.130001068115234, 'mean': 28.88089636600379, 'count': 66, 'sum': 1906.13916015625, 'median': 28.90999984741211}","(78.76727420200007, 17.04527964400006, 78.99214673900008, 17.215539860000035)",31-12-2023.geojson,Narayanapoor,,,,,
Sangareddy,TSSD0363,221.04,"{'min': 27.28444480895996, 'max': 30.122631072998047, 'mean': 28.59098840932377, 'count': 61, 'sum': 1744.05029296875, 'median': 28.427778244018555}","(77.65873951100008, 17.969087139000067, 77.91619762300007, 18.131861117000028)",31-12-2023.geojson,Narayankhed,,,,,
Narayanpet,TSSD0364,253.45,"{'min': 28.977142333984375, 'max': 32.64142990112305, 'mean': 30.757987154447115, 'count': 65, 'sum': 1999.2691650390625, 'median': 30.8174991607666}","(77.42683117400003, 16.65053467100006, 77.68547301300003, 16.797928967000075)",31-12-2023.geojson,Narayanpet,,,,,
Nalgonda,TSSD0365,234.39,"{'min': 26.688749313354492, 'max': 31.18833351135254, 'mean': 29.138416108630953, 'count': 63, 'sum': 1835.72021484375, 'median': 29.468461990356445}","(79.12064748900008, 17.11371295600003, 79.30389623300005, 17.35996707100003)",31-12-2023.geojson,Narketpally,,,,,
Jangoan,TSSD0366,125.01,"{'min': 27.058570861816406, 'max': 29.472856521606445, 'mean': 28.258441347064394, 'count': 33, 'sum': 932.528564453125, 'median': 28.1200008392334}","(79.09279653800007, 17.82066930900004, 79.25505581500005, 17.932063776000064)",31-12-2023.geojson,Narmetta,,,,,
Adilabad,TSSD0367,201.81,"{'min': 25.510000228881836, 'max': 28.333528518676758, 'mean': 27.65506154186321, 'count': 53, 'sum': 1465.71826171875, 'median': 27.70222282409668}","(78.75741661700005, 19.424395872000048, 78.97780666900007, 19.57535441500005)",31-12-2023.geojson,Narnoor,,,,,
Warangal_Rural,TSSD0368,128.11,"{'min': 25.69533348083496, 'max': 28.788333892822266, 'mean': 27.44879913330078, 'count': 32, 'sum': 878.361572265625, 'median': 27.37323760986328}","(79.80201610100005, 17.882928224000068, 79.94435882900007, 18.020538076000037)",31-12-2023.geojson,Narsampet,,,,,
Medak,TSSD0369,177.98,"{'min': 26.348888397216797, 'max': 29.378889083862305, 'mean': 28.580833257630815, 'count': 43, 'sum': 1228.975830078125, 'median': 28.808822631835938}","(78.16308671700006, 17.659841237000023, 78.33116213500006, 17.840150954000023)",31-12-2023.geojson,Narsapur,,,,,
Nirmal,TSSD0370,147.48,"{'min': 23.953157424926758, 'max': 28.421764373779297, 'mean': 26.771824428013392, 'count': 42, 'sum': 1124.4166259765625, 'median': 26.818889617919922}","(78.07428315700008, 19.02509410700003, 78.21913771600003, 19.23774101400005)",31-12-2023.geojson,Narsapur_G,,,,,
Mahabubabad,TSSD0371,100.62,"{'min': 27.333999633789062, 'max': 28.445999145507812, 'mean': 27.89549877025463, 'count': 27, 'sum': 753.178466796875, 'median': 27.913637161254883}","(79.74961810900004, 17.432922034000057, 79.85804564900008, 17.55949727500007)",31-12-2023.geojson,Narsimhulapet,,,,,
Medak,TSSD0372,55.63,"{'min': 27.625999450683594, 'max': 29.238750457763672, 'mean': 28.625289916992188, 'count': 16, 'sum': 458.004638671875, 'median': 28.71062469482422}","(78.39229916300008, 17.98830749900003, 78.47149849900006, 18.093264383000076)",31-12-2023.geojson,Narsingi,,,,,
Narayanpet,TSSD0373,194.24,"{'min': 30.494705200195312, 'max': 32.513999938964844, 'mean': 31.39587158203125, 'count': 50, 'sum': 1569.7935791015625, 'median': 31.374595642089844}","(77.57900273500007, 16.392118486000072, 77.76051168400005, 16.55740275000005)",31-12-2023.geojson,Narva,,,,,
Mancherial,TSSD0374,52.98,"{'min': 26.564285278320312, 'max': 29.04428482055664, 'mean': 28.015819004603795, 'count': 14, 'sum': 392.2214660644531, 'median': 28.202381134033203}","(79.45022792100008, 18.798759303000054, 79.52726676000003, 18.914394050000055)",31-12-2023.geojson,Naspur,,,,,
Kamareddy,TSSD0375,102.21,"{'min': 25.645294189453125, 'max': 27.986249923706055, 'mean': 27.042842320033483, 'count': 28, 'sum': 757.1995849609375, 'median': 27.250476837158203}","(77.81879634400008, 18.411273927000025, 77.97648352900006, 18.509137527000064)",31-12-2023.geojson,Nasurullabad,,,,,
Nizamabad,TSSD0376,192.08,"{'min': 24.139999389648438, 'max': 28.450000762939453, 'mean': 27.122333984375, 'count': 50, 'sum': 1356.11669921875, 'median': 27.292221069335938}","(77.94333219400005, 18.72259983600003, 78.08733714300007, 18.94072022900008)",31-12-2023.geojson,Navipet,,,,,
Mahabubnagar,TSSD0377,296.21,"{'min': 26.229999542236328, 'max': 30.742000579833984, 'mean': 28.880621575689936, 'count': 77, 'sum': 2223.807861328125, 'median': 29.063749313354492}","(77.92099457500007, 16.78332651100004, 78.11899967800008, 17.01427203800006)",31-12-2023.geojson,Nawabpet,,,,,
Vikarabad,TSSD0378,158.3,"{'min': 29.271053314208984, 'max': 30.71666717529297, 'mean': 29.9838271722561, 'count': 41, 'sum': 1229.3369140625, 'median': 30.053157806396484}","(77.88176503700004, 17.365495641000052, 78.07175069100003, 17.471223939000026)",31-12-2023.geojson,Nawabpet,,,,,
Warangal_Rural,TSSD0379,188.28,"{'min': 27.231538772583008, 'max': 30.242727279663086, 'mean': 28.78748046875, 'count': 50, 'sum': 1439.3740234375, 'median': 28.751998901367188}","(79.74746045700005, 17.696488769000155, 79.90634128700003, 17.879678624000064)",31-12-2023.geojson,Nekkonda,,,,,
Khammam,TSSD0380,186.76,"{'min': 26.481666564941406, 'max': 28.932222366333008, 'mean': 28.219342912946427, 'count': 49, 'sum': 1382.747802734375, 'median': 28.417999267578125}","(79.96784028800005, 16.968121411000027, 80.11000795600006, 17.174936235000075)",31-12-2023.geojson,Nelakondapally,,,,,
Mahabubabad,TSSD0381,206.97,"{'min': 26.546667098999023, 'max': 28.90333366394043, 'mean': 27.8582763671875, 'count': 54, 'sum': 1504.346923828125, 'median': 27.778507232666016}","(79.71439804300002, 17.541887375000044, 79.91872236700016, 17.698785481000073)",31-12-2023.geojson,Nellikudur,,,,,
Mancherial,TSSD0382,269.42,"{'min': 25.353076934814453, 'max': 29.341249465942383, 'mean': 27.319208709286972, 'count': 71, 'sum': 1939.663818359375, 'median': 27.141427993774414}","(79.52664994100007, 18.93089886100006, 79.73295653300005, 19.12578670700003)",31-12-2023.geojson,Nennel,,,,,
Adilabad,TSSD0383,328.19,"{'min': 24.044116973876953, 'max': 28.905000686645508, 'mean': 26.921979239817414, 'count': 89, 'sum': 2396.05615234375, 'median': 26.952104568481445}","(78.26082714200004, 19.17277807100004, 78.55364642200004, 19.39715159900004)",31-12-2023.geojson,Neradigonda,,,,,
Suryapet,TSSD0384,126.74,"{'min': 26.861665725708008, 'max': 28.729999542236328, 'mean': 27.894119698660713, 'count': 35, 'sum': 976.294189453125, 'median': 27.998571395874023}","(79.61424865900005, 16.828891998000074, 79.72807247700007, 16.983950306000054)",31-12-2023.geojson,Nereducherla,,,,,
Nalgonda,TSSD0385,161.07,"{'min': 26.413637161254883, 'max': 30.763845443725586, 'mean': 28.930286754261363, 'count': 44, 'sum': 1272.9326171875, 'median': 28.92071533203125}","(78.94273533400008, 16.468748120000043, 79.11690272800007, 16.651020135000067)",31-12-2023.geojson,Neredugommu,,,,,
Nalgonda,TSSD0386,217.58,"{'min': 26.431537628173828, 'max': 29.046363830566406, 'mean': 27.871428926112287, 'count': 59, 'sum': 1644.414306640625, 'median': 27.917272567749023}","(79.29369591300008, 16.726884840000025, 79.46702657000003, 16.93694350900006)",31-12-2023.geojson,Nidamanoor,,,,,
Nirmal,TSSD0387,26.54,"{'min': 25.799999237060547, 'max': 27.489999771118164, 'mean': 26.627612643771702, 'count': 9, 'sum': 239.6485137939453, 'median': 26.812353134155273}","(78.32125738700006, 19.06142155400005, 78.36703256100003, 19.13503668900006)",31-12-2023.geojson,Nirmal,,,,,
Nirmal,TSSD0388,121.65,"{'min': 25.37823486328125, 'max': 27.808666229248047, 'mean': 26.76273665889617, 'count': 31, 'sum': 829.6448364257812, 'median': 26.829999923706055}","(78.28619783500005, 19.030659180000043, 78.42042812500006, 19.18711090100004)",31-12-2023.geojson,Nirmal Rural,,,,,
Nizamabad,TSSD0389,8.31,"{'min': 27.292667388916016, 'max': 28.049999237060547, 'mean': 27.684221903483074, 'count': 3, 'sum': 83.05266571044922, 'median': 27.709999084472656}","(78.05163596200003, 18.674492592000036, 78.12730598000007, 18.70039857300003)",31-12-2023.geojson,Nizamabad North,,,,,
Nizamabad,TSSD0390,143.88,"{'min': 25.37933349609375, 'max': 28.48200035095215, 'mean': 27.07125693873355, 'count': 38, 'sum': 1028.707763671875, 'median': 27.10733413696289}","(77.98560033100006, 18.565702533000035, 78.16225447400006, 18.788720459000047)",31-12-2023.geojson,Nizamabad Rural,,,,,
Nizamabad,TSSD0391,30.08,"{'min': 26.256250381469727, 'max': 27.68600082397461, 'mean': 27.051749093191965, 'count': 7, 'sum': 189.36224365234375, 'median': 26.9424991607666}","(78.05135267700007, 18.638141734000044, 78.12035163300004, 18.70039857300003)",31-12-2023.geojson,Nizamabad South,,,,,
Medak,TSSD0392,96.69,"{'min': 28.643333435058594, 'max': 29.974000930786133, 'mean': 29.343000139508927, 'count': 28, 'sum': 821.60400390625, 'median': 29.358665466308594}","(78.48347828600004, 18.052927198000077, 78.58043728400008, 18.186685228000044)",31-12-2023.geojson,Nizampet,,,,,
Kamareddy,TSSD0393,241.59,"{'min': 23.09666633605957, 'max': 29.82647132873535, 'mean': 26.92327880859375, 'count': 72, 'sum': 1938.47607421875, 'median': 27.361764907836914}","(77.84561923400008, 18.09283344800002, 78.00817764400006, 18.34553889500006)",31-12-2023.geojson,Nizamsagar,,,,,
Suryapet,TSSD0394,119.91,"{'min': 26.702306747436523, 'max': 27.920000076293945, 'mean': 27.36398592862216, 'count': 33, 'sum': 903.0115356445312, 'median': 27.491666793823242}","(79.62642963900004, 17.281058334000022, 79.80860422700005, 17.37862805900005)",31-12-2023.geojson,Noothankal,,,,,
Sangareddy,TSSD0395,259.19,"{'min': 26.446666717529297, 'max': 29.37874984741211, 'mean': 28.577245375689337, 'count': 68, 'sum': 1943.252685546875, 'median': 28.68526268005371}","(77.50905262900005, 17.743666096000027, 77.70963585900006, 17.95290998400003)",31-12-2023.geojson,Nyalkal,,,,,
Peddapalli,TSSD0396,148.08,"{'min': 28.31999969482422, 'max': 29.983333587646484, 'mean': 29.124752646998356, 'count': 38, 'sum': 1106.7406005859375, 'median': 29.10187530517578}","(79.36660364000005, 18.386385288000042, 79.55224107200007, 18.53271052300005)",31-12-2023.geojson,Odela,,,,,
Nagarkurnool,TSSD0397,630.47,"{'min': 25.135713577270508, 'max': 28.87444496154785, 'mean': 26.90806884765625, 'count': 160, 'sum': 4305.291015625, 'median': 26.91535186767578}","(78.85902477800005, 16.210348460000034, 79.23432760400004, 16.461405856000056)",31-12-2023.geojson,Padara,,,,,
Suryapet,TSSD0398,132.07,"{'min': 27.45400047302246, 'max': 29.219999313354492, 'mean': 28.36884053548177, 'count': 36, 'sum': 1021.2782592773438, 'median': 28.468910217285156}","(79.66762645300008, 16.689675125000065, 79.78908743200003, 16.836615472000062)",31-12-2023.geojson,Palakeedu,,,,,
Jangoan,TSSD0399,255.42,"{'min': 26.889999389648438, 'max': 29.979999542236328, 'mean': 28.752826112689394, 'count': 66, 'sum': 1897.6865234375, 'median': 28.86852264404297}","(79.34225257900005, 17.560267294000028, 79.54008752200008, 17.75819989300004)",31-12-2023.geojson,Palakurthy,,,,,
Peddapalli,TSSD0400,137.42,"{'min': 24.921249389648438, 'max': 28.299999237060547, 'mean': 27.43821757548564, 'count': 37, 'sum': 1015.2140502929688, 'median': 27.56999969482422}","(79.25348235000007, 18.670677110000042, 79.50381904800008, 18.81832694700006)",31-12-2023.geojson,Palakurthy,,,,,
Jayashankar Bhupalpally,TSSD0401,226.16,"{'min': 23.72857093811035, 'max': 29.00374984741211, 'mean': 24.993898518880208, 'count': 60, 'sum': 1499.6339111328125, 'median': 24.703750610351562}","(80.10237686500005, 18.587417120000055, 80.34460111300007, 18.722365577000062)",31-12-2023.geojson,Palmela,,,,,
Bhadradri Kothagudem,TSSD0402,421.11,"{'min': 23.17545509338379, 'max': 27.41857147216797, 'mean': 25.30808567356419, 'count': 111, 'sum': 2809.197509765625, 'median': 25.343334197998047}","(80.57151962200004, 17.50317956400005, 80.86723947600007, 17.895408489000033)",31-12-2023.geojson,Palvancha,,,,,
Wanaparthy,TSSD0403,205.91,"{'min': 29.329999923706055, 'max': 32.10333251953125, 'mean': 30.493586787471063, 'count': 54, 'sum': 1646.6536865234375, 'median': 30.401248931884766}","(78.02855847800004, 16.173396301000025, 78.22246788200005, 16.341012469000077)",31-12-2023.geojson,Pangal,,,,,
Medak,TSSD0404,205.14,"{'min': 26.634706497192383, 'max': 29.71500015258789, 'mean': 28.091768022017046, 'count': 55, 'sum': 1545.0472412109375, 'median': 28.016315460205078}","(77.99790429400008, 17.965407912000046, 78.21345417200007, 18.109216143000026)",31-12-2023.geojson,Papannapet,,,,,
Vikarabad,TSSD0405,227.88,"{'min': 28.229999542236328, 'max': 30.822221755981445, 'mean': 29.563155869306144, 'count': 59, 'sum': 1744.2261962890625, 'median': 29.628948211669922}","(77.76414678500004, 17.074105024000062, 77.99328854900006, 17.257275064000055)",31-12-2023.geojson,Pargi,,,,,
Warangal_Rural,TSSD0406,79.71,"{'min': 26.91266632080078, 'max': 28.064285278320312, 'mean': 27.43192138671875, 'count': 20, 'sum': 548.638427734375, 'median': 27.438682556152344}","(79.645823469, 18.135041913000066, 79.73250177000006, 18.279244378000044)",31-12-2023.geojson,Parkal,,,,,
Warangal_Rural,TSSD0407,161.29,"{'min': 27.780000686645508, 'max': 29.833637237548828, 'mean': 28.70539783296131, 'count': 42, 'sum': 1205.626708984375, 'median': 28.601165771484375}","(79.64445348100008, 17.68264110900003, 79.78084029400003, 17.843589961000077)",31-12-2023.geojson,Parvathagiri,,,,,
Sangareddy,TSSD0408,186.54,"{'min': 27.565555572509766, 'max': 29.526470184326172, 'mean': 28.7345556640625, 'count': 50, 'sum': 1436.727783203125, 'median': 28.8316650390625}","(78.13716356700007, 17.463618334000046, 78.28967759800008, 17.628094657000076)",31-12-2023.geojson,Patancheruvu,,,,,
Wanaparthy,TSSD0409,199.7,"{'min': 29.088666915893555, 'max': 31.713333129882812, 'mean': 30.13005652794471, 'count': 52, 'sum': 1566.762939453125, 'median': 30.096874237060547}","(77.91611806600008, 16.024587675000078, 78.07471604300008, 16.26834650400002)",31-12-2023.geojson,Pebbair,,,,,
Nalgonda,TSSD0410,534.97,"{'min': 24.653076171875, 'max': 31.094444274902344, 'mean': 27.58089134161421, 'count': 139, 'sum': 3833.743896484375, 'median': 27.657142639160156}","(79.02131319100005, 16.429164953000054, 79.31131002400008, 16.806345736000026)",31-12-2023.geojson,Peda Adisharla Palli,,,,,
Kamareddy,TSSD0411,93.4,"{'min': 28.364118576049805, 'max': 31.872222900390625, 'mean': 30.054607684795673, 'count': 26, 'sum': 781.4197998046875, 'median': 30.121110916137695}","(77.64296889100007, 18.23434125800003, 77.79440383200006, 18.363266914000064)",31-12-2023.geojson,Pedda Kodapgal,,,,,
Nagarkurnool,TSSD0412,268.13,"{'min': 28.14666748046875, 'max': 31.805999755859375, 'mean': 29.414140489366318, 'count': 72, 'sum': 2117.818115234375, 'median': 29.38687515258789}","(78.28210328600005, 16.15614634700006, 78.46080747200006, 16.378297329000077)",31-12-2023.geojson,Peddakothapalle,,,,,
Wanaparthy,TSSD0413,184.53,"{'min': 28.067777633666992, 'max': 32.0099983215332, 'mean': 30.326622009277344, 'count': 48, 'sum': 1455.6778564453125, 'median': 30.517181396484375}","(77.91764372000006, 16.364835636000066, 78.12790212400006, 16.52562722400006)",31-12-2023.geojson,Peddamandaddi,,,,,
Peddapalli,TSSD0414,249.03,"{'min': 26.605714797973633, 'max': 29.334285736083984, 'mean': 28.145606884057973, 'count': 69, 'sum': 1942.046875, 'median': 28.042856216430664}","(79.30969398300005, 18.526543618000062, 79.49350302700003, 18.70415850100005)",31-12-2023.geojson,Peddapalli,,,,,
Mahabubabad,TSSD0415,111.61,"{'min': 27.155454635620117, 'max': 28.413999557495117, 'mean': 27.93783162434896, 'count': 30, 'sum': 838.1349487304688, 'median': 27.981109619140625}","(79.51263601700003, 17.490564388000053, 79.63852224900006, 17.619982297000035)",31-12-2023.geojson,Peddavangara,,,,,
Nalgonda,TSSD0416,289.57,"{'min': 25.068571090698242, 'max': 30.260000228881836, 'mean': 28.293491908482142, 'count': 77, 'sum': 2178.598876953125, 'median': 28.328460693359375}","(79.13353438500008, 16.575213949000045, 79.36044542900004, 16.832719401000077)",31-12-2023.geojson,Peddavoora,,,,,
Vikarabad,TSSD0417,240.11,"{'min': 28.086469650268555, 'max': 31.736249923706055, 'mean': 30.41196761592742, 'count': 62, 'sum': 1885.5419921875, 'median': 30.51021957397461}","(77.51261111400004, 17.261553169000024, 77.72573047400004, 17.456603014000052)",31-12-2023.geojson,Peddemul,,,,,
Jagtial,TSSD0418,131.5,"{'min': 26.660667419433594, 'max': 28.382307052612305, 'mean': 27.634241440716913, 'count': 34, 'sum': 939.564208984375, 'median': 27.59666633605957}","(79.00313586800007, 18.638171251000074, 79.13566837800005, 18.76691388300003)",31-12-2023.geojson,Pegadapalli,,,,,
Nirmal,TSSD0419,315.89,"{'min': 23.663333892822266, 'max': 28.35555648803711, 'mean': 25.602757352941175, 'count': 85, 'sum': 2176.234375, 'median': 25.341110229492188}","(78.48200096200003, 19.08543736100006, 78.72744941700006, 19.317058780000025)",31-12-2023.geojson,Pembi,,,,,
Kumurambheem Asifabad,TSSD0420,209.6,"{'min': 24.321666717529297, 'max': 28.808462142944336, 'mean': 26.33559308733259, 'count': 56, 'sum': 1474.793212890625, 'median': 26.403697967529297}","(79.66386794600004, 19.199781307000023, 79.94222848200008, 19.367035272000066)",31-12-2023.geojson,Penchikalpet,,,,,
Suryapet,TSSD0421,190.1,"{'min': 25.93000030517578, 'max': 28.290000915527344, 'mean': 27.43935977711397, 'count': 51, 'sum': 1399.4073486328125, 'median': 27.61222267150879}","(79.59300492900007, 16.958133916000065, 79.81245856700008, 17.09085837200007)",31-12-2023.geojson,Penpahad,,,,,
Nagarkurnool,TSSD0422,100.6,"{'min': 29.283750534057617, 'max': 31.61750030517578, 'mean': 30.75813709605824, 'count': 22, 'sum': 676.6790161132812, 'median': 30.817333221435547}","(78.18107699600006, 16.00532167600005, 78.32316639500004, 16.139543263000064)",31-12-2023.geojson,Pentlavelli,,,,,
Khammam,TSSD0423,273.41,"{'min': 25.101999282836914, 'max': 28.173999786376953, 'mean': 27.03454081217448, 'count': 72, 'sum': 1946.4869384765625, 'median': 27.278778076171875}","(80.59580834400003, 17.100783087000025, 80.77536110100004, 17.320991373000027)",31-12-2023.geojson,Penuballi,,,,,
Bhadradri Kothagudem,TSSD0424,237.05,"{'min': 22.68666648864746, 'max': 27.657272338867188, 'mean': 25.12469951923077, 'count': 65, 'sum': 1633.10546875, 'median': 25.284000396728516}","(80.60213672700007, 17.921962273000076, 80.77371604900003, 18.158406092000064)",31-12-2023.geojson,Pinapaka,,,,,
Vikarabad,TSSD0425,206.05,"{'min': 28.551111221313477, 'max': 30.6521053314209, 'mean': 29.7000732421875, 'count': 54, 'sum': 1603.803955078125, 'median': 29.802555084228516}","(77.89676249700005, 17.131204728000057, 78.06049801700004, 17.32409672800003)",31-12-2023.geojson,Pudur,,,,,
Sangareddy,TSSD0426,148.67,"{'min': 22.899999618530273, 'max': 29.38111114501953, 'mean': 27.542117309570312, 'count': 40, 'sum': 1101.6846923828125, 'median': 28.45058822631836}","(77.90516574499998, 17.65983009000007, 78.07454656600015, 17.812841045000027)",31-12-2023.geojson,Pulkal,,,,,
Medchal_Malkajgiri,TSSD0427,43.97,"{'min': 27.200000762939453, 'max': 28.83222198486328, 'mean': 28.086846923828126, 'count': 10, 'sum': 280.86846923828125, 'median': 28.09833335876465}","(78.38920413800008, 17.480972, 78.50036789700005, 17.561433864000037)",31-12-2023.geojson,Quthbullapur,,,,,
Khammam,TSSD0428,192.3,"{'min': 26.086000442504883, 'max': 28.343334197998047, 'mean': 27.65472412109375, 'count': 50, 'sum': 1382.7362060546875, 'median': 27.64466667175293}","(80.13318105300004, 17.232712673000037, 80.34275288000003, 17.401110535000043)",31-12-2023.geojson,Raghunadhapalem,,,,,
Jangoan,TSSD0429,251.68,"{'min': 27.20142936706543, 'max': 31.27142906188965, 'mean': 29.486277110541046, 'count': 67, 'sum': 1975.58056640625, 'median': 29.338571548461914}","(79.17884629500008, 17.67337913600005, 79.37330906100004, 17.858329210000022)",31-12-2023.geojson,Ragunathpally,,,,,
Jagtial,TSSD0430,266.42,"{'min': 24.963333129882812, 'max': 29.121429443359375, 'mean': 27.38663676247668, 'count': 67, 'sum': 1834.9046630859375, 'median': 27.540666580200195}","(78.72887764300003, 18.831214958000032, 78.93391600400008, 19.071133686000053)",31-12-2023.geojson,Raikal,,,,,
Sangareddy,TSSD0431,223.22,"{'min': 23.54111099243164, 'max': 29.940587997436523, 'mean': 27.478126262796337, 'count': 58, 'sum': 1593.7313232421875, 'median': 28.128889083862305}","(77.66777327100004, 17.76655052700005, 77.88238395400003, 17.93163760300007)",31-12-2023.geojson,Raikode,,,,,
Warangal_Rural,TSSD0432,219.17,"{'min': 25.59833335876465, 'max': 29.485383987426758, 'mean': 28.251932779947918, 'count': 60, 'sum': 1695.115966796875, 'median': 28.351818084716797}","(79.48142998600008, 17.619651097000144, 79.69554202900008, 17.76142627300004)",31-12-2023.geojson,Raiparthy,,,,,
Siddipet,TSSD0433,104.17,"{'min': 28.205554962158203, 'max': 29.656665802001953, 'mean': 28.947509765625, 'count': 29, 'sum': 839.477783203125, 'median': 29.058889389038086}","(78.55726942800004, 17.83236618500007, 78.68891396900005, 17.985113187000024)",31-12-2023.geojson,Raipole,,,,,
Kamareddy,TSSD0434,126.93,"{'min': 26.814706802368164, 'max': 31.4012508392334, 'mean': 29.13652307846967, 'count': 34, 'sum': 990.6417846679688, 'median': 29.125625610351562}","(78.21768245400006, 18.146799025000064, 78.37609676800008, 18.26765991900004)",31-12-2023.geojson,Rajampet,,,,,
Yadadri Bhuvanagiri,TSSD0435,197.22,"{'min': 27.967647552490234, 'max': 30.35124969482422, 'mean': 29.549986547353317, 'count': 49, 'sum': 1447.9493408203125, 'median': 29.648666381835938}","(78.85825081100006, 17.654937046000043, 79.01597518100004, 17.812669696000057)",31-12-2023.geojson,Rajapeta,,,,,
Mahabubnagar,TSSD0436,125.06,"{'min': 29.800588607788086, 'max': 31.44499969482422, 'mean': 30.562130198759192, 'count': 34, 'sum': 1039.1124267578125, 'median': 30.660367965698242}","(78.07616216600007, 16.827293433000023, 78.23953804100006, 16.936410312000078)",31-12-2023.geojson,Rajapur,,,,,
Rangareddy,TSSD0437,48.26,"{'min': 25.066667556762695, 'max': 28.251176834106445, 'mean': 27.148996988932293, 'count': 15, 'sum': 407.2349548339844, 'median': 26.92888832092285}","(78.37469952800006, 17.27932147300004, 78.46010745500007, 17.37208799600006)",31-12-2023.geojson,Rajendranagar,,,,,
Jogulamba Gadwal,TSSD0438,129.05,"{'min': 27.53461456298828, 'max': 31.163333892822266, 'mean': 29.49842565199908, 'count': 34, 'sum': 1002.9464721679688, 'median': 29.54257583618164}","(77.64468695100004, 15.874725880000028, 77.86920549500007, 15.955733610000038)",31-12-2023.geojson,Rajoli,,,,,
Sangareddy,TSSD0439,76.01,"{'min': 26.48411750793457, 'max': 29.06222152709961, 'mean': 27.822940224095394, 'count': 19, 'sum': 528.6358642578125, 'median': 27.816667556762695}","(78.20639802000005, 17.42785604100004, 78.31670013100006, 17.529947374000074)",31-12-2023.geojson,Ramachandrapuram,,,,,
Karimnagar,TSSD0440,134.02,"{'min': 27.222856521606445, 'max': 29.072500228881836, 'mean': 28.13503615920608, 'count': 37, 'sum': 1040.996337890625, 'median': 28.128665924072266}","(79.02101613600007, 18.468415441000047, 79.13300998100004, 18.662426753000034)",31-12-2023.geojson,Ramadugu,,,,,
Peddapalli,TSSD0441,174.25,"{'min': 25.878000259399414, 'max': 29.6971435546875, 'mean': 27.75711614435369, 'count': 44, 'sum': 1221.3131103515625, 'median': 27.76126480102539}","(79.49644329500006, 18.537401654000064, 79.64857378700003, 18.777236066000057)",31-12-2023.geojson,Ramagiri,,,,,
Peddapalli,TSSD0442,113.66,"{'min': 25.752500534057617, 'max': 29.170000076293945, 'mean': 27.365935294858872, 'count': 31, 'sum': 848.343994140625, 'median': 27.322500228881836}","(79.41357231200004, 18.674221571000032, 79.54617280200006, 18.82875034600005)",31-12-2023.geojson,Ramagundam,,,,,
Yadadri Bhuvanagiri,TSSD0443,229.79,"{'min': 25.417499542236328, 'max': 30.108333587646484, 'mean': 27.952461751302085, 'count': 60, 'sum': 1677.147705078125, 'median': 27.858768463134766}","(78.98814184100007, 17.24503517000005, 79.25341493800005, 17.371267423000063)",31-12-2023.geojson,Ramannapet,,,,,
Kamareddy,TSSD0444,168.07,"{'min': 25.62176513671875, 'max': 29.950000762939453, 'mean': 28.053029614825583, 'count': 43, 'sum': 1206.2802734375, 'median': 28.36294174194336}","(78.30521243600003, 18.353492533000065, 78.49228659800008, 18.483468182000024)",31-12-2023.geojson,Ramareddy,,,,,
Medak,TSSD0445,151.12,"{'min': 27.270000457763672, 'max': 29.381250381469727, 'mean': 28.39923604329427, 'count': 36, 'sum': 1022.3724975585938, 'median': 28.407291412353516}","(78.30425113600006, 18.0235726680001, 78.52133388100003, 18.202632038000047)",31-12-2023.geojson,Ramayampet,,,,,
Kumurambheem Asifabad,TSSD0446,259.91,"{'min': 23.81133270263672, 'max': 29.351428985595703, 'mean': 27.592848423549107, 'count': 70, 'sum': 1931.4993896484375, 'median': 27.880001068115234}","(79.32166087900004, 19.178187793000063, 79.54911338400007, 19.34967844600004)",31-12-2023.geojson,Rebbena,,,,,
Medak,TSSD0447,80.04,"{'min': 26.518888473510742, 'max': 28.850000381469727, 'mean': 28.126263427734376, 'count': 20, 'sum': 562.5252685546875, 'median': 28.125}","(77.79480732300004, 17.899738504000027, 77.90762447000003, 18.02227582200004)",31-12-2023.geojson,Regode,,,,,
Jayashankar Bhupalpally,TSSD0448,230.7,"{'min': 26.287500381469727, 'max': 28.074615478515625, 'mean': 27.164530091366526, 'count': 59, 'sum': 1602.707275390625, 'median': 27.215713500976562}","(79.69264018100006, 18.156703452000045, 79.86309632500007, 18.338586973000076)",31-12-2023.geojson,Regonda,,,,,
Nizamabad,TSSD0449,113.22,"{'min': 26.067333221435547, 'max': 28.27941131591797, 'mean': 27.305078125, 'count': 30, 'sum': 819.15234375, 'median': 27.411666870117188}","(77.86138268200006, 18.703789855000025, 78.00478559000004, 18.827805693000073)",31-12-2023.geojson,Renjal,,,,,
Wanaparthy,TSSD0450,123.03,"{'min': 27.9022216796875, 'max': 30.199411392211914, 'mean': 29.03610049977022, 'count': 34, 'sum': 987.2274169921875, 'median': 29.051982879638672}","(78.18099529600005, 16.28925188900007, 78.31347526600007, 16.41654954300003)",31-12-2023.geojson,Revally,,,,,
Rajanna Sircilla,TSSD0451,102.53,"{'min': 24.956666946411133, 'max': 29.741249084472656, 'mean': 27.778785118689903, 'count': 26, 'sum': 722.2484130859375, 'median': 27.82889747619629}","(78.58056651000004, 18.58307069400007, 78.73259018200008, 18.69041016700004)",31-12-2023.geojson,Rudrangi,,,,,
Nizamabad,TSSD0452,49.47,"{'min': 25.682941436767578, 'max': 27.939411163330078, 'mean': 26.89471435546875, 'count': 15, 'sum': 403.42071533203125, 'median': 26.87823486328125}","(77.83311309200008, 18.52944754200007, 77.90865557200004, 18.627816633000066)",31-12-2023.geojson,Rudrur,,,,,
Kamareddy,TSSD0453,196.13,"{'min': 25.886470794677734, 'max': 31.5887508392334, 'mean': 29.38621664946934, 'count': 53, 'sum': 1557.469482421875, 'median': 29.75}","(78.13861896100008, 18.353770851000036, 78.32975145300009, 18.507260761000055)",31-12-2023.geojson,Sadashivnagar,,,,,
Sangareddy,TSSD0454,248.56,"{'min': 26.01555633544922, 'max': 31.084117889404297, 'mean': 29.53078326056985, 'count': 68, 'sum': 2008.09326171875, 'median': 29.741764068603516}","(77.85634040500008, 17.56144371700003, 78.05470115400004, 17.744826153000076)",31-12-2023.geojson,Sadasivpet,,,,,
Hyderabad,TSSD0455,4.44,"{'min': 28.02294158935547, 'max': 28.02294158935547, 'mean': 28.02294158935547, 'count': 1, 'sum': 28.02294158935547, 'median': 28.02294158935547}","(78.49666183500005, 17.34852849400005, 78.52105110000008, 17.37992626500005)",31-12-2023.geojson,Saidabad,,,,,
Sangareddy,TSSD0456,85.0,"{'min': 24.74888801574707, 'max': 28.77666664123535, 'mean': 27.763020833333332, 'count': 21, 'sum': 583.0234375, 'median': 28.29222297668457}","(78.04085741600005, 17.553553519000047, 78.16506055600007, 17.67324188400005)",31-12-2023.geojson,Sangareddy,,,,,
Warangal_Rural,TSSD0457,147.68,"{'min': 25.562856674194336, 'max': 29.7983341217041, 'mean': 28.67167904502467, 'count': 38, 'sum': 1089.5238037109375, 'median': 28.916152954101562}","(79.62671724200004, 17.820931420000022, 79.79112790100004, 17.944659224000077)",31-12-2023.geojson,Sangem,,,,,
Jagtial,TSSD0458,143.97,"{'min': 25.264667510986328, 'max': 29.45800018310547, 'mean': 27.354420731707318, 'count': 41, 'sum': 1121.53125, 'median': 27.282499313354492}","(78.88862723900007, 18.84957074600004, 79.01218592200007, 19.00894877500002)",31-12-2023.geojson,Sarangapur,,,,,
Nirmal,TSSD0459,255.36,"{'min': 25.081111907958984, 'max': 28.950000762939453, 'mean': 26.894264914772727, 'count': 66, 'sum': 1775.021484375, 'median': 26.993431091308594}","(78.17542674100008, 19.119711206000034, 78.37414495300004, 19.317393956000046)",31-12-2023.geojson,Sarangapur,,,,,
Khammam,TSSD0460,285.22,"{'min': 24.04111099243164, 'max': 28.913637161254883, 'mean': 26.418033965646405, 'count': 73, 'sum': 1928.5164794921875, 'median': 26.65833282470703}","(80.75683769000005, 17.117241266000065, 80.92560532200008, 17.37735310100004)",31-12-2023.geojson,Sathupally,,,,,
Hyderabad,TSSD0461,3.33,"{'min': 26.777368545532227, 'max': 26.777368545532227, 'mean': 26.777368545532227, 'count': 1, 'sum': 26.777368545532227, 'median': 26.777368545532227}","(78.46963204300005, 17.426530425000067, 78.49977880800003, 17.44386382500005)",31-12-2023.geojson,Secunderabad,,,,,
Rangareddy,TSSD0462,96.56,"{'min': 26.140588760375977, 'max': 27.633529663085938, 'mean': 26.788888113839285, 'count': 28, 'sum': 750.0888671875, 'median': 26.75882339477539}","(78.27172464700004, 17.409225719000062, 78.40724610200004, 17.522654105000072)",31-12-2023.geojson,Serilingampalle,,,,,
Rangareddy,TSSD0463,232.51,"{'min': 28.8226318359375, 'max': 30.97736930847168, 'mean': 29.897742962015087, 'count': 58, 'sum': 1734.069091796875, 'median': 29.8294734954834}","(78.04592706400007, 17.084200252000073, 78.25929582200007, 17.259301650000054)",31-12-2023.geojson,Shabad,,,,,
Hyderabad,TSSD0464,23.35,"{'min': 26.782222747802734, 'max': 27.133333206176758, 'mean': 27.01574198404948, 'count': 6, 'sum': 162.09445190429688, 'median': 27.045000076293945}","(78.38838433400008, 17.386491415000023, 78.45185860300006, 17.441244402000052)",31-12-2023.geojson,Shaikpet,,,,,
Nalgonda,TSSD0465,228.95,"{'min': 25.275714874267578, 'max': 29.43600082397461, 'mean': 27.69753621419271, 'count': 60, 'sum': 1661.8521728515625, 'median': 27.759714126586914}","(79.28719940500008, 17.21166416600005, 79.50079969900008, 17.35925323300006)",31-12-2023.geojson,Shaligouraram,,,,,
Medchal_Malkajgiri,TSSD0466,150.73,"{'min': 26.24333381652832, 'max': 28.84666633605957, 'mean': 27.892572021484376, 'count': 40, 'sum': 1115.702880859375, 'median': 27.953887939453125}","(78.49393641100005, 17.536372458000073, 78.65615437000014, 17.695841263000034)",31-12-2023.geojson,Shamirpet,,,,,
Rangareddy,TSSD0467,199.4,"{'min': 26.24222183227539, 'max': 30.00157928466797, 'mean': 28.71320284329928, 'count': 52, 'sum': 1493.0865478515625, 'median': 28.838890075683594}","(78.23263628200004, 17.145048406000058, 78.43688465000008, 17.322722112000065)",31-12-2023.geojson,Shamshabad,,,,,
Medak,TSSD0468,142.04,"{'min': 23.26555633544922, 'max': 28.823333740234375, 'mean': 27.48583984375, 'count': 38, 'sum': 1044.4619140625, 'median': 27.925262451171875}","(77.85211008600004, 17.994571649000022, 78.00442992900008, 18.123550200000068)",31-12-2023.geojson,Shankarampet_A,,,,,
Karimnagar,TSSD0469,144.28,"{'min': 27.842857360839844, 'max': 29.568750381469727, 'mean': 28.968634033203124, 'count': 40, 'sum': 1158.745361328125, 'median': 29.082584381103516}","(79.25766646100004, 18.226704529000074, 79.40468523700008, 18.368117502000075)",31-12-2023.geojson,Shankarapatnam,,,,,
Rangareddy,TSSD0470,210.66,"{'min': 27.113332748413086, 'max': 30.32647132873535, 'mean': 28.71642031912076, 'count': 59, 'sum': 1694.268798828125, 'median': 28.7111759185791}","(78.03518070400008, 17.36271017200005, 78.28884776000007, 17.519074225000054)",31-12-2023.geojson,Shankarpalle,,,,,
Warangal_Rural,TSSD0471,116.47,"{'min': 25.93400001525879, 'max': 28.31615447998047, 'mean': 27.124176025390625, 'count': 32, 'sum': 867.9736328125, 'median': 27.158761978149414}","(79.65749409800003, 18.09115618000004, 79.85468848500005, 18.192367870000055)",31-12-2023.geojson,Shayampet,,,,,
Medak,TSSD0472,193.23,"{'min': 27.190000534057617, 'max': 30.162500381469727, 'mean': 28.594342912946427, 'count': 49, 'sum': 1401.122802734375, 'median': 28.63705825805664}","(78.29506747900007, 17.69907432800005, 78.44788785400004, 17.878551977000086)",31-12-2023.geojson,Shivampet,,,,,
Siddipet,TSSD0473,112.6,"{'min': 27.861764907836914, 'max': 29.468666076660156, 'mean': 28.465748378208705, 'count': 28, 'sum': 797.0409545898438, 'median': 28.468124389648438}","(78.71740480300008, 18.05814766800006, 78.82931055600005, 18.221303904000138)",31-12-2023.geojson,Siddipet_Rural,,,,,
Siddipet,TSSD0474,140.55,"{'min': 27.08294105529785, 'max': 29.172500610351562, 'mean': 28.31124538845486, 'count': 36, 'sum': 1019.204833984375, 'median': 28.349411010742188}","(78.77407040900005, 18.036517040000035, 78.93338480300008, 18.152979642000048)",31-12-2023.geojson,Siddipet_Urban,,,,,
Khammam,TSSD0475,248.58,"{'min': 24.90833282470703, 'max': 27.220909118652344, 'mean': 26.483219146728516, 'count': 64, 'sum': 1694.926025390625, 'median': 26.66272735595703}","(80.19501777600004, 17.426341041000057, 80.47158959500007, 17.577896090000024)",31-12-2023.geojson,Singareni,,,,,
Rajanna Sircilla,TSSD0476,53.12,"{'min': 27.158235549926758, 'max': 28.781110763549805, 'mean': 27.99875967843192, 'count': 14, 'sum': 391.9826354980469, 'median': 28.093299865722656}","(78.74143609700008, 18.35280534900005, 78.85232997100007, 18.43330245100003)",31-12-2023.geojson,Sircilla,,,,,
Sangareddy,TSSD0477,119.81,"{'min': 26.328947067260742, 'max': 31.048948287963867, 'mean': 28.809195963541665, 'count': 30, 'sum': 864.27587890625, 'median': 28.80789566040039}","(77.63761782900008, 18.101238527000078, 77.80019010900008, 18.20600259400004)",31-12-2023.geojson,Sirgapoor,,,,,
Adilabad,TSSD0478,202.11,"{'min': 24.935556411743164, 'max': 28.724445343017578, 'mean': 27.416971842447918, 'count': 54, 'sum': 1480.5164794921875, 'median': 27.675613403320312}","(78.50741267300003, 19.29955482500003, 78.69361824700007, 19.472598296000115)",31-12-2023.geojson,Sirikonda,,,,,
Nizamabad,TSSD0479,334.45,"{'min': 24.64647102355957, 'max': 28.946250915527344, 'mean': 26.47574962269176, 'count': 88, 'sum': 2329.865966796875, 'median': 26.545883178710938}","(78.38760279100006, 18.43949633400007, 78.61969949700006, 18.654543137000076)",31-12-2023.geojson,Sirikonda,,,,,
Kumurambheem Asifabad,TSSD0480,336.55,"{'min': 23.472665786743164, 'max': 28.02199935913086, 'mean': 26.22223610101744, 'count': 86, 'sum': 2255.1123046875, 'median': 26.479957580566406}","(79.45414155100008, 19.378014544000052, 79.70518129200008, 19.576127453000026)",31-12-2023.geojson,Sirpur_T,,,,,
Kumurambheem Asifabad,TSSD0481,188.92,"{'min': 24.1299991607666, 'max': 29.9244441986084, 'mean': 27.8753369140625, 'count': 50, 'sum': 1393.766845703125, 'median': 28.172941207885742}","(78.86004844600006, 19.270764704000044, 79.06911914200003, 19.420337200000063)",31-12-2023.geojson,Sirpur_U,,,,,
Nirmal,TSSD0482,83.77,"{'min': 23.078235626220703, 'max': 27.37444496154785, 'mean': 25.672781808035715, 'count': 21, 'sum': 539.12841796875, 'median': 26.11888885498047}","(78.27684201200003, 18.95122860600003, 78.41145082100007, 19.069772912000076)",31-12-2023.geojson,Soan,,,,,
Peddapalli,TSSD0483,188.77,"{'min': 28.046249389648438, 'max': 29.6728572845459, 'mean': 28.817399567248774, 'count': 51, 'sum': 1469.6873779296875, 'median': 28.819334030151367}","(79.43915173000005, 18.412581072000023, 79.59585151700009, 18.604812498000058)",31-12-2023.geojson,Srirampur,,,,,
Wanaparthy,TSSD0484,78.54,"{'min': 28.696666717529297, 'max': 30.7137508392334, 'mean': 29.787692260742187, 'count': 20, 'sum': 595.7538452148438, 'median': 29.707881927490234}","(77.99102928900004, 16.130406421000032, 78.08846242100003, 16.26036345500006)",31-12-2023.geojson,Srirangapur,,,,,
Bhadradri Kothagudem,TSSD0485,105.54,"{'min': 25.510000228881836, 'max': 27.281999588012695, 'mean': 26.48773193359375, 'count': 28, 'sum': 741.656494140625, 'median': 26.547443389892578}","(80.48722315900005, 17.43343624000005, 80.65641156200007, 17.547570692000022)",31-12-2023.geojson,Sujathanagar,,,,,
Peddapalli,TSSD0486,165.88,"{'min': 27.485000610351562, 'max': 29.9060001373291, 'mean': 28.89605712890625, 'count': 44, 'sum': 1271.426513671875, 'median': 28.946876525878906}","(79.21551160500007, 18.440055271000062, 79.39913112200009, 18.60634948300003)",31-12-2023.geojson,Sultanabad,,,,,
Suryapet,TSSD0487,218.55,"{'min': 24.578571319580078, 'max': 28.562000274658203, 'mean': 27.49497584292763, 'count': 57, 'sum': 1567.213623046875, 'median': 27.715999603271484}","(79.49048435600008, 17.06180805200006, 79.66976062200007, 17.28486849600006)",31-12-2023.geojson,Suryapet,,,,,
Nagarkurnool,TSSD0488,226.32,"{'min': 28.691110610961914, 'max': 30.141578674316406, 'mean': 29.34610871345766, 'count': 62, 'sum': 1819.458740234375, 'median': 29.308334350585938}","(78.26727079000005, 16.49459693400007, 78.45711110600007, 16.688643456000023)",31-12-2023.geojson,Tadoor,,,,,
Mulugu,TSSD0489,839.17,"{'min': 22.636154174804688, 'max': 26.392499923706055, 'mean': 24.130834736955276, 'count': 218, 'sum': 5260.52197265625, 'median': 24.031381607055664}","(80.10419615200004, 17.996319820000053, 80.48000297700008, 18.393553888000042)",31-12-2023.geojson,Tadvai (Sammakka Sarakka),,,,,
Kamareddy,TSSD0490,177.12,"{'min': 26.532499313354492, 'max': 31.389999389648438, 'mean': 29.5048828125, 'count': 47, 'sum': 1386.7294921875, 'median': 29.458234786987305}","(78.15208823200004, 18.213409773000024, 78.30662145900004, 18.383527335000053)",31-12-2023.geojson,Tadwai,,,,,
Rangareddy,TSSD0491,245.69,"{'min': 28.074705123901367, 'max': 30.39266586303711, 'mean': 29.48989590731534, 'count': 66, 'sum': 1946.3331298828125, 'median': 29.497610092163086}","(78.32295389600006, 16.777295856000023, 78.50523085400005, 16.961749273000066)",31-12-2023.geojson,Talakondapally,,,,,
Adilabad,TSSD0492,285.66,"{'min': 24.149999618530273, 'max': 27.242000579833984, 'mean': 25.96999900928442, 'count': 69, 'sum': 1791.929931640625, 'median': 26.082000732421875}","(78.26295216300008, 19.53761522600007, 78.49682900700003, 19.716183126000033)",31-12-2023.geojson,Talamadugu,,,,,
Adilabad,TSSD0493,97.7,"{'min': 25.913999557495117, 'max': 27.948667526245117, 'mean': 27.06402361834491, 'count': 27, 'sum': 730.7286376953125, 'median': 27.124666213989258}","(78.33972411600007, 19.63174893000007, 78.51576933100006, 19.752904132000026)",31-12-2023.geojson,Tamsi,,,,,
Mancherial,TSSD0494,177.0,"{'min': 23.985000610351562, 'max': 28.847646713256836, 'mean': 27.2296533203125, 'count': 50, 'sum': 1361.482666015625, 'median': 27.521333694458008}","(79.32361030500005, 19.082851204000065, 79.57052485400004, 19.226889392000032)",31-12-2023.geojson,Tandur,,,,,
Vikarabad,TSSD0495,240.33,"{'min': 29.091249465942383, 'max': 31.09235382080078, 'mean': 30.063331604003906, 'count': 64, 'sum': 1924.05322265625, 'median': 30.036470413208008}","(77.43695612500005, 17.209464535000052, 77.67739970400004, 17.402500187000044)",31-12-2023.geojson,Tandur,,,,,
Nirmal,TSSD0496,217.5,"{'min': 26.836315155029297, 'max': 31.75933265686035, 'mean': 28.655517578125, 'count': 59, 'sum': 1690.675537109375, 'median': 28.53533363342285}","(77.76173454100007, 18.90445741800005, 77.90387245800008, 19.155003113000078)",31-12-2023.geojson,Tanoor,,,,,
Medak,TSSD0497,138.61,"{'min': 26.800525665283203, 'max': 28.925294876098633, 'mean': 28.022762900904606, 'count': 38, 'sum': 1064.864990234375, 'median': 28.101226806640625}","(77.96914892900008, 17.877695860000074, 78.09576951400004, 18.071839029000046)",31-12-2023.geojson,Tekmal,,,,,
Bhadradri Kothagudem,TSSD0498,467.77,"{'min': 24.058332443237305, 'max': 27.55727195739746, 'mean': 26.100395827996927, 'count': 122, 'sum': 3184.248291015625, 'median': 26.23272705078125}","(80.37730808200007, 17.508099650000077, 80.62125353800008, 17.765024521000043)",31-12-2023.geojson,Tekulapalle,,,,,
Jayashankar Bhupalpally,TSSD0499,105.62,"{'min': 27.975000381469727, 'max': 30.261428833007812, 'mean': 28.81349836077009, 'count': 28, 'sum': 806.7779541015625, 'median': 28.691436767578125}","(79.56830471500007, 18.351151408000078, 79.68021060700005, 18.481462286000067)",31-12-2023.geojson,Tekumatla,,,,,
Nagarkurnool,TSSD0500,246.35,"{'min': 27.761764526367188, 'max': 30.213529586791992, 'mean': 28.735387802124023, 'count': 64, 'sum': 1839.0648193359375, 'median': 28.56470489501953}","(78.34696131600003, 16.292821352000033, 78.51629761100008, 16.523862474000055)",31-12-2023.geojson,Telkapalle,,,,,
Khammam,TSSD0501,201.36,"{'min': 25.00428581237793, 'max': 28.796667098999023, 'mean': 27.57050136350236, 'count': 53, 'sum': 1461.236572265625, 'median': 27.829999923706055}","(80.37659267100008, 17.090031495000062, 80.51879083800003, 17.305187707000073)",31-12-2023.geojson,Thallada,,,,,
Rajanna Sircilla,TSSD0502,188.9,"{'min': 24.898000717163086, 'max': 28.819412231445312, 'mean': 27.59797081580529, 'count': 52, 'sum': 1435.094482421875, 'median': 27.793750762939453}","(78.72705830300004, 18.25399247500019, 78.94322523800008, 18.414849795000066)",31-12-2023.geojson,Thangallapalli,,,,,
Jangoan,TSSD0503,85.48,"{'min': 27.90999984741211, 'max': 28.878570556640625, 'mean': 28.395100911458332, 'count': 21, 'sum': 596.297119140625, 'median': 28.381427764892578}","(79.11661335800005, 17.901698373000045, 79.23410722300008, 17.998869741000078)",31-12-2023.geojson,Tharigoppula,,,,,
Nagarkurnool,TSSD0504,211.8,"{'min': 28.648822784423828, 'max': 31.235881805419922, 'mean': 30.041351853755483, 'count': 57, 'sum': 1712.3570556640625, 'median': 30.165555953979492}","(78.12774301200005, 16.58719177000006, 78.30066679700008, 16.739122914000063)",31-12-2023.geojson,Thimmajipeta,,,,,
Karimnagar,TSSD0505,159.28,"{'min': 24.607500076293945, 'max': 29.395334243774414, 'mean': 28.32827261991279, 'count': 43, 'sum': 1218.11572265625, 'median': 28.7549991607666}","(79.10148313700006, 18.256739006000032, 79.27138762700008, 18.42426985000003)",31-12-2023.geojson,Thimmapur,,,,,
Siddipet,TSSD0506,163.65,"{'min': 24.75111198425293, 'max': 29.524999618530273, 'mean': 27.46475883152174, 'count': 46, 'sum': 1263.37890625, 'median': 27.841764450073242}","(78.64082299900008, 17.935194339000077, 78.80609777400008, 18.103813367000043)",31-12-2023.geojson,Thoguta,,,,,
Mahabubabad,TSSD0507,190.94,"{'min': 27.049999237060547, 'max': 28.950000762939453, 'mean': 28.025919596354168, 'count': 48, 'sum': 1345.244140625, 'median': 28.096221923828125}","(79.57724589900005, 17.48583601000007, 79.73451208900008, 17.685591776000024)",31-12-2023.geojson,Thorrur,,,,,
Suryapet,TSSD0508,155.64,"{'min': 26.7742862701416, 'max': 27.75, 'mean': 27.398397756177324, 'count': 43, 'sum': 1178.131103515625, 'median': 27.433635711669922}","(79.53306376300003, 17.336875194000072, 79.65698014400004, 17.505487876000075)",31-12-2023.geojson,Thungathurthy,,,,,
Nalgonda,TSSD0509,191.03,"{'min': 26.673076629638672, 'max': 28.74818229675293, 'mean': 28.115301393995097, 'count': 51, 'sum': 1433.88037109375, 'median': 28.202726364135742}","(79.30130099300004, 16.962640196000052, 79.50775880800006, 17.107243536000055)",31-12-2023.geojson,Tipparthy,,,,,
Suryapet,TSSD0510,133.14,"{'min': 27.4060001373291, 'max': 29.13909149169922, 'mean': 28.207535226004463, 'count': 35, 'sum': 987.2637329101562, 'median': 28.167499542236328}","(79.36516547400004, 17.434097946000065, 79.57840336100008, 17.524158415000045)",31-12-2023.geojson,Tirumalagiri,,,,,
Nalgonda,TSSD0511,252.04,"{'min': 25.413076400756836, 'max': 29.540000915527344, 'mean': 27.999515474759615, 'count': 65, 'sum': 1819.968505859375, 'median': 28.262727737426758}","(79.26163271700005, 16.580070085000045, 79.46872681600007, 16.764696361000063)",31-12-2023.geojson,Tirumalagiri_Sagar,,,,,
Khammam,TSSD0512,235.92,"{'min': 26.54777717590332, 'max': 28.16111183166504, 'mean': 27.627888997395832, 'count': 63, 'sum': 1740.5570068359375, 'median': 27.672500610351562}","(79.80212475200005, 17.26260219900007, 80.05769935000006, 17.405974666000077)",31-12-2023.geojson,Tirumalayapalem,,,,,
Hyderabad,TSSD0513,13.97,"{'min': 27.595556259155273, 'max': 28.719999313354492, 'mean': 28.02527618408203, 'count': 4, 'sum': 112.10110473632812, 'median': 27.892776489257812}","(78.46457994100007, 17.44383310300003, 78.51669244400006, 17.484285331000024)",31-12-2023.geojson,Tirumalgiri,,,,,
Kumurambheem Asifabad,TSSD0514,581.75,"{'min': 23.331249237060547, 'max': 29.20571517944336, 'mean': 25.896603232935856, 'count': 152, 'sum': 3936.28369140625, 'median': 25.787731170654297}","(79.03492001100005, 19.050559607000025, 79.39561347700004, 19.31944793300005)",31-12-2023.geojson,Tiryani,,,,,
Nalgonda,TSSD0515,161.12,"{'min': 25.459999084472656, 'max': 28.829999923706055, 'mean': 27.635348510742187, 'count': 40, 'sum': 1105.4139404296875, 'median': 27.744762420654297}","(79.38610741200006, 16.71370968100007, 79.55776053800008, 16.93653709800003)",31-12-2023.geojson,Tripuraram,,,,,
Yadadri Bhuvanagiri,TSSD0516,188.2,"{'min': 27.847646713256836, 'max': 30.14875030517578, 'mean': 29.006638746995193, 'count': 52, 'sum': 1508.34521484375, 'median': 28.981502532958984}","(78.73050890600007, 17.570452835000026, 78.89834246500004, 17.752589976000024)",31-12-2023.geojson,Turkapalle_M,,,,,
Jogulamba Gadwal,TSSD0517,170.36,"{'min': 30.691333770751953, 'max': 34.74882507324219, 'mean': 32.414343545603195, 'count': 43, 'sum': 1393.8167724609375, 'median': 32.19941329956055}","(77.88159823500007, 15.863581044000057, 78.08622663000006, 16.053428277000023)",31-12-2023.geojson,Undavelly,,,,,
Medchal_Malkajgiri,TSSD0518,52.14,"{'min': 26.861249923706055, 'max': 28.450000762939453, 'mean': 27.499713604266827, 'count': 13, 'sum': 357.49627685546875, 'median': 27.51799964904785}","(78.51557767600008, 17.36244841100006, 78.59239104200003, 17.472398036000072)",31-12-2023.geojson,Uppal,,,,,
Nagarkurnool,TSSD0519,220.67,"{'min': 26.113750457763672, 'max': 29.790000915527344, 'mean': 28.320271120233052, 'count': 59, 'sum': 1670.89599609375, 'median': 28.33823585510254}","(78.49480188900003, 16.427307790000043, 78.78066858400007, 16.540239662000033)",31-12-2023.geojson,Uppunuthala,,,,,
Nagarkurnool,TSSD0520,151.12,"{'min': 28.372222900390625, 'max': 30.39588165283203, 'mean': 29.241899762834823, 'count': 42, 'sum': 1228.1597900390625, 'median': 29.22496795654297}","(78.32047445900008, 16.645373909000057, 78.49203880200008, 16.79728595000006)",31-12-2023.geojson,Urkonda,,,,,
Adilabad,TSSD0521,387.91,"{'min': 23.975555419921875, 'max': 28.853750228881836, 'mean': 27.30274128464033, 'count': 106, 'sum': 2894.090576171875, 'median': 27.686874389648438}","(78.67318644400007, 19.21647222100006, 78.88463769300006, 19.513128066000036)",31-12-2023.geojson,Utnur,,,,,
Karimnagar,TSSD0522,142.44,"{'min': 27.46066665649414, 'max': 28.992856979370117, 'mean': 28.37171695106908, 'count': 38, 'sum': 1078.125244140625, 'median': 28.406999588012695}","(79.24194008100005, 18.132462591000035, 79.37717220500008, 18.263355341000022)",31-12-2023.geojson,V_Saidapur,,,,,
Nizamabad,TSSD0523,135.3,"{'min': 25.96125030517578, 'max': 28.13249969482422, 'mean': 26.983079698350693, 'count': 36, 'sum': 971.390869140625, 'median': 27.06147003173828}","(78.33304706400008, 18.693780867000044, 78.47512705800006, 18.85105660800002)",31-12-2023.geojson,Vailpur,,,,,
Yadadri Bhuvanagiri,TSSD0524,316.13,"{'min': 26.29857063293457, 'max': 30.71181869506836, 'mean': 28.240401105182926, 'count': 82, 'sum': 2315.712890625, 'median': 28.13357162475586}","(78.90535444600005, 17.313647203000073, 79.22099072200007, 17.479032318000066)",31-12-2023.geojson,Valigonda,,,,,
Nagarkurnool,TSSD0525,244.56,"{'min': 27.05500030517578, 'max': 30.08625030517578, 'mean': 28.80801669034091, 'count': 66, 'sum': 1901.3291015625, 'median': 28.863208770751953}","(78.48140456800007, 16.498402209000062, 78.71532448400006, 16.664788172000044)",31-12-2023.geojson,Vangoor,,,,,
Nizamabad,TSSD0526,134.67,"{'min': 25.170000076293945, 'max': 29.551176071166992, 'mean': 26.668310546875, 'count': 35, 'sum': 933.390869140625, 'median': 26.135000228881836}","(77.84552225000004, 18.434438427000032, 78.04087699300004, 18.57495128000005)",31-12-2023.geojson,Varni,,,,,
Sangareddy,TSSD0527,138.9,"{'min': 22.922222137451172, 'max': 29.24578857421875, 'mean': 27.24592349403783, 'count': 38, 'sum': 1035.3450927734375, 'median': 28.092973709106445}","(77.82626219800005, 17.806470842000067, 77.97597402000008, 17.94784828400003)",31-12-2023.geojson,Vatpally,,,,,
Karimnagar,TSSD0528,149.05,"{'min': 28.491249084472656, 'max': 29.65250015258789, 'mean': 29.066717529296874, 'count': 40, 'sum': 1162.668701171875, 'median': 29.040000915527344}","(79.32153135600004, 18.284775453000066, 79.47308686900004, 18.451735262000057)",31-12-2023.geojson,Veenavanka,,,,,
Rajanna Sircilla,TSSD0529,108.34,"{'min': 25.977500915527344, 'max': 29.709999084472656, 'mean': 27.158207484654017, 'count': 28, 'sum': 760.4298095703125, 'median': 26.944000244140625}","(78.52432514700007, 18.43250137900003, 78.66155136400005, 18.551319524000064)",31-12-2023.geojson,Veernapalli,,,,,
Warangal_Urban,TSSD0530,99.79,"{'min': 27.928571701049805, 'max': 29.15571403503418, 'mean': 28.65700927734375, 'count': 25, 'sum': 716.4252319335938, 'median': 28.662857055664062}","(79.22835213700006, 17.93079546100006, 79.37723082100007, 18.05131547900004)",31-12-2023.geojson,Velair,,,,,
Nagarkurnool,TSSD0531,241.3,"{'min': 28.37117576599121, 'max': 31.217058181762695, 'mean': 29.337932649205943, 'count': 61, 'sum': 1789.6138916015625, 'median': 29.25470542907715}","(78.46270790300008, 16.666440694000073, 78.68353178700005, 16.830959432000043)",31-12-2023.geojson,Veldanda,,,,,
Jagtial,TSSD0532,186.9,"{'min': 25.60124969482422, 'max': 29.24066734313965, 'mean': 27.864374900350764, 'count': 49, 'sum': 1365.3543701171875, 'median': 28.139999389648438}","(79.12494408400005, 18.722845411000037, 79.29767471800005, 18.894953697000062)",31-12-2023.geojson,Velgatur,,,,,
Mancherial,TSSD0533,250.71,"{'min': 23.72142791748047, 'max': 28.604665756225586, 'mean': 26.468019400069963, 'count': 67, 'sum': 1773.3572998046875, 'median': 26.520000457763672}","(79.69774836700003, 18.995230109000033, 79.93090835500004, 19.173999767000055)",31-12-2023.geojson,Vemanpalle,,,,,
Khammam,TSSD0534,212.09,"{'min': 26.304546356201172, 'max': 28.6522216796875, 'mean': 27.44413174715909, 'count': 55, 'sum': 1509.42724609375, 'median': 27.496000289916992}","(80.65028236900008, 17.04501079700003, 80.87710057800007, 17.186178728000073)",31-12-2023.geojson,Vemsoor,,,,,
Nalgonda,TSSD0535,112.25,"{'min': 25.600000381469727, 'max': 28.110000610351562, 'mean': 27.117476924773186, 'count': 31, 'sum': 840.6417846679688, 'median': 27.21181869506836}","(79.49070453100006, 16.89060024500003, 79.61612180500003, 17.07767939000007)",31-12-2023.geojson,Vemulapally,,,,,
Rajanna Sircilla,TSSD0536,84.86,"{'min': 27.3829402923584, 'max': 29.13705825805664, 'mean': 28.52166748046875, 'count': 20, 'sum': 570.433349609375, 'median': 28.598791122436523}","(78.80779904800005, 18.41516011400006, 78.91545277600005, 18.54459724000003)",31-12-2023.geojson,Vemulawada,,,,,
Rajanna Sircilla,TSSD0537,107.21,"{'min': 24.886249542236328, 'max': 29.7277774810791, 'mean': 27.905160086495535, 'count': 28, 'sum': 781.344482421875, 'median': 28.124374389648438}","(78.77384337400008, 18.403529220000053, 78.91728096300005, 18.597872276000032)",31-12-2023.geojson,Vemulawada Rural,,,,,
Mulugu,TSSD0538,370.83,"{'min': 23.493999481201172, 'max': 27.777692794799805, 'mean': 25.27115563118812, 'count': 101, 'sum': 2552.38671875, 'median': 24.882856369018555}","(79.85087728600007, 18.200829315000078, 80.17916133800009, 18.400974098000063)",31-12-2023.geojson,Venkatapur,,,,,
Mulugu,TSSD0539,588.35,"{'min': 21.802000045776367, 'max': 30.917999267578125, 'mean': 25.14372057792468, 'count': 156, 'sum': 3922.42041015625, 'median': 24.588787078857422}","(80.46538317500006, 18.105970334000062, 80.79370483500009, 18.449384397000074)",31-12-2023.geojson,Venkatapuram,,,,,
Vikarabad,TSSD0540,270.72,"{'min': 27.244443893432617, 'max': 30.712223052978516, 'mean': 29.576727044092465, 'count': 73, 'sum': 2159.10107421875, 'median': 29.6744441986084}","(77.79093909400007, 17.228214577000074, 78.02432692200006, 17.44577402500005)",31-12-2023.geojson,Vikarabad,,,,,
Jogulamba Gadwal,TSSD0541,129.2,"{'min': 28.969999313354492, 'max': 33.83777618408203, 'mean': 30.948582504734848, 'count': 33, 'sum': 1021.30322265625, 'median': 30.860000610351562}","(77.71231111200007, 15.89601525300003, 77.89649991000005, 16.018746091000025)",31-12-2023.geojson,Waddepally,,,,,
Wanaparthy,TSSD0542,201.88,"{'min': 28.988750457763672, 'max': 31.93842124938965, 'mean': 30.717031441482842, 'count': 51, 'sum': 1566.568603515625, 'median': 30.738235473632812}","(77.95375639600007, 16.253768913000044, 78.13510940900005, 16.464866955000048)",31-12-2023.geojson,Wanaparthy,,,,,
Kumurambheem Asifabad,TSSD0543,335.2,"{'min': 25.143749237060547, 'max': 29.475000381469727, 'mean': 27.93663699127907, 'count': 86, 'sum': 2402.55078125, 'median': 28.01588249206543}","(79.20433473500003, 19.379408367000053, 79.42272052200008, 19.61653411900005)",31-12-2023.geojson,Wankidi,,,,,
Warangal_Urban,TSSD0544,39.54,"{'min': 27.431428909301758, 'max': 29.023332595825195, 'mean': 28.272172407670453, 'count': 11, 'sum': 310.993896484375, 'median': 28.234615325927734}","(79.59074538600004, 17.974576416000048, 79.67092088100003, 18.04143189300015)",31-12-2023.geojson,Warangal,,,,,
Warangal_Rural,TSSD0545,158.41,"{'min': 26.772857666015625, 'max': 29.40166664123535, 'mean': 28.58545754172585, 'count': 44, 'sum': 1257.7601318359375, 'median': 28.67412567138672}","(79.47950597500005, 17.695552186000043, 79.66242391200007, 17.87391055100005)",31-12-2023.geojson,Wardhannapet,,,,,
Siddipet,TSSD0546,141.87,"{'min': 27.367647171020508, 'max': 29.34666633605957, 'mean': 28.52269865337171, 'count': 38, 'sum': 1083.862548828125, 'median': 28.60529327392578}","(78.510667, 17.737442558000055, 78.67005759100005, 17.837924042000054)",31-12-2023.geojson,Wargal,,,,,
Wanaparthy,TSSD0547,165.53,"{'min': 28.683332443237305, 'max': 31.72529411315918, 'mean': 30.371962436409884, 'count': 43, 'sum': 1305.994384765625, 'median': 30.28874969482422}","(78.03872356400007, 16.081036264000033, 78.22753261000008, 16.189588461000028)",31-12-2023.geojson,Weepangandla,,,,,
Khammam,TSSD0548,135.48,"{'min': 26.47909164428711, 'max': 28.747499465942383, 'mean': 27.75800385346284, 'count': 37, 'sum': 1027.046142578125, 'median': 27.83333396911621}","(80.29245451900005, 17.052642821000063, 80.43887726800006, 17.202658917000065)",31-12-2023.geojson,Wyra,,,,,
Rangareddy,TSSD0549,316.92,"{'min': 26.488666534423828, 'max': 30.364665985107422, 'mean': 29.290152200838413, 'count': 82, 'sum': 2401.79248046875, 'median': 29.442432403564453}","(78.54568468000008, 16.934093064000024, 78.80793281600006, 17.12867297300005)",31-12-2023.geojson,Yacharam,,,,,
Yadadri Bhuvanagiri,TSSD0550,186.21,"{'min': 29.16866683959961, 'max': 30.885713577270508, 'mean': 29.81057559742647, 'count': 51, 'sum': 1520.33935546875, 'median': 29.748666763305664}","(78.84835935400008, 17.534587685000076, 79.03828959100008, 17.686530936000054)",31-12-2023.geojson,Yadagirigutta,,,,,
Nizamabad,TSSD0551,94.89,"{'min': 24.95133399963379, 'max': 27.534000396728516, 'mean': 26.67101111778846, 'count': 26, 'sum': 693.4462890625, 'median': 26.80420684814453}","(77.91550924600006, 18.623425712000028, 78.04225781600007, 18.729394451000076)",31-12-2023.geojson,Yedapally,,,,,
Vikarabad,TSSD0552,198.18,"{'min': 28.49210548400879, 'max': 30.839332580566406, 'mean': 29.920115751378678, 'count': 51, 'sum': 1525.9259033203125, 'median': 29.922000885009766}","(77.52786449900003, 17.13053142700005, 77.75138027800006, 17.285580779000043)",31-12-2023.geojson,Yelal,,,,,
Medak,TSSD0553,163.31,"{'min': 26.500587463378906, 'max': 29.888750076293945, 'mean': 28.661939538043477, 'count': 46, 'sum': 1318.44921875, 'median': 28.666250228881836}","(78.25020444800003, 17.845214376000058, 78.42507897600012, 17.987096653000037)",31-12-2023.geojson,Yeldurthy,,,,,
Bhadradri Kothagudem,TSSD0554,446.45,"{'min': 22.343334197998047, 'max': 28.264545440673828, 'mean': 26.374933058215724, 'count': 124, 'sum': 3270.49169921875, 'median': 26.582500457763672}","(80.20203604400007, 17.495235336000064, 80.42881209300003, 17.784950355000035)",31-12-2023.geojson,Yellandu,,,,,
Kamareddy,TSSD0555,184.45,"{'min': 23.38222312927246, 'max': 29.40999984741211, 'mean': 27.129255022321427, 'count': 49, 'sum': 1329.33349609375, 'median': 27.152353286743164}","(77.94077074800003, 18.10658015200005, 78.09588024100003, 18.321288552000055)",31-12-2023.geojson,Yellareddy,,,,,
Rajanna Sircilla,TSSD0556,186.82,"{'min': 26.246000289916992, 'max': 29.887332916259766, 'mean': 27.97104779411765, 'count': 51, 'sum': 1426.5234375, 'median': 27.952667236328125}","(78.54791135700003, 18.319811327000025, 78.75757783600005, 18.46288011300004)",31-12-2023.geojson,Yellareddypet,,,,,
Nizamabad,TSSD0557,68.02,"{'min': 26.659412384033203, 'max': 27.729999542236328, 'mean': 27.163222369025736, 'count': 17, 'sum': 461.7747802734375, 'median': 27.166250228881836}","(78.43614230700007, 18.871916310000074, 78.53864631300007, 18.97312927200005)",31-12-2023.geojson,Yergatla,,,,,
Khammam,TSSD0558,262.24,"{'min': 24.22333335876465, 'max': 28.43000030517578, 'mean': 26.73816669170673, 'count': 65, 'sum': 1737.9808349609375, 'median': 26.89666748046875}","(80.42901058800004, 16.768789670000046, 80.60532488100006, 16.96155575100005)",31-12-2023.geojson,Yerrupalem,,,,,
Jangoan,TSSD0559,163.78,"{'min': 27.71933364868164, 'max': 29.94285774230957, 'mean': 29.078165690104168, 'count': 45, 'sum': 1308.5174560546875, 'median': 29.08142852783203}","(79.40432095600005, 17.69860641200006, 79.51467165900004, 17.89232289800003)",31-12-2023.geojson,Zaffergadh,,,,,
Sangareddy,TSSD0560,243.94,"{'min': 27.82411766052246, 'max': 30.571176528930664, 'mean': 29.479377515388258, 'count': 66, 'sum': 1945.638916015625, 'median': 29.47333335876465}","(77.47167387100006, 17.54590518200007, 77.71357368300005, 17.749326707000023)",31-12-2023.geojson,Zahirabad,,,,,
Nagarkurnool,TSSD0561,183.51,"{'min': 27.559999465942383, 'max': 30.25470542907715, 'mean': 28.711116347202037, 'count': 43, 'sum': 1234.5780029296875, 'median': 28.693750381469727}","(78.43086370300006, 16.197314094000035, 78.59402431200004, 16.37663690200003)",31-12-2023.geojson,Lingal,,,,,
Nagarkurnool,TSSD0562,222.74,"{'min': 27.598888397216797, 'max': 30.03823471069336, 'mean': 28.735035487583705, 'count': 56, 'sum': 1609.1619873046875, 'median': 28.650653839111328}","(78.20110216600006, 16.35091361800005, 78.42443343200006, 16.530833019000056)",31-12-2023.geojson,Nagar_Kurnool,,,,,
Mahabubnagar,TSSD0563,145.45,"{'min': 27.735881805419922, 'max': 31.384666442871094, 'mean': 29.719803972942074, 'count': 41, 'sum': 1218.511962890625, 'median': 29.803749084472656}","(77.82864822500005, 16.643852022000033, 77.99254221500007, 16.772605979000048)",31-12-2023.geojson,Mahabubnagar_Rural,,,,,
Narayanpet,TSSD0564,256.63,"{'min': 31.00200080871582, 'max': 34.43000030517578, 'mean': 33.03476131663603, 'count': 68, 'sum': 2246.36376953125, 'median': 33.0467529296875}","(77.41869071500008, 16.543696836000038, 77.63466779000004, 16.729675432000022)",31-12-2023.geojson,Utkoor,,,,,
Rangareddy,TSSD0565,22.03,"{'min': 27.206470489501953, 'max': 27.97142791748047, 'mean': 27.556063842773437, 'count': 5, 'sum': 137.7803192138672, 'median': 27.516250610351562}","(78.50689165600005, 17.336093290000065, 78.58558260100006, 17.37992626500005)",31-12-2023.geojson,Saroornagar,,,,,
Sangareddy,TSSD0566,37.76,"{'min': 27.083749771118164, 'max': 28.792499542236328, 'mean': 28.03608512878418, 'count': 8, 'sum': 224.28868103027344, 'median': 28.20294189453125}","(78.28021050800004, 17.505606920000048, 78.35002219800003, 17.57992215400003)",31-12-2023.geojson,Ameenpur,,,,,
Sangareddy,TSSD0567,111.94,"{'min': 26.408889770507812, 'max': 30.035554885864258, 'mean': 28.64358797940341, 'count': 33, 'sum': 945.2384033203125, 'median': 28.8266658782959}","(78.22737331300004, 17.528204591000076, 78.38745191600003, 17.67226987500004)",31-12-2023.geojson,Jinnaram,,,,,
Medak,TSSD0568,112.07,"{'min': 27.7888240814209, 'max': 29.34882354736328, 'mean': 28.631295340401785, 'count': 28, 'sum': 801.67626953125, 'median': 28.720256805419922}","(78.42603746200007, 17.77588639100003, 78.56138370400004, 17.89800592200004)",31-12-2023.geojson,Toopran,,,,,
Medak,TSSD0569,88.1,"{'min': 27.654705047607422, 'max': 29.152353286743164, 'mean': 28.449681599934895, 'count': 24, 'sum': 682.7923583984375, 'median': 28.411176681518555}","(78.41929055500003, 17.692085064000025, 78.52257619700003, 17.817608290000067)",31-12-2023.geojson,Manoharabad,,,,,
Siddipet,TSSD0570,129.06,"{'min': 27.8353328704834, 'max': 29.599332809448242, 'mean': 28.907816569010418, 'count': 36, 'sum': 1040.681396484375, 'median': 29.00680160522461}","(78.52730335900003, 17.878079271000047, 78.64358807000008, 18.041003706000026)",31-12-2023.geojson,Doultabad,,,,,
Medak,TSSD0571,76.05,"{'min': 28.110000610351562, 'max': 29.780588150024414, 'mean': 29.067529296875, 'count': 20, 'sum': 581.3505859375, 'median': 29.0064697265625}","(78.07364299200003, 17.796666895000044, 78.18678124500008, 17.905026876000022)",31-12-2023.geojson,Chilipched,,,,,
Medak,TSSD0572,136.79,"{'min': 27.6924991607666, 'max': 30.0049991607666, 'mean': 28.7608081714527, 'count': 37, 'sum': 1064.14990234375, 'median': 28.796249389648438}","(78.32685103200004, 17.904917194000063, 78.44243876400003, 18.081304571000032)",31-12-2023.geojson,Shankarampet_R,,,,,
Medak,TSSD0573,131.44,"{'min': 27.873750686645508, 'max': 29.965999603271484, 'mean': 28.944841384887695, 'count': 32, 'sum': 926.2349243164062, 'median': 28.982250213623047}","(78.43107409900006, 17.905682555000055, 78.58520918700003, 18.06554777300005)",31-12-2023.geojson,Chegunta,,,,,
Kamareddy,TSSD0574,74.34,"{'min': 29.0049991607666, 'max': 30.28125, 'mean': 29.620457699424342, 'count': 19, 'sum': 562.7886962890625, 'median': 29.568750381469727}","(78.37757087100005, 18.21350254400005, 78.52579487700007, 18.30009331800005)",31-12-2023.geojson,Domakonda,,,,,
Kamareddy,TSSD0575,168.77,"{'min': 27.738889694213867, 'max': 30.066667556762695, 'mean': 29.120938929115855, 'count': 41, 'sum': 1193.95849609375, 'median': 29.20294189453125}","(77.72979911700008, 18.190311369000028, 77.89310396100007, 18.380507752000028)",31-12-2023.geojson,Pitlam,,,,,
Kamareddy,TSSD0576,191.8,"{'min': 27.682222366333008, 'max': 30.773529052734375, 'mean': 29.188317640772407, 'count': 53, 'sum': 1546.9808349609375, 'median': 29.224117279052734}","(77.65355776700005, 18.300626045000058, 77.83219913400006, 18.488304079000045)",31-12-2023.geojson,Bichkunda,,,,,
Kamareddy,TSSD0577,82.32,"{'min': 27.4547061920166, 'max': 29.738420486450195, 'mean': 28.324779163707387, 'count': 22, 'sum': 623.1451416015625, 'median': 28.1315975189209}","(77.75813508500005, 18.372326572000077, 77.86341082200005, 18.505311680000034)",31-12-2023.geojson,Birkoor,,,,,
Adilabad,TSSD0578,34.92,"{'min': 24.49222183227539, 'max': 27.293529510498047, 'mean': 26.27530517578125, 'count': 10, 'sum': 262.7530517578125, 'median': 26.918790817260742}","(78.48710289700006, 19.60170591600007, 78.54305936500003, 19.683661252000036)",31-12-2023.geojson,Mavala,,,,,
Peddapalli,TSSD0579,122.7,"{'min': 24.904666900634766, 'max': 28.898000717163086, 'mean': 27.32902628580729, 'count': 30, 'sum': 819.8707885742188, 'median': 27.461345672607422}","(79.31124542100008, 18.728421345000072, 79.45668509800004, 18.855615717000035)",31-12-2023.geojson,Anthergaon,,,,,
Mulugu,TSSD0580,576.05,"{'min': 22.92230796813965, 'max': 29.621429443359375, 'mean': 25.52508827866308, 'count': 151, 'sum': 3854.288330078125, 'median': 25.253999710083008}","(80.37410149900006, 18.33990656700007, 80.68734144600006, 18.632607707000034)",31-12-2023.geojson,Wazeed,,,,,
Nizamabad,TSSD0581,158.53,"{'min': 25.065555572509766, 'max': 27.946470260620117, 'mean': 26.478509947311046, 'count': 43, 'sum': 1138.575927734375, 'median': 26.418235778808594}","(78.47512705800006, 18.684195498000065, 78.64029038200005, 18.900912592000054)",31-12-2023.geojson,Kammarpally,,,,,
Jangoan,TSSD0582,120.55,"{'min': 25.613332748413086, 'max': 28.711999893188477, 'mean': 27.71748788016183, 'count': 28, 'sum': 776.0896606445312, 'median': 27.96099853515625}","(79.38361325200003, 17.491730369000038, 79.56249112400008, 17.63017571100005)",31-12-2023.geojson,Kodakandla,,,,,
Narayanpet,TSSD0583,172.63,"{'min': 28.20866584777832, 'max': 33.871334075927734, 'mean': 31.734735662286933, 'count': 44, 'sum': 1396.328369140625, 'median': 32.073665618896484}","(77.23725451100006, 16.366338565000035, 77.45641595200004, 16.49439566000018)",31-12-2023.geojson,Krishna,,,,,
Mancherial,TSSD0584,414.48,"{'min': 24.64230728149414, 'max': 30.012666702270508, 'mean': 26.88395972390777, 'count': 103, 'sum': 2769.0478515625, 'median': 26.98714256286621}","(79.69063140800006, 18.824880136000047, 79.96247775100005, 19.055750638000063)",31-12-2023.geojson,Kotapalle,,,,,
Warangal_Rural,TSSD0585,96.85,"{'min': 27.139999389648438, 'max': 28.70692253112793, 'mean': 27.791463998647835, 'count': 26, 'sum': 722.5780639648438, 'median': 27.74681282043457}","(79.58000525100005, 18.13079426400003, 79.67613864900011, 18.273366891000023)",31-12-2023.geojson,Nadikuda,,,,,
Medchal_Malkajgiri,TSSD0586,92.19,"{'min': 27.3075008392334, 'max': 29.88777732849121, 'mean': 28.907855694110577, 'count': 26, 'sum': 751.604248046875, 'median': 28.9576473236084}","(78.60919935000027, 17.572950565000042, 78.72357522400006, 17.698451215000034)",31-12-2023.geojson,Muduchinthalaphally,,,,,
Siddipet,TSSD0587,66.64,"{'min': 27.501249313354492, 'max': 28.85533332824707, 'mean': 28.319441053602432, 'count': 18, 'sum': 509.74993896484375, 'median': 28.3685245513916}","(78.75009036300014, 18.179105241000116, 78.85292966200007, 18.26297022400007)",31-12-2023.geojson,Narayanraopet,,,,,
Nizamabad,TSSD0588,59.09,"{'min': 25.145000457763672, 'max': 26.655000686645508, 'mean': 25.9384765625, 'count': 16, 'sum': 415.015625, 'median': 25.968334197998047}","(77.93403706700008, 18.52915054300007, 78.05329923800008, 18.639067520000026)",31-12-2023.geojson,Mosra,,,,,
Nizamabad,TSSD0589,49.75,"{'min': 25.813749313354492, 'max': 27.78125, 'mean': 26.609623500279017, 'count': 14, 'sum': 372.53472900390625, 'median': 26.468124389648438}","(77.91841617100005, 18.496525074000033, 78.04060240200005, 18.590460833)",31-12-2023.geojson,Chandur,,,,,
Sangareddy,TSSD0590,97.98,"{'min': 25.352222442626953, 'max': 29.344444274902344, 'mean': 28.461082175925927, 'count': 27, 'sum': 768.44921875, 'median': 28.551176071166992}","(78.03596075900009, 17.649676136000153, 78.15543426700003, 17.771041394000065)",31-12-2023.geojson,Chowtakur,,,,,
Medak,TSSD0591,67.5,"{'min': 28.229999542236328, 'max': 29.340665817260742, 'mean': 28.935889350043404, 'count': 18, 'sum': 520.8460083007812, 'median': 29.010662078857422}","(78.39670312900006, 17.869416313000045, 78.53362296600005, 17.948666831000025)",31-12-2023.geojson,Masaipet,,,,,
Siddipet,TSSD0592,70.13,"{'min': 27.985713958740234, 'max': 29.248571395874023, 'mean': 28.501272101151315, 'count': 19, 'sum': 541.524169921875, 'median': 28.398000717163086}","(79.03345267100008, 17.94056795000006, 79.15307655800007, 18.032435260000113)",31-12-2023.geojson,Dhoolumitta,,,,,
,,,,,01-01-2023.tif,,-4196.8467,35.086666,-9999.0,4951.933,"(77.25511443427885, 15.846281611868363, 81.31549951849908, 19.9066666960886)"
,,,,,01-02-2023.tif,,-4194.817,41.784546,-9999.0,4953.665,"(77.25511443427885, 15.846281611868363, 81.31549951849908, 19.9066666960886)"
,,,,,01-03-2023.tif,,-4194.119,43.901817,-9999.0,4954.2603,"(77.25511443427885, 15.846281611868363, 81.31549951849908, 19.9066666960886)"
,,,,,01-04-2023.tif,,-4192.0938,48.551,-9999.0,4955.9897,"(77.25511443427885, 15.846281611868363, 81.31549951849908, 19.9066666960886)"
,,,,,01-05-2023.tif,,-4191.3057,48.03421,-9999.0,4956.6616,"(77.25511443427885, 15.846281611868363, 81.31549951849908, 19.9066666960886)"
,,,,,30-06-2023.tif,,-4201.2666,47.67,-9999.0,4958.4985,"(77.25511443427885, 15.846281611868363, 81.31549951849908, 19.9066666960886)"
,,,,,30-09-2023.tif,,,,,,"(77.25511443427885, 15.846281611868363, 81.31549951849908, 19.9066666960886)"
,,,,,30-11-2023.tif,,-4196.713,37.54,-9999.0,4952.245,"(77.25511443427885, 15.846281611868363, 81.31549951849908, 19.9066666960886)"
,,,,,31-07-2023.tif,,-5001.1157,46.41,-9999.0,5018.0835,"(77.25511443427885, 15.846281611868363, 81.31549951849908, 19.9066666960886)"
,,,,,31-08-2023.tif,,-4370.6743,41.02,-9999.0,4977.405,"(77.25511443427885, 15.846281611868363, 81.31549951849908, 19.9066666960886)"
,,,,,31-10-2023.tif,,-4195.9062,42.47706,-9999.0,4952.7354,"(77.25511443427885, 15.846281611868363, 81.31549951849908, 19.9066666960886)"
,,,,,31-12-2023.tif,,-4197.7124,34.748825,-9999.0,4951.1934,"(77.25511443427885, 15.846281611868363, 81.31549951849908, 19.9066666960886)"
