record_number,district,mandal,date,rain_mm,min_temp_c,max_temp_c,min_humidity,max_humidity,min_wind_speed_kmph,max_wind_speed_kmph,month,year
7,Adilabad,Adilabad Rural,2023-06-01,0.0,14.7,24.0,73.1,98.0,0.0,9.8,June,2023
38,Adilabad,Adilabad Urban,2023-06-01,0.0,16.6,26.5,72.1,99.9,0.0,4.6,June,2023
69,Adilabad,Bazarhathnoor,2023-06-01,0.0,15.7,24.6,76.8,97.5,0.0,3.8,June,2023
100,Adilabad,Bela,2023-06-01,0.0,14.8,24.9,73.9,100.0,0.0,4.7,June,2023
131,Adilabad,Bheempoor,2023-06-01,0.0,16.9,25.4,70.2,100.0,0.0,6.5,June,2023
162,Adilabad,Boath,2023-06-01,0.0,14.8,27.4,62.4,96.6,0.0,7.3,June,2023
193,Adilabad,Gadiguda,2023-06-01,0.0,18.5,25.2,70.2,99.9,0.0,5.1,June,2023
224,Adilabad,Gudihathnur,2023-06-01,0.0,15.9,27.1,78.4,100.0,0.0,56.4,June,2023
255,Adilabad,Ichoda,2023-06-01,0.0,16.0,25.7,75.4,97.0,0.0,56.4,June,2023
286,Adilabad,Inderavelly,2023-06-01,0.0,16.8,26.0,66.4,93.1,0.5,11.4,June,2023
317,Adilabad,Jainad,2023-06-01,0.0,14.8,25.7,72.3,100.0,0.0,4.6,June,2023
348,Adilabad,Mavala,2023-06-01,0.0,15.7,24.7,69.0,95.4,0.0,4.6,June,2023
379,Adilabad,Narnoor,2023-06-01,0.0,16.2,26.0,60.7,90.2,0.0,7.9,June,2023
410,Adilabad,Neradigonda,2023-06-01,0.0,14.3,27.6,62.4,99.2,0.0,9.9,June,2023
441,Adilabad,Sirikonda,2023-06-01,0.0,17.6,28.2,68.3,95.0,0.0,56.4,June,2023
472,Adilabad,Talamadugu,2023-06-01,0.0,15.1,24.7,75.8,99.9,0.0,7.1,June,2023
503,Adilabad,Tamsi,2023-06-01,0.0,15.4,24.3,81.8,98.4,0.0,6.5,June,2023
534,Adilabad,Utnur,2023-06-01,0.0,17.1,26.7,62.1,95.3,0.0,12.1,June,2023
565,Bhadradri Kothagudem,Allapalli,2023-06-01,0.0,19.9,32.2,51.2,98.2,0.0,6.0,June,2023
596,Bhadradri Kothagudem,Annapureddipalle,2023-06-01,0.0,19.4,28.7,73.6,100.0,0.0,6.4,June,2023
627,Bhadradri Kothagudem,Aswapuram,2023-06-01,0.0,20.7,31.5,58.3,100.0,0.0,0.1,June,2023
658,Bhadradri Kothagudem,Aswaraopeta,2023-06-01,0.0,19.1,29.1,65.1,100.0,0.0,9.1,June,2023
689,Bhadradri Kothagudem,Bhadrachalam,2023-06-01,0.0,20.4,31.7,63.4,100.0,0.0,0.1,June,2023
720,Bhadradri Kothagudem,Burgampadu,2023-06-01,0.0,20.5,32.6,68.5,100.0,0.0,4.4,June,2023
751,Bhadradri Kothagudem,Chandrugonda,2023-06-01,0.0,20.2,30.0,52.7,99.7,0.0,23.7,June,2023
782,Bhadradri Kothagudem,Cherla,2023-06-01,0.0,20.8,32.3,55.3,98.8,0.0,7.0,June,2023
813,Bhadradri Kothagudem,Chunchupally,2023-06-01,0.0,19.8,30.9,59.3,89.0,0.0,3.2,June,2023
844,Bhadradri Kothagudem,Dammapeta,2023-06-01,0.0,18.0,30.4,58.3,100.0,0.0,9.3,June,2023
875,Bhadradri Kothagudem,Dummugudem,2023-06-01,0.0,21.1,30.4,60.1,96.8,0.0,0.1,June,2023
906,Bhadradri Kothagudem,Gundala,2023-06-01,0.0,19.5,30.0,50.9,98.0,0.0,8.0,June,2023
937,Bhadradri Kothagudem,Julurpad,2023-06-01,0.0,22.4,32.1,67.2,97.0,,,June,2023
968,Bhadradri Kothagudem,Karakagudem,2023-06-01,0.0,19.9,32.7,46.4,99.5,0.0,5.0,June,2023
999,Bhadradri Kothagudem,Kothagudem,2023-06-01,0.0,20.1,29.7,57.5,90.4,0.0,6.6,June,2023
1030,Bhadradri Kothagudem,Laxmidevipalli,2023-06-01,0.0,19.5,30.6,59.3,89.0,0.0,2.9,June,2023
1061,Bhadradri Kothagudem,Manuguru,2023-06-01,0.0,21.1,32.4,48.1,95.8,0.0,0.1,June,2023
1092,Bhadradri Kothagudem,Mulakalapalle,2023-06-01,0.0,20.3,30.3,63.5,100.0,0.0,4.4,June,2023
1123,Bhadradri Kothagudem,Palawancha,2023-06-01,0.0,19.8,33.0,45.9,98.2,0.0,5.0,June,2023
1154,Bhadradri Kothagudem,Pinapaka,2023-06-01,0.0,20.7,30.5,54.2,100.0,0.0,7.0,June,2023
1185,Bhadradri Kothagudem,Sujathanagar,2023-06-01,0.0,21.1,30.2,51.2,92.7,0.0,4.2,June,2023
1216,Bhadradri Kothagudem,Tekulapalle,2023-06-01,0.0,20.1,29.9,53.8,95.9,0.0,6.6,June,2023
1247,Bhadradri Kothagudem,Yellandu,2023-06-01,0.0,19.8,32.5,53.6,99.0,0.0,1.1,June,2023
1278,Hanumakonda,Atmakur,2023-06-01,0.0,19.6,31.8,74.0,99.9,0.0,6.4,June,2023
1309,Hanumakonda,Bheemadevarapalle,2023-06-01,0.0,19.8,28.3,59.3,99.9,0.0,4.0,June,2023
1340,Hanumakonda,Damera,2023-06-01,0.0,19.4,30.1,55.2,100.0,0.0,5.6,June,2023
1371,Hanumakonda,Dharmasagar,2023-06-01,0.0,19.7,29.8,49.9,90.1,0.0,4.6,June,2023
1402,Hanumakonda,Elkathurthi,2023-06-01,0.0,20.6,31.4,55.9,87.8,0.0,0.4,June,2023
1433,Hanumakonda,Hanumakonda,2023-06-01,0.0,19.9,31.4,62.0,76.2,0.0,3.9,June,2023
1464,Hanumakonda,Hasanparthy,2023-06-01,0.0,20.2,29.8,59.0,92.1,0.0,2.7,June,2023
1495,Hanumakonda,Inole,2023-06-01,0.0,20.3,31.3,43.0,100.0,0.0,12.7,June,2023
1526,Hanumakonda,Kamalapur,2023-06-01,0.0,19.7,30.4,58.9,100.0,0.0,7.6,June,2023
1557,Hanumakonda,Khazipet,2023-06-01,0.5,20.2,29.8,56.7,85.4,0.0,4.6,June,2023
1588,Hanumakonda,Nadikuda,2023-06-01,0.0,18.6,30.9,57.6,100.0,0.0,12.4,June,2023
1619,Hanumakonda,Parkal,2023-06-01,0.0,19.4,29.4,59.3,94.6,0.0,3.9,June,2023
1650,Hanumakonda,Shayampet,2023-06-01,0.0,19.6,29.6,70.4,98.6,0.0,5.4,June,2023
1681,Hanumakonda,Velair,2023-06-01,0.0,20.1,28.6,62.1,96.3,0.0,4.8,June,2023
1712,Hyderabad,Amberpet,2023-06-01,0.0,20.7,27.5,55.2,91.6,0.0,1.9,June,2023
1743,Hyderabad,Ameerpet,2023-06-01,0.0,20.3,30.3,76.9,99.9,0.0,1.1,June,2023
1774,Hyderabad,Asifnagar,2023-06-01,0.1,20.1,28.0,55.0,100.0,0.0,8.9,June,2023
1805,Hyderabad,Bahadurpura,2023-06-01,0.0,19.6,29.1,51.6,100.0,0.0,3.8,June,2023
1836,Hyderabad,Bandlaguda,2023-06-01,0.0,20.1,28.3,51.9,92.9,0.0,11.9,June,2023
1867,Hyderabad,Charminar,2023-06-01,0.1,19.4,27.6,55.7,86.7,0.0,5.9,June,2023
1898,Hyderabad,Golkonda,2023-06-01,0.5,19.4,26.5,59.4,100.0,0.0,11.1,June,2023
1929,Hyderabad,Himayatnagar,2023-06-01,0.0,20.6,27.0,59.8,86.3,0.0,18.0,June,2023
1960,Hyderabad,Khairatabad,2023-06-01,0.0,20.4,30.8,47.3,89.5,0.0,23.7,June,2023
1991,Hyderabad,Maredpally,2023-06-01,0.0,19.5,27.2,61.3,100.0,0.0,7.1,June,2023
2022,Hyderabad,Musheerabad,2023-06-01,0.0,20.3,27.2,62.1,100.0,0.0,4.7,June,2023
2053,Hyderabad,Nampally,2023-06-01,0.0,20.5,28.2,54.8,87.1,0.0,47.3,June,2023
2084,Hyderabad,Saidabad,2023-06-01,0.4,20.4,28.1,58.3,100.0,0.0,65.1,June,2023
2115,Hyderabad,Secunderabad,2023-06-01,0.1,20.3,27.4,57.3,90.6,0.0,5.1,June,2023
2146,Hyderabad,Shaikpet,2023-06-01,0.0,19.4,29.6,48.9,88.5,0.0,65.1,June,2023
2177,Hyderabad,Tirumalgiri,2023-06-01,0.0,19.8,27.0,64.6,89.6,0.0,8.5,June,2023
2208,Jagtial,Beerpur,2023-06-01,0.0,17.7,30.2,58.5,96.5,0.0,6.8,June,2023
2239,Jagtial,Buggaram,2023-06-01,0.0,19.7,28.1,83.1,100.0,0.0,0.3,June,2023
2270,Jagtial,Dharmapuri,2023-06-01,0.0,17.8,30.3,64.6,100.0,0.0,5.6,June,2023
2301,Jagtial,Gollapalle,2023-06-01,0.0,19.3,28.6,73.7,99.7,0.0,8.0,June,2023
2332,Jagtial,Ibrahimpatnam,2023-06-01,0.0,18.0,30.6,63.7,98.7,0.0,2.8,June,2023
2363,Jagtial,Jagityal_Rural,2023-06-01,0.0,18.0,28.2,64.9,99.9,0.0,2.5,June,2023
2394,Jagtial,Jagtial,2023-06-01,0.0,18.8,30.0,66.7,99.9,0.0,5.6,June,2023
2425,Jagtial,Kathlapur,2023-06-01,0.0,19.2,29.6,70.4,100.0,0.0,5.4,June,2023
2456,Jagtial,Kodimial,2023-06-01,0.0,16.7,27.7,58.6,100.0,0.0,7.9,June,2023
2487,Jagtial,Koratla,2023-06-01,0.0,16.8,29.4,57.2,100.0,0.0,2.7,June,2023
2518,Jagtial,Malial,2023-06-01,0.0,17.4,30.7,65.4,99.9,0.0,6.8,June,2023
2549,Jagtial,Mallapur,2023-06-01,0.0,18.5,30.3,63.5,97.9,0.0,5.9,June,2023
2580,Jagtial,Medipalle,2023-06-01,0.0,16.9,30.4,59.0,99.9,0.0,12.9,June,2023
2611,Jagtial,Metpalle,2023-06-01,0.0,17.3,28.4,67.4,99.9,0.0,5.3,June,2023
2642,Jagtial,Pegadapalle,2023-06-01,0.0,18.4,30.1,60.5,99.1,0.0,5.7,June,2023
2673,Jagtial,Raikal,2023-06-01,0.0,16.7,30.8,61.8,98.8,0.0,12.9,June,2023
2704,Jagtial,Sarangapur,2023-06-01,0.0,16.8,27.3,70.2,98.3,0.0,3.7,June,2023
2735,Jagtial,Velgatoor,2023-06-01,0.0,18.9,30.4,70.7,99.9,0.0,6.9,June,2023
2766,Jangaon,Bachannapeta,2023-06-01,0.0,19.0,31.5,52.7,95.5,0.0,10.4,June,2023
2797,Jangaon,Chilpur,2023-06-01,0.0,20.1,28.8,57.9,96.8,0.0,1.1,June,2023
2828,Jangaon,Devaruppala,2023-06-01,4.8,20.8,29.4,59.1,96.7,0.0,11.5,June,2023
2859,Jangaon,Ganpur_Stn,2023-06-01,0.0,20.5,31.4,50.5,99.9,0.0,8.8,June,2023
2890,Jangaon,Jangaon,2023-06-01,0.4,20.2,29.9,54.0,92.9,0.0,5.2,June,2023
2921,Jangaon,Kodakandla,2023-06-01,15.2,21.1,31.3,52.6,100.0,0.0,9.3,June,2023
2952,Jangaon,Lingalaghanpur,2023-06-01,0.2,20.2,27.6,62.9,100.0,0.0,4.6,June,2023
2983,Jangaon,Narmetta,2023-06-01,2.2,18.8,27.6,64.9,100.0,0.0,5.3,June,2023
3014,Jangaon,Palakurthi,2023-06-01,1.5,20.5,30.2,55.3,99.1,0.0,12.0,June,2023
3045,Jangaon,Raghunathpalle,2023-06-01,0.3,20.4,30.1,58.3,100.0,0.0,8.5,June,2023
3076,Jangaon,Tharigoppula,2023-06-01,0.0,19.1,27.6,60.7,98.5,0.0,15.1,June,2023
3107,Jangaon,Zaffergadh,2023-06-01,0.5,20.5,30.2,52.7,100.0,0.0,11.4,June,2023
3138,Jayashankar,Bhupalpalle,2023-06-01,0.0,20.0,32.2,68.7,100.0,0.0,2.3,June,2023
3169,Jayashankar,Chityal,2023-06-01,0.0,18.2,31.5,49.6,97.2,0.0,5.6,June,2023
3200,Jayashankar,Ghanapur_Mulug,2023-06-01,0.0,19.4,30.8,65.9,96.6,0.0,0.1,June,2023
3231,Jayashankar,Kataram,2023-06-01,0.0,18.0,31.4,56.2,99.5,0.0,8.5,June,2023
3262,Jayashankar,Mahadevpur,2023-06-01,0.0,18.2,29.5,61.0,100.0,0.0,7.6,June,2023
3293,Jayashankar,Malharrao,2023-06-01,0.0,18.2,31.0,54.2,99.8,0.0,5.7,June,2023
3324,Jayashankar,Mogullapalle,2023-06-01,0.0,18.4,31.7,55.4,100.0,0.0,8.0,June,2023
3355,Jayashankar,Mutharam_Mahadevpur,2023-06-01,0.0,18.1,29.5,62.0,94.2,0.0,9.9,June,2023
3386,Jayashankar,Palmela,2023-06-01,0.0,18.3,29.3,61.8,97.2,0.0,0.4,June,2023
3417,Jayashankar,Regonda,2023-06-01,0.0,19.3,31.2,59.4,94.2,0.0,5.4,June,2023
3448,Jayashankar,Tekumatla,2023-06-01,0.0,19.1,31.5,64.5,98.6,0.0,8.3,June,2023
3479,Jogulamba Gadwal,Aiza,2023-06-01,0.0,19.4,29.5,46.6,97.4,0.0,14.1,June,2023
3510,Jogulamba Gadwal,Alampur,2023-06-01,0.0,20.7,31.5,48.4,88.2,0.8,15.3,June,2023
3541,Jogulamba Gadwal,Dharur,2023-06-01,0.0,19.9,28.8,52.7,100.0,0.0,7.7,June,2023
3572,Jogulamba Gadwal,Gadwal,2023-06-01,0.0,20.0,30.4,44.9,93.5,0.0,7.9,June,2023
3603,Jogulamba Gadwal,Ghattu,2023-06-01,0.0,20.0,28.3,47.0,94.3,0.0,8.0,June,2023
3634,Jogulamba Gadwal,Itikyal,2023-06-01,0.0,19.7,30.2,57.9,100.0,0.0,6.2,June,2023
3665,Jogulamba Gadwal,Kaloor_Timmanadoddi,2023-06-01,0.0,19.8,30.1,44.9,95.0,0.0,16.0,June,2023
3696,Jogulamba Gadwal,Maldakal,2023-06-01,0.0,19.5,29.8,53.0,98.1,0.0,7.5,June,2023
3727,Jogulamba Gadwal,Manopad,2023-06-01,0.0,20.0,28.8,51.6,85.8,0.0,9.7,June,2023
3758,Jogulamba Gadwal,Rajoli,2023-06-01,0.0,19.9,29.4,63.6,100.0,0.0,8.0,June,2023
3789,Jogulamba Gadwal,Undavelli,2023-06-01,0.0,19.8,29.6,56.1,97.0,0.0,14.9,June,2023
3820,Jogulamba Gadwal,Waddepalle,2023-06-01,0.0,20.2,28.8,59.5,94.0,0.0,6.3,June,2023
3851,Kamareddy,Banswada,2023-06-01,0.0,19.8,32.5,62.4,97.0,0.0,2.0,June,2023
3882,Kamareddy,Bhiknur,2023-06-01,0.0,21.8,32.0,54.6,100.0,0.0,11.4,June,2023
3913,Kamareddy,Bibipet,2023-06-01,0.0,19.6,28.9,56.5,99.7,0.0,8.7,June,2023
3944,Kamareddy,Bichkunda,2023-06-01,0.0,19.5,31.7,42.2,100.0,0.0,7.2,June,2023
3975,Kamareddy,Birkoor,2023-06-01,0.0,19.8,29.2,55.6,85.2,0.0,1.8,June,2023
4006,Kamareddy,Domakonda,2023-06-01,0.0,18.9,28.4,69.4,100.0,0.0,9.6,June,2023
4037,Kamareddy,Gandhari,2023-06-01,0.0,17.9,30.7,39.4,100.0,0.0,8.4,June,2023
4068,Kamareddy,Jukkal,2023-06-01,0.0,18.9,28.7,54.0,94.0,0.0,9.5,June,2023
4099,Kamareddy,Kamareddy,2023-06-01,0.0,19.2,28.8,46.9,100.0,0.0,9.3,June,2023
4130,Kamareddy,Lingampet,2023-06-01,0.0,19.2,29.4,51.8,100.0,0.0,6.1,June,2023
4161,Kamareddy,Machareddy,2023-06-01,0.0,18.1,29.0,56.5,100.0,0.0,15.5,June,2023
4192,Kamareddy,Madnur,2023-06-01,0.0,18.4,30.2,50.0,98.3,0.0,9.0,June,2023
4223,Kamareddy,Naga_Reddipet,2023-06-01,0.0,19.8,28.7,48.4,88.3,0.0,10.8,June,2023
4254,Kamareddy,Nasurullabad,2023-06-01,0.0,19.1,29.9,53.6,96.3,0.0,11.9,June,2023
4285,Kamareddy,Nizamsagar,2023-06-01,0.0,19.8,31.5,45.4,100.0,0.0,4.5,June,2023
4316,Kamareddy,Pedda Kodapgal,2023-06-01,0.0,19.5,29.9,70.1,100.0,0.0,3.4,June,2023
4347,Kamareddy,Pitlam,2023-06-01,0.0,20.6,30.4,54.6,97.5,0.0,4.4,June,2023
4378,Kamareddy,Rajampet,2023-06-01,0.0,18.5,27.1,58.5,93.3,0.0,9.4,June,2023
4409,Kamareddy,Ramareddy,2023-06-01,0.0,18.6,29.0,57.3,87.3,0.0,0.4,June,2023
4440,Kamareddy,Sadasivanagar,2023-06-01,0.0,18.5,27.8,64.1,91.3,0.0,8.3,June,2023
4471,Kamareddy,Tadwai,2023-06-01,0.0,18.2,27.0,60.1,98.0,0.0,8.5,June,2023
4502,Kamareddy,Yellareddy,2023-06-01,0.0,19.6,29.4,57.9,98.2,0.0,0.1,June,2023
4533,Karimnagar,Chigurumamidi,2023-06-01,0.0,18.4,28.8,50.9,100.0,0.0,9.8,June,2023
4564,Karimnagar,Choppadandi,2023-06-01,0.0,18.9,29.8,63.3,100.0,0.0,5.3,June,2023
4595,Karimnagar,Ellandakunta,2023-06-01,0.0,20.0,31.1,51.4,95.5,0.0,4.6,June,2023
4626,Karimnagar,Gangadhara,2023-06-01,0.0,18.0,27.8,65.7,98.6,0.0,3.4,June,2023
4657,Karimnagar,Gannervaram,2023-06-01,0.0,18.7,29.0,60.0,95.4,0.0,3.4,June,2023
4688,Karimnagar,Huzurabad,2023-06-01,0.0,19.4,30.1,55.7,94.3,0.0,4.0,June,2023
4719,Karimnagar,Jammikunta,2023-06-01,0.0,18.0,32.7,48.9,100.0,0.0,7.0,June,2023
4750,Karimnagar,Karimnagar,2023-06-01,0.0,20.0,29.5,56.8,85.4,0.0,5.8,June,2023
4781,Karimnagar,Karimnagar_Rural,2023-06-01,0.0,19.1,28.7,61.2,94.6,0.0,7.4,June,2023
4812,Karimnagar,Kothapalle,2023-06-01,0.0,18.7,29.3,60.0,100.0,0.0,12.6,June,2023
4843,Karimnagar,Manakondur,2023-06-01,0.0,18.7,32.0,49.5,100.0,0.0,4.6,June,2023
4874,Karimnagar,Ramadugu,2023-06-01,0.0,18.8,27.7,68.8,100.0,0.0,4.4,June,2023
4905,Karimnagar,Shankarapatnam,2023-06-01,0.0,19.1,32.4,53.3,100.0,0.0,11.5,June,2023
4936,Karimnagar,Thimmapur,2023-06-01,0.0,18.3,28.6,63.8,95.8,0.0,11.6,June,2023
4967,Karimnagar,V_Saidapur,2023-06-01,0.0,19.6,28.7,54.6,88.1,0.0,7.8,June,2023
4998,Karimnagar,Veenavanka,2023-06-01,0.0,22.4,32.3,43.7,89.0,0.0,7.4,June,2023
5029,Khammam,Bonakal,2023-06-01,0.0,20.0,29.9,61.2,100.0,0.0,2.3,June,2023
5060,Khammam,Chinthakani,2023-06-01,0.0,20.3,30.8,57.5,96.3,0.0,7.1,June,2023
5091,Khammam,Enkuru,2023-06-01,0.0,19.8,29.7,61.2,100.0,0.0,8.4,June,2023
5122,Khammam,Kalluru,2023-06-01,0.0,19.9,30.6,57.5,99.9,0.0,6.7,June,2023
5153,Khammam,Kamepalle,2023-06-01,0.0,20.5,32.6,57.8,99.8,0.0,1.1,June,2023
5184,Khammam,Khammam_Rural,2023-06-01,0.0,23.0,30.7,60.1,95.7,0.0,6.2,June,2023
5215,Khammam,Khammam_Urban,2023-06-01,0.0,22.4,31.0,59.1,99.9,0.0,7.9,June,2023
5246,Khammam,Konijerla,2023-06-01,0.0,19.9,30.6,63.0,100.0,0.0,8.4,June,2023
5277,Khammam,Kusumanchi,2023-06-01,0.0,21.7,30.8,57.6,100.0,0.0,10.8,June,2023
5308,Khammam,Madhira,2023-06-01,0.0,19.2,30.6,61.0,100.0,0.0,1.3,June,2023
5339,Khammam,Mudigonda,2023-06-01,0.0,14.2,31.9,63.6,99.9,0.0,9.6,June,2023
5370,Khammam,Nelakondapalle,2023-06-01,0.0,20.9,32.2,73.2,99.9,0.0,2.2,June,2023
5401,Khammam,Penuballi,2023-06-01,0.0,19.5,32.1,50.3,97.8,0.0,23.7,June,2023
5432,Khammam,Raghunadhapalem,2023-06-01,0.0,21.1,31.1,52.4,100.0,0.0,7.3,June,2023
5463,Khammam,Sathupalle,2023-06-01,0.4,18.1,30.1,61.0,100.0,0.0,7.9,June,2023
5494,Khammam,Singareni,2023-06-01,0.0,20.4,31.1,51.6,100.0,0.0,1.1,June,2023
5525,Khammam,Thallada,2023-06-01,0.0,20.6,29.3,62.6,100.0,0.0,11.4,June,2023
5556,Khammam,Thirumalayapalem,2023-06-01,0.0,21.2,30.0,62.3,100.0,0.0,8.5,June,2023
5587,Khammam,Vemsoor,2023-06-01,0.0,19.7,29.0,63.0,93.8,,,June,2023
5618,Khammam,Wyra,2023-06-01,0.0,20.1,30.0,66.3,93.9,0.0,6.8,June,2023
5649,Khammam,Yerrupalem,2023-06-01,0.0,19.2,30.6,62.6,98.7,0.0,10.5,June,2023
5680,Kumuram Bheem,Asifabad,2023-06-01,0.0,17.0,26.8,75.9,100.0,0.0,6.5,June,2023
5711,Kumuram Bheem,Bejjur,2023-06-01,0.0,17.2,27.2,73.0,100.0,0.0,7.6,June,2023
5742,Kumuram Bheem,Chintalamanepally,2023-06-01,2.0,16.9,26.5,75.4,95.9,0.0,1.9,June,2023
5773,Kumuram Bheem,Dahegaon,2023-06-01,0.0,16.9,27.1,70.3,98.4,0.7,8.8,June,2023
5804,Kumuram Bheem,Jainoor,2023-06-01,0.0,15.5,26.0,63.7,97.8,0.0,6.4,June,2023
5835,Kumuram Bheem,Kagaznagar,2023-06-01,0.0,16.7,27.8,62.4,99.9,0.0,4.6,June,2023
5866,Kumuram Bheem,Kerameri,2023-06-01,0.0,15.1,28.1,68.4,94.7,0.0,7.6,June,2023
5897,Kumuram Bheem,Kouthala,2023-06-01,0.0,16.9,27.7,83.7,99.9,0.0,1.9,June,2023
5928,Kumuram Bheem,Lingapur,2023-06-01,0.0,16.1,26.2,70.2,91.3,0.0,9.0,June,2023
5959,Kumuram Bheem,Penchikalpet,2023-06-01,0.0,17.3,27.8,61.3,98.1,0.0,7.6,June,2023
5990,Kumuram Bheem,Rebbana,2023-06-01,0.0,16.7,26.8,72.9,99.4,0.0,6.8,June,2023
6021,Kumuram Bheem,Sirpur_T,2023-06-01,0.0,16.7,26.1,72.6,100.0,0.0,8.0,June,2023
6052,Kumuram Bheem,Sirpur_U,2023-06-01,0.0,14.1,26.4,60.7,93.9,0.0,6.8,June,2023
6083,Kumuram Bheem,Tiryani,2023-06-01,0.0,16.2,27.4,66.9,98.4,0.0,2.8,June,2023
6114,Kumuram Bheem,Wankdi,2023-06-01,0.0,16.2,25.5,74.1,99.6,0.0,6.2,June,2023
6145,Mahabubabad,Bayyaram,2023-06-01,0.0,21.5,31.8,49.8,89.8,0.0,5.2,June,2023
6176,Mahabubabad,Chinnagudur,2023-06-01,0.0,21.5,30.3,50.4,91.7,0.0,0.7,June,2023
6207,Mahabubabad,Danthalapalle,2023-06-01,8.0,21.1,31.2,54.4,94.2,0.0,0.3,June,2023
6238,Mahabubabad,Dornakal,2023-06-01,0.0,20.8,30.9,60.8,100.0,0.0,7.4,June,2023
6269,Mahabubabad,Ganagavaram,2023-06-01,0.0,20.3,30.3,55.0,96.2,0.0,7.7,June,2023
6300,Mahabubabad,Garla,2023-06-01,0.0,20.9,30.2,60.7,100.0,,,June,2023
6331,Mahabubabad,Gudur,2023-06-01,0.0,20.6,31.2,47.0,92.4,0.0,7.3,June,2023
6362,Mahabubabad,Kesamudram,2023-06-01,2.4,21.0,30.6,47.3,100.0,0.0,4.9,June,2023
6393,Mahabubabad,Kothaguda,2023-06-01,0.0,20.0,30.2,50.8,96.6,0.0,6.0,June,2023
6424,Mahabubabad,Kuravi,2023-06-01,0.0,21.4,32.9,42.7,100.0,0.0,9.5,June,2023
6455,Mahabubabad,Mahabubabad,2023-06-01,1.1,21.2,32.2,42.8,100.0,0.0,5.0,June,2023
6486,Mahabubabad,Maripeda,2023-06-01,0.0,21.7,29.2,66.2,96.1,0.0,6.3,June,2023
6517,Mahabubabad,Narsimhulapet,2023-06-01,9.3,20.8,32.3,50.2,100.0,0.0,10.8,June,2023
6548,Mahabubabad,Nellikudur,2023-06-01,16.9,20.9,31.4,52.0,94.0,0.0,7.7,June,2023
6579,Mahabubabad,Peddavangara,2023-06-01,13.5,20.9,30.1,56.0,100.0,0.0,9.6,June,2023
6610,Mahabubabad,Thorrur,2023-06-01,12.0,21.0,30.2,55.2,96.9,0.0,4.8,June,2023
6641,Mahabubnagar,Addakal,2023-06-01,0.0,20.2,28.4,59.1,99.4,0.0,4.2,June,2023
6672,Mahabubnagar,Balanagar,2023-06-01,0.0,17.3,30.5,46.9,100.0,0.0,11.4,June,2023
6703,Mahabubnagar,Bhoothpur,2023-06-01,0.0,20.0,29.1,60.5,97.9,0.0,9.6,June,2023
6734,Mahabubnagar,Chinna_Chintha_Kunta,2023-06-01,0.0,18.4,31.4,45.9,100.0,0.0,11.1,June,2023
6765,Mahabubnagar,Devarkadara,2023-06-01,0.0,18.5,29.5,52.8,92.0,0.0,1.5,June,2023
6796,Mahabubnagar,Gandeed,2023-06-01,0.0,19.5,28.6,49.9,98.8,0.0,1.0,June,2023
6827,Mahabubnagar,Hanwada,2023-06-01,0.0,18.5,28.4,60.8,100.0,0.0,11.3,June,2023
6858,Mahabubnagar,Jadcherla,2023-06-01,0.0,17.9,28.6,58.3,97.6,0.0,6.8,June,2023
6889,Mahabubnagar,Koilkonda,2023-06-01,0.0,18.7,31.4,41.7,94.9,0.0,4.9,June,2023
6920,Mahabubnagar,Mahabubnagar_Rural,2023-06-01,0.0,19.2,28.3,56.1,87.8,0.0,1.9,June,2023
6951,Mahabubnagar,Mahabubnagar_Urban,2023-06-01,0.0,19.7,28.3,55.6,94.2,0.0,11.3,June,2023
6982,Mahabubnagar,Midjil,2023-06-01,0.0,17.4,27.4,71.4,100.0,0.0,15.0,June,2023
7013,Mahabubnagar,Mohammamdabad,2023-06-01,0.0,18.9,28.5,56.6,100.0,0.0,5.7,June,2023
7044,Mahabubnagar,Musapet,2023-06-01,0.0,19.5,30.1,53.4,100.0,0.0,7.1,June,2023
7075,Mahabubnagar,Nawabpet,2023-06-01,0.0,18.2,28.4,57.0,100.0,0.0,12.7,June,2023
7106,Mahabubnagar,Rajapur,2023-06-01,0.0,17.3,27.2,66.3,100.0,0.0,10.3,June,2023
7137,Mancherial,Bellampalle,2023-06-01,0.0,17.9,27.4,66.4,93.0,0.0,7.5,June,2023
7168,Mancherial,Bheemini,2023-06-01,0.0,17.4,27.6,72.2,100.0,0.7,8.8,June,2023
7199,Mancherial,Bhimaram,2023-06-01,0.0,18.0,28.7,65.4,92.9,0.0,3.0,June,2023
7230,Mancherial,Chennur,2023-06-01,0.0,18.2,30.6,60.7,93.2,0.0,3.6,June,2023
7261,Mancherial,Dandepalle,2023-06-01,0.0,17.7,29.4,79.5,100.0,0.0,4.5,June,2023
7292,Mancherial,Hajipur,2023-06-01,0.0,20.0,29.8,69.8,100.0,0.0,7.8,June,2023
7323,Mancherial,Jaipur,2023-06-01,0.0,17.7,30.5,62.7,100.0,0.0,3.6,June,2023
7354,Mancherial,Jannaram,2023-06-01,0.0,16.3,29.9,57.5,96.5,0.0,3.8,June,2023
7385,Mancherial,Kannepalli,2023-06-01,0.0,17.0,27.0,77.3,100.0,0.4,8.2,June,2023
7416,Mancherial,Kasipet,2023-06-01,0.0,17.7,29.4,59.8,95.5,0.0,4.0,June,2023
7447,Mancherial,Kotapalle,2023-06-01,0.0,17.9,29.4,60.3,100.0,0.0,7.6,June,2023
7478,Mancherial,Luxettipet,2023-06-01,0.0,18.8,30.1,54.3,97.7,0.0,9.0,June,2023
7509,Mancherial,Mancherial,2023-06-01,0.0,18.9,30.0,59.8,89.1,0.0,8.4,June,2023
7540,Mancherial,Mandamarri,2023-06-01,0.0,17.9,30.1,64.8,92.3,0.0,6.6,June,2023
7571,Mancherial,Naspur,2023-06-01,0.0,19.5,29.7,80.5,100.0,0.0,4.0,June,2023
7602,Mancherial,Nennal,2023-06-01,0.0,18.0,28.4,73.8,100.0,0.0,7.5,June,2023
7633,Mancherial,Tandur,2023-06-01,0.0,18.0,27.2,65.3,88.2,0.0,5.0,June,2023
7664,Mancherial,Vemanpalle,2023-06-01,0.0,18.6,27.3,69.4,98.1,0.0,4.3,June,2023
7695,Medak,Alladurg,2023-06-01,0.0,19.7,29.5,49.4,100.0,0.7,5.3,June,2023
7726,Medak,Chegunta,2023-06-01,0.0,18.9,30.4,55.6,95.1,0.0,9.5,June,2023
7757,Medak,Chilipched,2023-06-01,0.0,19.3,28.3,56.5,100.0,0.0,8.7,June,2023
7788,Medak,Havelighanpur,2023-06-01,0.0,18.6,29.5,52.2,100.0,0.0,10.1,June,2023
7819,Medak,Kowdipalle,2023-06-01,0.0,18.6,28.3,51.5,98.4,0.0,7.1,June,2023
7850,Medak,Kulcharam,2023-06-01,0.0,18.4,30.2,47.8,97.5,0.0,7.1,June,2023
7881,Medak,Manoharabad,2023-06-01,0.0,18.6,27.8,58.3,100.0,0.0,10.8,June,2023
7912,Medak,Masaipet,2023-06-01,0.0,19.3,29.1,50.5,84.0,0.0,65.1,June,2023
7943,Medak,Medak,2023-06-01,0.0,18.6,30.7,47.4,99.9,0.0,11.0,June,2023
7974,Medak,Narsapur,2023-06-01,0.0,18.7,28.5,48.7,97.9,0.0,10.7,June,2023
8005,Medak,Narsingi,2023-06-01,0.0,18.3,27.0,63.7,100.0,1.2,12.5,June,2023
8036,Medak,Nizampet,2023-06-01,0.0,18.7,28.1,75.9,100.0,0.0,8.8,June,2023
8067,Medak,Papannapet,2023-06-01,0.0,19.2,30.7,46.0,100.0,0.0,13.0,June,2023
8098,Medak,Ramayampet,2023-06-01,0.0,18.0,26.9,68.2,100.0,0.7,12.5,June,2023
8129,Medak,Regode,2023-06-01,0.0,19.3,28.7,49.5,96.1,0.0,0.1,June,2023
8160,Medak,Shankarampet_A,2023-06-01,0.0,19.7,30.7,50.2,100.0,0.0,0.1,June,2023
8191,Medak,Shankarampet_R,2023-06-01,0.0,18.9,28.2,55.2,90.9,0.0,11.9,June,2023
8222,Medak,Shivampet,2023-06-01,0.0,18.7,28.3,62.8,100.0,0.0,6.7,June,2023
8253,Medak,Tekmal,2023-06-01,0.0,19.8,28.7,49.2,100.0,0.0,6.0,June,2023
8284,Medak,Tupran,2023-06-01,0.0,19.1,27.9,54.4,90.0,0.0,10.7,June,2023
8315,Medak,Yeldurthy,2023-06-01,0.0,19.6,29.4,73.9,100.0,0.0,14.2,June,2023
8346,Medchal-Malkajgiri,Alwal,2023-06-01,0.3,19.2,28.1,56.5,96.5,0.0,3.0,June,2023
8377,Medchal-Malkajgiri,Bachpalle,2023-06-01,0.0,20.5,27.8,55.1,83.9,0.7,13.1,June,2023
8408,Medchal-Malkajgiri,Balanagar,2023-06-01,0.0,19.9,28.4,47.7,89.8,0.0,6.3,June,2023
8439,Medchal-Malkajgiri,Dundigal_Gandimaisamma,2023-06-01,0.0,18.8,28.7,49.4,100.0,0.0,7.5,June,2023
8470,Medchal-Malkajgiri,Ghatkesar,2023-06-01,0.0,19.3,28.9,57.5,100.0,0.0,10.9,June,2023
8501,Medchal-Malkajgiri,Kapra,2023-06-01,0.0,19.5,28.4,55.5,100.0,0.0,4.3,June,2023
8532,Medchal-Malkajgiri,Keesara,2023-06-01,1.0,19.3,29.5,59.3,100.0,0.0,8.2,June,2023
8563,Medchal-Malkajgiri,Kukatpally,2023-06-01,0.0,20.2,28.8,53.0,90.2,0.0,65.1,June,2023
8594,Medchal-Malkajgiri,Malkajgiri,2023-06-01,0.0,20.1,27.2,53.6,92.8,0.0,65.1,June,2023
8625,Medchal-Malkajgiri,Medchel,2023-06-01,1.2,18.5,27.7,55.0,92.4,0.0,11.4,June,2023
8656,Medchal-Malkajgiri,Medipally,2023-06-01,1.4,19.4,29.1,56.6,100.0,0.0,6.5,June,2023
8687,Medchal-Malkajgiri,Muduchinthalapally,2023-06-01,3.8,18.7,27.4,56.8,100.0,0.0,3.3,June,2023
8718,Medchal-Malkajgiri,Quthbullapur,2023-06-01,0.1,19.6,28.2,45.4,90.2,0.0,6.9,June,2023
8749,Medchal-Malkajgiri,Shamirpet,2023-06-01,0.9,19.3,28.8,59.2,95.2,0.0,12.1,June,2023
8780,Medchal-Malkajgiri,Uppal,2023-06-01,0.2,19.6,28.8,55.3,91.9,0.0,65.1,June,2023
8811,Mulugu,Eturunagaram,2023-06-01,0.0,19.6,30.2,55.9,96.4,0.0,4.4,June,2023
8842,Mulugu,Govindaraopet,2023-06-01,0.0,18.8,30.6,55.2,96.8,0.0,2.8,June,2023
8873,Mulugu,Kannaigudem,2023-06-01,0.0,19.5,29.7,65.5,98.7,0.0,0.4,June,2023
8904,Mulugu,Mangapet,2023-06-01,0.0,20.0,31.3,57.0,100.0,0.0,5.4,June,2023
8935,Mulugu,Mulug,2023-06-01,0.0,18.7,30.5,57.0,100.0,0.0,2.3,June,2023
8966,Mulugu,Tadvai,2023-06-01,0.3,18.1,32.6,44.9,98.6,0.0,3.8,June,2023
8997,Mulugu,Venkatapur,2023-06-01,0.0,18.7,32.6,52.4,100.0,0.0,6.8,June,2023
9028,Mulugu,Venkatapuram,2023-06-01,0.0,19.9,30.5,57.1,97.3,0.0,9.6,June,2023
9059,Mulugu,Wazeed,2023-06-01,0.0,19.4,30.1,60.5,100.0,0.0,2.4,June,2023
9090,Nagarkurnool,Achampet,2023-06-01,0.0,18.3,26.7,66.4,100.0,0.0,12.7,June,2023
9121,Nagarkurnool,Amrabad,2023-06-01,0.6,17.0,26.2,63.0,100.0,0.8,19.8,June,2023
9152,Nagarkurnool,Balmoor,2023-06-01,0.0,18.5,26.7,66.4,97.2,0.0,16.1,June,2023
9183,Nagarkurnool,Bijinapalle,2023-06-01,0.0,18.7,27.3,59.4,100.0,0.0,9.4,June,2023
9214,Nagarkurnool,Charakonda,2023-06-01,0.0,20.2,28.4,70.5,100.0,0.0,1.8,June,2023
9245,Nagarkurnool,Kalwakurthy,2023-06-01,0.0,18.4,29.4,63.0,100.0,0.0,15.1,June,2023
9276,Nagarkurnool,Kodair,2023-06-01,0.0,18.7,28.5,68.3,100.0,0.0,5.9,June,2023
9307,Nagarkurnool,Kollapur,2023-06-01,0.0,20.2,30.0,49.6,90.5,0.8,9.6,June,2023
9338,Nagarkurnool,Lingal,2023-06-01,0.0,18.1,27.5,65.5,96.4,0.0,16.1,June,2023
9369,Nagarkurnool,Nagar_Kurnool,2023-06-01,0.0,17.8,28.1,55.7,100.0,0.0,12.7,June,2023
9400,Nagarkurnool,Padra,2023-06-01,1.4,18.2,24.5,56.5,100.0,0.0,15.2,June,2023
9431,Nagarkurnool,Peddakothapalle,2023-06-01,0.0,18.1,29.3,53.6,100.0,0.0,5.9,June,2023
9462,Nagarkurnool,Pentlavelli,2023-06-01,0.0,20.9,29.8,47.8,77.9,0.0,10.8,June,2023
9493,Nagarkurnool,Tadoor,2023-06-01,0.0,18.7,26.9,62.1,80.9,0.0,12.7,June,2023
9524,Nagarkurnool,Telkapalle,2023-06-01,0.0,17.8,28.9,59.5,99.1,0.0,14.4,June,2023
9555,Nagarkurnool,Thimmajipeta,2023-06-01,0.0,18.3,27.3,59.4,100.0,0.0,10.9,June,2023
9586,Nagarkurnool,Uppunuthala,2023-06-01,0.0,19.2,29.9,71.5,100.0,0.0,14.2,June,2023
9617,Nagarkurnool,Urkonda,2023-06-01,0.0,18.3,26.5,65.4,97.9,0.0,5.8,June,2023
9648,Nagarkurnool,Vangoor,2023-06-01,0.0,19.1,27.0,69.2,100.0,0.0,9.8,June,2023
9679,Nagarkurnool,Veldanda,2023-06-01,0.0,18.2,27.1,63.6,100.0,0.0,7.7,June,2023
9710,Nalgonda,Adavi Devula Palli,2023-06-01,2.3,21.1,28.5,65.1,94.7,0.0,7.0,June,2023
9741,Nalgonda,Anumula_Haliya,2023-06-01,0.0,20.7,29.7,65.6,97.5,0.0,5.9,June,2023
9772,Nalgonda,Chandampet,2023-06-01,0.1,18.9,28.5,62.7,100.0,0.0,14.2,June,2023
9803,Nalgonda,Chandur,2023-06-01,0.0,18.8,28.6,65.7,97.6,0.0,4.4,June,2023
9834,Nalgonda,Chinthapalle,2023-06-01,0.0,18.3,26.1,68.3,98.0,0.0,11.4,June,2023
9865,Nalgonda,Chityala,2023-06-01,6.5,20.7,28.3,80.1,96.0,0.0,0.6,June,2023
9896,Nalgonda,Damaracherla,2023-06-01,0.0,20.3,28.3,59.2,100.0,0.0,5.2,June,2023
9927,Nalgonda,Devarakonda,2023-06-01,0.0,20.1,28.4,71.6,100.0,0.0,55.4,June,2023
9958,Nalgonda,Gundlapalle,2023-06-01,0.0,18.9,28.2,70.8,100.0,0.0,14.1,June,2023
9989,Nalgonda,Gurrampode,2023-06-01,0.0,19.3,28.3,72.2,100.0,0.0,4.0,June,2023
10020,Nalgonda,Kangal,2023-06-01,0.0,20.5,28.2,66.0,93.2,,,June,2023
10051,Nalgonda,Kattangoor,2023-06-01,3.5,21.7,31.3,57.2,98.9,0.0,13.9,June,2023
10082,Nalgonda,Kethepalle,2023-06-01,0.0,22.3,28.8,61.3,82.4,0.0,10.1,June,2023
10113,Nalgonda,Kondamallapally,2023-06-01,0.0,20.9,27.9,62.9,97.3,0.0,0.3,June,2023
10144,Nalgonda,Madugulapally,2023-06-01,0.0,21.9,28.4,73.0,91.4,0.0,6.8,June,2023
10175,Nalgonda,Marriguda,2023-06-01,0.0,19.0,27.5,65.1,99.9,0.0,9.6,June,2023
10206,Nalgonda,Miryalaguda,2023-06-01,0.0,21.1,29.2,65.5,97.5,0.0,7.0,June,2023
10237,Nalgonda,Munugode,2023-06-01,0.0,20.1,28.6,73.8,95.1,,,June,2023
10268,Nalgonda,Nakrekal,2023-06-01,0.0,21.0,28.3,59.7,94.1,0.0,6.1,June,2023
10299,Nalgonda,Nalgonda,2023-06-01,0.0,21.0,30.1,57.3,98.2,0.0,5.3,June,2023
10330,Nalgonda,Nampalle,2023-06-01,0.0,19.4,28.8,64.5,100.0,0.0,9.6,June,2023
10361,Nalgonda,Narketpalle,2023-06-01,5.5,21.1,29.2,75.7,100.0,0.0,8.2,June,2023
10392,Nalgonda,Neredugommu,2023-06-01,0.0,19.5,29.8,59.7,94.9,0.0,5.0,June,2023
10423,Nalgonda,Nidamanur,2023-06-01,0.0,20.3,30.1,74.8,100.0,0.0,7.0,June,2023
10454,Nalgonda,Pedda_Adiserlapalle,2023-06-01,0.0,20.0,30.8,66.5,100.0,0.0,5.7,June,2023
10485,Nalgonda,Peddavura,2023-06-01,0.5,20.0,28.9,67.4,97.7,0.0,10.1,June,2023
10516,Nalgonda,Saligouraram,2023-06-01,14.1,20.6,29.9,81.0,100.0,0.0,13.0,June,2023
10547,Nalgonda,Thipparthi,2023-06-01,0.0,21.1,30.3,63.0,100.0,0.0,8.1,June,2023
10578,Nalgonda,Thripuraram,2023-06-01,0.0,20.6,28.7,74.6,100.0,0.0,7.0,June,2023
10609,Nalgonda,Tirumalagiri_Sagar,2023-06-01,0.0,21.1,28.8,62.6,97.3,0.0,0.1,June,2023
10640,Nalgonda,Vemulapalle,2023-06-01,0.0,21.6,28.1,73.0,95.7,0.0,6.8,June,2023
10671,Narayanpet,Damaragidda,2023-06-01,0.0,17.6,29.5,50.0,100.0,0.0,23.4,June,2023
10702,Narayanpet,Dhanwada,2023-06-01,0.0,19.5,28.4,52.6,87.5,0.0,9.8,June,2023
10733,Narayanpet,Kosgi,2023-06-01,0.0,18.6,29.3,37.4,100.0,0.0,11.4,June,2023
10764,Narayanpet,Krishna,2023-06-01,0.0,20.2,30.1,50.4,100.0,0.0,9.5,June,2023
10795,Narayanpet,Maddur,2023-06-01,0.0,17.9,30.5,55.2,99.9,0.0,23.4,June,2023
10826,Narayanpet,Maganoor,2023-06-01,0.0,18.6,30.6,50.3,100.0,0.0,8.3,June,2023
10857,Narayanpet,Makthal,2023-06-01,0.0,19.8,29.1,44.8,100.0,0.0,8.8,June,2023
10888,Narayanpet,Marikal,2023-06-01,0.0,19.5,28.3,56.3,88.3,0.0,9.3,June,2023
10919,Narayanpet,Narayanpet,2023-06-01,0.0,18.0,30.7,43.0,100.0,0.0,9.8,June,2023
10950,Narayanpet,Narva,2023-06-01,0.0,18.4,32.1,48.4,89.5,0.0,10.0,June,2023
10981,Narayanpet,Utkoor,2023-06-01,0.0,19.5,32.0,51.5,96.2,0.0,9.3,June,2023
11012,Nirmal,Basar,2023-06-01,0.0,19.1,29.1,61.3,95.1,0.0,3.5,June,2023
11043,Nirmal,Bhainsa,2023-06-01,0.0,17.0,29.8,63.0,99.9,0.0,10.1,June,2023
11074,Nirmal,Dastuarabad,2023-06-01,0.0,16.9,28.5,60.0,97.3,0.1,23.0,June,2023
11105,Nirmal,Dilawarpur,2023-06-01,0.0,19.4,30.7,65.7,97.9,0.0,9.6,June,2023
11136,Nirmal,Kaddampeddur,2023-06-01,0.0,17.2,28.3,54.5,100.0,0.0,5.9,June,2023
11167,Nirmal,Khanpur,2023-06-01,0.0,17.3,29.7,59.0,99.1,0.0,3.0,June,2023
11198,Nirmal,Kubeer,2023-06-01,0.0,17.7,30.6,69.9,94.9,0.0,5.9,June,2023
11229,Nirmal,Kuntala,2023-06-01,0.0,16.5,28.2,54.3,92.4,0.0,11.0,June,2023
11260,Nirmal,Laxmanchanda,2023-06-01,0.0,17.7,29.9,52.7,94.1,0.0,11.6,June,2023
11291,Nirmal,Lokeswaram,2023-06-01,0.0,17.8,27.4,65.0,94.6,,,June,2023
11322,Nirmal,Mamda,2023-06-01,0.0,17.6,29.6,54.3,97.7,0.0,10.1,June,2023
11353,Nirmal,Mudhole,2023-06-01,0.0,17.3,28.6,56.7,99.9,0.0,9.2,June,2023
11384,Nirmal,Narsapur_G,2023-06-01,0.0,16.8,30.7,51.3,95.4,0.0,11.8,June,2023
11415,Nirmal,Nirmal,2023-06-01,0.0,17.3,27.4,72.4,100.0,0.0,15.3,June,2023
11446,Nirmal,Nirmal_Rural,2023-06-01,0.0,17.0,29.9,51.6,97.0,0.0,11.5,June,2023
11477,Nirmal,Pembi,2023-06-01,0.0,16.2,28.8,61.7,100.0,0.0,5.1,June,2023
11508,Nirmal,Sarangapur,2023-06-01,0.0,17.4,30.1,57.5,100.0,0.0,8.8,June,2023
11539,Nirmal,Soan,2023-06-01,0.0,19.5,30.5,58.3,97.2,0.0,6.5,June,2023
11570,Nirmal,Tanur,2023-06-01,0.0,18.7,28.3,64.7,95.8,0.0,6.7,June,2023
11601,Nizamabad,Armur,2023-06-01,0.0,17.2,30.5,70.4,100.0,0.0,1.1,June,2023
11632,Nizamabad,Balkonda,2023-06-01,1.3,17.4,27.5,64.8,84.0,0.0,6.7,June,2023
11663,Nizamabad,Bheemgal,2023-06-01,0.0,17.7,28.5,72.7,100.0,0.0,7.2,June,2023
11694,Nizamabad,Bodhan,2023-06-01,0.0,17.1,32.0,60.4,99.9,0.0,7.8,June,2023
11725,Nizamabad,Chandur,2023-06-01,0.0,20.1,30.0,71.5,95.9,0.0,5.1,June,2023
11756,Nizamabad,Dharpalle,2023-06-01,0.0,21.5,30.4,64.5,99.9,0.0,9.7,June,2023
11787,Nizamabad,Dichpalle,2023-06-01,0.0,17.7,30.3,50.5,97.2,0.0,5.4,June,2023
11818,Nizamabad,Indalwai,2023-06-01,0.0,18.2,29.4,70.9,100.0,0.0,1.5,June,2023
11849,Nizamabad,Jakranpalle,2023-06-01,0.0,19.0,32.3,62.6,96.0,0.0,5.4,June,2023
11880,Nizamabad,Kammarpalle,2023-06-01,0.0,16.9,29.7,62.0,98.0,0.1,9.6,June,2023
11911,Nizamabad,Kotgiri,2023-06-01,0.0,17.6,28.5,64.2,99.9,0.0,3.7,June,2023
11942,Nizamabad,Makloor,2023-06-01,0.0,20.9,30.5,48.1,98.7,0.0,1.4,June,2023
11973,Nizamabad,Mendora,2023-06-01,0.0,16.9,29.7,61.9,100.0,0.0,6.7,June,2023
12004,Nizamabad,Mortad,2023-06-01,0.0,16.5,29.9,61.0,97.9,0.0,3.4,June,2023
12035,Nizamabad,Mosra,2023-06-01,0.0,18.6,29.4,51.0,93.8,0.0,5.4,June,2023
12066,Nizamabad,Mugpal,2023-06-01,0.0,18.4,32.7,48.4,100.0,0.0,3.6,June,2023
12097,Nizamabad,Mupkal,2023-06-01,0.0,16.8,28.7,58.7,97.8,0.0,6.7,June,2023
12128,Nizamabad,Nandipet,2023-06-01,0.0,18.9,29.8,56.7,99.9,0.0,1.1,June,2023
12159,Nizamabad,Navipet,2023-06-01,0.0,20.0,32.0,56.6,97.4,0.0,3.5,June,2023
12190,Nizamabad,Nizamabad_North,2023-06-01,0.0,21.2,30.7,59.1,98.3,0.0,12.0,June,2023
12221,Nizamabad,Nizamabad_Rural,2023-06-01,0.0,20.4,31.7,56.0,99.9,0.0,2.2,June,2023
12252,Nizamabad,Nizamabad_South,2023-06-01,0.0,20.2,29.9,48.1,95.6,0.0,1.7,June,2023
12283,Nizamabad,Ranjal,2023-06-01,0.0,19.9,30.2,70.2,96.6,0.0,3.5,June,2023
12314,Nizamabad,Rudrur,2023-06-01,0.0,18.7,29.6,50.7,97.3,0.0,5.9,June,2023
12345,Nizamabad,Sirkonda,2023-06-01,0.0,18.2,30.7,62.0,99.9,0.0,9.7,June,2023
12376,Nizamabad,Vailpur,2023-06-01,0.0,16.8,29.2,59.9,100.0,0.0,3.0,June,2023
12407,Nizamabad,Varni,2023-06-01,0.0,19.8,28.1,61.2,97.3,0.0,6.3,June,2023
12438,Nizamabad,Yeda_Palle,2023-06-01,0.0,18.6,32.3,59.2,99.9,0.0,3.5,June,2023
12469,Nizamabad,Yergatla,2023-06-01,0.0,17.2,30.3,50.4,97.9,0.2,6.5,June,2023
12500,Peddapalli,Antargoan,2023-06-01,0.0,21.3,30.4,68.2,97.5,0.0,7.1,June,2023
12531,Peddapalli,Dharmaram,2023-06-01,0.0,18.2,29.9,65.1,100.0,0.0,5.0,June,2023
12562,Peddapalli,Elgaid,2023-06-01,0.0,19.6,30.1,73.0,100.0,0.7,9.5,June,2023
12593,Peddapalli,Julapalle,2023-06-01,0.0,19.8,30.5,68.4,99.9,0.2,6.5,June,2023
12624,Peddapalli,Kamanpur,2023-06-01,0.0,20.2,28.9,70.4,97.1,0.0,3.0,June,2023
12655,Peddapalli,Manthani,2023-06-01,0.2,19.2,32.3,63.9,99.9,0.0,8.4,June,2023
12686,Peddapalli,Mutharam_Manthani,2023-06-01,0.4,21.8,32.2,73.9,99.9,0.0,2.1,June,2023
12717,Peddapalli,Odela,2023-06-01,0.0,19.8,31.2,57.2,95.4,0.0,0.4,June,2023
12748,Peddapalli,Palakurthy,2023-06-01,0.0,18.9,32.9,63.1,97.6,0.0,5.4,June,2023
12779,Peddapalli,Peddapalle,2023-06-01,0.5,20.1,30.5,60.8,96.0,0.0,12.5,June,2023
12810,Peddapalli,Ramagiri,2023-06-01,0.0,21.0,30.0,80.7,99.9,0.0,4.4,June,2023
12841,Peddapalli,Ramagundam,2023-06-01,0.0,20.0,28.8,64.0,97.9,0.0,4.8,June,2023
12872,Peddapalli,Srirampur,2023-06-01,0.0,19.7,30.4,71.7,99.9,0.0,15.5,June,2023
12903,Peddapalli,Sultanabad,2023-06-01,0.0,19.6,32.1,55.6,90.4,0.0,5.9,June,2023
12934,Rajanna Sircilla,Boinpalle,2023-06-01,0.0,18.8,29.6,54.4,86.3,0.0,10.7,June,2023
12965,Rajanna Sircilla,Chandurthi,2023-06-01,0.0,21.5,29.8,72.5,99.9,0.0,0.6,June,2023
12996,Rajanna Sircilla,Ellanthakunta,2023-06-01,0.0,19.4,30.8,58.5,99.9,0.0,7.8,June,2023
13027,Rajanna Sircilla,Gambhiraopeta,2023-06-01,0.0,18.5,30.4,49.0,99.9,0.0,7.4,June,2023
13058,Rajanna Sircilla,Konaraopeta,2023-06-01,0.0,21.5,30.3,63.1,99.9,0.0,8.8,June,2023
13089,Rajanna Sircilla,Mustabad,2023-06-01,0.0,14.1,32.3,56.4,99.9,0.0,12.5,June,2023
13120,Rajanna Sircilla,Rudrangi,2023-06-01,0.4,20.1,30.2,62.3,99.9,0.0,7.9,June,2023
13151,Rajanna Sircilla,Sirsilla,2023-06-01,0.0,21.6,30.4,65.5,99.9,0.0,10.5,June,2023
13182,Rajanna Sircilla,Thangallapalle,2023-06-01,0.0,20.2,30.4,69.9,95.8,0.1,8.8,June,2023
13213,Rajanna Sircilla,Veernapalle,2023-06-01,0.0,17.0,27.7,57.3,79.5,0.0,12.4,June,2023
13244,Rajanna Sircilla,Vemulawada,2023-06-01,0.0,21.8,30.1,74.2,99.9,0.1,5.6,June,2023
13275,Rajanna Sircilla,Vemulawada_Rural,2023-06-01,0.0,20.0,30.1,71.7,99.9,0.0,4.0,June,2023
13306,Rajanna Sircilla,Yellareddypeta,2023-06-01,0.0,15.4,30.7,55.2,99.9,0.0,17.8,June,2023
13337,Rangareddy,Abdullapurmet,2023-06-01,1.4,18.4,29.1,58.8,100.0,0.0,13.9,June,2023
13368,Rangareddy,Amangal,2023-06-01,0.0,20.9,26.4,63.5,100.0,0.0,7.7,June,2023
13399,Rangareddy,Balapur,2023-06-01,0.0,17.9,28.5,69.7,100.0,0.0,7.2,June,2023
13430,Rangareddy,Chevella,2023-06-01,0.0,16.6,28.4,50.1,100.0,0.0,13.9,June,2023
13461,Rangareddy,Chowdergudem,2023-06-01,0.0,17.2,28.1,60.7,100.0,0.0,12.7,June,2023
13492,Rangareddy,Farooqnagar,2023-06-01,0.0,18.0,27.8,61.2,100.0,0.0,15.1,June,2023
13523,Rangareddy,Gandipet,2023-06-01,0.0,21.3,28.0,59.8,90.0,0.2,2.6,June,2023
13554,Rangareddy,Hayathnagar,2023-06-01,0.8,19.2,27.3,56.9,98.4,0.0,65.1,June,2023
13585,Rangareddy,Ibrahimpatnam,2023-06-01,0.1,16.9,30.4,49.6,100.0,0.0,6.1,June,2023
13616,Rangareddy,Kadthal,2023-06-01,0.8,18.5,27.8,61.8,99.8,0.0,11.8,June,2023
13647,Rangareddy,Kandukur,2023-06-01,0.6,17.4,28.1,54.9,100.0,0.0,14.9,June,2023
13678,Rangareddy,Keshampeta,2023-06-01,0.1,16.9,27.8,58.5,100.0,0.0,15.1,June,2023
13709,Rangareddy,Kondurg,2023-06-01,0.0,18.8,27.9,62.3,97.5,0.0,10.0,June,2023
13740,Rangareddy,Kothur,2023-06-01,0.0,19.8,29.8,77.1,100.0,0.0,1.1,June,2023
13771,Rangareddy,Madgul,2023-06-01,0.0,19.4,27.3,63.0,100.0,0.0,11.6,June,2023
13802,Rangareddy,Maheshwaram,2023-06-01,0.0,18.0,28.7,59.4,99.5,0.0,12.2,June,2023
13833,Rangareddy,Manchal,2023-06-01,0.5,19.3,27.5,78.9,100.0,0.0,13.9,June,2023
13864,Rangareddy,Moinabad,2023-06-01,0.0,17.2,29.9,47.0,99.6,0.0,11.7,June,2023
13895,Rangareddy,Nandigam,2023-06-01,0.0,18.5,27.1,55.0,97.9,0.0,9.5,June,2023
13926,Rangareddy,Rajendranagar,2023-06-01,0.0,19.5,29.0,50.3,100.0,0.0,10.8,June,2023
13957,Rangareddy,Saroornagar,2023-06-01,0.1,19.9,27.1,56.5,88.7,0.0,37.7,June,2023
13988,Rangareddy,Serilingampally,2023-06-01,0.0,19.8,28.3,52.5,86.4,0.0,28.3,June,2023
14019,Rangareddy,Shabad,2023-06-01,0.0,15.5,29.6,44.1,100.0,0.0,12.7,June,2023
14050,Rangareddy,Shamshabad,2023-06-01,0.0,17.9,27.7,56.4,98.9,0.0,8.9,June,2023
14081,Rangareddy,Shankarpalle,2023-06-01,0.0,17.4,28.2,51.7,100.0,0.0,6.5,June,2023
14112,Rangareddy,Talakondapalle,2023-06-01,0.0,16.7,30.0,54.6,99.2,0.0,7.8,June,2023
14143,Rangareddy,Yacharam,2023-06-01,2.9,18.0,26.0,68.3,100.0,0.0,12.7,June,2023
14174,Sangareddy,Ameenapur,2023-06-01,0.0,20.0,29.4,47.3,96.6,0.0,5.7,June,2023
14205,Sangareddy,Andhole,2023-06-01,0.0,17.7,32.2,47.8,100.0,0.0,8.7,June,2023
14236,Sangareddy,Chowtakur,2023-06-01,0.0,19.3,28.5,49.4,91.4,0.0,4.9,June,2023
14267,Sangareddy,Gummadidala,2023-06-01,0.0,18.2,28.2,48.6,98.9,0.0,14.3,June,2023
14298,Sangareddy,Hathanoora,2023-06-01,0.0,18.5,29.7,44.1,100.0,0.0,5.0,June,2023
14329,Sangareddy,Jharasangam,2023-06-01,0.0,17.0,28.5,55.2,91.7,0.0,9.2,June,2023
14360,Sangareddy,Jinnaram,2023-06-01,0.0,18.8,28.7,47.6,93.5,0.0,8.3,June,2023
14391,Sangareddy,Kalher,2023-06-01,0.0,20.2,32.0,54.6,96.2,0.0,5.4,June,2023
14422,Sangareddy,Kandi,2023-06-01,0.0,18.9,27.6,57.5,96.1,0.7,2.8,June,2023
14453,Sangareddy,Kangti,2023-06-01,0.0,19.2,27.6,54.6,90.3,0.0,7.8,June,2023
14484,Sangareddy,Kohir,2023-06-01,0.0,15.9,29.1,45.8,100.0,0.0,4.0,June,2023
14515,Sangareddy,Kondapur,2023-06-01,0.0,18.7,29.2,53.8,95.9,0.0,8.8,June,2023
14546,Sangareddy,Manoor,2023-06-01,0.0,19.5,29.0,48.9,92.9,0.0,5.0,June,2023
14577,Sangareddy,Mogdampalle,2023-06-01,0.0,16.7,29.6,45.9,100.0,0.0,12.4,June,2023
14608,Sangareddy,Munipalli,2023-06-01,0.0,17.8,27.9,53.0,100.0,0.0,7.9,June,2023
14639,Sangareddy,Nagalgidda,2023-06-01,0.0,19.4,30.4,47.4,93.4,0.0,7.8,June,2023
14670,Sangareddy,Narayankhed,2023-06-01,0.0,19.9,29.2,47.9,92.4,0.0,7.9,June,2023
14701,Sangareddy,Naykal,2023-06-01,0.0,16.0,28.4,52.6,100.0,0.0,9.2,June,2023
14732,Sangareddy,Patancheruvu,2023-06-01,0.0,18.5,28.7,51.5,100.0,0.0,6.4,June,2023
14763,Sangareddy,Pulkal,2023-06-01,0.0,18.3,28.8,48.3,99.9,0.0,8.5,June,2023
14794,Sangareddy,Raikode,2023-06-01,0.0,17.8,27.9,53.5,96.7,1.1,9.5,June,2023
14825,Sangareddy,Ramachandrapuram,2023-06-01,0.0,19.4,28.2,52.0,86.9,0.1,5.0,June,2023
14856,Sangareddy,Sadasivpet,2023-06-01,0.0,17.9,29.6,53.6,95.5,0.0,6.6,June,2023
14887,Sangareddy,Sangareddy,2023-06-01,0.0,19.9,29.3,54.0,96.4,1.3,5.0,June,2023
14918,Sangareddy,Sirgapoor,2023-06-01,0.0,19.8,31.0,47.1,98.7,0.0,10.4,June,2023
14949,Sangareddy,Watpalle,2023-06-01,0.0,18.7,28.8,43.2,95.9,0.0,9.7,June,2023
14980,Sangareddy,Zahirabad,2023-06-01,0.0,15.8,30.3,38.2,100.0,0.0,14.6,June,2023
15011,Siddipet,Anthakkapeta,2023-06-01,0.0,18.8,30.1,50.4,93.5,0.0,8.4,June,2023
15042,Siddipet,Bejjanki,2023-06-01,0.0,17.9,30.0,55.4,100.0,0.0,0.2,June,2023
15073,Siddipet,Cheriyal,2023-06-01,0.0,18.4,28.9,49.8,100.0,0.0,9.1,June,2023
15104,Siddipet,Chinnakodur,2023-06-01,0.0,19.4,30.6,64.7,95.0,0.0,2.7,June,2023
15135,Siddipet,Dhoolmitta,2023-06-01,0.0,18.4,29.4,54.5,95.5,0.0,4.8,June,2023
15166,Siddipet,Doultabad,2023-06-01,0.0,18.5,27.3,52.3,93.9,0.0,8.8,June,2023
15197,Siddipet,Dubbak,2023-06-01,0.0,18.1,30.4,50.4,99.9,0.0,8.7,June,2023
15228,Siddipet,Gajwel,2023-06-01,0.2,19.0,28.6,60.0,100.0,0.0,10.8,June,2023
15259,Siddipet,Husnabad,2023-06-01,0.0,19.2,29.9,67.6,99.9,0.0,5.5,June,2023
15290,Siddipet,Jagadevpur,2023-06-01,0.0,18.8,27.3,62.0,100.0,0.0,10.4,June,2023
15321,Siddipet,Koheda,2023-06-01,0.0,18.3,31.5,53.8,96.8,0.0,5.5,June,2023
15352,Siddipet,Komaravelly,2023-06-01,0.0,19.0,27.8,58.9,90.8,0.0,8.8,June,2023
15383,Siddipet,Kondapak,2023-06-01,0.0,18.5,28.6,57.5,100.0,0.0,6.0,June,2023
15414,Siddipet,Maddur,2023-06-01,0.0,18.7,28.9,53.0,96.1,0.0,8.1,June,2023
15445,Siddipet,Markook,2023-06-01,0.0,18.8,27.5,53.1,85.3,0.0,10.8,June,2023
15476,Siddipet,Mirdoddi,2023-06-01,0.0,18.0,28.6,68.4,100.0,0.0,3.5,June,2023
15507,Siddipet,Mulug,2023-06-01,0.0,19.1,32.0,58.6,96.8,0.0,4.2,June,2023
15538,Siddipet,Nanganur,2023-06-01,0.0,18.6,29.3,52.4,100.0,0.0,3.6,June,2023
15569,Siddipet,Narayanraopet,2023-06-01,0.0,18.3,29.7,50.5,95.3,0.0,8.8,June,2023
15600,Siddipet,Rayapole,2023-06-01,0.0,18.6,28.1,59.9,97.9,0.0,8.8,June,2023
15631,Siddipet,Siddipet_Rural,2023-06-01,0.0,18.5,26.9,67.7,100.0,0.0,2.7,June,2023
15662,Siddipet,Siddipet_Urban,2023-06-01,0.0,18.3,30.8,45.4,94.5,0.0,2.7,June,2023
15693,Siddipet,Thoguta,2023-06-01,0.0,18.4,28.2,54.8,100.0,0.0,6.0,June,2023
15724,Siddipet,Wargal,2023-06-01,0.0,18.7,28.0,44.3,93.9,0.0,3.3,June,2023
15755,Suryapet,Ananthagiri,2023-06-01,0.0,21.1,29.9,72.4,100.0,0.0,5.2,June,2023
15786,Suryapet,Atmakur_S,2023-06-01,0.0,21.7,29.5,63.2,94.8,,,June,2023
15817,Suryapet,Chilkur,2023-06-01,0.0,21.4,29.7,79.1,99.9,0.0,8.2,June,2023
15848,Suryapet,Chinthala Palem,2023-06-01,0.0,20.2,29.6,63.3,100.0,0.0,8.2,June,2023
15879,Suryapet,Chivvemla,2023-06-01,0.0,21.4,29.2,64.3,98.7,0.0,6.9,June,2023
15910,Suryapet,Garidepalle,2023-06-01,0.0,20.5,29.0,67.5,94.4,0.0,7.3,June,2023
15941,Suryapet,Huzur Nagar,2023-06-01,0.0,21.4,30.0,72.6,96.9,,,June,2023
15972,Suryapet,Jajireddigudem,2023-06-01,14.4,21.4,29.4,77.8,100.0,,,June,2023
16003,Suryapet,Kodad,2023-06-01,0.0,21.1,28.9,77.7,98.7,0.0,8.2,June,2023
16034,Suryapet,Maddirala,2023-06-01,3.0,20.7,29.5,55.6,94.6,0.0,2.3,June,2023
16065,Suryapet,Mattampalle,2023-06-01,0.0,20.5,29.6,62.0,96.3,0.0,9.6,June,2023
16096,Suryapet,Mellachervu,2023-06-01,0.0,20.7,28.7,64.4,95.3,0.0,9.6,June,2023
16127,Suryapet,Mothey,2023-06-01,0.0,21.8,29.5,65.5,96.9,0.0,11.6,June,2023
16158,Suryapet,Munagala,2023-06-01,0.0,21.8,29.2,62.1,95.1,0.0,5.7,June,2023
16189,Suryapet,Nadigudem,2023-06-01,0.0,21.3,29.5,85.6,100.0,0.0,7.8,June,2023
16220,Suryapet,Nagaram,2023-06-01,9.6,20.9,30.2,62.1,100.0,0.0,12.1,June,2023
16251,Suryapet,Neredcherla,2023-06-01,0.0,21.4,29.1,67.5,99.2,,,June,2023
16282,Suryapet,Noothankal,2023-06-01,0.0,21.2,27.8,64.3,93.3,,,June,2023
16313,Suryapet,Palakeedu,2023-06-01,0.0,21.2,28.6,65.7,96.0,0.0,8.8,June,2023
16344,Suryapet,Penpahad,2023-06-01,0.0,20.8,30.5,58.0,99.4,0.0,8.1,June,2023
16375,Suryapet,Suryapet,2023-06-01,0.0,21.9,29.8,58.0,100.0,0.0,6.5,June,2023
16406,Suryapet,Thirumalagiri,2023-06-01,5.9,20.7,30.2,71.5,100.0,0.0,8.1,June,2023
16437,Suryapet,Thungathurthi,2023-06-01,4.2,21.0,27.0,64.0,94.6,0.0,9.6,June,2023
16468,Vikarabad,Bantwaram,2023-06-01,0.0,17.3,31.9,29.7,100.0,0.0,5.7,June,2023
16499,Vikarabad,Basheerabad,2023-06-01,0.9,17.8,29.8,40.1,100.0,0.0,13.8,June,2023
16530,Vikarabad,Bomraspeta,2023-06-01,0.0,18.4,29.0,37.4,96.6,0.0,3.9,June,2023
16561,Vikarabad,Chowdapur,2023-06-01,0.0,18.7,27.9,52.0,97.7,0.0,10.2,June,2023
16592,Vikarabad,Dharur,2023-06-01,0.0,18.1,28.9,50.5,100.0,0.0,5.7,June,2023
16623,Vikarabad,Doma,2023-06-01,0.0,18.3,28.2,51.9,97.3,0.0,7.6,June,2023
16654,Vikarabad,Doulatabad,2023-06-01,0.0,17.3,26.6,58.8,100.0,0.0,23.4,June,2023
16685,Vikarabad,Kodangal,2023-06-01,0.0,19.5,29.6,49.2,100.0,,,June,2023
16716,Vikarabad,Kotepally,2023-06-01,0.0,17.8,30.6,50.4,100.0,0.0,5.7,June,2023
16747,Vikarabad,Kulkacharla,2023-06-01,0.0,17.7,31.0,39.3,100.0,0.0,7.6,June,2023
16778,Vikarabad,Marpalle,2023-06-01,0.5,15.5,31.1,40.9,100.0,0.0,0.3,June,2023
16809,Vikarabad,Mominpet,2023-06-01,0.0,16.9,28.6,52.9,95.3,0.0,4.3,June,2023
16840,Vikarabad,Nawabpet,2023-06-01,0.0,16.3,28.2,52.2,95.1,0.0,11.4,June,2023
16871,Vikarabad,Pargi,2023-06-01,0.0,17.4,28.4,39.0,100.0,0.0,7.6,June,2023
16902,Vikarabad,Peddemul,2023-06-01,0.0,17.8,29.5,51.0,100.0,0.0,5.7,June,2023
16933,Vikarabad,Pudur,2023-06-01,0.0,16.2,31.3,38.9,100.0,0.0,5.0,June,2023
16964,Vikarabad,Tandur,2023-06-01,0.0,18.1,31.5,51.4,100.0,,,June,2023
16995,Vikarabad,Vikarabad,2023-06-01,0.0,16.5,30.8,42.1,99.9,0.0,17.4,June,2023
17026,Vikarabad,Yelal,2023-06-01,0.0,17.4,30.8,42.4,100.0,,,June,2023
17057,Wanaparthy,Amarchinta,2023-06-01,0.0,19.6,30.5,47.9,94.8,0.0,11.1,June,2023
17088,Wanaparthy,Atmakur,2023-06-01,0.0,20.5,30.0,62.6,100.0,0.0,0.7,June,2023
17119,Wanaparthy,Chinnambavi,2023-06-01,0.0,20.0,30.9,48.2,88.7,0.9,10.0,June,2023
17150,Wanaparthy,Ghanpur,2023-06-01,0.0,19.5,28.7,54.9,92.9,0.0,4.6,June,2023
17181,Wanaparthy,Gopalpeta,2023-06-01,0.0,18.3,28.3,52.3,100.0,0.0,9.4,June,2023
17212,Wanaparthy,Kothakota,2023-06-01,0.0,19.6,32.1,55.4,98.1,0.0,5.3,June,2023
17243,Wanaparthy,Madanapur,2023-06-01,0.0,20.2,29.7,43.7,100.0,0.0,3.6,June,2023
17274,Wanaparthy,Pangal,2023-06-01,0.0,18.4,30.9,45.3,100.0,0.0,8.5,June,2023
17305,Wanaparthy,Pebbair,2023-06-01,0.0,19.8,32.5,49.9,94.8,0.0,4.3,June,2023
17336,Wanaparthy,Peddamandadi,2023-06-01,0.0,19.3,30.7,71.7,96.2,0.0,4.5,June,2023
17367,Wanaparthy,Revelly,2023-06-01,0.0,18.5,27.2,59.1,100.0,0.0,9.4,June,2023
17398,Wanaparthy,Srirangapur,2023-06-01,0.0,20.1,30.2,51.3,92.5,0.0,7.2,June,2023
17429,Wanaparthy,Veepangandla,2023-06-01,0.0,19.6,28.2,67.7,100.0,1.1,10.9,June,2023
17460,Wanaparthy,Wanaparthy,2023-06-01,0.0,18.6,30.7,51.2,89.3,,,June,2023
17491,Warangal,Chennaraopeta,2023-06-01,0.0,20.2,31.2,51.0,97.3,0.0,4.6,June,2023
17522,Warangal,Duggondi,2023-06-01,0.0,19.8,32.1,54.8,94.7,0.0,7.8,June,2023
17553,Warangal,Geesugonda,2023-06-01,0.0,20.0,31.9,47.9,91.7,0.0,8.6,June,2023
17584,Warangal,Khanapur,2023-06-01,0.0,20.3,30.4,54.5,100.0,0.0,6.1,June,2023
17615,Warangal,Khilla_Warangal,2023-06-01,0.0,20.1,30.6,57.2,83.5,0.0,4.0,June,2023
17646,Warangal,Nallabelly,2023-06-01,0.0,19.0,30.7,59.4,97.3,0.0,5.1,June,2023
17677,Warangal,Narsampet,2023-06-01,0.0,20.1,29.1,56.8,96.2,0.0,11.5,June,2023
17708,Warangal,Nekkonda,2023-06-01,1.3,20.7,30.7,52.1,98.4,0.0,9.3,June,2023
17739,Warangal,Parvathagiri,2023-06-01,6.9,20.1,31.3,42.7,100.0,0.0,9.3,June,2023
17770,Warangal,Raiparthy,2023-06-01,2.5,21.1,31.9,46.2,100.0,0.0,9.1,June,2023
17801,Warangal,Sangem,2023-06-01,0.0,20.3,31.6,51.0,94.9,0.0,5.2,June,2023
17832,Warangal,Warangal,2023-06-01,0.0,20.1,30.9,44.9,95.7,0.0,6.2,June,2023
17863,Warangal,Wardhannapet,2023-06-01,7.6,20.4,29.3,69.3,100.0,0.0,5.8,June,2023
17894,Yadadri Bhuvanagiri,Addagudur,2023-06-01,1.0,20.6,29.9,72.2,100.0,0.0,12.1,June,2023
17925,Yadadri Bhuvanagiri,Alair,2023-06-01,8.3,19.8,30.6,65.0,100.0,0.0,5.8,June,2023
17956,Yadadri Bhuvanagiri,Atmakur_M,2023-06-01,2.4,21.2,30.3,70.4,100.0,0.0,7.1,June,2023
17987,Yadadri Bhuvanagiri,Bhongiri,2023-06-01,4.4,19.2,30.0,49.1,97.6,0.0,2.2,June,2023
18018,Yadadri Bhuvanagiri,Bibinagar,2023-06-01,1.3,19.7,29.5,57.4,96.2,0.0,0.5,June,2023
18049,Yadadri Bhuvanagiri,Bommalaramaram,2023-06-01,1.1,18.6,31.2,51.9,100.0,0.0,8.2,June,2023
18080,Yadadri Bhuvanagiri,Choutuppal,2023-06-01,0.8,19.4,29.7,62.1,100.0,0.0,3.6,June,2023
18111,Yadadri Bhuvanagiri,Gundala,2023-06-01,3.3,20.8,27.8,81.3,98.4,0.0,9.2,June,2023
18142,Yadadri Bhuvanagiri,Mootakondur,2023-06-01,7.0,19.6,27.2,63.1,100.0,0.0,6.1,June,2023
18173,Yadadri Bhuvanagiri,Mothkur,2023-06-01,10.1,20.3,30.2,66.3,100.0,0.0,10.2,June,2023
18204,Yadadri Bhuvanagiri,Narayanapur,2023-06-01,2.4,19.8,28.3,75.1,100.0,0.0,3.9,June,2023
18235,Yadadri Bhuvanagiri,Pochampalle,2023-06-01,4.9,19.9,28.6,62.9,97.4,0.0,5.2,June,2023
18266,Yadadri Bhuvanagiri,Rajapet,2023-06-01,0.4,18.9,27.9,60.1,95.7,0.0,7.2,June,2023
18297,Yadadri Bhuvanagiri,Ramannapeta,2023-06-01,5.6,20.3,29.1,66.0,97.0,0.0,3.8,June,2023
18328,Yadadri Bhuvanagiri,Turkapalle_M,2023-06-01,1.3,18.8,28.9,64.5,100.0,0.0,0.5,June,2023
18359,Yadadri Bhuvanagiri,Valigonda,2023-06-01,15.5,20.2,29.9,58.7,99.9,0.0,3.8,June,2023
18390,Yadadri Bhuvanagiri,Yadagirigutta,2023-06-01,4.9,19.6,27.3,59.1,99.2,0.0,6.1,June,2023
1,Adilabad,Adilabad Rural,2023-06-01,0.0,25.8,39.3,33.6,65.2,0.0,13.1,June,2023
2,Adilabad,Adilabad Rural,2023-06-02,0.0,25.5,41.7,24.6,55.6,0.0,10.7,June,2023
3,Adilabad,Adilabad Rural,2023-06-03,0.0,26.9,43.6,24.3,65.7,0.0,10.8,June,2023
4,Adilabad,Adilabad Rural,2023-06-04,0.0,26.5,43.3,27.5,62.7,0.0,13.6,June,2023
5,Adilabad,Adilabad Rural,2023-06-05,0.4,23.7,42.8,28.2,76.9,0.0,12.6,June,2023
6,Adilabad,Adilabad Rural,2023-06-06,0.0,28.0,41.1,30.8,64.2,0.0,12.3,June,2023
7,Adilabad,Adilabad Rural,2023-06-07,0.0,27.1,42.6,27.5,62.2,0.0,14.5,June,2023
8,Adilabad,Adilabad Rural,2023-06-08,0.0,29.6,42.0,27.5,55.1,0.0,10.6,June,2023
9,Adilabad,Adilabad Rural,2023-06-09,0.5,26.5,41.6,29.8,65.2,0.0,19.4,June,2023
10,Adilabad,Adilabad Rural,2023-06-10,3.9,23.8,43.9,27.5,85.4,1.4,20.9,June,2023
11,Adilabad,Adilabad Rural,2023-06-11,1.2,26.3,38.9,37.9,74.2,0.0,13.2,June,2023
12,Adilabad,Adilabad Rural,2023-06-12,0.0,28.4,39.6,38.5,63.7,0.0,14.5,June,2023
13,Adilabad,Adilabad Rural,2023-06-13,0.0,29.3,43.5,31.0,60.2,0.2,14.9,June,2023
14,Adilabad,Adilabad Rural,2023-06-14,0.0,30.4,42.5,26.2,56.1,0.8,13.6,June,2023
15,Adilabad,Adilabad Rural,2023-06-15,0.0,29.5,41.0,30.8,59.2,1.0,12.7,June,2023
16,Adilabad,Adilabad Rural,2023-06-16,0.0,29.5,42.2,28.2,53.6,0.0,11.7,June,2023
17,Adilabad,Adilabad Rural,2023-06-17,0.0,29.9,42.3,28.2,57.1,0.0,10.1,June,2023
18,Adilabad,Adilabad Rural,2023-06-18,0.0,30.8,43.2,30.3,54.6,0.9,12.7,June,2023
19,Adilabad,Adilabad Rural,2023-06-19,0.0,30.3,42.3,31.7,53.1,0.0,12.7,June,2023
20,Adilabad,Adilabad Rural,2023-06-20,0.0,29.0,40.1,32.9,60.7,0.0,10.8,June,2023
21,Adilabad,Adilabad Rural,2023-06-21,0.0,31.0,43.4,31.7,57.6,0.1,10.4,June,2023
22,Adilabad,Adilabad Rural,2023-06-22,0.2,28.8,40.5,36.8,71.5,0.0,14.3,June,2023
23,Adilabad,Adilabad Rural,2023-06-23,11.9,24.4,40.5,37.9,96.7,0.4,14.5,June,2023
24,Adilabad,Adilabad Rural,2023-06-24,0.6,25.7,31.6,67.5,88.3,0.3,5.1,June,2023
25,Adilabad,Adilabad Rural,2023-06-25,0.0,25.1,32.1,60.4,87.8,0.0,16.7,June,2023
26,Adilabad,Adilabad Rural,2023-06-26,4.1,24.1,33.7,57.0,97.2,0.0,10.2,June,2023
27,Adilabad,Adilabad Rural,2023-06-27,44.6,22.9,29.3,80.1,99.3,0.0,7.8,June,2023
28,Adilabad,Adilabad Rural,2023-06-28,25.9,24.0,25.8,84.8,96.1,0.4,6.3,June,2023
29,Adilabad,Adilabad Rural,2023-06-29,4.5,24.0,32.6,65.7,96.7,1.9,9.4,June,2023
30,Adilabad,Adilabad Rural,2023-06-30,0.3,25.7,33.1,62.7,81.8,2.9,9.5,June,2023
31,Adilabad,Adilabad Urban,2023-06-01,0.0,26.8,39.2,28.1,69.1,0.0,5.8,June,2023
32,Adilabad,Adilabad Urban,2023-06-02,0.0,25.3,40.5,22.2,58.7,0.0,4.6,June,2023
33,Adilabad,Adilabad Urban,2023-06-03,0.0,26.8,41.6,20.2,53.3,0.0,4.6,June,2023
34,Adilabad,Adilabad Urban,2023-06-04,0.0,26.7,42.0,23.6,61.6,0.0,4.3,June,2023
35,Adilabad,Adilabad Urban,2023-06-05,1.2,23.0,41.5,25.7,82.5,0.0,9.0,June,2023
36,Adilabad,Adilabad Urban,2023-06-06,0.0,28.0,39.4,28.8,64.1,0.0,3.4,June,2023
37,Adilabad,Adilabad Urban,2023-06-07,0.0,26.7,41.2,23.6,64.5,0.0,3.0,June,2023
38,Adilabad,Adilabad Urban,2023-06-08,0.0,30.8,41.8,21.5,48.9,0.0,6.9,June,2023
39,Adilabad,Adilabad Urban,2023-06-09,0.9,26.5,41.1,25.7,62.1,0.0,3.4,June,2023
40,Adilabad,Adilabad Urban,2023-06-10,0.0,26.2,42.2,24.3,70.5,0.0,9.0,June,2023
41,Adilabad,Adilabad Urban,2023-06-11,2.2,28.3,41.1,27.1,63.1,0.0,12.5,June,2023
42,Adilabad,Adilabad Urban,2023-06-12,0.0,30.5,40.3,32.5,61.1,0.0,8.7,June,2023
43,Adilabad,Adilabad Urban,2023-06-13,0.0,28.8,41.5,29.1,61.1,0.0,8.2,June,2023
44,Adilabad,Adilabad Urban,2023-06-14,0.0,30.9,42.1,19.7,52.2,0.0,7.8,June,2023
45,Adilabad,Adilabad Urban,2023-06-15,0.0,28.9,41.2,24.7,66.0,0.0,8.4,June,2023
46,Adilabad,Adilabad Urban,2023-06-16,0.0,30.1,42.1,25.3,51.3,0.0,7.6,June,2023
47,Adilabad,Adilabad Urban,2023-06-17,0.0,30.5,42.6,24.9,43.4,0.0,13.2,June,2023
48,Adilabad,Adilabad Urban,2023-06-18,0.0,31.1,40.1,28.8,68.1,0.0,11.0,June,2023
49,Adilabad,Adilabad Urban,2023-06-19,0.0,29.9,39.9,29.5,50.0,0.0,7.1,June,2023
50,Adilabad,Adilabad Urban,2023-06-20,0.0,31.1,41.1,28.9,45.3,0.0,7.5,June,2023
51,Adilabad,Adilabad Urban,2023-06-21,0.0,31.2,40.6,28.4,53.7,0.0,6.5,June,2023
52,Adilabad,Adilabad Urban,2023-06-22,0.1,27.0,40.6,32.2,71.3,0.0,4.8,June,2023
53,Adilabad,Adilabad Urban,2023-06-23,8.1,25.2,39.9,36.6,95.6,0.0,9.9,June,2023
54,Adilabad,Adilabad Urban,2023-06-24,0.7,26.4,32.2,60.4,86.5,0.0,4.8,June,2023
55,Adilabad,Adilabad Urban,2023-06-25,1.2,26.3,35.5,48.1,82.9,0.0,8.8,June,2023
56,Adilabad,Adilabad Urban,2023-06-26,5.8,24.3,34.3,47.6,99.0,0.0,6.5,June,2023
57,Adilabad,Adilabad Urban,2023-06-27,48.8,23.2,29.4,78.6,100.0,0.0,3.6,June,2023
58,Adilabad,Adilabad Urban,2023-06-28,3.9,24.3,26.4,88.5,98.0,0.0,6.9,June,2023
59,Adilabad,Adilabad Urban,2023-06-29,8.9,26.3,32.8,64.2,91.6,0.0,10.4,June,2023
60,Adilabad,Adilabad Urban,2023-06-30,0.0,27.3,35.7,48.7,87.7,0.0,10.8,June,2023
61,Adilabad,Bazarhathnoor,2023-06-01,0.0,24.4,38.0,36.5,61.8,0.0,0.2,June,2023
62,Adilabad,Bazarhathnoor,2023-06-02,0.0,25.2,39.7,23.7,48.9,0.0,1.8,June,2023
63,Adilabad,Bazarhathnoor,2023-06-03,0.0,27.3,39.9,26.7,53.9,0.0,1.5,June,2023
64,Adilabad,Bazarhathnoor,2023-06-04,0.0,27.7,40.4,30.2,54.9,0.0,4.6,June,2023
65,Adilabad,Bazarhathnoor,2023-06-05,6.3,23.3,40.2,32.6,84.3,0.0,1.6,June,2023
66,Adilabad,Bazarhathnoor,2023-06-06,0.0,26.1,37.4,37.1,76.1,0.0,2.7,June,2023
67,Adilabad,Bazarhathnoor,2023-06-07,0.0,26.0,39.6,30.2,70.8,0.0,1.5,June,2023
68,Adilabad,Bazarhathnoor,2023-06-08,0.0,27.8,40.6,27.4,55.9,0.0,2.5,June,2023
69,Adilabad,Bazarhathnoor,2023-06-09,0.0,28.9,40.1,32.2,56.9,0.0,2.5,June,2023
70,Adilabad,Bazarhathnoor,2023-06-10,0.0,28.8,40.1,29.5,59.9,0.0,2.6,June,2023
71,Adilabad,Bazarhathnoor,2023-06-11,0.0,27.2,39.6,34.3,70.5,0.0,4.1,June,2023
72,Adilabad,Bazarhathnoor,2023-06-12,0.0,29.1,38.4,38.8,63.9,0.0,1.3,June,2023
73,Adilabad,Bazarhathnoor,2023-06-13,0.0,29.1,40.2,35.0,59.9,0.0,1.9,June,2023
74,Adilabad,Bazarhathnoor,2023-06-14,0.0,28.8,39.6,30.6,62.9,0.0,2.2,June,2023
75,Adilabad,Bazarhathnoor,2023-06-15,0.0,28.1,38.5,34.7,64.8,0.0,3.5,June,2023
76,Adilabad,Bazarhathnoor,2023-06-16,0.0,28.5,38.5,32.6,59.4,0.0,2.8,June,2023
77,Adilabad,Bazarhathnoor,2023-06-17,0.0,28.6,38.9,32.6,64.3,0.0,1.9,June,2023
78,Adilabad,Bazarhathnoor,2023-06-18,0.0,29.1,38.9,36.5,60.4,0.0,1.8,June,2023
79,Adilabad,Bazarhathnoor,2023-06-19,0.0,29.6,38.3,36.5,57.4,0.0,3.1,June,2023
80,Adilabad,Bazarhathnoor,2023-06-20,0.0,29.7,37.7,37.1,60.4,0.0,2.9,June,2023
81,Adilabad,Bazarhathnoor,2023-06-21,0.0,30.1,38.6,37.6,60.9,0.0,2.4,June,2023
82,Adilabad,Bazarhathnoor,2023-06-22,0.0,28.0,37.5,41.7,71.4,0.0,8.0,June,2023
83,Adilabad,Bazarhathnoor,2023-06-23,9.3,24.4,36.7,41.7,96.3,0.0,2.1,June,2023
84,Adilabad,Bazarhathnoor,2023-06-24,0.0,24.5,30.3,73.0,94.8,0.0,10.9,June,2023
85,Adilabad,Bazarhathnoor,2023-06-25,0.0,24.3,31.1,69.2,90.5,0.0,9.1,June,2023
86,Adilabad,Bazarhathnoor,2023-06-26,29.3,23.5,30.2,74.4,97.4,0.0,14.8,June,2023
87,Adilabad,Bazarhathnoor,2023-06-27,10.1,22.8,27.9,81.3,97.0,0.0,0.9,June,2023
88,Adilabad,Bazarhathnoor,2023-06-28,12.7,22.9,25.0,90.0,97.4,0.0,1.5,June,2023
89,Adilabad,Bazarhathnoor,2023-06-29,8.0,23.3,28.8,79.8,99.0,0.0,0.8,June,2023
90,Adilabad,Bazarhathnoor,2023-06-30,0.0,24.3,32.4,67.9,87.2,0.0,1.1,June,2023
91,Adilabad,Bela,2023-06-01,0.0,26.2,41.7,17.5,66.5,0.0,0.0,June,2023
92,Adilabad,Bela,2023-06-02,0.0,25.8,43.2,10.4,56.2,0.0,6.1,June,2023
93,Adilabad,Bela,2023-06-03,0.0,29.8,43.8,10.4,51.2,0.0,14.2,June,2023
94,Adilabad,Bela,2023-06-04,0.0,27.2,43.5,13.1,56.7,0.0,10.6,June,2023
95,Adilabad,Bela,2023-06-05,4.2,23.2,43.1,14.4,82.5,3.1,23.5,June,2023
96,Adilabad,Bela,2023-06-06,0.0,29.8,41.6,17.0,57.4,0.1,4.0,June,2023
97,Adilabad,Bela,2023-06-07,0.0,27.3,42.7,19.1,59.6,0.0,5.1,June,2023
98,Adilabad,Bela,2023-06-08,0.0,30.3,42.8,12.5,45.7,0.0,9.9,June,2023
99,Adilabad,Bela,2023-06-09,0.0,29.4,41.1,14.9,50.7,0.0,0.0,June,2023
100,Adilabad,Bela,2023-06-10,6.5,26.0,42.9,13.1,70.4,0.0,15.4,June,2023
101,Adilabad,Bela,2023-06-11,0.0,28.0,39.7,28.0,63.1,6.2,52.3,June,2023
102,Adilabad,Bela,2023-06-12,4.3,28.3,40.0,23.4,76.7,0.0,38.9,June,2023
103,Adilabad,Bela,2023-06-13,0.0,29.7,42.0,19.7,56.0,0.0,69.3,June,2023
104,Adilabad,Bela,2023-06-14,0.0,31.0,42.1,12.3,49.1,0.0,0.0,June,2023
105,Adilabad,Bela,2023-06-15,0.0,30.2,41.4,15.5,52.5,2.6,14.7,June,2023
106,Adilabad,Bela,2023-06-16,0.0,30.5,40.8,15.5,51.4,2.9,18.7,June,2023
107,Adilabad,Bela,2023-06-17,0.0,30.6,41.7,15.5,49.4,0.0,15.3,June,2023
108,Adilabad,Bela,2023-06-18,0.0,30.8,40.6,21.5,47.4,0.0,24.8,June,2023
109,Adilabad,Bela,2023-06-19,0.0,30.6,40.8,19.5,44.9,0.3,15.1,June,2023
110,Adilabad,Bela,2023-06-20,0.0,30.8,41.0,18.8,52.2,0.0,15.5,June,2023
111,Adilabad,Bela,2023-06-21,0.0,30.5,40.5,19.5,56.4,3.9,9.3,June,2023
112,Adilabad,Bela,2023-06-22,0.0,29.0,41.0,22.8,69.9,2.4,43.6,June,2023
113,Adilabad,Bela,2023-06-23,6.2,24.6,37.9,29.0,100.0,0.0,9.4,June,2023
114,Adilabad,Bela,2023-06-24,2.9,25.5,32.2,69.4,100.0,0.0,9.6,June,2023
115,Adilabad,Bela,2023-06-25,1.8,25.3,32.6,62.3,93.1,0.0,14.7,June,2023
116,Adilabad,Bela,2023-06-26,5.5,24.0,34.0,49.5,100.0,1.9,24.9,June,2023
117,Adilabad,Bela,2023-06-27,14.8,23.0,28.0,89.0,100.0,4.0,16.4,June,2023
118,Adilabad,Bela,2023-06-28,2.8,24.6,26.8,91.9,98.2,7.5,30.4,June,2023
119,Adilabad,Bela,2023-06-29,0.7,24.5,32.6,76.8,100.0,3.5,30.1,June,2023
120,Adilabad,Bela,2023-06-30,0.0,26.0,33.0,58.5,93.9,5.1,20.1,June,2023
121,Adilabad,Bheempoor,2023-06-01,0.0,25.4,43.5,22.9,52.3,0.0,6.7,June,2023
122,Adilabad,Bheempoor,2023-06-02,0.0,24.8,44.8,17.6,54.7,0.0,5.9,June,2023
123,Adilabad,Bheempoor,2023-06-03,0.0,27.1,44.5,18.8,55.6,0.0,8.7,June,2023
124,Adilabad,Bheempoor,2023-06-04,0.0,27.3,44.4,26.3,56.1,0.0,7.6,June,2023
125,Adilabad,Bheempoor,2023-06-05,0.0,23.0,43.2,27.0,83.8,0.0,11.0,June,2023
126,Adilabad,Bheempoor,2023-06-06,0.0,28.8,42.5,28.4,62.9,0.0,10.7,June,2023
127,Adilabad,Bheempoor,2023-06-07,0.0,29.2,44.1,23.6,52.7,0.0,11.9,June,2023
128,Adilabad,Bheempoor,2023-06-08,0.0,30.7,44.2,20.2,47.3,0.0,9.4,June,2023
129,Adilabad,Bheempoor,2023-06-09,0.0,27.5,44.4,25.2,57.6,0.0,6.5,June,2023
130,Adilabad,Bheempoor,2023-06-10,0.0,30.7,44.2,23.6,55.1,0.0,14.2,June,2023
131,Adilabad,Bheempoor,2023-06-11,0.0,29.7,43.8,27.0,63.9,0.0,16.3,June,2023
132,Adilabad,Bheempoor,2023-06-12,16.8,24.4,44.2,29.8,69.4,0.0,12.8,June,2023
133,Adilabad,Bheempoor,2023-06-13,0.0,28.9,41.7,31.1,81.0,0.0,12.3,June,2023
134,Adilabad,Bheempoor,2023-06-14,0.0,31.5,41.9,26.3,56.5,0.0,14.8,June,2023
135,Adilabad,Bheempoor,2023-06-15,0.0,30.9,42.3,26.8,57.6,0.0,14.1,June,2023
136,Adilabad,Bheempoor,2023-06-16,0.0,30.7,41.6,27.0,52.7,0.0,13.0,June,2023
137,Adilabad,Bheempoor,2023-06-17,0.0,31.3,41.3,28.1,57.0,0.0,17.0,June,2023
138,Adilabad,Bheempoor,2023-06-18,0.0,31.6,41.3,30.9,54.1,0.0,12.1,June,2023
139,Adilabad,Bheempoor,2023-06-19,0.0,30.9,42.0,30.4,54.6,0.0,10.3,June,2023
140,Adilabad,Bheempoor,2023-06-20,0.0,31.5,40.9,32.2,57.0,0.0,14.2,June,2023
141,Adilabad,Bheempoor,2023-06-21,0.0,31.2,41.7,32.9,57.1,0.0,8.5,June,2023
142,Adilabad,Bheempoor,2023-06-22,0.0,32.0,40.6,34.9,59.5,0.0,9.6,June,2023
143,Adilabad,Bheempoor,2023-06-23,6.9,26.4,38.5,40.4,96.1,0.0,13.9,June,2023
144,Adilabad,Bheempoor,2023-06-24,0.0,26.9,33.2,56.5,95.2,0.0,14.5,June,2023
145,Adilabad,Bheempoor,2023-06-25,0.0,27.3,36.7,46.7,84.8,0.0,8.3,June,2023
146,Adilabad,Bheempoor,2023-06-26,9.4,25.0,34.4,56.0,95.2,0.0,9.0,June,2023
147,Adilabad,Bheempoor,2023-06-27,16.2,24.9,28.9,82.1,98.6,0.4,6.3,June,2023
148,Adilabad,Bheempoor,2023-06-28,0.8,26.1,27.6,84.8,90.2,1.8,37.9,June,2023
149,Adilabad,Bheempoor,2023-06-29,0.0,26.8,32.7,66.9,87.5,0.0,16.0,June,2023
150,Adilabad,Bheempoor,2023-06-30,0.0,27.5,34.2,55.5,76.4,7.0,16.1,June,2023
151,Adilabad,Boath,2023-06-01,0.0,24.1,40.2,25.5,56.4,0.0,8.2,June,2023
152,Adilabad,Boath,2023-06-02,0.0,25.3,42.2,17.5,46.6,0.0,14.7,June,2023
153,Adilabad,Boath,2023-06-03,0.0,25.8,43.0,17.7,53.3,0.0,15.2,June,2023
154,Adilabad,Boath,2023-06-04,0.0,27.5,43.9,20.2,48.5,0.0,15.2,June,2023
155,Adilabad,Boath,2023-06-05,0.7,23.2,40.7,26.4,67.9,0.0,12.7,June,2023
156,Adilabad,Boath,2023-06-06,0.0,26.8,40.6,25.8,53.3,0.0,13.8,June,2023
157,Adilabad,Boath,2023-06-07,0.0,26.4,41.6,23.2,54.1,0.0,14.9,June,2023
158,Adilabad,Boath,2023-06-08,0.0,28.6,42.7,18.3,48.6,0.0,17.5,June,2023
159,Adilabad,Boath,2023-06-09,0.0,28.9,42.9,21.5,52.6,0.0,15.3,June,2023
160,Adilabad,Boath,2023-06-10,0.0,29.3,42.2,20.9,57.1,0.0,11.7,June,2023
161,Adilabad,Boath,2023-06-11,0.2,26.5,42.7,25.3,69.3,0.0,15.2,June,2023
162,Adilabad,Boath,2023-06-12,0.0,28.7,40.7,30.8,60.3,0.0,14.4,June,2023
163,Adilabad,Boath,2023-06-13,0.0,28.9,41.4,26.4,54.3,0.0,12.1,June,2023
164,Adilabad,Boath,2023-06-14,8.2,28.5,42.6,21.5,58.3,0.0,12.6,June,2023
165,Adilabad,Boath,2023-06-15,0.0,28.0,42.1,23.4,57.3,0.3,14.5,June,2023
166,Adilabad,Boath,2023-06-16,0.0,28.2,41.5,23.8,54.8,0.0,13.9,June,2023
167,Adilabad,Boath,2023-06-17,0.0,28.5,41.1,23.8,60.6,0.0,11.7,June,2023
168,Adilabad,Boath,2023-06-18,0.0,29.3,41.0,26.4,57.8,0.0,10.2,June,2023
169,Adilabad,Boath,2023-06-19,0.0,29.5,40.5,27.0,55.8,0.0,13.0,June,2023
170,Adilabad,Boath,2023-06-20,0.0,29.5,40.5,25.1,59.8,0.0,16.3,June,2023
171,Adilabad,Boath,2023-06-21,0.0,29.9,40.3,29.3,60.3,0.0,16.7,June,2023
172,Adilabad,Boath,2023-06-22,0.8,27.8,39.2,34.0,69.1,0.0,15.2,June,2023
173,Adilabad,Boath,2023-06-23,13.2,24.0,39.6,30.2,93.4,0.0,15.2,June,2023
174,Adilabad,Boath,2023-06-24,2.8,24.5,31.5,63.3,92.1,0.0,10.9,June,2023
175,Adilabad,Boath,2023-06-25,6.3,23.4,31.6,61.5,92.5,0.0,9.1,June,2023
176,Adilabad,Boath,2023-06-26,15.3,23.8,31.0,65.5,93.4,0.0,14.8,June,2023
177,Adilabad,Boath,2023-06-27,13.4,22.6,28.8,73.8,92.1,1.4,11.8,June,2023
178,Adilabad,Boath,2023-06-28,7.9,22.7,25.1,85.1,94.3,0.0,9.6,June,2023
179,Adilabad,Boath,2023-06-29,9.9,23.0,28.5,78.2,99.0,2.2,7.0,June,2023
180,Adilabad,Boath,2023-06-30,0.0,24.2,33.0,57.3,82.7,0.0,11.2,June,2023
181,Adilabad,Gadiguda,2023-06-01,0.0,25.1,39.5,28.3,75.6,0.0,0.0,June,2023
182,Adilabad,Gadiguda,2023-06-02,0.0,23.9,40.4,21.2,65.2,0.0,6.1,June,2023
183,Adilabad,Gadiguda,2023-06-03,0.0,28.2,40.8,21.2,51.6,0.0,14.2,June,2023
184,Adilabad,Gadiguda,2023-06-04,0.0,26.9,40.5,24.8,60.2,0.0,10.6,June,2023
185,Adilabad,Gadiguda,2023-06-05,6.4,22.0,40.0,26.2,91.7,3.1,23.5,June,2023
186,Adilabad,Gadiguda,2023-06-06,0.0,27.1,38.8,29.7,67.2,0.1,4.0,June,2023
187,Adilabad,Gadiguda,2023-06-07,2.4,26.3,38.2,33.7,71.9,0.0,5.1,June,2023
188,Adilabad,Gadiguda,2023-06-08,2.4,28.7,40.2,24.8,58.7,0.0,9.9,June,2023
189,Adilabad,Gadiguda,2023-06-09,0.0,29.5,40.5,26.9,51.6,0.0,0.0,June,2023
190,Adilabad,Gadiguda,2023-06-10,0.9,25.8,40.4,27.6,71.9,0.0,15.4,June,2023
191,Adilabad,Gadiguda,2023-06-11,0.0,27.7,38.1,34.4,65.2,6.2,52.3,June,2023
192,Adilabad,Gadiguda,2023-06-12,0.3,27.9,39.3,35.3,88.2,0.0,38.9,June,2023
193,Adilabad,Gadiguda,2023-06-13,0.0,29.7,39.4,31.1,59.7,0.0,69.3,June,2023
194,Adilabad,Gadiguda,2023-06-14,0.0,30.3,39.2,26.6,54.6,0.0,0.0,June,2023
195,Adilabad,Gadiguda,2023-06-15,0.0,29.6,39.6,28.7,57.1,2.6,14.7,June,2023
196,Adilabad,Gadiguda,2023-06-16,0.0,30.1,39.2,26.9,51.4,2.9,18.7,June,2023
197,Adilabad,Gadiguda,2023-06-17,0.0,29.9,39.3,27.6,55.1,0.0,15.3,June,2023
198,Adilabad,Gadiguda,2023-06-18,0.0,30.5,39.2,31.6,52.6,0.0,24.8,June,2023
199,Adilabad,Gadiguda,2023-06-19,0.0,30.0,38.7,31.6,51.0,0.3,15.1,June,2023
200,Adilabad,Gadiguda,2023-06-20,0.0,30.3,38.0,31.6,58.2,0.0,15.5,June,2023
201,Adilabad,Gadiguda,2023-06-21,0.0,27.7,39.2,34.4,71.9,3.9,9.3,June,2023
202,Adilabad,Gadiguda,2023-06-22,0.4,26.8,38.4,35.1,89.6,2.4,43.6,June,2023
203,Adilabad,Gadiguda,2023-06-23,21.0,23.3,35.9,40.4,99.3,0.0,9.4,June,2023
204,Adilabad,Gadiguda,2023-06-24,6.5,24.7,29.9,77.7,98.3,0.0,2.2,June,2023
205,Adilabad,Gadiguda,2023-06-25,0.0,24.5,29.7,75.3,95.8,0.0,1.3,June,2023
206,Adilabad,Gadiguda,2023-06-26,8.9,23.9,30.9,75.8,96.9,0.0,0.9,June,2023
207,Adilabad,Gadiguda,2023-06-27,36.2,22.6,26.8,87.3,100.0,0.0,0.3,June,2023
208,Adilabad,Gadiguda,2023-06-28,6.5,23.9,25.4,87.9,95.4,0.0,13.3,June,2023
209,Adilabad,Gadiguda,2023-06-29,4.8,23.5,29.4,74.4,98.8,0.0,0.3,June,2023
210,Adilabad,Gadiguda,2023-06-30,0.0,25.3,31.2,67.2,86.4,5.1,20.1,June,2023
211,Adilabad,Gudihathnur,2023-06-01,0.0,26.3,39.4,30.8,64.4,0.0,0.0,June,2023
212,Adilabad,Gudihathnur,2023-06-02,0.0,26.8,41.5,21.2,39.1,0.0,0.0,June,2023
213,Adilabad,Gudihathnur,2023-06-03,0.0,30.3,41.3,21.2,51.1,0.0,0.0,June,2023
214,Adilabad,Gudihathnur,2023-06-04,0.0,28.0,41.6,24.1,50.1,0.0,0.0,June,2023
215,Adilabad,Gudihathnur,2023-06-05,14.2,22.7,41.2,26.2,93.9,0.0,2.7,June,2023
216,Adilabad,Gudihathnur,2023-06-06,0.0,29.5,38.7,30.8,60.4,0.0,0.0,June,2023
217,Adilabad,Gudihathnur,2023-06-07,0.0,29.4,40.1,26.2,55.8,0.0,0.0,June,2023
218,Adilabad,Gudihathnur,2023-06-08,0.0,29.7,40.9,25.5,48.8,0.0,0.0,June,2023
219,Adilabad,Gudihathnur,2023-06-09,0.0,30.3,41.1,25.5,49.3,0.0,0.0,June,2023
220,Adilabad,Gudihathnur,2023-06-10,0.8,24.2,41.1,23.4,76.4,0.0,0.0,June,2023
221,Adilabad,Gudihathnur,2023-06-11,6.2,24.2,39.1,38.1,72.6,0.0,0.0,June,2023
222,Adilabad,Gudihathnur,2023-06-12,9.1,26.0,39.0,38.7,72.7,1.7,8.2,June,2023
223,Adilabad,Gudihathnur,2023-06-13,0.0,27.5,41.1,30.4,64.5,0.0,5.1,June,2023
224,Adilabad,Gudihathnur,2023-06-14,0.0,29.2,40.8,23.4,56.8,0.0,0.0,June,2023
225,Adilabad,Gudihathnur,2023-06-15,0.0,28.2,39.8,26.9,58.9,5.4,7.7,June,2023
226,Adilabad,Gudihathnur,2023-06-16,0.0,28.7,39.9,28.7,52.7,0.0,0.0,June,2023
227,Adilabad,Gudihathnur,2023-06-17,0.0,28.9,40.2,26.9,56.8,0.0,0.0,June,2023
228,Adilabad,Gudihathnur,2023-06-18,0.0,29.5,39.6,30.1,54.2,0.0,0.0,June,2023
229,Adilabad,Gudihathnur,2023-06-19,0.0,29.3,39.3,30.8,52.2,0.0,0.0,June,2023
230,Adilabad,Gudihathnur,2023-06-20,0.0,29.8,39.8,30.4,57.3,0.0,0.0,June,2023
231,Adilabad,Gudihathnur,2023-06-21,0.0,29.3,40.1,31.9,58.3,0.0,0.0,June,2023
232,Adilabad,Gudihathnur,2023-06-22,20.5,23.9,39.0,36.3,81.6,0.0,0.0,June,2023
233,Adilabad,Gudihathnur,2023-06-23,3.0,23.6,37.0,57.7,97.5,0.0,15.4,June,2023
234,Adilabad,Gudihathnur,2023-06-24,0.1,25.0,29.6,81.9,95.3,0.0,1.5,June,2023
235,Adilabad,Gudihathnur,2023-06-25,0.0,24.3,32.3,83.7,95.5,0.3,4.8,June,2023
236,Adilabad,Gudihathnur,2023-06-26,3.0,23.7,30.8,75.8,97.8,0.0,5.2,June,2023
237,Adilabad,Gudihathnur,2023-06-27,31.6,22.7,27.8,78.0,95.5,0.1,5.2,June,2023
238,Adilabad,Gudihathnur,2023-06-28,8.8,23.1,24.9,88.0,93.5,0.0,7.0,June,2023
239,Adilabad,Gudihathnur,2023-06-29,8.3,23.3,30.1,75.3,100.0,0.0,8.6,June,2023
240,Adilabad,Gudihathnur,2023-06-30,0.0,24.6,32.8,69.1,80.7,0.0,0.0,June,2023
241,Adilabad,Ichoda,2023-06-01,0.0,25.4,38.7,32.7,64.1,0.0,0.2,June,2023
242,Adilabad,Ichoda,2023-06-02,0.0,25.6,40.4,23.0,47.2,0.0,1.8,June,2023
243,Adilabad,Ichoda,2023-06-03,0.0,29.8,40.6,25.6,55.6,0.0,1.5,June,2023
244,Adilabad,Ichoda,2023-06-04,0.0,28.2,40.7,28.1,51.4,0.0,4.6,June,2023
245,Adilabad,Ichoda,2023-06-05,7.0,22.5,39.7,31.3,86.3,0.0,2.2,June,2023
246,Adilabad,Ichoda,2023-06-06,0.0,27.3,37.7,32.7,64.7,0.0,2.7,June,2023
247,Adilabad,Ichoda,2023-06-07,0.0,27.4,40.1,27.7,59.2,0.0,1.5,June,2023
248,Adilabad,Ichoda,2023-06-08,0.0,28.7,39.6,26.9,53.7,0.0,2.5,June,2023
249,Adilabad,Ichoda,2023-06-09,0.0,28.6,40.5,28.6,51.9,0.0,2.5,June,2023
250,Adilabad,Ichoda,2023-06-10,0.0,28.2,40.3,29.4,63.4,0.0,2.6,June,2023
251,Adilabad,Ichoda,2023-06-11,0.0,26.4,39.6,34.5,75.7,0.0,4.1,June,2023
252,Adilabad,Ichoda,2023-06-12,0.0,28.8,37.5,40.5,73.3,0.9,4.8,June,2023
253,Adilabad,Ichoda,2023-06-13,0.0,27.3,39.8,32.4,72.2,0.0,3.5,June,2023
254,Adilabad,Ichoda,2023-06-14,0.0,28.8,39.9,28.1,58.8,0.0,2.2,June,2023
255,Adilabad,Ichoda,2023-06-15,0.0,28.2,39.2,29.2,61.5,2.7,5.6,June,2023
256,Adilabad,Ichoda,2023-06-16,0.0,28.4,39.1,29.3,54.3,0.0,2.8,June,2023
257,Adilabad,Ichoda,2023-06-17,0.0,28.8,39.7,28.1,59.1,0.0,1.9,June,2023
258,Adilabad,Ichoda,2023-06-18,0.0,29.2,39.5,32.2,60.0,0.0,1.8,June,2023
259,Adilabad,Ichoda,2023-06-19,0.0,29.4,38.6,34.7,57.1,0.0,3.1,June,2023
260,Adilabad,Ichoda,2023-06-20,0.0,29.8,38.0,35.4,62.0,0.0,2.9,June,2023
261,Adilabad,Ichoda,2023-06-21,0.0,29.3,39.0,33.2,64.0,0.0,2.4,June,2023
262,Adilabad,Ichoda,2023-06-22,0.0,27.6,37.8,42.2,76.5,0.0,8.0,June,2023
263,Adilabad,Ichoda,2023-06-23,6.6,24.1,36.8,40.5,95.9,0.0,8.8,June,2023
264,Adilabad,Ichoda,2023-06-24,0.0,24.2,30.6,68.6,92.9,0.0,1.5,June,2023
265,Adilabad,Ichoda,2023-06-25,0.0,24.0,31.2,69.0,91.0,0.3,4.8,June,2023
266,Adilabad,Ichoda,2023-06-26,76.2,23.5,29.7,72.9,97.4,0.0,5.2,June,2023
267,Adilabad,Ichoda,2023-06-27,13.1,22.5,27.4,81.0,95.9,0.0,1.2,June,2023
268,Adilabad,Ichoda,2023-06-28,9.9,23.2,24.6,90.1,94.1,0.0,4.3,June,2023
269,Adilabad,Ichoda,2023-06-29,9.6,22.9,29.1,76.1,97.1,0.0,4.7,June,2023
270,Adilabad,Ichoda,2023-06-30,0.0,24.4,32.3,65.3,83.4,0.0,1.1,June,2023
271,Adilabad,Inderavelly,2023-06-01,0.0,25.5,39.1,27.6,67.8,0.0,14.3,June,2023
272,Adilabad,Inderavelly,2023-06-02,0.0,25.3,41.2,20.9,47.3,0.0,15.3,June,2023
273,Adilabad,Inderavelly,2023-06-03,0.0,30.0,41.4,20.9,51.1,0.0,16.7,June,2023
274,Adilabad,Inderavelly,2023-06-04,0.0,27.6,40.7,26.4,51.6,0.0,13.1,June,2023
275,Adilabad,Inderavelly,2023-06-05,3.1,21.5,40.3,28.3,86.1,0.0,24.3,June,2023
276,Adilabad,Inderavelly,2023-06-06,0.0,27.8,38.9,29.0,56.6,1.0,17.0,June,2023
277,Adilabad,Inderavelly,2023-06-07,0.0,28.9,41.1,25.7,52.6,0.0,15.4,June,2023
278,Adilabad,Inderavelly,2023-06-08,0.0,29.1,41.0,23.6,47.7,0.0,18.5,June,2023
279,Adilabad,Inderavelly,2023-06-09,0.0,30.1,41.2,25.0,48.7,0.0,16.7,June,2023
280,Adilabad,Inderavelly,2023-06-10,19.3,23.2,40.4,25.5,87.7,0.0,19.9,June,2023
281,Adilabad,Inderavelly,2023-06-11,0.0,26.0,38.2,35.5,72.3,1.3,21.7,June,2023
282,Adilabad,Inderavelly,2023-06-12,7.7,26.1,38.9,35.1,80.6,0.0,19.5,June,2023
283,Adilabad,Inderavelly,2023-06-13,26.9,26.0,39.2,31.8,62.4,0.0,15.2,June,2023
284,Adilabad,Inderavelly,2023-06-14,0.0,29.3,39.2,27.2,56.7,0.0,15.2,June,2023
285,Adilabad,Inderavelly,2023-06-15,0.0,27.9,39.5,28.3,62.4,1.2,21.3,June,2023
286,Adilabad,Inderavelly,2023-06-16,0.0,28.6,38.8,30.6,53.7,0.0,18.2,June,2023
287,Adilabad,Inderavelly,2023-06-17,0.0,28.7,39.4,27.3,57.9,0.0,15.5,June,2023
288,Adilabad,Inderavelly,2023-06-18,0.0,29.4,38.5,32.6,55.5,0.0,16.4,June,2023
289,Adilabad,Inderavelly,2023-06-19,0.0,29.4,38.6,33.4,52.8,0.0,20.6,June,2023
290,Adilabad,Inderavelly,2023-06-20,0.0,29.1,38.6,31.3,58.3,0.0,21.5,June,2023
291,Adilabad,Inderavelly,2023-06-21,0.0,27.1,39.5,32.0,68.5,0.0,18.2,June,2023
292,Adilabad,Inderavelly,2023-06-22,0.3,26.6,38.2,37.5,88.3,0.0,19.6,June,2023
293,Adilabad,Inderavelly,2023-06-23,9.8,24.0,37.4,36.6,96.0,0.0,22.4,June,2023
294,Adilabad,Inderavelly,2023-06-24,2.3,24.6,30.3,73.9,93.5,0.6,6.5,June,2023
295,Adilabad,Inderavelly,2023-06-25,1.3,23.2,31.1,67.1,94.5,0.0,11.0,June,2023
296,Adilabad,Inderavelly,2023-06-26,4.3,23.8,30.7,70.4,94.4,0.0,10.8,June,2023
297,Adilabad,Inderavelly,2023-06-27,37.8,22.4,27.1,84.5,96.4,0.0,21.0,June,2023
298,Adilabad,Inderavelly,2023-06-28,10.5,23.4,24.6,91.5,95.5,0.0,15.2,June,2023
299,Adilabad,Inderavelly,2023-06-29,10.4,22.9,30.5,75.2,96.1,0.0,15.1,June,2023
300,Adilabad,Inderavelly,2023-06-30,0.3,24.4,32.1,63.4,87.7,0.0,14.8,June,2023
301,Adilabad,Jainad,2023-06-01,0.0,25.9,39.2,29.7,74.6,0.0,5.8,June,2023
302,Adilabad,Jainad,2023-06-02,0.0,24.9,41.5,18.3,52.7,0.0,5.4,June,2023
303,Adilabad,Jainad,2023-06-03,0.0,28.5,42.4,18.1,54.5,0.0,9.4,June,2023
304,Adilabad,Jainad,2023-06-04,0.0,27.0,41.7,25.2,55.9,0.0,7.5,June,2023
305,Adilabad,Jainad,2023-06-05,1.4,22.6,42.7,24.1,89.6,1.6,16.3,June,2023
306,Adilabad,Jainad,2023-06-06,0.0,29.2,40.3,26.1,56.4,0.1,3.7,June,2023
307,Adilabad,Jainad,2023-06-07,0.0,27.3,41.7,21.6,58.7,0.0,4.1,June,2023
308,Adilabad,Jainad,2023-06-08,0.0,30.8,42.0,20.9,46.4,0.0,8.4,June,2023
309,Adilabad,Jainad,2023-06-09,0.0,27.7,41.6,22.6,53.1,0.0,3.4,June,2023
310,Adilabad,Jainad,2023-06-10,1.4,26.4,42.4,24.1,74.6,0.0,12.2,June,2023
311,Adilabad,Jainad,2023-06-11,0.0,28.1,40.8,33.9,65.6,3.1,32.4,June,2023
312,Adilabad,Jainad,2023-06-12,0.0,28.4,40.7,31.9,77.4,0.0,23.8,June,2023
313,Adilabad,Jainad,2023-06-13,0.0,29.0,42.0,28.0,58.7,0.0,38.8,June,2023
314,Adilabad,Jainad,2023-06-14,0.0,31.3,42.7,17.2,50.6,0.0,7.8,June,2023
315,Adilabad,Jainad,2023-06-15,0.0,30.2,42.3,19.6,55.9,1.3,11.6,June,2023
316,Adilabad,Jainad,2023-06-16,0.0,30.6,41.2,23.3,49.5,1.5,13.2,June,2023
317,Adilabad,Jainad,2023-06-17,0.0,31.0,41.7,24.6,52.2,0.0,14.3,June,2023
318,Adilabad,Jainad,2023-06-18,0.0,31.4,40.4,29.1,61.7,0.0,17.9,June,2023
319,Adilabad,Jainad,2023-06-19,0.0,31.4,40.6,29.7,47.5,0.2,11.1,June,2023
320,Adilabad,Jainad,2023-06-20,0.0,30.8,40.5,29.0,53.6,0.0,11.5,June,2023
321,Adilabad,Jainad,2023-06-21,0.0,31.6,40.8,30.0,54.0,2.0,7.9,June,2023
322,Adilabad,Jainad,2023-06-22,0.0,29.9,40.5,32.3,67.9,1.2,26.6,June,2023
323,Adilabad,Jainad,2023-06-23,1.8,25.5,39.5,34.9,94.3,0.0,12.7,June,2023
324,Adilabad,Jainad,2023-06-24,0.8,26.4,32.8,62.8,90.3,0.0,4.8,June,2023
325,Adilabad,Jainad,2023-06-25,0.0,26.1,34.1,52.9,85.7,0.0,8.8,June,2023
326,Adilabad,Jainad,2023-06-26,9.5,24.1,35.9,43.9,100.0,0.0,6.5,June,2023
327,Adilabad,Jainad,2023-06-27,23.2,23.2,28.9,82.2,100.0,0.0,4.0,June,2023
328,Adilabad,Jainad,2023-06-28,2.9,24.4,26.1,92.6,99.6,0.2,58.6,June,2023
329,Adilabad,Jainad,2023-06-29,0.3,25.4,32.0,66.5,100.0,0.0,14.3,June,2023
330,Adilabad,Jainad,2023-06-30,0.0,26.7,36.0,48.0,87.7,2.6,15.5,June,2023
331,Adilabad,Mavala,2023-06-01,0.0,27.1,39.5,28.1,69.1,0.0,5.8,June,2023
332,Adilabad,Mavala,2023-06-02,0.0,25.6,40.8,22.2,58.7,0.0,4.6,June,2023
333,Adilabad,Mavala,2023-06-03,0.0,27.1,41.9,20.2,53.3,0.0,4.6,June,2023
334,Adilabad,Mavala,2023-06-04,0.0,27.0,42.3,23.6,61.6,0.0,4.3,June,2023
335,Adilabad,Mavala,2023-06-05,2.6,23.3,41.8,25.7,82.5,0.0,9.0,June,2023
336,Adilabad,Mavala,2023-06-06,0.0,28.3,39.7,28.8,64.1,0.0,3.4,June,2023
337,Adilabad,Mavala,2023-06-07,0.0,27.0,41.5,23.6,64.5,0.0,3.0,June,2023
338,Adilabad,Mavala,2023-06-08,0.0,31.1,42.1,21.5,48.9,0.0,6.9,June,2023
339,Adilabad,Mavala,2023-06-09,1.3,26.8,41.4,25.7,62.1,0.0,3.4,June,2023
340,Adilabad,Mavala,2023-06-10,0.0,26.5,42.5,24.3,71.9,0.0,9.0,June,2023
341,Adilabad,Mavala,2023-06-11,0.0,28.6,41.4,27.1,63.1,0.0,12.5,June,2023
342,Adilabad,Mavala,2023-06-12,0.0,30.8,40.6,32.5,61.1,0.0,8.7,June,2023
343,Adilabad,Mavala,2023-06-13,0.0,29.1,41.8,29.1,61.1,0.0,8.2,June,2023
344,Adilabad,Mavala,2023-06-14,0.0,31.2,42.2,22.2,52.2,0.0,7.8,June,2023
345,Adilabad,Mavala,2023-06-15,0.5,29.2,40.7,27.7,66.0,0.0,8.4,June,2023
346,Adilabad,Mavala,2023-06-16,0.0,30.4,40.9,25.0,48.3,0.0,7.6,June,2023
347,Adilabad,Mavala,2023-06-17,0.0,30.8,40.7,26.1,53.2,0.0,13.2,June,2023
348,Adilabad,Mavala,2023-06-18,0.0,31.4,40.4,28.8,51.7,0.0,11.0,June,2023
349,Adilabad,Mavala,2023-06-19,0.0,30.2,40.2,29.5,50.0,0.0,7.1,June,2023
350,Adilabad,Mavala,2023-06-20,0.0,31.4,39.8,29.5,53.7,0.0,7.5,June,2023
351,Adilabad,Mavala,2023-06-21,0.0,31.5,40.9,28.4,53.7,0.0,6.5,June,2023
352,Adilabad,Mavala,2023-06-22,6.2,27.3,39.7,33.6,83.2,0.0,0.1,June,2023
353,Adilabad,Mavala,2023-06-23,14.6,25.5,38.6,36.8,91.8,0.0,7.0,June,2023
354,Adilabad,Mavala,2023-06-24,0.5,26.7,31.8,69.8,85.9,0.0,4.8,June,2023
355,Adilabad,Mavala,2023-06-25,0.0,26.7,32.8,58.1,84.6,0.0,8.8,June,2023
356,Adilabad,Mavala,2023-06-26,4.3,24.7,32.9,56.1,92.8,0.0,6.5,June,2023
357,Adilabad,Mavala,2023-06-27,27.4,23.2,28.7,78.0,95.6,0.0,3.6,June,2023
358,Adilabad,Mavala,2023-06-28,2.4,24.3,26.4,85.5,98.0,0.0,6.9,June,2023
359,Adilabad,Mavala,2023-06-29,3.4,26.3,32.5,68.1,94.4,0.0,10.4,June,2023
360,Adilabad,Mavala,2023-06-30,0.5,26.8,35.7,48.7,87.7,0.0,10.8,June,2023
361,Adilabad,Narnoor,2023-06-01,0.0,26.0,38.2,28.5,71.7,0.0,11.2,June,2023
362,Adilabad,Narnoor,2023-06-02,0.0,24.8,39.8,21.2,58.2,0.0,12.7,June,2023
363,Adilabad,Narnoor,2023-06-03,0.0,28.0,40.4,21.0,51.0,0.0,15.4,June,2023
364,Adilabad,Narnoor,2023-06-04,0.0,26.9,40.0,26.3,55.9,0.0,15.3,June,2023
365,Adilabad,Narnoor,2023-06-05,0.0,22.9,39.8,26.3,78.2,0.5,13.5,June,2023
366,Adilabad,Narnoor,2023-06-06,0.0,28.1,38.4,28.7,58.9,1.3,12.5,June,2023
367,Adilabad,Narnoor,2023-06-07,0.0,26.4,38.9,30.1,61.8,3.7,23.0,June,2023
368,Adilabad,Narnoor,2023-06-08,0.0,28.6,40.2,24.0,54.2,2.0,13.6,June,2023
369,Adilabad,Narnoor,2023-06-09,0.0,28.1,39.9,25.9,52.8,0.2,16.3,June,2023
370,Adilabad,Narnoor,2023-06-10,1.8,26.0,39.3,26.0,70.3,0.6,16.0,June,2023
371,Adilabad,Narnoor,2023-06-11,0.0,26.1,37.9,35.9,69.8,1.3,15.4,June,2023
372,Adilabad,Narnoor,2023-06-12,6.4,27.8,38.9,34.0,75.5,0.7,14.0,June,2023
373,Adilabad,Narnoor,2023-06-13,0.0,29.1,39.6,29.7,54.2,1.3,17.1,June,2023
374,Adilabad,Narnoor,2023-06-14,0.0,29.3,39.8,25.5,49.4,1.3,14.7,June,2023
375,Adilabad,Narnoor,2023-06-15,0.0,28.6,39.8,28.3,57.7,0.9,12.3,June,2023
376,Adilabad,Narnoor,2023-06-16,0.0,29.0,39.1,26.1,50.4,0.5,12.1,June,2023
377,Adilabad,Narnoor,2023-06-17,0.0,29.1,39.5,25.7,55.5,1.4,12.8,June,2023
378,Adilabad,Narnoor,2023-06-18,0.0,29.7,39.0,30.4,51.9,3.0,11.9,June,2023
379,Adilabad,Narnoor,2023-06-19,0.0,29.7,39.0,30.7,50.0,0.0,11.3,June,2023
380,Adilabad,Narnoor,2023-06-20,0.0,29.8,38.0,31.5,57.8,0.0,0.0,June,2023
381,Adilabad,Narnoor,2023-06-21,0.0,27.2,38.8,33.4,69.5,1.5,11.3,June,2023
382,Adilabad,Narnoor,2023-06-22,0.0,26.2,38.2,34.9,85.1,3.0,11.0,June,2023
383,Adilabad,Narnoor,2023-06-23,12.0,23.6,35.4,41.0,97.7,0.0,14.9,June,2023
384,Adilabad,Narnoor,2023-06-24,8.5,24.4,29.0,76.9,94.9,0.1,5.6,June,2023
385,Adilabad,Narnoor,2023-06-25,0.8,23.6,29.0,77.4,94.3,0.3,6.6,June,2023
386,Adilabad,Narnoor,2023-06-26,39.5,23.6,30.7,72.1,95.7,0.8,8.2,June,2023
387,Adilabad,Narnoor,2023-06-27,44.5,22.3,26.5,87.1,98.8,1.5,7.6,June,2023
388,Adilabad,Narnoor,2023-06-28,9.3,23.1,24.2,92.9,96.7,0.9,11.7,June,2023
389,Adilabad,Narnoor,2023-06-29,3.3,23.7,29.3,75.4,96.8,0.1,6.9,June,2023
390,Adilabad,Narnoor,2023-06-30,0.0,24.6,31.4,63.7,86.3,1.2,10.1,June,2023
391,Adilabad,Neradigonda,2023-06-01,0.0,24.6,39.7,30.2,64.8,0.0,11.1,June,2023
392,Adilabad,Neradigonda,2023-06-02,0.0,26.6,42.3,21.6,39.5,0.0,11.6,June,2023
393,Adilabad,Neradigonda,2023-06-03,0.0,27.9,42.9,21.0,55.3,0.0,15.2,June,2023
394,Adilabad,Neradigonda,2023-06-04,0.0,27.6,41.7,26.1,51.7,0.0,11.3,June,2023
395,Adilabad,Neradigonda,2023-06-05,0.0,23.8,40.8,29.3,72.9,0.0,15.0,June,2023
396,Adilabad,Neradigonda,2023-06-06,0.0,28.3,39.5,29.0,57.2,0.0,14.1,June,2023
397,Adilabad,Neradigonda,2023-06-07,0.0,25.9,41.6,27.4,59.4,0.0,12.7,June,2023
398,Adilabad,Neradigonda,2023-06-08,0.0,29.3,42.3,22.9,54.4,0.0,12.6,June,2023
399,Adilabad,Neradigonda,2023-06-09,0.0,29.0,43.1,25.4,53.1,0.4,14.2,June,2023
400,Adilabad,Neradigonda,2023-06-10,0.0,28.9,43.2,26.1,56.3,0.0,15.3,June,2023
401,Adilabad,Neradigonda,2023-06-11,0.3,25.5,41.7,30.5,76.5,1.7,12.1,June,2023
402,Adilabad,Neradigonda,2023-06-12,3.5,27.6,38.8,38.5,67.2,0.0,11.2,June,2023
403,Adilabad,Neradigonda,2023-06-13,0.0,28.6,40.6,30.9,57.2,0.0,9.8,June,2023
404,Adilabad,Neradigonda,2023-06-14,0.0,28.5,41.1,27.7,59.0,1.3,11.1,June,2023
405,Adilabad,Neradigonda,2023-06-15,0.0,28.4,41.1,29.9,60.8,1.7,6.4,June,2023
406,Adilabad,Neradigonda,2023-06-16,0.0,28.5,41.6,28.0,54.9,2.8,8.1,June,2023
407,Adilabad,Neradigonda,2023-06-17,0.0,28.8,41.0,28.6,59.5,0.0,10.6,June,2023
408,Adilabad,Neradigonda,2023-06-18,0.0,29.0,40.9,31.8,58.1,0.0,9.2,June,2023
409,Adilabad,Neradigonda,2023-06-19,0.0,29.7,41.1,30.9,53.5,0.0,10.1,June,2023
410,Adilabad,Neradigonda,2023-06-20,0.0,29.7,40.3,29.6,59.5,0.6,10.9,June,2023
411,Adilabad,Neradigonda,2023-06-21,0.0,29.6,40.6,33.1,59.5,0.2,11.1,June,2023
412,Adilabad,Neradigonda,2023-06-22,4.1,26.2,38.8,39.0,79.0,0.0,14.6,June,2023
413,Adilabad,Neradigonda,2023-06-23,20.5,23.1,38.1,39.0,96.8,0.0,11.0,June,2023
414,Adilabad,Neradigonda,2023-06-24,2.2,24.3,30.2,69.4,95.4,0.0,8.3,June,2023
415,Adilabad,Neradigonda,2023-06-25,9.6,23.1,31.5,65.0,95.9,0.0,6.5,June,2023
416,Adilabad,Neradigonda,2023-06-26,11.1,23.4,31.1,70.2,95.9,0.0,9.9,June,2023
417,Adilabad,Neradigonda,2023-06-27,17.1,22.3,27.2,85.6,97.3,0.3,9.6,June,2023
418,Adilabad,Neradigonda,2023-06-28,15.1,22.7,25.7,87.3,97.3,0.3,8.2,June,2023
419,Adilabad,Neradigonda,2023-06-29,1.8,23.6,29.4,78.0,100.0,0.0,9.5,June,2023
420,Adilabad,Neradigonda,2023-06-30,0.0,24.8,33.0,60.7,88.3,1.5,9.2,June,2023
421,Adilabad,Sirikonda,2023-06-01,0.0,25.8,40.2,27.6,69.2,0.0,14.3,June,2023
422,Adilabad,Sirikonda,2023-06-02,0.0,25.2,43.0,19.8,58.9,0.0,15.3,June,2023
423,Adilabad,Sirikonda,2023-06-03,0.0,27.9,41.4,21.1,55.9,0.0,16.7,June,2023
424,Adilabad,Sirikonda,2023-06-04,0.0,28.3,40.1,28.8,51.9,0.0,13.1,June,2023
425,Adilabad,Sirikonda,2023-06-05,20.0,22.2,41.3,27.2,91.9,0.0,2.7,June,2023
426,Adilabad,Sirikonda,2023-06-06,0.0,27.0,38.7,28.8,66.8,1.0,17.0,June,2023
427,Adilabad,Sirikonda,2023-06-07,0.0,26.4,41.4,26.0,68.7,0.0,15.4,June,2023
428,Adilabad,Sirikonda,2023-06-08,0.0,29.0,41.1,24.2,53.2,0.0,18.5,June,2023
429,Adilabad,Sirikonda,2023-06-09,0.0,29.9,40.9,24.8,49.4,0.0,16.7,June,2023
430,Adilabad,Sirikonda,2023-06-10,2.3,23.8,42.0,22.3,84.7,0.0,19.9,June,2023
431,Adilabad,Sirikonda,2023-06-11,0.0,27.4,39.3,26.2,66.3,1.3,21.7,June,2023
432,Adilabad,Sirikonda,2023-06-12,6.6,26.1,39.4,35.0,80.9,1.7,8.2,June,2023
433,Adilabad,Sirikonda,2023-06-13,15.3,25.0,40.0,30.1,68.4,0.0,5.1,June,2023
434,Adilabad,Sirikonda,2023-06-14,0.0,29.3,40.9,24.2,56.7,0.0,15.2,June,2023
435,Adilabad,Sirikonda,2023-06-15,0.0,29.0,40.3,24.6,57.2,5.4,7.7,June,2023
436,Adilabad,Sirikonda,2023-06-16,0.0,29.0,39.9,25.8,51.5,0.0,18.2,June,2023
437,Adilabad,Sirikonda,2023-06-17,0.0,29.6,41.1,24.8,56.3,0.0,15.5,June,2023
438,Adilabad,Sirikonda,2023-06-18,0.0,30.1,40.8,29.7,53.2,0.0,16.4,June,2023
439,Adilabad,Sirikonda,2023-06-19,0.0,30.2,40.0,28.8,50.9,0.0,20.6,June,2023
440,Adilabad,Sirikonda,2023-06-20,0.0,30.0,39.7,28.8,57.2,0.0,21.5,June,2023
441,Adilabad,Sirikonda,2023-06-21,2.0,27.5,39.7,30.1,71.4,0.0,18.2,June,2023
442,Adilabad,Sirikonda,2023-06-22,7.9,24.6,38.1,36.1,90.3,0.0,19.6,June,2023
443,Adilabad,Sirikonda,2023-06-23,15.0,23.4,36.9,38.9,96.9,0.0,15.4,June,2023
444,Adilabad,Sirikonda,2023-06-24,1.0,24.5,30.1,74.7,94.8,0.0,1.5,June,2023
445,Adilabad,Sirikonda,2023-06-25,0.0,24.0,32.0,67.4,91.1,0.3,4.8,June,2023
446,Adilabad,Sirikonda,2023-06-26,18.6,23.5,29.8,71.4,96.5,0.0,5.2,June,2023
447,Adilabad,Sirikonda,2023-06-27,21.7,22.6,27.4,83.7,96.9,0.1,9.2,June,2023
448,Adilabad,Sirikonda,2023-06-28,8.2,23.3,24.9,91.9,92.3,0.0,7.0,June,2023
449,Adilabad,Sirikonda,2023-06-29,10.2,22.7,29.7,71.8,96.9,0.0,8.6,June,2023
450,Adilabad,Sirikonda,2023-06-30,0.0,25.0,32.8,58.6,83.4,0.0,14.8,June,2023
451,Adilabad,Talamadugu,2023-06-01,0.0,26.3,42.3,29.3,73.5,0.0,12.9,June,2023
452,Adilabad,Talamadugu,2023-06-02,0.0,27.7,42.6,21.7,63.6,1.2,14.8,June,2023
453,Adilabad,Talamadugu,2023-06-03,0.0,28.4,44.3,22.6,68.6,0.6,15.4,June,2023
454,Adilabad,Talamadugu,2023-06-04,0.0,26.9,43.0,27.4,66.5,0.0,11.6,June,2023
455,Adilabad,Talamadugu,2023-06-05,0.0,24.1,42.5,29.7,100.0,0.0,28.8,June,2023
456,Adilabad,Talamadugu,2023-06-06,0.0,28.6,42.3,33.8,71.2,0.7,13.4,June,2023
457,Adilabad,Talamadugu,2023-06-07,0.0,28.2,41.5,27.0,74.3,0.0,15.3,June,2023
458,Adilabad,Talamadugu,2023-06-08,0.0,29.5,42.6,33.5,100.0,0.0,15.5,June,2023
459,Adilabad,Talamadugu,2023-06-09,0.0,29.4,42.5,28.1,69.3,2.2,17.8,June,2023
460,Adilabad,Talamadugu,2023-06-10,0.3,26.8,44.2,27.2,84.0,0.0,17.0,June,2023
461,Adilabad,Talamadugu,2023-06-11,0.5,27.1,41.8,33.4,76.6,3.6,21.0,June,2023
462,Adilabad,Talamadugu,2023-06-12,0.0,30.4,42.5,37.4,70.4,0.0,13.6,June,2023
463,Adilabad,Talamadugu,2023-06-13,0.0,29.2,44.3,31.8,73.0,0.0,20.3,June,2023
464,Adilabad,Talamadugu,2023-06-14,0.0,30.1,44.3,26.0,65.0,0.5,21.3,June,2023
465,Adilabad,Talamadugu,2023-06-15,0.2,29.4,41.8,31.5,74.4,4.3,15.1,June,2023
466,Adilabad,Talamadugu,2023-06-16,0.0,29.3,42.0,29.1,64.8,0.0,18.6,June,2023
467,Adilabad,Talamadugu,2023-06-17,0.0,29.6,41.4,28.8,64.0,0.0,19.4,June,2023
468,Adilabad,Talamadugu,2023-06-18,0.0,29.9,42.4,32.3,64.0,0.0,16.8,June,2023
469,Adilabad,Talamadugu,2023-06-19,0.0,29.9,40.8,35.4,67.8,0.0,16.9,June,2023
470,Adilabad,Talamadugu,2023-06-20,0.0,30.3,40.5,34.1,69.2,0.0,14.6,June,2023
471,Adilabad,Talamadugu,2023-06-21,0.0,30.5,42.0,34.5,67.5,1.0,15.2,June,2023
472,Adilabad,Talamadugu,2023-06-22,0.0,28.3,40.3,39.6,84.3,0.0,12.3,June,2023
473,Adilabad,Talamadugu,2023-06-23,6.6,25.1,40.3,44.2,100.0,0.0,17.4,June,2023
474,Adilabad,Talamadugu,2023-06-24,2.3,25.8,34.8,66.9,97.6,0.0,8.9,June,2023
475,Adilabad,Talamadugu,2023-06-25,0.0,25.8,34.7,60.7,90.8,0.1,13.7,June,2023
476,Adilabad,Talamadugu,2023-06-26,3.6,24.0,34.3,63.8,100.0,0.9,13.1,June,2023
477,Adilabad,Talamadugu,2023-06-27,34.4,23.0,29.6,83.0,99.9,1.1,10.3,June,2023
478,Adilabad,Talamadugu,2023-06-28,3.2,24.1,28.2,90.1,100.0,0.0,10.8,June,2023
479,Adilabad,Talamadugu,2023-06-29,3.6,23.8,32.1,71.2,99.2,0.0,21.6,June,2023
480,Adilabad,Talamadugu,2023-06-30,0.3,26.1,34.9,56.5,86.6,0.3,12.4,June,2023
481,Adilabad,Tamsi,2023-06-01,0.0,27.3,40.2,28.4,54.3,0.0,8.5,June,2023
482,Adilabad,Tamsi,2023-06-02,0.0,28.3,41.6,19.4,41.0,0.0,12.9,June,2023
483,Adilabad,Tamsi,2023-06-03,0.0,31.7,41.6,21.2,52.7,1.2,14.7,June,2023
484,Adilabad,Tamsi,2023-06-04,0.0,28.2,41.5,27.0,51.4,0.0,11.7,June,2023
485,Adilabad,Tamsi,2023-06-05,1.3,24.2,41.5,29.8,70.5,0.0,15.2,June,2023
486,Adilabad,Tamsi,2023-06-06,0.0,29.7,38.7,32.3,56.3,0.0,14.3,June,2023
487,Adilabad,Tamsi,2023-06-07,0.0,29.0,41.1,25.6,58.3,0.0,17.1,June,2023
488,Adilabad,Tamsi,2023-06-08,0.0,30.1,42.2,23.1,51.3,0.0,13.1,June,2023
489,Adilabad,Tamsi,2023-06-09,0.0,30.6,40.8,27.0,51.7,0.0,20.4,June,2023
490,Adilabad,Tamsi,2023-06-10,7.8,24.0,41.6,25.6,82.1,0.0,18.5,June,2023
491,Adilabad,Tamsi,2023-06-11,0.0,28.7,40.5,31.2,61.8,0.9,13.2,June,2023
492,Adilabad,Tamsi,2023-06-12,0.0,30.5,38.4,39.1,60.3,0.0,14.3,June,2023
493,Adilabad,Tamsi,2023-06-13,0.0,29.8,40.9,31.2,59.3,0.0,11.7,June,2023
494,Adilabad,Tamsi,2023-06-14,0.0,30.9,42.0,24.2,56.3,0.0,12.7,June,2023
495,Adilabad,Tamsi,2023-06-15,0.0,30.3,41.1,31.2,57.3,0.0,14.6,June,2023
496,Adilabad,Tamsi,2023-06-16,0.0,30.4,39.6,30.5,53.3,0.0,16.3,June,2023
497,Adilabad,Tamsi,2023-06-17,0.0,30.4,42.3,27.3,57.8,0.0,14.1,June,2023
498,Adilabad,Tamsi,2023-06-18,0.0,30.9,41.1,31.9,56.3,0.0,14.5,June,2023
499,Adilabad,Tamsi,2023-06-19,0.0,30.5,40.9,33.2,54.3,0.0,15.0,June,2023
500,Adilabad,Tamsi,2023-06-20,0.0,31.1,40.3,32.6,56.8,0.0,14.9,June,2023
501,Adilabad,Tamsi,2023-06-21,0.0,31.1,40.7,32.6,57.3,0.0,12.2,June,2023
502,Adilabad,Tamsi,2023-06-22,0.0,29.2,39.7,37.6,66.9,0.0,14.4,June,2023
503,Adilabad,Tamsi,2023-06-23,5.1,25.1,37.7,39.7,91.6,0.0,19.1,June,2023
504,Adilabad,Tamsi,2023-06-24,20.8,24.9,32.9,59.8,90.7,0.0,8.3,June,2023
505,Adilabad,Tamsi,2023-06-25,0.0,25.8,32.9,58.8,87.2,0.0,4.6,June,2023
506,Adilabad,Tamsi,2023-06-26,9.5,24.3,32.9,56.7,92.1,0.0,9.6,June,2023
507,Adilabad,Tamsi,2023-06-27,49.7,23.5,27.3,83.8,94.0,0.0,4.9,June,2023
508,Adilabad,Tamsi,2023-06-28,2.4,24.4,25.9,83.1,89.7,0.0,5.3,June,2023
509,Adilabad,Tamsi,2023-06-29,3.5,24.2,31.7,64.9,93.1,0.0,5.0,June,2023
510,Adilabad,Tamsi,2023-06-30,0.0,26.1,33.4,56.2,77.1,0.6,10.2,June,2023
511,Adilabad,Utnur,2023-06-01,0.0,25.4,38.5,28.3,76.4,0.0,14.1,June,2023
512,Adilabad,Utnur,2023-06-02,0.0,23.6,41.9,19.6,60.1,0.0,13.2,June,2023
513,Adilabad,Utnur,2023-06-03,0.0,25.9,41.4,18.9,50.6,0.0,15.0,June,2023
514,Adilabad,Utnur,2023-06-04,0.0,26.9,41.5,25.7,53.7,0.0,16.1,June,2023
515,Adilabad,Utnur,2023-06-05,0.0,22.0,40.3,25.7,78.4,0.0,14.5,June,2023
516,Adilabad,Utnur,2023-06-06,0.0,25.9,40.7,25.7,58.6,0.0,11.7,June,2023
517,Adilabad,Utnur,2023-06-07,0.0,25.3,41.1,27.1,64.0,0.0,18.9,June,2023
518,Adilabad,Utnur,2023-06-08,0.0,28.3,41.5,23.0,54.7,0.0,15.3,June,2023
519,Adilabad,Utnur,2023-06-09,1.0,25.0,40.9,24.4,62.5,0.0,15.3,June,2023
520,Adilabad,Utnur,2023-06-10,6.8,24.1,41.3,23.7,86.7,0.0,17.0,June,2023
521,Adilabad,Utnur,2023-06-11,0.0,24.8,38.4,36.3,79.1,0.0,15.5,June,2023
522,Adilabad,Utnur,2023-06-12,1.0,26.1,40.0,32.6,83.0,0.0,11.2,June,2023
523,Adilabad,Utnur,2023-06-13,0.0,28.5,40.8,28.5,60.6,0.0,18.8,June,2023
524,Adilabad,Utnur,2023-06-14,0.0,28.7,41.7,22.3,41.7,0.0,7.1,June,2023
525,Adilabad,Utnur,2023-06-15,0.0,28.8,41.4,25.7,58.1,0.0,10.4,June,2023
526,Adilabad,Utnur,2023-06-16,0.0,27.7,41.5,24.4,51.3,0.0,9.9,June,2023
527,Adilabad,Utnur,2023-06-17,0.0,29.5,40.8,23.0,55.7,0.0,11.2,June,2023
528,Adilabad,Utnur,2023-06-18,0.0,28.4,40.7,28.5,52.7,0.0,8.4,June,2023
529,Adilabad,Utnur,2023-06-19,0.0,30.2,41.0,29.2,48.9,0.0,11.3,June,2023
530,Adilabad,Utnur,2023-06-20,0.0,29.5,38.3,31.0,57.9,0.0,21.5,June,2023
531,Adilabad,Utnur,2023-06-21,0.0,26.9,38.4,33.2,67.8,0.8,14.8,June,2023
532,Adilabad,Utnur,2023-06-22,0.0,26.5,38.2,36.1,89.3,0.0,6.6,June,2023
533,Adilabad,Utnur,2023-06-23,13.9,24.3,37.9,36.8,98.2,0.0,14.9,June,2023
534,Adilabad,Utnur,2023-06-24,7.3,24.7,30.3,73.0,97.3,0.0,7.9,June,2023
535,Adilabad,Utnur,2023-06-25,0.3,23.8,29.4,77.7,96.3,0.0,7.7,June,2023
536,Adilabad,Utnur,2023-06-26,4.2,24.2,32.0,68.5,97.7,0.0,8.5,June,2023
537,Adilabad,Utnur,2023-06-27,20.1,22.7,28.1,81.1,99.7,0.0,6.5,June,2023
538,Adilabad,Utnur,2023-06-28,11.8,23.4,25.0,93.0,99.7,0.0,6.3,June,2023
539,Adilabad,Utnur,2023-06-29,2.3,23.4,31.6,69.8,99.7,0.0,8.2,June,2023
540,Adilabad,Utnur,2023-06-30,0.0,25.1,32.5,59.6,89.0,0.0,8.3,June,2023
541,Bhadradri Kothagudem,Allapalli,2023-06-01,0.0,26.8,40.5,33.8,83.7,0.0,5.1,June,2023
542,Bhadradri Kothagudem,Allapalli,2023-06-02,0.0,24.0,41.3,28.9,84.2,0.0,4.9,June,2023
543,Bhadradri Kothagudem,Allapalli,2023-06-03,0.0,24.4,42.2,22.9,77.9,0.0,7.5,June,2023
544,Bhadradri Kothagudem,Allapalli,2023-06-04,0.0,27.2,42.8,21.0,76.7,0.0,7.0,June,2023
545,Bhadradri Kothagudem,Allapalli,2023-06-05,0.0,27.0,41.6,28.5,75.4,0.0,11.7,June,2023
546,Bhadradri Kothagudem,Allapalli,2023-06-06,0.0,25.6,40.1,30.1,79.6,0.0,8.1,June,2023
547,Bhadradri Kothagudem,Allapalli,2023-06-07,0.0,27.6,42.3,24.8,69.2,0.0,7.0,June,2023
548,Bhadradri Kothagudem,Allapalli,2023-06-08,0.0,28.7,43.1,24.1,64.2,0.0,7.2,June,2023
549,Bhadradri Kothagudem,Allapalli,2023-06-09,0.0,27.5,41.8,24.1,66.3,0.0,9.4,June,2023
550,Bhadradri Kothagudem,Allapalli,2023-06-10,0.0,31.1,42.2,22.9,52.7,0.0,13.6,June,2023
551,Bhadradri Kothagudem,Allapalli,2023-06-11,0.5,28.8,39.9,31.4,69.0,0.0,13.9,June,2023
552,Bhadradri Kothagudem,Allapalli,2023-06-12,0.0,29.2,39.8,35.7,63.4,0.0,13.3,June,2023
553,Bhadradri Kothagudem,Allapalli,2023-06-13,0.0,30.0,41.4,31.4,66.0,0.0,9.5,June,2023
554,Bhadradri Kothagudem,Allapalli,2023-06-14,0.0,30.0,41.4,27.9,54.9,0.0,11.9,June,2023
555,Bhadradri Kothagudem,Allapalli,2023-06-15,0.0,30.7,40.6,30.1,55.3,0.0,12.8,June,2023
556,Bhadradri Kothagudem,Allapalli,2023-06-16,0.0,27.1,40.2,31.4,70.9,0.0,12.0,June,2023
557,Bhadradri Kothagudem,Allapalli,2023-06-17,0.0,28.0,41.7,27.9,63.8,0.0,14.0,June,2023
558,Bhadradri Kothagudem,Allapalli,2023-06-18,0.0,29.7,41.2,31.0,64.7,0.0,13.2,June,2023
559,Bhadradri Kothagudem,Allapalli,2023-06-19,0.0,28.6,39.9,34.5,73.2,0.0,8.4,June,2023
560,Bhadradri Kothagudem,Allapalli,2023-06-20,0.0,28.9,40.5,31.4,80.7,0.4,9.9,June,2023
561,Bhadradri Kothagudem,Allapalli,2023-06-21,6.1,25.0,38.6,39.4,99.1,0.0,13.2,June,2023
562,Bhadradri Kothagudem,Allapalli,2023-06-22,5.0,26.3,36.8,50.5,87.8,0.1,13.5,June,2023
563,Bhadradri Kothagudem,Allapalli,2023-06-23,0.5,24.8,35.6,52.6,94.8,0.0,13.1,June,2023
564,Bhadradri Kothagudem,Allapalli,2023-06-24,27.1,23.7,30.2,74.0,99.1,0.0,4.7,June,2023
565,Bhadradri Kothagudem,Allapalli,2023-06-25,2.1,24.9,29.0,81.5,98.7,0.0,0.1,June,2023
566,Bhadradri Kothagudem,Allapalli,2023-06-26,4.1,25.1,32.3,64.8,98.2,0.0,9.9,June,2023
567,Bhadradri Kothagudem,Allapalli,2023-06-27,0.0,25.0,30.8,65.6,94.8,0.0,6.5,June,2023
568,Bhadradri Kothagudem,Allapalli,2023-06-28,6.7,24.6,32.7,58.0,99.5,0.0,0.1,June,2023
569,Bhadradri Kothagudem,Allapalli,2023-06-29,1.0,25.9,34.3,52.6,94.8,0.0,10.0,June,2023
570,Bhadradri Kothagudem,Allapalli,2023-06-30,0.0,27.9,34.2,53.5,79.4,0.0,11.7,June,2023
571,Bhadradri Kothagudem,Annapureddipalle,2023-06-01,0.0,28.5,40.6,26.2,83.1,0.0,0.0,June,2023
572,Bhadradri Kothagudem,Annapureddipalle,2023-06-02,0.0,28.6,43.1,18.8,100.0,0.0,0.0,June,2023
573,Bhadradri Kothagudem,Annapureddipalle,2023-06-03,0.0,28.7,43.2,16.7,82.8,0.0,0.0,June,2023
574,Bhadradri Kothagudem,Annapureddipalle,2023-06-04,0.0,29.5,45.3,13.9,92.6,0.0,0.0,June,2023
575,Bhadradri Kothagudem,Annapureddipalle,2023-06-05,0.0,27.7,42.0,23.4,79.3,0.0,0.0,June,2023
576,Bhadradri Kothagudem,Annapureddipalle,2023-06-06,0.0,28.2,41.1,22.7,88.4,1.6,8.5,June,2023
577,Bhadradri Kothagudem,Annapureddipalle,2023-06-07,0.0,29.8,44.3,17.4,53.6,1.9,4.6,June,2023
578,Bhadradri Kothagudem,Annapureddipalle,2023-06-08,2.7,29.7,43.8,18.1,56.6,0.0,10.0,June,2023
579,Bhadradri Kothagudem,Annapureddipalle,2023-06-09,0.0,29.2,44.1,18.1,55.1,0.0,14.4,June,2023
580,Bhadradri Kothagudem,Annapureddipalle,2023-06-10,0.0,31.8,44.3,13.2,43.7,0.0,0.0,June,2023
581,Bhadradri Kothagudem,Annapureddipalle,2023-06-11,0.0,30.0,42.9,22.9,54.6,1.9,2.2,June,2023
582,Bhadradri Kothagudem,Annapureddipalle,2023-06-12,0.0,29.4,40.9,27.5,61.1,0.0,0.0,June,2023
583,Bhadradri Kothagudem,Annapureddipalle,2023-06-13,0.0,31.7,41.0,24.8,57.1,0.0,0.0,June,2023
584,Bhadradri Kothagudem,Annapureddipalle,2023-06-14,0.0,32.1,42.0,19.3,47.4,0.0,0.0,June,2023
585,Bhadradri Kothagudem,Annapureddipalle,2023-06-15,0.0,32.3,42.4,21.3,46.3,0.0,0.0,June,2023
586,Bhadradri Kothagudem,Annapureddipalle,2023-06-16,0.0,29.5,42.6,21.5,52.6,0.0,0.0,June,2023
587,Bhadradri Kothagudem,Annapureddipalle,2023-06-17,0.0,29.6,43.8,18.8,53.1,0.0,0.0,June,2023
588,Bhadradri Kothagudem,Annapureddipalle,2023-06-18,0.0,28.2,43.2,20.9,81.2,0.6,6.4,June,2023
589,Bhadradri Kothagudem,Annapureddipalle,2023-06-19,0.0,30.0,41.4,24.1,71.4,0.0,0.0,June,2023
590,Bhadradri Kothagudem,Annapureddipalle,2023-06-20,0.0,27.6,37.9,39.0,90.6,0.0,0.0,June,2023
591,Bhadradri Kothagudem,Annapureddipalle,2023-06-21,0.0,26.7,38.5,39.5,91.7,2.8,6.7,June,2023
592,Bhadradri Kothagudem,Annapureddipalle,2023-06-22,0.0,25.6,38.6,37.8,100.0,0.0,0.0,June,2023
593,Bhadradri Kothagudem,Annapureddipalle,2023-06-23,0.0,25.6,35.2,45.0,100.0,0.0,0.0,June,2023
594,Bhadradri Kothagudem,Annapureddipalle,2023-06-24,18.2,24.0,31.3,96.0,100.0,0.0,1.6,June,2023
595,Bhadradri Kothagudem,Annapureddipalle,2023-06-25,21.9,23.8,29.5,89.9,97.8,0.0,0.0,June,2023
596,Bhadradri Kothagudem,Annapureddipalle,2023-06-26,0.0,27.3,32.4,82.9,100.0,0.0,0.0,June,2023
597,Bhadradri Kothagudem,Annapureddipalle,2023-06-27,0.0,24.7,32.6,62.4,100.0,0.0,3.0,June,2023
598,Bhadradri Kothagudem,Annapureddipalle,2023-06-28,0.3,25.4,33.8,50.3,100.0,0.0,0.0,June,2023
599,Bhadradri Kothagudem,Annapureddipalle,2023-06-29,6.1,25.5,34.5,52.5,100.0,0.0,0.0,June,2023
600,Bhadradri Kothagudem,Annapureddipalle,2023-06-30,0.0,27.6,35.4,49.6,100.0,0.0,0.0,June,2023
601,Bhadradri Kothagudem,Aswapuram,2023-06-01,0.0,27.4,42.6,34.1,97.1,0.0,0.3,June,2023
602,Bhadradri Kothagudem,Aswapuram,2023-06-02,0.0,27.2,44.3,27.4,99.0,0.0,1.0,June,2023
603,Bhadradri Kothagudem,Aswapuram,2023-06-03,0.0,26.5,44.5,22.7,86.0,0.0,0.3,June,2023
604,Bhadradri Kothagudem,Aswapuram,2023-06-04,0.0,29.0,45.6,24.2,91.2,0.0,0.5,June,2023
605,Bhadradri Kothagudem,Aswapuram,2023-06-05,0.0,26.8,44.5,31.4,86.4,0.0,0.9,June,2023
606,Bhadradri Kothagudem,Aswapuram,2023-06-06,0.0,27.2,41.9,37.5,85.5,0.0,0.3,June,2023
607,Bhadradri Kothagudem,Aswapuram,2023-06-07,0.0,27.9,44.3,25.4,84.6,0.0,0.3,June,2023
608,Bhadradri Kothagudem,Aswapuram,2023-06-08,0.0,31.5,44.9,26.7,62.6,0.0,0.1,June,2023
609,Bhadradri Kothagudem,Aswapuram,2023-06-09,0.0,28.7,43.8,26.1,69.6,0.0,0.1,June,2023
610,Bhadradri Kothagudem,Aswapuram,2023-06-10,0.0,32.0,45.1,25.4,56.9,0.0,1.1,June,2023
611,Bhadradri Kothagudem,Aswapuram,2023-06-11,0.0,30.9,41.4,34.5,64.6,0.0,0.2,June,2023
612,Bhadradri Kothagudem,Aswapuram,2023-06-12,0.0,29.8,42.4,36.6,72.3,0.0,0.9,June,2023
613,Bhadradri Kothagudem,Aswapuram,2023-06-13,0.0,29.6,44.5,32.8,80.5,0.0,2.7,June,2023
614,Bhadradri Kothagudem,Aswapuram,2023-06-14,0.0,32.3,43.9,28.8,51.0,0.0,0.7,June,2023
615,Bhadradri Kothagudem,Aswapuram,2023-06-15,0.0,32.6,43.5,30.8,51.0,0.0,0.1,June,2023
616,Bhadradri Kothagudem,Aswapuram,2023-06-16,0.0,29.3,42.1,32.8,67.4,0.0,0.1,June,2023
617,Bhadradri Kothagudem,Aswapuram,2023-06-17,0.0,30.9,44.5,27.4,56.4,0.0,0.1,June,2023
618,Bhadradri Kothagudem,Aswapuram,2023-06-18,0.0,31.2,44.3,30.1,61.7,0.0,0.1,June,2023
619,Bhadradri Kothagudem,Aswapuram,2023-06-19,0.0,30.3,43.1,34.5,73.7,0.0,0.3,June,2023
620,Bhadradri Kothagudem,Aswapuram,2023-06-20,18.5,25.5,41.7,36.9,100.0,0.0,0.1,June,2023
621,Bhadradri Kothagudem,Aswapuram,2023-06-21,2.0,26.4,41.8,42.9,100.0,0.0,3.4,June,2023
622,Bhadradri Kothagudem,Aswapuram,2023-06-22,0.0,26.6,39.0,50.1,100.0,0.0,1.0,June,2023
623,Bhadradri Kothagudem,Aswapuram,2023-06-23,2.5,24.8,37.2,56.8,100.0,0.0,0.1,June,2023
624,Bhadradri Kothagudem,Aswapuram,2023-06-24,1.6,25.0,29.8,84.0,100.0,0.0,3.9,June,2023
625,Bhadradri Kothagudem,Aswapuram,2023-06-25,2.6,25.1,28.8,93.9,100.0,0.0,0.8,June,2023
626,Bhadradri Kothagudem,Aswapuram,2023-06-26,13.6,25.2,33.0,67.9,100.0,0.0,0.0,June,2023
627,Bhadradri Kothagudem,Aswapuram,2023-06-27,0.0,25.8,32.5,73.4,100.0,0.0,0.4,June,2023
628,Bhadradri Kothagudem,Aswapuram,2023-06-28,21.6,24.8,32.8,66.7,99.5,0.0,2.7,June,2023
629,Bhadradri Kothagudem,Aswapuram,2023-06-29,12.7,25.8,36.2,54.3,100.0,0.0,0.3,June,2023
630,Bhadradri Kothagudem,Aswapuram,2023-06-30,0.9,27.2,38.1,53.9,100.0,0.0,1.6,June,2023
631,Bhadradri Kothagudem,Aswaraopeta,2023-06-01,0.0,25.3,37.8,45.9,100.0,0.0,6.2,June,2023
632,Bhadradri Kothagudem,Aswaraopeta,2023-06-02,0.0,28.1,42.2,31.9,100.0,0.0,7.1,June,2023
633,Bhadradri Kothagudem,Aswaraopeta,2023-06-03,0.0,26.1,40.7,31.0,96.0,0.0,6.5,June,2023
634,Bhadradri Kothagudem,Aswaraopeta,2023-06-04,0.0,28.5,40.6,22.9,96.8,0.0,8.6,June,2023
635,Bhadradri Kothagudem,Aswaraopeta,2023-06-05,0.0,26.0,42.0,34.5,83.9,0.0,10.9,June,2023
636,Bhadradri Kothagudem,Aswaraopeta,2023-06-06,0.0,27.4,41.4,34.5,90.9,0.0,6.8,June,2023
637,Bhadradri Kothagudem,Aswaraopeta,2023-06-07,2.5,27.4,42.2,30.6,85.7,0.0,8.3,June,2023
638,Bhadradri Kothagudem,Aswaraopeta,2023-06-08,10.8,24.5,43.1,30.6,94.5,0.0,6.2,June,2023
639,Bhadradri Kothagudem,Aswaraopeta,2023-06-09,0.0,26.8,41.0,35.2,77.2,0.0,4.5,June,2023
640,Bhadradri Kothagudem,Aswaraopeta,2023-06-10,0.0,27.0,43.1,26.8,71.6,0.0,7.7,June,2023
641,Bhadradri Kothagudem,Aswaraopeta,2023-06-11,0.0,27.4,40.5,37.1,74.6,0.0,9.2,June,2023
642,Bhadradri Kothagudem,Aswaraopeta,2023-06-12,0.0,27.4,40.2,38.2,75.9,0.0,6.1,June,2023
643,Bhadradri Kothagudem,Aswaraopeta,2023-06-13,1.1,27.9,40.9,37.4,84.5,0.0,9.0,June,2023
644,Bhadradri Kothagudem,Aswaraopeta,2023-06-14,0.0,27.9,42.4,30.6,72.2,0.0,9.8,June,2023
645,Bhadradri Kothagudem,Aswaraopeta,2023-06-15,0.0,29.0,41.5,33.8,67.8,0.0,11.2,June,2023
646,Bhadradri Kothagudem,Aswaraopeta,2023-06-16,0.0,26.0,41.2,34.5,59.0,0.0,13.2,June,2023
647,Bhadradri Kothagudem,Aswaraopeta,2023-06-17,0.0,29.0,42.1,31.3,59.0,0.0,10.9,June,2023
648,Bhadradri Kothagudem,Aswaraopeta,2023-06-18,3.9,25.0,42.1,32.6,90.7,0.0,8.7,June,2023
649,Bhadradri Kothagudem,Aswaraopeta,2023-06-19,0.0,27.2,40.1,37.1,83.9,0.0,12.1,June,2023
650,Bhadradri Kothagudem,Aswaraopeta,2023-06-20,0.0,27.6,36.0,56.7,90.5,0.9,12.5,June,2023
651,Bhadradri Kothagudem,Aswaraopeta,2023-06-21,0.0,25.0,35.9,57.1,100.0,0.0,10.2,June,2023
652,Bhadradri Kothagudem,Aswaraopeta,2023-06-22,5.3,24.2,37.1,50.2,100.0,0.0,8.7,June,2023
653,Bhadradri Kothagudem,Aswaraopeta,2023-06-23,2.6,24.0,33.0,70.1,100.0,0.0,9.2,June,2023
654,Bhadradri Kothagudem,Aswaraopeta,2023-06-24,21.7,22.9,29.3,86.3,100.0,0.0,3.8,June,2023
655,Bhadradri Kothagudem,Aswaraopeta,2023-06-25,31.3,23.0,26.9,99.9,100.0,0.0,3.8,June,2023
656,Bhadradri Kothagudem,Aswaraopeta,2023-06-26,0.0,25.4,33.2,65.7,100.0,0.0,10.3,June,2023
657,Bhadradri Kothagudem,Aswaraopeta,2023-06-27,1.6,24.4,32.6,67.9,100.0,0.0,6.7,June,2023
658,Bhadradri Kothagudem,Aswaraopeta,2023-06-28,0.0,25.0,34.8,54.8,100.0,0.0,6.8,June,2023
659,Bhadradri Kothagudem,Aswaraopeta,2023-06-29,5.3,24.5,35.7,52.9,100.0,0.0,8.1,June,2023
660,Bhadradri Kothagudem,Aswaraopeta,2023-06-30,0.0,26.5,34.8,58.1,95.0,0.0,8.6,June,2023
661,Bhadradri Kothagudem,Bhadrachalam,2023-06-01,0.0,27.3,41.1,43.3,98.6,0.0,0.3,June,2023
662,Bhadradri Kothagudem,Bhadrachalam,2023-06-02,0.0,27.2,42.1,40.7,99.5,0.0,1.0,June,2023
663,Bhadradri Kothagudem,Bhadrachalam,2023-06-03,0.0,26.2,44.2,22.7,82.4,0.0,0.3,June,2023
664,Bhadradri Kothagudem,Bhadrachalam,2023-06-04,0.0,28.7,45.3,22.6,95.6,0.0,0.5,June,2023
665,Bhadradri Kothagudem,Bhadrachalam,2023-06-05,8.7,25.7,43.9,31.3,93.2,0.0,6.0,June,2023
666,Bhadradri Kothagudem,Bhadrachalam,2023-06-06,0.0,27.0,41.2,41.4,92.8,0.0,0.3,June,2023
667,Bhadradri Kothagudem,Bhadrachalam,2023-06-07,0.0,28.2,43.2,31.0,87.7,0.0,0.3,June,2023
668,Bhadradri Kothagudem,Bhadrachalam,2023-06-08,0.0,31.1,43.9,23.4,60.3,0.0,0.1,June,2023
669,Bhadradri Kothagudem,Bhadrachalam,2023-06-09,0.0,28.6,43.4,23.7,69.4,0.0,0.1,June,2023
670,Bhadradri Kothagudem,Bhadrachalam,2023-06-10,0.0,31.8,44.3,21.3,53.2,0.0,0.0,June,2023
671,Bhadradri Kothagudem,Bhadrachalam,2023-06-11,0.0,30.4,41.7,31.1,62.8,0.0,0.2,June,2023
672,Bhadradri Kothagudem,Bhadrachalam,2023-06-12,0.0,30.1,41.9,32.5,66.0,0.0,0.0,June,2023
673,Bhadradri Kothagudem,Bhadrachalam,2023-06-13,0.0,29.0,42.5,30.3,89.0,0.0,0.0,June,2023
674,Bhadradri Kothagudem,Bhadrachalam,2023-06-14,0.0,31.7,43.3,26.0,52.9,0.0,0.0,June,2023
675,Bhadradri Kothagudem,Bhadrachalam,2023-06-15,0.0,32.0,42.7,27.3,52.2,0.0,0.1,June,2023
676,Bhadradri Kothagudem,Bhadrachalam,2023-06-16,0.0,28.7,42.3,28.8,65.9,0.0,0.1,June,2023
677,Bhadradri Kothagudem,Bhadrachalam,2023-06-17,0.0,30.3,44.1,23.8,53.1,0.0,0.1,June,2023
678,Bhadradri Kothagudem,Bhadrachalam,2023-06-18,0.3,30.3,43.7,27.3,73.6,0.0,7.1,June,2023
679,Bhadradri Kothagudem,Bhadrachalam,2023-06-19,0.0,30.0,42.6,39.6,79.1,0.0,0.4,June,2023
680,Bhadradri Kothagudem,Bhadrachalam,2023-06-20,0.0,28.7,41.6,42.4,100.0,0.0,3.7,June,2023
681,Bhadradri Kothagudem,Bhadrachalam,2023-06-21,1.8,26.0,41.5,51.1,100.0,0.0,5.9,June,2023
682,Bhadradri Kothagudem,Bhadrachalam,2023-06-22,0.0,26.2,38.7,56.1,100.0,0.0,1.1,June,2023
683,Bhadradri Kothagudem,Bhadrachalam,2023-06-23,0.2,24.9,36.2,63.1,100.0,0.0,10.0,June,2023
684,Bhadradri Kothagudem,Bhadrachalam,2023-06-24,15.8,24.4,30.6,87.1,100.0,0.0,0.0,June,2023
685,Bhadradri Kothagudem,Bhadrachalam,2023-06-25,0.0,24.8,28.8,97.0,100.0,0.0,5.4,June,2023
686,Bhadradri Kothagudem,Bhadrachalam,2023-06-26,2.6,25.5,32.9,79.4,100.0,0.0,12.2,June,2023
687,Bhadradri Kothagudem,Bhadrachalam,2023-06-27,0.0,25.9,32.0,85.1,100.0,0.0,7.3,June,2023
688,Bhadradri Kothagudem,Bhadrachalam,2023-06-28,22.0,24.7,35.1,74.6,100.0,0.0,22.0,June,2023
689,Bhadradri Kothagudem,Bhadrachalam,2023-06-29,11.9,25.4,36.0,63.6,100.0,0.0,18.5,June,2023
690,Bhadradri Kothagudem,Bhadrachalam,2023-06-30,12.5,26.6,36.9,64.2,100.0,0.0,14.3,June,2023
691,Bhadradri Kothagudem,Burgampadu,2023-06-01,0.0,27.4,40.3,52.5,100.0,0.0,8.3,June,2023
692,Bhadradri Kothagudem,Burgampadu,2023-06-02,0.0,27.9,40.4,40.1,100.0,0.3,4.3,June,2023
693,Bhadradri Kothagudem,Burgampadu,2023-06-03,0.0,28.5,41.2,39.7,80.2,0.0,5.1,June,2023
694,Bhadradri Kothagudem,Burgampadu,2023-06-04,0.0,29.0,44.5,15.9,100.0,0.6,5.6,June,2023
695,Bhadradri Kothagudem,Burgampadu,2023-06-05,14.3,25.0,43.9,31.1,100.0,0.0,5.6,June,2023
696,Bhadradri Kothagudem,Burgampadu,2023-06-06,0.0,27.2,41.6,45.3,100.0,0.0,3.1,June,2023
697,Bhadradri Kothagudem,Burgampadu,2023-06-07,0.0,28.7,42.8,28.7,83.1,0.0,5.2,June,2023
698,Bhadradri Kothagudem,Burgampadu,2023-06-08,0.0,31.2,44.1,20.2,63.8,0.0,7.9,June,2023
699,Bhadradri Kothagudem,Burgampadu,2023-06-09,0.0,28.7,43.7,21.4,70.4,0.0,6.7,June,2023
700,Bhadradri Kothagudem,Burgampadu,2023-06-10,0.0,31.5,45.7,15.9,54.0,0.0,8.1,June,2023
701,Bhadradri Kothagudem,Burgampadu,2023-06-11,0.0,30.0,43.3,25.6,62.3,0.0,9.5,June,2023
702,Bhadradri Kothagudem,Burgampadu,2023-06-12,0.0,31.0,43.0,26.8,59.7,0.5,15.0,June,2023
703,Bhadradri Kothagudem,Burgampadu,2023-06-13,0.4,28.9,42.5,26.2,89.0,1.5,4.4,June,2023
704,Bhadradri Kothagudem,Burgampadu,2023-06-14,0.0,31.0,43.8,23.2,57.1,0.0,0.0,June,2023
705,Bhadradri Kothagudem,Burgampadu,2023-06-15,0.0,30.8,43.1,23.8,54.0,0.0,4.9,June,2023
706,Bhadradri Kothagudem,Burgampadu,2023-06-16,0.0,28.7,43.1,24.4,66.7,0.0,9.2,June,2023
707,Bhadradri Kothagudem,Burgampadu,2023-06-17,0.0,30.4,44.3,20.2,51.3,0.0,8.4,June,2023
708,Bhadradri Kothagudem,Burgampadu,2023-06-18,17.0,28.3,44.6,22.6,70.0,0.0,10.2,June,2023
709,Bhadradri Kothagudem,Burgampadu,2023-06-19,0.0,30.1,42.8,43.7,84.6,0.0,6.3,June,2023
710,Bhadradri Kothagudem,Burgampadu,2023-06-20,0.0,28.6,42.6,45.7,100.0,0.0,5.4,June,2023
711,Bhadradri Kothagudem,Burgampadu,2023-06-21,3.5,26.0,38.7,58.9,100.0,0.0,9.7,June,2023
712,Bhadradri Kothagudem,Burgampadu,2023-06-22,0.0,26.4,39.0,62.1,100.0,0.3,6.1,June,2023
713,Bhadradri Kothagudem,Burgampadu,2023-06-23,0.5,25.4,36.4,69.5,100.0,0.0,8.4,June,2023
714,Bhadradri Kothagudem,Burgampadu,2023-06-24,27.3,24.1,32.4,89.2,100.0,0.0,5.8,June,2023
715,Bhadradri Kothagudem,Burgampadu,2023-06-25,0.8,24.8,29.9,96.3,100.0,0.0,6.1,June,2023
716,Bhadradri Kothagudem,Burgampadu,2023-06-26,2.9,26.1,33.5,73.9,100.0,0.0,10.2,June,2023
717,Bhadradri Kothagudem,Burgampadu,2023-06-27,0.0,26.3,32.2,87.1,100.0,0.0,7.3,June,2023
718,Bhadradri Kothagudem,Burgampadu,2023-06-28,22.3,25.0,35.4,74.6,100.0,0.0,15.3,June,2023
719,Bhadradri Kothagudem,Burgampadu,2023-06-29,13.2,25.3,36.3,72.9,100.0,0.0,13.8,June,2023
720,Bhadradri Kothagudem,Burgampadu,2023-06-30,9.9,26.2,36.4,59.6,100.0,0.0,11.0,June,2023
721,Bhadradri Kothagudem,Chandrugonda,2023-06-01,0.0,28.8,41.4,22.6,80.8,0.0,15.2,June,2023
722,Bhadradri Kothagudem,Chandrugonda,2023-06-02,0.0,27.7,42.0,21.4,99.4,0.0,17.0,June,2023
723,Bhadradri Kothagudem,Chandrugonda,2023-06-03,0.0,28.5,42.7,18.6,82.2,0.0,4.2,June,2023
724,Bhadradri Kothagudem,Chandrugonda,2023-06-04,0.0,28.3,42.7,15.1,91.7,0.0,9.6,June,2023
725,Bhadradri Kothagudem,Chandrugonda,2023-06-05,3.2,24.5,42.0,21.4,100.0,0.0,2.5,June,2023
726,Bhadradri Kothagudem,Chandrugonda,2023-06-06,0.0,28.1,40.5,21.2,73.4,0.0,12.6,June,2023
727,Bhadradri Kothagudem,Chandrugonda,2023-06-07,0.0,28.7,41.1,18.4,57.3,0.0,10.5,June,2023
728,Bhadradri Kothagudem,Chandrugonda,2023-06-08,0.0,30.0,42.3,16.3,47.7,0.0,11.4,June,2023
729,Bhadradri Kothagudem,Chandrugonda,2023-06-09,0.0,29.8,41.4,19.8,47.7,0.0,16.5,June,2023
730,Bhadradri Kothagudem,Chandrugonda,2023-06-10,0.0,31.7,43.3,13.0,42.4,0.0,23.7,June,2023
731,Bhadradri Kothagudem,Chandrugonda,2023-06-11,0.0,29.6,40.4,22.6,52.7,0.0,17.8,June,2023
732,Bhadradri Kothagudem,Chandrugonda,2023-06-12,0.0,29.9,40.3,26.1,67.4,0.0,16.2,June,2023
733,Bhadradri Kothagudem,Chandrugonda,2023-06-13,0.0,31.5,41.6,22.6,52.1,0.0,21.4,June,2023
734,Bhadradri Kothagudem,Chandrugonda,2023-06-14,0.0,32.0,41.8,17.9,41.2,0.0,16.6,June,2023
735,Bhadradri Kothagudem,Chandrugonda,2023-06-15,0.0,31.2,41.7,18.6,37.7,0.0,22.9,June,2023
736,Bhadradri Kothagudem,Chandrugonda,2023-06-16,0.0,29.0,42.1,22.1,50.7,0.0,13.9,June,2023
737,Bhadradri Kothagudem,Chandrugonda,2023-06-17,0.0,32.0,41.9,19.1,46.0,0.0,15.3,June,2023
738,Bhadradri Kothagudem,Chandrugonda,2023-06-18,2.3,27.0,42.6,19.1,69.2,0.0,21.5,June,2023
739,Bhadradri Kothagudem,Chandrugonda,2023-06-19,0.0,29.3,40.9,24.0,59.3,0.0,26.2,June,2023
740,Bhadradri Kothagudem,Chandrugonda,2023-06-20,6.0,26.5,39.3,31.6,99.2,0.0,23.2,June,2023
741,Bhadradri Kothagudem,Chandrugonda,2023-06-21,0.0,25.8,38.1,39.0,86.7,0.0,25.3,June,2023
742,Bhadradri Kothagudem,Chandrugonda,2023-06-22,0.0,25.7,37.9,37.2,99.9,0.0,28.3,June,2023
743,Bhadradri Kothagudem,Chandrugonda,2023-06-23,0.0,25.9,35.5,42.7,91.7,0.0,15.6,June,2023
744,Bhadradri Kothagudem,Chandrugonda,2023-06-24,15.1,22.9,31.6,68.3,100.0,0.0,1.5,June,2023
745,Bhadradri Kothagudem,Chandrugonda,2023-06-25,20.0,23.4,30.7,79.9,96.6,0.0,1.7,June,2023
746,Bhadradri Kothagudem,Chandrugonda,2023-06-26,0.0,27.6,32.7,82.9,100.0,0.0,20.1,June,2023
747,Bhadradri Kothagudem,Chandrugonda,2023-06-27,0.0,25.0,32.9,61.9,100.0,0.0,13.7,June,2023
748,Bhadradri Kothagudem,Chandrugonda,2023-06-28,0.0,25.2,34.9,41.0,100.0,0.0,23.1,June,2023
749,Bhadradri Kothagudem,Chandrugonda,2023-06-29,14.6,25.2,35.3,41.0,100.0,0.0,17.8,June,2023
750,Bhadradri Kothagudem,Chandrugonda,2023-06-30,0.0,28.7,36.0,41.0,100.0,0.0,16.0,June,2023
751,Bhadradri Kothagudem,Cherla,2023-06-01,0.0,28.3,41.8,33.7,81.7,0.0,10.2,June,2023
752,Bhadradri Kothagudem,Cherla,2023-06-02,0.0,26.8,43.4,25.9,88.7,0.0,6.9,June,2023
753,Bhadradri Kothagudem,Cherla,2023-06-03,0.0,27.0,44.0,24.7,68.2,0.0,13.0,June,2023
754,Bhadradri Kothagudem,Cherla,2023-06-04,0.0,29.3,44.5,24.7,87.1,0.0,5.8,June,2023
755,Bhadradri Kothagudem,Cherla,2023-06-05,1.7,26.5,42.3,29.6,89.2,0.0,7.7,June,2023
756,Bhadradri Kothagudem,Cherla,2023-06-06,0.0,27.3,42.2,33.7,76.3,0.0,12.2,June,2023
757,Bhadradri Kothagudem,Cherla,2023-06-07,7.9,28.2,43.1,30.3,80.6,0.0,9.5,June,2023
758,Bhadradri Kothagudem,Cherla,2023-06-08,0.0,31.0,44.0,29.0,66.7,0.0,8.2,June,2023
759,Bhadradri Kothagudem,Cherla,2023-06-09,0.0,29.3,43.7,27.8,68.2,0.0,15.1,June,2023
760,Bhadradri Kothagudem,Cherla,2023-06-10,0.9,31.5,43.9,25.3,72.1,0.0,8.5,June,2023
761,Bhadradri Kothagudem,Cherla,2023-06-11,0.0,30.3,39.9,38.7,66.3,0.0,16.7,June,2023
762,Bhadradri Kothagudem,Cherla,2023-06-12,0.0,30.0,41.6,35.6,66.7,0.0,9.0,June,2023
763,Bhadradri Kothagudem,Cherla,2023-06-13,0.0,28.9,42.4,32.8,78.0,0.0,16.4,June,2023
764,Bhadradri Kothagudem,Cherla,2023-06-14,0.0,30.7,42.3,30.6,61.4,0.0,15.3,June,2023
765,Bhadradri Kothagudem,Cherla,2023-06-15,0.0,31.6,42.5,30.9,60.5,0.0,20.5,June,2023
766,Bhadradri Kothagudem,Cherla,2023-06-16,0.0,29.3,42.1,33.7,68.0,0.0,21.4,June,2023
767,Bhadradri Kothagudem,Cherla,2023-06-17,0.0,29.4,43.1,30.3,59.2,0.0,10.2,June,2023
768,Bhadradri Kothagudem,Cherla,2023-06-18,0.0,31.2,42.2,30.9,61.0,0.0,10.7,June,2023
769,Bhadradri Kothagudem,Cherla,2023-06-19,0.0,29.2,42.6,33.4,74.2,0.0,8.4,June,2023
770,Bhadradri Kothagudem,Cherla,2023-06-20,0.0,29.5,42.1,34.0,83.0,0.0,10.6,June,2023
771,Bhadradri Kothagudem,Cherla,2023-06-21,10.6,25.8,41.2,39.6,95.8,0.0,15.4,June,2023
772,Bhadradri Kothagudem,Cherla,2023-06-22,1.3,26.1,36.4,54.3,94.5,0.0,6.6,June,2023
773,Bhadradri Kothagudem,Cherla,2023-06-23,2.5,24.4,37.6,49.3,97.1,0.0,6.8,June,2023
774,Bhadradri Kothagudem,Cherla,2023-06-24,1.2,25.5,29.6,80.9,95.4,0.0,7.5,June,2023
775,Bhadradri Kothagudem,Cherla,2023-06-25,2.4,25.2,28.1,86.3,97.5,0.0,5.1,June,2023
776,Bhadradri Kothagudem,Cherla,2023-06-26,5.2,24.7,32.7,67.3,79.7,0.0,4.0,June,2023
777,Bhadradri Kothagudem,Cherla,2023-06-27,0.0,25.1,31.1,74.7,100.0,0.0,6.8,June,2023
778,Bhadradri Kothagudem,Cherla,2023-06-28,5.4,24.9,31.7,67.5,99.7,0.0,6.7,June,2023
779,Bhadradri Kothagudem,Cherla,2023-06-29,0.5,25.7,35.5,49.1,100.0,0.0,5.0,June,2023
780,Bhadradri Kothagudem,Cherla,2023-06-30,0.0,28.2,35.7,49.2,81.9,0.0,5.3,June,2023
781,Bhadradri Kothagudem,Chunchupally,2023-06-01,0.0,28.3,41.1,30.7,73.6,0.0,4.4,June,2023
782,Bhadradri Kothagudem,Chunchupally,2023-06-02,0.0,27.4,42.4,26.4,88.4,0.0,5.1,June,2023
783,Bhadradri Kothagudem,Chunchupally,2023-06-03,0.0,27.6,42.8,21.1,65.5,0.0,3.8,June,2023
784,Bhadradri Kothagudem,Chunchupally,2023-06-04,0.0,29.7,44.8,19.0,68.0,0.0,4.2,June,2023
785,Bhadradri Kothagudem,Chunchupally,2023-06-05,0.0,26.1,43.7,25.8,82.5,0.0,4.8,June,2023
786,Bhadradri Kothagudem,Chunchupally,2023-06-06,0.0,27.3,40.8,27.3,69.3,0.0,5.7,June,2023
787,Bhadradri Kothagudem,Chunchupally,2023-06-07,0.0,28.3,43.1,24.5,62.8,0.0,5.9,June,2023
788,Bhadradri Kothagudem,Chunchupally,2023-06-08,0.0,29.7,42.8,27.6,49.2,0.0,5.6,June,2023
789,Bhadradri Kothagudem,Chunchupally,2023-06-09,0.0,29.4,42.5,26.3,56.8,0.0,5.0,June,2023
790,Bhadradri Kothagudem,Chunchupally,2023-06-10,0.0,31.4,43.9,21.8,52.7,0.0,8.3,June,2023
791,Bhadradri Kothagudem,Chunchupally,2023-06-11,0.0,29.6,41.8,31.9,59.0,0.0,9.6,June,2023
792,Bhadradri Kothagudem,Chunchupally,2023-06-12,0.0,30.2,41.1,34.6,58.7,0.0,5.6,June,2023
793,Bhadradri Kothagudem,Chunchupally,2023-06-13,0.0,31.2,42.2,29.2,58.3,0.0,7.6,June,2023
794,Bhadradri Kothagudem,Chunchupally,2023-06-14,0.0,31.9,42.3,24.8,55.1,0.0,7.2,June,2023
795,Bhadradri Kothagudem,Chunchupally,2023-06-15,0.0,31.2,42.3,28.2,54.8,0.0,9.8,June,2023
796,Bhadradri Kothagudem,Chunchupally,2023-06-16,0.0,29.5,41.2,27.8,58.7,0.0,5.6,June,2023
797,Bhadradri Kothagudem,Chunchupally,2023-06-17,0.0,30.8,42.6,25.1,55.9,0.0,6.3,June,2023
798,Bhadradri Kothagudem,Chunchupally,2023-06-18,26.2,27.3,41.4,30.1,82.5,0.0,11.4,June,2023
799,Bhadradri Kothagudem,Chunchupally,2023-06-19,1.9,29.0,41.0,31.5,80.6,0.0,5.8,June,2023
800,Bhadradri Kothagudem,Chunchupally,2023-06-20,0.0,28.6,40.3,36.0,78.9,0.0,3.8,June,2023
801,Bhadradri Kothagudem,Chunchupally,2023-06-21,7.2,25.0,39.4,43.3,99.0,0.0,3.1,June,2023
802,Bhadradri Kothagudem,Chunchupally,2023-06-22,0.5,25.9,36.0,49.9,90.1,0.0,3.0,June,2023
803,Bhadradri Kothagudem,Chunchupally,2023-06-23,2.2,25.3,34.4,56.7,97.7,0.0,3.7,June,2023
804,Bhadradri Kothagudem,Chunchupally,2023-06-24,45.1,23.4,31.4,65.3,100.0,0.0,2.2,June,2023
805,Bhadradri Kothagudem,Chunchupally,2023-06-25,2.6,23.9,30.4,90.5,100.0,0.0,1.2,June,2023
806,Bhadradri Kothagudem,Chunchupally,2023-06-26,0.0,26.4,32.4,73.5,98.6,0.0,2.1,June,2023
807,Bhadradri Kothagudem,Chunchupally,2023-06-27,0.0,25.7,34.8,68.4,91.7,0.0,2.4,June,2023
808,Bhadradri Kothagudem,Chunchupally,2023-06-28,19.1,24.4,34.0,56.5,100.0,0.0,3.4,June,2023
809,Bhadradri Kothagudem,Chunchupally,2023-06-29,0.3,25.6,35.7,54.7,100.0,0.0,3.1,June,2023
810,Bhadradri Kothagudem,Chunchupally,2023-06-30,2.5,24.9,37.2,51.9,93.4,0.0,1.8,June,2023
811,Bhadradri Kothagudem,Dammapeta,2023-06-01,0.0,24.6,41.6,23.6,100.0,0.0,9.6,June,2023
812,Bhadradri Kothagudem,Dammapeta,2023-06-02,0.0,26.0,42.7,18.7,100.0,0.0,7.1,June,2023
813,Bhadradri Kothagudem,Dammapeta,2023-06-03,0.0,24.4,44.8,13.0,95.8,0.0,5.5,June,2023
814,Bhadradri Kothagudem,Dammapeta,2023-06-04,0.0,26.2,45.1,10.9,100.0,0.0,8.9,June,2023
815,Bhadradri Kothagudem,Dammapeta,2023-06-05,0.0,25.4,43.6,20.9,80.7,0.0,18.2,June,2023
816,Bhadradri Kothagudem,Dammapeta,2023-06-06,0.0,25.0,41.5,21.4,100.0,1.6,8.5,June,2023
817,Bhadradri Kothagudem,Dammapeta,2023-06-07,0.0,26.0,43.5,16.6,90.0,1.9,8.2,June,2023
818,Bhadradri Kothagudem,Dammapeta,2023-06-08,3.6,23.7,44.2,17.3,100.0,0.0,10.0,June,2023
819,Bhadradri Kothagudem,Dammapeta,2023-06-09,0.0,25.3,42.1,27.2,83.2,0.0,14.4,June,2023
820,Bhadradri Kothagudem,Dammapeta,2023-06-10,0.0,27.8,44.3,18.0,75.4,0.0,10.8,June,2023
821,Bhadradri Kothagudem,Dammapeta,2023-06-11,0.0,27.5,41.4,27.8,69.5,1.9,13.7,June,2023
822,Bhadradri Kothagudem,Dammapeta,2023-06-12,0.0,26.9,41.6,28.6,73.5,0.0,14.5,June,2023
823,Bhadradri Kothagudem,Dammapeta,2023-06-13,0.0,27.4,42.2,24.3,81.5,0.0,10.4,June,2023
824,Bhadradri Kothagudem,Dammapeta,2023-06-14,0.0,26.5,43.2,19.3,70.8,0.0,12.3,June,2023
825,Bhadradri Kothagudem,Dammapeta,2023-06-15,0.0,26.0,42.4,22.8,70.8,0.0,12.1,June,2023
826,Bhadradri Kothagudem,Dammapeta,2023-06-16,0.0,24.5,42.5,21.4,82.1,0.0,12.0,June,2023
827,Bhadradri Kothagudem,Dammapeta,2023-06-17,0.0,25.4,43.6,18.0,75.3,0.0,10.5,June,2023
828,Bhadradri Kothagudem,Dammapeta,2023-06-18,7.6,24.6,43.3,20.2,91.0,0.6,10.2,June,2023
829,Bhadradri Kothagudem,Dammapeta,2023-06-19,0.0,27.0,41.4,24.3,88.6,0.0,10.8,June,2023
830,Bhadradri Kothagudem,Dammapeta,2023-06-20,0.0,26.9,41.1,35.7,100.0,2.9,9.6,June,2023
831,Bhadradri Kothagudem,Dammapeta,2023-06-21,0.8,24.5,39.6,41.4,100.0,2.8,11.6,June,2023
832,Bhadradri Kothagudem,Dammapeta,2023-06-22,3.9,24.2,40.3,39.6,100.0,0.0,12.2,June,2023
833,Bhadradri Kothagudem,Dammapeta,2023-06-23,1.2,24.2,35.6,51.9,100.0,0.0,7.1,June,2023
834,Bhadradri Kothagudem,Dammapeta,2023-06-24,14.1,22.7,31.1,77.1,100.0,0.0,3.8,June,2023
835,Bhadradri Kothagudem,Dammapeta,2023-06-25,25.2,22.9,29.5,82.8,100.0,0.0,6.2,June,2023
836,Bhadradri Kothagudem,Dammapeta,2023-06-26,0.0,25.1,33.4,59.3,100.0,0.0,7.8,June,2023
837,Bhadradri Kothagudem,Dammapeta,2023-06-27,0.9,23.8,32.5,62.0,100.0,0.0,9.0,June,2023
838,Bhadradri Kothagudem,Dammapeta,2023-06-28,0.2,24.3,34.9,49.1,100.0,0.0,9.7,June,2023
839,Bhadradri Kothagudem,Dammapeta,2023-06-29,1.8,24.5,36.4,43.5,100.0,0.0,9.5,June,2023
840,Bhadradri Kothagudem,Dammapeta,2023-06-30,0.0,25.2,37.5,47.8,98.0,0.0,9.2,June,2023
841,Bhadradri Kothagudem,Dummugudem,2023-06-01,0.0,28.9,41.8,32.9,81.8,0.0,0.2,June,2023
842,Bhadradri Kothagudem,Dummugudem,2023-06-02,0.0,28.2,43.3,27.4,87.7,0.0,3.4,June,2023
843,Bhadradri Kothagudem,Dummugudem,2023-06-03,0.0,27.5,43.5,25.3,75.1,0.0,3.0,June,2023
844,Bhadradri Kothagudem,Dummugudem,2023-06-04,0.0,29.7,44.1,24.6,84.1,0.0,0.8,June,2023
845,Bhadradri Kothagudem,Dummugudem,2023-06-05,0.9,26.5,42.0,35.4,89.7,0.0,0.6,June,2023
846,Bhadradri Kothagudem,Dummugudem,2023-06-06,0.0,27.6,40.6,37.7,84.7,0.0,2.8,June,2023
847,Bhadradri Kothagudem,Dummugudem,2023-06-07,0.0,28.7,42.6,28.7,73.4,0.0,8.7,June,2023
848,Bhadradri Kothagudem,Dummugudem,2023-06-08,0.0,32.0,43.4,29.4,57.1,0.0,1.7,June,2023
849,Bhadradri Kothagudem,Dummugudem,2023-06-09,0.0,29.0,43.2,30.1,66.9,0.0,2.4,June,2023
850,Bhadradri Kothagudem,Dummugudem,2023-06-10,0.0,31.1,43.6,24.6,63.5,0.0,1.1,June,2023
851,Bhadradri Kothagudem,Dummugudem,2023-06-11,0.0,30.7,40.3,36.5,62.6,0.0,0.8,June,2023
852,Bhadradri Kothagudem,Dummugudem,2023-06-12,0.0,30.0,41.5,37.1,70.7,0.0,0.9,June,2023
853,Bhadradri Kothagudem,Dummugudem,2023-06-13,20.9,28.5,42.4,34.9,77.8,0.0,2.7,June,2023
854,Bhadradri Kothagudem,Dummugudem,2023-06-14,0.0,30.2,41.7,34.2,75.3,0.0,0.7,June,2023
855,Bhadradri Kothagudem,Dummugudem,2023-06-15,0.0,30.7,41.8,33.6,63.5,0.0,0.4,June,2023
856,Bhadradri Kothagudem,Dummugudem,2023-06-16,0.0,28.7,42.1,34.2,73.4,0.0,1.2,June,2023
857,Bhadradri Kothagudem,Dummugudem,2023-06-17,0.0,29.7,42.7,30.1,67.9,0.0,0.6,June,2023
858,Bhadradri Kothagudem,Dummugudem,2023-06-18,0.0,31.7,42.7,33.6,60.6,0.0,2.2,June,2023
859,Bhadradri Kothagudem,Dummugudem,2023-06-19,0.0,30.2,41.9,35.4,69.7,0.0,4.4,June,2023
860,Bhadradri Kothagudem,Dummugudem,2023-06-20,0.0,29.8,41.0,37.1,84.1,0.0,1.3,June,2023
861,Bhadradri Kothagudem,Dummugudem,2023-06-21,22.4,24.8,40.5,41.8,98.6,0.0,3.4,June,2023
862,Bhadradri Kothagudem,Dummugudem,2023-06-22,0.0,27.0,37.1,52.4,88.8,0.0,1.0,June,2023
863,Bhadradri Kothagudem,Dummugudem,2023-06-23,5.0,24.8,35.2,58.0,97.7,0.0,6.6,June,2023
864,Bhadradri Kothagudem,Dummugudem,2023-06-24,8.0,24.7,29.1,82.7,99.1,0.0,3.9,June,2023
865,Bhadradri Kothagudem,Dummugudem,2023-06-25,1.5,25.3,27.7,92.9,100.0,0.0,0.8,June,2023
866,Bhadradri Kothagudem,Dummugudem,2023-06-26,15.9,25.2,32.7,66.0,100.0,0.0,4.0,June,2023
867,Bhadradri Kothagudem,Dummugudem,2023-06-27,0.5,25.8,31.1,72.0,100.0,0.0,0.4,June,2023
868,Bhadradri Kothagudem,Dummugudem,2023-06-28,26.6,24.9,33.3,65.6,100.0,0.0,2.7,June,2023
869,Bhadradri Kothagudem,Dummugudem,2023-06-29,20.9,25.7,35.4,54.1,100.0,0.0,0.3,June,2023
870,Bhadradri Kothagudem,Dummugudem,2023-06-30,0.0,28.1,35.9,56.0,87.4,0.0,1.6,June,2023
871,Bhadradri Kothagudem,Gundala,2023-06-01,0.0,25.3,39.4,31.9,80.0,0.0,4.6,June,2023
872,Bhadradri Kothagudem,Gundala,2023-06-02,3.5,23.9,40.8,25.2,80.0,0.0,1.7,June,2023
873,Bhadradri Kothagudem,Gundala,2023-06-03,0.0,24.4,43.1,19.2,76.4,0.0,8.6,June,2023
874,Bhadradri Kothagudem,Gundala,2023-06-04,0.0,27.6,42.9,19.8,71.2,0.0,5.8,June,2023
875,Bhadradri Kothagudem,Gundala,2023-06-05,0.0,26.4,41.9,24.4,81.7,0.0,14.8,June,2023
876,Bhadradri Kothagudem,Gundala,2023-06-06,0.0,26.7,40.5,27.1,85.4,0.0,12.1,June,2023
877,Bhadradri Kothagudem,Gundala,2023-06-07,0.0,27.0,42.4,21.3,78.1,0.0,10.2,June,2023
878,Bhadradri Kothagudem,Gundala,2023-06-08,0.0,29.6,42.4,21.2,63.5,0.0,10.0,June,2023
879,Bhadradri Kothagudem,Gundala,2023-06-09,0.0,29.7,41.6,20.7,66.9,0.0,15.3,June,2023
880,Bhadradri Kothagudem,Gundala,2023-06-10,0.0,31.5,42.3,19.7,61.1,0.0,18.4,June,2023
881,Bhadradri Kothagudem,Gundala,2023-06-11,8.8,25.6,40.0,30.3,64.4,0.0,19.1,June,2023
882,Bhadradri Kothagudem,Gundala,2023-06-12,0.0,31.4,39.4,32.5,62.1,0.0,15.3,June,2023
883,Bhadradri Kothagudem,Gundala,2023-06-13,0.0,30.7,40.5,28.8,60.2,0.0,4.6,June,2023
884,Bhadradri Kothagudem,Gundala,2023-06-14,0.0,32.1,40.9,25.0,53.5,0.0,16.2,June,2023
885,Bhadradri Kothagudem,Gundala,2023-06-15,0.0,32.2,40.2,26.7,52.2,0.0,16.9,June,2023
886,Bhadradri Kothagudem,Gundala,2023-06-16,0.0,28.0,40.4,27.8,69.4,0.0,12.0,June,2023
887,Bhadradri Kothagudem,Gundala,2023-06-17,0.0,29.3,41.5,24.5,65.0,0.0,13.7,June,2023
888,Bhadradri Kothagudem,Gundala,2023-06-18,0.0,30.8,40.9,27.2,76.3,0.0,12.7,June,2023
889,Bhadradri Kothagudem,Gundala,2023-06-19,0.0,30.2,40.0,30.4,67.9,0.0,10.3,June,2023
890,Bhadradri Kothagudem,Gundala,2023-06-20,0.0,29.1,39.7,28.2,73.1,0.0,8.3,June,2023
891,Bhadradri Kothagudem,Gundala,2023-06-21,7.6,26.1,39.0,33.8,92.8,0.0,17.4,June,2023
892,Bhadradri Kothagudem,Gundala,2023-06-22,1.2,26.1,36.0,49.9,93.7,0.0,15.1,June,2023
893,Bhadradri Kothagudem,Gundala,2023-06-23,0.0,25.7,34.7,49.7,89.6,0.0,10.0,June,2023
894,Bhadradri Kothagudem,Gundala,2023-06-24,7.9,24.6,29.5,73.3,96.3,0.0,1.1,June,2023
895,Bhadradri Kothagudem,Gundala,2023-06-25,5.4,25.0,30.4,78.7,94.7,0.0,12.6,June,2023
896,Bhadradri Kothagudem,Gundala,2023-06-26,17.0,25.6,32.3,65.3,99.2,0.0,14.8,June,2023
897,Bhadradri Kothagudem,Gundala,2023-06-27,0.0,25.6,30.8,70.0,97.7,0.0,9.6,June,2023
898,Bhadradri Kothagudem,Gundala,2023-06-28,0.0,26.3,32.9,60.9,98.2,0.0,12.1,June,2023
899,Bhadradri Kothagudem,Gundala,2023-06-29,0.0,26.7,34.2,51.7,93.5,0.0,13.9,June,2023
900,Bhadradri Kothagudem,Gundala,2023-06-30,0.5,28.2,35.4,51.7,79.3,0.0,18.1,June,2023
901,Bhadradri Kothagudem,Julurpad,2023-06-01,0.0,30.4,39.6,43.5,85.3,0.0,9.5,June,2023
902,Bhadradri Kothagudem,Julurpad,2023-06-02,0.0,29.5,44.0,37.3,84.9,0.0,7.9,June,2023
903,Bhadradri Kothagudem,Julurpad,2023-06-03,0.0,32.0,44.3,25.5,77.2,0.0,8.5,June,2023
904,Bhadradri Kothagudem,Julurpad,2023-06-04,0.0,30.0,46.4,15.0,86.7,0.0,12.2,June,2023
905,Bhadradri Kothagudem,Julurpad,2023-06-05,0.0,29.5,44.1,35.2,78.1,0.0,14.0,June,2023
906,Bhadradri Kothagudem,Julurpad,2023-06-06,0.0,30.0,43.8,34.5,70.0,0.0,7.7,June,2023
907,Bhadradri Kothagudem,Julurpad,2023-06-07,0.0,32.1,45.0,20.7,63.2,0.0,7.7,June,2023
908,Bhadradri Kothagudem,Julurpad,2023-06-08,0.0,32.0,44.8,33.8,63.1,3.4,6.9,June,2023
909,Bhadradri Kothagudem,Julurpad,2023-06-09,0.0,30.3,42.2,20.1,56.6,0.0,7.7,June,2023
910,Bhadradri Kothagudem,Julurpad,2023-06-10,0.0,31.9,42.6,15.7,63.5,0.0,10.9,June,2023
911,Bhadradri Kothagudem,Julurpad,2023-06-11,0.0,30.1,44.2,26.1,72.8,1.4,11.2,June,2023
912,Bhadradri Kothagudem,Julurpad,2023-06-12,0.0,30.5,40.5,28.8,61.1,0.1,8.7,June,2023
913,Bhadradri Kothagudem,Julurpad,2023-06-13,0.0,32.1,41.1,27.4,55.4,0.0,9.4,June,2023
914,Bhadradri Kothagudem,Julurpad,2023-06-14,0.0,33.6,41.5,20.6,63.2,0.9,10.7,June,2023
915,Bhadradri Kothagudem,Julurpad,2023-06-15,0.0,33.6,43.8,29.7,63.1,0.0,12.3,June,2023
916,Bhadradri Kothagudem,Julurpad,2023-06-16,0.0,30.0,43.8,24.1,55.5,0.0,12.0,June,2023
917,Bhadradri Kothagudem,Julurpad,2023-06-17,0.0,31.1,41.8,24.0,55.4,0.0,9.3,June,2023
918,Bhadradri Kothagudem,Julurpad,2023-06-18,0.0,32.5,44.0,30.6,70.5,0.0,12.6,June,2023
919,Bhadradri Kothagudem,Julurpad,2023-06-19,21.8,27.2,40.4,34.3,78.5,0.0,12.0,June,2023
920,Bhadradri Kothagudem,Julurpad,2023-06-20,0.0,29.8,41.8,35.5,91.5,0.3,12.7,June,2023
921,Bhadradri Kothagudem,Julurpad,2023-06-21,1.9,24.8,39.9,50.7,99.5,0.0,12.8,June,2023
922,Bhadradri Kothagudem,Julurpad,2023-06-22,0.3,26.8,39.8,50.5,97.6,0.0,12.7,June,2023
923,Bhadradri Kothagudem,Julurpad,2023-06-23,1.2,27.7,38.7,53.5,99.6,0.0,3.4,June,2023
924,Bhadradri Kothagudem,Julurpad,2023-06-24,9.6,23.3,33.6,65.8,99.9,0.0,3.9,June,2023
925,Bhadradri Kothagudem,Julurpad,2023-06-25,12.4,25.8,33.6,84.9,100.0,0.0,5.4,June,2023
926,Bhadradri Kothagudem,Julurpad,2023-06-26,0.0,28.2,34.0,72.2,95.9,0.0,3.6,June,2023
927,Bhadradri Kothagudem,Julurpad,2023-06-27,0.0,27.9,34.0,70.9,97.6,0.0,4.4,June,2023
928,Bhadradri Kothagudem,Julurpad,2023-06-28,16.2,26.9,36.8,47.6,100.0,0.0,3.9,June,2023
929,Bhadradri Kothagudem,Julurpad,2023-06-29,0.7,27.9,36.9,48.1,100.0,0.0,4.8,June,2023
930,Bhadradri Kothagudem,Julurpad,2023-06-30,0.4,29.6,38.7,59.5,92.0,0.0,7.2,June,2023
931,Bhadradri Kothagudem,Karakagudem,2023-06-01,0.0,27.2,42.0,26.6,76.5,0.0,9.5,June,2023
932,Bhadradri Kothagudem,Karakagudem,2023-06-02,0.0,25.0,44.5,19.6,76.9,0.0,10.8,June,2023
933,Bhadradri Kothagudem,Karakagudem,2023-06-03,0.0,25.3,45.2,16.3,73.9,0.0,10.9,June,2023
934,Bhadradri Kothagudem,Karakagudem,2023-06-04,0.0,27.1,45.1,17.0,66.1,0.0,10.0,June,2023
935,Bhadradri Kothagudem,Karakagudem,2023-06-05,0.3,26.6,44.5,23.5,69.6,0.0,13.0,June,2023
936,Bhadradri Kothagudem,Karakagudem,2023-06-06,0.0,26.2,41.2,24.5,76.5,0.0,8.1,June,2023
937,Bhadradri Kothagudem,Karakagudem,2023-06-07,0.0,27.7,43.1,20.5,65.2,0.0,12.1,June,2023
938,Bhadradri Kothagudem,Karakagudem,2023-06-08,0.0,29.4,43.7,19.1,56.0,0.0,11.8,June,2023
939,Bhadradri Kothagudem,Karakagudem,2023-06-09,0.0,28.4,42.6,19.7,55.1,0.0,12.2,June,2023
940,Bhadradri Kothagudem,Karakagudem,2023-06-10,0.0,30.1,43.3,17.8,59.7,0.0,15.2,June,2023
941,Bhadradri Kothagudem,Karakagudem,2023-06-11,0.0,29.0,40.7,30.3,63.4,0.0,18.4,June,2023
942,Bhadradri Kothagudem,Karakagudem,2023-06-12,0.0,28.1,41.7,32.4,71.7,0.0,17.1,June,2023
943,Bhadradri Kothagudem,Karakagudem,2023-06-13,0.0,29.0,42.3,28.5,74.5,0.0,19.2,June,2023
944,Bhadradri Kothagudem,Karakagudem,2023-06-14,0.0,30.6,43.0,25.3,59.2,0.0,16.0,June,2023
945,Bhadradri Kothagudem,Karakagudem,2023-06-15,0.0,30.9,41.8,27.2,58.3,0.0,17.8,June,2023
946,Bhadradri Kothagudem,Karakagudem,2023-06-16,0.0,27.0,41.6,28.5,72.1,0.0,20.6,June,2023
947,Bhadradri Kothagudem,Karakagudem,2023-06-17,0.0,26.8,43.1,24.6,71.7,0.0,16.7,June,2023
948,Bhadradri Kothagudem,Karakagudem,2023-06-18,0.0,30.1,42.9,27.2,64.3,0.0,21.8,June,2023
949,Bhadradri Kothagudem,Karakagudem,2023-06-19,0.0,28.8,41.7,29.2,72.3,0.0,14.8,June,2023
950,Bhadradri Kothagudem,Karakagudem,2023-06-20,0.0,30.1,43.6,27.2,73.8,1.2,13.8,June,2023
951,Bhadradri Kothagudem,Karakagudem,2023-06-21,1.6,26.4,42.2,33.1,89.8,0.0,14.8,June,2023
952,Bhadradri Kothagudem,Karakagudem,2023-06-22,1.3,26.0,38.5,45.8,93.2,0.2,10.4,June,2023
953,Bhadradri Kothagudem,Karakagudem,2023-06-23,2.1,25.0,37.2,44.9,91.5,0.0,17.9,June,2023
954,Bhadradri Kothagudem,Karakagudem,2023-06-24,1.0,25.0,30.3,76.7,98.7,0.0,8.8,June,2023
955,Bhadradri Kothagudem,Karakagudem,2023-06-25,1.3,25.3,29.9,79.3,98.6,0.0,5.3,June,2023
956,Bhadradri Kothagudem,Karakagudem,2023-06-26,14.0,25.4,32.4,65.0,99.4,0.0,8.4,June,2023
957,Bhadradri Kothagudem,Karakagudem,2023-06-27,7.7,24.9,30.9,76.1,98.3,0.0,4.0,June,2023
958,Bhadradri Kothagudem,Karakagudem,2023-06-28,3.6,24.5,33.2,55.9,99.7,0.0,16.8,June,2023
959,Bhadradri Kothagudem,Karakagudem,2023-06-29,0.0,26.1,34.7,49.3,97.8,0.0,10.0,June,2023
960,Bhadradri Kothagudem,Karakagudem,2023-06-30,0.0,28.1,35.8,46.3,74.3,0.0,10.3,June,2023
961,Bhadradri Kothagudem,Kothagudem,2023-06-01,0.0,27.8,41.6,34.6,84.0,0.0,7.3,June,2023
962,Bhadradri Kothagudem,Kothagudem,2023-06-02,0.0,27.6,42.6,28.9,93.1,0.0,9.8,June,2023
963,Bhadradri Kothagudem,Kothagudem,2023-06-03,0.0,26.7,44.2,27.7,77.8,0.0,4.1,June,2023
964,Bhadradri Kothagudem,Kothagudem,2023-06-04,0.0,29.7,45.0,26.8,68.0,0.4,5.0,June,2023
965,Bhadradri Kothagudem,Kothagudem,2023-06-05,2.0,26.2,43.8,31.1,93.9,0.0,8.7,June,2023
966,Bhadradri Kothagudem,Kothagudem,2023-06-06,0.0,27.1,40.8,34.6,76.9,0.0,10.1,June,2023
967,Bhadradri Kothagudem,Kothagudem,2023-06-07,0.0,28.1,43.5,28.4,73.0,0.0,7.9,June,2023
968,Bhadradri Kothagudem,Kothagudem,2023-06-08,0.0,30.4,43.6,28.2,61.7,0.0,8.1,June,2023
969,Bhadradri Kothagudem,Kothagudem,2023-06-09,0.0,29.3,42.9,29.5,66.6,0.0,9.9,June,2023
970,Bhadradri Kothagudem,Kothagudem,2023-06-10,0.0,32.2,44.5,25.5,55.9,0.0,10.3,June,2023
971,Bhadradri Kothagudem,Kothagudem,2023-06-11,0.0,30.1,43.1,35.6,64.6,0.0,11.5,June,2023
972,Bhadradri Kothagudem,Kothagudem,2023-06-12,0.0,31.2,41.2,38.4,62.7,0.0,8.4,June,2023
973,Bhadradri Kothagudem,Kothagudem,2023-06-13,0.0,30.8,41.6,36.1,66.6,0.0,10.4,June,2023
974,Bhadradri Kothagudem,Kothagudem,2023-06-14,0.0,31.2,42.5,32.2,58.8,0.0,13.9,June,2023
975,Bhadradri Kothagudem,Kothagudem,2023-06-15,0.0,30.8,42.1,34.2,64.6,0.0,13.0,June,2023
976,Bhadradri Kothagudem,Kothagudem,2023-06-16,0.0,28.1,41.2,34.9,71.6,0.0,12.6,June,2023
977,Bhadradri Kothagudem,Kothagudem,2023-06-17,0.0,29.2,42.8,31.5,66.6,0.0,11.3,June,2023
978,Bhadradri Kothagudem,Kothagudem,2023-06-18,4.5,28.1,43.0,34.2,90.1,0.0,16.3,June,2023
979,Bhadradri Kothagudem,Kothagudem,2023-06-19,0.0,29.6,41.8,36.1,83.5,0.0,10.6,June,2023
980,Bhadradri Kothagudem,Kothagudem,2023-06-20,0.0,28.7,41.0,42.9,86.3,0.0,5.0,June,2023
981,Bhadradri Kothagudem,Kothagudem,2023-06-21,14.7,25.7,39.6,46.6,97.9,0.0,7.6,June,2023
982,Bhadradri Kothagudem,Kothagudem,2023-06-22,1.8,25.6,36.4,55.8,97.9,0.0,6.4,June,2023
983,Bhadradri Kothagudem,Kothagudem,2023-06-23,0.5,25.5,35.1,58.8,95.4,0.0,4.7,June,2023
984,Bhadradri Kothagudem,Kothagudem,2023-06-24,55.5,23.8,31.8,71.3,100.0,0.0,4.6,June,2023
985,Bhadradri Kothagudem,Kothagudem,2023-06-25,2.9,24.3,31.4,81.0,100.0,0.0,2.3,June,2023
986,Bhadradri Kothagudem,Kothagudem,2023-06-26,0.0,26.3,32.8,68.0,97.3,0.0,4.9,June,2023
987,Bhadradri Kothagudem,Kothagudem,2023-06-27,0.0,25.7,32.8,66.6,93.9,0.0,8.2,June,2023
988,Bhadradri Kothagudem,Kothagudem,2023-06-28,23.3,24.7,33.9,60.8,100.0,0.0,7.1,June,2023
989,Bhadradri Kothagudem,Kothagudem,2023-06-29,0.0,26.0,35.7,57.8,100.0,0.0,5.9,June,2023
990,Bhadradri Kothagudem,Kothagudem,2023-06-30,0.0,24.9,36.9,53.9,84.9,0.0,4.0,June,2023
991,Bhadradri Kothagudem,Laxmidevipalli,2023-06-01,0.0,27.3,41.2,35.5,84.7,0.0,5.9,June,2023
992,Bhadradri Kothagudem,Laxmidevipalli,2023-06-02,0.0,26.7,43.3,31.0,94.6,0.0,3.7,June,2023
993,Bhadradri Kothagudem,Laxmidevipalli,2023-06-03,0.0,26.5,43.7,25.7,74.2,0.0,4.0,June,2023
994,Bhadradri Kothagudem,Laxmidevipalli,2023-06-04,0.0,28.3,45.2,22.4,69.2,0.0,5.9,June,2023
995,Bhadradri Kothagudem,Laxmidevipalli,2023-06-05,0.7,25.9,43.3,32.8,90.6,0.0,5.3,June,2023
996,Bhadradri Kothagudem,Laxmidevipalli,2023-06-06,0.0,26.4,40.7,31.7,76.3,0.0,5.5,June,2023
997,Bhadradri Kothagudem,Laxmidevipalli,2023-06-07,0.0,27.0,43.5,28.0,69.1,0.0,6.5,June,2023
998,Bhadradri Kothagudem,Laxmidevipalli,2023-06-08,0.0,29.6,43.8,29.1,61.2,0.0,5.3,June,2023
999,Bhadradri Kothagudem,Laxmidevipalli,2023-06-09,0.0,27.5,42.8,31.5,62.3,0.0,5.1,June,2023
1000,Bhadradri Kothagudem,Laxmidevipalli,2023-06-10,0.0,30.0,44.2,27.0,60.6,0.0,6.0,June,2023
1001,Bhadradri Kothagudem,Laxmidevipalli,2023-06-11,0.0,29.0,42.1,36.0,62.8,0.0,7.6,June,2023
1002,Bhadradri Kothagudem,Laxmidevipalli,2023-06-12,0.0,28.8,41.6,39.7,64.4,0.0,5.3,June,2023
1003,Bhadradri Kothagudem,Laxmidevipalli,2023-06-13,0.0,30.3,44.2,33.4,70.9,0.0,4.5,June,2023
1004,Bhadradri Kothagudem,Laxmidevipalli,2023-06-14,0.0,30.7,42.7,28.3,70.5,0.0,6.0,June,2023
1005,Bhadradri Kothagudem,Laxmidevipalli,2023-06-15,0.0,30.4,42.5,31.2,65.6,0.0,7.5,June,2023
1006,Bhadradri Kothagudem,Laxmidevipalli,2023-06-16,0.0,27.9,41.9,31.9,70.6,0.0,6.3,June,2023
1007,Bhadradri Kothagudem,Laxmidevipalli,2023-06-17,0.0,28.9,44.2,32.2,70.4,0.0,7.2,June,2023
1008,Bhadradri Kothagudem,Laxmidevipalli,2023-06-18,3.2,30.1,42.8,30.7,77.5,0.0,6.6,June,2023
1009,Bhadradri Kothagudem,Laxmidevipalli,2023-06-19,0.0,29.6,42.0,33.2,84.3,0.0,4.0,June,2023
1010,Bhadradri Kothagudem,Laxmidevipalli,2023-06-20,0.0,28.6,41.6,37.8,85.4,0.0,2.7,June,2023
1011,Bhadradri Kothagudem,Laxmidevipalli,2023-06-21,1.2,25.4,40.1,45.8,97.3,0.0,3.5,June,2023
1012,Bhadradri Kothagudem,Laxmidevipalli,2023-06-22,0.9,25.3,37.3,53.9,97.0,0.0,3.5,June,2023
1013,Bhadradri Kothagudem,Laxmidevipalli,2023-06-23,4.1,25.2,35.0,64.2,87.1,0.0,3.5,June,2023
1014,Bhadradri Kothagudem,Laxmidevipalli,2023-06-24,48.5,23.5,31.5,71.3,100.0,0.0,1.1,June,2023
1015,Bhadradri Kothagudem,Laxmidevipalli,2023-06-25,3.3,24.0,31.1,81.0,100.0,0.0,6.4,June,2023
1016,Bhadradri Kothagudem,Laxmidevipalli,2023-06-26,0.0,26.0,32.3,67.0,94.9,0.0,4.8,June,2023
1017,Bhadradri Kothagudem,Laxmidevipalli,2023-06-27,0.0,25.5,34.5,68.5,99.9,0.0,4.4,June,2023
1018,Bhadradri Kothagudem,Laxmidevipalli,2023-06-28,22.0,24.4,33.6,65.7,100.0,0.0,6.2,June,2023
1019,Bhadradri Kothagudem,Laxmidevipalli,2023-06-29,1.3,25.5,35.4,64.0,99.9,0.0,6.3,June,2023
1020,Bhadradri Kothagudem,Laxmidevipalli,2023-06-30,1.3,26.2,36.8,59.8,99.9,0.0,6.2,June,2023
1021,Bhadradri Kothagudem,Manuguru,2023-06-01,0.0,27.9,41.9,31.8,86.9,0.0,3.6,June,2023
1022,Bhadradri Kothagudem,Manuguru,2023-06-02,0.0,27.6,43.2,27.3,91.8,0.0,3.8,June,2023
1023,Bhadradri Kothagudem,Manuguru,2023-06-03,0.0,26.7,45.1,19.8,68.2,0.0,5.4,June,2023
1024,Bhadradri Kothagudem,Manuguru,2023-06-04,0.0,29.3,44.4,28.4,87.5,0.0,2.4,June,2023
1025,Bhadradri Kothagudem,Manuguru,2023-06-05,0.0,26.3,43.5,26.6,88.4,0.0,3.1,June,2023
1026,Bhadradri Kothagudem,Manuguru,2023-06-06,0.0,27.1,43.9,26.6,70.1,0.0,5.1,June,2023
1027,Bhadradri Kothagudem,Manuguru,2023-06-07,0.0,28.0,43.6,25.2,66.9,0.0,6.2,June,2023
1028,Bhadradri Kothagudem,Manuguru,2023-06-08,0.0,31.5,45.1,22.6,43.9,0.0,3.3,June,2023
1029,Bhadradri Kothagudem,Manuguru,2023-06-09,0.0,28.6,44.5,24.5,46.3,0.0,5.9,June,2023
1030,Bhadradri Kothagudem,Manuguru,2023-06-10,0.0,31.7,43.9,20.4,45.2,0.0,4.8,June,2023
1031,Bhadradri Kothagudem,Manuguru,2023-06-11,0.0,30.7,40.5,36.6,62.9,0.0,5.9,June,2023
1032,Bhadradri Kothagudem,Manuguru,2023-06-12,0.0,29.6,41.5,36.7,69.9,0.0,5.0,June,2023
1033,Bhadradri Kothagudem,Manuguru,2023-06-13,0.0,30.3,43.0,33.5,74.9,0.0,9.6,June,2023
1034,Bhadradri Kothagudem,Manuguru,2023-06-14,0.0,31.0,42.5,31.2,61.2,0.0,8.0,June,2023
1035,Bhadradri Kothagudem,Manuguru,2023-06-15,0.0,32.5,42.6,28.7,48.6,0.0,7.0,June,2023
1036,Bhadradri Kothagudem,Manuguru,2023-06-16,0.0,30.1,42.2,30.0,60.0,0.0,7.6,June,2023
1037,Bhadradri Kothagudem,Manuguru,2023-06-17,0.0,31.4,43.9,26.6,54.6,0.0,3.6,June,2023
1038,Bhadradri Kothagudem,Manuguru,2023-06-18,0.0,31.9,43.7,29.4,55.1,0.0,4.3,June,2023
1039,Bhadradri Kothagudem,Manuguru,2023-06-19,0.0,30.3,42.1,31.1,66.9,0.0,4.4,June,2023
1040,Bhadradri Kothagudem,Manuguru,2023-06-20,1.2,28.5,43.8,29.4,85.8,0.0,4.0,June,2023
1041,Bhadradri Kothagudem,Manuguru,2023-06-21,3.5,25.7,40.8,39.4,96.6,0.0,9.4,June,2023
1042,Bhadradri Kothagudem,Manuguru,2023-06-22,0.0,27.0,37.7,47.1,86.4,0.0,3.8,June,2023
1043,Bhadradri Kothagudem,Manuguru,2023-06-23,1.9,24.6,37.5,48.9,97.1,0.0,4.5,June,2023
1044,Bhadradri Kothagudem,Manuguru,2023-06-24,1.0,25.5,28.9,81.5,93.2,0.0,5.7,June,2023
1045,Bhadradri Kothagudem,Manuguru,2023-06-25,2.8,25.5,27.7,87.8,99.9,0.0,3.0,June,2023
1046,Bhadradri Kothagudem,Manuguru,2023-06-26,20.7,24.9,32.8,62.5,100.0,0.0,4.0,June,2023
1047,Bhadradri Kothagudem,Manuguru,2023-06-27,0.0,25.3,31.6,66.4,100.0,0.0,0.4,June,2023
1048,Bhadradri Kothagudem,Manuguru,2023-06-28,5.3,25.2,32.9,63.5,99.0,0.0,2.7,June,2023
1049,Bhadradri Kothagudem,Manuguru,2023-06-29,3.9,25.6,37.1,47.7,100.0,0.0,0.3,June,2023
1050,Bhadradri Kothagudem,Manuguru,2023-06-30,1.1,27.2,35.4,52.5,93.7,0.0,1.6,June,2023
1051,Bhadradri Kothagudem,Mulakalapalle,2023-06-01,0.0,27.8,42.8,27.0,88.5,0.0,8.3,June,2023
1052,Bhadradri Kothagudem,Mulakalapalle,2023-06-02,0.0,27.5,41.5,37.6,98.7,0.5,7.7,June,2023
1053,Bhadradri Kothagudem,Mulakalapalle,2023-06-03,1.7,27.5,43.2,39.7,75.9,0.0,5.1,June,2023
1054,Bhadradri Kothagudem,Mulakalapalle,2023-06-04,0.0,28.8,45.3,16.1,83.7,0.6,5.6,June,2023
1055,Bhadradri Kothagudem,Mulakalapalle,2023-06-05,4.6,26.3,42.2,29.9,88.9,0.0,5.2,June,2023
1056,Bhadradri Kothagudem,Mulakalapalle,2023-06-06,0.0,27.1,41.7,30.3,87.8,0.0,5.8,June,2023
1057,Bhadradri Kothagudem,Mulakalapalle,2023-06-07,0.0,28.1,42.6,25.8,73.8,0.0,5.2,June,2023
1058,Bhadradri Kothagudem,Mulakalapalle,2023-06-08,0.0,30.0,43.3,25.4,66.3,0.0,7.9,June,2023
1059,Bhadradri Kothagudem,Mulakalapalle,2023-06-09,0.0,26.9,43.1,29.6,76.4,0.0,6.7,June,2023
1060,Bhadradri Kothagudem,Mulakalapalle,2023-06-10,0.0,29.7,44.9,20.0,66.6,0.0,8.1,June,2023
1061,Bhadradri Kothagudem,Mulakalapalle,2023-06-11,0.0,29.8,42.2,34.0,62.4,0.0,9.5,June,2023
1062,Bhadradri Kothagudem,Mulakalapalle,2023-06-12,0.0,29.9,40.9,32.1,50.6,0.5,15.0,June,2023
1063,Bhadradri Kothagudem,Mulakalapalle,2023-06-13,0.0,30.1,41.7,32.3,61.1,1.5,4.4,June,2023
1064,Bhadradri Kothagudem,Mulakalapalle,2023-06-14,0.0,31.6,42.8,22.3,49.3,0.0,7.6,June,2023
1065,Bhadradri Kothagudem,Mulakalapalle,2023-06-15,0.0,28.4,43.5,25.6,67.6,0.0,9.6,June,2023
1066,Bhadradri Kothagudem,Mulakalapalle,2023-06-16,0.0,26.3,42.8,27.7,76.4,0.0,9.2,June,2023
1067,Bhadradri Kothagudem,Mulakalapalle,2023-06-17,0.0,28.0,45.3,22.9,69.6,0.0,8.4,June,2023
1068,Bhadradri Kothagudem,Mulakalapalle,2023-06-18,0.0,30.1,43.6,26.5,62.9,0.0,13.3,June,2023
1069,Bhadradri Kothagudem,Mulakalapalle,2023-06-19,0.0,29.1,41.7,30.6,68.6,0.0,12.2,June,2023
1070,Bhadradri Kothagudem,Mulakalapalle,2023-06-20,0.0,28.8,41.4,35.7,91.7,0.0,7.1,June,2023
1071,Bhadradri Kothagudem,Mulakalapalle,2023-06-21,1.9,25.7,40.0,41.5,99.8,0.0,13.5,June,2023
1072,Bhadradri Kothagudem,Mulakalapalle,2023-06-22,1.0,25.7,38.7,43.7,98.9,0.6,11.0,June,2023
1073,Bhadradri Kothagudem,Mulakalapalle,2023-06-23,0.0,25.4,35.5,58.1,91.5,0.0,6.8,June,2023
1074,Bhadradri Kothagudem,Mulakalapalle,2023-06-24,55.3,23.7,31.8,70.6,100.0,0.0,5.8,June,2023
1075,Bhadradri Kothagudem,Mulakalapalle,2023-06-25,11.2,24.5,29.2,94.8,100.0,0.0,6.8,June,2023
1076,Bhadradri Kothagudem,Mulakalapalle,2023-06-26,0.0,25.8,33.8,62.8,100.0,0.0,8.1,June,2023
1077,Bhadradri Kothagudem,Mulakalapalle,2023-06-27,0.0,25.9,31.9,91.2,100.0,0.0,7.3,June,2023
1078,Bhadradri Kothagudem,Mulakalapalle,2023-06-28,13.6,24.8,34.0,62.7,100.0,0.0,8.6,June,2023
1079,Bhadradri Kothagudem,Mulakalapalle,2023-06-29,1.9,25.3,35.0,62.1,100.0,0.0,9.1,June,2023
1080,Bhadradri Kothagudem,Mulakalapalle,2023-06-30,0.5,26.6,36.6,50.3,100.0,0.0,7.7,June,2023
1081,Bhadradri Kothagudem,Palawancha,2023-06-01,0.0,25.8,43.1,30.6,93.3,0.0,3.9,June,2023
1082,Bhadradri Kothagudem,Palawancha,2023-06-02,0.0,25.4,44.9,24.2,96.2,0.0,3.7,June,2023
1083,Bhadradri Kothagudem,Palawancha,2023-06-03,0.0,26.1,45.4,23.7,80.0,0.0,3.6,June,2023
1084,Bhadradri Kothagudem,Palawancha,2023-06-04,0.0,26.7,46.4,18.0,91.0,0.0,5.3,June,2023
1085,Bhadradri Kothagudem,Palawancha,2023-06-05,0.0,26.3,44.4,27.4,87.4,0.0,7.2,June,2023
1086,Bhadradri Kothagudem,Palawancha,2023-06-06,0.0,25.9,42.9,28.8,81.4,0.0,7.0,June,2023
1087,Bhadradri Kothagudem,Palawancha,2023-06-07,0.0,27.5,45.3,24.2,67.6,0.0,4.0,June,2023
1088,Bhadradri Kothagudem,Palawancha,2023-06-08,0.0,29.8,45.1,21.1,63.2,0.0,4.3,June,2023
1089,Bhadradri Kothagudem,Palawancha,2023-06-09,0.0,29.0,44.6,22.9,67.6,0.0,7.6,June,2023
1090,Bhadradri Kothagudem,Palawancha,2023-06-10,0.0,30.2,45.6,19.8,56.7,0.0,8.4,June,2023
1091,Bhadradri Kothagudem,Palawancha,2023-06-11,0.0,29.3,43.8,28.8,68.0,0.0,13.3,June,2023
1092,Bhadradri Kothagudem,Palawancha,2023-06-12,0.0,30.0,42.8,32.1,63.2,0.0,9.7,June,2023
1093,Bhadradri Kothagudem,Palawancha,2023-06-13,0.0,29.1,44.0,29.9,73.7,0.0,10.8,June,2023
1094,Bhadradri Kothagudem,Palawancha,2023-06-14,0.0,30.4,44.3,24.4,62.7,0.0,7.6,June,2023
1095,Bhadradri Kothagudem,Palawancha,2023-06-15,0.0,29.9,43.0,25.5,64.2,0.0,11.3,June,2023
1096,Bhadradri Kothagudem,Palawancha,2023-06-16,0.0,27.6,43.5,28.8,75.8,0.0,7.9,June,2023
1097,Bhadradri Kothagudem,Palawancha,2023-06-17,0.0,29.6,45.2,26.0,66.2,0.0,11.6,June,2023
1098,Bhadradri Kothagudem,Palawancha,2023-06-18,0.0,29.7,44.3,25.8,66.6,0.0,9.5,June,2023
1099,Bhadradri Kothagudem,Palawancha,2023-06-19,0.0,29.7,43.8,28.1,72.3,0.0,12.3,June,2023
1100,Bhadradri Kothagudem,Palawancha,2023-06-20,0.0,28.2,42.8,32.1,85.0,0.0,7.7,June,2023
1101,Bhadradri Kothagudem,Palawancha,2023-06-21,4.8,25.2,41.1,39.9,98.5,0.0,11.1,June,2023
1102,Bhadradri Kothagudem,Palawancha,2023-06-22,1.4,25.7,37.5,49.0,96.6,0.0,15.0,June,2023
1103,Bhadradri Kothagudem,Palawancha,2023-06-23,1.2,24.7,37.0,48.4,95.3,0.0,13.5,June,2023
1104,Bhadradri Kothagudem,Palawancha,2023-06-24,21.5,23.5,31.4,70.9,99.1,0.0,4.1,June,2023
1105,Bhadradri Kothagudem,Palawancha,2023-06-25,1.3,24.4,29.8,86.2,99.5,0.0,4.3,June,2023
1106,Bhadradri Kothagudem,Palawancha,2023-06-26,1.7,25.1,32.9,62.7,99.0,0.0,6.6,June,2023
1107,Bhadradri Kothagudem,Palawancha,2023-06-27,0.0,25.7,35.8,65.7,98.3,0.0,9.6,June,2023
1108,Bhadradri Kothagudem,Palawancha,2023-06-28,25.9,24.2,33.9,58.8,100.0,0.0,6.7,June,2023
1109,Bhadradri Kothagudem,Palawancha,2023-06-29,1.2,25.4,35.7,55.4,98.5,0.0,6.1,June,2023
1110,Bhadradri Kothagudem,Palawancha,2023-06-30,0.8,26.2,36.4,53.9,96.1,0.0,6.6,June,2023
1111,Bhadradri Kothagudem,Pinapaka,2023-06-01,0.0,28.3,43.1,19.5,82.2,0.0,6.2,June,2023
1112,Bhadradri Kothagudem,Pinapaka,2023-06-02,0.0,26.1,44.9,14.0,76.0,0.0,5.6,June,2023
1113,Bhadradri Kothagudem,Pinapaka,2023-06-03,0.0,26.8,44.5,12.6,63.2,0.0,8.8,June,2023
1114,Bhadradri Kothagudem,Pinapaka,2023-06-04,4.0,29.5,45.7,12.1,77.2,0.0,10.7,June,2023
1115,Bhadradri Kothagudem,Pinapaka,2023-06-05,0.0,26.9,43.4,18.8,80.3,0.0,11.7,June,2023
1116,Bhadradri Kothagudem,Pinapaka,2023-06-06,0.0,27.5,42.9,18.8,74.2,0.0,6.6,June,2023
1117,Bhadradri Kothagudem,Pinapaka,2023-06-07,0.0,28.4,44.5,15.5,61.2,0.0,13.3,June,2023
1118,Bhadradri Kothagudem,Pinapaka,2023-06-08,0.0,30.6,44.9,13.3,47.7,0.0,10.6,June,2023
1119,Bhadradri Kothagudem,Pinapaka,2023-06-09,0.0,29.6,44.2,15.4,56.5,0.0,12.2,June,2023
1120,Bhadradri Kothagudem,Pinapaka,2023-06-10,0.0,32.2,45.0,12.6,38.9,0.0,12.7,June,2023
1121,Bhadradri Kothagudem,Pinapaka,2023-06-11,0.0,30.3,41.3,22.1,52.2,0.0,13.4,June,2023
1122,Bhadradri Kothagudem,Pinapaka,2023-06-12,0.0,30.5,42.3,22.3,50.0,0.6,13.1,June,2023
1123,Bhadradri Kothagudem,Pinapaka,2023-06-13,0.0,28.4,43.3,20.2,82.2,0.0,13.7,June,2023
1124,Bhadradri Kothagudem,Pinapaka,2023-06-14,0.0,31.7,43.4,17.5,40.7,0.0,14.5,June,2023
1125,Bhadradri Kothagudem,Pinapaka,2023-06-15,0.0,31.5,43.7,17.5,41.2,0.0,15.2,June,2023
1126,Bhadradri Kothagudem,Pinapaka,2023-06-16,0.0,30.0,43.0,19.5,46.0,0.0,14.5,June,2023
1127,Bhadradri Kothagudem,Pinapaka,2023-06-17,0.0,30.2,44.2,16.1,43.7,0.0,12.6,June,2023
1128,Bhadradri Kothagudem,Pinapaka,2023-06-18,0.0,32.0,44.2,18.1,60.1,0.0,16.3,June,2023
1129,Bhadradri Kothagudem,Pinapaka,2023-06-19,0.0,30.6,43.2,20.2,71.1,0.0,10.8,June,2023
1130,Bhadradri Kothagudem,Pinapaka,2023-06-20,0.0,30.0,43.0,19.5,76.7,0.0,15.7,June,2023
1131,Bhadradri Kothagudem,Pinapaka,2023-06-21,1.8,26.4,42.0,28.3,97.3,0.0,13.8,June,2023
1132,Bhadradri Kothagudem,Pinapaka,2023-06-22,1.9,25.9,36.5,44.2,100.0,0.0,12.9,June,2023
1133,Bhadradri Kothagudem,Pinapaka,2023-06-23,4.8,24.7,37.7,40.2,100.0,0.0,9.4,June,2023
1134,Bhadradri Kothagudem,Pinapaka,2023-06-24,1.9,25.1,29.1,81.0,100.0,0.0,7.9,June,2023
1135,Bhadradri Kothagudem,Pinapaka,2023-06-25,3.1,25.1,27.7,89.9,100.0,0.0,8.4,June,2023
1136,Bhadradri Kothagudem,Pinapaka,2023-06-26,13.5,25.0,33.2,64.2,100.0,0.0,10.7,June,2023
1137,Bhadradri Kothagudem,Pinapaka,2023-06-27,0.0,25.2,31.9,80.0,100.0,0.0,13.1,June,2023
1138,Bhadradri Kothagudem,Pinapaka,2023-06-28,7.1,25.0,32.7,59.2,100.0,0.0,10.6,June,2023
1139,Bhadradri Kothagudem,Pinapaka,2023-06-29,0.0,26.2,35.7,45.0,100.0,0.0,9.7,June,2023
1140,Bhadradri Kothagudem,Pinapaka,2023-06-30,0.0,29.2,38.0,39.0,74.3,0.0,9.0,June,2023
1141,Bhadradri Kothagudem,Sujathanagar,2023-06-01,0.0,29.3,42.1,21.4,80.8,0.0,9.5,June,2023
1142,Bhadradri Kothagudem,Sujathanagar,2023-06-02,0.0,27.8,43.1,18.8,83.8,0.0,7.9,June,2023
1143,Bhadradri Kothagudem,Sujathanagar,2023-06-03,0.0,28.8,43.5,13.3,72.5,0.0,8.5,June,2023
1144,Bhadradri Kothagudem,Sujathanagar,2023-06-04,0.0,30.0,45.1,11.2,66.8,0.0,12.2,June,2023
1145,Bhadradri Kothagudem,Sujathanagar,2023-06-05,3.0,26.7,44.8,16.0,86.2,0.0,14.0,June,2023
1146,Bhadradri Kothagudem,Sujathanagar,2023-06-06,0.0,28.1,41.4,20.0,61.8,0.0,7.7,June,2023
1147,Bhadradri Kothagudem,Sujathanagar,2023-06-07,0.0,30.3,43.3,15.3,68.3,0.0,7.7,June,2023
1148,Bhadradri Kothagudem,Sujathanagar,2023-06-08,0.0,29.7,42.8,24.9,36.4,3.4,6.9,June,2023
1149,Bhadradri Kothagudem,Sujathanagar,2023-06-09,0.0,31.5,43.0,17.9,52.0,0.0,7.7,June,2023
1150,Bhadradri Kothagudem,Sujathanagar,2023-06-10,0.0,32.2,43.9,11.9,42.4,0.0,10.9,June,2023
1151,Bhadradri Kothagudem,Sujathanagar,2023-06-11,0.0,30.5,42.5,22.3,49.5,1.4,11.2,June,2023
1152,Bhadradri Kothagudem,Sujathanagar,2023-06-12,0.0,31.5,41.7,25.5,48.9,0.1,8.7,June,2023
1153,Bhadradri Kothagudem,Sujathanagar,2023-06-13,0.0,32.2,42.5,21.6,65.3,0.0,9.4,June,2023
1154,Bhadradri Kothagudem,Sujathanagar,2023-06-14,0.0,32.3,42.8,17.4,40.1,0.9,10.7,June,2023
1155,Bhadradri Kothagudem,Sujathanagar,2023-06-15,0.0,32.2,42.1,19.3,39.0,0.0,12.3,June,2023
1156,Bhadradri Kothagudem,Sujathanagar,2023-06-16,0.0,31.1,41.8,20.7,67.0,0.0,12.0,June,2023
1157,Bhadradri Kothagudem,Sujathanagar,2023-06-17,0.0,32.1,42.2,17.9,64.3,0.0,9.3,June,2023
1158,Bhadradri Kothagudem,Sujathanagar,2023-06-18,15.6,26.8,42.5,21.4,71.9,0.0,12.6,June,2023
1159,Bhadradri Kothagudem,Sujathanagar,2023-06-19,6.4,26.0,41.0,24.2,74.0,0.0,12.0,June,2023
1160,Bhadradri Kothagudem,Sujathanagar,2023-06-20,0.0,29.0,40.3,29.0,70.5,0.3,12.7,June,2023
1161,Bhadradri Kothagudem,Sujathanagar,2023-06-21,29.3,24.7,39.7,33.9,100.0,0.0,12.8,June,2023
1162,Bhadradri Kothagudem,Sujathanagar,2023-06-22,0.0,26.8,36.3,44.0,93.3,0.0,12.7,June,2023
1163,Bhadradri Kothagudem,Sujathanagar,2023-06-23,0.6,25.7,34.9,46.2,100.0,0.0,3.4,June,2023
1164,Bhadradri Kothagudem,Sujathanagar,2023-06-24,32.8,23.5,31.9,59.3,100.0,0.0,3.9,June,2023
1165,Bhadradri Kothagudem,Sujathanagar,2023-06-25,6.6,24.1,30.1,84.2,100.0,0.0,5.4,June,2023
1166,Bhadradri Kothagudem,Sujathanagar,2023-06-26,0.0,27.1,32.9,78.9,100.0,0.0,6.4,June,2023
1167,Bhadradri Kothagudem,Sujathanagar,2023-06-27,0.0,26.4,34.6,67.9,91.7,0.0,4.4,June,2023
1168,Bhadradri Kothagudem,Sujathanagar,2023-06-28,19.2,24.7,34.6,44.7,100.0,0.0,7.6,June,2023
1169,Bhadradri Kothagudem,Sujathanagar,2023-06-29,1.5,25.6,36.3,42.2,100.0,0.0,4.8,June,2023
1170,Bhadradri Kothagudem,Sujathanagar,2023-06-30,11.0,25.2,37.0,39.3,100.0,0.0,7.2,June,2023
1171,Bhadradri Kothagudem,Tekulapalle,2023-06-01,0.0,27.1,37.7,37.6,86.0,0.0,8.4,June,2023
1172,Bhadradri Kothagudem,Tekulapalle,2023-06-02,0.0,25.4,39.8,30.6,86.9,0.0,8.9,June,2023
1173,Bhadradri Kothagudem,Tekulapalle,2023-06-03,0.0,25.8,40.7,24.2,74.4,0.0,6.3,June,2023
1174,Bhadradri Kothagudem,Tekulapalle,2023-06-04,0.0,27.0,44.3,21.3,84.3,0.2,8.6,June,2023
1175,Bhadradri Kothagudem,Tekulapalle,2023-06-05,0.0,25.9,42.9,27.0,85.1,0.0,11.4,June,2023
1176,Bhadradri Kothagudem,Tekulapalle,2023-06-06,0.0,26.8,39.0,30.6,71.0,0.0,8.9,June,2023
1177,Bhadradri Kothagudem,Tekulapalle,2023-06-07,0.0,29.2,43.1,23.7,60.8,0.0,7.8,June,2023
1178,Bhadradri Kothagudem,Tekulapalle,2023-06-08,0.0,30.2,41.5,25.1,54.3,1.7,7.5,June,2023
1179,Bhadradri Kothagudem,Tekulapalle,2023-06-09,0.0,29.6,42.1,24.2,55.7,0.0,8.8,June,2023
1180,Bhadradri Kothagudem,Tekulapalle,2023-06-10,0.0,30.8,42.5,21.8,50.9,0.0,10.6,June,2023
1181,Bhadradri Kothagudem,Tekulapalle,2023-06-11,0.0,29.4,41.0,29.3,61.7,0.7,11.4,June,2023
1182,Bhadradri Kothagudem,Tekulapalle,2023-06-12,0.0,30.2,40.5,34.5,61.7,0.1,8.6,June,2023
1183,Bhadradri Kothagudem,Tekulapalle,2023-06-13,0.0,31.3,40.2,31.3,54.3,0.0,9.9,June,2023
1184,Bhadradri Kothagudem,Tekulapalle,2023-06-14,0.0,32.1,42.4,26.3,49.3,0.5,12.3,June,2023
1185,Bhadradri Kothagudem,Tekulapalle,2023-06-15,0.0,32.1,41.1,28.1,47.7,0.0,12.7,June,2023
1186,Bhadradri Kothagudem,Tekulapalle,2023-06-16,0.0,30.9,41.0,28.7,48.2,0.0,12.3,June,2023
1187,Bhadradri Kothagudem,Tekulapalle,2023-06-17,0.0,32.1,42.6,25.1,45.0,0.0,10.3,June,2023
1188,Bhadradri Kothagudem,Tekulapalle,2023-06-18,0.0,30.9,42.5,27.6,56.6,0.0,14.5,June,2023
1189,Bhadradri Kothagudem,Tekulapalle,2023-06-19,0.0,30.9,41.0,31.9,72.0,0.0,11.3,June,2023
1190,Bhadradri Kothagudem,Tekulapalle,2023-06-20,0.0,28.8,39.3,36.3,82.0,0.2,8.9,June,2023
1191,Bhadradri Kothagudem,Tekulapalle,2023-06-21,43.1,24.8,39.9,36.3,98.1,0.0,10.2,June,2023
1192,Bhadradri Kothagudem,Tekulapalle,2023-06-22,0.3,26.4,37.2,52.8,88.9,0.0,9.6,June,2023
1193,Bhadradri Kothagudem,Tekulapalle,2023-06-23,0.7,25.3,34.1,56.6,95.0,0.0,4.1,June,2023
1194,Bhadradri Kothagudem,Tekulapalle,2023-06-24,29.9,23.7,30.4,73.7,98.1,0.0,4.3,June,2023
1195,Bhadradri Kothagudem,Tekulapalle,2023-06-25,4.5,24.1,31.2,76.5,97.7,0.0,3.9,June,2023
1196,Bhadradri Kothagudem,Tekulapalle,2023-06-26,0.0,26.3,32.2,66.4,92.3,0.0,5.7,June,2023
1197,Bhadradri Kothagudem,Tekulapalle,2023-06-27,0.0,25.5,31.5,65.4,90.7,0.0,6.3,June,2023
1198,Bhadradri Kothagudem,Tekulapalle,2023-06-28,24.7,24.5,33.0,54.3,97.7,0.0,7.4,June,2023
1199,Bhadradri Kothagudem,Tekulapalle,2023-06-29,6.1,25.4,33.8,57.1,96.3,0.0,5.4,June,2023
1200,Bhadradri Kothagudem,Tekulapalle,2023-06-30,1.2,26.1,34.5,53.3,93.6,0.0,5.6,June,2023
1201,Bhadradri Kothagudem,Yellandu,2023-06-01,0.0,26.8,39.1,39.7,88.9,0.0,7.3,June,2023
1202,Bhadradri Kothagudem,Yellandu,2023-06-02,0.0,26.0,41.1,35.2,77.7,0.0,9.2,June,2023
1203,Bhadradri Kothagudem,Yellandu,2023-06-03,0.0,26.7,42.3,19.8,67.3,0.0,5.7,June,2023
1204,Bhadradri Kothagudem,Yellandu,2023-06-04,0.0,27.5,43.3,24.9,80.4,0.0,10.6,June,2023
1205,Bhadradri Kothagudem,Yellandu,2023-06-05,0.0,26.2,40.7,35.6,81.2,0.0,6.7,June,2023
1206,Bhadradri Kothagudem,Yellandu,2023-06-06,0.0,27.2,39.7,34.2,68.8,0.0,7.6,June,2023
1207,Bhadradri Kothagudem,Yellandu,2023-06-07,0.0,27.0,41.1,32.4,80.7,0.0,9.0,June,2023
1208,Bhadradri Kothagudem,Yellandu,2023-06-08,0.0,29.6,42.1,28.2,61.9,0.0,7.0,June,2023
1209,Bhadradri Kothagudem,Yellandu,2023-06-09,0.0,28.8,41.1,29.3,62.9,0.0,9.6,June,2023
1210,Bhadradri Kothagudem,Yellandu,2023-06-10,0.0,30.5,42.4,28.9,59.3,0.0,10.6,June,2023
1211,Bhadradri Kothagudem,Yellandu,2023-06-11,0.5,27.9,40.4,36.8,75.1,0.0,11.1,June,2023
1212,Bhadradri Kothagudem,Yellandu,2023-06-12,0.0,29.8,39.6,41.5,66.9,0.0,9.1,June,2023
1213,Bhadradri Kothagudem,Yellandu,2023-06-13,0.0,31.1,40.7,36.5,57.7,0.0,9.0,June,2023
1214,Bhadradri Kothagudem,Yellandu,2023-06-14,0.0,30.9,42.3,31.7,55.7,0.0,10.1,June,2023
1215,Bhadradri Kothagudem,Yellandu,2023-06-15,0.0,29.7,40.6,34.2,57.7,0.0,10.4,June,2023
1216,Bhadradri Kothagudem,Yellandu,2023-06-16,0.0,29.2,40.6,34.5,58.3,0.0,9.9,June,2023
1217,Bhadradri Kothagudem,Yellandu,2023-06-17,0.0,30.2,42.0,31.7,54.1,0.0,9.7,June,2023
1218,Bhadradri Kothagudem,Yellandu,2023-06-18,0.0,30.0,42.1,34.5,63.4,0.0,10.8,June,2023
1219,Bhadradri Kothagudem,Yellandu,2023-06-19,0.0,30.7,40.8,36.5,63.9,0.0,9.7,June,2023
1220,Bhadradri Kothagudem,Yellandu,2023-06-20,0.3,27.7,40.9,35.2,88.2,0.0,8.0,June,2023
1221,Bhadradri Kothagudem,Yellandu,2023-06-21,4.4,24.3,38.4,45.1,100.0,0.0,5.7,June,2023
1222,Bhadradri Kothagudem,Yellandu,2023-06-22,0.0,26.3,37.4,53.4,88.5,0.0,11.6,June,2023
1223,Bhadradri Kothagudem,Yellandu,2023-06-23,2.7,24.7,34.1,59.2,99.1,0.0,11.6,June,2023
1224,Bhadradri Kothagudem,Yellandu,2023-06-24,34.0,23.1,30.9,76.7,100.0,0.0,5.4,June,2023
1225,Bhadradri Kothagudem,Yellandu,2023-06-25,8.6,23.3,30.4,80.1,100.0,0.0,9.1,June,2023
1226,Bhadradri Kothagudem,Yellandu,2023-06-26,1.2,25.3,32.5,69.4,100.0,0.0,12.7,June,2023
1227,Bhadradri Kothagudem,Yellandu,2023-06-27,0.0,24.7,31.5,72.3,95.9,0.0,11.8,June,2023
1228,Bhadradri Kothagudem,Yellandu,2023-06-28,15.9,24.0,32.7,59.2,100.0,0.0,9.1,June,2023
1229,Bhadradri Kothagudem,Yellandu,2023-06-29,0.0,25.2,32.9,67.0,96.8,0.0,7.8,June,2023
1230,Bhadradri Kothagudem,Yellandu,2023-06-30,1.0,25.8,33.6,63.4,83.8,0.0,9.3,June,2023
1231,Hanumakonda,Atmakur,2023-06-01,0.0,25.4,38.2,40.0,100.0,0.0,6.2,June,2023
1232,Hanumakonda,Atmakur,2023-06-02,0.0,24.7,40.1,26.3,85.9,0.0,6.3,June,2023
1233,Hanumakonda,Atmakur,2023-06-03,0.0,24.2,41.1,17.2,79.2,0.0,10.3,June,2023
1234,Hanumakonda,Atmakur,2023-06-04,0.0,26.4,41.4,21.2,80.3,0.0,9.8,June,2023
1235,Hanumakonda,Atmakur,2023-06-05,0.0,25.4,41.5,28.5,83.5,0.0,11.9,June,2023
1236,Hanumakonda,Atmakur,2023-06-06,0.0,25.1,40.0,32.2,81.7,0.0,12.2,June,2023
1237,Hanumakonda,Atmakur,2023-06-07,2.1,25.6,40.9,25.9,76.0,0.0,16.8,June,2023
1238,Hanumakonda,Atmakur,2023-06-08,0.0,26.7,41.6,30.1,72.0,0.0,10.0,June,2023
1239,Hanumakonda,Atmakur,2023-06-09,0.0,27.5,41.1,20.5,70.1,0.0,14.8,June,2023
1240,Hanumakonda,Atmakur,2023-06-10,8.6,25.0,41.3,22.5,86.7,0.0,14.5,June,2023
1241,Hanumakonda,Atmakur,2023-06-11,0.0,27.8,39.9,36.0,75.6,0.0,14.1,June,2023
1242,Hanumakonda,Atmakur,2023-06-12,0.0,29.8,39.7,39.4,67.5,0.0,11.5,June,2023
1243,Hanumakonda,Atmakur,2023-06-13,0.0,31.4,40.5,35.2,56.4,0.0,8.8,June,2023
1244,Hanumakonda,Atmakur,2023-06-14,0.0,29.5,40.6,27.6,56.9,0.0,12.4,June,2023
1245,Hanumakonda,Atmakur,2023-06-15,0.0,30.6,40.1,28.5,55.5,0.0,17.0,June,2023
1246,Hanumakonda,Atmakur,2023-06-16,0.0,27.7,40.0,28.2,67.4,0.0,13.3,June,2023
1247,Hanumakonda,Atmakur,2023-06-17,0.0,28.2,40.7,25.2,59.3,0.0,11.4,June,2023
1248,Hanumakonda,Atmakur,2023-06-18,0.0,29.3,41.0,29.9,62.7,0.0,15.2,June,2023
1249,Hanumakonda,Atmakur,2023-06-19,0.0,31.9,38.5,34.2,56.4,0.0,12.7,June,2023
1250,Hanumakonda,Atmakur,2023-06-20,0.0,27.1,39.9,29.6,77.2,0.0,17.4,June,2023
1251,Hanumakonda,Atmakur,2023-06-21,0.0,25.4,40.9,33.2,90.9,0.0,17.7,June,2023
1252,Hanumakonda,Atmakur,2023-06-22,19.2,24.8,37.8,47.2,100.0,0.0,11.7,June,2023
1253,Hanumakonda,Atmakur,2023-06-23,0.0,25.2,34.7,59.8,100.0,0.0,11.6,June,2023
1254,Hanumakonda,Atmakur,2023-06-24,13.7,23.4,31.3,77.1,100.0,0.0,8.5,June,2023
1255,Hanumakonda,Atmakur,2023-06-25,0.0,24.7,30.0,95.9,100.0,0.0,8.3,June,2023
1256,Hanumakonda,Atmakur,2023-06-26,8.2,25.0,32.9,76.4,100.0,0.0,12.3,June,2023
1257,Hanumakonda,Atmakur,2023-06-27,0.0,25.0,30.3,76.8,100.0,0.0,11.5,June,2023
1258,Hanumakonda,Atmakur,2023-06-28,1.4,24.7,32.5,73.0,100.0,0.0,13.1,June,2023
1259,Hanumakonda,Atmakur,2023-06-29,1.9,24.2,32.8,70.9,100.0,0.0,10.3,June,2023
1260,Hanumakonda,Atmakur,2023-06-30,0.0,26.6,34.9,62.3,95.4,0.0,8.8,June,2023
1261,Hanumakonda,Bheemadevarapalle,2023-06-01,0.0,26.1,38.6,23.2,76.8,0.0,0.2,June,2023
1262,Hanumakonda,Bheemadevarapalle,2023-06-02,0.0,28.5,40.2,17.9,51.4,0.0,6.1,June,2023
1263,Hanumakonda,Bheemadevarapalle,2023-06-03,0.0,28.0,41.5,13.4,42.8,0.0,4.6,June,2023
1264,Hanumakonda,Bheemadevarapalle,2023-06-04,0.0,28.4,41.1,18.1,49.4,0.0,2.6,June,2023
1265,Hanumakonda,Bheemadevarapalle,2023-06-05,0.0,24.2,41.4,19.4,77.2,0.0,6.5,June,2023
1266,Hanumakonda,Bheemadevarapalle,2023-06-06,0.0,28.7,38.4,22.5,48.2,0.0,6.1,June,2023
1267,Hanumakonda,Bheemadevarapalle,2023-06-07,0.0,29.6,40.1,21.4,45.3,0.0,8.1,June,2023
1268,Hanumakonda,Bheemadevarapalle,2023-06-08,0.0,30.2,40.5,20.7,49.8,0.0,10.8,June,2023
1269,Hanumakonda,Bheemadevarapalle,2023-06-09,0.0,30.5,40.3,17.4,45.3,0.0,16.3,June,2023
1270,Hanumakonda,Bheemadevarapalle,2023-06-10,0.0,30.0,41.0,16.7,50.9,0.0,8.4,June,2023
1271,Hanumakonda,Bheemadevarapalle,2023-06-11,0.0,28.8,39.8,27.4,59.2,0.0,7.6,June,2023
1272,Hanumakonda,Bheemadevarapalle,2023-06-12,0.0,30.1,39.6,27.4,50.9,0.0,2.6,June,2023
1273,Hanumakonda,Bheemadevarapalle,2023-06-13,0.0,30.1,40.3,24.1,44.8,0.0,8.7,June,2023
1274,Hanumakonda,Bheemadevarapalle,2023-06-14,0.0,30.4,40.7,20.7,48.1,0.0,2.5,June,2023
1275,Hanumakonda,Bheemadevarapalle,2023-06-15,0.0,30.2,39.8,22.8,46.4,0.0,5.2,June,2023
1276,Hanumakonda,Bheemadevarapalle,2023-06-16,0.0,30.0,39.4,21.2,44.2,0.0,6.8,June,2023
1277,Hanumakonda,Bheemadevarapalle,2023-06-17,0.0,30.8,40.2,18.1,45.3,0.0,2.7,June,2023
1278,Hanumakonda,Bheemadevarapalle,2023-06-18,0.0,31.6,40.3,24.8,43.1,0.0,7.2,June,2023
1279,Hanumakonda,Bheemadevarapalle,2023-06-19,0.0,31.4,39.4,26.1,43.1,0.0,8.2,June,2023
1280,Hanumakonda,Bheemadevarapalle,2023-06-20,0.0,28.8,38.8,25.2,56.8,0.0,4.6,June,2023
1281,Hanumakonda,Bheemadevarapalle,2023-06-21,3.6,26.5,39.3,26.8,80.1,0.0,0.2,June,2023
1282,Hanumakonda,Bheemadevarapalle,2023-06-22,17.4,24.2,37.2,35.5,100.0,0.0,3.9,June,2023
1283,Hanumakonda,Bheemadevarapalle,2023-06-23,10.6,24.7,34.2,44.4,100.0,0.0,0.4,June,2023
1284,Hanumakonda,Bheemadevarapalle,2023-06-24,10.1,23.9,31.8,62.6,100.0,0.0,0.0,June,2023
1285,Hanumakonda,Bheemadevarapalle,2023-06-25,0.0,25.3,30.3,83.6,97.6,0.0,0.8,June,2023
1286,Hanumakonda,Bheemadevarapalle,2023-06-26,6.9,24.4,31.8,78.9,100.0,0.0,10.7,June,2023
1287,Hanumakonda,Bheemadevarapalle,2023-06-27,0.7,24.6,29.1,80.3,100.0,0.0,5.3,June,2023
1288,Hanumakonda,Bheemadevarapalle,2023-06-28,1.8,24.8,31.0,77.6,100.0,0.0,8.2,June,2023
1289,Hanumakonda,Bheemadevarapalle,2023-06-29,0.9,25.2,32.9,60.7,99.8,0.0,3.2,June,2023
1290,Hanumakonda,Bheemadevarapalle,2023-06-30,0.0,26.5,33.0,49.0,74.2,0.0,5.3,June,2023
1291,Hanumakonda,Damera,2023-06-01,0.0,26.3,38.8,37.1,86.6,0.0,5.1,June,2023
1292,Hanumakonda,Damera,2023-06-02,0.0,25.4,40.0,26.7,80.8,0.0,4.9,June,2023
1293,Hanumakonda,Damera,2023-06-03,0.0,26.8,41.2,22.6,67.7,0.0,8.7,June,2023
1294,Hanumakonda,Damera,2023-06-04,0.0,28.7,41.7,15.0,63.2,0.0,9.3,June,2023
1295,Hanumakonda,Damera,2023-06-05,0.0,24.4,41.8,20.0,81.4,0.0,7.6,June,2023
1296,Hanumakonda,Damera,2023-06-06,0.0,27.5,39.0,23.5,64.8,0.0,9.6,June,2023
1297,Hanumakonda,Damera,2023-06-07,0.0,26.7,40.8,20.6,66.9,0.0,5.4,June,2023
1298,Hanumakonda,Damera,2023-06-08,0.0,27.3,41.4,20.0,53.5,0.0,7.7,June,2023
1299,Hanumakonda,Damera,2023-06-09,0.0,30.4,43.6,12.5,47.5,0.0,9.7,June,2023
1300,Hanumakonda,Damera,2023-06-10,0.3,28.4,43.7,38.9,60.6,0.0,9.1,June,2023
1301,Hanumakonda,Damera,2023-06-11,0.0,28.8,42.7,25.7,60.6,0.1,10.4,June,2023
1302,Hanumakonda,Damera,2023-06-12,0.0,30.3,42.2,28.2,54.5,0.0,6.1,June,2023
1303,Hanumakonda,Damera,2023-06-13,0.0,30.7,43.1,22.5,49.1,0.5,5.9,June,2023
1304,Hanumakonda,Damera,2023-06-14,0.0,30.8,43.8,19.4,49.3,0.6,7.6,June,2023
1305,Hanumakonda,Damera,2023-06-15,0.0,30.4,42.7,21.3,49.8,0.0,8.0,June,2023
1306,Hanumakonda,Damera,2023-06-16,0.0,29.9,43.1,20.6,47.9,0.0,8.2,June,2023
1307,Hanumakonda,Damera,2023-06-17,0.0,29.1,43.6,16.2,48.5,0.0,6.7,June,2023
1308,Hanumakonda,Damera,2023-06-18,0.0,29.6,42.6,22.5,49.7,0.5,6.7,June,2023
1309,Hanumakonda,Damera,2023-06-19,0.0,30.7,41.4,26.6,50.2,0.0,5.6,June,2023
1310,Hanumakonda,Damera,2023-06-20,0.0,28.5,42.1,23.5,66.5,0.0,11.3,June,2023
1311,Hanumakonda,Damera,2023-06-21,0.0,25.6,43.4,23.1,81.0,0.5,23.5,June,2023
1312,Hanumakonda,Damera,2023-06-22,4.4,24.3,38.0,35.9,100.0,0.0,9.0,June,2023
1313,Hanumakonda,Damera,2023-06-23,0.0,25.2,35.8,44.0,98.9,0.0,9.3,June,2023
1314,Hanumakonda,Damera,2023-06-24,7.5,23.3,32.8,63.1,100.0,0.0,8.7,June,2023
1315,Hanumakonda,Damera,2023-06-25,0.0,24.9,31.0,70.3,100.0,0.0,6.6,June,2023
1316,Hanumakonda,Damera,2023-06-26,6.2,24.7,34.4,65.3,100.0,0.4,7.1,June,2023
1317,Hanumakonda,Damera,2023-06-27,0.2,24.5,31.5,69.9,100.0,0.0,5.1,June,2023
1318,Hanumakonda,Damera,2023-06-28,2.3,24.8,33.1,59.8,100.0,0.0,8.6,June,2023
1319,Hanumakonda,Damera,2023-06-29,2.7,24.4,36.7,55.6,100.0,0.0,5.1,June,2023
1320,Hanumakonda,Damera,2023-06-30,0.0,26.0,36.7,47.7,94.5,0.0,6.0,June,2023
1321,Hanumakonda,Dharmasagar,2023-06-01,0.0,25.4,40.5,22.4,78.1,0.0,3.3,June,2023
1322,Hanumakonda,Dharmasagar,2023-06-02,0.0,26.8,42.7,16.1,66.2,0.0,3.7,June,2023
1323,Hanumakonda,Dharmasagar,2023-06-03,0.0,27.1,43.8,10.0,57.7,0.0,4.5,June,2023
1324,Hanumakonda,Dharmasagar,2023-06-04,0.0,27.6,43.7,14.9,57.0,0.0,6.5,June,2023
1325,Hanumakonda,Dharmasagar,2023-06-05,0.0,24.5,43.9,15.6,79.8,0.0,11.0,June,2023
1326,Hanumakonda,Dharmasagar,2023-06-06,0.0,27.1,41.1,19.6,59.1,0.0,3.6,June,2023
1327,Hanumakonda,Dharmasagar,2023-06-07,0.0,28.5,43.0,16.3,56.0,0.0,3.7,June,2023
1328,Hanumakonda,Dharmasagar,2023-06-08,0.0,29.2,44.3,15.6,56.5,0.0,10.2,June,2023
1329,Hanumakonda,Dharmasagar,2023-06-09,0.0,28.7,44.2,13.5,56.0,0.0,8.4,June,2023
1330,Hanumakonda,Dharmasagar,2023-06-10,3.7,28.0,44.3,12.1,60.1,0.0,11.0,June,2023
1331,Hanumakonda,Dharmasagar,2023-06-11,0.0,26.5,41.7,23.8,74.7,0.0,11.5,June,2023
1332,Hanumakonda,Dharmasagar,2023-06-12,0.0,29.7,40.2,26.6,58.5,0.0,6.0,June,2023
1333,Hanumakonda,Dharmasagar,2023-06-13,0.0,29.4,43.0,19.8,55.0,0.0,6.5,June,2023
1334,Hanumakonda,Dharmasagar,2023-06-14,0.0,29.7,43.9,16.3,57.5,0.0,10.0,June,2023
1335,Hanumakonda,Dharmasagar,2023-06-15,0.0,29.8,41.8,19.6,53.4,0.0,6.0,June,2023
1336,Hanumakonda,Dharmasagar,2023-06-16,0.0,29.5,41.9,17.5,50.8,0.0,2.1,June,2023
1337,Hanumakonda,Dharmasagar,2023-06-17,0.0,29.9,43.9,14.2,53.9,0.0,6.9,June,2023
1338,Hanumakonda,Dharmasagar,2023-06-18,0.0,31.4,42.8,19.1,50.8,0.0,4.8,June,2023
1339,Hanumakonda,Dharmasagar,2023-06-19,0.0,30.7,42.6,20.5,51.9,0.0,5.2,June,2023
1340,Hanumakonda,Dharmasagar,2023-06-20,0.0,27.3,42.4,19.1,69.0,0.0,3.9,June,2023
1341,Hanumakonda,Dharmasagar,2023-06-21,4.6,25.8,42.7,21.0,83.4,0.0,8.1,June,2023
1342,Hanumakonda,Dharmasagar,2023-06-22,7.7,23.4,40.5,31.5,100.0,0.0,6.0,June,2023
1343,Hanumakonda,Dharmasagar,2023-06-23,5.5,23.7,36.7,38.9,99.1,0.0,14.2,June,2023
1344,Hanumakonda,Dharmasagar,2023-06-24,26.1,22.6,31.6,65.4,100.0,0.0,4.7,June,2023
1345,Hanumakonda,Dharmasagar,2023-06-25,0.0,24.2,30.1,78.1,100.0,0.0,7.7,June,2023
1346,Hanumakonda,Dharmasagar,2023-06-26,3.1,24.7,32.2,60.1,97.7,0.0,6.5,June,2023
1347,Hanumakonda,Dharmasagar,2023-06-27,0.3,24.4,30.4,71.3,100.0,0.0,5.3,June,2023
1348,Hanumakonda,Dharmasagar,2023-06-28,0.3,25.0,32.3,63.1,95.2,0.0,6.3,June,2023
1349,Hanumakonda,Dharmasagar,2023-06-29,7.7,24.1,33.0,58.5,100.0,0.0,9.2,June,2023
1350,Hanumakonda,Dharmasagar,2023-06-30,0.9,25.5,34.1,53.7,100.0,0.0,12.0,June,2023
1351,Hanumakonda,Elkathurthi,2023-06-01,0.0,24.8,39.7,26.0,81.0,0.0,0.1,June,2023
1352,Hanumakonda,Elkathurthi,2023-06-02,0.0,25.7,41.0,17.6,62.7,0.0,0.1,June,2023
1353,Hanumakonda,Elkathurthi,2023-06-03,0.0,26.4,42.5,13.4,54.0,0.0,1.3,June,2023
1354,Hanumakonda,Elkathurthi,2023-06-04,3.2,26.0,41.8,17.8,56.4,0.0,0.0,June,2023
1355,Hanumakonda,Elkathurthi,2023-06-05,0.0,23.8,42.6,20.4,93.3,0.0,0.3,June,2023
1356,Hanumakonda,Elkathurthi,2023-06-06,0.0,26.2,39.3,25.1,70.4,0.0,0.1,June,2023
1357,Hanumakonda,Elkathurthi,2023-06-07,0.0,27.5,42.1,20.9,59.1,0.0,0.9,June,2023
1358,Hanumakonda,Elkathurthi,2023-06-08,0.0,30.0,42.0,22.1,41.0,0.0,0.6,June,2023
1359,Hanumakonda,Elkathurthi,2023-06-09,0.0,31.0,41.8,20.8,48.1,0.0,8.7,June,2023
1360,Hanumakonda,Elkathurthi,2023-06-10,1.8,27.3,41.7,18.9,77.7,0.0,0.4,June,2023
1361,Hanumakonda,Elkathurthi,2023-06-11,0.0,29.2,40.3,27.9,63.8,0.0,0.3,June,2023
1362,Hanumakonda,Elkathurthi,2023-06-12,0.0,30.7,39.4,29.1,54.9,0.0,0.3,June,2023
1363,Hanumakonda,Elkathurthi,2023-06-13,0.0,30.9,40.9,24.7,45.4,0.0,0.5,June,2023
1364,Hanumakonda,Elkathurthi,2023-06-14,0.0,30.9,42.2,19.8,49.6,0.0,1.2,June,2023
1365,Hanumakonda,Elkathurthi,2023-06-15,0.0,30.8,40.2,23.4,48.0,0.0,0.1,June,2023
1366,Hanumakonda,Elkathurthi,2023-06-16,0.0,28.4,40.1,22.1,49.7,0.0,0.1,June,2023
1367,Hanumakonda,Elkathurthi,2023-06-17,0.0,30.1,41.8,19.2,45.8,0.0,0.3,June,2023
1368,Hanumakonda,Elkathurthi,2023-06-18,0.0,31.4,40.5,24.7,45.2,0.0,0.2,June,2023
1369,Hanumakonda,Elkathurthi,2023-06-19,0.0,32.1,40.2,26.6,46.8,0.0,0.5,June,2023
1370,Hanumakonda,Elkathurthi,2023-06-20,0.0,28.7,40.0,25.3,64.6,0.0,1.5,June,2023
1371,Hanumakonda,Elkathurthi,2023-06-21,0.0,26.9,40.4,27.2,83.9,0.0,0.1,June,2023
1372,Hanumakonda,Elkathurthi,2023-06-22,10.2,25.4,39.0,37.9,94.2,0.0,0.4,June,2023
1373,Hanumakonda,Elkathurthi,2023-06-23,0.0,25.9,35.5,47.2,89.2,0.0,0.2,June,2023
1374,Hanumakonda,Elkathurthi,2023-06-24,5.9,24.2,32.9,63.8,100.0,0.0,0.0,June,2023
1375,Hanumakonda,Elkathurthi,2023-06-25,0.0,25.3,30.7,89.1,100.0,0.0,0.1,June,2023
1376,Hanumakonda,Elkathurthi,2023-06-26,5.3,25.0,32.6,66.2,100.0,0.0,1.7,June,2023
1377,Hanumakonda,Elkathurthi,2023-06-27,0.5,24.9,30.8,70.1,100.0,0.0,0.3,June,2023
1378,Hanumakonda,Elkathurthi,2023-06-28,0.7,25.1,31.9,63.3,100.0,0.0,1.7,June,2023
1379,Hanumakonda,Elkathurthi,2023-06-29,0.0,25.3,33.9,54.4,100.0,0.0,0.1,June,2023
1380,Hanumakonda,Elkathurthi,2023-06-30,0.0,26.9,34.9,50.4,74.3,0.0,0.8,June,2023
1381,Hanumakonda,Hanumakonda,2023-06-01,0.0,26.3,38.8,45.0,87.7,0.0,4.6,June,2023
1382,Hanumakonda,Hanumakonda,2023-06-02,0.0,27.3,39.9,26.2,81.6,0.0,6.4,June,2023
1383,Hanumakonda,Hanumakonda,2023-06-03,0.0,28.5,41.2,27.1,61.1,0.0,5.4,June,2023
1384,Hanumakonda,Hanumakonda,2023-06-04,1.2,28.7,40.7,27.4,75.2,0.0,6.2,June,2023
1385,Hanumakonda,Hanumakonda,2023-06-05,0.0,24.4,37.9,32.8,81.5,0.0,7.5,June,2023
1386,Hanumakonda,Hanumakonda,2023-06-06,0.0,27.8,38.6,26.6,69.0,0.0,5.0,June,2023
1387,Hanumakonda,Hanumakonda,2023-06-07,0.0,28.2,40.9,26.2,62.1,0.0,8.3,June,2023
1388,Hanumakonda,Hanumakonda,2023-06-08,0.0,28.0,39.7,31.4,61.6,0.0,8.4,June,2023
1389,Hanumakonda,Hanumakonda,2023-06-09,0.0,28.2,41.0,22.2,59.2,0.0,9.6,June,2023
1390,Hanumakonda,Hanumakonda,2023-06-10,1.6,28.3,40.9,24.1,74.8,0.0,10.4,June,2023
1391,Hanumakonda,Hanumakonda,2023-06-11,0.0,27.0,40.2,31.7,71.4,0.0,15.2,June,2023
1392,Hanumakonda,Hanumakonda,2023-06-12,0.0,27.8,39.0,32.8,62.1,0.0,6.9,June,2023
1393,Hanumakonda,Hanumakonda,2023-06-13,0.0,28.3,40.8,28.6,55.4,0.0,6.0,June,2023
1394,Hanumakonda,Hanumakonda,2023-06-14,0.0,28.5,39.6,30.7,58.7,0.0,6.5,June,2023
1395,Hanumakonda,Hanumakonda,2023-06-15,0.0,28.4,39.0,32.1,57.3,0.0,9.6,June,2023
1396,Hanumakonda,Hanumakonda,2023-06-16,0.0,30.2,40.7,31.6,51.0,0.0,7.2,June,2023
1397,Hanumakonda,Hanumakonda,2023-06-17,0.0,31.2,41.5,28.9,45.1,0.0,6.8,June,2023
1398,Hanumakonda,Hanumakonda,2023-06-18,0.0,31.9,41.1,33.4,44.3,0.0,12.4,June,2023
1399,Hanumakonda,Hanumakonda,2023-06-19,0.0,31.7,37.4,34.5,46.6,0.0,8.5,June,2023
1400,Hanumakonda,Hanumakonda,2023-06-20,0.0,28.3,38.8,32.6,60.1,0.0,7.0,June,2023
1401,Hanumakonda,Hanumakonda,2023-06-21,0.0,26.1,40.2,35.7,67.9,0.0,13.7,June,2023
1402,Hanumakonda,Hanumakonda,2023-06-22,2.8,24.3,37.0,43.3,78.2,0.0,7.7,June,2023
1403,Hanumakonda,Hanumakonda,2023-06-23,0.0,25.1,34.0,52.1,76.4,0.0,8.3,June,2023
1404,Hanumakonda,Hanumakonda,2023-06-24,16.0,22.8,31.6,60.6,86.1,0.0,5.9,June,2023
1405,Hanumakonda,Hanumakonda,2023-06-25,0.0,24.4,30.8,66.5,79.8,0.0,5.4,June,2023
1406,Hanumakonda,Hanumakonda,2023-06-26,0.0,25.1,32.1,59.1,79.2,0.0,4.4,June,2023
1407,Hanumakonda,Hanumakonda,2023-06-27,0.0,24.8,30.6,62.1,80.5,0.0,6.3,June,2023
1408,Hanumakonda,Hanumakonda,2023-06-28,0.0,25.4,32.5,57.6,80.1,0.0,7.7,June,2023
1409,Hanumakonda,Hanumakonda,2023-06-29,2.6,24.2,33.7,55.6,86.1,0.0,6.6,June,2023
1410,Hanumakonda,Hanumakonda,2023-06-30,0.0,26.2,35.5,52.6,78.9,0.0,5.3,June,2023
1411,Hanumakonda,Hasanparthy,2023-06-01,0.0,26.1,38.5,41.1,82.3,0.0,2.9,June,2023
1412,Hanumakonda,Hasanparthy,2023-06-02,0.0,27.1,40.1,26.3,73.7,0.0,2.6,June,2023
1413,Hanumakonda,Hasanparthy,2023-06-03,0.0,26.5,41.9,19.2,68.6,0.0,8.7,June,2023
1414,Hanumakonda,Hasanparthy,2023-06-04,0.0,27.7,41.8,23.4,69.5,0.0,9.3,June,2023
1415,Hanumakonda,Hasanparthy,2023-06-05,0.7,25.2,42.4,28.5,82.4,0.0,9.3,June,2023
1416,Hanumakonda,Hasanparthy,2023-06-06,0.0,27.7,39.7,32.2,70.4,0.0,5.7,June,2023
1417,Hanumakonda,Hasanparthy,2023-06-07,0.0,27.4,41.9,26.4,66.8,0.0,4.0,June,2023
1418,Hanumakonda,Hasanparthy,2023-06-08,0.0,30.1,42.4,27.0,61.9,0.0,7.5,June,2023
1419,Hanumakonda,Hasanparthy,2023-06-09,0.0,30.8,42.2,29.1,59.0,0.0,9.2,June,2023
1420,Hanumakonda,Hasanparthy,2023-06-10,3.2,27.8,42.7,29.6,73.7,0.0,10.9,June,2023
1421,Hanumakonda,Hasanparthy,2023-06-11,0.7,29.1,40.8,37.2,68.2,0.0,9.1,June,2023
1422,Hanumakonda,Hasanparthy,2023-06-12,0.0,30.6,40.4,38.7,61.4,0.0,3.4,June,2023
1423,Hanumakonda,Hasanparthy,2023-06-13,0.0,31.0,41.5,34.9,55.5,0.0,6.3,June,2023
1424,Hanumakonda,Hasanparthy,2023-06-14,0.0,30.9,41.6,31.0,59.4,0.0,8.3,June,2023
1425,Hanumakonda,Hasanparthy,2023-06-15,0.0,30.9,41.1,33.2,57.9,0.0,7.8,June,2023
1426,Hanumakonda,Hasanparthy,2023-06-16,0.0,31.2,40.7,32.6,58.0,0.0,4.7,June,2023
1427,Hanumakonda,Hasanparthy,2023-06-17,0.0,28.8,41.6,30.0,56.0,0.0,6.9,June,2023
1428,Hanumakonda,Hasanparthy,2023-06-18,0.0,31.9,41.1,30.4,57.5,0.0,8.6,June,2023
1429,Hanumakonda,Hasanparthy,2023-06-19,0.0,31.9,40.1,33.9,57.5,0.0,6.9,June,2023
1430,Hanumakonda,Hasanparthy,2023-06-20,0.0,28.9,40.4,35.6,69.6,0.0,11.3,June,2023
1431,Hanumakonda,Hasanparthy,2023-06-21,1.9,26.8,41.4,36.4,76.9,0.0,11.8,June,2023
1432,Hanumakonda,Hasanparthy,2023-06-22,8.7,25.0,38.6,46.8,85.0,0.0,2.8,June,2023
1433,Hanumakonda,Hasanparthy,2023-06-23,0.3,26.2,35.1,46.6,100.0,0.0,14.2,June,2023
1434,Hanumakonda,Hasanparthy,2023-06-24,7.0,23.8,32.2,66.6,89.7,0.0,5.3,June,2023
1435,Hanumakonda,Hasanparthy,2023-06-25,0.0,25.1,30.9,70.1,85.1,0.0,8.5,June,2023
1436,Hanumakonda,Hasanparthy,2023-06-26,4.0,25.0,32.9,66.4,88.1,0.0,6.0,June,2023
1437,Hanumakonda,Hasanparthy,2023-06-27,1.1,24.8,31.8,65.9,88.7,0.0,7.7,June,2023
1438,Hanumakonda,Hasanparthy,2023-06-28,2.4,25.0,32.7,63.9,89.3,0.0,9.0,June,2023
1439,Hanumakonda,Hasanparthy,2023-06-29,0.0,25.0,33.9,59.9,89.0,0.0,9.2,June,2023
1440,Hanumakonda,Hasanparthy,2023-06-30,0.0,26.5,34.7,56.9,81.4,0.0,12.0,June,2023
1441,Hanumakonda,Inole,2023-06-01,0.0,24.5,39.8,25.7,90.4,0.0,9.0,June,2023
1442,Hanumakonda,Inole,2023-06-02,0.0,26.1,41.7,18.8,63.8,0.0,13.2,June,2023
1443,Hanumakonda,Inole,2023-06-03,0.0,28.4,42.8,12.1,66.4,0.0,15.9,June,2023
1444,Hanumakonda,Inole,2023-06-04,0.0,27.5,42.8,12.8,58.5,0.0,15.1,June,2023
1445,Hanumakonda,Inole,2023-06-05,0.0,24.2,41.2,19.0,79.9,0.0,33.4,June,2023
1446,Hanumakonda,Inole,2023-06-06,0.0,27.8,40.0,18.2,68.3,0.0,12.0,June,2023
1447,Hanumakonda,Inole,2023-06-07,0.0,28.2,42.2,15.3,63.0,0.0,15.7,June,2023
1448,Hanumakonda,Inole,2023-06-08,0.0,29.1,42.4,14.6,53.2,0.0,16.5,June,2023
1449,Hanumakonda,Inole,2023-06-09,0.0,29.4,43.5,12.1,52.3,0.0,19.2,June,2023
1450,Hanumakonda,Inole,2023-06-10,9.0,26.3,43.9,12.1,74.0,1.2,18.1,June,2023
1451,Hanumakonda,Inole,2023-06-11,0.6,26.4,41.2,21.5,71.1,0.0,18.4,June,2023
1452,Hanumakonda,Inole,2023-06-12,0.0,29.5,40.8,21.5,56.2,3.0,19.9,June,2023
1453,Hanumakonda,Inole,2023-06-13,0.0,29.7,42.1,18.4,49.7,1.3,16.0,June,2023
1454,Hanumakonda,Inole,2023-06-14,0.0,29.9,42.0,14.0,50.9,2.6,21.6,June,2023
1455,Hanumakonda,Inole,2023-06-15,0.0,30.0,40.8,16.5,48.2,0.1,21.0,June,2023
1456,Hanumakonda,Inole,2023-06-16,0.0,29.9,40.9,14.6,55.6,0.0,18.9,June,2023
1457,Hanumakonda,Inole,2023-06-17,0.0,30.2,42.0,12.1,50.1,2.7,18.5,June,2023
1458,Hanumakonda,Inole,2023-06-18,0.0,31.1,41.5,16.3,49.1,2.0,18.7,June,2023
1459,Hanumakonda,Inole,2023-06-19,0.0,30.5,39.6,20.1,50.1,0.0,16.7,June,2023
1460,Hanumakonda,Inole,2023-06-20,0.0,27.0,40.8,17.8,71.1,0.0,18.5,June,2023
1461,Hanumakonda,Inole,2023-06-21,2.3,25.2,41.3,19.0,96.1,0.0,14.4,June,2023
1462,Hanumakonda,Inole,2023-06-22,30.3,23.5,39.2,29.4,100.0,0.0,18.1,June,2023
1463,Hanumakonda,Inole,2023-06-23,2.3,23.9,36.0,42.2,100.0,0.0,16.1,June,2023
1464,Hanumakonda,Inole,2023-06-24,12.3,22.5,31.6,76.0,100.0,0.0,7.7,June,2023
1465,Hanumakonda,Inole,2023-06-25,0.2,23.8,31.1,77.4,100.0,0.0,13.5,June,2023
1466,Hanumakonda,Inole,2023-06-26,0.0,25.5,32.1,59.2,100.0,0.0,14.9,June,2023
1467,Hanumakonda,Inole,2023-06-27,0.0,24.5,30.7,63.7,100.0,0.0,18.1,June,2023
1468,Hanumakonda,Inole,2023-06-28,0.0,25.0,32.4,51.3,94.2,0.0,22.0,June,2023
1469,Hanumakonda,Inole,2023-06-29,12.2,23.2,34.4,42.3,100.0,0.0,19.7,June,2023
1470,Hanumakonda,Inole,2023-06-30,0.3,25.5,34.2,45.0,100.0,0.0,14.1,June,2023
1471,Hanumakonda,Kamalapur,2023-06-01,0.0,25.4,38.5,35.5,91.5,0.0,8.4,June,2023
1472,Hanumakonda,Kamalapur,2023-06-02,0.0,27.4,40.8,18.6,65.6,0.0,10.5,June,2023
1473,Hanumakonda,Kamalapur,2023-06-03,0.0,27.9,41.8,11.8,51.0,0.0,16.9,June,2023
1474,Hanumakonda,Kamalapur,2023-06-04,0.0,27.6,42.2,17.4,66.2,0.0,20.2,June,2023
1475,Hanumakonda,Kamalapur,2023-06-05,0.0,25.1,41.6,22.0,85.3,0.0,27.0,June,2023
1476,Hanumakonda,Kamalapur,2023-06-06,0.0,28.1,37.9,27.9,59.8,0.0,15.2,June,2023
1477,Hanumakonda,Kamalapur,2023-06-07,0.0,26.5,41.2,21.1,66.1,0.0,20.6,June,2023
1478,Hanumakonda,Kamalapur,2023-06-08,0.0,30.0,41.5,21.1,53.4,0.0,30.7,June,2023
1479,Hanumakonda,Kamalapur,2023-06-09,0.0,30.2,41.8,16.5,48.7,0.0,28.9,June,2023
1480,Hanumakonda,Kamalapur,2023-06-10,0.4,28.4,42.7,17.3,72.5,0.0,28.6,June,2023
1481,Hanumakonda,Kamalapur,2023-06-11,0.0,28.5,40.6,28.3,68.5,0.0,23.2,June,2023
1482,Hanumakonda,Kamalapur,2023-06-12,0.0,30.4,40.1,29.5,56.1,0.0,18.4,June,2023
1483,Hanumakonda,Kamalapur,2023-06-13,0.0,30.9,40.6,25.0,48.0,0.0,27.5,June,2023
1484,Hanumakonda,Kamalapur,2023-06-14,0.0,30.9,42.1,18.9,51.8,0.0,31.0,June,2023
1485,Hanumakonda,Kamalapur,2023-06-15,0.0,30.7,40.8,23.3,52.3,0.0,30.7,June,2023
1486,Hanumakonda,Kamalapur,2023-06-16,0.0,31.2,39.5,22.6,43.8,0.0,29.1,June,2023
1487,Hanumakonda,Kamalapur,2023-06-17,0.0,31.2,41.1,19.4,48.9,0.0,33.2,June,2023
1488,Hanumakonda,Kamalapur,2023-06-18,0.0,31.8,40.3,25.4,47.6,0.0,30.7,June,2023
1489,Hanumakonda,Kamalapur,2023-06-19,0.0,31.4,39.8,26.2,48.4,0.0,27.3,June,2023
1490,Hanumakonda,Kamalapur,2023-06-20,0.0,28.6,39.6,25.5,67.3,0.0,22.7,June,2023
1491,Hanumakonda,Kamalapur,2023-06-21,0.0,26.6,40.6,25.4,81.2,0.0,24.6,June,2023
1492,Hanumakonda,Kamalapur,2023-06-22,5.1,24.5,38.6,38.2,100.0,0.0,14.7,June,2023
1493,Hanumakonda,Kamalapur,2023-06-23,0.0,26.0,34.8,47.9,100.0,0.0,18.2,June,2023
1494,Hanumakonda,Kamalapur,2023-06-24,7.7,24.3,32.5,66.6,100.0,0.0,9.1,June,2023
1495,Hanumakonda,Kamalapur,2023-06-25,0.3,24.6,30.1,66.5,85.5,0.0,14.5,June,2023
1496,Hanumakonda,Kamalapur,2023-06-26,0.6,25.1,32.8,70.8,100.0,0.0,17.7,June,2023
1497,Hanumakonda,Kamalapur,2023-06-27,0.2,24.7,30.2,75.3,100.0,0.0,23.4,June,2023
1498,Hanumakonda,Kamalapur,2023-06-28,10.8,24.5,31.5,68.8,100.0,0.0,24.9,June,2023
1499,Hanumakonda,Kamalapur,2023-06-29,0.9,24.8,32.7,63.8,100.0,0.0,17.1,June,2023
1500,Hanumakonda,Kamalapur,2023-06-30,0.0,26.5,34.4,53.5,89.9,0.0,15.7,June,2023
1501,Hanumakonda,Khazipet,2023-06-01,0.0,26.2,38.8,35.6,78.7,0.0,7.4,June,2023
1502,Hanumakonda,Khazipet,2023-06-02,0.0,26.8,40.0,28.8,73.7,0.0,6.8,June,2023
1503,Hanumakonda,Khazipet,2023-06-03,0.0,26.2,41.6,22.9,68.6,2.2,7.9,June,2023
1504,Hanumakonda,Khazipet,2023-06-04,1.4,27.9,41.5,28.0,69.5,0.0,6.6,June,2023
1505,Hanumakonda,Khazipet,2023-06-05,0.0,24.4,42.1,35.1,80.1,0.0,15.2,June,2023
1506,Hanumakonda,Khazipet,2023-06-06,0.0,27.7,39.4,33.5,70.4,0.0,7.1,June,2023
1507,Hanumakonda,Khazipet,2023-06-07,0.0,28.2,41.6,31.7,66.8,0.0,7.5,June,2023
1508,Hanumakonda,Khazipet,2023-06-08,0.0,28.0,42.1,33.0,65.8,0.0,12.9,June,2023
1509,Hanumakonda,Khazipet,2023-06-09,0.0,27.0,41.4,16.0,63.2,0.0,8.9,June,2023
1510,Hanumakonda,Khazipet,2023-06-10,7.6,25.9,41.5,17.0,82.4,0.0,11.4,June,2023
1511,Hanumakonda,Khazipet,2023-06-11,0.2,27.0,40.5,22.1,73.6,0.5,13.9,June,2023
1512,Hanumakonda,Khazipet,2023-06-12,0.0,27.8,39.9,24.9,69.6,0.0,11.0,June,2023
1513,Hanumakonda,Khazipet,2023-06-13,0.0,28.3,41.2,21.4,60.9,0.0,9.0,June,2023
1514,Hanumakonda,Khazipet,2023-06-14,0.0,28.5,40.5,18.3,61.4,0.0,10.8,June,2023
1515,Hanumakonda,Khazipet,2023-06-15,0.0,28.4,40.7,19.1,60.3,0.0,9.5,June,2023
1516,Hanumakonda,Khazipet,2023-06-16,0.0,28.6,40.4,17.5,56.5,0.0,10.7,June,2023
1517,Hanumakonda,Khazipet,2023-06-17,0.0,28.8,41.3,16.8,59.9,0.0,7.7,June,2023
1518,Hanumakonda,Khazipet,2023-06-18,0.0,29.4,40.8,19.1,58.6,0.0,11.8,June,2023
1519,Hanumakonda,Khazipet,2023-06-19,0.0,29.2,39.2,19.8,60.1,0.0,10.7,June,2023
1520,Hanumakonda,Khazipet,2023-06-20,0.0,28.6,40.0,18.5,74.8,0.0,9.0,June,2023
1521,Hanumakonda,Khazipet,2023-06-21,0.0,27.1,41.1,19.8,81.9,1.5,9.5,June,2023
1522,Hanumakonda,Khazipet,2023-06-22,1.6,25.6,38.3,25.9,94.0,0.0,10.2,June,2023
1523,Hanumakonda,Khazipet,2023-06-23,4.8,24.2,35.1,31.4,93.2,0.0,14.2,June,2023
1524,Hanumakonda,Khazipet,2023-06-24,19.4,22.5,31.9,49.1,100.0,0.0,5.5,June,2023
1525,Hanumakonda,Khazipet,2023-06-25,0.0,24.5,30.6,59.0,88.7,2.0,6.8,June,2023
1526,Hanumakonda,Khazipet,2023-06-26,2.3,24.6,32.8,58.8,94.7,0.0,9.7,June,2023
1527,Hanumakonda,Khazipet,2023-06-27,0.3,24.6,31.5,62.2,95.2,0.0,5.8,June,2023
1528,Hanumakonda,Khazipet,2023-06-28,0.0,25.2,32.8,53.4,91.4,0.0,7.0,June,2023
1529,Hanumakonda,Khazipet,2023-06-29,2.0,24.5,34.0,51.3,98.7,0.0,7.9,June,2023
1530,Hanumakonda,Khazipet,2023-06-30,0.7,25.7,36.5,45.1,84.3,0.0,8.7,June,2023
1531,Hanumakonda,Nadikuda,2023-06-01,0.0,27.3,37.3,31.5,66.9,0.0,3.8,June,2023
1532,Hanumakonda,Nadikuda,2023-06-02,0.0,28.2,38.6,24.5,60.5,0.0,1.9,June,2023
1533,Hanumakonda,Nadikuda,2023-06-03,0.0,31.0,39.8,15.8,37.9,0.0,6.8,June,2023
1534,Hanumakonda,Nadikuda,2023-06-04,0.0,27.0,42.1,26.6,74.6,0.0,0.1,June,2023
1535,Hanumakonda,Nadikuda,2023-06-05,0.0,23.9,42.0,29.7,99.7,0.0,35.9,June,2023
1536,Hanumakonda,Nadikuda,2023-06-06,0.0,26.7,39.5,31.9,78.3,0.0,5.8,June,2023
1537,Hanumakonda,Nadikuda,2023-06-07,0.0,25.8,42.0,28.5,80.1,0.0,6.1,June,2023
1538,Hanumakonda,Nadikuda,2023-06-08,0.0,27.8,41.4,29.1,67.2,0.0,10.8,June,2023
1539,Hanumakonda,Nadikuda,2023-06-09,0.0,28.2,41.6,24.7,63.3,0.0,5.5,June,2023
1540,Hanumakonda,Nadikuda,2023-06-10,2.5,24.9,41.7,28.5,67.7,0.0,11.2,June,2023
1541,Hanumakonda,Nadikuda,2023-06-11,1.5,25.2,40.6,35.2,79.8,0.0,9.8,June,2023
1542,Hanumakonda,Nadikuda,2023-06-12,0.0,29.4,40.3,36.3,65.9,0.0,5.8,June,2023
1543,Hanumakonda,Nadikuda,2023-06-13,0.0,30.7,41.6,32.2,60.2,0.0,9.0,June,2023
1544,Hanumakonda,Nadikuda,2023-06-14,0.0,29.0,42.0,29.1,56.7,0.0,13.4,June,2023
1545,Hanumakonda,Nadikuda,2023-06-15,0.0,30.1,40.9,30.9,56.7,0.0,12.2,June,2023
1546,Hanumakonda,Nadikuda,2023-06-16,0.0,29.1,40.4,30.9,57.6,0.0,11.4,June,2023
1547,Hanumakonda,Nadikuda,2023-06-17,0.0,29.4,41.8,27.8,54.5,0.0,9.5,June,2023
1548,Hanumakonda,Nadikuda,2023-06-18,0.0,29.6,41.8,30.9,59.8,0.0,8.5,June,2023
1549,Hanumakonda,Nadikuda,2023-06-19,0.0,31.2,39.9,35.2,61.1,0.0,8.9,June,2023
1550,Hanumakonda,Nadikuda,2023-06-20,0.0,28.9,40.8,33.1,75.0,0.0,7.3,June,2023
1551,Hanumakonda,Nadikuda,2023-06-21,4.7,25.2,42.0,32.2,100.0,0.0,4.1,June,2023
1552,Hanumakonda,Nadikuda,2023-06-22,0.0,25.7,36.7,49.7,95.5,0.0,10.9,June,2023
1553,Hanumakonda,Nadikuda,2023-06-23,1.9,24.8,34.9,54.1,100.0,0.0,4.4,June,2023
1554,Hanumakonda,Nadikuda,2023-06-24,0.9,24.3,32.9,65.7,100.0,0.0,7.0,June,2023
1555,Hanumakonda,Nadikuda,2023-06-25,0.0,24.7,30.1,80.6,99.7,0.0,3.1,June,2023
1556,Hanumakonda,Nadikuda,2023-06-26,0.0,25.6,32.8,64.3,98.5,0.0,4.6,June,2023
1557,Hanumakonda,Nadikuda,2023-06-27,0.3,24.5,30.4,72.3,100.0,0.0,8.4,June,2023
1558,Hanumakonda,Nadikuda,2023-06-28,4.4,24.5,32.4,62.9,100.0,0.0,7.3,June,2023
1559,Hanumakonda,Nadikuda,2023-06-29,3.5,24.8,33.9,58.1,100.0,0.0,6.5,June,2023
1560,Hanumakonda,Nadikuda,2023-06-30,0.0,26.2,37.3,46.4,85.7,0.0,6.9,June,2023
1561,Hanumakonda,Parkal,2023-06-01,0.0,26.7,37.6,37.1,86.6,0.0,4.5,June,2023
1562,Hanumakonda,Parkal,2023-06-02,0.0,25.7,39.9,27.1,80.8,0.0,5.8,June,2023
1563,Hanumakonda,Parkal,2023-06-03,0.0,27.1,41.5,22.6,67.7,0.0,11.1,June,2023
1564,Hanumakonda,Parkal,2023-06-04,0.0,28.9,41.0,24.5,66.6,0.0,10.0,June,2023
1565,Hanumakonda,Parkal,2023-06-05,0.0,26.2,40.7,28.3,77.4,0.0,8.0,June,2023
1566,Hanumakonda,Parkal,2023-06-06,0.0,27.8,38.4,32.4,67.7,0.0,8.8,June,2023
1567,Hanumakonda,Parkal,2023-06-07,0.0,27.0,41.1,27.7,69.1,0.0,7.7,June,2023
1568,Hanumakonda,Parkal,2023-06-08,0.0,27.6,41.5,27.1,64.3,0.0,8.5,June,2023
1569,Hanumakonda,Parkal,2023-06-09,0.0,30.3,40.8,25.1,52.6,0.0,10.7,June,2023
1570,Hanumakonda,Parkal,2023-06-10,0.7,27.8,41.7,27.1,73.2,0.0,10.7,June,2023
1571,Hanumakonda,Parkal,2023-06-11,0.0,29.4,39.7,34.6,63.9,0.0,17.2,June,2023
1572,Hanumakonda,Parkal,2023-06-12,0.0,30.6,39.3,36.3,58.9,0.0,6.7,June,2023
1573,Hanumakonda,Parkal,2023-06-13,0.0,31.6,39.4,32.7,49.5,0.0,6.1,June,2023
1574,Hanumakonda,Parkal,2023-06-14,0.0,31.3,41.3,29.6,52.6,0.0,7.4,June,2023
1575,Hanumakonda,Parkal,2023-06-15,0.0,31.2,41.0,30.2,52.6,0.0,9.1,June,2023
1576,Hanumakonda,Parkal,2023-06-16,0.0,30.8,39.4,30.6,48.6,0.0,7.8,June,2023
1577,Hanumakonda,Parkal,2023-06-17,0.0,31.7,39.7,28.3,50.1,0.0,7.3,June,2023
1578,Hanumakonda,Parkal,2023-06-18,0.0,32.2,39.3,33.7,49.5,0.0,8.1,June,2023
1579,Hanumakonda,Parkal,2023-06-19,0.0,31.9,38.4,36.0,50.1,0.0,7.2,June,2023
1580,Hanumakonda,Parkal,2023-06-20,0.0,29.3,38.2,34.9,67.4,0.0,10.7,June,2023
1581,Hanumakonda,Parkal,2023-06-21,8.8,26.3,39.3,34.6,87.9,0.0,21.6,June,2023
1582,Hanumakonda,Parkal,2023-06-22,0.0,26.4,37.0,45.1,84.5,0.0,10.3,June,2023
1583,Hanumakonda,Parkal,2023-06-23,0.3,25.6,33.6,54.4,90.8,0.0,8.9,June,2023
1584,Hanumakonda,Parkal,2023-06-24,0.7,24.8,31.4,68.3,96.3,0.0,6.9,June,2023
1585,Hanumakonda,Parkal,2023-06-25,0.0,25.5,30.2,73.8,89.1,0.0,5.8,June,2023
1586,Hanumakonda,Parkal,2023-06-26,0.0,26.6,32.4,59.9,84.1,0.0,9.0,June,2023
1587,Hanumakonda,Parkal,2023-06-27,0.3,24.8,30.1,63.0,95.4,0.0,6.4,June,2023
1588,Hanumakonda,Parkal,2023-06-28,2.6,25.0,32.0,57.1,96.7,0.0,8.0,June,2023
1589,Hanumakonda,Parkal,2023-06-29,1.3,25.0,32.8,56.6,95.4,0.0,7.7,June,2023
1590,Hanumakonda,Parkal,2023-06-30,0.0,27.5,34.6,50.5,75.1,0.0,6.4,June,2023
1591,Hanumakonda,Shayampet,2023-06-01,0.0,26.1,37.4,44.8,93.0,0.0,5.0,June,2023
1592,Hanumakonda,Shayampet,2023-06-02,0.0,25.3,39.9,33.2,89.6,0.0,9.0,June,2023
1593,Hanumakonda,Shayampet,2023-06-03,0.0,25.9,41.2,26.3,71.8,0.0,10.3,June,2023
1594,Hanumakonda,Shayampet,2023-06-04,0.0,27.9,41.2,30.1,70.1,0.0,11.2,June,2023
1595,Hanumakonda,Shayampet,2023-06-05,0.0,26.2,40.2,33.8,82.1,0.0,21.2,June,2023
1596,Hanumakonda,Shayampet,2023-06-06,0.0,26.9,38.9,35.9,76.1,0.0,14.6,June,2023
1597,Hanumakonda,Shayampet,2023-06-07,0.0,26.2,42.0,31.0,82.1,0.0,18.1,June,2023
1598,Hanumakonda,Shayampet,2023-06-08,0.0,27.8,41.7,30.7,67.6,0.0,11.8,June,2023
1599,Hanumakonda,Shayampet,2023-06-09,0.0,30.3,41.1,26.9,56.4,0.0,15.3,June,2023
1600,Hanumakonda,Shayampet,2023-06-10,7.7,26.9,42.6,28.8,77.8,0.0,19.3,June,2023
1601,Hanumakonda,Shayampet,2023-06-11,0.0,28.7,40.5,37.2,69.4,0.0,16.9,June,2023
1602,Hanumakonda,Shayampet,2023-06-12,0.0,29.8,39.9,39.4,65.1,0.0,16.5,June,2023
1603,Hanumakonda,Shayampet,2023-06-13,0.0,31.4,40.3,36.2,53.3,0.0,17.1,June,2023
1604,Hanumakonda,Shayampet,2023-06-14,0.0,31.4,41.8,30.1,56.0,0.0,24.6,June,2023
1605,Hanumakonda,Shayampet,2023-06-15,0.0,31.4,40.5,32.6,55.1,0.0,23.7,June,2023
1606,Hanumakonda,Shayampet,2023-06-16,0.0,29.9,40.3,32.0,52.8,0.0,21.6,June,2023
1607,Hanumakonda,Shayampet,2023-06-17,0.0,31.8,41.2,29.4,52.3,0.0,22.9,June,2023
1608,Hanumakonda,Shayampet,2023-06-18,0.0,32.0,41.5,32.6,52.3,0.0,24.4,June,2023
1609,Hanumakonda,Shayampet,2023-06-19,0.0,32.0,39.5,36.7,53.3,0.0,26.2,June,2023
1610,Hanumakonda,Shayampet,2023-06-20,0.0,28.4,39.6,34.8,73.1,0.0,18.0,June,2023
1611,Hanumakonda,Shayampet,2023-06-21,2.2,25.6,40.7,34.5,91.7,0.0,12.4,June,2023
1612,Hanumakonda,Shayampet,2023-06-22,0.0,25.0,36.9,45.9,95.7,0.0,5.3,June,2023
1613,Hanumakonda,Shayampet,2023-06-23,1.3,25.2,34.8,52.8,95.3,0.0,14.6,June,2023
1614,Hanumakonda,Shayampet,2023-06-24,10.0,24.1,31.3,69.0,100.0,0.0,5.6,June,2023
1615,Hanumakonda,Shayampet,2023-06-25,0.0,24.8,29.7,83.0,95.3,0.0,11.0,June,2023
1616,Hanumakonda,Shayampet,2023-06-26,0.4,25.5,32.5,66.1,93.9,0.0,16.1,June,2023
1617,Hanumakonda,Shayampet,2023-06-27,0.3,24.5,30.7,65.1,99.6,0.0,18.8,June,2023
1618,Hanumakonda,Shayampet,2023-06-28,6.7,24.7,32.2,62.0,100.0,0.0,19.3,June,2023
1619,Hanumakonda,Shayampet,2023-06-29,8.0,24.3,33.8,61.5,100.0,0.0,13.3,June,2023
1620,Hanumakonda,Shayampet,2023-06-30,0.0,26.7,33.9,56.0,81.7,0.0,11.4,June,2023
1621,Hanumakonda,Velair,2023-06-01,0.0,24.4,39.1,33.0,79.1,0.0,6.9,June,2023
1622,Hanumakonda,Velair,2023-06-02,0.0,25.1,40.8,29.8,70.2,0.0,8.4,June,2023
1623,Hanumakonda,Velair,2023-06-03,0.0,26.8,41.5,22.8,57.0,0.0,4.5,June,2023
1624,Hanumakonda,Velair,2023-06-04,0.0,27.8,41.7,29.1,59.5,0.0,14.9,June,2023
1625,Hanumakonda,Velair,2023-06-05,0.0,23.6,43.0,28.7,87.3,0.0,15.1,June,2023
1626,Hanumakonda,Velair,2023-06-06,0.0,26.1,39.0,33.0,67.9,0.0,10.8,June,2023
1627,Hanumakonda,Velair,2023-06-07,0.0,27.1,41.0,29.8,62.6,0.0,7.5,June,2023
1628,Hanumakonda,Velair,2023-06-08,0.0,29.4,41.4,30.5,62.1,0.0,13.4,June,2023
1629,Hanumakonda,Velair,2023-06-09,0.0,29.4,41.6,27.7,59.5,0.0,10.5,June,2023
1630,Hanumakonda,Velair,2023-06-10,0.0,29.6,41.4,26.3,63.6,0.0,16.5,June,2023
1631,Hanumakonda,Velair,2023-06-11,0.0,27.4,40.2,36.6,76.5,0.0,7.8,June,2023
1632,Hanumakonda,Velair,2023-06-12,0.0,29.6,39.1,38.6,63.1,0.0,8.6,June,2023
1633,Hanumakonda,Velair,2023-06-13,0.0,29.4,40.8,34.7,58.5,0.0,11.5,June,2023
1634,Hanumakonda,Velair,2023-06-14,0.0,29.4,41.0,29.1,61.6,0.0,8.9,June,2023
1635,Hanumakonda,Velair,2023-06-15,0.0,29.6,40.4,30.5,58.5,0.0,13.2,June,2023
1636,Hanumakonda,Velair,2023-06-16,0.0,28.4,41.0,29.1,56.5,0.0,12.3,June,2023
1637,Hanumakonda,Velair,2023-06-17,0.0,29.8,41.3,27.0,58.0,0.0,12.7,June,2023
1638,Hanumakonda,Velair,2023-06-18,0.0,31.0,40.6,32.6,54.5,0.0,9.5,June,2023
1639,Hanumakonda,Velair,2023-06-19,0.0,30.8,39.4,36.0,55.5,0.0,14.9,June,2023
1640,Hanumakonda,Velair,2023-06-20,0.0,26.4,39.0,35.1,75.6,0.0,13.4,June,2023
1641,Hanumakonda,Velair,2023-06-21,11.5,24.5,40.3,36.6,88.7,0.0,6.5,June,2023
1642,Hanumakonda,Velair,2023-06-22,52.8,23.0,37.4,45.7,97.7,0.0,13.5,June,2023
1643,Hanumakonda,Velair,2023-06-23,18.1,23.7,35.9,52.8,96.6,0.0,11.6,June,2023
1644,Hanumakonda,Velair,2023-06-24,17.5,23.1,30.3,77.2,98.3,0.0,1.2,June,2023
1645,Hanumakonda,Velair,2023-06-25,0.5,24.3,30.1,71.4,94.5,0.0,11.7,June,2023
1646,Hanumakonda,Velair,2023-06-26,1.3,24.1,31.8,68.6,95.1,0.0,15.5,June,2023
1647,Hanumakonda,Velair,2023-06-27,0.0,24.4,30.1,70.5,93.1,0.0,14.8,June,2023
1648,Hanumakonda,Velair,2023-06-28,0.4,24.5,31.2,66.1,93.5,0.0,16.0,June,2023
1649,Hanumakonda,Velair,2023-06-29,1.3,24.1,33.0,62.1,97.7,0.0,14.6,June,2023
1650,Hanumakonda,Velair,2023-06-30,0.0,25.3,34.3,55.9,81.5,0.0,16.1,June,2023
1651,Hyderabad,Amberpet,2023-06-01,0.0,27.8,37.9,35.1,61.6,0.0,5.1,June,2023
1652,Hyderabad,Amberpet,2023-06-02,0.0,29.5,39.1,27.7,61.7,0.0,6.8,June,2023
1653,Hyderabad,Amberpet,2023-06-03,0.0,31.1,39.2,20.6,46.1,0.0,7.8,June,2023
1654,Hyderabad,Amberpet,2023-06-04,0.0,30.4,39.1,24.6,54.1,0.0,7.1,June,2023
1655,Hyderabad,Amberpet,2023-06-05,0.0,26.4,36.4,39.0,73.8,0.0,11.6,June,2023
1656,Hyderabad,Amberpet,2023-06-06,0.0,28.7,35.5,34.9,60.3,0.0,8.4,June,2023
1657,Hyderabad,Amberpet,2023-06-07,0.0,29.4,36.7,37.7,62.2,0.0,8.4,June,2023
1658,Hyderabad,Amberpet,2023-06-08,0.0,25.8,38.0,32.9,69.3,0.2,10.1,June,2023
1659,Hyderabad,Amberpet,2023-06-09,0.0,28.0,37.8,34.5,69.3,0.0,16.0,June,2023
1660,Hyderabad,Amberpet,2023-06-10,0.0,27.6,37.5,36.0,69.8,2.2,18.5,June,2023
1661,Hyderabad,Amberpet,2023-06-11,0.0,27.2,36.0,40.3,72.0,2.8,15.4,June,2023
1662,Hyderabad,Amberpet,2023-06-12,0.0,27.8,35.4,44.2,69.8,2.5,12.0,June,2023
1663,Hyderabad,Amberpet,2023-06-13,0.0,27.7,36.0,37.4,65.9,9.4,17.8,June,2023
1664,Hyderabad,Amberpet,2023-06-14,0.0,27.6,36.9,31.3,67.9,0.0,13.1,June,2023
1665,Hyderabad,Amberpet,2023-06-15,0.0,27.7,35.9,35.2,64.2,0.0,11.3,June,2023
1666,Hyderabad,Amberpet,2023-06-16,0.0,28.0,36.8,31.7,61.6,0.0,12.4,June,2023
1667,Hyderabad,Amberpet,2023-06-17,0.0,28.3,37.1,31.8,66.7,0.0,9.0,June,2023
1668,Hyderabad,Amberpet,2023-06-18,0.0,29.0,36.9,36.1,62.8,0.0,10.6,June,2023
1669,Hyderabad,Amberpet,2023-06-19,0.0,29.7,37.3,34.0,62.3,0.0,7.1,June,2023
1670,Hyderabad,Amberpet,2023-06-20,0.0,30.2,36.0,39.0,58.5,0.0,8.2,June,2023
1671,Hyderabad,Amberpet,2023-06-21,0.0,28.3,36.8,38.0,72.7,0.0,4.1,June,2023
1672,Hyderabad,Amberpet,2023-06-22,5.9,24.2,36.8,39.1,97.9,0.0,7.0,June,2023
1673,Hyderabad,Amberpet,2023-06-23,0.0,26.6,34.6,47.6,80.4,0.0,6.0,June,2023
1674,Hyderabad,Amberpet,2023-06-24,8.2,24.7,32.8,58.0,95.1,0.0,6.4,June,2023
1675,Hyderabad,Amberpet,2023-06-25,19.1,22.3,31.4,57.6,100.0,0.0,7.6,June,2023
1676,Hyderabad,Amberpet,2023-06-26,0.0,25.1,30.1,68.7,87.8,0.0,8.6,June,2023
1677,Hyderabad,Amberpet,2023-06-27,0.0,25.1,31.7,56.2,84.2,3.2,13.1,June,2023
1678,Hyderabad,Amberpet,2023-06-28,0.0,25.6,31.5,55.7,81.8,0.6,15.2,June,2023
1679,Hyderabad,Amberpet,2023-06-29,0.0,25.3,33.0,47.4,82.6,0.4,12.8,June,2023
1680,Hyderabad,Amberpet,2023-06-30,3.2,24.9,33.4,46.8,91.5,1.5,14.6,June,2023
1681,Hyderabad,Ameerpet,2023-06-01,0.0,27.6,37.5,41.2,62.9,0.0,9.0,June,2023
1682,Hyderabad,Ameerpet,2023-06-02,0.0,29.0,38.8,34.5,61.2,0.0,5.3,June,2023
1683,Hyderabad,Ameerpet,2023-06-03,0.0,29.8,39.7,22.2,43.3,0.0,6.8,June,2023
1684,Hyderabad,Ameerpet,2023-06-04,2.6,27.9,40.6,24.8,58.8,0.0,7.7,June,2023
1685,Hyderabad,Ameerpet,2023-06-05,0.0,25.7,37.0,39.2,71.5,0.0,10.9,June,2023
1686,Hyderabad,Ameerpet,2023-06-06,0.0,28.7,36.2,33.5,59.6,0.0,8.9,June,2023
1687,Hyderabad,Ameerpet,2023-06-07,0.0,29.1,37.6,35.4,58.3,0.0,14.6,June,2023
1688,Hyderabad,Ameerpet,2023-06-08,0.6,27.4,38.5,31.8,100.0,0.0,11.5,June,2023
1689,Hyderabad,Ameerpet,2023-06-09,0.0,27.5,37.8,34.5,66.2,0.0,14.0,June,2023
1690,Hyderabad,Ameerpet,2023-06-10,0.0,27.3,37.6,34.1,66.1,1.1,10.8,June,2023
1691,Hyderabad,Ameerpet,2023-06-11,0.0,27.0,37.2,38.1,67.7,0.0,16.7,June,2023
1692,Hyderabad,Ameerpet,2023-06-12,3.7,27.4,36.0,38.6,71.5,0.0,10.6,June,2023
1693,Hyderabad,Ameerpet,2023-06-13,0.0,27.1,36.8,37.5,63.8,0.3,12.7,June,2023
1694,Hyderabad,Ameerpet,2023-06-14,0.0,27.3,37.0,30.9,63.8,2.4,14.6,June,2023
1695,Hyderabad,Ameerpet,2023-06-15,0.0,27.3,36.8,32.9,60.6,3.8,13.5,June,2023
1696,Hyderabad,Ameerpet,2023-06-16,0.0,27.7,36.7,30.3,56.9,3.1,10.5,June,2023
1697,Hyderabad,Ameerpet,2023-06-17,0.0,27.7,36.9,28.4,60.1,0.7,11.5,June,2023
1698,Hyderabad,Ameerpet,2023-06-18,0.0,28.4,37.5,32.1,57.4,0.0,13.3,June,2023
1699,Hyderabad,Ameerpet,2023-06-19,0.0,29.2,37.3,40.4,51.3,0.0,9.1,June,2023
1700,Hyderabad,Ameerpet,2023-06-20,0.0,29.6,35.9,38.6,54.2,0.0,9.0,June,2023
1701,Hyderabad,Ameerpet,2023-06-21,0.0,27.6,37.0,37.5,69.1,0.0,7.4,June,2023
1702,Hyderabad,Ameerpet,2023-06-22,17.6,23.4,36.9,39.7,100.0,0.0,11.5,June,2023
1703,Hyderabad,Ameerpet,2023-06-23,0.0,26.1,35.7,44.2,100.0,0.0,11.5,June,2023
1704,Hyderabad,Ameerpet,2023-06-24,14.5,23.9,32.6,52.8,90.5,0.0,7.0,June,2023
1705,Hyderabad,Ameerpet,2023-06-25,35.7,22.2,31.4,60.5,86.6,0.0,21.4,June,2023
1706,Hyderabad,Ameerpet,2023-06-26,0.8,24.4,30.8,61.9,79.4,0.2,9.6,June,2023
1707,Hyderabad,Ameerpet,2023-06-27,0.0,24.2,31.1,61.7,77.9,0.2,8.4,June,2023
1708,Hyderabad,Ameerpet,2023-06-28,0.0,24.7,30.7,61.6,77.5,0.2,7.9,June,2023
1709,Hyderabad,Ameerpet,2023-06-29,0.0,24.3,32.4,52.7,71.3,0.1,12.2,June,2023
1710,Hyderabad,Ameerpet,2023-06-30,0.0,24.3,31.7,56.0,67.7,0.9,13.3,June,2023
1711,Hyderabad,Asifnagar,2023-06-01,0.0,26.3,38.8,18.5,63.1,0.0,11.2,June,2023
1712,Hyderabad,Asifnagar,2023-06-02,0.0,27.3,40.0,14.4,56.2,0.1,8.9,June,2023
1713,Hyderabad,Asifnagar,2023-06-03,0.0,28.5,41.2,9.8,41.9,0.0,12.7,June,2023
1714,Hyderabad,Asifnagar,2023-06-04,1.0,28.6,40.7,12.4,66.2,0.1,17.4,June,2023
1715,Hyderabad,Asifnagar,2023-06-05,0.4,24.4,37.9,33.1,71.5,0.3,10.1,June,2023
1716,Hyderabad,Asifnagar,2023-06-06,0.0,27.8,38.0,22.3,62.2,0.0,7.9,June,2023
1717,Hyderabad,Asifnagar,2023-06-07,0.0,28.2,38.9,23.0,57.6,0.2,21.5,June,2023
1718,Hyderabad,Asifnagar,2023-06-08,0.0,27.1,39.7,19.8,63.0,1.2,26.2,June,2023
1719,Hyderabad,Asifnagar,2023-06-09,0.0,27.5,39.6,22.7,62.6,0.1,16.0,June,2023
1720,Hyderabad,Asifnagar,2023-06-10,0.0,26.9,39.8,23.0,63.7,0.6,8.8,June,2023
1721,Hyderabad,Asifnagar,2023-06-11,7.4,25.9,38.5,27.7,91.2,1.5,31.5,June,2023
1722,Hyderabad,Asifnagar,2023-06-12,0.2,27.2,37.7,33.1,69.8,1.4,23.6,June,2023
1723,Hyderabad,Asifnagar,2023-06-13,0.0,26.8,39.1,25.6,60.5,0.2,10.9,June,2023
1724,Hyderabad,Asifnagar,2023-06-14,0.0,26.8,39.9,19.6,62.4,1.2,23.7,June,2023
1725,Hyderabad,Asifnagar,2023-06-15,0.0,27.0,39.2,23.6,59.1,1.6,14.9,June,2023
1726,Hyderabad,Asifnagar,2023-06-16,0.0,27.3,40.1,20.9,55.9,0.3,14.8,June,2023
1727,Hyderabad,Asifnagar,2023-06-17,0.0,27.5,40.1,20.9,60.7,0.9,15.2,June,2023
1728,Hyderabad,Asifnagar,2023-06-18,0.0,28.4,39.4,25.0,56.9,0.1,18.9,June,2023
1729,Hyderabad,Asifnagar,2023-06-19,0.0,29.0,40.5,23.0,56.7,0.1,19.3,June,2023
1730,Hyderabad,Asifnagar,2023-06-20,0.0,29.4,38.6,27.7,59.1,0.0,14.7,June,2023
1731,Hyderabad,Asifnagar,2023-06-21,0.0,27.3,40.6,23.9,68.5,0.0,15.0,June,2023
1732,Hyderabad,Asifnagar,2023-06-22,11.1,23.9,40.0,26.3,100.0,1.1,25.3,June,2023
1733,Hyderabad,Asifnagar,2023-06-23,0.5,24.7,37.1,34.1,92.3,0.3,14.8,June,2023
1734,Hyderabad,Asifnagar,2023-06-24,13.4,23.8,34.1,42.5,99.9,0.1,35.5,June,2023
1735,Hyderabad,Asifnagar,2023-06-25,34.9,22.0,33.6,49.4,99.9,0.1,65.0,June,2023
1736,Hyderabad,Asifnagar,2023-06-26,0.1,24.7,32.2,57.3,99.9,1.5,14.1,June,2023
1737,Hyderabad,Asifnagar,2023-06-27,0.0,24.4,31.5,57.3,92.4,1.1,15.0,June,2023
1738,Hyderabad,Asifnagar,2023-06-28,0.1,24.6,31.6,56.8,79.9,0.5,18.8,June,2023
1739,Hyderabad,Asifnagar,2023-06-29,0.0,24.4,35.2,42.2,86.0,1.2,14.0,June,2023
1740,Hyderabad,Asifnagar,2023-06-30,1.8,23.9,33.9,44.1,88.4,2.1,14.3,June,2023
1741,Hyderabad,Bahadurpura,2023-06-01,0.8,26.3,38.8,20.4,72.3,0.0,3.8,June,2023
1742,Hyderabad,Bahadurpura,2023-06-02,0.0,27.3,40.0,17.0,64.2,0.1,1.9,June,2023
1743,Hyderabad,Bahadurpura,2023-06-03,0.0,28.5,40.8,13.4,39.9,0.0,6.8,June,2023
1744,Hyderabad,Bahadurpura,2023-06-04,1.6,27.6,40.4,16.0,65.6,0.2,2.0,June,2023
1745,Hyderabad,Bahadurpura,2023-06-05,0.0,24.4,37.9,29.7,77.9,0.0,65.1,June,2023
1746,Hyderabad,Bahadurpura,2023-06-06,0.0,27.8,38.0,22.8,64.7,0.0,5.8,June,2023
1747,Hyderabad,Bahadurpura,2023-06-07,0.0,28.2,38.2,21.4,67.4,0.3,6.1,June,2023
1748,Hyderabad,Bahadurpura,2023-06-08,0.0,26.8,39.2,22.9,72.6,0.6,10.8,June,2023
1749,Hyderabad,Bahadurpura,2023-06-09,0.0,27.2,38.9,24.5,72.3,0.2,5.5,June,2023
1750,Hyderabad,Bahadurpura,2023-06-10,0.0,27.1,39.1,21.7,71.7,0.7,11.2,June,2023
1751,Hyderabad,Bahadurpura,2023-06-11,6.9,25.2,38.5,25.6,86.5,0.6,9.8,June,2023
1752,Hyderabad,Bahadurpura,2023-06-12,0.0,27.1,37.4,29.4,78.6,0.3,5.8,June,2023
1753,Hyderabad,Bahadurpura,2023-06-13,0.0,27.0,38.8,25.2,69.5,0.3,9.0,June,2023
1754,Hyderabad,Bahadurpura,2023-06-14,0.0,27.0,39.6,21.3,70.9,0.3,13.4,June,2023
1755,Hyderabad,Bahadurpura,2023-06-15,0.0,27.2,38.8,23.0,67.3,0.4,12.2,June,2023
1756,Hyderabad,Bahadurpura,2023-06-16,0.0,27.5,39.1,20.8,61.8,0.3,11.4,June,2023
1757,Hyderabad,Bahadurpura,2023-06-17,0.0,27.5,39.0,21.8,69.7,0.2,9.5,June,2023
1758,Hyderabad,Bahadurpura,2023-06-18,0.0,28.5,39.9,24.7,63.2,0.2,8.5,June,2023
1759,Hyderabad,Bahadurpura,2023-06-19,0.0,29.0,41.7,23.1,65.6,0.2,8.9,June,2023
1760,Hyderabad,Bahadurpura,2023-06-20,0.0,29.6,39.8,33.0,56.6,0.0,7.3,June,2023
1761,Hyderabad,Bahadurpura,2023-06-21,0.0,27.4,40.2,25.2,75.3,0.1,7.4,June,2023
1762,Hyderabad,Bahadurpura,2023-06-22,15.6,23.8,38.2,30.8,100.0,0.0,10.9,June,2023
1763,Hyderabad,Bahadurpura,2023-06-23,4.0,23.7,35.3,43.1,92.9,0.1,8.4,June,2023
1764,Hyderabad,Bahadurpura,2023-06-24,13.0,23.8,34.3,44.2,100.0,0.0,10.3,June,2023
1765,Hyderabad,Bahadurpura,2023-06-25,23.6,22.3,33.8,55.7,100.0,0.0,8.6,June,2023
1766,Hyderabad,Bahadurpura,2023-06-26,0.0,24.4,31.3,57.5,100.0,2.8,13.1,June,2023
1767,Hyderabad,Bahadurpura,2023-06-27,0.1,24.3,31.1,59.8,100.0,5.9,14.7,June,2023
1768,Hyderabad,Bahadurpura,2023-06-28,3.6,24.8,31.3,58.4,100.0,0.5,12.6,June,2023
1769,Hyderabad,Bahadurpura,2023-06-29,0.4,24.5,33.2,49.9,87.2,1.5,11.9,June,2023
1770,Hyderabad,Bahadurpura,2023-06-30,7.2,23.8,34.5,48.1,100.0,0.0,15.2,June,2023
1771,Hyderabad,Bandlaguda,2023-06-01,0.0,25.8,38.5,32.2,69.2,0.0,13.2,June,2023
1772,Hyderabad,Bandlaguda,2023-06-02,0.0,25.7,39.7,24.3,67.5,0.0,13.7,June,2023
1773,Hyderabad,Bandlaguda,2023-06-03,0.0,28.7,40.4,20.6,47.9,0.0,22.0,June,2023
1774,Hyderabad,Bandlaguda,2023-06-04,0.0,27.9,40.2,24.0,57.0,0.0,16.2,June,2023
1775,Hyderabad,Bandlaguda,2023-06-05,0.0,23.6,36.9,36.3,84.3,0.0,18.9,June,2023
1776,Hyderabad,Bandlaguda,2023-06-06,0.0,26.7,36.1,33.8,70.7,0.0,17.8,June,2023
1777,Hyderabad,Bandlaguda,2023-06-07,0.0,26.5,38.7,30.3,74.0,0.0,19.5,June,2023
1778,Hyderabad,Bandlaguda,2023-06-08,0.0,26.1,38.7,32.1,73.3,0.0,17.9,June,2023
1779,Hyderabad,Bandlaguda,2023-06-09,0.0,26.3,37.8,35.1,68.8,0.0,17.4,June,2023
1780,Hyderabad,Bandlaguda,2023-06-10,0.0,26.7,38.0,28.8,69.7,4.4,19.8,June,2023
1781,Hyderabad,Bandlaguda,2023-06-11,3.2,25.8,37.4,33.8,79.3,5.8,19.7,June,2023
1782,Hyderabad,Bandlaguda,2023-06-12,0.0,26.8,35.9,37.8,72.4,4.4,19.6,June,2023
1783,Hyderabad,Bandlaguda,2023-06-13,0.0,26.7,36.7,31.4,66.1,3.9,21.1,June,2023
1784,Hyderabad,Bandlaguda,2023-06-14,0.0,26.4,37.0,26.0,62.0,3.4,20.7,June,2023
1785,Hyderabad,Bandlaguda,2023-06-15,0.0,26.9,36.8,30.9,65.2,3.5,18.2,June,2023
1786,Hyderabad,Bandlaguda,2023-06-16,0.0,27.2,36.6,28.1,60.8,5.0,18.2,June,2023
1787,Hyderabad,Bandlaguda,2023-06-17,0.0,27.1,37.1,28.6,66.6,5.9,16.5,June,2023
1788,Hyderabad,Bandlaguda,2023-06-18,0.0,27.9,36.4,33.5,62.8,2.0,18.9,June,2023
1789,Hyderabad,Bandlaguda,2023-06-19,0.0,28.4,37.5,30.9,62.3,2.0,21.3,June,2023
1790,Hyderabad,Bandlaguda,2023-06-20,0.0,28.8,35.9,35.5,55.0,0.5,17.1,June,2023
1791,Hyderabad,Bandlaguda,2023-06-21,0.0,27.2,37.4,33.0,69.7,1.1,16.8,June,2023
1792,Hyderabad,Bandlaguda,2023-06-22,7.5,24.0,36.6,36.0,93.0,1.4,17.8,June,2023
1793,Hyderabad,Bandlaguda,2023-06-23,3.8,23.8,33.0,43.4,87.3,0.8,17.3,June,2023
1794,Hyderabad,Bandlaguda,2023-06-24,17.6,23.4,32.7,51.0,93.5,1.3,15.0,June,2023
1795,Hyderabad,Bandlaguda,2023-06-25,24.8,22.3,32.9,57.9,100.0,3.3,14.6,June,2023
1796,Hyderabad,Bandlaguda,2023-06-26,0.6,24.6,32.2,58.4,90.2,5.6,18.3,June,2023
1797,Hyderabad,Bandlaguda,2023-06-27,0.0,24.0,32.7,57.0,86.6,4.8,19.9,June,2023
1798,Hyderabad,Bandlaguda,2023-06-28,0.3,24.7,32.1,57.5,85.4,3.1,19.2,June,2023
1799,Hyderabad,Bandlaguda,2023-06-29,0.5,24.4,34.3,48.1,85.1,4.7,17.0,June,2023
1800,Hyderabad,Bandlaguda,2023-06-30,3.1,24.0,33.0,51.9,85.0,2.8,17.4,June,2023
1801,Hyderabad,Charminar,2023-06-01,0.0,26.3,38.8,31.2,78.7,0.0,5.5,June,2023
1802,Hyderabad,Charminar,2023-06-02,0.0,27.3,40.7,23.6,72.0,0.1,9.4,June,2023
1803,Hyderabad,Charminar,2023-06-03,0.0,28.5,41.8,17.7,61.4,0.1,7.6,June,2023
1804,Hyderabad,Charminar,2023-06-04,0.0,28.7,40.8,23.7,68.4,0.2,6.7,June,2023
1805,Hyderabad,Charminar,2023-06-05,0.0,24.4,37.9,33.9,81.5,0.7,5.4,June,2023
1806,Hyderabad,Charminar,2023-06-06,0.0,27.8,38.0,29.3,71.4,0.0,5.9,June,2023
1807,Hyderabad,Charminar,2023-06-07,0.0,28.2,39.1,30.7,74.1,0.2,5.9,June,2023
1808,Hyderabad,Charminar,2023-06-08,0.1,28.0,39.0,28.8,100.0,0.5,5.8,June,2023
1809,Hyderabad,Charminar,2023-06-09,0.0,28.0,39.3,30.9,78.7,0.1,4.9,June,2023
1810,Hyderabad,Charminar,2023-06-10,0.0,27.4,40.3,25.5,74.0,0.0,7.6,June,2023
1811,Hyderabad,Charminar,2023-06-11,1.1,26.1,39.5,29.2,73.5,0.0,9.0,June,2023
1812,Hyderabad,Charminar,2023-06-12,0.0,27.6,37.9,34.8,67.1,0.0,6.7,June,2023
1813,Hyderabad,Charminar,2023-06-13,0.0,27.4,38.6,29.0,59.6,0.0,7.1,June,2023
1814,Hyderabad,Charminar,2023-06-14,0.0,27.5,39.7,24.0,61.1,0.0,7.7,June,2023
1815,Hyderabad,Charminar,2023-06-15,0.0,27.6,39.1,25.5,59.7,0.0,14.6,June,2023
1816,Hyderabad,Charminar,2023-06-16,0.0,27.8,38.9,24.8,56.6,0.0,6.9,June,2023
1817,Hyderabad,Charminar,2023-06-17,0.0,27.7,39.2,25.5,63.4,0.0,7.4,June,2023
1818,Hyderabad,Charminar,2023-06-18,0.0,28.9,39.0,29.2,58.1,0.0,5.8,June,2023
1819,Hyderabad,Charminar,2023-06-19,0.0,29.3,39.3,27.0,56.8,0.0,11.4,June,2023
1820,Hyderabad,Charminar,2023-06-20,0.0,29.1,38.1,31.9,53.3,0.0,10.8,June,2023
1821,Hyderabad,Charminar,2023-06-21,0.0,28.0,39.1,29.2,63.5,0.0,9.2,June,2023
1822,Hyderabad,Charminar,2023-06-22,19.0,23.8,37.9,31.1,93.9,0.0,9.7,June,2023
1823,Hyderabad,Charminar,2023-06-23,1.0,25.2,36.8,36.4,83.1,0.0,4.0,June,2023
1824,Hyderabad,Charminar,2023-06-24,10.4,23.4,33.2,45.1,95.6,0.0,7.1,June,2023
1825,Hyderabad,Charminar,2023-06-25,23.0,23.0,34.4,47.0,97.8,0.0,7.1,June,2023
1826,Hyderabad,Charminar,2023-06-26,0.3,24.7,32.2,54.2,85.2,0.0,7.1,June,2023
1827,Hyderabad,Charminar,2023-06-27,0.0,24.3,30.5,59.7,85.2,0.0,7.1,June,2023
1828,Hyderabad,Charminar,2023-06-28,2.6,23.9,32.6,53.2,87.5,0.0,11.4,June,2023
1829,Hyderabad,Charminar,2023-06-29,0.0,24.6,33.7,45.1,82.8,0.0,7.2,June,2023
1830,Hyderabad,Charminar,2023-06-30,6.2,24.3,33.5,46.4,91.1,0.0,5.9,June,2023
1831,Hyderabad,Golkonda,2023-06-01,0.4,25.4,39.0,24.0,73.3,0.0,9.4,June,2023
1832,Hyderabad,Golkonda,2023-06-02,0.0,27.8,40.6,17.9,65.8,0.0,9.0,June,2023
1833,Hyderabad,Golkonda,2023-06-03,0.0,30.6,40.4,13.8,49.5,0.0,14.5,June,2023
1834,Hyderabad,Golkonda,2023-06-04,0.0,23.9,41.1,17.9,70.6,0.0,8.1,June,2023
1835,Hyderabad,Golkonda,2023-06-05,0.2,23.3,36.6,36.3,83.9,0.2,17.4,June,2023
1836,Hyderabad,Golkonda,2023-06-06,0.0,26.1,36.7,28.6,73.2,0.0,9.3,June,2023
1837,Hyderabad,Golkonda,2023-06-07,0.0,28.3,38.1,28.2,67.4,0.0,10.2,June,2023
1838,Hyderabad,Golkonda,2023-06-08,0.0,26.7,39.9,23.5,72.9,0.0,14.1,June,2023
1839,Hyderabad,Golkonda,2023-06-09,0.0,27.0,38.7,27.2,73.3,0.0,13.9,June,2023
1840,Hyderabad,Golkonda,2023-06-10,0.0,26.8,38.7,26.8,73.9,0.0,13.6,June,2023
1841,Hyderabad,Golkonda,2023-06-11,3.8,24.2,37.7,29.6,91.5,0.0,13.0,June,2023
1842,Hyderabad,Golkonda,2023-06-12,0.0,26.7,36.4,35.4,73.7,0.0,11.6,June,2023
1843,Hyderabad,Golkonda,2023-06-13,0.0,26.7,37.0,28.9,70.7,0.0,15.1,June,2023
1844,Hyderabad,Golkonda,2023-06-14,0.0,26.8,37.9,23.3,72.5,0.8,14.2,June,2023
1845,Hyderabad,Golkonda,2023-06-15,0.0,26.7,37.8,26.8,69.1,2.6,13.1,June,2023
1846,Hyderabad,Golkonda,2023-06-16,0.0,27.1,38.1,24.7,66.0,0.0,11.3,June,2023
1847,Hyderabad,Golkonda,2023-06-17,0.0,27.1,38.0,24.7,70.9,0.0,13.4,June,2023
1848,Hyderabad,Golkonda,2023-06-18,0.0,28.1,37.1,29.6,67.1,0.0,13.9,June,2023
1849,Hyderabad,Golkonda,2023-06-19,0.0,28.5,38.0,25.4,65.7,0.0,14.5,June,2023
1850,Hyderabad,Golkonda,2023-06-20,0.0,29.0,37.3,33.1,60.7,0.0,13.1,June,2023
1851,Hyderabad,Golkonda,2023-06-21,0.0,26.7,37.9,28.9,76.5,0.0,13.1,June,2023
1852,Hyderabad,Golkonda,2023-06-22,4.3,24.0,37.4,33.1,100.0,0.0,10.8,June,2023
1853,Hyderabad,Golkonda,2023-06-23,0.0,24.8,35.1,41.9,85.7,0.1,10.8,June,2023
1854,Hyderabad,Golkonda,2023-06-24,16.6,23.5,32.6,48.5,100.0,0.0,9.6,June,2023
1855,Hyderabad,Golkonda,2023-06-25,33.2,22.3,32.8,51.9,100.0,0.0,9.6,June,2023
1856,Hyderabad,Golkonda,2023-06-26,0.0,24.7,31.6,59.6,98.6,0.3,11.5,June,2023
1857,Hyderabad,Golkonda,2023-06-27,0.0,24.1,31.7,58.5,98.1,0.0,13.0,June,2023
1858,Hyderabad,Golkonda,2023-06-28,2.7,24.6,31.6,56.5,96.5,0.0,12.3,June,2023
1859,Hyderabad,Golkonda,2023-06-29,0.0,24.2,32.5,55.5,92.2,3.5,11.0,June,2023
1860,Hyderabad,Golkonda,2023-06-30,2.1,23.8,32.6,49.4,87.3,0.7,12.9,June,2023
1861,Hyderabad,Himayatnagar,2023-06-01,0.0,26.3,38.8,31.7,58.7,0.0,5.1,June,2023
1862,Hyderabad,Himayatnagar,2023-06-02,0.0,27.3,40.0,20.9,56.3,0.0,6.8,June,2023
1863,Hyderabad,Himayatnagar,2023-06-03,0.0,28.5,40.8,13.2,35.9,0.0,7.8,June,2023
1864,Hyderabad,Himayatnagar,2023-06-04,0.0,28.7,40.7,15.7,45.7,0.0,7.1,June,2023
1865,Hyderabad,Himayatnagar,2023-06-05,0.0,24.4,37.9,32.3,68.7,0.0,11.6,June,2023
1866,Hyderabad,Himayatnagar,2023-06-06,0.0,27.8,38.0,30.4,55.8,0.0,8.4,June,2023
1867,Hyderabad,Himayatnagar,2023-06-07,0.0,28.8,38.9,33.6,59.6,0.0,8.4,June,2023
1868,Hyderabad,Himayatnagar,2023-06-08,0.0,27.0,38.2,28.7,65.6,0.2,10.1,June,2023
1869,Hyderabad,Himayatnagar,2023-06-09,0.0,27.4,37.9,29.1,66.5,0.0,10.6,June,2023
1870,Hyderabad,Himayatnagar,2023-06-10,0.0,26.9,37.5,30.0,67.0,0.0,10.1,June,2023
1871,Hyderabad,Himayatnagar,2023-06-11,0.0,26.6,37.6,36.0,69.2,0.0,11.4,June,2023
1872,Hyderabad,Himayatnagar,2023-06-12,0.0,27.3,37.8,38.2,67.1,0.0,10.3,June,2023
1873,Hyderabad,Himayatnagar,2023-06-13,0.0,27.0,37.6,31.7,62.4,0.0,11.4,June,2023
1874,Hyderabad,Himayatnagar,2023-06-14,0.0,27.0,38.8,25.2,64.2,0.0,13.1,June,2023
1875,Hyderabad,Himayatnagar,2023-06-15,0.0,27.2,37.9,29.7,60.5,0.0,11.3,June,2023
1876,Hyderabad,Himayatnagar,2023-06-16,0.0,27.5,37.9,25.9,57.2,0.0,12.4,June,2023
1877,Hyderabad,Himayatnagar,2023-06-17,0.0,28.6,38.8,25.2,62.4,0.0,9.0,June,2023
1878,Hyderabad,Himayatnagar,2023-06-18,0.0,29.4,38.3,29.7,58.2,0.0,10.6,June,2023
1879,Hyderabad,Himayatnagar,2023-06-19,0.0,30.1,38.0,28.4,57.2,0.0,7.1,June,2023
1880,Hyderabad,Himayatnagar,2023-06-20,0.0,30.5,37.1,33.6,52.5,0.0,8.2,June,2023
1881,Hyderabad,Himayatnagar,2023-06-21,0.0,28.7,38.3,31.7,67.5,0.0,7.9,June,2023
1882,Hyderabad,Himayatnagar,2023-06-22,11.9,24.5,38.1,32.9,100.0,0.0,7.0,June,2023
1883,Hyderabad,Himayatnagar,2023-06-23,0.0,27.0,36.1,44.4,76.7,0.0,6.0,June,2023
1884,Hyderabad,Himayatnagar,2023-06-24,12.0,24.8,32.7,56.8,100.0,0.0,6.4,June,2023
1885,Hyderabad,Himayatnagar,2023-06-25,22.1,22.0,32.4,60.5,96.1,0.0,7.6,June,2023
1886,Hyderabad,Himayatnagar,2023-06-26,0.0,24.7,30.4,63.4,80.3,0.0,8.6,June,2023
1887,Hyderabad,Himayatnagar,2023-06-27,0.0,24.3,30.6,62.9,79.1,0.0,9.7,June,2023
1888,Hyderabad,Himayatnagar,2023-06-28,0.0,24.8,30.9,62.5,76.5,0.0,9.8,June,2023
1889,Hyderabad,Himayatnagar,2023-06-29,0.0,24.5,32.6,52.4,75.8,0.0,8.3,June,2023
1890,Hyderabad,Himayatnagar,2023-06-30,2.3,23.9,32.8,56.7,100.0,0.0,7.5,June,2023
1891,Hyderabad,Khairatabad,2023-06-01,0.0,27.6,38.9,27.9,70.8,0.0,9.0,June,2023
1892,Hyderabad,Khairatabad,2023-06-02,0.0,28.7,41.6,21.6,69.1,0.4,9.6,June,2023
1893,Hyderabad,Khairatabad,2023-06-03,0.0,29.8,42.9,15.7,43.3,0.0,9.0,June,2023
1894,Hyderabad,Khairatabad,2023-06-04,1.0,26.9,42.6,17.9,60.4,0.5,9.3,June,2023
1895,Hyderabad,Khairatabad,2023-06-05,0.0,25.2,38.5,33.8,71.5,0.6,10.9,June,2023
1896,Hyderabad,Khairatabad,2023-06-06,0.0,28.5,37.8,26.0,67.8,0.0,8.9,June,2023
1897,Hyderabad,Khairatabad,2023-06-07,0.0,28.8,39.9,27.9,58.3,0.1,14.6,June,2023
1898,Hyderabad,Khairatabad,2023-06-08,0.0,27.2,41.2,25.6,70.1,0.3,11.5,June,2023
1899,Hyderabad,Khairatabad,2023-06-09,0.0,27.3,40.4,27.9,69.9,0.0,14.0,June,2023
1900,Hyderabad,Khairatabad,2023-06-10,0.0,27.1,40.9,27.5,66.1,2.0,11.4,June,2023
1901,Hyderabad,Khairatabad,2023-06-11,0.0,26.6,39.6,31.8,69.4,1.5,16.7,June,2023
1902,Hyderabad,Khairatabad,2023-06-12,0.4,27.1,37.9,35.1,76.4,1.8,10.6,June,2023
1903,Hyderabad,Khairatabad,2023-06-13,0.0,26.8,38.6,29.2,68.9,2.5,12.7,June,2023
1904,Hyderabad,Khairatabad,2023-06-14,0.0,27.2,39.1,25.3,63.8,2.4,14.6,June,2023
1905,Hyderabad,Khairatabad,2023-06-15,0.0,27.3,38.9,28.6,60.6,3.8,13.5,June,2023
1906,Hyderabad,Khairatabad,2023-06-16,0.0,27.7,39.8,24.7,56.9,3.1,10.5,June,2023
1907,Hyderabad,Khairatabad,2023-06-17,0.0,27.8,39.3,26.0,62.0,2.0,13.3,June,2023
1908,Hyderabad,Khairatabad,2023-06-18,0.0,28.3,39.2,29.2,58.3,1.2,13.3,June,2023
1909,Hyderabad,Khairatabad,2023-06-19,0.0,29.2,39.6,27.3,56.0,0.0,9.1,June,2023
1910,Hyderabad,Khairatabad,2023-06-20,0.0,29.6,39.2,30.5,54.2,0.0,9.0,June,2023
1911,Hyderabad,Khairatabad,2023-06-21,0.0,27.6,40.6,28.6,71.0,1.2,7.4,June,2023
1912,Hyderabad,Khairatabad,2023-06-22,5.4,23.4,39.4,30.5,93.9,0.8,11.5,June,2023
1913,Hyderabad,Khairatabad,2023-06-23,0.0,26.0,36.9,35.9,76.8,0.7,11.5,June,2023
1914,Hyderabad,Khairatabad,2023-06-24,16.5,23.8,35.2,45.4,90.5,1.8,7.3,June,2023
1915,Hyderabad,Khairatabad,2023-06-25,36.8,22.1,32.8,56.8,93.5,1.1,21.4,June,2023
1916,Hyderabad,Khairatabad,2023-06-26,0.2,23.9,32.2,58.6,87.1,1.0,9.7,June,2023
1917,Hyderabad,Khairatabad,2023-06-27,0.0,23.7,31.9,58.2,80.9,0.4,10.7,June,2023
1918,Hyderabad,Khairatabad,2023-06-28,0.3,24.1,31.6,59.2,82.9,0.3,9.1,June,2023
1919,Hyderabad,Khairatabad,2023-06-29,0.1,23.9,33.4,48.7,78.1,1.9,11.2,June,2023
1920,Hyderabad,Khairatabad,2023-06-30,0.0,23.5,33.8,50.8,85.6,3.8,11.4,June,2023
1921,Hyderabad,Maredpally,2023-06-01,0.0,26.3,38.8,27.1,65.5,0.0,7.4,June,2023
1922,Hyderabad,Maredpally,2023-06-02,0.0,27.3,40.8,19.4,58.8,0.0,9.7,June,2023
1923,Hyderabad,Maredpally,2023-06-03,0.0,28.5,40.8,15.5,43.5,0.0,12.3,June,2023
1924,Hyderabad,Maredpally,2023-06-04,0.0,28.4,40.5,19.5,53.8,0.0,11.1,June,2023
1925,Hyderabad,Maredpally,2023-06-05,0.0,24.4,37.9,32.3,71.6,0.0,11.7,June,2023
1926,Hyderabad,Maredpally,2023-06-06,0.0,27.8,38.0,25.7,59.9,0.0,10.7,June,2023
1927,Hyderabad,Maredpally,2023-06-07,2.1,27.9,38.7,24.4,58.5,0.0,14.3,June,2023
1928,Hyderabad,Maredpally,2023-06-08,0.1,26.7,40.1,22.8,64.2,1.2,11.8,June,2023
1929,Hyderabad,Maredpally,2023-06-09,0.0,27.0,38.9,26.0,71.0,0.0,11.9,June,2023
1930,Hyderabad,Maredpally,2023-06-10,0.0,27.0,39.1,28.0,65.8,0.6,8.4,June,2023
1931,Hyderabad,Maredpally,2023-06-11,0.0,26.5,38.5,29.9,66.2,0.5,13.3,June,2023
1932,Hyderabad,Maredpally,2023-06-12,0.5,27.3,37.4,34.6,65.5,0.1,11.9,June,2023
1933,Hyderabad,Maredpally,2023-06-13,0.0,26.7,38.8,26.8,62.7,0.0,10.8,June,2023
1934,Hyderabad,Maredpally,2023-06-14,0.0,26.9,39.6,23.6,63.9,0.0,12.5,June,2023
1935,Hyderabad,Maredpally,2023-06-15,0.0,26.8,39.0,25.4,61.9,1.1,13.8,June,2023
1936,Hyderabad,Maredpally,2023-06-16,0.0,27.3,39.3,22.7,58.8,0.0,12.1,June,2023
1937,Hyderabad,Maredpally,2023-06-17,0.0,27.5,39.7,23.4,62.7,0.0,11.4,June,2023
1938,Hyderabad,Maredpally,2023-06-18,0.0,28.2,40.0,27.3,60.3,0.0,11.8,June,2023
1939,Hyderabad,Maredpally,2023-06-19,0.0,27.3,40.0,25.9,66.8,0.0,11.3,June,2023
1940,Hyderabad,Maredpally,2023-06-20,0.0,29.0,39.0,29.4,56.8,0.0,10.9,June,2023
1941,Hyderabad,Maredpally,2023-06-21,0.0,27.4,39.2,27.7,68.2,0.0,12.2,June,2023
1942,Hyderabad,Maredpally,2023-06-22,19.6,23.2,39.2,28.9,100.0,0.0,13.4,June,2023
1943,Hyderabad,Maredpally,2023-06-23,0.0,26.0,35.7,44.8,95.8,0.0,10.7,June,2023
1944,Hyderabad,Maredpally,2023-06-24,20.6,23.6,33.5,53.3,100.0,0.0,8.4,June,2023
1945,Hyderabad,Maredpally,2023-06-25,29.2,22.1,32.1,57.0,100.0,0.0,9.8,June,2023
1946,Hyderabad,Maredpally,2023-06-26,3.7,24.3,30.9,63.5,94.0,0.0,10.3,June,2023
1947,Hyderabad,Maredpally,2023-06-27,0.0,24.2,30.4,65.9,93.1,0.4,9.5,June,2023
1948,Hyderabad,Maredpally,2023-06-28,1.2,24.5,31.5,62.6,93.5,1.0,8.4,June,2023
1949,Hyderabad,Maredpally,2023-06-29,0.0,24.2,32.9,53.6,83.3,0.0,6.5,June,2023
1950,Hyderabad,Maredpally,2023-06-30,0.0,23.9,33.4,55.6,83.5,0.9,9.2,June,2023
1951,Hyderabad,Musheerabad,2023-06-01,0.0,26.3,38.8,27.1,65.4,0.0,2.1,June,2023
1952,Hyderabad,Musheerabad,2023-06-02,0.0,27.3,40.0,18.5,60.0,0.0,8.6,June,2023
1953,Hyderabad,Musheerabad,2023-06-03,0.0,28.5,41.2,13.6,48.9,0.0,9.7,June,2023
1954,Hyderabad,Musheerabad,2023-06-04,0.0,28.4,40.7,17.9,57.6,0.0,10.6,June,2023
1955,Hyderabad,Musheerabad,2023-06-05,0.0,24.4,37.9,31.0,75.1,0.0,0.9,June,2023
1956,Hyderabad,Musheerabad,2023-06-06,0.0,27.3,38.0,25.7,61.0,0.0,1.6,June,2023
1957,Hyderabad,Musheerabad,2023-06-07,0.0,28.0,38.9,23.4,61.2,0.0,9.4,June,2023
1958,Hyderabad,Musheerabad,2023-06-08,0.1,27.5,40.7,21.5,65.5,0.0,9.8,June,2023
1959,Hyderabad,Musheerabad,2023-06-09,0.0,27.6,39.5,24.6,62.3,0.0,16.0,June,2023
1960,Hyderabad,Musheerabad,2023-06-10,0.0,27.2,39.6,27.0,63.7,2.2,18.5,June,2023
1961,Hyderabad,Musheerabad,2023-06-11,0.0,27.0,38.8,30.1,64.7,2.8,15.4,June,2023
1962,Hyderabad,Musheerabad,2023-06-12,0.0,27.5,37.6,33.5,63.7,2.5,12.0,June,2023
1963,Hyderabad,Musheerabad,2023-06-13,0.0,27.2,38.4,26.2,59.0,9.4,17.8,June,2023
1964,Hyderabad,Musheerabad,2023-06-14,0.0,27.4,39.2,22.8,63.3,1.3,11.6,June,2023
1965,Hyderabad,Musheerabad,2023-06-15,0.0,27.2,38.5,25.0,61.4,3.4,15.7,June,2023
1966,Hyderabad,Musheerabad,2023-06-16,0.0,27.8,38.4,22.2,55.6,0.0,14.7,June,2023
1967,Hyderabad,Musheerabad,2023-06-17,0.0,28.1,38.4,22.2,61.7,1.7,13.6,June,2023
1968,Hyderabad,Musheerabad,2023-06-18,0.0,28.0,39.4,26.8,64.5,0.0,14.5,June,2023
1969,Hyderabad,Musheerabad,2023-06-19,0.0,28.8,39.5,24.6,59.1,0.0,12.2,June,2023
1970,Hyderabad,Musheerabad,2023-06-20,0.0,28.6,38.7,28.6,61.4,0.0,12.8,June,2023
1971,Hyderabad,Musheerabad,2023-06-21,0.0,27.3,39.8,27.0,72.6,0.4,8.4,June,2023
1972,Hyderabad,Musheerabad,2023-06-22,14.0,23.8,40.0,27.6,100.0,0.0,10.1,June,2023
1973,Hyderabad,Musheerabad,2023-06-23,0.0,25.4,35.9,42.6,87.0,0.0,3.7,June,2023
1974,Hyderabad,Musheerabad,2023-06-24,10.0,23.5,34.0,50.9,100.0,0.0,6.3,June,2023
1975,Hyderabad,Musheerabad,2023-06-25,38.7,22.2,32.3,63.4,100.0,0.0,4.4,June,2023
1976,Hyderabad,Musheerabad,2023-06-26,0.5,24.8,31.2,59.4,100.0,0.0,11.4,June,2023
1977,Hyderabad,Musheerabad,2023-06-27,0.1,24.8,31.2,58.5,100.0,3.2,13.1,June,2023
1978,Hyderabad,Musheerabad,2023-06-28,0.0,25.1,31.0,59.4,100.0,1.5,15.2,June,2023
1979,Hyderabad,Musheerabad,2023-06-29,0.0,24.8,32.9,48.5,94.3,0.4,12.8,June,2023
1980,Hyderabad,Musheerabad,2023-06-30,0.9,24.3,32.9,49.0,93.1,1.5,14.6,June,2023
1981,Hyderabad,Nampally,2023-06-01,0.0,26.3,38.1,30.3,58.8,0.0,6.4,June,2023
1982,Hyderabad,Nampally,2023-06-02,0.0,27.3,40.0,20.9,56.9,0.1,11.4,June,2023
1983,Hyderabad,Nampally,2023-06-03,0.0,28.5,40.8,13.2,40.4,0.0,11.2,June,2023
1984,Hyderabad,Nampally,2023-06-04,0.0,28.7,40.7,15.7,52.5,0.1,26.2,June,2023
1985,Hyderabad,Nampally,2023-06-05,0.1,24.4,37.5,32.3,69.0,0.0,11.6,June,2023
1986,Hyderabad,Nampally,2023-06-06,0.0,27.8,38.0,30.3,57.7,0.0,10.5,June,2023
1987,Hyderabad,Nampally,2023-06-07,0.0,28.8,38.1,30.0,58.7,0.2,12.1,June,2023
1988,Hyderabad,Nampally,2023-06-08,0.0,27.3,38.5,31.4,65.2,0.3,16.4,June,2023
1989,Hyderabad,Nampally,2023-06-09,0.0,27.6,38.5,32.5,65.2,0.1,15.1,June,2023
1990,Hyderabad,Nampally,2023-06-10,0.0,27.1,39.0,29.6,66.1,0.6,15.3,June,2023
1991,Hyderabad,Nampally,2023-06-11,1.4,26.4,37.9,35.3,72.8,0.5,17.4,June,2023
1992,Hyderabad,Nampally,2023-06-12,0.1,27.5,38.1,38.5,68.5,0.2,13.3,June,2023
1993,Hyderabad,Nampally,2023-06-13,0.0,27.2,37.9,34.3,61.7,0.2,14.1,June,2023
1994,Hyderabad,Nampally,2023-06-14,0.0,27.3,39.1,28.5,63.0,0.2,13.5,June,2023
1995,Hyderabad,Nampally,2023-06-15,0.0,27.4,38.2,29.2,59.5,0.2,16.4,June,2023
1996,Hyderabad,Nampally,2023-06-16,0.0,27.7,39.0,26.0,56.4,2.2,14.6,June,2023
1997,Hyderabad,Nampally,2023-06-17,0.0,27.7,39.1,27.4,61.7,0.1,15.5,June,2023
1998,Hyderabad,Nampally,2023-06-18,0.0,28.6,38.3,30.2,56.9,0.5,15.0,June,2023
1999,Hyderabad,Nampally,2023-06-19,0.0,29.1,38.0,28.6,57.8,0.2,17.3,June,2023
2000,Hyderabad,Nampally,2023-06-20,0.0,29.5,37.1,33.5,51.4,0.0,14.2,June,2023
2001,Hyderabad,Nampally,2023-06-21,0.0,27.6,38.3,31.4,67.3,0.0,14.9,June,2023
2002,Hyderabad,Nampally,2023-06-22,8.2,23.8,37.8,33.5,96.1,0.1,14.5,June,2023
2003,Hyderabad,Nampally,2023-06-23,0.0,24.8,35.2,39.4,84.7,0.0,14.3,June,2023
2004,Hyderabad,Nampally,2023-06-24,17.1,24.2,33.0,49.1,92.0,0.1,13.7,June,2023
2005,Hyderabad,Nampally,2023-06-25,29.7,22.3,32.8,51.8,97.3,0.0,11.5,June,2023
2006,Hyderabad,Nampally,2023-06-26,0.0,24.8,31.5,58.8,85.8,2.8,14.0,June,2023
2007,Hyderabad,Nampally,2023-06-27,0.0,24.4,31.3,58.2,82.6,1.0,14.7,June,2023
2008,Hyderabad,Nampally,2023-06-28,0.1,24.8,31.2,58.8,84.4,0.1,12.6,June,2023
2009,Hyderabad,Nampally,2023-06-29,0.1,24.6,33.3,48.9,82.4,1.2,13.3,June,2023
2010,Hyderabad,Nampally,2023-06-30,1.5,23.9,33.3,50.3,88.4,0.1,15.2,June,2023
2011,Hyderabad,Saidabad,2023-06-01,0.0,26.3,38.8,34.3,80.2,0.0,7.1,June,2023
2012,Hyderabad,Saidabad,2023-06-02,0.0,27.3,40.3,28.4,70.0,0.1,11.5,June,2023
2013,Hyderabad,Saidabad,2023-06-03,0.0,28.5,40.8,15.5,68.0,0.1,6.5,June,2023
2014,Hyderabad,Saidabad,2023-06-04,0.0,28.7,40.4,20.2,0.0,0.2,10.2,June,2023
2015,Hyderabad,Saidabad,2023-06-05,0.0,24.4,37.9,36.4,91.3,0.7,14.1,June,2023
2016,Hyderabad,Saidabad,2023-06-06,0.0,27.8,38.0,26.5,80.0,0.0,11.0,June,2023
2017,Hyderabad,Saidabad,2023-06-07,0.0,28.2,38.1,28.8,76.7,0.2,12.6,June,2023
2018,Hyderabad,Saidabad,2023-06-08,0.0,27.2,39.0,27.5,100.0,0.5,15.1,June,2023
2019,Hyderabad,Saidabad,2023-06-09,0.0,27.4,38.9,29.5,83.3,0.1,16.7,June,2023
2020,Hyderabad,Saidabad,2023-06-10,0.0,27.4,39.0,26.8,83.6,1.6,16.7,June,2023
2021,Hyderabad,Saidabad,2023-06-11,0.0,26.8,38.6,31.9,85.2,2.1,15.5,June,2023
2022,Hyderabad,Saidabad,2023-06-12,0.0,27.4,37.5,38.6,83.8,1.0,12.7,June,2023
2023,Hyderabad,Saidabad,2023-06-13,0.0,27.3,38.0,30.6,79.2,0.5,14.7,June,2023
2024,Hyderabad,Saidabad,2023-06-14,0.0,27.1,39.4,24.0,73.8,0.6,14.6,June,2023
2025,Hyderabad,Saidabad,2023-06-15,0.0,27.6,38.5,29.2,75.7,0.9,14.8,June,2023
2026,Hyderabad,Saidabad,2023-06-16,0.0,27.8,40.5,25.9,64.6,0.5,13.3,June,2023
2027,Hyderabad,Saidabad,2023-06-17,0.0,27.7,39.6,26.1,69.4,0.6,17.5,June,2023
2028,Hyderabad,Saidabad,2023-06-18,0.0,28.8,40.5,31.2,65.8,0.5,13.7,June,2023
2029,Hyderabad,Saidabad,2023-06-19,0.0,29.4,40.6,28.2,72.3,0.4,10.0,June,2023
2030,Hyderabad,Saidabad,2023-06-20,0.0,30.0,39.5,32.2,63.7,0.0,10.9,June,2023
2031,Hyderabad,Saidabad,2023-06-21,0.0,28.1,39.2,27.3,64.3,0.0,12.6,June,2023
2032,Hyderabad,Saidabad,2023-06-22,3.1,24.1,38.6,27.7,100.0,0.0,10.4,June,2023
2033,Hyderabad,Saidabad,2023-06-23,0.0,24.9,36.7,35.3,89.6,0.0,10.5,June,2023
2034,Hyderabad,Saidabad,2023-06-24,6.2,24.5,33.0,60.4,100.0,0.0,13.6,June,2023
2035,Hyderabad,Saidabad,2023-06-25,10.6,22.9,32.1,59.1,100.0,0.0,12.8,June,2023
2036,Hyderabad,Saidabad,2023-06-26,0.0,24.7,31.8,57.4,100.0,0.2,14.9,June,2023
2037,Hyderabad,Saidabad,2023-06-27,0.0,24.3,32.0,57.5,97.1,4.1,19.3,June,2023
2038,Hyderabad,Saidabad,2023-06-28,0.8,24.6,29.8,69.7,100.0,1.4,20.2,June,2023
2039,Hyderabad,Saidabad,2023-06-29,0.0,24.9,32.4,52.7,93.4,3.7,19.9,June,2023
2040,Hyderabad,Saidabad,2023-06-30,4.6,24.6,33.3,49.3,100.0,0.0,24.8,June,2023
2041,Hyderabad,Secunderabad,2023-06-01,0.0,24.4,38.8,24.7,73.1,0.0,16.6,June,2023
2042,Hyderabad,Secunderabad,2023-06-02,0.0,26.1,40.4,20.4,58.2,0.2,14.6,June,2023
2043,Hyderabad,Secunderabad,2023-06-03,0.0,28.0,41.2,16.8,49.2,0.0,7.7,June,2023
2044,Hyderabad,Secunderabad,2023-06-04,0.0,27.9,40.7,21.1,54.3,0.3,14.9,June,2023
2045,Hyderabad,Secunderabad,2023-06-05,0.0,22.8,37.9,31.1,81.6,0.3,8.2,June,2023
2046,Hyderabad,Secunderabad,2023-06-06,0.0,26.6,38.0,25.2,76.2,0.0,4.0,June,2023
2047,Hyderabad,Secunderabad,2023-06-07,0.0,28.0,38.6,25.4,58.8,0.0,9.8,June,2023
2048,Hyderabad,Secunderabad,2023-06-08,0.2,27.5,40.5,24.0,64.8,0.2,11.8,June,2023
2049,Hyderabad,Secunderabad,2023-06-09,0.0,27.5,39.2,27.4,64.8,0.0,11.7,June,2023
2050,Hyderabad,Secunderabad,2023-06-10,0.0,27.2,40.0,28.3,66.4,0.8,12.5,June,2023
2051,Hyderabad,Secunderabad,2023-06-11,0.0,26.1,39.1,29.8,68.8,0.9,13.0,June,2023
2052,Hyderabad,Secunderabad,2023-06-12,0.1,27.4,37.6,31.7,73.8,0.6,10.5,June,2023
2053,Hyderabad,Secunderabad,2023-06-13,0.0,27.2,38.7,24.8,61.7,0.8,10.8,June,2023
2054,Hyderabad,Secunderabad,2023-06-14,0.0,27.4,39.4,24.2,63.3,0.7,11.1,June,2023
2055,Hyderabad,Secunderabad,2023-06-15,0.0,27.2,38.8,25.3,60.2,1.4,12.5,June,2023
2056,Hyderabad,Secunderabad,2023-06-16,0.0,27.6,40.6,23.3,56.5,0.5,11.3,June,2023
2057,Hyderabad,Secunderabad,2023-06-17,0.0,27.9,39.4,24.7,61.7,0.7,13.2,June,2023
2058,Hyderabad,Secunderabad,2023-06-18,0.0,28.5,41.2,27.3,58.0,0.8,11.2,June,2023
2059,Hyderabad,Secunderabad,2023-06-19,0.0,28.7,41.2,25.9,59.6,0.0,10.8,June,2023
2060,Hyderabad,Secunderabad,2023-06-20,0.0,28.8,39.7,29.4,61.2,0.0,10.0,June,2023
2061,Hyderabad,Secunderabad,2023-06-21,0.0,27.7,41.4,27.6,68.8,0.4,9.2,June,2023
2062,Hyderabad,Secunderabad,2023-06-22,19.4,23.6,40.3,27.3,98.3,0.3,11.5,June,2023
2063,Hyderabad,Secunderabad,2023-06-23,0.0,26.2,36.9,37.0,81.0,0.0,11.4,June,2023
2064,Hyderabad,Secunderabad,2023-06-24,12.7,24.2,35.2,44.4,95.3,0.6,9.9,June,2023
2065,Hyderabad,Secunderabad,2023-06-25,49.5,22.5,33.0,54.2,99.3,0.4,9.3,June,2023
2066,Hyderabad,Secunderabad,2023-06-26,0.8,24.8,32.0,55.7,88.0,0.3,8.9,June,2023
2067,Hyderabad,Secunderabad,2023-06-27,0.0,24.4,30.7,62.3,86.3,0.3,10.8,June,2023
2068,Hyderabad,Secunderabad,2023-06-28,0.2,24.4,32.5,56.2,87.0,0.5,8.9,June,2023
2069,Hyderabad,Secunderabad,2023-06-29,0.0,24.5,34.5,44.1,81.8,1.1,8.0,June,2023
2070,Hyderabad,Secunderabad,2023-06-30,0.8,24.2,34.7,46.4,82.8,0.6,14.0,June,2023
2071,Hyderabad,Shaikpet,2023-06-01,0.3,24.8,40.2,24.5,60.0,0.0,2.4,June,2023
2072,Hyderabad,Shaikpet,2023-06-02,0.0,27.3,41.0,20.3,70.0,0.0,11.4,June,2023
2073,Hyderabad,Shaikpet,2023-06-03,0.0,28.5,41.2,13.1,44.9,0.0,14.5,June,2023
2074,Hyderabad,Shaikpet,2023-06-04,0.6,26.4,40.7,15.6,71.1,0.1,6.5,June,2023
2075,Hyderabad,Shaikpet,2023-06-05,0.1,24.1,37.9,37.0,74.4,0.2,65.1,June,2023
2076,Hyderabad,Shaikpet,2023-06-06,0.0,27.5,38.0,28.2,59.4,0.0,13.4,June,2023
2077,Hyderabad,Shaikpet,2023-06-07,0.0,27.8,38.6,28.9,59.1,0.1,10.2,June,2023
2078,Hyderabad,Shaikpet,2023-06-08,0.0,26.0,39.0,26.8,63.7,1.2,7.5,June,2023
2079,Hyderabad,Shaikpet,2023-06-09,0.0,26.3,38.9,28.2,63.5,0.1,7.7,June,2023
2080,Hyderabad,Shaikpet,2023-06-10,0.0,26.1,39.1,28.2,65.5,0.3,7.5,June,2023
2081,Hyderabad,Shaikpet,2023-06-11,1.5,23.2,39.2,30.8,85.4,1.5,13.6,June,2023
2082,Hyderabad,Shaikpet,2023-06-12,0.2,26.5,36.8,36.1,66.5,1.4,8.9,June,2023
2083,Hyderabad,Shaikpet,2023-06-13,0.0,26.1,39.3,30.0,61.4,0.2,11.7,June,2023
2084,Hyderabad,Shaikpet,2023-06-14,0.0,26.3,39.7,24.9,63.5,1.1,9.3,June,2023
2085,Hyderabad,Shaikpet,2023-06-15,0.0,26.3,38.8,28.3,60.9,1.6,12.6,June,2023
2086,Hyderabad,Shaikpet,2023-06-16,0.0,26.6,39.0,26.0,74.4,0.1,10.6,June,2023
2087,Hyderabad,Shaikpet,2023-06-17,0.0,26.7,39.7,25.1,62.5,1.6,11.0,June,2023
2088,Hyderabad,Shaikpet,2023-06-18,0.0,27.3,38.8,29.4,59.7,0.0,12.8,June,2023
2089,Hyderabad,Shaikpet,2023-06-19,0.0,28.0,38.9,27.8,57.4,0.0,12.7,June,2023
2090,Hyderabad,Shaikpet,2023-06-20,0.0,28.3,38.1,31.3,54.9,0.0,8.4,June,2023
2091,Hyderabad,Shaikpet,2023-06-21,0.0,26.7,39.6,29.5,69.1,1.1,13.3,June,2023
2092,Hyderabad,Shaikpet,2023-06-22,9.0,22.9,38.7,30.3,97.9,0.0,9.8,June,2023
2093,Hyderabad,Shaikpet,2023-06-23,0.0,24.3,37.6,33.8,81.6,0.2,9.5,June,2023
2094,Hyderabad,Shaikpet,2023-06-24,19.5,23.3,33.3,46.5,99.9,0.0,10.6,June,2023
2095,Hyderabad,Shaikpet,2023-06-25,56.3,21.6,34.1,49.7,99.9,0.0,13.3,June,2023
2096,Hyderabad,Shaikpet,2023-06-26,0.1,23.8,31.2,57.9,91.3,0.2,9.7,June,2023
2097,Hyderabad,Shaikpet,2023-06-27,0.0,23.6,31.6,57.3,86.6,0.3,9.2,June,2023
2098,Hyderabad,Shaikpet,2023-06-28,0.2,24.1,31.7,57.3,88.0,0.0,10.9,June,2023
2099,Hyderabad,Shaikpet,2023-06-29,0.0,23.7,33.7,46.2,82.7,1.9,10.2,June,2023
2100,Hyderabad,Shaikpet,2023-06-30,0.4,23.2,33.1,49.3,93.2,2.4,14.3,June,2023
2101,Hyderabad,Tirumalgiri,2023-06-01,0.0,26.6,38.7,35.5,64.6,0.0,11.3,June,2023
2102,Hyderabad,Tirumalgiri,2023-06-02,0.0,28.8,41.4,28.7,59.7,0.0,9.8,June,2023
2103,Hyderabad,Tirumalgiri,2023-06-03,0.0,30.4,40.5,25.3,47.1,0.0,16.4,June,2023
2104,Hyderabad,Tirumalgiri,2023-06-04,0.0,28.7,40.8,29.4,58.7,0.0,15.9,June,2023
2105,Hyderabad,Tirumalgiri,2023-06-05,0.0,24.9,38.7,39.5,71.5,0.0,16.3,June,2023
2106,Hyderabad,Tirumalgiri,2023-06-06,0.0,28.1,36.5,35.7,60.7,0.0,15.0,June,2023
2107,Hyderabad,Tirumalgiri,2023-06-07,0.4,28.2,38.0,38.1,69.3,0.0,18.7,June,2023
2108,Hyderabad,Tirumalgiri,2023-06-08,0.5,27.0,40.4,34.1,63.6,2.2,15.2,June,2023
2109,Hyderabad,Tirumalgiri,2023-06-09,0.0,27.3,38.4,37.5,63.6,0.0,15.4,June,2023
2110,Hyderabad,Tirumalgiri,2023-06-10,0.0,27.3,37.9,38.6,65.1,0.0,17.5,June,2023
2111,Hyderabad,Tirumalgiri,2023-06-11,0.0,26.8,37.7,42.1,66.1,1.9,17.4,June,2023
2112,Hyderabad,Tirumalgiri,2023-06-12,0.8,27.6,36.6,42.1,66.1,0.0,15.0,June,2023
2113,Hyderabad,Tirumalgiri,2023-06-13,0.0,27.0,38.3,37.5,63.6,0.0,15.5,June,2023
2114,Hyderabad,Tirumalgiri,2023-06-14,0.0,27.2,38.3,33.2,64.6,0.0,17.8,June,2023
2115,Hyderabad,Tirumalgiri,2023-06-15,0.0,27.1,37.6,35.2,63.6,2.2,17.8,June,2023
2116,Hyderabad,Tirumalgiri,2023-06-16,0.0,27.6,37.4,35.7,61.1,0.0,16.8,June,2023
2117,Hyderabad,Tirumalgiri,2023-06-17,0.0,27.6,38.3,34.5,64.1,0.0,15.0,June,2023
2118,Hyderabad,Tirumalgiri,2023-06-18,0.0,28.3,37.2,40.9,62.6,0.0,17.3,June,2023
2119,Hyderabad,Tirumalgiri,2023-06-19,1.2,26.5,37.8,36.3,74.0,0.0,16.0,June,2023
2120,Hyderabad,Tirumalgiri,2023-06-20,0.0,29.1,36.8,42.7,62.1,0.0,13.9,June,2023
2121,Hyderabad,Tirumalgiri,2023-06-21,0.0,27.8,38.1,39.8,68.0,0.0,12.7,June,2023
2122,Hyderabad,Tirumalgiri,2023-06-22,39.9,23.5,36.8,42.1,93.9,0.0,15.0,June,2023
2123,Hyderabad,Tirumalgiri,2023-06-23,0.0,26.3,34.3,54.6,74.9,0.0,13.0,June,2023
2124,Hyderabad,Tirumalgiri,2023-06-24,16.0,23.5,32.7,60.6,93.4,0.0,10.9,June,2023
2125,Hyderabad,Tirumalgiri,2023-06-25,21.0,22.3,31.3,66.7,93.1,0.0,10.2,June,2023
2126,Hyderabad,Tirumalgiri,2023-06-26,8.0,24.5,30.7,66.1,94.3,0.0,14.8,June,2023
2127,Hyderabad,Tirumalgiri,2023-06-27,0.0,24.4,30.4,67.1,83.6,0.7,12.8,June,2023
2128,Hyderabad,Tirumalgiri,2023-06-28,0.3,24.7,31.0,66.7,85.2,0.0,19.3,June,2023
2129,Hyderabad,Tirumalgiri,2023-06-29,0.0,24.4,32.4,63.2,78.4,0.0,15.5,June,2023
2130,Hyderabad,Tirumalgiri,2023-06-30,0.4,24.1,32.8,64.6,84.0,0.0,15.2,June,2023
2131,Jagtial,19,2023-06-01,0.0,26.1,42.3,40.4,97.2,0.0,8.6,June,2023
2132,Jagtial,19,2023-06-02,0.0,26.1,44.6,26.7,83.7,0.0,12.7,June,2023
2133,Jagtial,19,2023-06-03,0.0,26.7,44.3,23.5,77.0,0.0,12.1,June,2023
2134,Jagtial,19,2023-06-04,0.0,28.6,44.2,31.4,76.4,0.0,12.3,June,2023
2135,Jagtial,19,2023-06-05,0.0,24.4,44.1,25.3,91.4,0.0,13.3,June,2023
2136,Jagtial,19,2023-06-06,0.0,27.9,41.9,31.4,70.5,0.0,14.4,June,2023
2137,Jagtial,19,2023-06-07,0.0,25.6,42.2,33.0,76.4,0.0,13.6,June,2023
2138,Jagtial,19,2023-06-08,0.0,27.9,44.3,33.2,67.1,0.0,12.4,June,2023
2139,Jagtial,19,2023-06-09,0.0,26.7,44.1,24.5,68.0,0.0,14.3,June,2023
2140,Jagtial,19,2023-06-10,0.0,28.3,44.0,26.0,64.3,0.0,17.6,June,2023
2141,Jagtial,19,2023-06-11,8.2,27.0,42.4,33.9,84.6,0.0,15.5,June,2023
2142,Jagtial,19,2023-06-12,0.0,27.8,41.7,47.8,84.9,0.0,17.5,June,2023
2143,Jagtial,19,2023-06-13,0.0,28.3,42.4,34.6,63.1,0.0,16.1,June,2023
2144,Jagtial,19,2023-06-14,0.0,30.6,42.2,31.3,63.1,0.0,21.7,June,2023
2145,Jagtial,19,2023-06-15,0.0,29.5,42.1,31.4,67.6,0.0,14.9,June,2023
2146,Jagtial,19,2023-06-16,0.0,28.6,41.6,31.2,62.3,0.0,15.4,June,2023
2147,Jagtial,19,2023-06-17,0.0,28.8,43.1,25.5,66.7,0.0,16.4,June,2023
2148,Jagtial,19,2023-06-18,0.0,29.8,42.0,35.3,63.1,0.0,16.4,June,2023
2149,Jagtial,19,2023-06-19,0.0,29.2,42.6,35.4,67.5,0.0,13.4,June,2023
2150,Jagtial,19,2023-06-20,0.0,28.4,41.3,33.5,70.7,0.0,13.0,June,2023
2151,Jagtial,19,2023-06-21,0.0,26.9,42.8,27.9,83.7,0.0,11.0,June,2023
2152,Jagtial,19,2023-06-22,0.5,26.2,40.2,44.4,97.6,0.0,16.6,June,2023
2153,Jagtial,19,2023-06-23,3.6,24.7,38.3,40.8,100.0,0.0,10.8,June,2023
2154,Jagtial,19,2023-06-24,1.8,25.8,30.7,78.7,99.2,0.2,6.9,June,2023
2155,Jagtial,19,2023-06-25,0.0,25.2,30.9,71.4,93.0,0.0,8.3,June,2023
2156,Jagtial,19,2023-06-26,6.8,24.2,32.7,61.6,98.9,0.0,14.9,June,2023
2157,Jagtial,19,2023-06-27,7.7,23.7,28.1,82.2,98.9,0.0,15.0,June,2023
2158,Jagtial,19,2023-06-28,1.8,24.2,28.4,81.6,94.1,0.0,13.3,June,2023
2159,Jagtial,19,2023-06-29,10.8,24.8,32.9,61.6,100.0,0.0,15.3,June,2023
2160,Jagtial,19,2023-06-30,2.9,27.0,34.7,54.3,84.5,0.0,14.2,June,2023
2161,Jagtial,20,2023-06-01,0.0,27.0,41.1,36.5,93.2,0.0,9.4,June,2023
2162,Jagtial,20,2023-06-02,0.0,25.5,42.2,22.8,76.4,0.0,5.2,June,2023
2163,Jagtial,20,2023-06-03,0.0,25.7,44.5,20.3,69.5,0.0,6.0,June,2023
2164,Jagtial,20,2023-06-04,0.0,26.8,42.2,26.8,72.4,0.0,10.5,June,2023
2165,Jagtial,20,2023-06-05,0.8,23.3,44.0,26.5,99.9,0.0,15.5,June,2023
2166,Jagtial,20,2023-06-06,0.0,26.4,39.9,32.8,76.9,0.0,6.8,June,2023
2167,Jagtial,20,2023-06-07,12.2,24.9,40.5,35.5,90.8,0.0,20.6,June,2023
2168,Jagtial,20,2023-06-08,0.0,27.2,42.8,31.6,72.6,0.0,10.2,June,2023
2169,Jagtial,20,2023-06-09,0.0,26.6,41.8,32.1,78.1,0.0,11.7,June,2023
2170,Jagtial,20,2023-06-10,0.0,28.9,41.7,33.1,72.3,0.0,12.3,June,2023
2171,Jagtial,20,2023-06-11,0.4,26.5,41.0,33.2,83.9,0.0,11.4,June,2023
2172,Jagtial,20,2023-06-12,0.0,28.0,39.7,42.1,74.0,0.0,10.9,June,2023
2173,Jagtial,20,2023-06-13,0.0,28.8,41.8,28.4,65.9,0.0,14.6,June,2023
2174,Jagtial,20,2023-06-14,0.0,29.0,42.1,25.1,70.4,0.0,11.6,June,2023
2175,Jagtial,20,2023-06-15,0.0,28.4,41.9,28.2,70.4,0.0,14.6,June,2023
2176,Jagtial,20,2023-06-16,0.0,28.6,41.5,31.3,63.1,0.0,12.2,June,2023
2177,Jagtial,20,2023-06-17,0.0,29.3,41.9,23.9,66.4,0.0,10.6,June,2023
2178,Jagtial,20,2023-06-18,0.0,29.8,41.5,34.9,66.5,0.0,12.9,June,2023
2179,Jagtial,20,2023-06-19,0.0,29.1,39.8,35.0,65.3,0.0,15.4,June,2023
2180,Jagtial,20,2023-06-20,0.0,28.0,39.9,34.1,65.3,0.0,9.5,June,2023
2181,Jagtial,20,2023-06-21,0.0,27.6,41.1,34.0,78.1,0.0,8.4,June,2023
2182,Jagtial,20,2023-06-22,0.0,26.7,38.8,33.0,77.2,0.0,8.3,June,2023
2183,Jagtial,20,2023-06-23,0.5,24.8,38.8,36.8,100.0,0.0,13.8,June,2023
2184,Jagtial,20,2023-06-24,2.4,24.6,31.3,66.6,100.0,0.0,6.2,June,2023
2185,Jagtial,20,2023-06-25,5.3,23.9,31.5,69.5,100.0,0.0,6.9,June,2023
2186,Jagtial,20,2023-06-26,4.9,24.1,32.2,65.5,100.0,0.0,8.0,June,2023
2187,Jagtial,20,2023-06-27,3.8,23.3,27.3,85.8,100.0,0.2,10.7,June,2023
2188,Jagtial,20,2023-06-28,5.4,22.8,28.6,83.1,100.0,0.0,10.8,June,2023
2189,Jagtial,20,2023-06-29,4.4,24.2,32.3,68.6,100.0,0.0,9.1,June,2023
2190,Jagtial,20,2023-06-30,0.0,25.5,33.5,60.5,94.5,0.0,6.8,June,2023
2191,Jagtial,Beerpur,2023-06-01,0.0,25.2,41.0,39.3,92.2,0.0,2.2,June,2023
2192,Jagtial,Beerpur,2023-06-02,0.7,23.5,42.7,31.7,88.0,0.0,1.5,June,2023
2193,Jagtial,Beerpur,2023-06-03,0.0,26.7,43.4,22.6,83.1,0.0,5.9,June,2023
2194,Jagtial,Beerpur,2023-06-04,0.0,27.3,42.9,24.5,84.7,0.0,5.0,June,2023
2195,Jagtial,Beerpur,2023-06-05,0.0,24.7,42.3,35.7,90.6,0.0,20.9,June,2023
2196,Jagtial,Beerpur,2023-06-06,0.0,26.9,42.1,43.8,80.5,0.0,11.0,June,2023
2197,Jagtial,Beerpur,2023-06-07,0.0,24.8,43.1,33.3,84.0,0.0,13.0,June,2023
2198,Jagtial,Beerpur,2023-06-08,0.0,28.0,42.8,34.6,77.0,0.0,13.1,June,2023
2199,Jagtial,Beerpur,2023-06-09,0.0,28.3,42.4,33.1,85.6,0.0,15.3,June,2023
2200,Jagtial,Beerpur,2023-06-10,0.0,28.5,43.8,29.9,63.9,0.0,18.6,June,2023
2201,Jagtial,Beerpur,2023-06-11,0.0,28.0,42.3,38.3,70.4,0.0,15.3,June,2023
2202,Jagtial,Beerpur,2023-06-12,0.0,28.2,41.5,39.5,76.0,0.0,14.5,June,2023
2203,Jagtial,Beerpur,2023-06-13,0.0,29.3,42.5,37.2,66.0,0.0,18.1,June,2023
2204,Jagtial,Beerpur,2023-06-14,0.0,28.5,42.1,33.8,66.6,0.0,18.7,June,2023
2205,Jagtial,Beerpur,2023-06-15,0.0,28.4,42.0,33.9,55.9,0.0,20.5,June,2023
2206,Jagtial,Beerpur,2023-06-16,0.0,28.6,42.3,20.6,55.4,0.0,16.7,June,2023
2207,Jagtial,Beerpur,2023-06-17,0.0,28.8,42.2,16.6,58.4,0.0,15.3,June,2023
2208,Jagtial,Beerpur,2023-06-18,0.0,29.4,43.8,40.2,70.4,0.0,17.4,June,2023
2209,Jagtial,Beerpur,2023-06-19,0.0,29.2,42.1,36.3,62.8,0.0,17.0,June,2023
2210,Jagtial,Beerpur,2023-06-20,0.0,28.6,41.5,24.7,76.4,0.0,17.9,June,2023
2211,Jagtial,Beerpur,2023-06-21,0.0,27.8,42.1,40.4,75.4,0.0,10.8,June,2023
2212,Jagtial,Beerpur,2023-06-22,0.0,26.6,41.1,39.0,91.0,0.0,12.3,June,2023
2213,Jagtial,Beerpur,2023-06-23,4.6,23.6,38.7,44.5,95.9,0.0,11.8,June,2023
2214,Jagtial,Beerpur,2023-06-24,0.0,25.0,30.7,83.7,99.0,0.0,5.6,June,2023
2215,Jagtial,Beerpur,2023-06-25,0.0,24.7,30.4,84.3,93.0,0.0,4.8,June,2023
2216,Jagtial,Beerpur,2023-06-26,27.1,24.4,32.0,70.6,97.2,0.0,19.5,June,2023
2217,Jagtial,Beerpur,2023-06-27,8.1,23.3,28.2,82.9,96.9,0.0,15.4,June,2023
2218,Jagtial,Beerpur,2023-06-28,7.0,24.2,28.1,92.1,97.6,0.0,11.9,June,2023
2219,Jagtial,Beerpur,2023-06-29,0.0,25.3,32.4,78.6,95.1,0.0,13.8,June,2023
2220,Jagtial,Beerpur,2023-06-30,1.2,25.9,34.6,62.2,85.4,0.0,15.0,June,2023
2221,Jagtial,Buggaram,2023-06-01,0.0,29.0,40.5,38.6,90.6,0.0,5.7,June,2023
2222,Jagtial,Buggaram,2023-06-02,0.0,28.4,41.8,17.7,76.5,0.0,2.2,June,2023
2223,Jagtial,Buggaram,2023-06-03,0.0,28.2,41.5,16.9,70.1,0.0,10.2,June,2023
2224,Jagtial,Buggaram,2023-06-04,0.0,30.0,43.0,19.5,61.4,0.0,9.7,June,2023
2225,Jagtial,Buggaram,2023-06-05,0.0,25.8,41.7,22.3,94.5,0.0,14.1,June,2023
2226,Jagtial,Buggaram,2023-06-06,0.0,29.7,41.5,26.0,72.2,0.0,8.6,June,2023
2227,Jagtial,Buggaram,2023-06-07,0.0,29.3,39.9,26.7,67.5,0.0,13.7,June,2023
2228,Jagtial,Buggaram,2023-06-08,0.0,31.4,41.7,22.8,58.5,0.0,4.6,June,2023
2229,Jagtial,Buggaram,2023-06-09,0.0,30.6,41.6,20.8,62.9,0.0,6.6,June,2023
2230,Jagtial,Buggaram,2023-06-10,0.0,32.1,42.2,19.7,53.7,0.0,14.2,June,2023
2231,Jagtial,Buggaram,2023-06-11,0.0,29.0,40.6,28.7,76.5,0.0,12.4,June,2023
2232,Jagtial,Buggaram,2023-06-12,0.0,31.6,41.3,32.6,64.3,0.0,10.3,June,2023
2233,Jagtial,Buggaram,2023-06-13,0.0,31.6,41.4,25.6,49.1,0.0,5.9,June,2023
2234,Jagtial,Buggaram,2023-06-14,0.0,31.5,42.6,20.4,52.7,0.0,10.7,June,2023
2235,Jagtial,Buggaram,2023-06-15,0.0,31.3,41.4,23.0,53.7,0.0,9.9,June,2023
2236,Jagtial,Buggaram,2023-06-16,0.0,31.9,41.8,24.1,45.3,0.0,12.0,June,2023
2237,Jagtial,Buggaram,2023-06-17,0.0,32.1,41.4,20.2,52.3,0.0,12.6,June,2023
2238,Jagtial,Buggaram,2023-06-18,0.0,32.1,40.2,27.4,50.7,0.0,12.2,June,2023
2239,Jagtial,Buggaram,2023-06-19,0.0,32.1,40.7,26.0,42.5,0.0,8.7,June,2023
2240,Jagtial,Buggaram,2023-06-20,0.0,31.0,40.8,24.1,56.6,0.0,10.6,June,2023
2241,Jagtial,Buggaram,2023-06-21,0.0,30.0,41.8,24.3,72.5,0.0,7.3,June,2023
2242,Jagtial,Buggaram,2023-06-22,1.8,27.2,40.6,30.0,100.0,0.0,10.2,June,2023
2243,Jagtial,Buggaram,2023-06-23,3.8,25.4,38.7,38.6,100.0,0.0,6.0,June,2023
2244,Jagtial,Buggaram,2023-06-24,2.0,25.9,30.6,93.0,99.1,0.0,5.2,June,2023
2245,Jagtial,Buggaram,2023-06-25,0.0,26.2,31.2,84.5,99.3,0.0,4.9,June,2023
2246,Jagtial,Buggaram,2023-06-26,36.4,25.3,32.7,85.9,100.0,0.0,0.5,June,2023
2247,Jagtial,Buggaram,2023-06-27,6.8,24.7,28.1,94.1,98.9,0.0,2.8,June,2023
2248,Jagtial,Buggaram,2023-06-28,4.4,24.5,28.2,87.0,98.0,0.0,9.3,June,2023
2249,Jagtial,Buggaram,2023-06-29,0.0,26.6,32.5,83.2,99.8,0.0,7.7,June,2023
2250,Jagtial,Buggaram,2023-06-30,0.0,27.6,34.3,75.0,100.0,0.0,2.8,June,2023
2251,Jagtial,Dharmapuri,2023-06-01,0.0,27.4,42.5,28.2,90.9,0.0,10.2,June,2023
2252,Jagtial,Dharmapuri,2023-06-02,0.0,27.1,45.1,11.6,81.4,0.0,9.5,June,2023
2253,Jagtial,Dharmapuri,2023-06-03,0.0,27.0,44.1,11.0,83.4,0.0,9.5,June,2023
2254,Jagtial,Dharmapuri,2023-06-04,0.0,28.8,44.4,12.3,76.0,0.0,15.2,June,2023
2255,Jagtial,Dharmapuri,2023-06-05,1.8,24.3,42.5,18.5,90.3,0.0,29.7,June,2023
2256,Jagtial,Dharmapuri,2023-06-06,0.0,27.2,42.3,17.2,70.4,0.0,9.7,June,2023
2257,Jagtial,Dharmapuri,2023-06-07,0.0,28.3,44.1,19.2,76.5,0.0,23.3,June,2023
2258,Jagtial,Dharmapuri,2023-06-08,0.0,29.4,44.4,17.9,70.4,0.0,16.6,June,2023
2259,Jagtial,Dharmapuri,2023-06-09,0.0,29.4,44.0,16.6,70.6,0.0,13.9,June,2023
2260,Jagtial,Dharmapuri,2023-06-10,0.0,30.8,44.8,16.8,72.9,0.0,19.3,June,2023
2261,Jagtial,Dharmapuri,2023-06-11,0.0,28.4,41.6,22.8,76.6,0.0,23.7,June,2023
2262,Jagtial,Dharmapuri,2023-06-12,1.7,30.6,41.3,25.6,77.0,0.0,19.5,June,2023
2263,Jagtial,Dharmapuri,2023-06-13,0.0,31.4,42.8,20.0,63.1,0.0,21.7,June,2023
2264,Jagtial,Dharmapuri,2023-06-14,0.0,31.0,44.7,15.5,58.4,0.0,19.9,June,2023
2265,Jagtial,Dharmapuri,2023-06-15,0.0,30.6,42.3,17.2,63.1,0.0,18.1,June,2023
2266,Jagtial,Dharmapuri,2023-06-16,0.2,29.7,44.1,18.7,55.4,0.0,19.7,June,2023
2267,Jagtial,Dharmapuri,2023-06-17,0.0,31.4,42.4,15.9,58.4,0.0,23.8,June,2023
2268,Jagtial,Dharmapuri,2023-06-18,0.0,31.6,44.1,20.4,63.1,0.0,21.5,June,2023
2269,Jagtial,Dharmapuri,2023-06-19,0.0,31.8,43.9,19.2,56.5,1.0,17.4,June,2023
2270,Jagtial,Dharmapuri,2023-06-20,0.0,29.1,41.8,19.2,62.6,0.0,15.8,June,2023
2271,Jagtial,Dharmapuri,2023-06-21,0.0,27.8,42.4,20.0,76.5,0.0,13.4,June,2023
2272,Jagtial,Dharmapuri,2023-06-22,0.8,26.7,40.8,23.6,97.6,0.0,15.4,June,2023
2273,Jagtial,Dharmapuri,2023-06-23,19.4,23.7,39.4,27.5,100.0,0.0,13.8,June,2023
2274,Jagtial,Dharmapuri,2023-06-24,0.3,23.9,30.2,80.6,100.0,0.0,7.3,June,2023
2275,Jagtial,Dharmapuri,2023-06-25,0.0,25.0,31.0,73.6,94.9,0.6,7.3,June,2023
2276,Jagtial,Dharmapuri,2023-06-26,4.6,24.6,34.4,54.2,100.0,0.0,14.1,June,2023
2277,Jagtial,Dharmapuri,2023-06-27,5.9,23.5,28.5,73.9,100.0,0.0,21.5,June,2023
2278,Jagtial,Dharmapuri,2023-06-28,6.1,23.5,28.2,82.6,100.0,0.0,12.7,June,2023
2279,Jagtial,Dharmapuri,2023-06-29,0.0,25.5,33.0,58.2,100.0,0.0,19.5,June,2023
2280,Jagtial,Dharmapuri,2023-06-30,0.0,26.3,36.1,48.7,79.0,0.0,15.7,June,2023
2281,Jagtial,Gollapalle,2023-06-01,0.0,26.8,39.5,37.0,94.7,0.0,7.7,June,2023
2282,Jagtial,Gollapalle,2023-06-02,0.0,26.2,41.7,24.1,82.5,0.0,7.6,June,2023
2283,Jagtial,Gollapalle,2023-06-03,0.0,25.7,41.6,24.3,77.2,0.0,8.5,June,2023
2284,Jagtial,Gollapalle,2023-06-04,0.0,28.0,42.0,26.4,72.3,0.0,12.8,June,2023
2285,Jagtial,Gollapalle,2023-06-05,0.0,23.8,41.2,24.9,96.1,0.0,15.3,June,2023
2286,Jagtial,Gollapalle,2023-06-06,0.0,27.0,39.9,26.0,81.1,0.3,8.5,June,2023
2287,Jagtial,Gollapalle,2023-06-07,0.0,26.6,40.7,26.3,84.1,0.0,9.7,June,2023
2288,Jagtial,Gollapalle,2023-06-08,0.0,28.5,41.4,26.6,42.4,0.0,7.7,June,2023
2289,Jagtial,Gollapalle,2023-06-09,0.0,27.5,41.5,26.1,68.3,0.0,11.5,June,2023
2290,Jagtial,Gollapalle,2023-06-10,0.3,30.7,42.2,26.3,60.8,0.0,10.7,June,2023
2291,Jagtial,Gollapalle,2023-06-11,0.0,27.8,40.7,23.3,81.3,0.0,14.3,June,2023
2292,Jagtial,Gollapalle,2023-06-12,0.0,31.2,40.0,29.4,70.9,0.0,13.9,June,2023
2293,Jagtial,Gollapalle,2023-06-13,0.0,30.8,41.2,27.7,60.2,0.0,13.9,June,2023
2294,Jagtial,Gollapalle,2023-06-14,0.0,30.6,41.3,26.2,60.4,0.0,13.4,June,2023
2295,Jagtial,Gollapalle,2023-06-15,0.0,30.7,40.7,27.3,63.7,0.0,14.0,June,2023
2296,Jagtial,Gollapalle,2023-06-16,0.0,29.7,39.4,26.4,51.9,0.0,13.4,June,2023
2297,Jagtial,Gollapalle,2023-06-17,0.0,29.9,41.0,26.2,65.2,0.0,11.4,June,2023
2298,Jagtial,Gollapalle,2023-06-18,0.0,30.4,40.3,28.6,59.3,0.0,14.8,June,2023
2299,Jagtial,Gollapalle,2023-06-19,0.0,31.2,40.6,27.9,60.3,0.0,14.0,June,2023
2300,Jagtial,Gollapalle,2023-06-20,0.0,28.3,40.0,27.4,67.9,0.0,8.8,June,2023
2301,Jagtial,Gollapalle,2023-06-21,0.0,28.4,41.2,27.8,80.5,0.0,9.6,June,2023
2302,Jagtial,Gollapalle,2023-06-22,0.3,27.1,40.2,29.0,93.8,0.0,8.0,June,2023
2303,Jagtial,Gollapalle,2023-06-23,2.6,25.0,37.5,33.2,98.9,0.0,10.2,June,2023
2304,Jagtial,Gollapalle,2023-06-24,1.9,26.0,30.8,89.6,98.2,0.0,6.2,June,2023
2305,Jagtial,Gollapalle,2023-06-25,0.0,25.2,31.3,89.6,98.6,0.0,7.2,June,2023
2306,Jagtial,Gollapalle,2023-06-26,18.8,24.4,32.2,84.2,99.1,0.0,10.3,June,2023
2307,Jagtial,Gollapalle,2023-06-27,7.3,24.0,27.1,94.1,98.9,0.0,11.2,June,2023
2308,Jagtial,Gollapalle,2023-06-28,2.0,23.9,29.1,87.0,98.0,0.0,10.7,June,2023
2309,Jagtial,Gollapalle,2023-06-29,1.2,25.2,32.4,84.7,99.4,0.0,12.8,June,2023
2310,Jagtial,Gollapalle,2023-06-30,0.0,26.4,34.3,65.9,91.3,0.9,12.8,June,2023
2311,Jagtial,Ibrahimpatnam,2023-06-01,0.0,26.5,41.4,40.0,84.1,0.0,7.9,June,2023
2312,Jagtial,Ibrahimpatnam,2023-06-02,0.0,27.0,41.6,16.9,70.7,0.0,8.5,June,2023
2313,Jagtial,Ibrahimpatnam,2023-06-03,0.0,27.3,44.0,26.4,67.6,0.0,6.5,June,2023
2314,Jagtial,Ibrahimpatnam,2023-06-04,0.0,29.8,41.9,31.9,69.9,0.0,9.8,June,2023
2315,Jagtial,Ibrahimpatnam,2023-06-05,0.3,24.4,43.5,31.7,95.5,0.0,14.3,June,2023
2316,Jagtial,Ibrahimpatnam,2023-06-06,0.0,27.8,42.3,31.7,71.9,0.0,7.6,June,2023
2317,Jagtial,Ibrahimpatnam,2023-06-07,2.4,28.7,38.8,45.1,84.9,0.0,10.2,June,2023
2318,Jagtial,Ibrahimpatnam,2023-06-08,0.0,29.7,41.9,31.9,64.7,0.0,11.3,June,2023
2319,Jagtial,Ibrahimpatnam,2023-06-09,0.8,27.8,42.5,33.5,78.0,0.0,12.5,June,2023
2320,Jagtial,Ibrahimpatnam,2023-06-10,0.0,28.5,41.2,36.0,65.1,0.0,12.5,June,2023
2321,Jagtial,Ibrahimpatnam,2023-06-11,12.4,27.0,39.2,36.1,90.8,0.0,15.0,June,2023
2322,Jagtial,Ibrahimpatnam,2023-06-12,0.0,29.8,42.0,40.3,71.2,0.0,13.2,June,2023
2323,Jagtial,Ibrahimpatnam,2023-06-13,0.0,29.0,42.1,40.1,62.6,0.0,11.9,June,2023
2324,Jagtial,Ibrahimpatnam,2023-06-14,0.0,28.5,41.7,31.4,63.1,0.0,15.4,June,2023
2325,Jagtial,Ibrahimpatnam,2023-06-15,0.0,28.4,41.8,35.5,63.4,0.0,11.6,June,2023
2326,Jagtial,Ibrahimpatnam,2023-06-16,0.0,29.4,40.3,32.2,62.6,0.0,11.5,June,2023
2327,Jagtial,Ibrahimpatnam,2023-06-17,0.0,28.8,41.8,31.2,65.2,0.0,9.6,June,2023
2328,Jagtial,Ibrahimpatnam,2023-06-18,0.0,30.6,41.4,39.2,65.5,0.0,10.5,June,2023
2329,Jagtial,Ibrahimpatnam,2023-06-19,0.0,29.2,40.3,40.2,64.6,0.0,8.1,June,2023
2330,Jagtial,Ibrahimpatnam,2023-06-20,0.0,30.0,41.9,35.1,63.1,0.0,6.5,June,2023
2331,Jagtial,Ibrahimpatnam,2023-06-21,0.0,27.6,41.2,34.6,76.9,0.0,8.7,June,2023
2332,Jagtial,Ibrahimpatnam,2023-06-22,0.0,26.6,39.3,40.2,72.2,0.0,6.5,June,2023
2333,Jagtial,Ibrahimpatnam,2023-06-23,4.8,24.3,39.5,34.7,97.1,0.0,6.9,June,2023
2334,Jagtial,Ibrahimpatnam,2023-06-24,15.1,23.1,30.7,70.9,98.0,0.0,5.6,June,2023
2335,Jagtial,Ibrahimpatnam,2023-06-25,0.0,24.9,32.3,68.4,94.8,0.0,8.4,June,2023
2336,Jagtial,Ibrahimpatnam,2023-06-26,9.2,24.4,32.4,64.3,97.1,0.0,9.2,June,2023
2337,Jagtial,Ibrahimpatnam,2023-06-27,14.1,23.4,27.1,81.1,98.4,0.0,8.4,June,2023
2338,Jagtial,Ibrahimpatnam,2023-06-28,5.9,23.3,27.5,87.9,97.1,0.0,9.9,June,2023
2339,Jagtial,Ibrahimpatnam,2023-06-29,0.0,25.5,32.7,67.1,92.2,0.0,10.8,June,2023
2340,Jagtial,Ibrahimpatnam,2023-06-30,0.0,26.4,33.8,56.3,76.4,0.0,10.6,June,2023
2341,Jagtial,Jagityal_Rural,2023-06-01,0.0,26.3,40.0,40.0,83.7,0.0,5.3,June,2023
2342,Jagtial,Jagityal_Rural,2023-06-02,0.0,27.5,41.6,25.2,76.4,0.0,3.1,June,2023
2343,Jagtial,Jagityal_Rural,2023-06-03,0.0,28.5,42.2,23.4,62.2,0.0,0.1,June,2023
2344,Jagtial,Jagityal_Rural,2023-06-04,0.0,28.7,41.6,23.4,64.5,0.0,6.0,June,2023
2345,Jagtial,Jagityal_Rural,2023-06-05,0.0,25.4,42.0,27.0,76.3,0.0,11.6,June,2023
2346,Jagtial,Jagityal_Rural,2023-06-06,0.0,27.9,41.9,25.9,66.3,0.0,14.3,June,2023
2347,Jagtial,Jagityal_Rural,2023-06-07,2.7,28.2,39.8,31.4,76.5,0.0,5.9,June,2023
2348,Jagtial,Jagityal_Rural,2023-06-08,0.0,28.2,42.1,26.8,62.2,0.0,4.9,June,2023
2349,Jagtial,Jagityal_Rural,2023-06-09,0.0,28.3,42.0,24.5,62.2,0.0,10.0,June,2023
2350,Jagtial,Jagityal_Rural,2023-06-10,0.0,28.9,42.0,31.2,63.1,0.0,7.5,June,2023
2351,Jagtial,Jagityal_Rural,2023-06-11,0.0,27.0,41.7,31.2,75.6,0.0,11.5,June,2023
2352,Jagtial,Jagityal_Rural,2023-06-12,0.0,28.6,41.9,34.2,63.1,0.0,10.1,June,2023
2353,Jagtial,Jagityal_Rural,2023-06-13,0.0,29.0,41.3,31.3,55.8,0.0,11.2,June,2023
2354,Jagtial,Jagityal_Rural,2023-06-14,0.0,30.7,42.1,24.7,60.9,0.0,10.4,June,2023
2355,Jagtial,Jagityal_Rural,2023-06-15,0.0,30.5,41.8,31.4,63.9,0.0,12.3,June,2023
2356,Jagtial,Jagityal_Rural,2023-06-16,0.0,28.6,41.1,25.6,55.6,0.0,11.9,June,2023
2357,Jagtial,Jagityal_Rural,2023-06-17,0.0,29.7,41.7,23.9,63.1,0.0,8.5,June,2023
2358,Jagtial,Jagityal_Rural,2023-06-18,0.0,30.2,41.3,31.3,59.3,0.0,14.5,June,2023
2359,Jagtial,Jagityal_Rural,2023-06-19,0.0,29.8,41.6,31.3,56.2,0.0,16.6,June,2023
2360,Jagtial,Jagityal_Rural,2023-06-20,0.0,28.6,41.4,31.3,58.0,0.0,9.5,June,2023
2361,Jagtial,Jagityal_Rural,2023-06-21,0.0,27.8,42.1,31.4,65.9,0.0,6.2,June,2023
2362,Jagtial,Jagityal_Rural,2023-06-22,0.0,26.5,41.1,32.5,88.5,0.0,7.0,June,2023
2363,Jagtial,Jagityal_Rural,2023-06-23,2.9,24.8,37.8,32.0,88.2,0.0,8.3,June,2023
2364,Jagtial,Jagityal_Rural,2023-06-24,4.9,23.8,30.8,67.1,98.6,0.0,2.0,June,2023
2365,Jagtial,Jagityal_Rural,2023-06-25,0.0,25.2,31.3,67.1,88.6,0.0,4.2,June,2023
2366,Jagtial,Jagityal_Rural,2023-06-26,25.1,24.9,32.0,61.2,94.3,0.0,6.8,June,2023
2367,Jagtial,Jagityal_Rural,2023-06-27,6.8,24.2,27.5,76.8,91.3,0.0,5.5,June,2023
2368,Jagtial,Jagityal_Rural,2023-06-28,6.2,23.2,28.2,79.4,92.3,0.0,10.6,June,2023
2369,Jagtial,Jagityal_Rural,2023-06-29,4.6,26.3,31.8,64.5,86.4,0.0,6.8,June,2023
2370,Jagtial,Jagityal_Rural,2023-06-30,0.0,26.5,32.4,50.4,71.4,0.0,8.8,June,2023
2371,Jagtial,Jagtial,2023-06-01,0.0,24.2,39.7,41.9,90.8,0.0,5.3,June,2023
2372,Jagtial,Jagtial,2023-06-02,0.0,25.3,41.6,29.3,76.4,0.0,3.9,June,2023
2373,Jagtial,Jagtial,2023-06-03,0.0,25.9,42.4,31.5,70.4,0.0,6.6,June,2023
2374,Jagtial,Jagtial,2023-06-04,0.0,28.7,41.7,23.6,77.1,0.0,10.5,June,2023
2375,Jagtial,Jagtial,2023-06-05,0.0,23.4,43.8,31.9,91.5,0.0,9.9,June,2023
2376,Jagtial,Jagtial,2023-06-06,0.0,27.9,41.8,28.6,70.4,0.0,7.3,June,2023
2377,Jagtial,Jagtial,2023-06-07,0.0,28.2,39.8,35.7,76.4,0.0,9.7,June,2023
2378,Jagtial,Jagtial,2023-06-08,0.0,28.2,42.2,37.1,73.3,0.0,6.8,June,2023
2379,Jagtial,Jagtial,2023-06-09,0.0,28.3,42.0,31.2,62.9,0.0,8.9,June,2023
2380,Jagtial,Jagtial,2023-06-10,0.3,28.9,42.3,31.2,66.4,0.0,6.6,June,2023
2381,Jagtial,Jagtial,2023-06-11,0.0,27.0,41.7,40.5,83.7,0.0,10.2,June,2023
2382,Jagtial,Jagtial,2023-06-12,0.0,27.8,42.2,40.3,64.5,0.0,8.4,June,2023
2383,Jagtial,Jagtial,2023-06-13,0.0,29.0,39.6,31.5,58.0,0.0,9.4,June,2023
2384,Jagtial,Jagtial,2023-06-14,0.0,30.7,42.4,27.9,63.7,0.0,11.4,June,2023
2385,Jagtial,Jagtial,2023-06-15,0.0,28.4,42.6,31.3,65.2,0.0,12.0,June,2023
2386,Jagtial,Jagtial,2023-06-16,0.0,29.6,39.9,34.5,57.1,0.0,10.2,June,2023
2387,Jagtial,Jagtial,2023-06-17,0.0,29.7,42.1,30.1,63.4,0.0,6.2,June,2023
2388,Jagtial,Jagtial,2023-06-18,0.0,29.8,42.6,40.4,64.1,0.0,13.5,June,2023
2389,Jagtial,Jagtial,2023-06-19,0.0,29.8,41.9,34.8,63.1,0.0,9.9,June,2023
2390,Jagtial,Jagtial,2023-06-20,0.0,28.6,41.7,35.9,63.1,0.0,6.4,June,2023
2391,Jagtial,Jagtial,2023-06-21,0.0,27.8,39.5,31.8,79.4,0.0,9.3,June,2023
2392,Jagtial,Jagtial,2023-06-22,0.0,26.6,41.4,32.5,85.1,0.0,7.3,June,2023
2393,Jagtial,Jagtial,2023-06-23,1.4,25.2,38.6,41.0,100.0,0.0,9.4,June,2023
2394,Jagtial,Jagtial,2023-06-24,0.5,24.7,31.2,75.6,100.0,0.0,3.8,June,2023
2395,Jagtial,Jagtial,2023-06-25,0.7,25.1,31.1,74.1,92.8,0.0,1.8,June,2023
2396,Jagtial,Jagtial,2023-06-26,12.6,24.2,32.9,62.8,100.0,0.0,6.1,June,2023
2397,Jagtial,Jagtial,2023-06-27,7.1,23.9,27.6,88.5,100.0,0.0,5.2,June,2023
2398,Jagtial,Jagtial,2023-06-28,2.2,23.4,28.9,82.9,100.0,0.0,7.7,June,2023
2399,Jagtial,Jagtial,2023-06-29,3.3,24.3,33.1,61.7,100.0,0.0,7.1,June,2023
2400,Jagtial,Jagtial,2023-06-30,0.0,26.1,34.4,54.7,83.1,0.0,5.7,June,2023
2401,Jagtial,Kathlapur,2023-06-01,0.0,26.8,41.4,32.3,90.3,0.0,9.4,June,2023
2402,Jagtial,Kathlapur,2023-06-02,0.0,27.3,42.5,18.1,71.3,0.0,10.2,June,2023
2403,Jagtial,Kathlapur,2023-06-03,0.0,27.5,42.5,17.8,65.4,0.0,10.8,June,2023
2404,Jagtial,Kathlapur,2023-06-04,0.0,29.0,42.2,26.0,72.4,0.0,10.5,June,2023
2405,Jagtial,Kathlapur,2023-06-05,5.9,24.4,41.7,24.7,99.9,0.0,15.3,June,2023
2406,Jagtial,Kathlapur,2023-06-06,0.0,27.8,39.7,32.2,75.2,0.0,11.3,June,2023
2407,Jagtial,Kathlapur,2023-06-07,0.0,28.2,39.5,34.2,79.0,0.0,15.3,June,2023
2408,Jagtial,Kathlapur,2023-06-08,0.0,28.0,39.7,25.7,67.1,0.0,13.9,June,2023
2409,Jagtial,Kathlapur,2023-06-09,0.9,27.2,41.3,25.4,86.4,0.0,14.9,June,2023
2410,Jagtial,Kathlapur,2023-06-10,0.0,28.3,42.2,31.4,72.0,0.0,14.4,June,2023
2411,Jagtial,Kathlapur,2023-06-11,0.0,27.0,39.7,31.4,83.8,0.0,16.4,June,2023
2412,Jagtial,Kathlapur,2023-06-12,0.0,27.8,39.5,31.4,68.3,0.0,15.0,June,2023
2413,Jagtial,Kathlapur,2023-06-13,0.0,29.0,42.5,26.2,65.7,0.0,18.4,June,2023
2414,Jagtial,Kathlapur,2023-06-14,0.0,28.5,41.9,23.4,60.0,0.0,14.6,June,2023
2415,Jagtial,Kathlapur,2023-06-15,0.0,28.4,41.2,24.1,67.8,0.0,15.0,June,2023
2416,Jagtial,Kathlapur,2023-06-16,0.0,28.6,39.5,23.4,53.5,0.0,15.7,June,2023
2417,Jagtial,Kathlapur,2023-06-17,0.0,28.8,42.0,23.4,70.4,0.0,13.9,June,2023
2418,Jagtial,Kathlapur,2023-06-18,0.0,30.6,41.2,31.2,63.1,0.0,15.5,June,2023
2419,Jagtial,Kathlapur,2023-06-19,0.0,30.1,39.7,31.2,65.4,0.0,16.5,June,2023
2420,Jagtial,Kathlapur,2023-06-20,0.0,28.6,39.9,31.0,55.4,0.0,14.5,June,2023
2421,Jagtial,Kathlapur,2023-06-21,0.0,27.6,41.2,31.4,77.3,0.0,13.3,June,2023
2422,Jagtial,Kathlapur,2023-06-22,0.0,26.5,39.6,31.3,70.5,0.0,15.3,June,2023
2423,Jagtial,Kathlapur,2023-06-23,1.2,25.3,38.6,26.8,100.0,0.0,14.5,June,2023
2424,Jagtial,Kathlapur,2023-06-24,1.8,25.0,32.8,62.2,100.0,0.0,5.0,June,2023
2425,Jagtial,Kathlapur,2023-06-25,0.0,24.8,32.1,69.5,93.2,0.0,9.8,June,2023
2426,Jagtial,Kathlapur,2023-06-26,4.5,24.6,32.9,60.2,100.0,0.0,12.5,June,2023
2427,Jagtial,Kathlapur,2023-06-27,4.8,23.7,28.1,86.1,100.0,0.4,15.0,June,2023
2428,Jagtial,Kathlapur,2023-06-28,5.8,23.4,29.2,83.5,100.0,0.0,15.1,June,2023
2429,Jagtial,Kathlapur,2023-06-29,5.7,24.5,32.4,64.7,100.0,0.0,14.6,June,2023
2430,Jagtial,Kathlapur,2023-06-30,0.0,25.8,34.1,48.7,98.1,0.0,10.4,June,2023
2431,Jagtial,Kodimial,2023-06-01,0.0,24.4,37.4,30.4,84.3,0.0,8.4,June,2023
2432,Jagtial,Kodimial,2023-06-02,0.0,25.8,39.5,17.1,74.2,0.0,10.6,June,2023
2433,Jagtial,Kodimial,2023-06-03,0.0,26.3,41.3,14.0,61.7,0.0,12.8,June,2023
2434,Jagtial,Kodimial,2023-06-04,0.0,27.4,40.1,18.2,70.4,0.0,10.4,June,2023
2435,Jagtial,Kodimial,2023-06-05,0.5,22.7,41.4,18.4,90.2,0.0,12.0,June,2023
2436,Jagtial,Kodimial,2023-06-06,0.0,25.6,38.2,19.3,70.4,0.0,9.5,June,2023
2437,Jagtial,Kodimial,2023-06-07,0.8,27.1,40.0,21.6,84.4,0.0,7.6,June,2023
2438,Jagtial,Kodimial,2023-06-08,0.0,26.9,41.3,21.0,72.6,0.0,10.4,June,2023
2439,Jagtial,Kodimial,2023-06-09,0.0,26.5,40.3,16.8,57.9,0.0,9.3,June,2023
2440,Jagtial,Kodimial,2023-06-10,0.0,28.5,42.0,16.8,70.6,0.0,13.0,June,2023
2441,Jagtial,Kodimial,2023-06-11,0.0,26.7,41.3,23.0,78.5,0.0,12.3,June,2023
2442,Jagtial,Kodimial,2023-06-12,0.0,27.8,39.7,34.7,70.9,0.0,13.2,June,2023
2443,Jagtial,Kodimial,2023-06-13,0.0,28.3,39.6,31.2,63.4,0.0,12.2,June,2023
2444,Jagtial,Kodimial,2023-06-14,0.0,28.5,39.9,25.9,70.4,0.0,14.3,June,2023
2445,Jagtial,Kodimial,2023-06-15,0.0,28.4,39.8,25.4,65.8,0.0,14.8,June,2023
2446,Jagtial,Kodimial,2023-06-16,0.0,29.7,39.7,24.9,62.9,0.0,12.2,June,2023
2447,Jagtial,Kodimial,2023-06-17,0.0,29.7,42.3,23.4,66.4,0.0,13.1,June,2023
2448,Jagtial,Kodimial,2023-06-18,0.0,29.4,39.8,31.3,66.4,0.0,14.6,June,2023
2449,Jagtial,Kodimial,2023-06-19,0.0,29.2,40.4,31.2,63.1,0.0,12.1,June,2023
2450,Jagtial,Kodimial,2023-06-20,0.0,28.6,40.4,26.7,63.1,0.0,13.3,June,2023
2451,Jagtial,Kodimial,2023-06-21,0.0,28.6,39.7,31.2,76.8,0.0,8.8,June,2023
2452,Jagtial,Kodimial,2023-06-22,0.0,26.6,39.7,32.8,83.8,0.0,11.3,June,2023
2453,Jagtial,Kodimial,2023-06-23,0.0,25.2,37.5,29.7,100.0,0.0,8.4,June,2023
2454,Jagtial,Kodimial,2023-06-24,1.1,24.5,32.0,56.3,100.0,0.0,6.7,June,2023
2455,Jagtial,Kodimial,2023-06-25,0.0,24.3,31.0,66.2,95.1,0.4,8.8,June,2023
2456,Jagtial,Kodimial,2023-06-26,12.9,23.2,32.4,59.2,100.0,0.0,11.0,June,2023
2457,Jagtial,Kodimial,2023-06-27,2.7,22.8,27.1,84.1,100.0,0.0,10.3,June,2023
2458,Jagtial,Kodimial,2023-06-28,1.6,23.0,29.6,77.9,97.6,0.0,9.6,June,2023
2459,Jagtial,Kodimial,2023-06-29,6.6,23.3,32.1,65.7,100.0,0.0,10.4,June,2023
2460,Jagtial,Kodimial,2023-06-30,0.0,24.9,34.0,49.2,100.0,0.0,9.8,June,2023
2461,Jagtial,Koratla,2023-06-01,0.0,26.5,42.4,31.5,91.9,0.0,9.8,June,2023
2462,Jagtial,Koratla,2023-06-02,0.0,27.0,44.8,16.9,70.0,0.0,9.3,June,2023
2463,Jagtial,Koratla,2023-06-03,0.0,27.3,43.7,16.9,63.6,0.0,4.9,June,2023
2464,Jagtial,Koratla,2023-06-04,0.8,29.0,41.9,25.9,70.6,0.0,9.7,June,2023
2465,Jagtial,Koratla,2023-06-05,6.3,24.4,44.6,23.6,99.9,0.0,15.8,June,2023
2466,Jagtial,Koratla,2023-06-06,0.0,27.8,41.9,25.2,80.7,0.0,7.9,June,2023
2467,Jagtial,Koratla,2023-06-07,6.2,27.8,41.5,31.4,90.8,0.0,5.8,June,2023
2468,Jagtial,Koratla,2023-06-08,0.0,28.5,42.5,26.1,70.4,0.0,7.8,June,2023
2469,Jagtial,Koratla,2023-06-09,2.3,27.8,41.7,23.7,84.7,0.0,32.1,June,2023
2470,Jagtial,Koratla,2023-06-10,0.0,28.5,42.2,31.4,70.4,0.0,11.7,June,2023
2471,Jagtial,Koratla,2023-06-11,0.0,27.0,39.2,32.1,91.8,0.0,14.1,June,2023
2472,Jagtial,Koratla,2023-06-12,0.0,27.8,41.7,33.1,77.5,0.0,11.4,June,2023
2473,Jagtial,Koratla,2023-06-13,0.0,29.0,41.8,31.4,63.2,0.0,10.9,June,2023
2474,Jagtial,Koratla,2023-06-14,0.0,28.5,42.4,24.6,63.3,0.0,13.3,June,2023
2475,Jagtial,Koratla,2023-06-15,0.0,28.4,41.7,26.1,64.9,0.0,14.2,June,2023
2476,Jagtial,Koratla,2023-06-16,0.0,28.6,40.3,23.4,62.7,0.0,12.8,June,2023
2477,Jagtial,Koratla,2023-06-17,0.0,28.8,42.3,23.4,64.2,0.0,9.9,June,2023
2478,Jagtial,Koratla,2023-06-18,0.0,30.6,40.3,31.4,62.8,0.0,11.0,June,2023
2479,Jagtial,Koratla,2023-06-19,0.0,29.2,40.3,26.8,63.2,0.0,13.1,June,2023
2480,Jagtial,Koratla,2023-06-20,0.0,30.7,40.0,26.7,59.0,0.0,12.3,June,2023
2481,Jagtial,Koratla,2023-06-21,0.0,27.6,42.3,31.4,76.9,0.0,9.9,June,2023
2482,Jagtial,Koratla,2023-06-22,0.0,26.5,39.3,31.4,72.6,0.0,17.8,June,2023
2483,Jagtial,Koratla,2023-06-23,3.6,24.8,38.7,26.0,100.0,0.0,11.4,June,2023
2484,Jagtial,Koratla,2023-06-24,4.4,23.2,31.9,78.2,100.0,0.0,10.3,June,2023
2485,Jagtial,Koratla,2023-06-25,1.4,24.9,31.5,75.4,100.0,0.0,9.6,June,2023
2486,Jagtial,Koratla,2023-06-26,4.0,24.4,31.9,73.8,100.0,0.0,8.6,June,2023
2487,Jagtial,Koratla,2023-06-27,6.0,23.4,26.8,83.9,100.0,0.0,8.8,June,2023
2488,Jagtial,Koratla,2023-06-28,4.6,23.2,28.2,86.6,100.0,0.0,9.2,June,2023
2489,Jagtial,Koratla,2023-06-29,0.4,25.1,31.8,73.8,100.0,0.0,9.2,June,2023
2490,Jagtial,Koratla,2023-06-30,0.0,26.2,33.6,48.0,100.0,0.1,9.3,June,2023
2491,Jagtial,Malial,2023-06-01,0.0,24.2,39.7,36.8,99.9,0.0,6.9,June,2023
2492,Jagtial,Malial,2023-06-02,0.0,25.3,40.1,26.7,76.3,0.0,5.3,June,2023
2493,Jagtial,Malial,2023-06-03,0.0,24.7,41.7,23.4,65.6,0.0,7.7,June,2023
2494,Jagtial,Malial,2023-06-04,0.0,27.4,41.4,20.9,70.4,0.0,7.5,June,2023
2495,Jagtial,Malial,2023-06-05,0.0,22.4,44.1,21.7,99.9,0.0,8.3,June,2023
2496,Jagtial,Malial,2023-06-06,0.0,25.6,41.5,25.8,63.6,0.0,6.6,June,2023
2497,Jagtial,Malial,2023-06-07,0.0,27.1,39.7,32.0,71.6,0.0,7.0,June,2023
2498,Jagtial,Malial,2023-06-08,0.0,23.8,41.9,30.8,99.9,0.0,7.1,June,2023
2499,Jagtial,Malial,2023-06-09,0.0,26.2,42.3,22.1,55.7,0.0,8.3,June,2023
2500,Jagtial,Malial,2023-06-10,0.0,28.9,42.3,26.1,68.2,0.0,8.3,June,2023
2501,Jagtial,Malial,2023-06-11,0.0,26.7,41.8,31.0,77.8,0.0,9.2,June,2023
2502,Jagtial,Malial,2023-06-12,0.0,27.8,41.9,34.6,66.5,0.0,8.9,June,2023
2503,Jagtial,Malial,2023-06-13,0.0,28.3,39.9,31.3,57.2,0.0,9.1,June,2023
2504,Jagtial,Malial,2023-06-14,0.0,28.5,42.1,26.7,63.7,0.0,10.7,June,2023
2505,Jagtial,Malial,2023-06-15,0.0,28.4,42.3,31.2,63.1,0.0,10.9,June,2023
2506,Jagtial,Malial,2023-06-16,0.0,29.6,39.7,24.6,58.7,0.0,9.0,June,2023
2507,Jagtial,Malial,2023-06-17,0.0,29.7,42.6,25.3,62.6,0.0,7.8,June,2023
2508,Jagtial,Malial,2023-06-18,0.0,29.8,42.3,31.4,64.6,0.0,12.0,June,2023
2509,Jagtial,Malial,2023-06-19,0.0,30.1,42.2,31.4,62.8,0.0,9.0,June,2023
2510,Jagtial,Malial,2023-06-20,0.0,28.6,42.1,31.2,62.6,0.0,7.5,June,2023
2511,Jagtial,Malial,2023-06-21,0.0,27.8,39.8,27.5,76.4,0.0,13.3,June,2023
2512,Jagtial,Malial,2023-06-22,0.0,26.7,41.1,32.4,83.8,0.0,9.2,June,2023
2513,Jagtial,Malial,2023-06-23,0.2,25.4,38.9,31.3,94.6,0.0,8.6,June,2023
2514,Jagtial,Malial,2023-06-24,1.0,25.2,31.5,63.2,94.9,0.0,3.5,June,2023
2515,Jagtial,Malial,2023-06-25,0.0,24.5,31.6,61.0,88.4,0.0,3.6,June,2023
2516,Jagtial,Malial,2023-06-26,5.3,24.1,32.8,50.7,100.0,0.0,6.1,June,2023
2517,Jagtial,Malial,2023-06-27,3.9,23.3,27.7,76.6,100.0,0.0,6.0,June,2023
2518,Jagtial,Malial,2023-06-28,4.1,23.0,28.7,79.3,100.0,0.0,6.3,June,2023
2519,Jagtial,Malial,2023-06-29,5.2,24.0,33.7,51.3,99.0,0.0,8.1,June,2023
2520,Jagtial,Malial,2023-06-30,0.0,25.4,35.2,46.2,80.2,0.0,7.6,June,2023
2521,Jagtial,Mallapur,2023-06-01,0.0,26.3,42.5,36.2,85.1,0.0,14.3,June,2023
2522,Jagtial,Mallapur,2023-06-02,0.0,26.5,44.5,16.9,79.0,0.0,10.8,June,2023
2523,Jagtial,Mallapur,2023-06-03,0.0,26.3,43.0,21.1,75.8,0.0,13.7,June,2023
2524,Jagtial,Mallapur,2023-06-04,0.0,27.3,42.4,28.7,76.4,0.0,13.2,June,2023
2525,Jagtial,Mallapur,2023-06-05,0.0,23.4,44.5,29.8,96.4,0.0,19.1,June,2023
2526,Jagtial,Mallapur,2023-06-06,0.0,27.2,44.4,35.1,76.4,0.0,10.8,June,2023
2527,Jagtial,Mallapur,2023-06-07,3.3,26.0,41.2,42.3,90.8,0.0,31.8,June,2023
2528,Jagtial,Mallapur,2023-06-08,0.0,28.3,42.2,30.2,76.4,0.0,10.6,June,2023
2529,Jagtial,Mallapur,2023-06-09,1.6,26.3,44.0,35.9,83.7,0.0,19.2,June,2023
2530,Jagtial,Mallapur,2023-06-10,5.6,28.5,41.9,32.8,77.6,0.0,15.2,June,2023
2531,Jagtial,Mallapur,2023-06-11,0.0,26.4,42.3,39.4,83.9,0.0,24.9,June,2023
2532,Jagtial,Mallapur,2023-06-12,0.0,29.1,41.8,40.5,70.4,0.0,10.2,June,2023
2533,Jagtial,Mallapur,2023-06-13,0.0,28.3,42.9,32.8,64.0,0.0,6.5,June,2023
2534,Jagtial,Mallapur,2023-06-14,0.0,28.5,42.6,24.8,64.7,0.0,12.6,June,2023
2535,Jagtial,Mallapur,2023-06-15,3.0,28.4,43.9,35.5,70.5,0.0,14.9,June,2023
2536,Jagtial,Mallapur,2023-06-16,0.0,29.6,41.7,23.4,69.9,0.0,14.8,June,2023
2537,Jagtial,Mallapur,2023-06-17,0.0,28.8,44.1,26.3,70.4,0.0,10.0,June,2023
2538,Jagtial,Mallapur,2023-06-18,0.0,30.6,41.6,39.9,65.8,0.0,9.6,June,2023
2539,Jagtial,Mallapur,2023-06-19,0.0,29.4,41.9,29.7,65.9,0.0,16.5,June,2023
2540,Jagtial,Mallapur,2023-06-20,0.0,28.6,41.9,30.9,70.4,0.0,15.1,June,2023
2541,Jagtial,Mallapur,2023-06-21,0.0,27.6,42.6,33.5,76.9,0.0,11.2,June,2023
2542,Jagtial,Mallapur,2023-06-22,0.3,26.5,41.1,33.3,76.6,0.0,20.6,June,2023
2543,Jagtial,Mallapur,2023-06-23,8.6,24.2,39.3,34.3,98.5,0.0,15.3,June,2023
2544,Jagtial,Mallapur,2023-06-24,21.9,22.6,32.6,72.2,99.9,0.0,9.3,June,2023
2545,Jagtial,Mallapur,2023-06-25,0.0,24.2,31.0,70.8,96.9,0.0,10.8,June,2023
2546,Jagtial,Mallapur,2023-06-26,39.3,23.9,33.7,68.0,99.9,0.0,9.1,June,2023
2547,Jagtial,Mallapur,2023-06-27,11.1,23.2,27.9,85.1,99.9,0.0,6.3,June,2023
2548,Jagtial,Mallapur,2023-06-28,9.0,23.0,29.8,89.9,99.0,0.0,8.0,June,2023
2549,Jagtial,Mallapur,2023-06-29,0.0,24.9,32.5,62.9,97.1,0.0,3.6,June,2023
2550,Jagtial,Mallapur,2023-06-30,0.0,25.3,35.0,53.2,83.9,0.0,7.5,June,2023
2551,Jagtial,Medipalle,2023-06-01,0.0,25.4,39.6,30.4,78.0,0.0,8.1,June,2023
2552,Jagtial,Medipalle,2023-06-02,0.0,25.8,41.6,19.1,64.6,0.0,5.0,June,2023
2553,Jagtial,Medipalle,2023-06-03,0.0,26.0,42.2,18.4,60.5,0.0,6.5,June,2023
2554,Jagtial,Medipalle,2023-06-04,0.0,27.1,41.8,24.1,63.6,0.0,7.9,June,2023
2555,Jagtial,Medipalle,2023-06-05,0.0,23.0,42.3,22.6,89.4,0.0,14.2,June,2023
2556,Jagtial,Medipalle,2023-06-06,0.0,26.7,40.2,25.4,63.6,0.0,6.6,June,2023
2557,Jagtial,Medipalle,2023-06-07,0.9,25.8,38.9,30.2,74.5,0.0,7.8,June,2023
2558,Jagtial,Medipalle,2023-06-08,0.0,27.5,40.9,27.1,60.0,0.0,7.6,June,2023
2559,Jagtial,Medipalle,2023-06-09,0.0,25.5,41.7,23.7,68.3,0.0,7.1,June,2023
2560,Jagtial,Medipalle,2023-06-10,1.0,29.9,41.1,27.9,56.3,1.8,10.1,June,2023
2561,Jagtial,Medipalle,2023-06-11,0.0,26.8,40.5,31.8,73.9,0.0,14.1,June,2023
2562,Jagtial,Medipalle,2023-06-12,0.0,29.5,40.0,30.4,57.6,0.0,13.5,June,2023
2563,Jagtial,Medipalle,2023-06-13,0.0,29.7,41.9,27.6,52.0,0.0,13.3,June,2023
2564,Jagtial,Medipalle,2023-06-14,0.0,29.6,41.2,24.0,54.0,2.8,14.0,June,2023
2565,Jagtial,Medipalle,2023-06-15,0.0,29.4,40.9,26.4,55.1,0.0,30.1,June,2023
2566,Jagtial,Medipalle,2023-06-16,0.0,29.7,39.7,23.0,48.8,0.0,20.0,June,2023
2567,Jagtial,Medipalle,2023-06-17,0.0,29.6,40.6,23.3,53.6,0.0,13.6,June,2023
2568,Jagtial,Medipalle,2023-06-18,0.0,30.2,40.1,29.8,52.9,0.0,15.4,June,2023
2569,Jagtial,Medipalle,2023-06-19,0.0,29.4,39.9,29.1,54.4,0.0,11.9,June,2023
2570,Jagtial,Medipalle,2023-06-20,0.0,28.3,39.4,29.1,54.0,0.0,15.2,June,2023
2571,Jagtial,Medipalle,2023-06-21,0.0,27.9,40.3,29.4,68.7,0.0,6.0,June,2023
2572,Jagtial,Medipalle,2023-06-22,0.0,28.2,39.1,34.0,71.5,0.0,10.0,June,2023
2573,Jagtial,Medipalle,2023-06-23,2.9,24.7,37.6,36.6,95.2,0.0,9.9,June,2023
2574,Jagtial,Medipalle,2023-06-24,1.6,25.0,31.9,63.6,94.6,0.0,4.1,June,2023
2575,Jagtial,Medipalle,2023-06-25,0.0,24.4,32.0,62.0,86.3,0.0,6.0,June,2023
2576,Jagtial,Medipalle,2023-06-26,3.1,24.4,32.1,61.5,95.7,0.0,6.3,June,2023
2577,Jagtial,Medipalle,2023-06-27,7.1,23.7,27.0,78.5,97.0,0.0,7.9,June,2023
2578,Jagtial,Medipalle,2023-06-28,4.1,23.1,28.1,79.9,97.6,0.2,11.4,June,2023
2579,Jagtial,Medipalle,2023-06-29,1.5,24.4,32.5,59.8,96.0,0.0,8.2,June,2023
2580,Jagtial,Medipalle,2023-06-30,0.0,25.6,34.3,50.2,77.4,0.0,12.0,June,2023
2581,Jagtial,Metpalle,2023-06-01,0.0,26.5,42.1,36.1,84.2,0.0,5.3,June,2023
2582,Jagtial,Metpalle,2023-06-02,0.0,27.3,44.5,16.9,70.4,0.0,7.7,June,2023
2583,Jagtial,Metpalle,2023-06-03,0.0,28.5,43.7,22.9,70.4,0.0,8.0,June,2023
2584,Jagtial,Metpalle,2023-06-04,0.0,29.0,42.2,33.9,70.4,0.0,11.2,June,2023
2585,Jagtial,Metpalle,2023-06-05,6.9,24.4,44.5,32.4,98.4,0.0,11.4,June,2023
2586,Jagtial,Metpalle,2023-06-06,0.0,27.8,41.9,39.9,80.7,0.0,6.9,June,2023
2587,Jagtial,Metpalle,2023-06-07,0.0,28.7,41.2,43.4,76.9,0.0,7.7,June,2023
2588,Jagtial,Metpalle,2023-06-08,0.0,28.5,42.2,33.5,70.4,0.0,8.4,June,2023
2589,Jagtial,Metpalle,2023-06-09,1.3,27.8,42.1,32.2,80.3,0.0,19.7,June,2023
2590,Jagtial,Metpalle,2023-06-10,0.0,28.5,41.5,40.3,71.7,0.0,11.2,June,2023
2591,Jagtial,Metpalle,2023-06-11,2.3,27.0,39.2,41.1,85.8,0.0,11.8,June,2023
2592,Jagtial,Metpalle,2023-06-12,0.0,27.8,41.7,39.3,72.9,0.0,13.2,June,2023
2593,Jagtial,Metpalle,2023-06-13,0.0,29.0,42.0,37.4,65.4,0.0,13.4,June,2023
2594,Jagtial,Metpalle,2023-06-14,0.0,28.5,41.7,28.3,70.4,0.0,14.5,June,2023
2595,Jagtial,Metpalle,2023-06-15,0.0,28.4,39.7,35.8,70.4,0.0,13.5,June,2023
2596,Jagtial,Metpalle,2023-06-16,0.0,28.6,39.8,29.4,63.7,0.0,12.7,June,2023
2597,Jagtial,Metpalle,2023-06-17,0.0,28.8,41.6,23.4,70.4,0.0,10.8,June,2023
2598,Jagtial,Metpalle,2023-06-18,0.0,30.2,40.0,32.2,70.4,0.0,11.5,June,2023
2599,Jagtial,Metpalle,2023-06-19,0.0,29.2,40.0,31.6,65.5,0.0,11.9,June,2023
2600,Jagtial,Metpalle,2023-06-20,0.0,30.0,40.5,31.2,63.9,0.0,9.4,June,2023
2601,Jagtial,Metpalle,2023-06-21,0.0,27.6,42.0,33.1,76.9,0.0,13.4,June,2023
2602,Jagtial,Metpalle,2023-06-22,0.0,26.5,39.6,37.7,73.0,0.0,10.3,June,2023
2603,Jagtial,Metpalle,2023-06-23,2.2,24.9,38.1,30.5,96.6,0.0,9.5,June,2023
2604,Jagtial,Metpalle,2023-06-24,12.1,23.4,31.5,69.0,97.5,0.0,11.3,June,2023
2605,Jagtial,Metpalle,2023-06-25,0.1,25.0,31.1,70.3,95.0,0.0,8.3,June,2023
2606,Jagtial,Metpalle,2023-06-26,3.0,24.7,32.4,66.2,96.6,0.0,7.9,June,2023
2607,Jagtial,Metpalle,2023-06-27,8.8,23.7,26.9,78.6,98.1,0.0,10.0,June,2023
2608,Jagtial,Metpalle,2023-06-28,5.8,23.3,27.8,80.9,98.1,0.0,10.3,June,2023
2609,Jagtial,Metpalle,2023-06-29,0.8,24.9,31.6,70.5,97.1,0.0,7.5,June,2023
2610,Jagtial,Metpalle,2023-06-30,0.0,26.0,33.0,59.7,87.7,0.2,9.6,June,2023
2611,Jagtial,Pegadapalle,2023-06-01,0.0,24.2,40.3,35.3,93.5,0.0,4.9,June,2023
2612,Jagtial,Pegadapalle,2023-06-02,0.0,23.8,42.2,29.0,88.5,0.0,5.4,June,2023
2613,Jagtial,Pegadapalle,2023-06-03,0.0,23.7,42.3,24.3,84.3,0.0,6.1,June,2023
2614,Jagtial,Pegadapalle,2023-06-04,0.0,25.9,41.6,30.7,83.2,0.0,7.6,June,2023
2615,Jagtial,Pegadapalle,2023-06-05,0.0,22.4,42.5,30.0,96.5,0.0,8.1,June,2023
2616,Jagtial,Pegadapalle,2023-06-06,0.0,24.9,39.6,31.8,80.2,0.1,5.4,June,2023
2617,Jagtial,Pegadapalle,2023-06-07,0.3,24.0,42.3,32.1,91.2,0.0,7.0,June,2023
2618,Jagtial,Pegadapalle,2023-06-08,0.0,25.2,42.3,32.1,77.0,0.0,6.0,June,2023
2619,Jagtial,Pegadapalle,2023-06-09,0.0,24.1,42.3,29.2,78.4,0.0,6.4,June,2023
2620,Jagtial,Pegadapalle,2023-06-10,0.0,28.2,42.9,27.9,67.9,0.0,7.7,June,2023
2621,Jagtial,Pegadapalle,2023-06-11,0.0,27.3,41.7,34.2,74.4,0.0,8.3,June,2023
2622,Jagtial,Pegadapalle,2023-06-12,0.0,30.5,40.8,37.7,63.5,0.1,8.7,June,2023
2623,Jagtial,Pegadapalle,2023-06-13,0.0,30.3,41.8,32.8,59.5,0.0,8.1,June,2023
2624,Jagtial,Pegadapalle,2023-06-14,0.0,29.9,42.4,29.2,57.5,0.0,8.2,June,2023
2625,Jagtial,Pegadapalle,2023-06-15,0.0,29.2,40.6,31.8,59.0,0.0,7.9,June,2023
2626,Jagtial,Pegadapalle,2023-06-16,0.0,27.3,39.8,28.3,58.5,0.0,7.5,June,2023
2627,Jagtial,Pegadapalle,2023-06-17,0.0,27.5,41.9,27.9,66.0,0.0,6.8,June,2023
2628,Jagtial,Pegadapalle,2023-06-18,0.0,28.8,41.1,33.5,67.9,0.0,8.8,June,2023
2629,Jagtial,Pegadapalle,2023-06-19,0.0,29.1,41.2,33.5,64.5,0.0,7.9,June,2023
2630,Jagtial,Pegadapalle,2023-06-20,0.0,26.1,40.4,33.2,70.2,0.0,5.3,June,2023
2631,Jagtial,Pegadapalle,2023-06-21,0.0,26.4,41.2,33.9,78.1,0.0,7.3,June,2023
2632,Jagtial,Pegadapalle,2023-06-22,0.0,27.3,41.7,33.5,81.4,0.0,9.2,June,2023
2633,Jagtial,Pegadapalle,2023-06-23,0.4,24.9,37.0,43.9,96.8,0.0,8.0,June,2023
2634,Jagtial,Pegadapalle,2023-06-24,0.3,25.5,31.7,71.3,94.8,0.0,3.5,June,2023
2635,Jagtial,Pegadapalle,2023-06-25,1.8,24.4,31.5,68.9,95.9,0.0,6.3,June,2023
2636,Jagtial,Pegadapalle,2023-06-26,9.6,23.9,32.2,63.0,97.8,0.0,5.3,June,2023
2637,Jagtial,Pegadapalle,2023-06-27,5.4,23.8,27.3,82.3,96.9,0.0,5.6,June,2023
2638,Jagtial,Pegadapalle,2023-06-28,1.9,23.9,29.9,74.0,95.0,0.0,7.0,June,2023
2639,Jagtial,Pegadapalle,2023-06-29,9.0,24.0,33.1,60.4,98.3,0.0,8.4,June,2023
2640,Jagtial,Pegadapalle,2023-06-30,0.0,25.9,35.5,54.7,81.4,0.5,7.0,June,2023
2641,Jagtial,Raikal,2023-06-01,0.0,25.1,42.5,35.1,84.2,0.0,8.1,June,2023
2642,Jagtial,Raikal,2023-06-02,0.0,25.5,42.9,18.1,76.0,0.0,7.7,June,2023
2643,Jagtial,Raikal,2023-06-03,0.0,25.9,42.5,19.1,71.5,0.0,12.4,June,2023
2644,Jagtial,Raikal,2023-06-04,0.0,26.9,41.5,27.8,70.4,0.0,14.4,June,2023
2645,Jagtial,Raikal,2023-06-05,0.0,22.7,43.0,29.5,94.6,0.0,15.2,June,2023
2646,Jagtial,Raikal,2023-06-06,0.0,26.8,41.7,27.1,76.4,0.0,13.0,June,2023
2647,Jagtial,Raikal,2023-06-07,0.0,25.5,39.9,30.8,84.5,0.0,13.5,June,2023
2648,Jagtial,Raikal,2023-06-08,0.0,27.2,41.1,26.6,70.4,0.0,12.1,June,2023
2649,Jagtial,Raikal,2023-06-09,0.0,26.2,41.7,24.4,73.3,0.0,19.6,June,2023
2650,Jagtial,Raikal,2023-06-10,0.0,29.6,41.8,34.6,65.7,3.5,11.8,June,2023
2651,Jagtial,Raikal,2023-06-11,0.0,26.5,40.2,37.5,83.7,0.0,15.4,June,2023
2652,Jagtial,Raikal,2023-06-12,0.0,29.9,40.0,36.4,64.6,0.0,15.2,June,2023
2653,Jagtial,Raikal,2023-06-13,0.0,29.7,42.3,27.6,65.1,0.0,13.6,June,2023
2654,Jagtial,Raikal,2023-06-14,0.0,29.3,41.5,24.5,63.1,5.5,18.6,June,2023
2655,Jagtial,Raikal,2023-06-15,0.0,29.1,41.5,27.0,66.0,0.0,47.6,June,2023
2656,Jagtial,Raikal,2023-06-16,0.0,29.7,41.5,23.0,62.8,0.0,26.5,June,2023
2657,Jagtial,Raikal,2023-06-17,0.0,31.0,41.7,23.9,65.5,0.0,16.4,June,2023
2658,Jagtial,Raikal,2023-06-18,0.0,31.3,42.0,37.4,63.7,0.0,15.4,June,2023
2659,Jagtial,Raikal,2023-06-19,0.0,29.3,41.7,27.9,63.8,0.0,15.3,June,2023
2660,Jagtial,Raikal,2023-06-20,0.0,28.0,41.8,34.8,63.4,0.0,17.8,June,2023
2661,Jagtial,Raikal,2023-06-21,0.0,28.4,41.9,31.4,76.9,0.0,8.9,June,2023
2662,Jagtial,Raikal,2023-06-22,0.0,27.9,41.1,42.7,85.1,0.0,13.2,June,2023
2663,Jagtial,Raikal,2023-06-23,6.8,24.2,37.1,43.7,97.1,0.0,12.6,June,2023
2664,Jagtial,Raikal,2023-06-24,10.3,22.8,32.1,66.4,96.6,0.0,8.0,June,2023
2665,Jagtial,Raikal,2023-06-25,4.3,24.9,31.3,70.1,89.9,0.0,6.5,June,2023
2666,Jagtial,Raikal,2023-06-26,16.6,24.0,32.0,64.5,97.1,0.0,7.4,June,2023
2667,Jagtial,Raikal,2023-06-27,9.0,23.7,27.4,80.4,97.1,0.0,9.9,June,2023
2668,Jagtial,Raikal,2023-06-28,4.4,23.1,28.3,82.0,95.7,0.3,13.5,June,2023
2669,Jagtial,Raikal,2023-06-29,0.0,25.2,32.8,67.6,94.0,0.0,9.9,June,2023
2670,Jagtial,Raikal,2023-06-30,0.0,26.1,33.8,55.9,80.3,0.0,12.1,June,2023
2671,Jagtial,Sarangapur,2023-06-01,0.0,27.4,39.9,36.3,83.7,0.0,7.5,June,2023
2672,Jagtial,Sarangapur,2023-06-02,0.0,26.8,43.8,19.0,72.6,0.0,5.2,June,2023
2673,Jagtial,Sarangapur,2023-06-03,0.0,27.0,43.0,19.1,62.3,0.0,3.6,June,2023
2674,Jagtial,Sarangapur,2023-06-04,0.0,28.8,42.9,24.5,64.2,0.0,8.4,June,2023
2675,Jagtial,Sarangapur,2023-06-05,0.0,26.2,43.4,25.9,78.1,0.0,12.1,June,2023
2676,Jagtial,Sarangapur,2023-06-06,0.0,27.2,42.2,27.4,67.2,0.0,12.0,June,2023
2677,Jagtial,Sarangapur,2023-06-07,1.7,29.3,41.5,26.4,76.5,0.0,7.0,June,2023
2678,Jagtial,Sarangapur,2023-06-08,0.0,29.4,42.4,28.5,63.1,0.0,12.8,June,2023
2679,Jagtial,Sarangapur,2023-06-09,0.0,29.7,42.3,24.7,56.4,0.0,10.3,June,2023
2680,Jagtial,Sarangapur,2023-06-10,0.0,31.4,42.4,33.4,63.1,0.0,12.3,June,2023
2681,Jagtial,Sarangapur,2023-06-11,0.0,28.1,42.4,28.4,72.5,0.0,12.6,June,2023
2682,Jagtial,Sarangapur,2023-06-12,0.0,31.8,41.0,40.6,63.3,0.0,10.6,June,2023
2683,Jagtial,Sarangapur,2023-06-13,0.0,31.4,42.1,27.9,55.8,0.0,10.0,June,2023
2684,Jagtial,Sarangapur,2023-06-14,0.0,31.6,43.1,23.2,58.6,0.0,11.9,June,2023
2685,Jagtial,Sarangapur,2023-06-15,0.0,31.7,41.7,29.9,63.1,0.0,12.0,June,2023
2686,Jagtial,Sarangapur,2023-06-16,0.0,29.4,41.4,25.9,55.5,0.0,12.1,June,2023
2687,Jagtial,Sarangapur,2023-06-17,0.0,32.1,42.0,21.4,63.1,0.0,12.3,June,2023
2688,Jagtial,Sarangapur,2023-06-18,0.0,31.8,41.5,32.1,59.1,0.0,10.3,June,2023
2689,Jagtial,Sarangapur,2023-06-19,0.0,32.0,42.3,21.7,55.5,0.5,13.0,June,2023
2690,Jagtial,Sarangapur,2023-06-20,0.0,29.1,41.7,27.0,63.1,0.0,8.0,June,2023
2691,Jagtial,Sarangapur,2023-06-21,0.0,28.8,42.4,28.1,72.8,0.0,6.1,June,2023
2692,Jagtial,Sarangapur,2023-06-22,1.0,27.0,41.1,36.3,93.5,0.0,11.3,June,2023
2693,Jagtial,Sarangapur,2023-06-23,16.2,23.8,37.4,41.8,99.1,0.0,8.7,June,2023
2694,Jagtial,Sarangapur,2023-06-24,7.1,23.4,29.4,86.5,99.6,0.0,6.0,June,2023
2695,Jagtial,Sarangapur,2023-06-25,0.0,25.2,30.4,77.7,99.6,0.3,5.5,June,2023
2696,Jagtial,Sarangapur,2023-06-26,3.6,24.5,32.8,69.5,96.6,0.0,9.3,June,2023
2697,Jagtial,Sarangapur,2023-06-27,10.0,23.3,27.9,80.3,99.1,0.0,13.9,June,2023
2698,Jagtial,Sarangapur,2023-06-28,6.8,23.5,27.1,89.3,98.1,0.0,9.4,June,2023
2699,Jagtial,Sarangapur,2023-06-29,0.0,25.6,32.8,67.5,92.1,0.0,8.0,June,2023
2700,Jagtial,Sarangapur,2023-06-30,2.4,26.3,34.7,58.8,77.0,0.0,12.7,June,2023
2701,Jagtial,Velgatoor,2023-06-01,0.0,26.8,40.2,40.2,99.9,0.0,7.4,June,2023
2702,Jagtial,Velgatoor,2023-06-02,0.0,27.3,44.9,23.6,83.7,0.0,9.7,June,2023
2703,Jagtial,Velgatoor,2023-06-03,0.0,26.9,44.0,17.1,76.4,0.0,12.5,June,2023
2704,Jagtial,Velgatoor,2023-06-04,0.0,29.2,44.3,23.8,76.6,0.0,13.3,June,2023
2705,Jagtial,Velgatoor,2023-06-05,0.0,24.4,42.5,23.8,98.8,0.0,17.4,June,2023
2706,Jagtial,Velgatoor,2023-06-06,0.0,28.2,41.6,25.2,90.8,0.0,12.5,June,2023
2707,Jagtial,Velgatoor,2023-06-07,0.2,27.7,42.5,31.5,93.7,0.0,15.5,June,2023
2708,Jagtial,Velgatoor,2023-06-08,0.0,28.0,44.3,31.7,80.2,0.0,13.4,June,2023
2709,Jagtial,Velgatoor,2023-06-09,0.0,28.6,42.1,23.4,77.7,0.0,15.8,June,2023
2710,Jagtial,Velgatoor,2023-06-10,4.3,28.3,43.7,23.6,66.6,0.0,32.2,June,2023
2711,Jagtial,Velgatoor,2023-06-11,0.2,27.0,42.1,31.7,92.9,0.0,23.4,June,2023
2712,Jagtial,Velgatoor,2023-06-12,0.0,28.3,41.5,32.0,84.9,0.0,21.4,June,2023
2713,Jagtial,Velgatoor,2023-06-13,0.0,29.0,42.1,22.6,72.0,0.0,20.8,June,2023
2714,Jagtial,Velgatoor,2023-06-14,0.0,30.6,42.8,23.6,70.9,0.0,21.3,June,2023
2715,Jagtial,Velgatoor,2023-06-15,0.0,29.5,42.0,23.6,78.4,0.0,18.6,June,2023
2716,Jagtial,Velgatoor,2023-06-16,0.0,29.8,44.1,23.6,60.7,0.0,18.5,June,2023
2717,Jagtial,Velgatoor,2023-06-17,0.0,28.8,44.2,23.4,77.3,0.0,17.8,June,2023
2718,Jagtial,Velgatoor,2023-06-18,0.0,29.8,42.3,26.4,60.8,0.0,19.6,June,2023
2719,Jagtial,Velgatoor,2023-06-19,0.0,29.2,42.7,24.4,74.0,0.0,19.8,June,2023
2720,Jagtial,Velgatoor,2023-06-20,0.0,29.2,41.3,21.3,76.9,0.0,17.8,June,2023
2721,Jagtial,Velgatoor,2023-06-21,0.0,28.0,43.9,23.6,90.8,0.0,17.8,June,2023
2722,Jagtial,Velgatoor,2023-06-22,0.9,26.6,41.1,34.0,99.9,0.0,14.5,June,2023
2723,Jagtial,Velgatoor,2023-06-23,2.7,25.0,38.2,34.8,100.0,0.0,14.0,June,2023
2724,Jagtial,Velgatoor,2023-06-24,1.7,25.9,30.7,82.8,100.0,0.0,9.5,June,2023
2725,Jagtial,Velgatoor,2023-06-25,0.0,25.5,32.4,79.4,100.0,0.0,10.2,June,2023
2726,Jagtial,Velgatoor,2023-06-26,12.1,24.3,34.3,55.0,100.0,0.0,18.2,June,2023
2727,Jagtial,Velgatoor,2023-06-27,12.4,23.6,28.2,83.7,98.3,0.0,16.6,June,2023
2728,Jagtial,Velgatoor,2023-06-28,3.7,24.1,30.5,89.1,99.9,0.0,17.0,June,2023
2729,Jagtial,Velgatoor,2023-06-29,0.8,24.9,33.2,65.0,100.0,0.0,16.3,June,2023
2730,Jagtial,Velgatoor,2023-06-30,0.0,26.6,36.9,46.8,99.9,0.0,16.0,June,2023
2731,Jangaon,Bachannapeta,2023-06-01,0.0,24.4,40.8,14.2,83.6,0.0,8.4,June,2023
2732,Jangaon,Bachannapeta,2023-06-02,0.0,24.5,39.6,30.7,76.9,0.0,15.3,June,2023
2733,Jangaon,Bachannapeta,2023-06-03,0.0,26.6,42.2,17.1,59.7,0.0,15.0,June,2023
2734,Jangaon,Bachannapeta,2023-06-04,0.0,25.9,42.3,24.4,64.8,0.0,14.3,June,2023
2735,Jangaon,Bachannapeta,2023-06-05,13.6,21.4,40.9,28.4,90.5,0.0,16.3,June,2023
2736,Jangaon,Bachannapeta,2023-06-06,0.0,23.7,40.5,26.4,73.1,0.0,18.0,June,2023
2737,Jangaon,Bachannapeta,2023-06-07,0.0,24.9,39.3,26.5,69.7,0.0,14.7,June,2023
2738,Jangaon,Bachannapeta,2023-06-08,0.0,26.1,40.4,29.0,64.0,1.0,16.1,June,2023
2739,Jangaon,Bachannapeta,2023-06-09,0.0,27.2,40.1,27.0,63.0,0.0,19.3,June,2023
2740,Jangaon,Bachannapeta,2023-06-10,0.0,27.7,41.9,23.5,65.0,2.8,24.7,June,2023
2741,Jangaon,Bachannapeta,2023-06-11,0.0,25.3,41.8,30.4,72.3,6.3,21.3,June,2023
2742,Jangaon,Bachannapeta,2023-06-12,0.0,27.5,40.6,19.6,65.5,3.1,19.2,June,2023
2743,Jangaon,Bachannapeta,2023-06-13,0.0,26.6,42.4,30.0,59.1,0.0,24.0,June,2023
2744,Jangaon,Bachannapeta,2023-06-14,0.0,26.9,42.2,26.3,63.5,4.3,28.3,June,2023
2745,Jangaon,Bachannapeta,2023-06-15,0.0,27.3,41.9,27.7,60.1,0.0,26.0,June,2023
2746,Jangaon,Bachannapeta,2023-06-16,0.0,27.2,41.8,26.1,56.4,0.0,23.6,June,2023
2747,Jangaon,Bachannapeta,2023-06-17,0.0,27.8,42.6,24.2,60.6,3.1,21.4,June,2023
2748,Jangaon,Bachannapeta,2023-06-18,0.0,27.6,41.3,30.5,56.7,0.0,23.1,June,2023
2749,Jangaon,Bachannapeta,2023-06-19,0.0,29.0,41.8,29.5,56.2,0.0,23.1,June,2023
2750,Jangaon,Bachannapeta,2023-06-20,0.0,25.8,41.5,13.4,68.4,0.0,14.8,June,2023
2751,Jangaon,Bachannapeta,2023-06-21,0.0,25.2,42.4,29.8,86.9,0.0,19.5,June,2023
2752,Jangaon,Bachannapeta,2023-06-22,12.5,23.4,39.6,37.1,96.1,0.0,17.0,June,2023
2753,Jangaon,Bachannapeta,2023-06-23,2.4,23.9,33.7,40.5,95.7,0.0,15.9,June,2023
2754,Jangaon,Bachannapeta,2023-06-24,16.0,23.7,32.7,61.1,97.7,0.0,15.4,June,2023
2755,Jangaon,Bachannapeta,2023-06-25,10.7,22.9,32.9,64.6,97.4,0.0,24.3,June,2023
2756,Jangaon,Bachannapeta,2023-06-26,0.3,23.6,32.9,61.9,94.1,0.0,23.1,June,2023
2757,Jangaon,Bachannapeta,2023-06-27,0.7,23.4,31.4,68.1,94.9,0.0,16.7,June,2023
2758,Jangaon,Bachannapeta,2023-06-28,4.9,23.3,32.9,62.6,95.8,0.0,12.6,June,2023
2759,Jangaon,Bachannapeta,2023-06-29,0.0,23.7,34.2,56.3,96.2,0.0,9.2,June,2023
2760,Jangaon,Bachannapeta,2023-06-30,4.0,24.1,35.4,53.1,93.6,0.0,11.5,June,2023
2761,Jangaon,Chilpur,2023-06-01,0.0,24.7,41.4,25.6,73.6,0.0,7.9,June,2023
2762,Jangaon,Chilpur,2023-06-02,0.0,26.1,41.0,25.6,63.0,0.0,11.2,June,2023
2763,Jangaon,Chilpur,2023-06-03,0.0,26.9,43.2,18.1,51.2,0.0,0.5,June,2023
2764,Jangaon,Chilpur,2023-06-04,0.0,27.4,42.4,21.6,55.1,0.0,16.9,June,2023
2765,Jangaon,Chilpur,2023-06-05,0.0,22.6,43.6,23.7,87.7,0.0,15.9,June,2023
2766,Jangaon,Chilpur,2023-06-06,0.0,26.7,40.8,26.7,61.0,0.0,11.8,June,2023
2767,Jangaon,Chilpur,2023-06-07,0.0,27.3,41.5,25.6,57.6,0.0,1.7,June,2023
2768,Jangaon,Chilpur,2023-06-08,0.0,28.7,43.5,25.1,58.6,0.0,6.0,June,2023
2769,Jangaon,Chilpur,2023-06-09,0.0,28.5,43.0,20.9,58.0,0.0,2.1,June,2023
2770,Jangaon,Chilpur,2023-06-10,0.0,29.0,43.0,21.6,61.0,0.0,13.8,June,2023
2771,Jangaon,Chilpur,2023-06-11,0.0,27.9,42.1,29.7,66.4,0.0,0.1,June,2023
2772,Jangaon,Chilpur,2023-06-12,0.0,29.0,40.5,31.1,61.0,0.0,4.1,June,2023
2773,Jangaon,Chilpur,2023-06-13,0.0,28.7,42.3,27.8,56.1,0.0,5.5,June,2023
2774,Jangaon,Chilpur,2023-06-14,0.0,28.9,43.7,23.0,59.0,0.0,0.4,June,2023
2775,Jangaon,Chilpur,2023-06-15,0.0,29.1,42.7,24.9,55.1,0.0,8.7,June,2023
2776,Jangaon,Chilpur,2023-06-16,0.0,28.3,42.7,23.7,51.7,0.0,5.0,June,2023
2777,Jangaon,Chilpur,2023-06-17,0.0,29.2,43.0,22.3,56.1,0.0,9.7,June,2023
2778,Jangaon,Chilpur,2023-06-18,0.0,29.9,42.4,26.2,52.6,0.0,3.4,June,2023
2779,Jangaon,Chilpur,2023-06-19,0.0,29.9,41.7,28.3,54.6,0.0,17.1,June,2023
2780,Jangaon,Chilpur,2023-06-20,0.0,25.5,40.7,29.0,77.2,0.0,16.1,June,2023
2781,Jangaon,Chilpur,2023-06-21,4.5,24.1,42.1,29.0,97.3,0.0,3.5,June,2023
2782,Jangaon,Chilpur,2023-06-22,79.4,23.2,39.1,36.7,99.2,0.4,13.5,June,2023
2783,Jangaon,Chilpur,2023-06-23,4.0,23.9,34.5,55.0,97.8,0.0,15.0,June,2023
2784,Jangaon,Chilpur,2023-06-24,21.6,22.4,32.6,68.9,99.7,0.0,10.2,June,2023
2785,Jangaon,Chilpur,2023-06-25,0.0,23.4,32.1,65.5,99.6,0.0,12.7,June,2023
2786,Jangaon,Chilpur,2023-06-26,0.0,24.2,32.4,61.5,93.5,0.6,11.4,June,2023
2787,Jangaon,Chilpur,2023-06-27,0.0,23.7,30.7,66.4,96.8,0.0,12.0,June,2023
2788,Jangaon,Chilpur,2023-06-28,0.3,24.1,32.9,60.0,96.3,1.1,11.5,June,2023
2789,Jangaon,Chilpur,2023-06-29,0.7,23.6,35.7,53.5,98.2,0.0,9.9,June,2023
2790,Jangaon,Chilpur,2023-06-30,0.0,25.0,35.8,50.2,90.8,0.0,11.6,June,2023
2791,Jangaon,Devaruppala,2023-06-01,0.0,25.7,39.7,36.7,77.8,0.0,15.4,June,2023
2792,Jangaon,Devaruppala,2023-06-02,0.0,24.9,40.6,30.8,84.6,3.4,16.1,June,2023
2793,Jangaon,Devaruppala,2023-06-03,0.0,26.3,42.9,20.2,72.0,0.0,15.0,June,2023
2794,Jangaon,Devaruppala,2023-06-04,0.0,27.1,42.9,24.3,70.8,0.0,14.2,June,2023
2795,Jangaon,Devaruppala,2023-06-05,0.0,24.7,40.8,29.8,83.0,0.0,24.6,June,2023
2796,Jangaon,Devaruppala,2023-06-06,0.0,25.3,39.2,30.2,79.3,0.0,12.0,June,2023
2797,Jangaon,Devaruppala,2023-06-07,0.0,26.6,41.1,28.4,72.9,0.0,16.1,June,2023
2798,Jangaon,Devaruppala,2023-06-08,0.0,27.7,41.8,28.4,62.6,4.9,17.8,June,2023
2799,Jangaon,Devaruppala,2023-06-09,0.3,28.1,42.3,26.4,68.3,0.0,18.6,June,2023
2800,Jangaon,Devaruppala,2023-06-10,0.0,28.4,42.5,27.0,63.6,0.0,19.4,June,2023
2801,Jangaon,Devaruppala,2023-06-11,2.6,25.8,41.0,33.2,83.1,0.4,19.9,June,2023
2802,Jangaon,Devaruppala,2023-06-12,0.0,26.5,39.5,36.1,79.6,3.7,18.8,June,2023
2803,Jangaon,Devaruppala,2023-06-13,0.0,29.2,39.8,34.3,59.1,4.0,20.1,June,2023
2804,Jangaon,Devaruppala,2023-06-14,0.0,29.1,40.8,28.1,61.5,3.0,19.5,June,2023
2805,Jangaon,Devaruppala,2023-06-15,0.0,29.6,40.7,28.1,57.7,0.0,19.5,June,2023
2806,Jangaon,Devaruppala,2023-06-16,0.0,28.0,40.3,28.1,59.6,0.0,19.1,June,2023
2807,Jangaon,Devaruppala,2023-06-17,0.0,29.7,41.8,26.4,57.0,1.8,17.6,June,2023
2808,Jangaon,Devaruppala,2023-06-18,0.0,30.0,40.5,30.8,55.2,0.0,16.4,June,2023
2809,Jangaon,Devaruppala,2023-06-19,0.0,28.9,39.5,33.6,63.1,0.0,17.8,June,2023
2810,Jangaon,Devaruppala,2023-06-20,0.0,26.9,39.7,32.9,77.9,0.0,15.1,June,2023
2811,Jangaon,Devaruppala,2023-06-21,2.9,25.1,40.2,35.6,91.1,0.0,13.5,June,2023
2812,Jangaon,Devaruppala,2023-06-22,5.4,25.1,38.3,42.5,93.5,0.0,15.6,June,2023
2813,Jangaon,Devaruppala,2023-06-23,15.8,24.5,36.0,49.7,95.9,0.0,17.8,June,2023
2814,Jangaon,Devaruppala,2023-06-24,17.0,23.6,31.7,69.8,97.2,0.0,15.1,June,2023
2815,Jangaon,Devaruppala,2023-06-25,8.6,23.9,31.3,69.7,95.4,0.0,18.0,June,2023
2816,Jangaon,Devaruppala,2023-06-26,0.0,25.5,32.3,63.0,90.7,2.6,16.7,June,2023
2817,Jangaon,Devaruppala,2023-06-27,0.9,24.6,31.5,63.7,92.7,0.0,21.2,June,2023
2818,Jangaon,Devaruppala,2023-06-28,11.2,24.3,32.9,56.6,95.9,2.2,21.3,June,2023
2819,Jangaon,Devaruppala,2023-06-29,13.3,24.0,33.4,53.5,97.7,0.0,16.7,June,2023
2820,Jangaon,Devaruppala,2023-06-30,0.0,24.9,33.2,59.0,86.6,0.0,20.0,June,2023
2821,Jangaon,Ganpur_Stn,2023-06-01,0.0,26.0,41.7,30.8,70.0,0.0,10.2,June,2023
2822,Jangaon,Ganpur_Stn,2023-06-02,0.0,27.3,44.0,23.8,62.2,0.0,15.7,June,2023
2823,Jangaon,Ganpur_Stn,2023-06-03,0.0,27.6,43.9,19.6,53.8,0.0,24.3,June,2023
2824,Jangaon,Ganpur_Stn,2023-06-04,0.0,29.2,44.2,22.1,56.2,0.0,21.7,June,2023
2825,Jangaon,Ganpur_Stn,2023-06-05,0.0,23.8,42.4,25.9,83.4,0.0,23.3,June,2023
2826,Jangaon,Ganpur_Stn,2023-06-06,0.0,27.2,41.8,26.8,65.2,0.0,18.1,June,2023
2827,Jangaon,Ganpur_Stn,2023-06-07,0.0,28.5,42.2,25.6,58.9,0.0,23.7,June,2023
2828,Jangaon,Ganpur_Stn,2023-06-08,0.0,29.1,42.3,26.5,58.5,4.0,14.5,June,2023
2829,Jangaon,Ganpur_Stn,2023-06-09,0.0,29.2,43.8,23.8,57.1,0.0,21.1,June,2023
2830,Jangaon,Ganpur_Stn,2023-06-10,0.0,29.8,43.1,23.6,59.1,0.0,23.2,June,2023
2831,Jangaon,Ganpur_Stn,2023-06-11,0.2,25.7,42.0,30.1,82.4,3.6,20.8,June,2023
2832,Jangaon,Ganpur_Stn,2023-06-12,0.0,29.7,40.1,32.8,61.1,0.0,18.8,June,2023
2833,Jangaon,Ganpur_Stn,2023-06-13,0.0,29.3,42.2,29.3,54.6,0.9,14.6,June,2023
2834,Jangaon,Ganpur_Stn,2023-06-14,0.0,29.5,43.3,24.9,58.4,0.4,20.8,June,2023
2835,Jangaon,Ganpur_Stn,2023-06-15,0.0,29.5,41.2,27.9,56.8,0.0,28.3,June,2023
2836,Jangaon,Ganpur_Stn,2023-06-16,0.0,29.6,41.7,26.2,52.3,0.0,19.6,June,2023
2837,Jangaon,Ganpur_Stn,2023-06-17,0.0,29.8,42.7,24.3,56.4,0.0,16.0,June,2023
2838,Jangaon,Ganpur_Stn,2023-06-18,0.0,30.4,41.2,29.0,54.1,0.0,26.8,June,2023
2839,Jangaon,Ganpur_Stn,2023-06-19,0.0,30.5,38.9,32.2,54.2,0.0,27.3,June,2023
2840,Jangaon,Ganpur_Stn,2023-06-20,0.0,26.5,40.8,29.2,74.2,0.0,21.8,June,2023
2841,Jangaon,Ganpur_Stn,2023-06-21,16.6,24.3,43.0,29.9,95.4,0.0,15.1,June,2023
2842,Jangaon,Ganpur_Stn,2023-06-22,55.3,23.1,39.1,39.8,100.0,0.7,15.5,June,2023
2843,Jangaon,Ganpur_Stn,2023-06-23,13.9,23.3,37.0,47.6,98.7,0.0,15.3,June,2023
2844,Jangaon,Ganpur_Stn,2023-06-24,18.9,22.3,31.9,70.8,100.0,0.0,18.7,June,2023
2845,Jangaon,Ganpur_Stn,2023-06-25,0.3,23.9,31.4,65.2,97.3,0.0,14.6,June,2023
2846,Jangaon,Ganpur_Stn,2023-06-26,0.0,25.7,32.6,61.2,84.5,1.2,14.7,June,2023
2847,Jangaon,Ganpur_Stn,2023-06-27,0.2,24.2,30.0,70.8,93.4,0.0,13.6,June,2023
2848,Jangaon,Ganpur_Stn,2023-06-28,0.9,24.8,31.7,62.5,89.5,2.2,12.1,June,2023
2849,Jangaon,Ganpur_Stn,2023-06-29,6.5,23.8,33.5,55.2,100.0,0.0,14.6,June,2023
2850,Jangaon,Ganpur_Stn,2023-06-30,1.5,25.5,34.4,50.9,95.4,0.0,15.8,June,2023
2851,Jangaon,Jangaon,2023-06-01,0.0,24.3,40.5,31.1,86.5,0.0,14.1,June,2023
2852,Jangaon,Jangaon,2023-06-02,0.0,25.8,41.1,32.3,79.1,0.0,11.5,June,2023
2853,Jangaon,Jangaon,2023-06-03,0.0,27.0,41.1,21.4,68.1,0.0,9.6,June,2023
2854,Jangaon,Jangaon,2023-06-04,0.0,27.9,43.6,23.4,63.9,0.0,9.5,June,2023
2855,Jangaon,Jangaon,2023-06-05,0.8,23.0,40.9,30.5,87.0,0.0,24.6,June,2023
2856,Jangaon,Jangaon,2023-06-06,0.0,25.8,39.5,29.8,74.2,0.0,10.1,June,2023
2857,Jangaon,Jangaon,2023-06-07,0.0,28.1,41.1,28.5,59.6,0.0,13.6,June,2023
2858,Jangaon,Jangaon,2023-06-08,0.0,27.9,41.8,28.5,62.8,3.5,15.2,June,2023
2859,Jangaon,Jangaon,2023-06-09,0.0,27.9,42.0,27.2,62.3,0.6,19.0,June,2023
2860,Jangaon,Jangaon,2023-06-10,0.0,28.8,42.4,26.7,62.3,2.3,30.7,June,2023
2861,Jangaon,Jangaon,2023-06-11,0.3,25.8,42.3,31.4,79.2,0.9,14.5,June,2023
2862,Jangaon,Jangaon,2023-06-12,0.0,28.4,40.4,31.8,65.5,1.4,14.6,June,2023
2863,Jangaon,Jangaon,2023-06-13,0.0,28.5,41.7,30.8,58.2,4.0,15.1,June,2023
2864,Jangaon,Jangaon,2023-06-14,0.0,28.7,41.5,26.7,61.0,3.2,16.7,June,2023
2865,Jangaon,Jangaon,2023-06-15,0.0,28.8,41.4,28.7,58.6,2.1,18.9,June,2023
2866,Jangaon,Jangaon,2023-06-16,0.0,28.3,41.2,26.5,55.8,0.0,15.5,June,2023
2867,Jangaon,Jangaon,2023-06-17,0.0,29.1,42.3,25.4,58.2,3.6,14.7,June,2023
2868,Jangaon,Jangaon,2023-06-18,0.0,29.6,41.0,31.1,56.2,0.0,12.5,June,2023
2869,Jangaon,Jangaon,2023-06-19,0.0,29.5,41.8,29.4,57.3,0.0,11.3,June,2023
2870,Jangaon,Jangaon,2023-06-20,0.0,26.2,40.6,31.1,75.8,0.0,10.7,June,2023
2871,Jangaon,Jangaon,2023-06-21,12.2,24.9,41.1,31.1,90.7,0.0,11.3,June,2023
2872,Jangaon,Jangaon,2023-06-22,23.2,23.6,38.5,39.4,96.4,0.0,37.8,June,2023
2873,Jangaon,Jangaon,2023-06-23,2.8,24.1,33.3,55.4,96.8,0.0,12.1,June,2023
2874,Jangaon,Jangaon,2023-06-24,7.2,23.4,32.7,66.1,98.2,0.0,17.1,June,2023
2875,Jangaon,Jangaon,2023-06-25,1.1,23.7,31.6,63.7,97.7,0.0,14.9,June,2023
2876,Jangaon,Jangaon,2023-06-26,0.0,25.2,33.6,57.2,84.8,0.8,15.3,June,2023
2877,Jangaon,Jangaon,2023-06-27,0.2,24.0,31.0,65.8,93.6,0.0,13.3,June,2023
2878,Jangaon,Jangaon,2023-06-28,0.4,24.2,33.0,56.7,94.1,1.0,17.1,June,2023
2879,Jangaon,Jangaon,2023-06-29,3.4,23.7,35.0,50.1,98.2,0.0,12.0,June,2023
2880,Jangaon,Jangaon,2023-06-30,0.0,25.2,35.2,50.1,82.6,1.5,15.5,June,2023
2881,Jangaon,Kodakandla,2023-06-01,0.0,25.6,39.0,34.8,91.2,0.0,8.3,June,2023
2882,Jangaon,Kodakandla,2023-06-02,0.0,27.3,40.2,29.3,70.5,0.0,10.8,June,2023
2883,Jangaon,Kodakandla,2023-06-03,0.0,28.9,41.3,21.3,59.5,0.0,15.3,June,2023
2884,Jangaon,Kodakandla,2023-06-04,0.0,28.3,41.6,24.1,59.0,0.0,15.0,June,2023
2885,Jangaon,Kodakandla,2023-06-05,0.0,26.1,41.5,27.9,78.6,0.3,13.7,June,2023
2886,Jangaon,Kodakandla,2023-06-06,0.0,28.1,39.5,27.9,59.0,0.0,12.1,June,2023
2887,Jangaon,Kodakandla,2023-06-07,0.0,29.8,40.5,26.1,57.5,0.0,13.7,June,2023
2888,Jangaon,Kodakandla,2023-06-08,0.0,28.9,41.4,26.8,60.0,1.4,15.4,June,2023
2889,Jangaon,Kodakandla,2023-06-09,0.6,29.4,41.3,25.4,61.5,0.0,16.2,June,2023
2890,Jangaon,Kodakandla,2023-06-10,2.4,28.1,42.4,22.7,68.7,0.0,19.4,June,2023
2891,Jangaon,Kodakandla,2023-06-11,15.9,24.5,39.9,33.4,96.0,1.7,14.1,June,2023
2892,Jangaon,Kodakandla,2023-06-12,0.0,28.3,39.6,35.5,71.4,1.8,13.5,June,2023
2893,Jangaon,Kodakandla,2023-06-13,0.0,29.8,40.6,33.7,55.6,0.0,15.3,June,2023
2894,Jangaon,Kodakandla,2023-06-14,0.0,30.0,40.8,27.5,58.0,0.1,10.6,June,2023
2895,Jangaon,Kodakandla,2023-06-15,0.0,30.5,41.2,28.9,54.0,0.0,13.2,June,2023
2896,Jangaon,Kodakandla,2023-06-16,0.0,30.3,40.9,27.5,57.5,0.0,13.9,June,2023
2897,Jangaon,Kodakandla,2023-06-17,0.0,30.8,42.3,25.4,53.5,1.2,18.1,June,2023
2898,Jangaon,Kodakandla,2023-06-18,0.0,31.1,40.4,30.2,52.6,0.0,12.2,June,2023
2899,Jangaon,Kodakandla,2023-06-19,0.0,30.2,38.4,34.8,56.6,0.0,17.3,June,2023
2900,Jangaon,Kodakandla,2023-06-20,0.0,28.0,40.4,30.0,71.4,0.0,14.2,June,2023
2901,Jangaon,Kodakandla,2023-06-21,25.9,24.8,40.4,32.3,97.8,0.0,11.4,June,2023
2902,Jangaon,Kodakandla,2023-06-22,8.2,24.7,35.6,53.9,97.3,0.8,13.7,June,2023
2903,Jangaon,Kodakandla,2023-06-23,2.3,24.5,34.1,55.5,97.8,0.0,13.9,June,2023
2904,Jangaon,Kodakandla,2023-06-24,53.1,22.1,31.3,70.6,100.0,0.0,5.0,June,2023
2905,Jangaon,Kodakandla,2023-06-25,3.0,24.4,31.6,69.7,99.7,0.0,12.1,June,2023
2906,Jangaon,Kodakandla,2023-06-26,0.0,25.9,32.5,61.0,90.8,0.0,15.1,June,2023
2907,Jangaon,Kodakandla,2023-06-27,0.0,25.3,31.6,64.4,92.1,0.4,14.3,June,2023
2908,Jangaon,Kodakandla,2023-06-28,12.5,24.4,32.8,56.0,100.0,0.0,12.5,June,2023
2909,Jangaon,Kodakandla,2023-06-29,2.7,24.3,34.6,50.3,99.2,0.1,10.1,June,2023
2910,Jangaon,Kodakandla,2023-06-30,0.0,26.0,35.6,51.2,81.8,0.0,9.1,June,2023
2911,Jangaon,Lingalaghanpur,2023-06-01,0.0,25.4,39.8,33.7,85.3,0.0,11.1,June,2023
2912,Jangaon,Lingalaghanpur,2023-06-02,0.0,27.3,39.6,27.6,73.6,0.0,9.1,June,2023
2913,Jangaon,Lingalaghanpur,2023-06-03,0.0,28.0,41.2,13.1,60.6,0.0,12.9,June,2023
2914,Jangaon,Lingalaghanpur,2023-06-04,0.0,29.0,41.7,15.7,54.1,0.0,11.4,June,2023
2915,Jangaon,Lingalaghanpur,2023-06-05,0.0,24.6,40.3,22.5,81.2,0.0,15.3,June,2023
2916,Jangaon,Lingalaghanpur,2023-06-06,0.0,26.7,39.2,23.8,71.0,0.0,11.0,June,2023
2917,Jangaon,Lingalaghanpur,2023-06-07,0.0,29.0,40.7,22.8,59.7,0.0,11.5,June,2023
2918,Jangaon,Lingalaghanpur,2023-06-08,0.0,28.4,41.4,19.6,60.2,0.5,14.1,June,2023
2919,Jangaon,Lingalaghanpur,2023-06-09,0.5,26.7,40.9,19.6,69.5,0.3,11.7,June,2023
2920,Jangaon,Lingalaghanpur,2023-06-10,0.0,29.1,41.9,20.8,58.8,0.0,11.4,June,2023
2921,Jangaon,Lingalaghanpur,2023-06-11,7.3,25.5,40.9,25.3,100.0,0.9,11.0,June,2023
2922,Jangaon,Lingalaghanpur,2023-06-12,0.0,27.7,39.4,30.9,74.7,0.0,7.2,June,2023
2923,Jangaon,Lingalaghanpur,2023-06-13,0.0,28.8,40.0,26.6,60.2,0.0,10.0,June,2023
2924,Jangaon,Lingalaghanpur,2023-06-14,0.0,29.1,40.7,21.9,59.2,0.0,7.8,June,2023
2925,Jangaon,Lingalaghanpur,2023-06-15,0.0,29.1,40.6,20.8,55.1,0.0,12.5,June,2023
2926,Jangaon,Lingalaghanpur,2023-06-16,0.0,28.8,40.4,22.1,57.9,0.0,8.9,June,2023
2927,Jangaon,Lingalaghanpur,2023-06-17,0.0,29.7,41.5,18.9,52.3,0.6,8.0,June,2023
2928,Jangaon,Lingalaghanpur,2023-06-18,0.0,30.6,40.1,22.8,49.2,0.0,8.1,June,2023
2929,Jangaon,Lingalaghanpur,2023-06-19,0.0,30.2,39.9,24.1,50.8,0.0,9.0,June,2023
2930,Jangaon,Lingalaghanpur,2023-06-20,0.0,26.8,39.1,25.7,76.7,0.0,12.3,June,2023
2931,Jangaon,Lingalaghanpur,2023-06-21,14.3,24.8,40.6,26.6,100.0,0.0,12.0,June,2023
2932,Jangaon,Lingalaghanpur,2023-06-22,12.6,24.3,36.7,44.1,100.0,0.0,13.5,June,2023
2933,Jangaon,Lingalaghanpur,2023-06-23,1.7,24.7,33.0,62.1,100.0,0.0,9.6,June,2023
2934,Jangaon,Lingalaghanpur,2023-06-24,13.6,23.4,31.2,67.6,100.0,0.0,4.7,June,2023
2935,Jangaon,Lingalaghanpur,2023-06-25,10.9,23.2,31.7,71.9,98.0,0.0,9.7,June,2023
2936,Jangaon,Lingalaghanpur,2023-06-26,0.0,25.4,32.6,68.3,100.0,0.0,9.6,June,2023
2937,Jangaon,Lingalaghanpur,2023-06-27,0.0,24.0,30.9,72.6,100.0,0.0,8.4,June,2023
2938,Jangaon,Lingalaghanpur,2023-06-28,0.0,24.8,32.4,71.6,100.0,0.0,7.9,June,2023
2939,Jangaon,Lingalaghanpur,2023-06-29,6.1,23.6,33.7,60.2,100.0,0.0,7.5,June,2023
2940,Jangaon,Lingalaghanpur,2023-06-30,0.0,25.8,34.2,60.3,100.0,0.0,9.8,June,2023
2941,Jangaon,Narmetta,2023-06-01,0.0,26.2,39.6,35.6,74.4,0.0,5.5,June,2023
2942,Jangaon,Narmetta,2023-06-02,0.0,27.7,41.6,32.6,67.1,0.0,5.6,June,2023
2943,Jangaon,Narmetta,2023-06-03,0.0,28.8,42.9,22.8,48.3,0.0,7.6,June,2023
2944,Jangaon,Narmetta,2023-06-04,0.0,28.8,44.1,25.3,55.1,0.0,6.3,June,2023
2945,Jangaon,Narmetta,2023-06-05,0.0,23.1,42.9,29.1,87.9,0.0,22.6,June,2023
2946,Jangaon,Narmetta,2023-06-06,0.0,28.3,40.7,31.3,57.7,0.0,5.4,June,2023
2947,Jangaon,Narmetta,2023-06-07,0.0,28.5,41.6,32.0,60.4,0.3,8.8,June,2023
2948,Jangaon,Narmetta,2023-06-08,0.0,27.9,42.7,30.4,65.5,0.0,8.6,June,2023
2949,Jangaon,Narmetta,2023-06-09,0.3,27.6,42.6,26.9,65.4,0.0,9.7,June,2023
2950,Jangaon,Narmetta,2023-06-10,0.0,28.4,41.9,30.4,66.7,0.0,9.5,June,2023
2951,Jangaon,Narmetta,2023-06-11,0.0,26.6,41.5,35.6,78.2,0.0,8.0,June,2023
2952,Jangaon,Narmetta,2023-06-12,0.0,28.1,40.2,36.2,67.1,0.0,7.0,June,2023
2953,Jangaon,Narmetta,2023-06-13,0.0,27.7,40.8,34.5,62.3,0.0,10.5,June,2023
2954,Jangaon,Narmetta,2023-06-14,0.0,28.0,41.2,29.4,65.9,0.1,10.6,June,2023
2955,Jangaon,Narmetta,2023-06-15,0.0,28.1,40.1,34.2,61.8,0.0,9.2,June,2023
2956,Jangaon,Narmetta,2023-06-16,0.0,28.3,39.9,31.7,56.9,0.0,9.6,June,2023
2957,Jangaon,Narmetta,2023-06-17,0.0,28.4,42.1,28.5,61.9,0.0,7.6,June,2023
2958,Jangaon,Narmetta,2023-06-18,0.0,29.1,40.7,34.5,60.5,0.0,7.7,June,2023
2959,Jangaon,Narmetta,2023-06-19,0.0,29.4,41.4,33.8,59.6,0.0,5.6,June,2023
2960,Jangaon,Narmetta,2023-06-20,0.0,27.0,40.9,33.2,73.1,0.0,4.9,June,2023
2961,Jangaon,Narmetta,2023-06-21,0.0,25.5,42.3,34.8,85.2,0.0,9.6,June,2023
2962,Jangaon,Narmetta,2023-06-22,3.3,23.7,39.6,39.9,99.0,0.0,9.7,June,2023
2963,Jangaon,Narmetta,2023-06-23,17.5,22.7,33.8,56.0,100.0,0.0,13.2,June,2023
2964,Jangaon,Narmetta,2023-06-24,26.3,22.6,32.0,70.0,100.0,0.0,4.0,June,2023
2965,Jangaon,Narmetta,2023-06-25,10.7,22.4,29.9,75.9,100.0,0.0,6.3,June,2023
2966,Jangaon,Narmetta,2023-06-26,0.0,24.4,31.6,69.9,91.7,0.0,7.3,June,2023
2967,Jangaon,Narmetta,2023-06-27,2.1,23.0,30.0,69.9,98.1,0.0,5.2,June,2023
2968,Jangaon,Narmetta,2023-06-28,0.0,24.2,30.7,66.4,96.7,0.0,5.9,June,2023
2969,Jangaon,Narmetta,2023-06-29,0.6,23.6,32.5,64.7,100.0,0.0,6.4,June,2023
2970,Jangaon,Narmetta,2023-06-30,0.0,24.6,33.1,59.2,90.4,0.0,12.0,June,2023
2971,Jangaon,Palakurthi,2023-06-01,0.0,24.1,38.7,32.8,97.9,0.0,11.6,June,2023
2972,Jangaon,Palakurthi,2023-06-02,0.0,25.1,39.9,29.5,85.2,0.0,14.6,June,2023
2973,Jangaon,Palakurthi,2023-06-03,0.0,25.7,42.3,20.3,76.7,0.0,15.6,June,2023
2974,Jangaon,Palakurthi,2023-06-04,0.0,28.0,42.0,23.0,65.4,0.0,17.4,June,2023
2975,Jangaon,Palakurthi,2023-06-05,4.3,23.6,42.0,26.7,92.4,0.0,24.1,June,2023
2976,Jangaon,Palakurthi,2023-06-06,0.0,24.7,40.0,29.5,71.9,0.0,12.8,June,2023
2977,Jangaon,Palakurthi,2023-06-07,0.0,26.5,41.9,25.5,73.5,0.0,15.5,June,2023
2978,Jangaon,Palakurthi,2023-06-08,0.0,28.8,42.7,25.5,58.6,0.2,16.0,June,2023
2979,Jangaon,Palakurthi,2023-06-09,0.5,28.9,43.3,23.6,59.5,0.0,16.4,June,2023
2980,Jangaon,Palakurthi,2023-06-10,1.3,27.6,43.5,23.0,73.1,0.0,23.2,June,2023
2981,Jangaon,Palakurthi,2023-06-11,8.1,24.6,40.9,33.7,87.7,0.0,27.9,June,2023
2982,Jangaon,Palakurthi,2023-06-12,2.1,26.8,38.7,36.0,83.5,0.0,18.5,June,2023
2983,Jangaon,Palakurthi,2023-06-13,0.0,29.3,40.0,32.6,66.7,0.0,18.8,June,2023
2984,Jangaon,Palakurthi,2023-06-14,0.0,29.4,41.3,28.5,58.6,0.0,18.6,June,2023
2985,Jangaon,Palakurthi,2023-06-15,0.0,29.6,39.7,28.8,56.7,0.0,23.2,June,2023
2986,Jangaon,Palakurthi,2023-06-16,0.0,26.8,40.6,27.1,70.6,0.0,20.2,June,2023
2987,Jangaon,Palakurthi,2023-06-17,0.0,28.7,41.6,25.8,63.6,0.0,16.7,June,2023
2988,Jangaon,Palakurthi,2023-06-18,0.0,28.5,41.3,30.7,67.5,0.0,22.3,June,2023
2989,Jangaon,Palakurthi,2023-06-19,0.0,29.6,38.7,33.2,65.4,0.0,17.1,June,2023
2990,Jangaon,Palakurthi,2023-06-20,0.0,26.5,41.6,29.8,75.1,0.0,19.4,June,2023
2991,Jangaon,Palakurthi,2023-06-21,7.5,24.7,42.7,29.8,96.0,0.0,13.9,June,2023
2992,Jangaon,Palakurthi,2023-06-22,15.6,24.7,36.9,45.3,93.8,0.0,17.1,June,2023
2993,Jangaon,Palakurthi,2023-06-23,5.4,24.1,36.1,49.6,98.8,0.0,23.6,June,2023
2994,Jangaon,Palakurthi,2023-06-24,8.5,22.9,31.3,72.2,99.2,0.0,9.8,June,2023
2995,Jangaon,Palakurthi,2023-06-25,7.7,23.8,31.6,56.5,97.9,0.0,14.3,June,2023
2996,Jangaon,Palakurthi,2023-06-26,0.0,25.5,32.1,56.5,89.9,0.0,18.5,June,2023
2997,Jangaon,Palakurthi,2023-06-27,0.3,24.4,31.3,62.0,94.5,0.0,16.5,June,2023
2998,Jangaon,Palakurthi,2023-06-28,0.7,24.8,32.8,54.5,93.3,0.0,20.4,June,2023
2999,Jangaon,Palakurthi,2023-06-29,14.9,23.6,33.9,50.7,97.8,0.0,15.4,June,2023
3000,Jangaon,Palakurthi,2023-06-30,0.0,25.2,35.7,49.1,83.8,0.0,12.7,June,2023
3001,Jangaon,Raghunathpalle,2023-06-01,0.0,25.0,39.3,39.6,63.8,0.0,6.4,June,2023
3002,Jangaon,Raghunathpalle,2023-06-02,0.0,26.6,40.3,32.1,67.6,0.0,11.7,June,2023
3003,Jangaon,Raghunathpalle,2023-06-03,0.0,26.1,42.0,21.8,67.6,0.0,11.3,June,2023
3004,Jangaon,Raghunathpalle,2023-06-04,0.0,27.6,42.7,26.6,67.6,0.0,15.3,June,2023
3005,Jangaon,Raghunathpalle,2023-06-05,0.0,24.1,40.5,33.5,83.9,0.0,22.4,June,2023
3006,Jangaon,Raghunathpalle,2023-06-06,0.0,25.2,39.0,33.5,75.0,0.0,13.5,June,2023
3007,Jangaon,Raghunathpalle,2023-06-07,0.0,26.9,40.6,30.0,68.6,0.0,15.3,June,2023
3008,Jangaon,Raghunathpalle,2023-06-08,0.0,28.3,41.1,31.4,64.8,0.0,13.2,June,2023
3009,Jangaon,Raghunathpalle,2023-06-09,0.5,28.8,40.9,30.0,64.3,0.0,15.1,June,2023
3010,Jangaon,Raghunathpalle,2023-06-10,0.0,29.1,41.1,31.4,65.8,0.0,16.0,June,2023
3011,Jangaon,Raghunathpalle,2023-06-11,2.2,26.9,41.0,34.8,78.4,0.0,14.7,June,2023
3012,Jangaon,Raghunathpalle,2023-06-12,0.5,28.5,39.4,37.3,68.6,0.0,12.4,June,2023
3013,Jangaon,Raghunathpalle,2023-06-13,0.0,28.9,41.3,34.8,60.3,0.0,8.8,June,2023
3014,Jangaon,Raghunathpalle,2023-06-14,0.0,29.2,42.2,31.0,63.8,0.0,12.3,June,2023
3015,Jangaon,Raghunathpalle,2023-06-15,0.0,29.5,40.3,33.5,58.8,0.0,15.3,June,2023
3016,Jangaon,Raghunathpalle,2023-06-16,0.0,27.8,40.4,31.8,62.3,0.0,15.2,June,2023
3017,Jangaon,Raghunathpalle,2023-06-17,0.0,29.7,41.9,28.9,59.8,0.0,16.4,June,2023
3018,Jangaon,Raghunathpalle,2023-06-18,0.0,31.0,40.6,34.8,57.3,0.0,16.2,June,2023
3019,Jangaon,Raghunathpalle,2023-06-19,0.0,30.4,40.8,34.8,58.3,0.0,15.3,June,2023
3020,Jangaon,Raghunathpalle,2023-06-20,0.0,26.6,39.3,36.1,77.5,0.0,14.6,June,2023
3021,Jangaon,Raghunathpalle,2023-06-21,1.8,26.0,40.6,36.1,91.9,0.0,11.5,June,2023
3022,Jangaon,Raghunathpalle,2023-06-22,7.5,24.1,37.5,45.1,100.0,0.0,10.5,June,2023
3023,Jangaon,Raghunathpalle,2023-06-23,4.4,23.7,34.4,56.2,100.0,0.0,12.0,June,2023
3024,Jangaon,Raghunathpalle,2023-06-24,8.0,23.2,32.9,67.8,100.0,0.0,1.1,June,2023
3025,Jangaon,Raghunathpalle,2023-06-25,2.6,23.3,30.9,70.6,100.0,0.0,10.2,June,2023
3026,Jangaon,Raghunathpalle,2023-06-26,0.8,25.7,31.9,66.4,86.2,0.0,15.0,June,2023
3027,Jangaon,Raghunathpalle,2023-06-27,0.0,24.2,30.9,70.1,96.4,0.0,15.1,June,2023
3028,Jangaon,Raghunathpalle,2023-06-28,1.1,24.1,32.6,61.3,100.0,0.0,11.5,June,2023
3029,Jangaon,Raghunathpalle,2023-06-29,10.9,23.9,34.3,54.7,100.0,0.0,15.2,June,2023
3030,Jangaon,Raghunathpalle,2023-06-30,0.0,25.5,34.7,56.2,90.8,0.0,8.8,June,2023
3031,Jangaon,Tharigoppula,2023-06-01,0.0,24.1,39.8,29.9,79.7,0.0,11.2,June,2023
3032,Jangaon,Tharigoppula,2023-06-02,0.0,25.5,40.5,27.9,66.8,0.0,15.7,June,2023
3033,Jangaon,Tharigoppula,2023-06-03,0.0,27.3,41.8,18.1,56.5,0.0,13.9,June,2023
3034,Jangaon,Tharigoppula,2023-06-04,0.0,28.1,42.0,22.2,57.9,0.0,11.7,June,2023
3035,Jangaon,Tharigoppula,2023-06-05,0.0,22.7,41.1,26.2,92.8,0.0,28.8,June,2023
3036,Jangaon,Tharigoppula,2023-06-06,0.0,25.6,38.8,28.6,65.9,0.0,15.2,June,2023
3037,Jangaon,Tharigoppula,2023-06-07,0.0,28.9,40.0,25.2,57.7,0.3,19.2,June,2023
3038,Jangaon,Tharigoppula,2023-06-08,0.0,28.1,40.9,27.5,63.0,0.0,25.7,June,2023
3039,Jangaon,Tharigoppula,2023-06-09,0.0,28.1,40.8,25.5,61.6,0.0,17.2,June,2023
3040,Jangaon,Tharigoppula,2023-06-10,0.0,28.4,41.4,24.8,64.9,0.0,19.1,June,2023
3041,Jangaon,Tharigoppula,2023-06-11,0.0,27.0,39.9,31.9,75.1,5.5,23.8,June,2023
3042,Jangaon,Tharigoppula,2023-06-12,0.0,28.4,39.4,33.9,64.9,6.5,18.9,June,2023
3043,Jangaon,Tharigoppula,2023-06-13,0.0,28.1,40.3,29.9,59.6,5.9,25.7,June,2023
3044,Jangaon,Tharigoppula,2023-06-14,0.0,28.2,40.9,26.2,63.0,4.7,26.8,June,2023
3045,Jangaon,Tharigoppula,2023-06-15,0.0,28.1,39.5,29.2,60.1,3.6,24.5,June,2023
3046,Jangaon,Tharigoppula,2023-06-16,0.0,28.6,39.5,28.6,54.1,0.0,23.1,June,2023
3047,Jangaon,Tharigoppula,2023-06-17,0.0,28.5,40.4,25.2,59.6,4.2,22.9,June,2023
3048,Jangaon,Tharigoppula,2023-06-18,0.0,29.2,39.6,29.9,57.4,4.0,22.1,June,2023
3049,Jangaon,Tharigoppula,2023-06-19,0.0,29.5,39.5,31.9,56.0,0.0,15.5,June,2023
3050,Jangaon,Tharigoppula,2023-06-20,0.0,26.7,39.0,31.9,74.2,0.0,19.9,June,2023
3051,Jangaon,Tharigoppula,2023-06-21,1.1,25.5,39.3,32.6,89.2,0.8,14.1,June,2023
3052,Jangaon,Tharigoppula,2023-06-22,10.6,23.6,37.8,39.4,99.6,3.5,18.3,June,2023
3053,Jangaon,Tharigoppula,2023-06-23,27.1,22.9,34.1,51.5,100.0,0.0,15.7,June,2023
3054,Jangaon,Tharigoppula,2023-06-24,10.9,22.9,32.0,68.3,100.0,0.0,12.1,June,2023
3055,Jangaon,Tharigoppula,2023-06-25,8.5,22.7,30.8,71.0,100.0,0.0,17.5,June,2023
3056,Jangaon,Tharigoppula,2023-06-26,0.0,24.2,31.7,70.0,95.5,5.0,18.9,June,2023
3057,Jangaon,Tharigoppula,2023-06-27,0.2,23.8,29.9,72.2,100.0,0.0,18.5,June,2023
3058,Jangaon,Tharigoppula,2023-06-28,1.3,23.8,31.2,64.5,99.2,3.1,22.0,June,2023
3059,Jangaon,Tharigoppula,2023-06-29,0.6,23.8,32.9,61.1,100.0,0.0,15.3,June,2023
3060,Jangaon,Tharigoppula,2023-06-30,0.0,24.7,33.7,54.3,92.7,3.2,16.2,June,2023
3061,Jangaon,Zaffergadh,2023-06-01,0.0,24.8,40.1,32.4,90.7,0.0,0.9,June,2023
3062,Jangaon,Zaffergadh,2023-06-02,0.0,26.4,41.4,28.3,78.0,0.0,5.9,June,2023
3063,Jangaon,Zaffergadh,2023-06-03,0.0,26.0,42.7,22.5,76.1,0.0,11.4,June,2023
3064,Jangaon,Zaffergadh,2023-06-04,0.0,27.4,42.9,23.8,69.5,0.0,10.9,June,2023
3065,Jangaon,Zaffergadh,2023-06-05,4.2,23.9,42.0,28.3,87.9,0.0,21.0,June,2023
3066,Jangaon,Zaffergadh,2023-06-06,0.0,25.0,41.6,27.7,76.6,0.0,8.9,June,2023
3067,Jangaon,Zaffergadh,2023-06-07,0.0,27.3,41.7,27.7,67.1,0.0,10.2,June,2023
3068,Jangaon,Zaffergadh,2023-06-08,0.0,29.0,42.6,26.5,62.7,0.0,13.2,June,2023
3069,Jangaon,Zaffergadh,2023-06-09,0.0,29.8,42.6,25.2,62.2,0.0,12.3,June,2023
3070,Jangaon,Zaffergadh,2023-06-10,5.6,25.5,45.2,22.5,76.8,0.0,14.1,June,2023
3071,Jangaon,Zaffergadh,2023-06-11,51.0,22.9,41.9,31.7,95.6,0.0,16.4,June,2023
3072,Jangaon,Zaffergadh,2023-06-12,0.0,27.7,40.6,40.3,70.7,0.0,15.2,June,2023
3073,Jangaon,Zaffergadh,2023-06-13,1.1,29.1,40.6,38.6,78.6,0.0,16.5,June,2023
3074,Jangaon,Zaffergadh,2023-06-14,0.0,29.1,40.6,31.0,64.8,0.0,15.2,June,2023
3075,Jangaon,Zaffergadh,2023-06-15,0.0,28.9,41.1,33.1,60.9,0.0,18.8,June,2023
3076,Jangaon,Zaffergadh,2023-06-16,0.0,28.3,40.5,33.8,62.7,0.0,17.1,June,2023
3077,Jangaon,Zaffergadh,2023-06-17,0.0,29.9,42.4,27.2,59.6,0.0,15.7,June,2023
3078,Jangaon,Zaffergadh,2023-06-18,0.0,30.3,40.7,35.1,59.1,0.0,14.4,June,2023
3079,Jangaon,Zaffergadh,2023-06-19,0.0,29.1,39.1,36.6,59.6,0.0,17.1,June,2023
3080,Jangaon,Zaffergadh,2023-06-20,0.0,26.9,41.0,31.7,78.9,0.0,9.1,June,2023
3081,Jangaon,Zaffergadh,2023-06-21,8.4,24.8,41.0,34.4,94.2,0.0,14.2,June,2023
3082,Jangaon,Zaffergadh,2023-06-22,4.5,24.0,38.5,44.0,98.8,0.0,11.5,June,2023
3083,Jangaon,Zaffergadh,2023-06-23,11.5,23.7,35.8,51.5,98.8,0.0,19.1,June,2023
3084,Jangaon,Zaffergadh,2023-06-24,16.8,22.3,31.0,73.2,100.0,0.0,8.1,June,2023
3085,Jangaon,Zaffergadh,2023-06-25,0.0,24.3,32.5,67.8,97.2,0.0,11.5,June,2023
3086,Jangaon,Zaffergadh,2023-06-26,0.0,26.0,34.2,57.0,90.0,0.0,16.7,June,2023
3087,Jangaon,Zaffergadh,2023-06-27,0.3,24.5,31.9,65.9,95.6,0.0,15.9,June,2023
3088,Jangaon,Zaffergadh,2023-06-28,1.6,25.2,33.3,55.6,92.8,0.0,17.2,June,2023
3089,Jangaon,Zaffergadh,2023-06-29,33.4,23.6,36.0,48.7,100.0,0.0,11.9,June,2023
3090,Jangaon,Zaffergadh,2023-06-30,0.4,25.5,35.5,53.6,94.8,0.0,10.8,June,2023
3091,Jayashankar,Bhupalpalle,2023-06-01,0.0,28.2,38.9,39.1,88.9,0.0,0.7,June,2023
3092,Jayashankar,Bhupalpalle,2023-06-02,0.0,28.6,42.2,19.7,73.1,0.0,7.3,June,2023
3093,Jayashankar,Bhupalpalle,2023-06-03,0.0,28.0,43.1,14.6,59.7,0.0,7.8,June,2023
3094,Jayashankar,Bhupalpalle,2023-06-04,0.0,31.6,43.3,15.0,54.5,0.0,7.2,June,2023
3095,Jayashankar,Bhupalpalle,2023-06-05,0.0,28.1,42.7,19.6,77.7,0.0,12.8,June,2023
3096,Jayashankar,Bhupalpalle,2023-06-06,0.0,30.0,40.8,24.5,62.3,0.0,7.5,June,2023
3097,Jayashankar,Bhupalpalle,2023-06-07,0.0,29.8,42.8,18.4,63.0,0.0,14.6,June,2023
3098,Jayashankar,Bhupalpalle,2023-06-08,0.0,31.6,43.0,19.7,48.5,0.0,12.0,June,2023
3099,Jayashankar,Bhupalpalle,2023-06-09,0.0,30.0,42.2,19.3,51.5,0.0,14.8,June,2023
3100,Jayashankar,Bhupalpalle,2023-06-10,0.0,32.1,42.7,18.2,48.7,0.0,12.7,June,2023
3101,Jayashankar,Bhupalpalle,2023-06-11,17.5,27.0,40.8,26.4,88.6,0.0,16.5,June,2023
3102,Jayashankar,Bhupalpalle,2023-06-12,6.3,29.1,39.1,43.7,86.8,0.0,11.0,June,2023
3103,Jayashankar,Bhupalpalle,2023-06-13,0.0,31.9,40.4,37.7,66.9,0.0,14.9,June,2023
3104,Jayashankar,Bhupalpalle,2023-06-14,0.0,32.1,41.2,33.2,53.9,0.0,16.6,June,2023
3105,Jayashankar,Bhupalpalle,2023-06-15,0.0,32.1,40.6,32.3,55.2,0.0,15.0,June,2023
3106,Jayashankar,Bhupalpalle,2023-06-16,0.0,30.6,40.5,31.0,55.1,0.0,15.7,June,2023
3107,Jayashankar,Bhupalpalle,2023-06-17,0.0,31.7,41.8,29.8,50.6,0.0,14.9,June,2023
3108,Jayashankar,Bhupalpalle,2023-06-18,0.3,32.0,40.9,34.1,57.1,0.0,13.2,June,2023
3109,Jayashankar,Bhupalpalle,2023-06-19,0.0,32.2,40.9,34.1,54.7,0.0,10.7,June,2023
3110,Jayashankar,Bhupalpalle,2023-06-20,0.0,31.4,40.5,33.4,67.4,0.0,13.3,June,2023
3111,Jayashankar,Bhupalpalle,2023-06-21,3.8,28.2,41.2,35.8,88.5,0.0,10.8,June,2023
3112,Jayashankar,Bhupalpalle,2023-06-22,1.4,27.0,38.5,47.6,97.0,0.0,12.4,June,2023
3113,Jayashankar,Bhupalpalle,2023-06-23,0.5,26.6,35.4,61.5,97.6,0.0,5.3,June,2023
3114,Jayashankar,Bhupalpalle,2023-06-24,0.7,26.7,33.0,77.3,99.2,0.0,2.3,June,2023
3115,Jayashankar,Bhupalpalle,2023-06-25,22.8,25.6,31.0,84.6,100.0,0.0,4.1,June,2023
3116,Jayashankar,Bhupalpalle,2023-06-26,3.3,26.3,33.8,76.0,100.0,0.0,10.9,June,2023
3117,Jayashankar,Bhupalpalle,2023-06-27,3.6,25.7,30.5,83.4,100.0,0.0,10.9,June,2023
3118,Jayashankar,Bhupalpalle,2023-06-28,7.4,25.8,31.9,82.3,100.0,0.0,12.8,June,2023
3119,Jayashankar,Bhupalpalle,2023-06-29,0.0,27.1,33.3,76.3,100.0,0.0,9.9,June,2023
3120,Jayashankar,Bhupalpalle,2023-06-30,0.5,28.2,35.1,69.4,92.8,0.0,10.6,June,2023
3121,Jayashankar,Chityal,2023-06-01,0.0,26.3,40.4,28.6,83.5,0.0,3.3,June,2023
3122,Jayashankar,Chityal,2023-06-02,0.0,25.4,42.4,21.7,74.2,0.0,6.3,June,2023
3123,Jayashankar,Chityal,2023-06-03,0.0,24.4,44.5,17.1,71.2,0.0,10.9,June,2023
3124,Jayashankar,Chityal,2023-06-04,0.0,29.1,44.9,19.0,56.9,0.0,11.5,June,2023
3125,Jayashankar,Chityal,2023-06-05,0.0,25.7,44.1,22.3,78.5,0.0,12.1,June,2023
3126,Jayashankar,Chityal,2023-06-06,0.0,27.7,41.1,26.0,62.0,0.0,9.0,June,2023
3127,Jayashankar,Chityal,2023-06-07,0.0,26.4,44.2,21.7,65.7,0.0,11.1,June,2023
3128,Jayashankar,Chityal,2023-06-08,0.0,29.6,43.8,23.0,55.4,0.0,10.5,June,2023
3129,Jayashankar,Chityal,2023-06-09,0.0,29.4,43.9,21.0,51.7,0.0,13.6,June,2023
3130,Jayashankar,Chityal,2023-06-10,0.3,29.7,43.4,21.7,58.3,0.5,13.4,June,2023
3131,Jayashankar,Chityal,2023-06-11,0.5,28.1,42.4,28.9,67.9,0.0,24.7,June,2023
3132,Jayashankar,Chityal,2023-06-12,0.0,30.5,41.9,31.5,56.4,0.2,11.9,June,2023
3133,Jayashankar,Chityal,2023-06-13,0.0,32.1,43.4,26.2,47.3,0.0,13.5,June,2023
3134,Jayashankar,Chityal,2023-06-14,0.0,30.0,42.3,24.9,51.6,0.0,14.0,June,2023
3135,Jayashankar,Chityal,2023-06-15,0.0,31.3,42.8,24.9,49.6,0.0,16.4,June,2023
3136,Jayashankar,Chityal,2023-06-16,0.0,29.2,42.1,26.0,51.2,0.0,17.2,June,2023
3137,Jayashankar,Chityal,2023-06-17,0.0,30.5,43.5,23.0,49.0,0.0,13.3,June,2023
3138,Jayashankar,Chityal,2023-06-18,0.0,30.9,42.1,24.9,48.0,0.0,14.0,June,2023
3139,Jayashankar,Chityal,2023-06-19,0.0,31.1,41.6,28.6,50.1,0.2,11.8,June,2023
3140,Jayashankar,Chityal,2023-06-20,0.0,29.3,41.1,28.0,65.3,0.0,12.5,June,2023
3141,Jayashankar,Chityal,2023-06-21,0.0,26.9,42.5,27.6,79.6,0.0,17.3,June,2023
3142,Jayashankar,Chityal,2023-06-22,0.0,26.3,38.4,39.3,87.0,0.0,11.2,June,2023
3143,Jayashankar,Chityal,2023-06-23,1.6,25.1,36.1,44.8,92.6,0.0,5.2,June,2023
3144,Jayashankar,Chityal,2023-06-24,0.7,25.0,33.5,54.9,90.5,0.0,3.1,June,2023
3145,Jayashankar,Chityal,2023-06-25,6.3,24.6,30.1,70.2,98.9,0.0,8.5,June,2023
3146,Jayashankar,Chityal,2023-06-26,0.0,25.8,33.7,54.0,88.8,0.0,11.6,June,2023
3147,Jayashankar,Chityal,2023-06-27,1.1,24.3,30.5,61.5,97.1,0.0,14.1,June,2023
3148,Jayashankar,Chityal,2023-06-28,8.1,24.5,31.8,59.2,98.4,0.0,15.0,June,2023
3149,Jayashankar,Chityal,2023-06-29,0.0,25.4,33.5,50.4,92.6,0.0,12.4,June,2023
3150,Jayashankar,Chityal,2023-06-30,0.0,27.4,36.2,45.3,71.4,0.0,10.8,June,2023
3151,Jayashankar,Ghanapur_Mulug,2023-06-01,0.0,26.5,39.9,41.9,90.1,0.0,0.3,June,2023
3152,Jayashankar,Ghanapur_Mulug,2023-06-02,0.0,26.4,43.5,26.1,84.3,0.0,4.8,June,2023
3153,Jayashankar,Ghanapur_Mulug,2023-06-03,0.0,26.5,44.2,23.3,73.4,0.0,6.9,June,2023
3154,Jayashankar,Ghanapur_Mulug,2023-06-04,0.0,29.4,43.7,25.4,69.7,0.0,5.5,June,2023
3155,Jayashankar,Ghanapur_Mulug,2023-06-05,0.0,26.4,43.5,28.8,81.9,0.0,12.4,June,2023
3156,Jayashankar,Ghanapur_Mulug,2023-06-06,0.0,29.0,40.5,34.1,60.4,0.0,9.3,June,2023
3157,Jayashankar,Ghanapur_Mulug,2023-06-07,0.0,27.2,43.6,27.4,73.4,0.0,12.5,June,2023
3158,Jayashankar,Ghanapur_Mulug,2023-06-08,0.0,30.1,44.0,28.8,59.4,0.0,14.3,June,2023
3159,Jayashankar,Ghanapur_Mulug,2023-06-09,0.0,28.3,43.1,27.4,62.4,0.0,13.6,June,2023
3160,Jayashankar,Ghanapur_Mulug,2023-06-10,0.5,30.4,43.3,27.4,63.9,0.0,12.0,June,2023
3161,Jayashankar,Ghanapur_Mulug,2023-06-11,4.0,27.6,42.4,35.1,80.7,0.0,16.2,June,2023
3162,Jayashankar,Ghanapur_Mulug,2023-06-12,0.0,30.0,40.8,43.1,71.3,0.0,7.3,June,2023
3163,Jayashankar,Ghanapur_Mulug,2023-06-13,0.0,31.8,41.8,36.4,61.4,0.0,12.6,June,2023
3164,Jayashankar,Ghanapur_Mulug,2023-06-14,0.0,30.8,42.3,33.0,55.3,0.0,14.4,June,2023
3165,Jayashankar,Ghanapur_Mulug,2023-06-15,0.0,31.3,41.0,34.8,55.8,0.0,13.9,June,2023
3166,Jayashankar,Ghanapur_Mulug,2023-06-16,0.0,29.3,41.1,34.1,56.9,0.0,15.3,June,2023
3167,Jayashankar,Ghanapur_Mulug,2023-06-17,0.0,30.8,42.5,31.6,53.3,0.0,14.4,June,2023
3168,Jayashankar,Ghanapur_Mulug,2023-06-18,0.0,31.2,41.1,36.7,56.3,0.0,10.0,June,2023
3169,Jayashankar,Ghanapur_Mulug,2023-06-19,0.0,31.7,41.5,35.8,57.9,0.0,9.1,June,2023
3170,Jayashankar,Ghanapur_Mulug,2023-06-20,0.0,29.4,40.6,36.7,74.0,0.0,10.9,June,2023
3171,Jayashankar,Ghanapur_Mulug,2023-06-21,1.2,26.7,41.5,37.5,88.6,0.0,13.9,June,2023
3172,Jayashankar,Ghanapur_Mulug,2023-06-22,0.3,26.2,39.9,48.4,90.1,0.0,12.7,June,2023
3173,Jayashankar,Ghanapur_Mulug,2023-06-23,0.0,25.1,35.5,60.4,96.2,0.0,0.8,June,2023
3174,Jayashankar,Ghanapur_Mulug,2023-06-24,0.0,25.1,31.7,79.9,93.9,0.0,4.1,June,2023
3175,Jayashankar,Ghanapur_Mulug,2023-06-25,0.0,24.1,30.6,84.1,99.3,0.0,10.6,June,2023
3176,Jayashankar,Ghanapur_Mulug,2023-06-26,0.0,24.6,33.7,69.0,98.3,0.0,7.9,June,2023
3177,Jayashankar,Ghanapur_Mulug,2023-06-27,2.5,24.2,29.7,80.7,98.8,0.0,6.3,June,2023
3178,Jayashankar,Ghanapur_Mulug,2023-06-28,14.2,24.4,31.1,77.4,99.7,0.0,9.6,June,2023
3179,Jayashankar,Ghanapur_Mulug,2023-06-29,7.2,25.0,33.9,67.0,98.6,0.0,7.0,June,2023
3180,Jayashankar,Ghanapur_Mulug,2023-06-30,0.0,27.0,34.1,67.0,84.6,0.0,9.6,June,2023
3181,Jayashankar,Kataram,2023-06-01,0.0,26.4,41.5,31.3,90.5,0.0,0.9,June,2023
3182,Jayashankar,Kataram,2023-06-02,0.0,25.6,44.5,21.3,76.9,0.0,5.9,June,2023
3183,Jayashankar,Kataram,2023-06-03,0.0,25.6,44.2,18.8,70.6,0.0,14.9,June,2023
3184,Jayashankar,Kataram,2023-06-04,0.0,29.8,44.6,18.1,61.2,0.0,12.7,June,2023
3185,Jayashankar,Kataram,2023-06-05,0.0,26.9,44.0,22.3,74.7,0.0,11.7,June,2023
3186,Jayashankar,Kataram,2023-06-06,0.0,27.3,41.2,27.6,70.2,0.0,5.9,June,2023
3187,Jayashankar,Kataram,2023-06-07,0.0,27.2,44.7,20.9,66.5,0.0,12.1,June,2023
3188,Jayashankar,Kataram,2023-06-08,0.0,29.7,43.9,23.6,56.7,0.0,11.9,June,2023
3189,Jayashankar,Kataram,2023-06-09,0.0,27.8,44.0,21.6,61.1,0.0,12.1,June,2023
3190,Jayashankar,Kataram,2023-06-10,0.0,30.5,44.5,24.3,57.3,0.0,15.0,June,2023
3191,Jayashankar,Kataram,2023-06-11,0.0,28.7,42.0,30.4,71.3,0.0,23.6,June,2023
3192,Jayashankar,Kataram,2023-06-12,0.0,28.0,41.9,32.7,73.0,0.0,15.4,June,2023
3193,Jayashankar,Kataram,2023-06-13,0.0,30.4,42.4,29.9,60.2,0.0,10.9,June,2023
3194,Jayashankar,Kataram,2023-06-14,0.0,30.0,42.9,27.1,57.7,0.0,13.3,June,2023
3195,Jayashankar,Kataram,2023-06-15,0.0,31.0,41.4,27.6,53.2,0.0,10.8,June,2023
3196,Jayashankar,Kataram,2023-06-16,0.0,28.9,41.5,26.9,52.2,0.0,9.6,June,2023
3197,Jayashankar,Kataram,2023-06-17,0.0,30.3,42.9,25.5,50.6,0.0,10.1,June,2023
3198,Jayashankar,Kataram,2023-06-18,0.0,30.4,42.9,29.2,57.7,0.0,6.9,June,2023
3199,Jayashankar,Kataram,2023-06-19,0.0,30.7,43.3,28.5,55.8,0.0,10.4,June,2023
3200,Jayashankar,Kataram,2023-06-20,0.0,30.2,42.1,29.0,67.0,0.0,11.2,June,2023
3201,Jayashankar,Kataram,2023-06-21,0.0,27.7,42.9,29.9,75.8,0.0,23.8,June,2023
3202,Jayashankar,Kataram,2023-06-22,0.0,26.5,40.0,38.2,86.3,0.0,12.9,June,2023
3203,Jayashankar,Kataram,2023-06-23,8.5,24.9,38.5,41.9,98.5,0.0,9.9,June,2023
3204,Jayashankar,Kataram,2023-06-24,0.2,25.6,31.0,74.8,95.1,0.0,9.0,June,2023
3205,Jayashankar,Kataram,2023-06-25,16.2,23.9,30.4,77.1,100.0,0.0,10.7,June,2023
3206,Jayashankar,Kataram,2023-06-26,3.4,25.3,33.8,61.7,99.8,0.0,7.1,June,2023
3207,Jayashankar,Kataram,2023-06-27,13.6,24.0,28.0,82.2,100.0,0.0,2.3,June,2023
3208,Jayashankar,Kataram,2023-06-28,3.0,24.2,29.7,76.0,99.0,0.0,4.9,June,2023
3209,Jayashankar,Kataram,2023-06-29,5.4,25.5,34.3,56.6,99.3,0.0,7.1,June,2023
3210,Jayashankar,Kataram,2023-06-30,2.9,26.7,34.9,57.1,87.1,0.0,4.2,June,2023
3211,Jayashankar,Mahadevpur,2023-06-01,0.0,26.7,43.0,30.3,89.0,0.0,9.8,June,2023
3212,Jayashankar,Mahadevpur,2023-06-02,0.0,26.5,45.3,19.1,78.1,0.0,12.6,June,2023
3213,Jayashankar,Mahadevpur,2023-06-03,0.0,25.9,45.6,17.2,73.4,0.0,15.9,June,2023
3214,Jayashankar,Mahadevpur,2023-06-04,0.0,30.2,45.5,18.6,63.5,0.0,13.3,June,2023
3215,Jayashankar,Mahadevpur,2023-06-05,0.0,26.9,45.5,21.4,73.9,0.0,14.5,June,2023
3216,Jayashankar,Mahadevpur,2023-06-06,0.0,28.1,43.6,25.4,70.2,0.0,11.5,June,2023
3217,Jayashankar,Mahadevpur,2023-06-07,0.0,27.8,45.7,21.2,70.7,0.0,14.2,June,2023
3218,Jayashankar,Mahadevpur,2023-06-08,0.0,28.9,45.1,22.8,65.5,0.0,14.0,June,2023
3219,Jayashankar,Mahadevpur,2023-06-09,0.0,27.4,45.1,17.9,67.8,0.0,13.4,June,2023
3220,Jayashankar,Mahadevpur,2023-06-10,0.1,27.7,45.2,22.1,70.7,0.0,11.4,June,2023
3221,Jayashankar,Mahadevpur,2023-06-11,7.6,26.6,44.3,28.9,83.8,0.0,26.5,June,2023
3222,Jayashankar,Mahadevpur,2023-06-12,0.6,28.2,42.2,32.8,78.1,0.0,11.4,June,2023
3223,Jayashankar,Mahadevpur,2023-06-13,0.0,30.0,43.3,28.2,67.9,0.0,10.6,June,2023
3224,Jayashankar,Mahadevpur,2023-06-14,0.0,31.0,43.8,26.8,58.0,0.0,12.8,June,2023
3225,Jayashankar,Mahadevpur,2023-06-15,0.0,31.0,43.4,26.8,60.1,0.0,14.3,June,2023
3226,Jayashankar,Mahadevpur,2023-06-16,0.0,28.5,43.4,26.8,60.5,0.0,14.5,June,2023
3227,Jayashankar,Mahadevpur,2023-06-17,0.0,29.4,44.9,24.0,60.5,0.0,11.5,June,2023
3228,Jayashankar,Mahadevpur,2023-06-18,0.0,29.6,44.2,27.5,67.5,0.0,13.0,June,2023
3229,Jayashankar,Mahadevpur,2023-06-19,0.0,30.3,43.7,26.8,61.0,0.0,12.8,June,2023
3230,Jayashankar,Mahadevpur,2023-06-20,0.0,29.3,43.6,27.5,72.0,0.0,12.5,June,2023
3231,Jayashankar,Mahadevpur,2023-06-21,0.0,27.3,43.0,30.3,81.4,0.0,11.3,June,2023
3232,Jayashankar,Mahadevpur,2023-06-22,5.1,24.8,39.2,40.6,98.1,0.0,8.2,June,2023
3233,Jayashankar,Mahadevpur,2023-06-23,22.0,24.2,39.1,43.5,100.0,0.0,8.8,June,2023
3234,Jayashankar,Mahadevpur,2023-06-24,1.9,24.8,30.0,85.7,99.5,0.0,6.9,June,2023
3235,Jayashankar,Mahadevpur,2023-06-25,17.3,23.7,30.1,87.2,100.0,0.0,10.9,June,2023
3236,Jayashankar,Mahadevpur,2023-06-26,19.3,24.8,33.9,66.1,100.0,0.0,6.0,June,2023
3237,Jayashankar,Mahadevpur,2023-06-27,12.7,23.7,28.8,86.5,100.0,0.0,7.1,June,2023
3238,Jayashankar,Mahadevpur,2023-06-28,2.6,24.5,30.2,79.7,100.0,0.0,7.9,June,2023
3239,Jayashankar,Mahadevpur,2023-06-29,2.0,24.9,35.0,56.5,100.0,0.0,10.1,June,2023
3240,Jayashankar,Mahadevpur,2023-06-30,0.0,26.5,35.5,56.5,88.3,0.0,7.7,June,2023
3241,Jayashankar,Malharrao,2023-06-01,0.0,25.9,40.5,36.7,91.2,0.0,4.9,June,2023
3242,Jayashankar,Malharrao,2023-06-02,0.0,25.5,42.2,25.4,84.1,0.0,8.3,June,2023
3243,Jayashankar,Malharrao,2023-06-03,0.0,25.0,43.9,21.0,83.1,0.0,13.1,June,2023
3244,Jayashankar,Malharrao,2023-06-04,0.0,28.4,43.3,22.7,70.9,0.0,14.7,June,2023
3245,Jayashankar,Malharrao,2023-06-05,0.0,25.3,43.2,25.4,82.8,0.0,13.3,June,2023
3246,Jayashankar,Malharrao,2023-06-06,0.0,26.5,40.2,31.3,79.2,0.0,9.1,June,2023
3247,Jayashankar,Malharrao,2023-06-07,0.0,26.1,42.5,26.9,80.1,0.0,16.7,June,2023
3248,Jayashankar,Malharrao,2023-06-08,0.0,29.4,43.3,26.6,62.8,0.0,12.2,June,2023
3249,Jayashankar,Malharrao,2023-06-09,0.0,28.4,42.4,26.2,58.3,0.0,14.6,June,2023
3250,Jayashankar,Malharrao,2023-06-10,0.0,31.1,42.7,27.2,56.4,0.0,13.9,June,2023
3251,Jayashankar,Malharrao,2023-06-11,1.8,26.4,40.8,35.9,89.5,0.0,19.6,June,2023
3252,Jayashankar,Malharrao,2023-06-12,0.0,30.5,40.2,37.1,66.8,0.0,13.4,June,2023
3253,Jayashankar,Malharrao,2023-06-13,0.0,30.9,41.3,32.3,62.1,0.0,15.0,June,2023
3254,Jayashankar,Malharrao,2023-06-14,0.0,31.4,41.4,29.7,53.0,0.0,17.3,June,2023
3255,Jayashankar,Malharrao,2023-06-15,0.0,29.8,40.7,30.7,61.0,0.0,14.6,June,2023
3256,Jayashankar,Malharrao,2023-06-16,0.0,28.0,40.5,29.5,60.6,0.0,14.9,June,2023
3257,Jayashankar,Malharrao,2023-06-17,0.0,28.8,41.5,28.5,57.9,0.0,15.3,June,2023
3258,Jayashankar,Malharrao,2023-06-18,0.0,29.7,41.3,32.2,64.1,0.0,15.4,June,2023
3259,Jayashankar,Malharrao,2023-06-19,0.0,30.2,41.6,31.9,56.1,0.0,13.6,June,2023
3260,Jayashankar,Malharrao,2023-06-20,0.0,30.0,40.6,31.6,68.0,0.0,14.6,June,2023
3261,Jayashankar,Malharrao,2023-06-21,1.2,26.0,41.3,33.2,90.4,0.0,15.1,June,2023
3262,Jayashankar,Malharrao,2023-06-22,0.3,26.2,40.0,43.1,90.8,0.0,11.1,June,2023
3263,Jayashankar,Malharrao,2023-06-23,4.6,24.8,37.9,49.3,100.0,0.0,7.2,June,2023
3264,Jayashankar,Malharrao,2023-06-24,0.1,25.6,32.3,71.2,97.4,0.0,6.7,June,2023
3265,Jayashankar,Malharrao,2023-06-25,29.9,23.6,30.8,74.3,100.0,0.0,6.9,June,2023
3266,Jayashankar,Malharrao,2023-06-26,9.1,25.0,32.9,63.1,100.0,0.0,8.6,June,2023
3267,Jayashankar,Malharrao,2023-06-27,5.8,23.7,28.3,80.3,100.0,0.0,11.1,June,2023
3268,Jayashankar,Malharrao,2023-06-28,3.8,24.4,30.3,74.1,100.0,0.0,9.7,June,2023
3269,Jayashankar,Malharrao,2023-06-29,3.1,25.3,33.2,60.8,97.9,0.0,10.7,June,2023
3270,Jayashankar,Malharrao,2023-06-30,1.5,26.6,34.7,57.9,83.6,0.0,11.6,June,2023
3271,Jayashankar,Mogullapalle,2023-06-01,0.0,25.9,40.1,34.9,91.4,0.0,5.1,June,2023
3272,Jayashankar,Mogullapalle,2023-06-02,0.0,24.9,42.8,23.5,84.6,0.0,8.0,June,2023
3273,Jayashankar,Mogullapalle,2023-06-03,0.0,24.4,43.6,20.6,80.1,0.0,12.6,June,2023
3274,Jayashankar,Mogullapalle,2023-06-04,0.0,28.6,44.0,23.5,64.9,0.0,16.3,June,2023
3275,Jayashankar,Mogullapalle,2023-06-05,0.0,24.4,43.1,27.2,86.6,0.0,20.8,June,2023
3276,Jayashankar,Mogullapalle,2023-06-06,0.0,26.5,40.6,31.3,76.8,0.0,12.5,June,2023
3277,Jayashankar,Mogullapalle,2023-06-07,0.0,25.7,43.0,26.4,70.9,0.0,15.7,June,2023
3278,Jayashankar,Mogullapalle,2023-06-08,0.0,28.7,42.9,27.9,63.8,0.0,20.7,June,2023
3279,Jayashankar,Mogullapalle,2023-06-09,0.0,28.7,43.0,25.0,58.6,0.0,22.2,June,2023
3280,Jayashankar,Mogullapalle,2023-06-10,0.5,29.6,43.5,25.7,62.8,0.5,21.3,June,2023
3281,Jayashankar,Mogullapalle,2023-06-11,0.0,29.0,42.0,33.0,67.5,0.0,24.3,June,2023
3282,Jayashankar,Mogullapalle,2023-06-12,0.0,30.7,40.7,36.2,60.7,0.2,16.3,June,2023
3283,Jayashankar,Mogullapalle,2023-06-13,0.0,31.5,41.5,32.0,52.7,0.0,21.7,June,2023
3284,Jayashankar,Mogullapalle,2023-06-14,0.0,30.1,41.8,29.4,54.9,0.0,24.3,June,2023
3285,Jayashankar,Mogullapalle,2023-06-15,0.0,30.8,41.4,29.8,55.4,0.0,25.8,June,2023
3286,Jayashankar,Mogullapalle,2023-06-16,0.0,29.1,41.9,29.8,53.8,0.0,26.0,June,2023
3287,Jayashankar,Mogullapalle,2023-06-17,0.0,30.0,42.5,26.4,53.7,0.0,24.6,June,2023
3288,Jayashankar,Mogullapalle,2023-06-18,0.0,30.8,41.5,30.6,52.8,0.0,23.0,June,2023
3289,Jayashankar,Mogullapalle,2023-06-19,0.0,31.1,40.5,34.2,54.8,0.2,19.8,June,2023
3290,Jayashankar,Mogullapalle,2023-06-20,0.0,29.7,41.1,31.3,67.0,0.0,18.8,June,2023
3291,Jayashankar,Mogullapalle,2023-06-21,7.8,25.7,42.3,31.6,93.9,0.0,19.8,June,2023
3292,Jayashankar,Mogullapalle,2023-06-22,0.3,26.3,38.0,46.3,87.8,0.0,12.8,June,2023
3293,Jayashankar,Mogullapalle,2023-06-23,0.3,25.8,35.1,53.6,93.4,0.0,10.1,June,2023
3294,Jayashankar,Mogullapalle,2023-06-24,0.9,25.1,32.9,62.2,94.6,0.0,4.7,June,2023
3295,Jayashankar,Mogullapalle,2023-06-25,3.4,24.6,29.7,76.9,100.0,0.0,12.8,June,2023
3296,Jayashankar,Mogullapalle,2023-06-26,0.0,25.7,33.1,61.7,91.4,0.0,14.6,June,2023
3297,Jayashankar,Mogullapalle,2023-06-27,1.0,24.1,30.1,68.5,100.0,0.0,20.9,June,2023
3298,Jayashankar,Mogullapalle,2023-06-28,4.9,24.6,31.8,62.2,100.0,0.0,22.0,June,2023
3299,Jayashankar,Mogullapalle,2023-06-29,0.7,25.2,34.1,56.3,94.9,0.0,14.6,June,2023
3300,Jayashankar,Mogullapalle,2023-06-30,0.0,27.3,35.1,51.4,75.3,0.0,14.8,June,2023
3301,Jayashankar,Mutharam_Mahadevpur,2023-06-01,0.0,26.4,40.5,40.6,79.4,0.0,11.1,June,2023
3302,Jayashankar,Mutharam_Mahadevpur,2023-06-02,0.0,26.2,43.0,27.7,68.9,0.0,10.3,June,2023
3303,Jayashankar,Mutharam_Mahadevpur,2023-06-03,0.0,25.9,43.2,24.2,65.6,0.0,14.0,June,2023
3304,Jayashankar,Mutharam_Mahadevpur,2023-06-04,0.0,30.4,43.6,25.6,61.0,0.0,14.9,June,2023
3305,Jayashankar,Mutharam_Mahadevpur,2023-06-05,0.3,27.6,42.9,29.9,68.4,2.2,15.3,June,2023
3306,Jayashankar,Mutharam_Mahadevpur,2023-06-06,0.0,28.6,41.0,34.5,62.6,0.0,11.4,June,2023
3307,Jayashankar,Mutharam_Mahadevpur,2023-06-07,0.0,27.4,43.2,29.2,64.1,0.0,15.7,June,2023
3308,Jayashankar,Mutharam_Mahadevpur,2023-06-08,0.0,30.7,42.9,30.6,58.5,2.1,14.7,June,2023
3309,Jayashankar,Mutharam_Mahadevpur,2023-06-09,0.0,28.1,42.3,29.2,61.5,0.0,14.9,June,2023
3310,Jayashankar,Mutharam_Mahadevpur,2023-06-10,0.0,32.4,42.8,30.6,56.9,1.8,16.7,June,2023
3311,Jayashankar,Mutharam_Mahadevpur,2023-06-11,12.1,25.3,39.4,42.3,89.3,2.0,21.3,June,2023
3312,Jayashankar,Mutharam_Mahadevpur,2023-06-12,6.6,27.5,40.2,42.3,79.1,0.0,15.4,June,2023
3313,Jayashankar,Mutharam_Mahadevpur,2023-06-13,0.0,30.4,40.6,39.4,70.6,0.0,13.9,June,2023
3314,Jayashankar,Mutharam_Mahadevpur,2023-06-14,0.0,31.3,41.1,35.2,61.5,0.0,15.1,June,2023
3315,Jayashankar,Mutharam_Mahadevpur,2023-06-15,0.0,31.5,40.7,37.0,59.5,1.0,17.5,June,2023
3316,Jayashankar,Mutharam_Mahadevpur,2023-06-16,0.0,29.4,40.4,37.0,62.6,0.0,16.1,June,2023
3317,Jayashankar,Mutharam_Mahadevpur,2023-06-17,0.0,30.3,41.6,34.1,61.0,0.0,16.1,June,2023
3318,Jayashankar,Mutharam_Mahadevpur,2023-06-18,0.0,30.6,41.8,37.0,62.0,0.0,14.5,June,2023
3319,Jayashankar,Mutharam_Mahadevpur,2023-06-19,0.0,31.5,41.0,38.2,62.6,0.0,13.2,June,2023
3320,Jayashankar,Mutharam_Mahadevpur,2023-06-20,0.0,30.9,41.2,37.6,65.1,1.9,12.7,June,2023
3321,Jayashankar,Mutharam_Mahadevpur,2023-06-21,0.0,27.7,41.2,38.8,73.7,0.8,23.0,June,2023
3322,Jayashankar,Mutharam_Mahadevpur,2023-06-22,0.8,26.8,39.9,45.3,78.9,1.1,14.4,June,2023
3323,Jayashankar,Mutharam_Mahadevpur,2023-06-23,6.6,24.5,36.7,55.2,92.7,0.3,14.4,June,2023
3324,Jayashankar,Mutharam_Mahadevpur,2023-06-24,2.0,25.6,29.8,75.3,89.2,2.0,14.2,June,2023
3325,Jayashankar,Mutharam_Mahadevpur,2023-06-25,28.5,24.0,28.7,78.5,94.0,0.9,15.3,June,2023
3326,Jayashankar,Mutharam_Mahadevpur,2023-06-26,4.1,25.3,32.5,65.6,92.7,0.0,18.1,June,2023
3327,Jayashankar,Mutharam_Mahadevpur,2023-06-27,9.3,24.3,28.8,74.8,92.7,0.0,15.2,June,2023
3328,Jayashankar,Mutharam_Mahadevpur,2023-06-28,11.8,24.3,30.0,70.5,93.2,0.0,10.7,June,2023
3329,Jayashankar,Mutharam_Mahadevpur,2023-06-29,8.5,25.4,33.7,62.0,92.2,0.0,15.0,June,2023
3330,Jayashankar,Mutharam_Mahadevpur,2023-06-30,0.0,27.3,34.2,62.0,84.0,2.6,15.0,June,2023
3331,Jayashankar,Palmela,2023-06-01,0.0,26.7,41.6,31.6,75.2,0.0,15.1,June,2023
3332,Jayashankar,Palmela,2023-06-02,0.0,26.7,43.5,22.1,68.6,0.0,30.7,June,2023
3333,Jayashankar,Palmela,2023-06-03,0.0,25.9,44.4,20.1,65.5,0.0,26.7,June,2023
3334,Jayashankar,Palmela,2023-06-04,0.0,29.1,45.2,20.1,54.5,0.0,29.5,June,2023
3335,Jayashankar,Palmela,2023-06-05,0.0,27.1,43.1,25.7,71.8,0.0,22.7,June,2023
3336,Jayashankar,Palmela,2023-06-06,0.0,28.1,41.5,30.6,63.4,0.0,25.9,June,2023
3337,Jayashankar,Palmela,2023-06-07,0.0,27.3,42.6,24.3,63.9,0.0,24.5,June,2023
3338,Jayashankar,Palmela,2023-06-08,0.0,29.5,43.4,25.7,58.1,0.0,26.7,June,2023
3339,Jayashankar,Palmela,2023-06-09,0.0,27.6,43.1,22.8,62.3,0.0,21.3,June,2023
3340,Jayashankar,Palmela,2023-06-10,0.0,32.2,43.8,23.7,48.7,0.0,27.1,June,2023
3341,Jayashankar,Palmela,2023-06-11,1.4,28.3,39.7,36.9,72.9,0.0,44.7,June,2023
3342,Jayashankar,Palmela,2023-06-12,0.0,28.4,41.5,34.6,74.9,0.0,28.8,June,2023
3343,Jayashankar,Palmela,2023-06-13,0.0,30.1,41.4,33.1,63.9,0.0,27.9,June,2023
3344,Jayashankar,Palmela,2023-06-14,0.0,30.3,42.3,30.2,54.0,0.0,30.0,June,2023
3345,Jayashankar,Palmela,2023-06-15,0.0,30.6,40.8,31.3,56.0,0.0,34.2,June,2023
3346,Jayashankar,Palmela,2023-06-16,0.0,29.1,41.0,32.1,56.0,0.0,26.5,June,2023
3347,Jayashankar,Palmela,2023-06-17,0.0,29.5,42.7,27.2,55.0,0.0,25.6,June,2023
3348,Jayashankar,Palmela,2023-06-18,0.0,29.9,41.8,32.3,57.1,0.0,28.7,June,2023
3349,Jayashankar,Palmela,2023-06-19,0.0,30.6,41.0,31.4,62.3,0.0,9.8,June,2023
3350,Jayashankar,Palmela,2023-06-20,0.0,30.3,41.4,31.1,75.2,0.4,9.3,June,2023
3351,Jayashankar,Palmela,2023-06-21,0.0,26.9,40.9,35.9,85.3,0.8,8.6,June,2023
3352,Jayashankar,Palmela,2023-06-22,0.4,25.8,37.7,47.0,96.2,0.0,6.2,June,2023
3353,Jayashankar,Palmela,2023-06-23,11.0,24.3,37.2,44.6,95.3,0.0,19.6,June,2023
3354,Jayashankar,Palmela,2023-06-24,2.8,25.7,29.1,79.8,96.1,0.0,6.9,June,2023
3355,Jayashankar,Palmela,2023-06-25,39.7,23.9,28.8,84.4,96.3,0.0,7.8,June,2023
3356,Jayashankar,Palmela,2023-06-26,23.6,25.1,32.8,66.0,96.1,0.0,10.2,June,2023
3357,Jayashankar,Palmela,2023-06-27,5.8,24.3,28.4,80.3,99.3,0.0,14.3,June,2023
3358,Jayashankar,Palmela,2023-06-28,2.8,24.7,29.9,76.4,93.8,0.0,17.4,June,2023
3359,Jayashankar,Palmela,2023-06-29,1.1,25.2,33.1,66.6,99.9,0.0,6.7,June,2023
3360,Jayashankar,Palmela,2023-06-30,0.0,27.3,34.5,63.7,92.4,0.0,5.9,June,2023
3361,Jayashankar,Regonda,2023-06-01,0.0,25.2,40.9,30.3,92.5,0.0,5.0,June,2023
3362,Jayashankar,Regonda,2023-06-02,0.0,24.2,43.4,21.5,84.8,0.0,9.0,June,2023
3363,Jayashankar,Regonda,2023-06-03,0.0,24.3,44.1,20.8,75.8,0.0,13.5,June,2023
3364,Jayashankar,Regonda,2023-06-04,0.0,27.1,44.2,21.8,66.8,0.0,11.2,June,2023
3365,Jayashankar,Regonda,2023-06-05,0.4,23.9,44.4,22.9,91.6,0.0,21.2,June,2023
3366,Jayashankar,Regonda,2023-06-06,0.0,26.0,42.4,27.7,69.1,0.0,14.6,June,2023
3367,Jayashankar,Regonda,2023-06-07,0.0,25.7,43.6,23.6,73.0,0.0,18.1,June,2023
3368,Jayashankar,Regonda,2023-06-08,0.0,26.6,44.1,23.6,67.2,0.0,11.8,June,2023
3369,Jayashankar,Regonda,2023-06-09,0.0,26.4,43.4,22.2,65.8,0.0,15.3,June,2023
3370,Jayashankar,Regonda,2023-06-10,0.3,28.2,44.0,22.9,69.1,0.0,19.3,June,2023
3371,Jayashankar,Regonda,2023-06-11,0.0,28.1,42.9,29.8,67.2,0.0,23.9,June,2023
3372,Jayashankar,Regonda,2023-06-12,0.0,28.8,41.9,31.6,65.4,0.0,16.5,June,2023
3373,Jayashankar,Regonda,2023-06-13,0.0,31.0,42.5,27.7,52.5,0.0,17.1,June,2023
3374,Jayashankar,Regonda,2023-06-14,0.0,30.0,42.7,27.1,54.5,0.0,24.6,June,2023
3375,Jayashankar,Regonda,2023-06-15,0.0,29.5,42.8,25.7,57.5,0.0,23.7,June,2023
3376,Jayashankar,Regonda,2023-06-16,0.0,28.0,42.4,26.4,55.5,0.0,21.6,June,2023
3377,Jayashankar,Regonda,2023-06-17,0.0,28.0,43.3,24.3,55.5,0.0,22.9,June,2023
3378,Jayashankar,Regonda,2023-06-18,0.0,28.9,42.8,27.1,57.0,0.0,24.4,June,2023
3379,Jayashankar,Regonda,2023-06-19,0.0,29.2,42.3,30.9,59.9,0.0,26.2,June,2023
3380,Jayashankar,Regonda,2023-06-20,0.0,28.4,42.1,28.4,72.9,0.0,18.0,June,2023
3381,Jayashankar,Regonda,2023-06-21,5.2,24.2,43.1,28.4,97.7,0.0,19.6,June,2023
3382,Jayashankar,Regonda,2023-06-22,0.6,24.5,40.8,37.5,99.1,0.0,11.6,June,2023
3383,Jayashankar,Regonda,2023-06-23,2.2,24.5,36.6,44.7,97.7,0.0,14.6,June,2023
3384,Jayashankar,Regonda,2023-06-24,0.9,24.2,33.0,59.4,99.6,0.0,5.9,June,2023
3385,Jayashankar,Regonda,2023-06-25,1.1,25.1,30.6,78.0,99.5,0.0,11.0,June,2023
3386,Jayashankar,Regonda,2023-06-26,0.0,25.8,34.5,52.9,86.0,0.0,16.1,June,2023
3387,Jayashankar,Regonda,2023-06-27,0.2,24.1,31.6,64.7,98.6,0.0,18.8,June,2023
3388,Jayashankar,Regonda,2023-06-28,3.1,24.0,32.9,59.0,100.0,0.0,19.3,June,2023
3389,Jayashankar,Regonda,2023-06-29,6.5,24.3,35.8,50.7,100.0,0.0,13.3,June,2023
3390,Jayashankar,Regonda,2023-06-30,0.0,26.4,38.0,41.8,87.5,0.0,11.4,June,2023
3391,Jayashankar,Tekumatla,2023-06-01,0.0,25.1,39.1,24.8,100.0,0.0,1.8,June,2023
3392,Jayashankar,Tekumatla,2023-06-02,0.0,25.1,41.3,13.2,77.4,0.0,5.5,June,2023
3393,Jayashankar,Tekumatla,2023-06-03,0.0,24.2,42.6,8.3,72.5,0.0,8.3,June,2023
3394,Jayashankar,Tekumatla,2023-06-04,0.0,27.3,42.2,11.2,54.6,0.0,12.3,June,2023
3395,Jayashankar,Tekumatla,2023-06-05,0.0,25.0,42.7,15.3,82.4,0.0,14.6,June,2023
3396,Jayashankar,Tekumatla,2023-06-06,0.0,26.4,39.5,20.4,67.2,0.0,9.8,June,2023
3397,Jayashankar,Tekumatla,2023-06-07,0.0,25.6,41.1,15.3,66.6,0.0,10.8,June,2023
3398,Jayashankar,Tekumatla,2023-06-08,0.0,29.3,41.8,16.1,47.1,0.0,10.6,June,2023
3399,Jayashankar,Tekumatla,2023-06-09,0.0,28.5,41.1,12.4,44.6,0.0,15.5,June,2023
3400,Jayashankar,Tekumatla,2023-06-10,0.0,30.3,42.3,12.4,47.7,0.9,14.0,June,2023
3401,Jayashankar,Tekumatla,2023-06-11,0.0,28.7,40.1,22.6,54.1,0.0,25.4,June,2023
3402,Jayashankar,Tekumatla,2023-06-12,0.0,31.1,39.9,24.1,51.2,0.3,14.2,June,2023
3403,Jayashankar,Tekumatla,2023-06-13,0.0,31.9,40.4,19.7,40.8,0.0,15.8,June,2023
3404,Jayashankar,Tekumatla,2023-06-14,0.0,30.9,40.8,16.6,40.5,0.0,17.6,June,2023
3405,Jayashankar,Tekumatla,2023-06-15,0.0,31.7,40.3,18.2,43.5,0.0,20.9,June,2023
3406,Jayashankar,Tekumatla,2023-06-16,0.0,27.1,39.6,18.8,45.6,0.0,22.9,June,2023
3407,Jayashankar,Tekumatla,2023-06-17,0.0,29.5,40.6,16.1,40.5,0.0,16.0,June,2023
3408,Jayashankar,Tekumatla,2023-06-18,0.0,30.9,40.0,19.0,43.6,0.0,15.3,June,2023
3409,Jayashankar,Tekumatla,2023-06-19,0.0,30.8,39.5,21.9,42.9,0.3,12.2,June,2023
3410,Jayashankar,Tekumatla,2023-06-20,0.0,30.0,39.8,20.4,53.5,0.0,14.9,June,2023
3411,Jayashankar,Tekumatla,2023-06-21,0.3,26.7,40.1,21.2,81.6,0.0,14.9,June,2023
3412,Jayashankar,Tekumatla,2023-06-22,0.9,26.1,37.2,34.0,88.2,0.0,10.8,June,2023
3413,Jayashankar,Tekumatla,2023-06-23,1.4,25.4,34.9,39.4,100.0,0.0,2.0,June,2023
3414,Jayashankar,Tekumatla,2023-06-24,0.4,24.7,31.9,60.9,100.0,0.0,0.2,June,2023
3415,Jayashankar,Tekumatla,2023-06-25,8.3,24.6,29.7,81.6,100.0,0.0,11.1,June,2023
3416,Jayashankar,Tekumatla,2023-06-26,0.0,25.4,32.8,66.2,100.0,0.0,11.4,June,2023
3417,Jayashankar,Tekumatla,2023-06-27,1.6,24.3,30.6,69.7,100.0,0.0,18.3,June,2023
3418,Jayashankar,Tekumatla,2023-06-28,5.6,24.7,31.2,78.2,100.0,0.0,19.0,June,2023
3419,Jayashankar,Tekumatla,2023-06-29,0.0,25.8,33.2,53.9,100.0,0.0,12.0,June,2023
3420,Jayashankar,Tekumatla,2023-06-30,0.0,27.0,34.2,47.3,74.1,0.0,13.8,June,2023
3421,Jogulamba Gadwal,Aiza,2023-06-01,0.0,28.1,39.8,25.7,70.6,1.0,18.0,June,2023
3422,Jogulamba Gadwal,Aiza,2023-06-02,0.0,26.0,40.2,29.2,81.2,1.9,13.7,June,2023
3423,Jogulamba Gadwal,Aiza,2023-06-03,0.0,28.1,41.8,21.6,75.4,0.0,22.4,June,2023
3424,Jogulamba Gadwal,Aiza,2023-06-04,0.0,26.9,41.0,23.0,77.3,0.0,16.1,June,2023
3425,Jogulamba Gadwal,Aiza,2023-06-05,0.3,25.1,35.7,41.7,78.6,0.0,22.5,June,2023
3426,Jogulamba Gadwal,Aiza,2023-06-06,0.0,28.1,38.6,30.9,69.7,0.0,20.3,June,2023
3427,Jogulamba Gadwal,Aiza,2023-06-07,0.0,27.9,38.7,35.5,67.2,0.0,19.3,June,2023
3428,Jogulamba Gadwal,Aiza,2023-06-08,9.5,23.3,39.1,32.6,93.9,2.8,20.5,June,2023
3429,Jogulamba Gadwal,Aiza,2023-06-09,25.0,21.7,39.0,36.4,92.8,3.2,23.3,June,2023
3430,Jogulamba Gadwal,Aiza,2023-06-10,3.0,24.0,37.5,40.3,93.9,0.0,20.9,June,2023
3431,Jogulamba Gadwal,Aiza,2023-06-11,0.0,24.3,36.8,42.6,90.6,1.3,15.6,June,2023
3432,Jogulamba Gadwal,Aiza,2023-06-12,0.5,24.3,37.5,37.4,88.3,3.5,18.0,June,2023
3433,Jogulamba Gadwal,Aiza,2023-06-13,0.0,24.8,37.8,33.7,78.6,4.6,15.9,June,2023
3434,Jogulamba Gadwal,Aiza,2023-06-14,0.0,25.7,38.6,33.0,76.4,4.4,18.0,June,2023
3435,Jogulamba Gadwal,Aiza,2023-06-15,0.0,25.0,39.1,33.0,76.9,2.9,24.7,June,2023
3436,Jogulamba Gadwal,Aiza,2023-06-16,0.0,26.7,39.1,30.3,71.5,1.7,19.5,June,2023
3437,Jogulamba Gadwal,Aiza,2023-06-17,0.0,25.7,39.2,30.3,74.3,0.7,18.1,June,2023
3438,Jogulamba Gadwal,Aiza,2023-06-18,0.0,27.2,38.9,34.4,73.0,4.0,21.7,June,2023
3439,Jogulamba Gadwal,Aiza,2023-06-19,0.0,26.4,37.9,34.4,83.8,3.4,19.5,June,2023
3440,Jogulamba Gadwal,Aiza,2023-06-20,0.0,26.6,37.3,38.0,79.5,0.0,18.5,June,2023
3441,Jogulamba Gadwal,Aiza,2023-06-21,0.0,27.5,38.2,35.7,76.4,4.7,19.8,June,2023
3442,Jogulamba Gadwal,Aiza,2023-06-22,4.6,24.2,37.3,36.7,96.8,2.7,19.2,June,2023
3443,Jogulamba Gadwal,Aiza,2023-06-23,8.8,24.3,37.5,35.1,94.2,2.0,16.4,June,2023
3444,Jogulamba Gadwal,Aiza,2023-06-24,0.0,25.9,35.3,44.5,82.1,3.3,16.0,June,2023
3445,Jogulamba Gadwal,Aiza,2023-06-25,0.4,24.7,33.2,50.3,83.5,3.1,15.3,June,2023
3446,Jogulamba Gadwal,Aiza,2023-06-26,0.2,25.4,34.5,49.4,83.8,4.0,18.8,June,2023
3447,Jogulamba Gadwal,Aiza,2023-06-27,1.4,23.8,35.9,42.6,92.6,2.4,31.3,June,2023
3448,Jogulamba Gadwal,Aiza,2023-06-28,0.0,25.2,35.1,41.5,81.8,4.0,20.3,June,2023
3449,Jogulamba Gadwal,Aiza,2023-06-29,1.3,24.5,35.4,44.5,89.1,3.8,15.0,June,2023
3450,Jogulamba Gadwal,Aiza,2023-06-30,2.4,23.7,36.2,42.6,92.6,3.4,16.6,June,2023
3451,Jogulamba Gadwal,Alampur,2023-06-01,0.0,29.3,41.2,27.7,61.3,0.0,12.8,June,2023
3452,Jogulamba Gadwal,Alampur,2023-06-02,0.0,27.6,40.5,28.6,72.7,2.8,30.3,June,2023
3453,Jogulamba Gadwal,Alampur,2023-06-03,0.0,29.4,41.7,22.4,68.5,0.0,22.5,June,2023
3454,Jogulamba Gadwal,Alampur,2023-06-04,0.0,28.8,41.7,24.3,71.2,0.0,16.4,June,2023
3455,Jogulamba Gadwal,Alampur,2023-06-05,0.0,25.7,35.6,42.2,71.6,0.0,18.8,June,2023
3456,Jogulamba Gadwal,Alampur,2023-06-06,0.0,29.4,38.9,28.6,63.6,0.0,27.7,June,2023
3457,Jogulamba Gadwal,Alampur,2023-06-07,0.0,27.0,39.9,31.2,71.4,0.0,23.2,June,2023
3458,Jogulamba Gadwal,Alampur,2023-06-08,6.5,25.1,39.3,34.4,86.3,0.0,28.7,June,2023
3459,Jogulamba Gadwal,Alampur,2023-06-09,0.0,26.1,38.1,38.0,77.8,4.0,27.7,June,2023
3460,Jogulamba Gadwal,Alampur,2023-06-10,4.4,24.9,38.1,37.7,88.9,5.1,39.0,June,2023
3461,Jogulamba Gadwal,Alampur,2023-06-11,0.0,26.3,38.6,38.0,80.4,2.6,16.7,June,2023
3462,Jogulamba Gadwal,Alampur,2023-06-12,1.3,26.0,38.3,38.0,88.5,0.0,27.0,June,2023
3463,Jogulamba Gadwal,Alampur,2023-06-13,0.0,26.7,39.1,35.1,75.0,4.2,22.0,June,2023
3464,Jogulamba Gadwal,Alampur,2023-06-14,0.0,27.0,39.8,32.3,69.7,5.8,23.4,June,2023
3465,Jogulamba Gadwal,Alampur,2023-06-15,0.0,27.0,39.0,30.3,68.4,6.0,29.8,June,2023
3466,Jogulamba Gadwal,Alampur,2023-06-16,0.0,27.7,39.2,29.6,64.4,2.8,22.9,June,2023
3467,Jogulamba Gadwal,Alampur,2023-06-17,0.0,27.8,39.6,30.9,64.9,4.6,23.8,June,2023
3468,Jogulamba Gadwal,Alampur,2023-06-18,0.0,28.5,37.9,33.7,66.2,9.4,25.8,June,2023
3469,Jogulamba Gadwal,Alampur,2023-06-19,0.0,27.2,39.5,34.4,74.5,2.5,24.3,June,2023
3470,Jogulamba Gadwal,Alampur,2023-06-20,0.0,28.7,37.8,38.6,68.8,4.6,24.1,June,2023
3471,Jogulamba Gadwal,Alampur,2023-06-21,0.0,28.2,39.1,35.1,71.8,2.2,23.3,June,2023
3472,Jogulamba Gadwal,Alampur,2023-06-22,14.1,24.8,37.2,38.6,92.9,0.0,25.0,June,2023
3473,Jogulamba Gadwal,Alampur,2023-06-23,1.5,25.0,35.5,46.4,87.0,0.0,21.7,June,2023
3474,Jogulamba Gadwal,Alampur,2023-06-24,0.0,26.6,34.8,48.1,76.3,5.4,14.5,June,2023
3475,Jogulamba Gadwal,Alampur,2023-06-25,0.0,25.6,33.1,52.3,78.3,3.1,22.7,June,2023
3476,Jogulamba Gadwal,Alampur,2023-06-26,15.5,25.5,34.6,46.9,91.9,0.0,22.0,June,2023
3477,Jogulamba Gadwal,Alampur,2023-06-27,6.8,24.0,33.2,48.3,88.1,3.2,22.9,June,2023
3478,Jogulamba Gadwal,Alampur,2023-06-28,0.0,25.8,34.0,48.3,78.4,5.6,15.3,June,2023
3479,Jogulamba Gadwal,Alampur,2023-06-29,1.9,24.4,33.5,48.8,86.0,0.0,16.0,June,2023
3480,Jogulamba Gadwal,Alampur,2023-06-30,0.0,24.9,35.3,44.9,80.1,3.7,29.4,June,2023
3481,Jogulamba Gadwal,Dharur,2023-06-01,0.0,27.8,38.9,27.1,72.0,0.0,15.6,June,2023
3482,Jogulamba Gadwal,Dharur,2023-06-02,0.0,25.8,39.4,25.3,86.6,1.0,17.8,June,2023
3483,Jogulamba Gadwal,Dharur,2023-06-03,0.0,27.7,40.6,15.5,77.4,2.5,17.9,June,2023
3484,Jogulamba Gadwal,Dharur,2023-06-04,0.2,27.4,40.9,15.8,74.5,0.0,26.1,June,2023
3485,Jogulamba Gadwal,Dharur,2023-06-05,0.6,24.8,36.0,36.5,77.0,0.0,19.2,June,2023
3486,Jogulamba Gadwal,Dharur,2023-06-06,0.0,27.8,37.3,24.4,67.6,0.2,23.4,June,2023
3487,Jogulamba Gadwal,Dharur,2023-06-07,1.0,25.9,36.3,34.1,78.7,0.3,21.7,June,2023
3488,Jogulamba Gadwal,Dharur,2023-06-08,10.4,23.8,38.0,30.4,98.6,2.7,21.3,June,2023
3489,Jogulamba Gadwal,Dharur,2023-06-09,7.1,23.2,37.7,33.3,96.8,0.2,24.2,June,2023
3490,Jogulamba Gadwal,Dharur,2023-06-10,0.1,25.6,37.0,36.1,85.1,0.0,20.6,June,2023
3491,Jogulamba Gadwal,Dharur,2023-06-11,2.6,24.8,36.4,38.7,92.5,5.3,20.3,June,2023
3492,Jogulamba Gadwal,Dharur,2023-06-12,20.2,23.3,35.9,40.3,98.9,0.0,35.4,June,2023
3493,Jogulamba Gadwal,Dharur,2023-06-13,0.0,24.9,36.8,35.3,85.6,4.7,22.3,June,2023
3494,Jogulamba Gadwal,Dharur,2023-06-14,0.0,25.5,37.0,33.0,79.2,6.6,24.9,June,2023
3495,Jogulamba Gadwal,Dharur,2023-06-15,0.0,25.8,36.6,30.4,78.7,5.9,23.9,June,2023
3496,Jogulamba Gadwal,Dharur,2023-06-16,0.0,25.9,37.1,27.5,74.8,5.0,22.0,June,2023
3497,Jogulamba Gadwal,Dharur,2023-06-17,0.0,26.1,37.3,27.2,74.8,5.3,22.5,June,2023
3498,Jogulamba Gadwal,Dharur,2023-06-18,0.0,26.6,36.5,30.6,76.7,5.0,24.4,June,2023
3499,Jogulamba Gadwal,Dharur,2023-06-19,0.0,26.9,37.3,31.3,74.3,3.4,20.6,June,2023
3500,Jogulamba Gadwal,Dharur,2023-06-20,0.0,27.4,36.9,34.6,74.8,0.0,16.0,June,2023
3501,Jogulamba Gadwal,Dharur,2023-06-21,0.0,27.2,38.6,31.1,70.0,5.2,18.5,June,2023
3502,Jogulamba Gadwal,Dharur,2023-06-22,8.0,23.8,36.6,35.3,100.0,0.0,19.3,June,2023
3503,Jogulamba Gadwal,Dharur,2023-06-23,0.0,25.9,36.1,37.1,83.6,0.0,21.6,June,2023
3504,Jogulamba Gadwal,Dharur,2023-06-24,0.0,26.0,34.6,42.6,84.1,7.9,18.2,June,2023
3505,Jogulamba Gadwal,Dharur,2023-06-25,5.5,23.7,33.2,49.0,100.0,0.0,23.6,June,2023
3506,Jogulamba Gadwal,Dharur,2023-06-26,10.6,24.4,31.9,60.7,100.0,0.0,19.8,June,2023
3507,Jogulamba Gadwal,Dharur,2023-06-27,0.0,24.0,32.6,52.4,93.7,0.0,22.1,June,2023
3508,Jogulamba Gadwal,Dharur,2023-06-28,0.0,24.9,33.1,44.3,87.1,0.0,22.1,June,2023
3509,Jogulamba Gadwal,Dharur,2023-06-29,0.0,23.9,34.8,39.7,86.8,4.1,19.9,June,2023
3510,Jogulamba Gadwal,Dharur,2023-06-30,0.0,23.9,36.3,36.5,89.2,10.8,26.2,June,2023
3511,Jogulamba Gadwal,Gadwal,2023-06-01,0.0,29.1,41.2,25.1,55.2,0.0,8.6,June,2023
3512,Jogulamba Gadwal,Gadwal,2023-06-02,0.0,27.0,40.9,25.6,69.4,0.0,10.9,June,2023
3513,Jogulamba Gadwal,Gadwal,2023-06-03,0.0,29.1,41.8,16.8,59.7,0.0,9.0,June,2023
3514,Jogulamba Gadwal,Gadwal,2023-06-04,0.0,29.1,42.3,20.1,61.2,0.0,11.3,June,2023
3515,Jogulamba Gadwal,Gadwal,2023-06-05,0.0,25.4,36.8,38.4,69.9,0.0,12.4,June,2023
3516,Jogulamba Gadwal,Gadwal,2023-06-06,0.0,28.9,38.5,25.3,54.2,0.0,12.5,June,2023
3517,Jogulamba Gadwal,Gadwal,2023-06-07,0.6,28.2,38.7,31.5,57.2,0.0,14.6,June,2023
3518,Jogulamba Gadwal,Gadwal,2023-06-08,15.0,25.4,39.4,30.4,82.6,0.0,14.6,June,2023
3519,Jogulamba Gadwal,Gadwal,2023-06-09,0.0,25.6,38.3,33.8,73.2,0.0,12.7,June,2023
3520,Jogulamba Gadwal,Gadwal,2023-06-10,0.3,27.0,38.5,32.5,68.5,0.0,13.9,June,2023
3521,Jogulamba Gadwal,Gadwal,2023-06-11,0.0,26.4,38.1,34.9,71.3,0.0,10.5,June,2023
3522,Jogulamba Gadwal,Gadwal,2023-06-12,1.6,25.5,38.2,34.9,80.7,0.0,14.7,June,2023
3523,Jogulamba Gadwal,Gadwal,2023-06-13,0.0,26.3,38.9,29.7,67.5,0.1,8.3,June,2023
3524,Jogulamba Gadwal,Gadwal,2023-06-14,0.0,27.0,39.7,27.6,62.2,1.5,13.6,June,2023
3525,Jogulamba Gadwal,Gadwal,2023-06-15,0.0,27.2,38.6,28.1,62.2,0.0,13.8,June,2023
3526,Jogulamba Gadwal,Gadwal,2023-06-16,0.0,27.1,39.4,26.2,59.7,0.0,14.6,June,2023
3527,Jogulamba Gadwal,Gadwal,2023-06-17,0.0,27.0,39.4,26.2,61.7,0.0,12.0,June,2023
3528,Jogulamba Gadwal,Gadwal,2023-06-18,0.0,27.6,38.3,30.1,62.2,0.0,15.1,June,2023
3529,Jogulamba Gadwal,Gadwal,2023-06-19,0.0,27.7,39.6,28.3,64.2,0.0,16.4,June,2023
3530,Jogulamba Gadwal,Gadwal,2023-06-20,0.0,28.6,38.0,32.9,60.2,0.0,14.0,June,2023
3531,Jogulamba Gadwal,Gadwal,2023-06-21,0.0,28.0,38.9,30.4,66.6,0.0,12.0,June,2023
3532,Jogulamba Gadwal,Gadwal,2023-06-22,3.0,25.1,36.9,34.2,89.0,0.0,12.4,June,2023
3533,Jogulamba Gadwal,Gadwal,2023-06-23,0.0,27.1,36.2,35.5,86.8,0.0,12.8,June,2023
3534,Jogulamba Gadwal,Gadwal,2023-06-24,0.0,27.2,34.8,41.0,68.5,0.3,10.4,June,2023
3535,Jogulamba Gadwal,Gadwal,2023-06-25,15.2,24.7,34.8,42.7,100.0,0.0,7.4,June,2023
3536,Jogulamba Gadwal,Gadwal,2023-06-26,10.9,25.3,32.8,52.1,100.0,0.0,9.2,June,2023
3537,Jogulamba Gadwal,Gadwal,2023-06-27,1.7,24.2,32.9,51.0,84.3,0.0,11.0,June,2023
3538,Jogulamba Gadwal,Gadwal,2023-06-28,0.0,25.5,33.5,42.7,75.0,0.0,12.5,June,2023
3539,Jogulamba Gadwal,Gadwal,2023-06-29,0.0,25.1,34.4,43.3,74.9,0.0,8.9,June,2023
3540,Jogulamba Gadwal,Gadwal,2023-06-30,0.7,24.8,35.0,39.3,74.9,4.2,14.3,June,2023
3541,Jogulamba Gadwal,Ghattu,2023-06-01,0.0,27.7,37.3,29.6,72.9,0.0,12.7,June,2023
3542,Jogulamba Gadwal,Ghattu,2023-06-02,0.0,25.6,38.2,26.8,79.6,1.0,13.7,June,2023
3543,Jogulamba Gadwal,Ghattu,2023-06-03,0.0,27.5,40.4,18.3,74.6,0.8,13.6,June,2023
3544,Jogulamba Gadwal,Ghattu,2023-06-04,0.0,27.0,39.6,19.4,63.8,0.0,19.2,June,2023
3545,Jogulamba Gadwal,Ghattu,2023-06-05,0.0,24.3,34.2,39.0,73.3,0.0,16.7,June,2023
3546,Jogulamba Gadwal,Ghattu,2023-06-06,0.0,27.3,38.0,27.9,60.7,0.0,16.2,June,2023
3547,Jogulamba Gadwal,Ghattu,2023-06-07,1.0,24.6,37.5,32.9,89.9,0.0,10.2,June,2023
3548,Jogulamba Gadwal,Ghattu,2023-06-08,3.1,24.6,38.4,31.7,100.0,0.3,17.1,June,2023
3549,Jogulamba Gadwal,Ghattu,2023-06-09,4.9,22.5,38.2,32.7,100.0,1.3,17.1,June,2023
3550,Jogulamba Gadwal,Ghattu,2023-06-10,4.4,23.8,37.9,35.7,100.0,0.0,18.4,June,2023
3551,Jogulamba Gadwal,Ghattu,2023-06-11,0.0,24.2,37.2,37.6,89.3,0.0,16.7,June,2023
3552,Jogulamba Gadwal,Ghattu,2023-06-12,0.0,24.8,35.5,37.4,88.2,2.5,17.3,June,2023
3553,Jogulamba Gadwal,Ghattu,2023-06-13,0.0,24.7,37.2,30.1,78.3,1.8,14.7,June,2023
3554,Jogulamba Gadwal,Ghattu,2023-06-14,0.0,25.8,39.0,26.3,69.2,2.9,18.7,June,2023
3555,Jogulamba Gadwal,Ghattu,2023-06-15,0.0,25.1,37.9,28.2,71.0,1.3,16.1,June,2023
3556,Jogulamba Gadwal,Ghattu,2023-06-16,0.0,26.2,38.7,24.7,72.6,1.7,16.6,June,2023
3557,Jogulamba Gadwal,Ghattu,2023-06-17,0.0,26.0,37.5,26.0,73.4,3.8,18.7,June,2023
3558,Jogulamba Gadwal,Ghattu,2023-06-18,0.0,26.9,39.0,27.6,65.3,1.8,15.6,June,2023
3559,Jogulamba Gadwal,Ghattu,2023-06-19,0.0,27.1,39.0,28.7,73.0,1.1,16.5,June,2023
3560,Jogulamba Gadwal,Ghattu,2023-06-20,0.0,27.4,37.2,32.5,73.0,0.0,12.8,June,2023
3561,Jogulamba Gadwal,Ghattu,2023-06-21,0.0,27.1,38.6,28.1,63.5,3.0,14.7,June,2023
3562,Jogulamba Gadwal,Ghattu,2023-06-22,26.8,23.7,38.0,30.7,100.0,0.0,14.5,June,2023
3563,Jogulamba Gadwal,Ghattu,2023-06-23,0.5,25.1,34.9,42.6,100.0,0.0,15.8,June,2023
3564,Jogulamba Gadwal,Ghattu,2023-06-24,0.0,25.7,33.4,46.2,77.3,4.7,14.7,June,2023
3565,Jogulamba Gadwal,Ghattu,2023-06-25,1.4,23.9,32.1,52.2,97.5,0.0,19.0,June,2023
3566,Jogulamba Gadwal,Ghattu,2023-06-26,2.2,24.9,33.4,49.6,100.0,0.7,15.3,June,2023
3567,Jogulamba Gadwal,Ghattu,2023-06-27,9.0,23.2,32.9,46.7,100.0,0.4,17.0,June,2023
3568,Jogulamba Gadwal,Ghattu,2023-06-28,0.0,24.9,33.5,45.9,100.0,1.6,15.7,June,2023
3569,Jogulamba Gadwal,Ghattu,2023-06-29,0.0,24.6,32.7,50.6,84.0,4.1,16.2,June,2023
3570,Jogulamba Gadwal,Ghattu,2023-06-30,1.0,23.7,33.4,47.6,87.4,4.4,17.7,June,2023
3571,Jogulamba Gadwal,Itikyal,2023-06-01,0.0,26.3,39.8,26.3,69.6,0.0,7.3,June,2023
3572,Jogulamba Gadwal,Itikyal,2023-06-02,0.0,26.5,40.4,22.8,74.1,0.5,11.4,June,2023
3573,Jogulamba Gadwal,Itikyal,2023-06-03,0.0,28.5,41.2,17.8,74.8,0.0,10.5,June,2023
3574,Jogulamba Gadwal,Itikyal,2023-06-04,0.0,28.7,41.1,19.9,72.2,0.2,10.9,June,2023
3575,Jogulamba Gadwal,Itikyal,2023-06-05,0.0,24.4,37.9,39.3,83.7,0.0,13.4,June,2023
3576,Jogulamba Gadwal,Itikyal,2023-06-06,0.0,27.8,38.6,26.0,68.8,0.0,15.1,June,2023
3577,Jogulamba Gadwal,Itikyal,2023-06-07,2.8,26.3,39.2,30.5,78.8,0.0,15.0,June,2023
3578,Jogulamba Gadwal,Itikyal,2023-06-08,9.9,24.7,39.7,30.5,100.0,0.0,12.5,June,2023
3579,Jogulamba Gadwal,Itikyal,2023-06-09,1.8,24.8,39.6,33.3,96.3,0.3,17.4,June,2023
3580,Jogulamba Gadwal,Itikyal,2023-06-10,2.7,23.6,39.0,32.9,100.0,0.3,12.4,June,2023
3581,Jogulamba Gadwal,Itikyal,2023-06-11,0.0,26.1,38.5,36.9,89.5,0.0,18.3,June,2023
3582,Jogulamba Gadwal,Itikyal,2023-06-12,1.4,25.7,37.8,38.1,100.0,0.0,19.8,June,2023
3583,Jogulamba Gadwal,Itikyal,2023-06-13,0.0,26.1,38.8,35.1,80.1,0.1,13.0,June,2023
3584,Jogulamba Gadwal,Itikyal,2023-06-14,0.0,26.4,39.6,30.2,75.2,0.3,11.2,June,2023
3585,Jogulamba Gadwal,Itikyal,2023-06-15,0.0,26.9,39.0,30.9,73.3,0.0,14.3,June,2023
3586,Jogulamba Gadwal,Itikyal,2023-06-16,0.0,27.1,39.3,24.9,72.6,0.0,10.0,June,2023
3587,Jogulamba Gadwal,Itikyal,2023-06-17,0.0,26.9,39.7,27.4,73.2,0.0,12.7,June,2023
3588,Jogulamba Gadwal,Itikyal,2023-06-18,0.0,27.6,38.4,30.2,73.2,4.0,18.5,June,2023
3589,Jogulamba Gadwal,Itikyal,2023-06-19,0.0,27.1,38.6,30.9,78.3,2.7,25.5,June,2023
3590,Jogulamba Gadwal,Itikyal,2023-06-20,0.0,27.9,37.3,35.7,72.7,0.4,17.1,June,2023
3591,Jogulamba Gadwal,Itikyal,2023-06-21,0.0,27.5,38.3,32.1,77.8,2.6,17.2,June,2023
3592,Jogulamba Gadwal,Itikyal,2023-06-22,12.1,24.1,37.5,34.6,100.0,2.9,15.2,June,2023
3593,Jogulamba Gadwal,Itikyal,2023-06-23,0.0,25.8,37.3,35.2,100.0,0.0,15.4,June,2023
3594,Jogulamba Gadwal,Itikyal,2023-06-24,0.0,26.3,34.4,43.3,87.5,8.4,18.8,June,2023
3595,Jogulamba Gadwal,Itikyal,2023-06-25,3.0,24.4,33.0,48.9,100.0,4.6,19.3,June,2023
3596,Jogulamba Gadwal,Itikyal,2023-06-26,14.9,24.9,34.2,47.3,100.0,4.7,15.0,June,2023
3597,Jogulamba Gadwal,Itikyal,2023-06-27,1.3,23.9,33.2,45.3,100.0,4.8,16.0,June,2023
3598,Jogulamba Gadwal,Itikyal,2023-06-28,0.3,25.1,33.9,43.3,93.9,3.6,18.5,June,2023
3599,Jogulamba Gadwal,Itikyal,2023-06-29,0.5,24.4,34.0,44.3,100.0,4.9,21.0,June,2023
3600,Jogulamba Gadwal,Itikyal,2023-06-30,0.3,23.8,33.8,45.3,99.9,7.1,24.5,June,2023
3601,Jogulamba Gadwal,Kaloor_Timmanadoddi,2023-06-01,0.0,28.1,40.5,23.0,69.0,0.0,27.5,June,2023
3602,Jogulamba Gadwal,Kaloor_Timmanadoddi,2023-06-02,0.0,25.9,40.3,20.5,85.5,1.7,15.2,June,2023
3603,Jogulamba Gadwal,Kaloor_Timmanadoddi,2023-06-03,0.0,27.9,42.1,13.7,74.5,0.0,18.8,June,2023
3604,Jogulamba Gadwal,Kaloor_Timmanadoddi,2023-06-04,0.0,28.0,42.7,13.7,73.0,0.0,15.3,June,2023
3605,Jogulamba Gadwal,Kaloor_Timmanadoddi,2023-06-05,0.0,25.2,37.8,26.6,73.9,1.6,30.0,June,2023
3606,Jogulamba Gadwal,Kaloor_Timmanadoddi,2023-06-06,0.0,28.0,38.0,21.7,66.5,0.0,17.5,June,2023
3607,Jogulamba Gadwal,Kaloor_Timmanadoddi,2023-06-07,0.0,26.7,37.9,30.4,73.2,0.0,21.9,June,2023
3608,Jogulamba Gadwal,Kaloor_Timmanadoddi,2023-06-08,2.5,24.2,39.4,27.2,100.0,5.9,22.0,June,2023
3609,Jogulamba Gadwal,Kaloor_Timmanadoddi,2023-06-09,6.2,22.5,38.9,28.8,100.0,1.5,16.7,June,2023
3610,Jogulamba Gadwal,Kaloor_Timmanadoddi,2023-06-10,3.4,25.0,38.6,32.5,88.5,0.0,17.9,June,2023
3611,Jogulamba Gadwal,Kaloor_Timmanadoddi,2023-06-11,4.1,25.0,38.0,34.5,97.8,0.6,21.3,June,2023
3612,Jogulamba Gadwal,Kaloor_Timmanadoddi,2023-06-12,8.3,24.8,37.5,34.2,96.7,2.9,19.3,June,2023
3613,Jogulamba Gadwal,Kaloor_Timmanadoddi,2023-06-13,0.0,25.2,37.9,29.1,80.9,0.0,13.5,June,2023
3614,Jogulamba Gadwal,Kaloor_Timmanadoddi,2023-06-14,0.0,25.8,38.5,27.4,76.7,0.9,24.3,June,2023
3615,Jogulamba Gadwal,Kaloor_Timmanadoddi,2023-06-15,0.0,26.1,37.9,25.3,76.7,6.8,21.3,June,2023
3616,Jogulamba Gadwal,Kaloor_Timmanadoddi,2023-06-16,0.0,26.1,38.6,23.0,72.8,2.7,28.2,June,2023
3617,Jogulamba Gadwal,Kaloor_Timmanadoddi,2023-06-17,0.0,26.5,38.8,22.4,73.2,11.1,19.9,June,2023
3618,Jogulamba Gadwal,Kaloor_Timmanadoddi,2023-06-18,0.0,27.0,38.1,26.6,74.5,9.8,24.9,June,2023
3619,Jogulamba Gadwal,Kaloor_Timmanadoddi,2023-06-19,0.0,27.3,38.2,27.2,72.0,0.0,15.4,June,2023
3620,Jogulamba Gadwal,Kaloor_Timmanadoddi,2023-06-20,0.0,27.6,37.4,30.4,72.8,0.0,16.7,June,2023
3621,Jogulamba Gadwal,Kaloor_Timmanadoddi,2023-06-21,0.0,27.5,39.3,26.2,70.7,0.0,12.7,June,2023
3622,Jogulamba Gadwal,Kaloor_Timmanadoddi,2023-06-22,14.3,24.2,37.6,29.7,100.0,4.9,17.6,June,2023
3623,Jogulamba Gadwal,Kaloor_Timmanadoddi,2023-06-23,0.0,25.3,37.4,31.0,90.7,0.0,14.8,June,2023
3624,Jogulamba Gadwal,Kaloor_Timmanadoddi,2023-06-24,0.0,26.3,35.2,38.3,80.5,4.0,17.1,June,2023
3625,Jogulamba Gadwal,Kaloor_Timmanadoddi,2023-06-25,3.8,23.4,33.4,46.7,100.0,0.8,25.1,June,2023
3626,Jogulamba Gadwal,Kaloor_Timmanadoddi,2023-06-26,3.9,24.5,32.7,55.6,100.0,3.5,27.8,June,2023
3627,Jogulamba Gadwal,Kaloor_Timmanadoddi,2023-06-27,5.5,23.9,32.9,53.5,99.6,0.9,16.0,June,2023
3628,Jogulamba Gadwal,Kaloor_Timmanadoddi,2023-06-28,0.0,24.9,33.1,44.1,85.2,2.9,17.5,June,2023
3629,Jogulamba Gadwal,Kaloor_Timmanadoddi,2023-06-29,0.0,24.8,34.1,42.0,84.4,4.0,29.3,June,2023
3630,Jogulamba Gadwal,Kaloor_Timmanadoddi,2023-06-30,0.0,24.0,35.2,37.0,88.5,5.4,54.2,June,2023
3631,Jogulamba Gadwal,Maldakal,2023-06-01,0.0,28.2,39.3,30.7,74.6,0.0,15.1,June,2023
3632,Jogulamba Gadwal,Maldakal,2023-06-02,0.0,26.1,39.0,34.9,85.2,3.1,11.9,June,2023
3633,Jogulamba Gadwal,Maldakal,2023-06-03,0.0,27.9,40.5,23.5,78.3,0.0,11.4,June,2023
3634,Jogulamba Gadwal,Maldakal,2023-06-04,0.0,27.9,40.5,26.0,74.9,0.0,17.2,June,2023
3635,Jogulamba Gadwal,Maldakal,2023-06-05,4.5,23.7,35.6,44.4,93.0,0.0,16.8,June,2023
3636,Jogulamba Gadwal,Maldakal,2023-06-06,0.0,27.8,37.0,35.5,73.7,0.1,15.9,June,2023
3637,Jogulamba Gadwal,Maldakal,2023-06-07,0.6,25.6,36.9,40.6,82.3,0.1,14.5,June,2023
3638,Jogulamba Gadwal,Maldakal,2023-06-08,23.0,23.5,38.3,36.3,97.5,1.2,15.2,June,2023
3639,Jogulamba Gadwal,Maldakal,2023-06-09,4.1,24.1,36.4,41.8,87.7,2.3,18.4,June,2023
3640,Jogulamba Gadwal,Maldakal,2023-06-10,1.6,24.7,37.1,42.7,89.9,0.0,19.3,June,2023
3641,Jogulamba Gadwal,Maldakal,2023-06-11,0.0,25.4,36.5,42.7,88.3,0.9,17.4,June,2023
3642,Jogulamba Gadwal,Maldakal,2023-06-12,3.0,24.2,36.0,45.3,96.0,4.7,18.4,June,2023
3643,Jogulamba Gadwal,Maldakal,2023-06-13,0.0,25.2,36.9,38.6,82.8,1.2,12.0,June,2023
3644,Jogulamba Gadwal,Maldakal,2023-06-14,0.0,25.8,37.5,34.9,81.1,2.6,15.6,June,2023
3645,Jogulamba Gadwal,Maldakal,2023-06-15,0.0,26.2,37.1,38.0,79.4,1.4,12.8,June,2023
3646,Jogulamba Gadwal,Maldakal,2023-06-16,0.0,26.5,37.6,33.7,74.9,1.3,14.5,June,2023
3647,Jogulamba Gadwal,Maldakal,2023-06-17,0.0,26.2,37.4,33.7,77.8,0.9,13.8,June,2023
3648,Jogulamba Gadwal,Maldakal,2023-06-18,0.0,27.0,36.9,37.5,77.0,1.0,14.8,June,2023
3649,Jogulamba Gadwal,Maldakal,2023-06-19,0.0,27.4,37.0,38.0,77.9,0.7,16.3,June,2023
3650,Jogulamba Gadwal,Maldakal,2023-06-20,0.0,27.8,36.3,40.8,77.1,0.0,11.8,June,2023
3651,Jogulamba Gadwal,Maldakal,2023-06-21,0.3,26.7,36.9,38.0,81.6,3.7,13.1,June,2023
3652,Jogulamba Gadwal,Maldakal,2023-06-22,8.5,22.8,35.9,40.3,97.9,0.0,11.7,June,2023
3653,Jogulamba Gadwal,Maldakal,2023-06-23,0.0,25.9,34.9,44.4,87.7,0.0,12.2,June,2023
3654,Jogulamba Gadwal,Maldakal,2023-06-24,0.0,26.0,34.1,49.0,83.4,2.3,10.7,June,2023
3655,Jogulamba Gadwal,Maldakal,2023-06-25,0.6,24.5,33.0,54.8,96.0,0.0,10.9,June,2023
3656,Jogulamba Gadwal,Maldakal,2023-06-26,18.9,24.3,32.7,61.3,96.8,2.1,12.8,June,2023
3657,Jogulamba Gadwal,Maldakal,2023-06-27,6.5,23.2,32.8,57.4,97.0,0.2,14.9,June,2023
3658,Jogulamba Gadwal,Maldakal,2023-06-28,0.0,25.1,32.9,50.1,87.3,2.5,13.9,June,2023
3659,Jogulamba Gadwal,Maldakal,2023-06-29,0.0,25.0,32.9,50.1,86.3,5.0,14.2,June,2023
3660,Jogulamba Gadwal,Maldakal,2023-06-30,1.1,24.0,33.9,47.5,90.4,2.1,14.5,June,2023
3661,Jogulamba Gadwal,Manopad,2023-06-01,0.0,29.5,39.2,28.0,58.6,0.0,11.8,June,2023
3662,Jogulamba Gadwal,Manopad,2023-06-02,0.0,26.9,39.6,25.4,71.0,1.6,16.9,June,2023
3663,Jogulamba Gadwal,Manopad,2023-06-03,0.0,28.7,40.2,23.1,66.2,0.0,9.7,June,2023
3664,Jogulamba Gadwal,Manopad,2023-06-04,0.0,28.6,40.1,26.1,67.2,0.5,18.1,June,2023
3665,Jogulamba Gadwal,Manopad,2023-06-05,0.0,24.3,35.0,41.8,68.8,0.0,17.2,June,2023
3666,Jogulamba Gadwal,Manopad,2023-06-06,0.0,28.7,38.5,28.2,61.9,0.0,17.0,June,2023
3667,Jogulamba Gadwal,Manopad,2023-06-07,1.2,24.7,39.4,31.1,77.9,0.0,14.5,June,2023
3668,Jogulamba Gadwal,Manopad,2023-06-08,25.6,24.1,38.4,34.5,81.8,0.0,12.7,June,2023
3669,Jogulamba Gadwal,Manopad,2023-06-09,0.0,25.2,36.5,39.0,77.0,0.8,12.9,June,2023
3670,Jogulamba Gadwal,Manopad,2023-06-10,19.1,23.7,37.1,38.9,85.2,0.8,14.7,June,2023
3671,Jogulamba Gadwal,Manopad,2023-06-11,0.0,25.1,36.2,42.7,79.0,0.0,14.2,June,2023
3672,Jogulamba Gadwal,Manopad,2023-06-12,0.8,25.3,36.1,41.1,78.6,0.0,9.4,June,2023
3673,Jogulamba Gadwal,Manopad,2023-06-13,0.0,26.0,36.9,35.3,71.8,0.4,7.5,June,2023
3674,Jogulamba Gadwal,Manopad,2023-06-14,0.0,26.0,37.3,33.4,69.6,1.0,8.3,June,2023
3675,Jogulamba Gadwal,Manopad,2023-06-15,0.0,25.6,37.3,33.3,70.0,0.0,8.7,June,2023
3676,Jogulamba Gadwal,Manopad,2023-06-16,0.0,26.6,38.1,29.5,65.6,0.0,12.0,June,2023
3677,Jogulamba Gadwal,Manopad,2023-06-17,0.0,26.9,38.0,31.1,65.4,0.0,13.9,June,2023
3678,Jogulamba Gadwal,Manopad,2023-06-18,0.0,27.6,37.4,32.8,66.2,3.1,9.4,June,2023
3679,Jogulamba Gadwal,Manopad,2023-06-19,0.0,26.7,37.4,33.5,70.6,2.3,14.7,June,2023
3680,Jogulamba Gadwal,Manopad,2023-06-20,0.0,27.8,37.1,36.1,68.0,1.2,10.9,June,2023
3681,Jogulamba Gadwal,Manopad,2023-06-21,0.0,26.8,38.4,32.8,73.8,0.0,17.8,June,2023
3682,Jogulamba Gadwal,Manopad,2023-06-22,8.9,24.5,36.8,36.8,87.4,0.0,18.7,June,2023
3683,Jogulamba Gadwal,Manopad,2023-06-23,9.0,25.5,33.4,46.4,82.9,0.1,9.3,June,2023
3684,Jogulamba Gadwal,Manopad,2023-06-24,0.0,26.3,33.0,46.8,72.8,2.3,15.1,June,2023
3685,Jogulamba Gadwal,Manopad,2023-06-25,0.0,25.1,32.9,50.3,74.2,2.0,14.8,June,2023
3686,Jogulamba Gadwal,Manopad,2023-06-26,1.8,25.4,33.0,46.9,84.1,0.1,18.3,June,2023
3687,Jogulamba Gadwal,Manopad,2023-06-27,19.2,23.4,32.9,46.1,86.4,1.3,10.5,June,2023
3688,Jogulamba Gadwal,Manopad,2023-06-28,0.0,25.1,32.7,50.2,75.6,2.0,12.5,June,2023
3689,Jogulamba Gadwal,Manopad,2023-06-29,1.6,24.2,32.7,48.8,77.7,2.9,15.0,June,2023
3690,Jogulamba Gadwal,Manopad,2023-06-30,0.0,24.1,33.7,44.7,76.9,1.6,14.0,June,2023
3691,Jogulamba Gadwal,Rajoli,2023-06-01,0.0,29.1,39.0,30.1,74.2,0.0,6.7,June,2023
3692,Jogulamba Gadwal,Rajoli,2023-06-02,0.0,26.9,40.5,31.8,83.6,0.5,13.8,June,2023
3693,Jogulamba Gadwal,Rajoli,2023-06-03,0.0,28.5,40.8,17.6,80.1,0.0,10.4,June,2023
3694,Jogulamba Gadwal,Rajoli,2023-06-04,0.0,28.5,41.1,17.6,79.7,0.2,12.9,June,2023
3695,Jogulamba Gadwal,Rajoli,2023-06-05,0.0,25.5,36.3,47.5,81.0,0.0,11.3,June,2023
3696,Jogulamba Gadwal,Rajoli,2023-06-06,0.0,28.6,37.9,31.8,71.5,0.0,16.5,June,2023
3697,Jogulamba Gadwal,Rajoli,2023-06-07,0.0,28.4,38.1,36.2,70.1,0.0,14.0,June,2023
3698,Jogulamba Gadwal,Rajoli,2023-06-08,3.4,24.9,39.3,33.4,100.0,0.0,14.3,June,2023
3699,Jogulamba Gadwal,Rajoli,2023-06-09,0.9,24.7,38.1,44.7,94.6,0.3,13.1,June,2023
3700,Jogulamba Gadwal,Rajoli,2023-06-10,4.0,24.6,38.2,44.5,100.0,0.3,12.3,June,2023
3701,Jogulamba Gadwal,Rajoli,2023-06-11,0.0,25.2,37.8,46.4,98.0,0.0,14.6,June,2023
3702,Jogulamba Gadwal,Rajoli,2023-06-12,7.8,25.3,37.4,45.9,100.0,0.0,13.0,June,2023
3703,Jogulamba Gadwal,Rajoli,2023-06-13,0.0,25.8,37.2,43.1,87.7,0.1,11.1,June,2023
3704,Jogulamba Gadwal,Rajoli,2023-06-14,0.0,26.3,37.8,36.4,84.0,0.3,13.0,June,2023
3705,Jogulamba Gadwal,Rajoli,2023-06-15,0.0,26.3,38.0,34.8,80.4,0.0,12.8,June,2023
3706,Jogulamba Gadwal,Rajoli,2023-06-16,0.0,27.0,38.3,32.8,76.5,0.0,12.5,June,2023
3707,Jogulamba Gadwal,Rajoli,2023-06-17,0.0,26.6,38.3,33.1,78.5,0.0,13.8,June,2023
3708,Jogulamba Gadwal,Rajoli,2023-06-18,0.0,27.4,37.7,37.1,78.4,1.0,12.4,June,2023
3709,Jogulamba Gadwal,Rajoli,2023-06-19,0.0,26.8,37.6,37.7,83.4,0.8,15.6,June,2023
3710,Jogulamba Gadwal,Rajoli,2023-06-20,0.0,27.9,36.6,43.0,81.5,0.4,11.5,June,2023
3711,Jogulamba Gadwal,Rajoli,2023-06-21,0.0,27.7,37.9,38.6,82.5,0.0,13.1,June,2023
3712,Jogulamba Gadwal,Rajoli,2023-06-22,3.0,24.7,37.7,41.0,100.0,0.0,15.2,June,2023
3713,Jogulamba Gadwal,Rajoli,2023-06-23,0.0,25.7,34.9,52.2,100.0,0.0,10.8,June,2023
3714,Jogulamba Gadwal,Rajoli,2023-06-24,0.0,26.9,34.7,54.2,87.7,0.8,13.0,June,2023
3715,Jogulamba Gadwal,Rajoli,2023-06-25,0.0,25.6,33.0,59.7,87.4,0.7,12.8,June,2023
3716,Jogulamba Gadwal,Rajoli,2023-06-26,0.0,26.0,33.8,56.4,90.8,0.0,14.7,June,2023
3717,Jogulamba Gadwal,Rajoli,2023-06-27,0.0,24.7,35.0,51.8,96.0,0.4,13.0,June,2023
3718,Jogulamba Gadwal,Rajoli,2023-06-28,0.0,25.7,33.5,55.7,87.3,0.7,11.5,June,2023
3719,Jogulamba Gadwal,Rajoli,2023-06-29,0.9,24.6,34.2,53.8,96.1,1.0,13.6,June,2023
3720,Jogulamba Gadwal,Rajoli,2023-06-30,0.0,24.5,34.8,48.8,91.7,0.5,14.3,June,2023
3721,Jogulamba Gadwal,Undavelli,2023-06-01,0.0,27.8,40.1,27.4,67.2,0.0,11.3,June,2023
3722,Jogulamba Gadwal,Undavelli,2023-06-02,0.0,26.4,40.4,22.5,77.4,0.5,17.0,June,2023
3723,Jogulamba Gadwal,Undavelli,2023-06-03,0.0,28.7,41.0,17.7,72.8,0.0,11.5,June,2023
3724,Jogulamba Gadwal,Undavelli,2023-06-04,1.5,27.8,41.0,22.5,77.9,0.2,15.0,June,2023
3725,Jogulamba Gadwal,Undavelli,2023-06-05,0.0,23.0,34.1,48.9,83.1,0.0,23.1,June,2023
3726,Jogulamba Gadwal,Undavelli,2023-06-06,0.0,28.7,38.6,26.4,67.2,0.0,14.0,June,2023
3727,Jogulamba Gadwal,Undavelli,2023-06-07,2.8,27.4,39.1,30.1,71.0,0.0,11.3,June,2023
3728,Jogulamba Gadwal,Undavelli,2023-06-08,1.1,25.1,39.5,33.3,85.5,0.0,32.6,June,2023
3729,Jogulamba Gadwal,Undavelli,2023-06-09,0.0,24.7,38.1,34.0,80.2,0.3,11.9,June,2023
3730,Jogulamba Gadwal,Undavelli,2023-06-10,7.4,23.5,38.1,35.9,90.5,0.3,41.0,June,2023
3731,Jogulamba Gadwal,Undavelli,2023-06-11,0.0,25.0,37.6,37.1,84.8,0.0,14.6,June,2023
3732,Jogulamba Gadwal,Undavelli,2023-06-12,2.4,24.6,37.8,38.2,95.4,0.0,25.9,June,2023
3733,Jogulamba Gadwal,Undavelli,2023-06-13,0.0,26.1,38.0,32.6,77.6,0.1,8.8,June,2023
3734,Jogulamba Gadwal,Undavelli,2023-06-14,0.0,26.5,38.8,26.4,74.1,0.3,13.4,June,2023
3735,Jogulamba Gadwal,Undavelli,2023-06-15,0.0,26.4,38.1,29.2,71.3,0.1,15.4,June,2023
3736,Jogulamba Gadwal,Undavelli,2023-06-16,0.0,27.4,39.0,26.4,67.2,0.0,10.2,June,2023
3737,Jogulamba Gadwal,Undavelli,2023-06-17,0.0,27.1,39.4,27.1,68.9,0.1,12.3,June,2023
3738,Jogulamba Gadwal,Undavelli,2023-06-18,0.0,27.9,38.2,31.2,69.2,1.5,14.5,June,2023
3739,Jogulamba Gadwal,Undavelli,2023-06-19,0.0,27.1,38.4,30.6,75.0,0.8,14.2,June,2023
3740,Jogulamba Gadwal,Undavelli,2023-06-20,0.0,27.9,37.0,37.1,72.7,0.4,8.1,June,2023
3741,Jogulamba Gadwal,Undavelli,2023-06-21,0.0,27.1,38.6,31.5,79.8,0.0,20.3,June,2023
3742,Jogulamba Gadwal,Undavelli,2023-06-22,11.7,24.6,37.2,34.7,100.0,0.0,19.1,June,2023
3743,Jogulamba Gadwal,Undavelli,2023-06-23,0.0,25.8,34.3,51.2,87.0,0.0,13.7,June,2023
3744,Jogulamba Gadwal,Undavelli,2023-06-24,0.0,26.6,34.0,47.8,77.6,2.4,14.5,June,2023
3745,Jogulamba Gadwal,Undavelli,2023-06-25,0.0,25.1,32.8,54.0,80.5,0.7,22.2,June,2023
3746,Jogulamba Gadwal,Undavelli,2023-06-26,1.8,25.9,33.4,52.0,83.6,0.0,16.3,June,2023
3747,Jogulamba Gadwal,Undavelli,2023-06-27,2.8,24.0,34.3,47.2,100.0,0.4,13.5,June,2023
3748,Jogulamba Gadwal,Undavelli,2023-06-28,0.0,25.6,33.2,50.7,81.4,0.7,15.7,June,2023
3749,Jogulamba Gadwal,Undavelli,2023-06-29,1.2,23.7,33.1,50.8,87.6,1.0,15.0,June,2023
3750,Jogulamba Gadwal,Undavelli,2023-06-30,0.0,24.7,34.7,43.7,83.4,0.5,17.6,June,2023
3751,Jogulamba Gadwal,Waddepalle,2023-06-01,0.0,28.6,38.7,31.7,67.8,0.0,6.5,June,2023
3752,Jogulamba Gadwal,Waddepalle,2023-06-02,0.0,26.4,39.7,31.3,78.4,0.0,14.5,June,2023
3753,Jogulamba Gadwal,Waddepalle,2023-06-03,0.0,28.2,40.2,22.3,73.9,0.0,11.5,June,2023
3754,Jogulamba Gadwal,Waddepalle,2023-06-04,0.0,28.0,40.3,24.6,74.7,0.0,12.7,June,2023
3755,Jogulamba Gadwal,Waddepalle,2023-06-05,0.0,24.8,34.9,46.2,76.1,0.0,12.1,June,2023
3756,Jogulamba Gadwal,Waddepalle,2023-06-06,0.0,28.2,37.7,32.3,67.4,0.0,12.3,June,2023
3757,Jogulamba Gadwal,Waddepalle,2023-06-07,0.0,27.1,37.5,36.5,55.6,0.0,15.3,June,2023
3758,Jogulamba Gadwal,Waddepalle,2023-06-08,14.0,24.4,38.4,35.5,100.0,0.0,14.2,June,2023
3759,Jogulamba Gadwal,Waddepalle,2023-06-09,1.1,24.5,37.8,25.3,85.3,0.0,10.9,June,2023
3760,Jogulamba Gadwal,Waddepalle,2023-06-10,13.1,24.2,36.8,43.8,91.8,0.0,12.0,June,2023
3761,Jogulamba Gadwal,Waddepalle,2023-06-11,0.0,25.7,36.9,36.0,75.3,0.0,18.8,June,2023
3762,Jogulamba Gadwal,Waddepalle,2023-06-12,0.0,25.1,36.6,35.5,87.7,0.0,15.0,June,2023
3763,Jogulamba Gadwal,Waddepalle,2023-06-13,0.0,25.7,37.1,34.7,79.4,0.0,12.2,June,2023
3764,Jogulamba Gadwal,Waddepalle,2023-06-14,0.0,25.9,37.1,35.0,76.7,0.0,13.8,June,2023
3765,Jogulamba Gadwal,Waddepalle,2023-06-15,0.0,25.6,37.2,35.5,75.8,0.0,14.8,June,2023
3766,Jogulamba Gadwal,Waddepalle,2023-06-16,0.0,28.3,37.9,32.6,62.9,0.0,12.3,June,2023
3767,Jogulamba Gadwal,Waddepalle,2023-06-17,0.0,26.6,37.7,33.2,87.7,0.0,13.1,June,2023
3768,Jogulamba Gadwal,Waddepalle,2023-06-18,0.0,28.1,37.5,36.4,72.5,0.0,15.5,June,2023
3769,Jogulamba Gadwal,Waddepalle,2023-06-19,0.0,26.4,37.2,33.1,77.9,0.0,13.5,June,2023
3770,Jogulamba Gadwal,Waddepalle,2023-06-20,0.0,26.6,36.2,32.8,73.0,0.0,12.0,June,2023
3771,Jogulamba Gadwal,Waddepalle,2023-06-21,0.0,27.1,37.5,33.6,69.1,0.0,9.4,June,2023
3772,Jogulamba Gadwal,Waddepalle,2023-06-22,10.1,25.3,36.9,35.3,99.3,0.0,12.0,June,2023
3773,Jogulamba Gadwal,Waddepalle,2023-06-23,0.0,25.4,34.4,34.8,89.2,0.0,12.7,June,2023
3774,Jogulamba Gadwal,Waddepalle,2023-06-24,0.0,26.9,34.4,34.7,80.9,0.0,12.0,June,2023
3775,Jogulamba Gadwal,Waddepalle,2023-06-25,0.0,25.7,32.7,37.7,81.7,0.0,12.8,June,2023
3776,Jogulamba Gadwal,Waddepalle,2023-06-26,0.0,26.1,33.9,36.9,86.2,0.0,10.9,June,2023
3777,Jogulamba Gadwal,Waddepalle,2023-06-27,0.0,24.7,34.4,35.6,76.3,0.0,14.1,June,2023
3778,Jogulamba Gadwal,Waddepalle,2023-06-28,0.0,26.2,32.9,37.9,63.9,0.0,11.7,June,2023
3779,Jogulamba Gadwal,Waddepalle,2023-06-29,0.0,26.5,33.8,37.6,64.8,0.0,13.3,June,2023
3780,Jogulamba Gadwal,Waddepalle,2023-06-30,0.5,25.5,36.2,32.5,71.6,0.0,15.1,June,2023
3781,Kamareddy,23,2023-06-01,0.0,25.6,39.8,27.1,65.7,1.3,6.4,June,2023
3782,Kamareddy,23,2023-06-02,0.0,27.9,42.3,18.6,54.3,1.5,7.1,June,2023
3783,Kamareddy,23,2023-06-03,0.0,27.9,42.5,23.9,50.3,1.6,9.4,June,2023
3784,Kamareddy,23,2023-06-04,0.0,28.2,42.4,21.4,54.6,0.0,7.2,June,2023
3785,Kamareddy,23,2023-06-05,0.0,23.4,41.7,29.9,82.5,2.3,8.4,June,2023
3786,Kamareddy,23,2023-06-06,0.0,27.6,37.6,33.8,62.2,1.2,7.6,June,2023
3787,Kamareddy,23,2023-06-07,0.0,28.6,42.2,26.9,62.6,0.0,4.8,June,2023
3788,Kamareddy,23,2023-06-08,0.0,28.4,42.4,23.9,70.4,3.9,11.0,June,2023
3789,Kamareddy,23,2023-06-09,0.0,28.9,42.3,26.0,55.4,0.0,5.3,June,2023
3790,Kamareddy,23,2023-06-10,1.5,28.4,42.0,24.3,76.5,0.0,8.7,June,2023
3791,Kamareddy,23,2023-06-11,6.0,25.0,42.2,40.2,92.1,2.1,10.6,June,2023
3792,Kamareddy,23,2023-06-12,0.0,26.9,41.9,40.2,84.7,0.0,6.8,June,2023
3793,Kamareddy,23,2023-06-13,0.0,27.1,41.8,28.7,64.4,2.9,9.5,June,2023
3794,Kamareddy,23,2023-06-14,0.0,27.2,41.9,23.6,70.4,2.8,10.5,June,2023
3795,Kamareddy,23,2023-06-15,0.0,26.8,39.2,27.7,71.1,0.0,8.3,June,2023
3796,Kamareddy,23,2023-06-16,0.0,27.3,42.5,24.9,62.6,0.0,6.1,June,2023
3797,Kamareddy,23,2023-06-17,1.0,27.6,41.4,26.7,73.1,1.8,16.7,June,2023
3798,Kamareddy,23,2023-06-18,0.0,28.6,41.5,28.8,64.3,2.2,12.1,June,2023
3799,Kamareddy,23,2023-06-19,0.0,28.5,39.2,34.5,63.2,3.5,19.9,June,2023
3800,Kamareddy,23,2023-06-20,0.0,28.8,38.9,32.6,62.6,1.8,19.1,June,2023
3801,Kamareddy,23,2023-06-21,0.0,29.1,38.8,27.7,62.7,1.0,9.3,June,2023
3802,Kamareddy,23,2023-06-22,0.0,27.7,39.3,28.6,55.4,1.0,12.3,June,2023
3803,Kamareddy,23,2023-06-23,0.0,27.5,36.9,32.7,72.9,0.8,10.0,June,2023
3804,Kamareddy,23,2023-06-24,1.5,25.3,34.4,41.9,97.2,0.1,9.3,June,2023
3805,Kamareddy,23,2023-06-25,26.3,23.4,32.5,59.0,99.8,2.0,23.2,June,2023
3806,Kamareddy,23,2023-06-26,0.0,24.7,31.7,67.6,90.8,1.6,9.2,June,2023
3807,Kamareddy,23,2023-06-27,2.3,23.3,30.3,66.1,99.9,1.3,9.9,June,2023
3808,Kamareddy,23,2023-06-28,1.5,23.1,30.6,70.9,99.6,0.6,9.4,June,2023
3809,Kamareddy,23,2023-06-29,0.5,23.9,33.7,59.2,97.6,1.0,8.2,June,2023
3810,Kamareddy,23,2023-06-30,0.0,24.7,36.6,53.5,83.5,2.9,13.1,June,2023
3811,Kamareddy,24,2023-06-01,0.0,23.3,40.4,27.8,77.8,0.0,6.8,June,2023
3812,Kamareddy,24,2023-06-02,0.0,26.5,41.3,13.3,68.5,0.0,7.8,June,2023
3813,Kamareddy,24,2023-06-03,0.0,26.0,42.3,14.0,53.7,0.0,12.7,June,2023
3814,Kamareddy,24,2023-06-04,0.0,26.3,42.3,24.5,66.7,0.0,14.8,June,2023
3815,Kamareddy,24,2023-06-05,1.3,21.4,41.5,28.5,90.5,0.0,16.0,June,2023
3816,Kamareddy,24,2023-06-06,0.0,23.5,38.4,32.1,80.9,0.0,13.9,June,2023
3817,Kamareddy,24,2023-06-07,0.0,26.8,40.6,29.1,61.7,0.0,10.5,June,2023
3818,Kamareddy,24,2023-06-08,0.0,27.2,41.5,27.8,69.1,0.2,17.1,June,2023
3819,Kamareddy,24,2023-06-09,0.0,27.3,41.7,27.1,67.1,0.0,14.0,June,2023
3820,Kamareddy,24,2023-06-10,0.0,27.2,41.2,25.8,68.1,1.2,17.4,June,2023
3821,Kamareddy,24,2023-06-11,1.0,23.5,40.2,36.2,86.4,0.0,17.7,June,2023
3822,Kamareddy,24,2023-06-12,0.0,26.0,39.4,35.0,73.6,0.3,17.2,June,2023
3823,Kamareddy,24,2023-06-13,0.0,26.3,40.9,31.1,63.1,0.0,16.4,June,2023
3824,Kamareddy,24,2023-06-14,0.0,26.9,40.5,21.6,66.9,2.9,15.2,June,2023
3825,Kamareddy,24,2023-06-15,0.0,26.3,40.9,23.9,65.1,0.0,13.4,June,2023
3826,Kamareddy,24,2023-06-16,0.0,26.9,40.4,25.2,57.4,0.0,18.2,June,2023
3827,Kamareddy,24,2023-06-17,0.0,26.9,41.5,20.7,62.8,0.0,12.6,June,2023
3828,Kamareddy,24,2023-06-18,0.0,27.0,40.5,29.6,62.2,0.0,15.3,June,2023
3829,Kamareddy,24,2023-06-19,0.0,28.2,40.3,29.6,59.6,0.0,14.5,June,2023
3830,Kamareddy,24,2023-06-20,0.0,25.0,39.7,29.4,65.4,0.0,14.3,June,2023
3831,Kamareddy,24,2023-06-21,0.0,27.4,41.1,25.8,72.1,0.0,15.2,June,2023
3832,Kamareddy,24,2023-06-22,0.0,26.4,37.9,30.3,81.7,0.0,16.7,June,2023
3833,Kamareddy,24,2023-06-23,0.0,26.0,35.4,37.7,79.5,0.0,13.6,June,2023
3834,Kamareddy,24,2023-06-24,0.4,25.3,33.8,46.8,100.0,0.0,8.4,June,2023
3835,Kamareddy,24,2023-06-25,3.5,22.6,32.8,56.0,100.0,0.0,12.7,June,2023
3836,Kamareddy,24,2023-06-26,2.7,23.2,32.7,60.8,100.0,2.1,11.3,June,2023
3837,Kamareddy,24,2023-06-27,0.8,23.0,30.1,71.5,100.0,0.0,15.4,June,2023
3838,Kamareddy,24,2023-06-28,3.3,23.2,31.7,59.5,99.6,0.0,13.4,June,2023
3839,Kamareddy,24,2023-06-29,7.4,23.1,33.3,56.0,100.0,1.3,14.5,June,2023
3840,Kamareddy,24,2023-06-30,0.0,23.8,35.1,53.6,100.0,2.9,13.4,June,2023
3841,Kamareddy,Banswada,2023-06-01,0.0,24.3,42.3,38.7,76.4,0.0,9.7,June,2023
3842,Kamareddy,Banswada,2023-06-02,1.5,26.1,44.1,19.6,61.7,0.0,10.8,June,2023
3843,Kamareddy,Banswada,2023-06-03,0.0,26.0,39.9,18.8,51.8,0.0,10.1,June,2023
3844,Kamareddy,Banswada,2023-06-04,0.0,27.5,40.5,19.9,54.5,0.0,11.4,June,2023
3845,Kamareddy,Banswada,2023-06-05,9.1,22.5,40.1,31.2,96.6,0.0,16.2,June,2023
3846,Kamareddy,Banswada,2023-06-06,0.0,26.7,40.0,33.7,82.1,0.0,6.2,June,2023
3847,Kamareddy,Banswada,2023-06-07,0.0,29.2,42.2,28.7,60.8,0.0,8.1,June,2023
3848,Kamareddy,Banswada,2023-06-08,3.4,27.9,42.2,31.4,71.1,0.0,14.4,June,2023
3849,Kamareddy,Banswada,2023-06-09,0.0,28.9,41.7,32.9,60.1,0.0,11.4,June,2023
3850,Kamareddy,Banswada,2023-06-10,0.0,28.5,41.5,30.8,68.9,0.0,12.8,June,2023
3851,Kamareddy,Banswada,2023-06-11,22.4,23.5,38.2,32.9,100.0,0.0,16.4,June,2023
3852,Kamareddy,Banswada,2023-06-12,1.5,25.9,39.4,44.5,85.5,0.0,14.4,June,2023
3853,Kamareddy,Banswada,2023-06-13,1.5,26.7,40.0,33.9,69.4,0.0,13.6,June,2023
3854,Kamareddy,Banswada,2023-06-14,0.0,27.1,40.5,29.6,71.2,0.0,15.6,June,2023
3855,Kamareddy,Banswada,2023-06-15,0.0,27.0,39.9,34.4,69.6,0.0,14.5,June,2023
3856,Kamareddy,Banswada,2023-06-16,0.0,27.1,40.2,32.8,63.8,0.0,13.2,June,2023
3857,Kamareddy,Banswada,2023-06-17,0.0,28.0,39.4,31.9,66.5,0.0,15.2,June,2023
3858,Kamareddy,Banswada,2023-06-18,0.0,28.2,38.9,36.3,58.6,0.0,14.7,June,2023
3859,Kamareddy,Banswada,2023-06-19,0.0,28.7,37.1,30.4,57.2,0.0,8.4,June,2023
3860,Kamareddy,Banswada,2023-06-20,0.0,27.4,37.5,29.1,56.0,0.0,8.4,June,2023
3861,Kamareddy,Banswada,2023-06-21,0.0,29.4,38.1,27.8,62.1,0.0,14.8,June,2023
3862,Kamareddy,Banswada,2023-06-22,0.0,28.6,39.0,38.1,65.3,0.0,14.0,June,2023
3863,Kamareddy,Banswada,2023-06-23,0.0,27.3,37.2,33.1,76.6,0.0,12.1,June,2023
3864,Kamareddy,Banswada,2023-06-24,3.1,24.7,34.3,47.2,91.8,0.0,4.0,June,2023
3865,Kamareddy,Banswada,2023-06-25,24.8,23.7,33.2,62.3,100.0,0.0,7.2,June,2023
3866,Kamareddy,Banswada,2023-06-26,1.1,25.3,31.7,80.8,100.0,0.0,5.9,June,2023
3867,Kamareddy,Banswada,2023-06-27,0.8,23.6,29.7,66.4,100.0,0.0,2.7,June,2023
3868,Kamareddy,Banswada,2023-06-28,3.4,23.3,29.5,76.4,100.0,0.0,3.4,June,2023
3869,Kamareddy,Banswada,2023-06-29,4.2,24.5,31.8,61.8,100.0,0.0,10.4,June,2023
3870,Kamareddy,Banswada,2023-06-30,0.0,25.1,32.7,61.3,82.9,1.2,7.7,June,2023
3871,Kamareddy,Bhiknur,2023-06-01,0.0,26.9,42.0,31.9,75.8,0.0,8.5,June,2023
3872,Kamareddy,Bhiknur,2023-06-02,0.0,28.2,43.8,28.1,69.9,0.0,6.9,June,2023
3873,Kamareddy,Bhiknur,2023-06-03,0.0,26.9,44.0,14.0,61.7,0.0,7.7,June,2023
3874,Kamareddy,Bhiknur,2023-06-04,0.0,29.5,43.8,21.8,69.9,0.0,8.4,June,2023
3875,Kamareddy,Bhiknur,2023-06-05,0.0,24.6,44.4,20.7,100.0,0.0,14.1,June,2023
3876,Kamareddy,Bhiknur,2023-06-06,0.0,26.9,39.8,36.3,75.8,0.0,6.9,June,2023
3877,Kamareddy,Bhiknur,2023-06-07,0.0,29.5,42.3,34.2,65.6,0.0,7.7,June,2023
3878,Kamareddy,Bhiknur,2023-06-08,0.0,29.5,42.0,34.3,70.6,2.4,14.1,June,2023
3879,Kamareddy,Bhiknur,2023-06-09,0.0,29.5,42.1,27.8,65.9,0.0,10.1,June,2023
3880,Kamareddy,Bhiknur,2023-06-10,0.0,29.5,41.7,39.9,73.7,2.4,10.5,June,2023
3881,Kamareddy,Bhiknur,2023-06-11,2.3,27.3,41.4,41.3,87.4,0.0,13.6,June,2023
3882,Kamareddy,Bhiknur,2023-06-12,0.0,27.5,38.7,41.8,75.4,2.8,11.7,June,2023
3883,Kamareddy,Bhiknur,2023-06-13,0.0,29.5,42.2,39.4,69.9,1.6,10.9,June,2023
3884,Kamareddy,Bhiknur,2023-06-14,0.0,29.5,42.3,27.6,73.1,1.8,13.8,June,2023
3885,Kamareddy,Bhiknur,2023-06-15,0.0,29.5,41.6,31.8,71.1,2.1,14.0,June,2023
3886,Kamareddy,Bhiknur,2023-06-16,0.0,29.5,41.7,29.1,65.1,0.0,9.8,June,2023
3887,Kamareddy,Bhiknur,2023-06-17,0.0,29.5,43.8,31.5,69.9,1.1,9.3,June,2023
3888,Kamareddy,Bhiknur,2023-06-18,0.0,29.9,41.5,33.7,65.3,1.0,12.1,June,2023
3889,Kamareddy,Bhiknur,2023-06-19,0.0,30.1,41.6,40.0,64.8,0.0,8.9,June,2023
3890,Kamareddy,Bhiknur,2023-06-20,0.0,29.5,39.4,32.6,65.6,0.0,7.9,June,2023
3891,Kamareddy,Bhiknur,2023-06-21,0.0,29.5,42.1,32.4,76.4,0.0,7.3,June,2023
3892,Kamareddy,Bhiknur,2023-06-22,0.0,29.5,38.7,34.8,76.9,2.3,13.5,June,2023
3893,Kamareddy,Bhiknur,2023-06-23,0.0,27.9,38.7,39.5,84.5,0.0,10.1,June,2023
3894,Kamareddy,Bhiknur,2023-06-24,0.0,27.0,36.9,49.6,97.8,0.0,5.9,June,2023
3895,Kamareddy,Bhiknur,2023-06-25,9.9,24.7,33.6,64.7,100.0,0.0,8.2,June,2023
3896,Kamareddy,Bhiknur,2023-06-26,28.8,25.3,36.1,63.8,100.0,0.0,7.4,June,2023
3897,Kamareddy,Bhiknur,2023-06-27,0.0,25.5,30.7,72.7,97.6,0.5,9.4,June,2023
3898,Kamareddy,Bhiknur,2023-06-28,11.1,25.0,32.0,72.4,100.0,0.0,8.6,June,2023
3899,Kamareddy,Bhiknur,2023-06-29,20.0,24.9,33.6,70.9,100.0,0.0,8.2,June,2023
3900,Kamareddy,Bhiknur,2023-06-30,0.8,26.9,34.2,64.7,92.0,0.0,8.5,June,2023
3901,Kamareddy,Bibipet,2023-06-01,0.0,24.3,37.9,36.6,78.8,0.0,9.8,June,2023
3902,Kamareddy,Bibipet,2023-06-02,0.0,26.0,38.9,24.9,62.8,0.0,20.6,June,2023
3903,Kamareddy,Bibipet,2023-06-03,0.0,27.3,39.6,23.6,51.2,0.3,14.0,June,2023
3904,Kamareddy,Bibipet,2023-06-04,0.0,28.3,39.0,27.8,59.8,0.0,12.7,June,2023
3905,Kamareddy,Bibipet,2023-06-05,1.5,23.4,38.3,33.5,83.8,1.6,20.8,June,2023
3906,Kamareddy,Bibipet,2023-06-06,0.0,25.1,36.2,35.4,74.5,0.1,17.1,June,2023
3907,Kamareddy,Bibipet,2023-06-07,0.0,28.1,38.5,33.5,60.6,0.0,11.6,June,2023
3908,Kamareddy,Bibipet,2023-06-08,0.5,27.7,38.4,32.2,69.8,4.1,16.8,June,2023
3909,Kamareddy,Bibipet,2023-06-09,0.0,28.2,38.1,30.5,63.2,2.5,16.7,June,2023
3910,Kamareddy,Bibipet,2023-06-10,0.0,27.8,39.2,29.7,69.1,3.1,15.1,June,2023
3911,Kamareddy,Bibipet,2023-06-11,0.0,26.2,37.6,39.6,79.7,4.0,19.2,June,2023
3912,Kamareddy,Bibipet,2023-06-12,0.0,28.1,36.7,40.2,69.9,2.1,16.1,June,2023
3913,Kamareddy,Bibipet,2023-06-13,0.0,27.3,38.0,36.6,63.1,2.8,13.8,June,2023
3914,Kamareddy,Bibipet,2023-06-14,0.0,27.6,37.6,30.1,67.8,3.4,14.4,June,2023
3915,Kamareddy,Bibipet,2023-06-15,0.0,27.8,38.0,31.1,65.7,2.9,17.2,June,2023
3916,Kamareddy,Bibipet,2023-06-16,0.0,27.9,37.6,32.6,59.3,0.0,14.0,June,2023
3917,Kamareddy,Bibipet,2023-06-17,0.0,28.0,38.4,30.1,64.1,0.3,13.5,June,2023
3918,Kamareddy,Bibipet,2023-06-18,0.0,28.6,37.3,36.3,62.7,0.0,16.7,June,2023
3919,Kamareddy,Bibipet,2023-06-19,0.0,28.8,37.8,35.5,60.9,0.0,11.6,June,2023
3920,Kamareddy,Bibipet,2023-06-20,0.0,28.3,36.5,37.9,62.4,0.0,16.1,June,2023
3921,Kamareddy,Bibipet,2023-06-21,0.0,27.6,37.7,36.3,73.7,0.0,14.4,June,2023
3922,Kamareddy,Bibipet,2023-06-22,0.0,26.5,36.7,37.2,79.4,2.6,14.0,June,2023
3923,Kamareddy,Bibipet,2023-06-23,0.0,26.2,35.3,45.2,80.1,0.0,18.9,June,2023
3924,Kamareddy,Bibipet,2023-06-24,6.4,25.2,32.9,52.8,91.4,0.0,10.8,June,2023
3925,Kamareddy,Bibipet,2023-06-25,29.2,22.7,30.9,62.6,96.9,0.0,15.2,June,2023
3926,Kamareddy,Bibipet,2023-06-26,9.7,23.6,30.7,74.0,99.9,0.1,13.2,June,2023
3927,Kamareddy,Bibipet,2023-06-27,0.0,23.6,29.3,74.2,99.9,1.9,17.4,June,2023
3928,Kamareddy,Bibipet,2023-06-28,13.1,23.6,29.7,72.5,97.9,0.0,12.4,June,2023
3929,Kamareddy,Bibipet,2023-06-29,17.6,23.4,32.3,72.5,99.5,0.0,14.3,June,2023
3930,Kamareddy,Bibipet,2023-06-30,1.0,24.1,32.3,63.5,90.2,0.0,14.1,June,2023
3931,Kamareddy,Bichkunda,2023-06-01,0.0,24.4,40.1,27.1,79.2,0.0,5.4,June,2023
3932,Kamareddy,Bichkunda,2023-06-02,0.0,26.5,43.4,12.0,47.3,0.0,9.0,June,2023
3933,Kamareddy,Bichkunda,2023-06-03,0.0,26.0,42.4,11.3,44.6,0.0,13.6,June,2023
3934,Kamareddy,Bichkunda,2023-06-04,0.0,27.5,42.6,13.9,45.1,0.0,11.4,June,2023
3935,Kamareddy,Bichkunda,2023-06-05,3.6,21.4,40.6,21.0,100.0,0.0,12.2,June,2023
3936,Kamareddy,Bichkunda,2023-06-06,0.0,25.8,39.7,21.4,67.6,0.0,13.7,June,2023
3937,Kamareddy,Bichkunda,2023-06-07,0.0,28.8,42.3,15.9,48.7,0.0,11.3,June,2023
3938,Kamareddy,Bichkunda,2023-06-08,0.4,28.4,42.0,16.5,57.2,1.5,11.8,June,2023
3939,Kamareddy,Bichkunda,2023-06-09,0.0,28.9,42.1,16.5,47.7,0.0,18.1,June,2023
3940,Kamareddy,Bichkunda,2023-06-10,5.1,27.2,42.0,18.4,69.0,3.2,14.2,June,2023
3941,Kamareddy,Bichkunda,2023-06-11,28.6,23.7,41.1,23.6,100.0,0.1,13.9,June,2023
3942,Kamareddy,Bichkunda,2023-06-12,12.0,24.6,39.4,29.8,97.6,0.0,8.4,June,2023
3943,Kamareddy,Bichkunda,2023-06-13,0.0,26.8,41.0,22.1,60.6,1.2,10.1,June,2023
3944,Kamareddy,Bichkunda,2023-06-14,0.0,27.5,41.9,15.8,60.3,1.8,10.8,June,2023
3945,Kamareddy,Bichkunda,2023-06-15,0.0,27.1,40.9,20.1,59.3,2.8,11.0,June,2023
3946,Kamareddy,Bichkunda,2023-06-16,0.0,27.7,42.3,19.7,52.8,2.2,10.9,June,2023
3947,Kamareddy,Bichkunda,2023-06-17,0.0,28.2,41.3,17.8,55.6,2.4,11.4,June,2023
3948,Kamareddy,Bichkunda,2023-06-18,0.0,28.8,41.0,21.6,53.2,3.4,11.2,June,2023
3949,Kamareddy,Bichkunda,2023-06-19,0.0,29.0,40.1,21.0,52.3,0.3,9.6,June,2023
3950,Kamareddy,Bichkunda,2023-06-20,0.0,28.6,39.8,20.1,51.4,0.0,10.9,June,2023
3951,Kamareddy,Bichkunda,2023-06-21,0.0,29.5,41.4,19.8,51.8,0.0,10.6,June,2023
3952,Kamareddy,Bichkunda,2023-06-22,0.0,29.0,39.8,22.7,56.7,0.0,9.6,June,2023
3953,Kamareddy,Bichkunda,2023-06-23,0.0,27.7,38.9,25.3,67.6,1.1,11.7,June,2023
3954,Kamareddy,Bichkunda,2023-06-24,0.3,25.9,36.9,32.8,84.8,0.4,14.2,June,2023
3955,Kamareddy,Bichkunda,2023-06-25,26.1,23.6,33.6,50.6,100.0,1.2,10.2,June,2023
3956,Kamareddy,Bichkunda,2023-06-26,0.0,25.8,35.4,45.6,100.0,0.9,11.9,June,2023
3957,Kamareddy,Bichkunda,2023-06-27,0.7,23.8,30.1,57.0,100.0,0.0,14.9,June,2023
3958,Kamareddy,Bichkunda,2023-06-28,3.3,23.6,29.7,74.8,100.0,0.0,10.2,June,2023
3959,Kamareddy,Bichkunda,2023-06-29,1.8,24.2,33.7,50.1,100.0,0.0,8.7,June,2023
3960,Kamareddy,Bichkunda,2023-06-30,0.2,25.0,33.9,47.4,93.1,3.4,9.4,June,2023
3961,Kamareddy,Birkoor,2023-06-01,0.0,24.7,39.4,30.3,82.1,0.0,0.7,June,2023
3962,Kamareddy,Birkoor,2023-06-02,0.0,25.9,40.5,21.0,65.4,0.0,0.7,June,2023
3963,Kamareddy,Birkoor,2023-06-03,0.0,25.7,42.0,20.5,55.6,0.0,0.7,June,2023
3964,Kamareddy,Birkoor,2023-06-04,0.0,27.9,42.0,20.5,57.6,0.0,0.2,June,2023
3965,Kamareddy,Birkoor,2023-06-05,0.0,22.1,40.3,30.6,89.2,0.0,1.0,June,2023
3966,Kamareddy,Birkoor,2023-06-06,0.0,26.8,39.1,28.5,70.5,0.0,0.2,June,2023
3967,Kamareddy,Birkoor,2023-06-07,0.0,28.2,41.6,23.7,53.1,0.0,0.5,June,2023
3968,Kamareddy,Birkoor,2023-06-08,0.7,27.0,41.1,25.1,71.8,0.0,0.7,June,2023
3969,Kamareddy,Birkoor,2023-06-09,0.0,28.3,42.1,23.9,52.2,0.0,1.6,June,2023
3970,Kamareddy,Birkoor,2023-06-10,0.0,27.9,41.4,23.7,62.0,0.0,1.2,June,2023
3971,Kamareddy,Birkoor,2023-06-11,33.0,23.5,39.2,34.0,95.2,0.0,1.6,June,2023
3972,Kamareddy,Birkoor,2023-06-12,2.9,25.3,39.4,34.7,80.1,0.0,0.7,June,2023
3973,Kamareddy,Birkoor,2023-06-13,0.0,26.5,39.6,30.6,61.0,0.0,0.3,June,2023
3974,Kamareddy,Birkoor,2023-06-14,0.0,27.0,40.9,23.7,62.0,0.0,0.9,June,2023
3975,Kamareddy,Birkoor,2023-06-15,0.0,26.9,39.6,25.1,53.6,0.0,2.9,June,2023
3976,Kamareddy,Birkoor,2023-06-16,0.0,27.1,38.1,28.1,59.5,0.0,0.3,June,2023
3977,Kamareddy,Birkoor,2023-06-17,0.0,27.8,40.2,25.8,47.6,0.0,3.4,June,2023
3978,Kamareddy,Birkoor,2023-06-18,0.0,28.2,37.6,32.6,56.9,0.6,13.8,June,2023
3979,Kamareddy,Birkoor,2023-06-19,0.0,28.7,37.1,30.4,57.6,0.0,11.4,June,2023
3980,Kamareddy,Birkoor,2023-06-20,0.0,27.4,38.9,29.0,55.6,0.0,0.6,June,2023
3981,Kamareddy,Birkoor,2023-06-21,0.0,29.1,39.8,29.2,49.8,0.0,0.2,June,2023
3982,Kamareddy,Birkoor,2023-06-22,0.0,28.6,37.4,34.0,65.3,0.0,13.0,June,2023
3983,Kamareddy,Birkoor,2023-06-23,0.0,26.9,39.1,32.7,78.6,0.0,0.7,June,2023
3984,Kamareddy,Birkoor,2023-06-24,8.0,25.3,34.2,42.5,89.2,0.1,8.1,June,2023
3985,Kamareddy,Birkoor,2023-06-25,20.4,23.4,31.4,66.5,99.2,0.0,8.9,June,2023
3986,Kamareddy,Birkoor,2023-06-26,2.2,25.3,32.9,63.0,91.0,0.0,0.1,June,2023
3987,Kamareddy,Birkoor,2023-06-27,1.0,23.6,29.4,64.4,91.0,0.0,1.5,June,2023
3988,Kamareddy,Birkoor,2023-06-28,7.3,23.3,30.5,70.6,89.7,0.0,0.2,June,2023
3989,Kamareddy,Birkoor,2023-06-29,0.0,24.3,32.7,60.0,87.3,0.0,0.2,June,2023
3990,Kamareddy,Birkoor,2023-06-30,0.0,24.8,33.0,53.1,72.9,0.0,1.2,June,2023
3991,Kamareddy,Domakonda,2023-06-01,0.0,25.5,39.5,31.5,73.2,0.0,9.8,June,2023
3992,Kamareddy,Domakonda,2023-06-02,0.0,27.7,40.5,11.4,59.8,0.0,14.3,June,2023
3993,Kamareddy,Domakonda,2023-06-03,0.0,27.9,40.8,11.4,42.1,0.1,13.3,June,2023
3994,Kamareddy,Domakonda,2023-06-04,0.0,28.3,40.0,18.0,54.9,0.0,11.6,June,2023
3995,Kamareddy,Domakonda,2023-06-05,9.0,23.4,39.5,20.7,100.0,0.5,16.2,June,2023
3996,Kamareddy,Domakonda,2023-06-06,0.0,24.8,36.4,36.3,91.9,0.0,12.5,June,2023
3997,Kamareddy,Domakonda,2023-06-07,0.0,27.7,38.6,34.2,66.5,0.0,11.6,June,2023
3998,Kamareddy,Domakonda,2023-06-08,0.0,27.3,39.1,28.5,73.4,2.3,16.9,June,2023
3999,Kamareddy,Domakonda,2023-06-09,0.0,27.5,39.4,25.0,64.1,0.8,13.7,June,2023
4000,Kamareddy,Domakonda,2023-06-10,0.0,27.1,39.6,26.1,72.9,3.1,14.9,June,2023
4001,Kamareddy,Domakonda,2023-06-11,1.8,24.5,38.4,35.2,100.0,1.3,16.8,June,2023
4002,Kamareddy,Domakonda,2023-06-12,0.0,26.8,37.1,39.2,84.2,2.0,15.1,June,2023
4003,Kamareddy,Domakonda,2023-06-13,0.0,27.2,38.8,34.9,63.2,1.5,14.4,June,2023
4004,Kamareddy,Domakonda,2023-06-14,0.0,27.4,38.6,27.2,69.7,1.8,14.8,June,2023
4005,Kamareddy,Domakonda,2023-06-15,0.0,27.0,38.3,29.5,67.0,1.9,15.4,June,2023
4006,Kamareddy,Domakonda,2023-06-16,0.0,27.6,38.4,27.2,58.3,0.0,12.9,June,2023
4007,Kamareddy,Domakonda,2023-06-17,0.0,27.6,38.7,25.2,63.2,0.5,11.8,June,2023
4008,Kamareddy,Domakonda,2023-06-18,0.0,28.4,37.2,34.6,60.8,0.3,13.5,June,2023
4009,Kamareddy,Domakonda,2023-06-19,0.0,28.8,38.1,31.9,59.8,0.0,11.8,June,2023
4010,Kamareddy,Domakonda,2023-06-20,0.0,27.8,37.9,32.6,59.3,0.0,13.3,June,2023
4011,Kamareddy,Domakonda,2023-06-21,0.0,28.0,38.3,31.9,71.1,0.0,10.8,June,2023
4012,Kamareddy,Domakonda,2023-06-22,0.0,26.5,37.1,35.5,81.6,1.6,12.5,June,2023
4013,Kamareddy,Domakonda,2023-06-23,0.0,26.2,35.3,41.6,86.8,0.0,12.3,June,2023
4014,Kamareddy,Domakonda,2023-06-24,0.4,25.4,33.7,49.0,100.0,0.0,9.1,June,2023
4015,Kamareddy,Domakonda,2023-06-25,5.7,22.6,32.9,61.7,100.0,0.0,12.8,June,2023
4016,Kamareddy,Domakonda,2023-06-26,8.2,25.8,33.2,69.8,98.4,0.0,0.1,June,2023
4017,Kamareddy,Domakonda,2023-06-27,0.0,25.0,30.0,73.4,96.9,0.0,0.3,June,2023
4018,Kamareddy,Domakonda,2023-06-28,18.3,25.9,30.9,73.4,97.3,0.0,0.8,June,2023
4019,Kamareddy,Domakonda,2023-06-29,5.1,25.3,33.3,71.7,97.0,0.0,7.7,June,2023
4020,Kamareddy,Domakonda,2023-06-30,0.0,25.7,33.0,66.3,89.9,0.0,2.4,June,2023
4021,Kamareddy,Gandhari,2023-06-01,0.0,22.2,43.4,10.8,85.1,0.0,8.0,June,2023
4022,Kamareddy,Gandhari,2023-06-02,0.0,23.3,43.7,6.0,72.5,0.0,13.4,June,2023
4023,Kamareddy,Gandhari,2023-06-03,0.0,24.7,41.4,7.2,58.6,0.0,15.2,June,2023
4024,Kamareddy,Gandhari,2023-06-04,0.0,25.0,41.7,6.6,66.7,0.0,13.3,June,2023
4025,Kamareddy,Gandhari,2023-06-05,1.9,22.0,40.1,13.3,96.9,0.0,19.0,June,2023
4026,Kamareddy,Gandhari,2023-06-06,0.0,23.1,38.2,17.2,85.0,0.0,13.6,June,2023
4027,Kamareddy,Gandhari,2023-06-07,0.0,26.7,40.7,12.0,70.9,0.0,16.0,June,2023
4028,Kamareddy,Gandhari,2023-06-08,0.0,26.8,40.7,13.3,76.4,0.0,15.5,June,2023
4029,Kamareddy,Gandhari,2023-06-09,0.0,27.5,41.0,12.0,63.4,0.0,16.6,June,2023
4030,Kamareddy,Gandhari,2023-06-10,0.0,26.9,40.9,12.0,76.6,2.3,22.2,June,2023
4031,Kamareddy,Gandhari,2023-06-11,2.4,23.4,39.8,16.7,100.0,0.0,18.1,June,2023
4032,Kamareddy,Gandhari,2023-06-12,0.4,24.5,38.6,24.3,95.8,0.0,14.9,June,2023
4033,Kamareddy,Gandhari,2023-06-13,0.0,26.0,39.4,16.0,72.9,0.0,17.4,June,2023
4034,Kamareddy,Gandhari,2023-06-14,0.0,26.6,39.8,10.6,76.4,0.0,15.4,June,2023
4035,Kamareddy,Gandhari,2023-06-15,0.0,26.1,39.7,13.3,76.8,0.0,16.2,June,2023
4036,Kamareddy,Gandhari,2023-06-16,0.0,26.5,39.3,13.3,69.9,0.0,16.9,June,2023
4037,Kamareddy,Gandhari,2023-06-17,1.0,27.3,40.0,12.0,65.3,0.0,12.7,June,2023
4038,Kamareddy,Gandhari,2023-06-18,0.0,27.8,39.5,16.0,73.0,0.0,14.6,June,2023
4039,Kamareddy,Gandhari,2023-06-19,0.0,28.1,39.0,17.4,70.7,0.0,18.8,June,2023
4040,Kamareddy,Gandhari,2023-06-20,0.0,26.9,38.1,16.5,70.4,0.0,14.5,June,2023
4041,Kamareddy,Gandhari,2023-06-21,0.0,28.5,39.4,15.3,70.7,0.0,14.3,June,2023
4042,Kamareddy,Gandhari,2023-06-22,0.0,26.5,38.9,18.8,83.7,0.0,14.7,June,2023
4043,Kamareddy,Gandhari,2023-06-23,0.0,26.3,36.8,22.5,84.6,0.1,14.9,June,2023
4044,Kamareddy,Gandhari,2023-06-24,0.2,25.0,33.8,28.6,97.1,0.1,13.6,June,2023
4045,Kamareddy,Gandhari,2023-06-25,8.4,22.7,32.5,42.5,100.0,0.0,15.3,June,2023
4046,Kamareddy,Gandhari,2023-06-26,13.4,23.3,32.7,68.7,100.0,0.0,15.5,June,2023
4047,Kamareddy,Gandhari,2023-06-27,1.1,22.9,28.9,68.1,100.0,0.0,15.7,June,2023
4048,Kamareddy,Gandhari,2023-06-28,6.9,23.0,30.6,72.9,100.0,0.0,15.1,June,2023
4049,Kamareddy,Gandhari,2023-06-29,9.4,23.1,32.7,49.9,100.0,0.0,14.6,June,2023
4050,Kamareddy,Gandhari,2023-06-30,0.2,24.0,32.8,62.4,100.0,3.4,18.5,June,2023
4051,Kamareddy,Jukkal,2023-06-01,0.0,26.0,39.6,26.3,61.2,0.0,13.3,June,2023
4052,Kamareddy,Jukkal,2023-06-02,0.0,28.6,40.0,19.3,47.0,0.0,11.9,June,2023
4053,Kamareddy,Jukkal,2023-06-03,0.0,29.8,40.9,21.6,47.3,0.0,12.1,June,2023
4054,Kamareddy,Jukkal,2023-06-04,0.0,28.1,41.4,22.5,50.9,0.0,8.8,June,2023
4055,Kamareddy,Jukkal,2023-06-05,0.0,22.0,39.5,28.1,80.5,0.0,17.5,June,2023
4056,Kamareddy,Jukkal,2023-06-06,0.0,28.4,38.2,31.1,56.1,0.0,11.6,June,2023
4057,Kamareddy,Jukkal,2023-06-07,0.0,30.5,40.8,26.3,50.2,0.0,13.2,June,2023
4058,Kamareddy,Jukkal,2023-06-08,0.7,28.4,40.0,28.8,64.8,0.0,15.3,June,2023
4059,Kamareddy,Jukkal,2023-06-09,0.0,29.1,40.8,25.2,55.3,0.0,14.7,June,2023
4060,Kamareddy,Jukkal,2023-06-10,0.0,28.8,41.2,25.7,64.3,0.1,16.2,June,2023
4061,Kamareddy,Jukkal,2023-06-11,5.4,24.5,39.6,31.7,89.1,0.0,15.2,June,2023
4062,Kamareddy,Jukkal,2023-06-12,14.9,24.3,38.6,36.0,87.4,0.0,17.8,June,2023
4063,Kamareddy,Jukkal,2023-06-13,0.0,27.1,38.9,31.2,63.8,0.0,14.1,June,2023
4064,Kamareddy,Jukkal,2023-06-14,0.0,27.5,39.3,26.3,66.9,1.4,14.8,June,2023
4065,Kamareddy,Jukkal,2023-06-15,0.0,26.9,39.3,30.0,66.3,0.3,16.7,June,2023
4066,Kamareddy,Jukkal,2023-06-16,0.0,27.7,39.4,26.5,59.9,0.0,13.4,June,2023
4067,Kamareddy,Jukkal,2023-06-17,0.0,28.1,39.6,26.9,62.9,4.1,13.0,June,2023
4068,Kamareddy,Jukkal,2023-06-18,0.0,28.6,38.7,32.7,60.6,2.0,14.3,June,2023
4069,Kamareddy,Jukkal,2023-06-19,2.5,26.8,38.6,34.1,73.5,0.0,12.1,June,2023
4070,Kamareddy,Jukkal,2023-06-20,0.0,29.3,38.1,31.3,59.3,0.0,14.5,June,2023
4071,Kamareddy,Jukkal,2023-06-21,0.0,29.6,39.3,27.4,59.0,0.0,16.7,June,2023
4072,Kamareddy,Jukkal,2023-06-22,0.0,30.2,38.6,33.2,59.1,0.0,15.1,June,2023
4073,Kamareddy,Jukkal,2023-06-23,2.1,26.6,37.9,35.5,79.4,0.0,15.4,June,2023
4074,Kamareddy,Jukkal,2023-06-24,3.0,24.9,36.2,40.3,89.8,0.0,9.3,June,2023
4075,Kamareddy,Jukkal,2023-06-25,5.0,23.9,33.4,55.9,92.2,0.0,12.2,June,2023
4076,Kamareddy,Jukkal,2023-06-26,0.5,25.6,32.8,50.2,83.3,0.0,12.9,June,2023
4077,Kamareddy,Jukkal,2023-06-27,0.0,24.0,30.7,57.1,92.9,0.0,17.4,June,2023
4078,Kamareddy,Jukkal,2023-06-28,4.0,23.7,32.9,52.8,94.7,0.0,11.1,June,2023
4079,Kamareddy,Jukkal,2023-06-29,6.7,24.5,32.7,58.6,92.5,0.0,12.5,June,2023
4080,Kamareddy,Jukkal,2023-06-30,0.0,24.9,33.0,52.4,78.8,0.1,13.2,June,2023
4081,Kamareddy,Kamareddy,2023-06-01,0.0,26.1,40.0,23.8,71.1,4.0,11.1,June,2023
4082,Kamareddy,Kamareddy,2023-06-02,0.0,28.3,40.3,15.4,63.4,4.4,15.3,June,2023
4083,Kamareddy,Kamareddy,2023-06-03,0.0,28.8,41.5,16.7,55.4,4.9,18.9,June,2023
4084,Kamareddy,Kamareddy,2023-06-04,0.0,28.5,39.8,20.6,64.4,0.0,13.6,June,2023
4085,Kamareddy,Kamareddy,2023-06-05,2.6,24.3,41.6,21.8,90.1,6.8,13.8,June,2023
4086,Kamareddy,Kamareddy,2023-06-06,0.0,27.9,38.7,26.1,76.4,3.6,13.5,June,2023
4087,Kamareddy,Kamareddy,2023-06-07,0.0,29.1,39.1,24.4,66.0,0.0,15.5,June,2023
4088,Kamareddy,Kamareddy,2023-06-08,0.0,27.8,39.8,20.6,72.6,11.3,19.8,June,2023
4089,Kamareddy,Kamareddy,2023-06-09,0.0,28.2,40.0,19.7,70.1,0.0,14.4,June,2023
4090,Kamareddy,Kamareddy,2023-06-10,0.0,28.2,39.9,22.5,71.4,3.7,19.2,June,2023
4091,Kamareddy,Kamareddy,2023-06-11,4.2,23.4,39.1,31.2,90.3,6.2,17.7,June,2023
4092,Kamareddy,Kamareddy,2023-06-12,0.0,26.8,38.7,31.9,76.4,1.0,17.6,June,2023
4093,Kamareddy,Kamareddy,2023-06-13,0.0,27.1,39.7,27.0,63.9,8.6,18.6,June,2023
4094,Kamareddy,Kamareddy,2023-06-14,0.0,27.1,39.9,19.3,71.7,8.4,16.2,June,2023
4095,Kamareddy,Kamareddy,2023-06-15,0.0,26.9,39.9,23.1,70.2,0.8,14.9,June,2023
4096,Kamareddy,Kamareddy,2023-06-16,0.0,27.5,40.0,21.8,63.8,0.0,14.8,June,2023
4097,Kamareddy,Kamareddy,2023-06-17,0.0,27.5,39.9,21.2,70.4,5.3,32.7,June,2023
4098,Kamareddy,Kamareddy,2023-06-18,0.0,28.1,40.0,28.3,66.5,1.1,11.6,June,2023
4099,Kamareddy,Kamareddy,2023-06-19,0.0,28.5,39.1,28.3,70.4,6.0,28.4,June,2023
4100,Kamareddy,Kamareddy,2023-06-20,0.0,28.7,39.9,27.4,65.0,5.3,43.5,June,2023
4101,Kamareddy,Kamareddy,2023-06-21,0.0,29.0,39.5,26.4,72.6,3.1,14.2,June,2023
4102,Kamareddy,Kamareddy,2023-06-22,0.0,27.1,39.6,27.0,77.9,1.8,14.8,June,2023
4103,Kamareddy,Kamareddy,2023-06-23,0.0,26.4,36.9,33.1,83.7,2.3,12.7,June,2023
4104,Kamareddy,Kamareddy,2023-06-24,0.5,25.4,36.1,37.4,97.3,0.1,10.5,June,2023
4105,Kamareddy,Kamareddy,2023-06-25,35.9,23.0,33.6,53.4,100.0,4.0,31.6,June,2023
4106,Kamareddy,Kamareddy,2023-06-26,10.6,23.4,33.6,61.4,100.0,3.6,16.0,June,2023
4107,Kamareddy,Kamareddy,2023-06-27,1.1,23.1,32.0,58.6,100.0,4.0,17.1,June,2023
4108,Kamareddy,Kamareddy,2023-06-28,1.9,23.4,32.7,52.4,100.0,1.9,18.4,June,2023
4109,Kamareddy,Kamareddy,2023-06-29,7.8,23.4,33.6,53.4,100.0,3.1,13.2,June,2023
4110,Kamareddy,Kamareddy,2023-06-30,0.0,24.2,33.6,56.2,93.7,2.0,23.0,June,2023
4111,Kamareddy,Lingampet,2023-06-01,0.0,23.8,38.0,19.8,88.5,0.0,5.1,June,2023
4112,Kamareddy,Lingampet,2023-06-02,0.0,25.4,39.5,14.0,74.1,0.0,13.4,June,2023
4113,Kamareddy,Lingampet,2023-06-03,0.0,26.0,41.3,12.9,47.3,0.0,8.7,June,2023
4114,Kamareddy,Lingampet,2023-06-04,0.0,27.4,40.7,14.7,65.9,0.0,13.7,June,2023
4115,Kamareddy,Lingampet,2023-06-05,0.0,23.0,39.8,21.4,89.5,0.0,16.6,June,2023
4116,Kamareddy,Lingampet,2023-06-06,0.0,24.9,37.0,23.2,74.4,0.0,9.4,June,2023
4117,Kamareddy,Lingampet,2023-06-07,0.0,28.2,39.5,18.7,62.1,0.0,10.2,June,2023
4118,Kamareddy,Lingampet,2023-06-08,0.0,27.9,40.2,18.0,62.0,0.0,14.3,June,2023
4119,Kamareddy,Lingampet,2023-06-09,0.0,27.9,40.3,18.0,52.9,0.0,6.6,June,2023
4120,Kamareddy,Lingampet,2023-06-10,0.0,27.6,40.8,17.4,60.6,0.8,12.3,June,2023
4121,Kamareddy,Lingampet,2023-06-11,3.2,24.2,38.9,25.4,100.0,0.0,10.4,June,2023
4122,Kamareddy,Lingampet,2023-06-12,0.0,25.5,37.2,35.7,84.0,0.0,10.4,June,2023
4123,Kamareddy,Lingampet,2023-06-13,0.0,26.5,38.9,22.7,57.2,0.0,15.7,June,2023
4124,Kamareddy,Lingampet,2023-06-14,0.0,26.8,39.9,16.7,65.9,0.0,7.9,June,2023
4125,Kamareddy,Lingampet,2023-06-15,0.0,26.7,39.2,19.4,62.5,0.0,9.1,June,2023
4126,Kamareddy,Lingampet,2023-06-16,0.0,27.1,39.1,16.0,62.7,0.0,15.6,June,2023
4127,Kamareddy,Lingampet,2023-06-17,0.0,27.3,39.4,17.4,58.2,0.0,11.0,June,2023
4128,Kamareddy,Lingampet,2023-06-18,0.0,28.2,38.9,22.1,63.6,0.0,7.7,June,2023
4129,Kamareddy,Lingampet,2023-06-19,0.0,28.7,39.0,21.4,58.3,0.0,18.8,June,2023
4130,Kamareddy,Lingampet,2023-06-20,0.0,27.0,38.4,22.7,60.1,0.0,14.5,June,2023
4131,Kamareddy,Lingampet,2023-06-21,0.0,28.9,38.8,21.9,59.1,0.0,14.1,June,2023
4132,Kamareddy,Lingampet,2023-06-22,0.0,26.5,37.9,25.8,76.4,0.0,14.7,June,2023
4133,Kamareddy,Lingampet,2023-06-23,0.0,26.1,35.9,29.8,77.3,0.0,9.1,June,2023
4134,Kamareddy,Lingampet,2023-06-24,2.2,24.6,33.9,37.1,100.0,0.1,9.5,June,2023
4135,Kamareddy,Lingampet,2023-06-25,10.4,23.0,31.7,70.2,100.0,0.0,11.6,June,2023
4136,Kamareddy,Lingampet,2023-06-26,28.1,23.2,31.7,68.4,100.0,0.0,12.6,June,2023
4137,Kamareddy,Lingampet,2023-06-27,0.0,23.6,29.6,71.8,100.0,0.0,14.3,June,2023
4138,Kamareddy,Lingampet,2023-06-28,5.0,23.5,30.7,71.7,100.0,0.0,2.4,June,2023
4139,Kamareddy,Lingampet,2023-06-29,0.0,23.4,32.0,70.2,100.0,0.0,10.5,June,2023
4140,Kamareddy,Lingampet,2023-06-30,0.0,24.7,33.0,54.7,87.0,1.1,7.5,June,2023
4141,Kamareddy,Machareddy,2023-06-01,0.0,24.2,37.2,35.2,77.0,0.0,11.6,June,2023
4142,Kamareddy,Machareddy,2023-06-02,0.0,25.1,39.3,22.1,70.1,0.0,12.3,June,2023
4143,Kamareddy,Machareddy,2023-06-03,0.0,27.1,40.3,23.2,55.1,0.0,17.7,June,2023
4144,Kamareddy,Machareddy,2023-06-04,0.0,27.6,42.6,25.7,64.8,0.0,15.6,June,2023
4145,Kamareddy,Machareddy,2023-06-05,0.0,23.0,40.5,29.7,82.3,0.0,18.4,June,2023
4146,Kamareddy,Machareddy,2023-06-06,0.0,23.8,37.4,34.0,78.6,0.0,14.9,June,2023
4147,Kamareddy,Machareddy,2023-06-07,0.0,26.4,39.6,31.6,67.7,0.0,22.4,June,2023
4148,Kamareddy,Machareddy,2023-06-08,0.0,27.9,39.4,32.8,67.3,0.0,13.7,June,2023
4149,Kamareddy,Machareddy,2023-06-09,0.0,27.8,40.2,29.5,63.5,0.0,13.3,June,2023
4150,Kamareddy,Machareddy,2023-06-10,0.0,27.7,39.9,25.7,67.6,0.0,15.0,June,2023
4151,Kamareddy,Machareddy,2023-06-11,0.0,24.5,38.7,37.0,83.0,0.0,14.6,June,2023
4152,Kamareddy,Machareddy,2023-06-12,0.0,27.2,37.6,37.5,71.3,0.0,16.7,June,2023
4153,Kamareddy,Machareddy,2023-06-13,0.0,27.5,38.4,35.2,60.8,0.0,14.0,June,2023
4154,Kamareddy,Machareddy,2023-06-14,0.0,27.7,39.2,30.3,66.1,0.0,15.4,June,2023
4155,Kamareddy,Machareddy,2023-06-15,0.0,27.4,39.2,30.6,64.7,0.8,12.5,June,2023
4156,Kamareddy,Machareddy,2023-06-16,0.0,27.9,38.3,31.4,58.7,0.0,12.7,June,2023
4157,Kamareddy,Machareddy,2023-06-17,0.0,27.8,39.1,30.0,63.6,0.0,13.3,June,2023
4158,Kamareddy,Machareddy,2023-06-18,0.0,28.7,38.5,36.3,59.9,0.0,12.9,June,2023
4159,Kamareddy,Machareddy,2023-06-19,0.0,28.4,38.2,35.5,60.8,0.0,14.1,June,2023
4160,Kamareddy,Machareddy,2023-06-20,0.0,26.2,37.7,35.9,64.8,0.0,9.8,June,2023
4161,Kamareddy,Machareddy,2023-06-21,0.0,28.4,38.5,35.2,69.6,0.0,15.0,June,2023
4162,Kamareddy,Machareddy,2023-06-22,0.0,27.0,38.4,35.4,74.7,0.0,13.1,June,2023
4163,Kamareddy,Machareddy,2023-06-23,0.0,26.9,35.1,42.9,74.3,0.0,15.2,June,2023
4164,Kamareddy,Machareddy,2023-06-24,0.5,25.5,33.4,49.3,91.9,0.0,11.0,June,2023
4165,Kamareddy,Machareddy,2023-06-25,4.9,23.0,31.0,66.4,95.5,0.0,9.0,June,2023
4166,Kamareddy,Machareddy,2023-06-26,3.1,23.9,30.8,71.6,100.0,0.0,14.0,June,2023
4167,Kamareddy,Machareddy,2023-06-27,0.0,22.7,28.4,85.3,100.0,0.0,11.6,June,2023
4168,Kamareddy,Machareddy,2023-06-28,5.9,23.9,31.0,68.4,95.9,0.0,6.5,June,2023
4169,Kamareddy,Machareddy,2023-06-29,10.2,23.7,33.0,61.5,99.1,0.0,10.9,June,2023
4170,Kamareddy,Machareddy,2023-06-30,0.0,24.3,32.9,60.9,86.4,0.0,12.9,June,2023
4171,Kamareddy,Madnur,2023-06-01,0.0,26.3,40.7,23.5,64.4,0.0,10.1,June,2023
4172,Kamareddy,Madnur,2023-06-02,0.0,28.6,41.4,16.1,55.0,0.0,9.6,June,2023
4173,Kamareddy,Madnur,2023-06-03,0.0,30.1,41.0,19.9,58.6,0.0,8.6,June,2023
4174,Kamareddy,Madnur,2023-06-04,0.0,28.9,41.5,20.9,62.6,0.0,14.2,June,2023
4175,Kamareddy,Madnur,2023-06-05,0.0,22.8,40.4,26.3,83.1,0.0,14.6,June,2023
4176,Kamareddy,Madnur,2023-06-06,0.0,28.0,39.2,28.0,70.4,0.0,9.4,June,2023
4177,Kamareddy,Madnur,2023-06-07,1.4,27.9,40.3,22.0,77.0,0.0,9.2,June,2023
4178,Kamareddy,Madnur,2023-06-08,0.0,28.6,40.6,25.2,72.0,0.3,16.5,June,2023
4179,Kamareddy,Madnur,2023-06-09,0.0,28.9,40.8,23.2,50.9,0.0,11.5,June,2023
4180,Kamareddy,Madnur,2023-06-10,1.8,27.6,40.4,25.0,69.1,0.0,16.1,June,2023
4181,Kamareddy,Madnur,2023-06-11,5.1,24.5,39.7,31.2,99.2,0.0,13.5,June,2023
4182,Kamareddy,Madnur,2023-06-12,0.0,26.7,38.7,34.2,84.3,0.0,12.9,June,2023
4183,Kamareddy,Madnur,2023-06-13,0.0,27.7,39.5,26.2,70.7,0.0,15.2,June,2023
4184,Kamareddy,Madnur,2023-06-14,0.0,27.2,40.5,23.0,63.1,0.0,16.5,June,2023
4185,Kamareddy,Madnur,2023-06-15,1.2,27.1,40.0,24.8,73.5,0.0,13.6,June,2023
4186,Kamareddy,Madnur,2023-06-16,0.0,27.3,39.8,24.9,65.3,0.0,11.9,June,2023
4187,Kamareddy,Madnur,2023-06-17,0.0,28.3,40.1,25.5,70.7,0.0,13.9,June,2023
4188,Kamareddy,Madnur,2023-06-18,0.0,28.2,39.4,28.2,70.9,2.2,12.1,June,2023
4189,Kamareddy,Madnur,2023-06-19,0.0,27.8,39.3,29.5,70.4,0.9,11.5,June,2023
4190,Kamareddy,Madnur,2023-06-20,0.0,28.9,38.9,27.7,70.4,0.0,13.2,June,2023
4191,Kamareddy,Madnur,2023-06-21,0.0,29.8,39.7,27.0,70.4,0.0,13.4,June,2023
4192,Kamareddy,Madnur,2023-06-22,0.0,28.9,38.9,30.3,70.5,0.2,9.8,June,2023
4193,Kamareddy,Madnur,2023-06-23,0.3,28.4,38.7,32.3,85.1,0.0,16.7,June,2023
4194,Kamareddy,Madnur,2023-06-24,4.5,25.3,37.0,37.9,93.1,0.1,9.3,June,2023
4195,Kamareddy,Madnur,2023-06-25,37.5,23.6,33.6,59.0,99.9,0.0,14.8,June,2023
4196,Kamareddy,Madnur,2023-06-26,0.0,25.2,33.2,53.0,93.9,1.6,13.4,June,2023
4197,Kamareddy,Madnur,2023-06-27,1.7,23.5,29.3,59.5,97.0,0.0,11.1,June,2023
4198,Kamareddy,Madnur,2023-06-28,3.4,23.2,30.1,64.0,91.7,0.6,13.0,June,2023
4199,Kamareddy,Madnur,2023-06-29,1.6,24.1,33.0,57.2,95.1,0.0,11.1,June,2023
4200,Kamareddy,Madnur,2023-06-30,0.0,24.4,33.3,49.4,78.8,6.7,15.2,June,2023
4201,Kamareddy,Naga_Reddipet,2023-06-01,0.0,23.5,39.1,18.9,85.8,0.0,7.4,June,2023
4202,Kamareddy,Naga_Reddipet,2023-06-02,0.0,25.4,40.6,11.7,72.6,0.0,4.6,June,2023
4203,Kamareddy,Naga_Reddipet,2023-06-03,0.0,25.4,41.0,13.7,54.6,0.0,11.4,June,2023
4204,Kamareddy,Naga_Reddipet,2023-06-04,1.9,25.4,39.4,21.7,73.1,0.0,4.0,June,2023
4205,Kamareddy,Naga_Reddipet,2023-06-05,0.0,22.1,40.0,21.9,89.9,0.0,4.7,June,2023
4206,Kamareddy,Naga_Reddipet,2023-06-06,0.0,25.7,37.6,23.7,67.2,0.0,6.3,June,2023
4207,Kamareddy,Naga_Reddipet,2023-06-07,5.7,27.7,40.1,20.3,61.0,0.0,15.3,June,2023
4208,Kamareddy,Naga_Reddipet,2023-06-08,0.0,27.6,39.5,23.0,61.5,0.0,14.3,June,2023
4209,Kamareddy,Naga_Reddipet,2023-06-09,0.0,27.9,39.8,21.2,55.1,0.0,7.0,June,2023
4210,Kamareddy,Naga_Reddipet,2023-06-10,0.0,27.4,39.8,19.8,63.9,0.0,14.2,June,2023
4211,Kamareddy,Naga_Reddipet,2023-06-11,0.3,24.2,38.3,27.7,89.3,0.0,14.3,June,2023
4212,Kamareddy,Naga_Reddipet,2023-06-12,0.0,26.1,37.5,36.3,69.9,0.0,1.1,June,2023
4213,Kamareddy,Naga_Reddipet,2023-06-13,0.0,27.1,38.7,25.7,57.0,0.0,7.7,June,2023
4214,Kamareddy,Naga_Reddipet,2023-06-14,0.0,27.2,39.0,18.3,62.4,0.0,8.4,June,2023
4215,Kamareddy,Naga_Reddipet,2023-06-15,6.1,24.4,38.9,22.3,74.1,0.0,7.6,June,2023
4216,Kamareddy,Naga_Reddipet,2023-06-16,0.0,26.7,38.0,24.1,57.5,0.0,1.3,June,2023
4217,Kamareddy,Naga_Reddipet,2023-06-17,0.0,27.6,38.9,21.7,58.0,0.0,9.9,June,2023
4218,Kamareddy,Naga_Reddipet,2023-06-18,0.0,28.4,38.4,25.7,53.6,0.0,3.4,June,2023
4219,Kamareddy,Naga_Reddipet,2023-06-19,0.0,28.9,38.6,24.3,53.6,0.0,5.9,June,2023
4220,Kamareddy,Naga_Reddipet,2023-06-20,0.0,27.4,37.6,27.4,55.6,0.0,3.5,June,2023
4221,Kamareddy,Naga_Reddipet,2023-06-21,0.0,28.8,38.4,25.0,57.0,0.0,8.2,June,2023
4222,Kamareddy,Naga_Reddipet,2023-06-22,7.8,25.1,39.0,28.4,85.1,0.0,8.4,June,2023
4223,Kamareddy,Naga_Reddipet,2023-06-23,6.5,24.6,35.9,32.8,91.7,0.0,14.4,June,2023
4224,Kamareddy,Naga_Reddipet,2023-06-24,8.9,24.3,32.9,47.5,100.0,1.1,16.0,June,2023
4225,Kamareddy,Naga_Reddipet,2023-06-25,3.5,23.3,32.2,73.8,100.0,0.0,5.7,June,2023
4226,Kamareddy,Naga_Reddipet,2023-06-26,20.8,23.7,32.1,63.5,100.0,0.0,0.9,June,2023
4227,Kamareddy,Naga_Reddipet,2023-06-27,1.3,24.1,30.2,84.7,100.0,0.0,5.2,June,2023
4228,Kamareddy,Naga_Reddipet,2023-06-28,5.1,23.7,30.7,83.8,100.0,0.0,4.9,June,2023
4229,Kamareddy,Naga_Reddipet,2023-06-29,13.6,23.7,31.6,70.2,100.0,0.0,10.2,June,2023
4230,Kamareddy,Naga_Reddipet,2023-06-30,3.8,24.5,32.4,66.5,100.0,0.0,8.1,June,2023
4231,Kamareddy,Nasurullabad,2023-06-01,0.0,24.1,39.2,27.4,84.0,0.0,13.2,June,2023
4232,Kamareddy,Nasurullabad,2023-06-02,0.0,23.7,41.5,18.6,75.8,0.0,15.4,June,2023
4233,Kamareddy,Nasurullabad,2023-06-03,0.0,25.6,41.4,19.3,63.0,0.0,22.0,June,2023
4234,Kamareddy,Nasurullabad,2023-06-04,0.0,26.8,41.2,20.7,61.6,0.0,16.2,June,2023
4235,Kamareddy,Nasurullabad,2023-06-05,19.0,22.4,39.9,29.6,97.6,0.0,20.7,June,2023
4236,Kamareddy,Nasurullabad,2023-06-06,0.0,24.6,37.7,30.9,87.4,0.0,17.8,June,2023
4237,Kamareddy,Nasurullabad,2023-06-07,0.2,25.4,40.7,26.1,78.8,0.0,19.5,June,2023
4238,Kamareddy,Nasurullabad,2023-06-08,3.7,25.9,40.2,27.7,77.4,0.0,17.9,June,2023
4239,Kamareddy,Nasurullabad,2023-06-09,0.0,26.1,39.6,30.2,66.7,0.0,17.4,June,2023
4240,Kamareddy,Nasurullabad,2023-06-10,0.0,27.0,40.0,26.7,71.4,0.0,18.9,June,2023
4241,Kamareddy,Nasurullabad,2023-06-11,21.4,22.8,38.9,30.9,96.2,0.0,22.0,June,2023
4242,Kamareddy,Nasurullabad,2023-06-12,21.9,23.3,38.2,39.3,97.5,0.0,24.1,June,2023
4243,Kamareddy,Nasurullabad,2023-06-13,0.0,24.3,38.5,33.0,83.2,0.0,14.4,June,2023
4244,Kamareddy,Nasurullabad,2023-06-14,0.0,25.3,39.6,26.7,78.4,0.4,15.7,June,2023
4245,Kamareddy,Nasurullabad,2023-06-15,0.0,25.6,38.8,28.9,74.2,3.5,19.5,June,2023
4246,Kamareddy,Nasurullabad,2023-06-16,0.0,26.5,39.1,26.7,67.7,0.0,19.7,June,2023
4247,Kamareddy,Nasurullabad,2023-06-17,0.0,27.1,39.8,27.4,66.7,5.7,16.7,June,2023
4248,Kamareddy,Nasurullabad,2023-06-18,0.0,27.6,38.3,32.4,65.3,0.0,17.1,June,2023
4249,Kamareddy,Nasurullabad,2023-06-19,0.0,27.7,39.0,32.4,69.4,0.0,17.4,June,2023
4250,Kamareddy,Nasurullabad,2023-06-20,0.0,26.6,38.0,30.7,70.2,0.0,20.3,June,2023
4251,Kamareddy,Nasurullabad,2023-06-21,0.0,28.3,39.5,31.7,66.8,0.0,17.8,June,2023
4252,Kamareddy,Nasurullabad,2023-06-22,0.0,27.2,38.6,33.7,81.2,0.0,19.2,June,2023
4253,Kamareddy,Nasurullabad,2023-06-23,0.5,26.0,36.9,38.4,91.7,0.0,21.9,June,2023
4254,Kamareddy,Nasurullabad,2023-06-24,8.1,24.9,34.5,43.3,94.8,0.0,14.5,June,2023
4255,Kamareddy,Nasurullabad,2023-06-25,59.4,23.1,31.8,66.3,98.5,0.0,13.3,June,2023
4256,Kamareddy,Nasurullabad,2023-06-26,5.3,24.8,32.9,59.7,93.1,0.0,15.1,June,2023
4257,Kamareddy,Nasurullabad,2023-06-27,1.7,23.9,28.7,67.2,98.9,0.0,25.3,June,2023
4258,Kamareddy,Nasurullabad,2023-06-28,5.9,23.3,29.9,71.5,98.4,0.0,16.0,June,2023
4259,Kamareddy,Nasurullabad,2023-06-29,0.5,24.3,32.5,61.8,94.5,0.0,14.9,June,2023
4260,Kamareddy,Nasurullabad,2023-06-30,0.0,24.6,32.4,59.2,84.1,3.7,19.9,June,2023
4261,Kamareddy,Nizamsagar,2023-06-01,0.0,24.0,42.4,19.0,76.4,0.0,7.1,June,2023
4262,Kamareddy,Nizamsagar,2023-06-02,0.0,25.6,43.9,15.1,70.0,0.0,8.0,June,2023
4263,Kamareddy,Nizamsagar,2023-06-03,0.0,27.0,43.3,15.5,65.7,0.0,16.8,June,2023
4264,Kamareddy,Nizamsagar,2023-06-04,0.3,28.0,42.7,17.7,65.2,0.0,10.0,June,2023
4265,Kamareddy,Nizamsagar,2023-06-05,1.9,22.4,41.1,23.8,99.9,0.0,13.9,June,2023
4266,Kamareddy,Nizamsagar,2023-06-06,0.0,26.8,39.8,26.1,84.9,0.0,20.1,June,2023
4267,Kamareddy,Nizamsagar,2023-06-07,0.0,28.0,41.3,15.4,71.8,0.0,18.9,June,2023
4268,Kamareddy,Nizamsagar,2023-06-08,0.0,28.2,41.7,24.9,70.4,0.0,18.5,June,2023
4269,Kamareddy,Nizamsagar,2023-06-09,0.0,28.2,41.9,19.6,62.7,0.0,31.7,June,2023
4270,Kamareddy,Nizamsagar,2023-06-10,0.0,28.2,41.7,23.5,60.9,10.0,14.8,June,2023
4271,Kamareddy,Nizamsagar,2023-06-11,4.2,23.6,41.2,24.1,92.3,0.0,18.3,June,2023
4272,Kamareddy,Nizamsagar,2023-06-12,0.3,25.0,38.2,34.9,93.1,0.0,14.8,June,2023
4273,Kamareddy,Nizamsagar,2023-06-13,0.0,26.9,41.4,27.2,64.0,0.0,29.4,June,2023
4274,Kamareddy,Nizamsagar,2023-06-14,0.0,27.1,41.9,21.2,67.3,0.0,24.2,June,2023
4275,Kamareddy,Nizamsagar,2023-06-15,0.5,26.7,41.1,23.7,73.5,0.0,18.0,June,2023
4276,Kamareddy,Nizamsagar,2023-06-16,0.0,27.3,41.3,22.1,59.4,0.0,32.5,June,2023
4277,Kamareddy,Nizamsagar,2023-06-17,2.2,25.0,41.4,21.6,82.0,0.0,30.8,June,2023
4278,Kamareddy,Nizamsagar,2023-06-18,0.0,28.2,41.0,27.2,62.9,0.0,23.1,June,2023
4279,Kamareddy,Nizamsagar,2023-06-19,0.0,28.8,40.3,26.4,58.9,0.0,30.3,June,2023
4280,Kamareddy,Nizamsagar,2023-06-20,0.0,27.5,39.8,27.1,60.4,0.0,12.5,June,2023
4281,Kamareddy,Nizamsagar,2023-06-21,0.0,29.2,40.6,25.7,57.4,0.0,14.4,June,2023
4282,Kamareddy,Nizamsagar,2023-06-22,0.0,28.3,40.1,29.9,67.2,0.0,9.6,June,2023
4283,Kamareddy,Nizamsagar,2023-06-23,0.2,26.5,37.1,32.9,78.2,0.0,32.6,June,2023
4284,Kamareddy,Nizamsagar,2023-06-24,12.7,24.5,35.6,40.6,99.2,0.0,13.7,June,2023
4285,Kamareddy,Nizamsagar,2023-06-25,0.5,23.8,32.3,63.8,100.0,0.0,13.0,June,2023
4286,Kamareddy,Nizamsagar,2023-06-26,23.6,24.1,32.9,55.3,100.0,0.0,12.5,June,2023
4287,Kamareddy,Nizamsagar,2023-06-27,0.3,23.7,30.0,59.9,100.0,0.0,17.9,June,2023
4288,Kamareddy,Nizamsagar,2023-06-28,2.9,23.6,31.4,58.4,100.0,0.0,8.6,June,2023
4289,Kamareddy,Nizamsagar,2023-06-29,1.4,24.0,34.6,48.0,100.0,0.0,16.7,June,2023
4290,Kamareddy,Nizamsagar,2023-06-30,0.0,24.7,33.0,49.3,93.3,0.0,8.6,June,2023
4291,Kamareddy,Pedda Kodapgal,2023-06-01,0.0,26.5,38.8,23.9,60.7,0.0,8.1,June,2023
4292,Kamareddy,Pedda Kodapgal,2023-06-02,0.0,29.2,39.7,14.4,46.3,0.0,9.2,June,2023
4293,Kamareddy,Pedda Kodapgal,2023-06-03,0.0,29.0,39.4,15.1,43.4,0.0,14.2,June,2023
4294,Kamareddy,Pedda Kodapgal,2023-06-04,0.0,28.9,39.4,17.2,46.3,0.0,11.9,June,2023
4295,Kamareddy,Pedda Kodapgal,2023-06-05,7.5,21.8,38.4,24.2,100.0,0.0,10.6,June,2023
4296,Kamareddy,Pedda Kodapgal,2023-06-06,0.0,26.7,36.1,45.7,77.6,0.0,9.0,June,2023
4297,Kamareddy,Pedda Kodapgal,2023-06-07,0.0,29.3,38.2,37.4,65.2,1.7,17.7,June,2023
4298,Kamareddy,Pedda Kodapgal,2023-06-08,0.0,27.9,38.4,36.7,72.8,1.5,10.1,June,2023
4299,Kamareddy,Pedda Kodapgal,2023-06-09,0.0,28.5,38.6,37.2,64.7,0.0,12.9,June,2023
4300,Kamareddy,Pedda Kodapgal,2023-06-10,0.0,28.1,38.8,36.0,73.9,1.0,12.6,June,2023
4301,Kamareddy,Pedda Kodapgal,2023-06-11,5.0,23.6,39.6,40.7,100.0,0.0,13.3,June,2023
4302,Kamareddy,Pedda Kodapgal,2023-06-12,9.5,25.1,35.2,40.2,100.0,0.0,6.4,June,2023
4303,Kamareddy,Pedda Kodapgal,2023-06-13,0.0,26.6,38.3,27.6,83.7,0.3,7.4,June,2023
4304,Kamareddy,Pedda Kodapgal,2023-06-14,0.0,27.2,39.6,17.8,85.1,0.9,7.7,June,2023
4305,Kamareddy,Pedda Kodapgal,2023-06-15,0.0,26.9,38.7,23.6,83.7,2.6,7.6,June,2023
4306,Kamareddy,Pedda Kodapgal,2023-06-16,0.0,27.4,39.6,20.7,72.3,0.0,8.3,June,2023
4307,Kamareddy,Pedda Kodapgal,2023-06-17,0.0,27.9,39.4,18.5,76.6,0.8,10.5,June,2023
4308,Kamareddy,Pedda Kodapgal,2023-06-18,0.0,29.0,39.8,27.5,71.0,1.5,9.0,June,2023
4309,Kamareddy,Pedda Kodapgal,2023-06-19,0.0,28.8,38.9,35.7,76.5,0.0,15.0,June,2023
4310,Kamareddy,Pedda Kodapgal,2023-06-20,0.0,29.2,38.9,23.4,70.9,0.0,10.7,June,2023
4311,Kamareddy,Pedda Kodapgal,2023-06-21,0.0,29.3,39.2,22.1,70.5,0.0,13.3,June,2023
4312,Kamareddy,Pedda Kodapgal,2023-06-22,0.0,29.0,37.8,25.7,60.6,0.4,10.2,June,2023
4313,Kamareddy,Pedda Kodapgal,2023-06-23,2.4,27.1,37.4,26.8,74.4,0.0,11.3,June,2023
4314,Kamareddy,Pedda Kodapgal,2023-06-24,7.4,25.8,36.3,34.3,99.9,0.0,11.4,June,2023
4315,Kamareddy,Pedda Kodapgal,2023-06-25,2.1,23.3,32.9,75.5,100.0,0.0,7.0,June,2023
4316,Kamareddy,Pedda Kodapgal,2023-06-26,2.1,25.7,34.0,53.8,99.9,0.0,5.6,June,2023
4317,Kamareddy,Pedda Kodapgal,2023-06-27,0.0,23.6,29.3,58.5,99.9,0.0,7.6,June,2023
4318,Kamareddy,Pedda Kodapgal,2023-06-28,1.7,23.5,29.9,87.1,99.9,0.0,5.5,June,2023
4319,Kamareddy,Pedda Kodapgal,2023-06-29,3.7,24.0,32.6,61.6,99.9,0.0,12.0,June,2023
4320,Kamareddy,Pedda Kodapgal,2023-06-30,0.0,24.8,32.9,64.7,99.9,4.3,51.6,June,2023
4321,Kamareddy,Pitlam,2023-06-01,0.0,27.0,41.4,23.9,68.0,0.0,15.4,June,2023
4322,Kamareddy,Pitlam,2023-06-02,0.0,29.4,41.9,18.3,56.0,0.0,10.9,June,2023
4323,Kamareddy,Pitlam,2023-06-03,0.0,29.5,41.3,19.8,48.7,0.0,18.1,June,2023
4324,Kamareddy,Pitlam,2023-06-04,0.0,29.9,40.4,21.8,55.7,0.0,14.6,June,2023
4325,Kamareddy,Pitlam,2023-06-05,2.0,22.8,38.5,28.2,87.8,0.0,15.7,June,2023
4326,Kamareddy,Pitlam,2023-06-06,0.0,27.7,37.4,38.9,77.8,0.0,15.0,June,2023
4327,Kamareddy,Pitlam,2023-06-07,0.0,29.4,39.5,31.7,64.4,0.0,12.4,June,2023
4328,Kamareddy,Pitlam,2023-06-08,4.6,28.3,39.6,23.8,75.5,0.2,27.5,June,2023
4329,Kamareddy,Pitlam,2023-06-09,0.0,29.3,39.3,33.7,61.2,0.0,23.3,June,2023
4330,Kamareddy,Pitlam,2023-06-10,0.0,29.0,40.0,38.1,60.1,2.2,17.8,June,2023
4331,Kamareddy,Pitlam,2023-06-11,26.0,24.9,39.3,36.5,92.7,0.0,16.0,June,2023
4332,Kamareddy,Pitlam,2023-06-12,23.1,25.9,35.7,51.2,90.0,0.0,14.3,June,2023
4333,Kamareddy,Pitlam,2023-06-13,0.0,27.9,39.2,31.3,69.6,0.0,12.7,June,2023
4334,Kamareddy,Pitlam,2023-06-14,0.0,28.0,39.7,24.1,72.5,0.0,0.3,June,2023
4335,Kamareddy,Pitlam,2023-06-15,0.0,28.1,39.0,23.7,71.6,0.0,9.7,June,2023
4336,Kamareddy,Pitlam,2023-06-16,0.0,28.4,38.8,24.2,70.9,0.0,9.9,June,2023
4337,Kamareddy,Pitlam,2023-06-17,0.0,28.3,39.9,21.6,71.1,0.3,6.5,June,2023
4338,Kamareddy,Pitlam,2023-06-18,0.0,29.3,38.6,31.7,66.0,0.5,10.8,June,2023
4339,Kamareddy,Pitlam,2023-06-19,0.0,30.1,38.1,36.6,63.7,0.0,14.4,June,2023
4340,Kamareddy,Pitlam,2023-06-20,0.0,29.5,38.9,30.1,70.9,0.0,10.6,June,2023
4341,Kamareddy,Pitlam,2023-06-21,0.0,28.9,39.0,31.0,63.9,0.0,13.2,June,2023
4342,Kamareddy,Pitlam,2023-06-22,3.0,29.3,38.0,33.1,70.4,0.1,10.7,June,2023
4343,Kamareddy,Pitlam,2023-06-23,5.2,27.0,37.4,37.9,90.6,0.0,18.5,June,2023
4344,Kamareddy,Pitlam,2023-06-24,9.6,26.1,34.2,53.0,99.5,0.0,18.3,June,2023
4345,Kamareddy,Pitlam,2023-06-25,4.8,25.0,32.5,78.9,97.8,0.0,4.6,June,2023
4346,Kamareddy,Pitlam,2023-06-26,5.3,25.4,32.9,65.0,98.7,0.0,0.2,June,2023
4347,Kamareddy,Pitlam,2023-06-27,0.3,23.5,30.6,64.7,100.0,0.0,0.2,June,2023
4348,Kamareddy,Pitlam,2023-06-28,4.4,25.0,31.2,80.3,100.0,0.0,7.2,June,2023
4349,Kamareddy,Pitlam,2023-06-29,1.6,25.2,32.8,62.4,100.0,0.0,12.8,June,2023
4350,Kamareddy,Pitlam,2023-06-30,0.0,24.4,32.9,66.7,99.9,1.4,23.4,June,2023
4351,Kamareddy,Rajampet,2023-06-01,0.0,25.5,37.2,31.2,65.0,0.0,14.5,June,2023
4352,Kamareddy,Rajampet,2023-06-02,0.0,26.3,38.2,21.9,62.0,0.0,16.8,June,2023
4353,Kamareddy,Rajampet,2023-06-03,0.0,28.0,38.9,23.2,48.5,0.0,21.5,June,2023
4354,Kamareddy,Rajampet,2023-06-04,0.0,27.8,38.2,27.1,58.6,0.0,17.5,June,2023
4355,Kamareddy,Rajampet,2023-06-05,2.0,22.7,38.6,29.2,84.0,0.0,16.0,June,2023
4356,Kamareddy,Rajampet,2023-06-06,0.0,25.9,35.3,34.8,65.1,0.0,17.1,June,2023
4357,Kamareddy,Rajampet,2023-06-07,0.0,27.4,37.5,32.7,61.1,0.0,18.0,June,2023
4358,Kamareddy,Rajampet,2023-06-08,0.0,26.8,38.3,30.1,67.8,0.6,20.2,June,2023
4359,Kamareddy,Rajampet,2023-06-09,0.0,27.2,38.2,25.4,61.8,0.0,22.0,June,2023
4360,Kamareddy,Rajampet,2023-06-10,0.0,27.0,38.4,27.5,67.6,0.0,21.3,June,2023
4361,Kamareddy,Rajampet,2023-06-11,3.0,23.7,36.6,37.8,86.4,0.0,21.7,June,2023
4362,Kamareddy,Rajampet,2023-06-12,0.0,26.0,35.7,42.0,75.4,0.0,17.1,June,2023
4363,Kamareddy,Rajampet,2023-06-13,0.0,26.5,37.3,33.8,61.1,0.0,18.4,June,2023
4364,Kamareddy,Rajampet,2023-06-14,0.0,26.6,37.9,27.6,66.9,0.0,16.5,June,2023
4365,Kamareddy,Rajampet,2023-06-15,0.0,26.1,37.4,29.3,66.1,1.9,27.3,June,2023
4366,Kamareddy,Rajampet,2023-06-16,0.0,26.9,37.4,27.3,58.9,0.0,18.5,June,2023
4367,Kamareddy,Rajampet,2023-06-17,0.0,27.1,38.0,27.7,62.8,0.0,15.4,June,2023
4368,Kamareddy,Rajampet,2023-06-18,0.0,27.9,37.4,33.5,59.8,2.2,20.9,June,2023
4369,Kamareddy,Rajampet,2023-06-19,0.0,28.3,37.1,33.0,59.2,0.0,22.5,June,2023
4370,Kamareddy,Rajampet,2023-06-20,0.0,28.2,36.8,34.4,58.5,0.0,21.0,June,2023
4371,Kamareddy,Rajampet,2023-06-21,0.0,28.6,36.9,35.2,59.6,0.5,19.9,June,2023
4372,Kamareddy,Rajampet,2023-06-22,0.0,26.1,37.4,34.1,74.7,1.3,20.4,June,2023
4373,Kamareddy,Rajampet,2023-06-23,0.0,25.1,34.6,40.4,79.3,0.0,19.2,June,2023
4374,Kamareddy,Rajampet,2023-06-24,0.9,24.4,32.8,46.0,86.0,0.0,13.3,June,2023
4375,Kamareddy,Rajampet,2023-06-25,23.0,22.6,30.2,69.2,97.1,0.7,14.1,June,2023
4376,Kamareddy,Rajampet,2023-06-26,18.4,23.5,30.6,66.6,97.5,0.0,9.7,June,2023
4377,Kamareddy,Rajampet,2023-06-27,0.0,23.2,27.9,64.5,96.8,0.0,15.2,June,2023
4378,Kamareddy,Rajampet,2023-06-28,12.2,23.2,28.9,61.2,97.9,0.0,13.0,June,2023
4379,Kamareddy,Rajampet,2023-06-29,0.7,23.1,31.0,43.9,96.1,0.0,15.3,June,2023
4380,Kamareddy,Rajampet,2023-06-30,0.0,23.5,32.6,64.0,89.3,1.3,19.1,June,2023
4381,Kamareddy,Ramareddy,2023-06-01,0.0,27.1,38.8,32.0,69.0,0.0,6.5,June,2023
4382,Kamareddy,Ramareddy,2023-06-02,0.0,26.7,40.9,23.3,67.3,0.0,6.1,June,2023
4383,Kamareddy,Ramareddy,2023-06-03,0.0,27.2,39.7,23.9,56.2,0.0,8.3,June,2023
4384,Kamareddy,Ramareddy,2023-06-04,0.0,27.8,40.4,34.5,63.7,0.0,15.2,June,2023
4385,Kamareddy,Ramareddy,2023-06-05,0.0,22.0,40.3,36.1,84.5,0.0,15.7,June,2023
4386,Kamareddy,Ramareddy,2023-06-06,0.0,25.0,37.6,37.7,76.3,0.0,13.2,June,2023
4387,Kamareddy,Ramareddy,2023-06-07,0.0,27.5,39.1,32.1,63.7,0.0,12.5,June,2023
4388,Kamareddy,Ramareddy,2023-06-08,0.0,27.8,41.3,33.6,68.5,0.0,17.8,June,2023
4389,Kamareddy,Ramareddy,2023-06-09,0.0,26.9,40.8,34.3,67.7,0.0,14.4,June,2023
4390,Kamareddy,Ramareddy,2023-06-10,0.0,28.4,40.8,33.0,67.6,0.0,18.1,June,2023
4391,Kamareddy,Ramareddy,2023-06-11,0.5,23.3,39.2,41.3,84.0,0.0,20.7,June,2023
4392,Kamareddy,Ramareddy,2023-06-12,0.0,26.5,37.9,41.7,73.1,0.0,17.3,June,2023
4393,Kamareddy,Ramareddy,2023-06-13,0.0,26.8,38.4,40.2,65.5,0.0,16.5,June,2023
4394,Kamareddy,Ramareddy,2023-06-14,0.0,27.1,39.1,34.5,69.4,0.0,22.1,June,2023
4395,Kamareddy,Ramareddy,2023-06-15,0.0,26.8,38.0,35.7,69.0,0.0,23.5,June,2023
4396,Kamareddy,Ramareddy,2023-06-16,0.0,27.2,39.2,34.9,63.8,0.0,17.5,June,2023
4397,Kamareddy,Ramareddy,2023-06-17,0.0,27.2,39.1,34.7,68.3,0.0,16.6,June,2023
4398,Kamareddy,Ramareddy,2023-06-18,0.0,27.9,38.0,40.0,65.5,0.0,16.0,June,2023
4399,Kamareddy,Ramareddy,2023-06-19,0.0,27.9,38.9,38.7,65.6,0.0,15.1,June,2023
4400,Kamareddy,Ramareddy,2023-06-20,0.0,26.3,37.6,40.1,67.5,0.0,15.5,June,2023
4401,Kamareddy,Ramareddy,2023-06-21,0.0,28.0,38.8,39.2,67.7,0.0,14.9,June,2023
4402,Kamareddy,Ramareddy,2023-06-22,0.0,26.9,39.0,37.7,74.9,0.0,18.6,June,2023
4403,Kamareddy,Ramareddy,2023-06-23,0.0,26.8,35.9,45.1,74.3,0.0,14.3,June,2023
4404,Kamareddy,Ramareddy,2023-06-24,0.0,25.1,33.8,50.3,83.6,0.0,16.1,June,2023
4405,Kamareddy,Ramareddy,2023-06-25,0.0,23.8,32.2,61.9,98.5,0.0,15.7,June,2023
4406,Kamareddy,Ramareddy,2023-06-26,0.0,24.3,31.7,66.9,98.5,0.0,18.8,June,2023
4407,Kamareddy,Ramareddy,2023-06-27,6.1,23.9,29.1,58.6,98.5,0.0,20.1,June,2023
4408,Kamareddy,Ramareddy,2023-06-28,6.6,23.1,29.5,57.7,100.0,0.0,21.1,June,2023
4409,Kamareddy,Ramareddy,2023-06-29,19.3,23.6,32.0,55.7,84.4,0.0,17.9,June,2023
4410,Kamareddy,Ramareddy,2023-06-30,0.0,24.3,32.2,65.5,82.9,0.0,15.3,June,2023
4411,Kamareddy,Sadasivanagar,2023-06-01,0.0,26.4,37.9,33.5,65.8,0.0,5.8,June,2023
4412,Kamareddy,Sadasivanagar,2023-06-02,0.0,28.0,39.6,25.2,61.7,0.0,9.2,June,2023
4413,Kamareddy,Sadasivanagar,2023-06-03,0.0,28.7,39.6,25.6,49.1,1.7,8.0,June,2023
4414,Kamareddy,Sadasivanagar,2023-06-04,0.0,27.6,38.8,32.3,60.9,0.0,11.0,June,2023
4415,Kamareddy,Sadasivanagar,2023-06-05,1.4,23.3,39.7,10.5,69.9,0.0,9.4,June,2023
4416,Kamareddy,Sadasivanagar,2023-06-06,0.0,27.6,36.6,36.6,63.4,0.0,7.7,June,2023
4417,Kamareddy,Sadasivanagar,2023-06-07,0.0,28.3,38.3,35.2,60.2,0.0,8.5,June,2023
4418,Kamareddy,Sadasivanagar,2023-06-08,1.9,27.2,39.2,26.9,68.8,2.1,14.0,June,2023
4419,Kamareddy,Sadasivanagar,2023-06-09,0.0,28.0,38.8,31.3,59.8,0.0,9.0,June,2023
4420,Kamareddy,Sadasivanagar,2023-06-10,0.0,28.2,38.9,31.4,67.8,0.0,15.5,June,2023
4421,Kamareddy,Sadasivanagar,2023-06-11,18.3,22.0,37.2,25.9,92.0,0.0,17.5,June,2023
4422,Kamareddy,Sadasivanagar,2023-06-12,0.0,26.6,35.4,44.4,71.6,5.1,11.5,June,2023
4423,Kamareddy,Sadasivanagar,2023-06-13,0.0,26.5,36.9,38.4,64.7,4.1,14.0,June,2023
4424,Kamareddy,Sadasivanagar,2023-06-14,0.0,26.7,37.6,31.2,69.0,5.1,14.4,June,2023
4425,Kamareddy,Sadasivanagar,2023-06-15,0.0,26.5,37.5,32.6,68.2,2.8,14.2,June,2023
4426,Kamareddy,Sadasivanagar,2023-06-16,0.0,27.0,37.5,33.0,62.4,0.0,13.8,June,2023
4427,Kamareddy,Sadasivanagar,2023-06-17,0.0,27.1,37.8,31.8,66.4,3.0,14.2,June,2023
4428,Kamareddy,Sadasivanagar,2023-06-18,0.0,27.9,37.1,37.7,64.5,2.2,12.4,June,2023
4429,Kamareddy,Sadasivanagar,2023-06-19,0.0,28.3,36.9,37.3,64.5,2.2,9.0,June,2023
4430,Kamareddy,Sadasivanagar,2023-06-20,0.0,28.5,36.6,37.3,62.7,1.7,9.0,June,2023
4431,Kamareddy,Sadasivanagar,2023-06-21,0.0,28.9,36.9,37.1,63.5,0.0,9.8,June,2023
4432,Kamareddy,Sadasivanagar,2023-06-22,0.9,26.8,36.8,37.6,71.6,0.0,9.4,June,2023
4433,Kamareddy,Sadasivanagar,2023-06-23,0.0,26.4,35.5,41.5,71.5,0.0,11.8,June,2023
4434,Kamareddy,Sadasivanagar,2023-06-24,0.0,25.4,32.8,51.6,91.4,0.0,9.1,June,2023
4435,Kamareddy,Sadasivanagar,2023-06-25,10.0,22.8,30.6,51.9,100.0,0.0,12.4,June,2023
4436,Kamareddy,Sadasivanagar,2023-06-26,0.3,23.2,31.4,73.7,100.0,2.5,11.5,June,2023
4437,Kamareddy,Sadasivanagar,2023-06-27,3.2,22.7,27.5,75.8,100.0,2.2,10.5,June,2023
4438,Kamareddy,Sadasivanagar,2023-06-28,9.4,22.6,29.2,77.8,100.0,0.6,11.0,June,2023
4439,Kamareddy,Sadasivanagar,2023-06-29,6.5,23.1,31.0,57.2,90.2,0.0,11.3,June,2023
4440,Kamareddy,Sadasivanagar,2023-06-30,0.0,23.7,31.7,54.5,71.9,2.8,16.5,June,2023
4441,Kamareddy,Tadwai,2023-06-01,0.0,29.5,39.5,35.2,72.8,0.0,10.5,June,2023
4442,Kamareddy,Tadwai,2023-06-02,0.0,29.5,39.6,30.1,73.5,0.0,13.8,June,2023
4443,Kamareddy,Tadwai,2023-06-03,0.0,30.5,41.3,27.5,62.6,0.6,15.9,June,2023
4444,Kamareddy,Tadwai,2023-06-04,0.0,29.5,39.9,33.8,70.6,0.0,14.0,June,2023
4445,Kamareddy,Tadwai,2023-06-05,0.5,26.9,39.0,35.4,91.4,0.0,13.1,June,2023
4446,Kamareddy,Tadwai,2023-06-06,0.0,29.5,38.7,37.2,70.4,0.0,12.8,June,2023
4447,Kamareddy,Tadwai,2023-06-07,0.0,29.7,39.4,34.1,70.4,0.0,14.0,June,2023
4448,Kamareddy,Tadwai,2023-06-08,0.5,29.5,39.5,32.5,76.6,1.1,18.0,June,2023
4449,Kamareddy,Tadwai,2023-06-09,0.0,29.5,40.0,34.7,69.9,0.0,15.1,June,2023
4450,Kamareddy,Tadwai,2023-06-10,0.0,29.5,39.7,34.8,76.5,1.2,18.7,June,2023
4451,Kamareddy,Tadwai,2023-06-11,9.3,24.6,40.0,42.6,96.3,0.0,19.0,June,2023
4452,Kamareddy,Tadwai,2023-06-12,0.0,27.8,38.7,43.2,87.0,2.0,15.4,June,2023
4453,Kamareddy,Tadwai,2023-06-13,0.0,29.5,39.7,37.8,71.8,1.4,17.0,June,2023
4454,Kamareddy,Tadwai,2023-06-14,0.0,29.5,39.3,33.2,76.4,1.8,15.7,June,2023
4455,Kamareddy,Tadwai,2023-06-15,0.0,29.5,39.9,40.3,76.4,1.8,18.8,June,2023
4456,Kamareddy,Tadwai,2023-06-16,0.0,29.5,39.6,40.3,69.9,0.0,15.7,June,2023
4457,Kamareddy,Tadwai,2023-06-17,0.0,29.5,39.8,31.0,72.4,1.0,14.1,June,2023
4458,Kamareddy,Tadwai,2023-06-18,0.0,29.6,39.7,40.9,71.0,1.5,15.0,June,2023
4459,Kamareddy,Tadwai,2023-06-19,0.0,30.1,38.7,41.1,70.4,0.7,15.5,June,2023
4460,Kamareddy,Tadwai,2023-06-20,0.0,30.2,38.7,36.7,70.4,0.6,15.3,June,2023
4461,Kamareddy,Tadwai,2023-06-21,0.0,30.6,39.6,38.1,70.4,0.2,13.4,June,2023
4462,Kamareddy,Tadwai,2023-06-22,0.0,29.5,38.7,41.8,83.7,0.4,13.3,June,2023
4463,Kamareddy,Tadwai,2023-06-23,0.0,27.8,36.6,45.6,84.1,0.0,13.0,June,2023
4464,Kamareddy,Tadwai,2023-06-24,0.0,26.9,34.7,57.3,96.9,0.0,11.0,June,2023
4465,Kamareddy,Tadwai,2023-06-25,5.0,25.0,32.1,67.6,99.9,0.2,13.8,June,2023
4466,Kamareddy,Tadwai,2023-06-26,17.1,24.5,32.0,64.0,99.9,0.0,8.6,June,2023
4467,Kamareddy,Tadwai,2023-06-27,2.9,24.0,29.7,58.6,99.9,0.0,2.5,June,2023
4468,Kamareddy,Tadwai,2023-06-28,3.5,24.0,29.6,52.4,99.9,0.0,2.2,June,2023
4469,Kamareddy,Tadwai,2023-06-29,3.5,23.6,31.3,58.7,97.0,0.0,0.1,June,2023
4470,Kamareddy,Tadwai,2023-06-30,2.3,26.9,33.7,54.0,91.8,1.4,16.0,June,2023
4471,Kamareddy,Yellareddy,2023-06-01,0.0,24.3,40.0,21.3,74.3,0.0,0.3,June,2023
4472,Kamareddy,Yellareddy,2023-06-02,0.0,26.5,41.1,14.8,59.9,0.0,6.3,June,2023
4473,Kamareddy,Yellareddy,2023-06-03,0.0,27.0,40.9,16.8,47.3,0.0,11.2,June,2023
4474,Kamareddy,Yellareddy,2023-06-04,1.9,27.0,40.7,23.0,61.9,0.0,7.0,June,2023
4475,Kamareddy,Yellareddy,2023-06-05,0.0,22.6,39.4,25.6,81.4,0.0,4.7,June,2023
4476,Kamareddy,Yellareddy,2023-06-06,0.0,26.6,37.7,25.7,62.5,0.0,0.1,June,2023
4477,Kamareddy,Yellareddy,2023-06-07,0.9,28.0,39.6,24.1,57.6,0.0,0.1,June,2023
4478,Kamareddy,Yellareddy,2023-06-08,0.0,27.7,39.5,25.6,58.8,0.0,14.8,June,2023
4479,Kamareddy,Yellareddy,2023-06-09,0.0,27.9,39.6,24.8,53.9,0.0,0.1,June,2023
4480,Kamareddy,Yellareddy,2023-06-10,0.0,27.6,39.9,23.2,60.6,0.0,0.1,June,2023
4481,Kamareddy,Yellareddy,2023-06-11,9.5,24.4,38.9,29.1,82.0,0.0,0.1,June,2023
4482,Kamareddy,Yellareddy,2023-06-12,0.0,25.9,36.6,36.1,68.7,0.0,5.4,June,2023
4483,Kamareddy,Yellareddy,2023-06-13,0.0,26.8,39.0,27.0,55.9,0.0,18.6,June,2023
4484,Kamareddy,Yellareddy,2023-06-14,0.0,27.1,39.7,21.3,60.2,0.0,0.3,June,2023
4485,Kamareddy,Yellareddy,2023-06-15,0.7,26.3,39.3,24.9,71.3,0.0,0.1,June,2023
4486,Kamareddy,Yellareddy,2023-06-16,0.0,27.0,38.9,23.6,54.3,0.0,16.9,June,2023
4487,Kamareddy,Yellareddy,2023-06-17,0.0,27.3,39.2,23.7,57.2,0.0,20.4,June,2023
4488,Kamareddy,Yellareddy,2023-06-18,0.0,28.2,38.8,27.1,53.4,0.0,13.3,June,2023
4489,Kamareddy,Yellareddy,2023-06-19,0.0,28.6,38.5,26.7,53.4,0.0,18.1,June,2023
4490,Kamareddy,Yellareddy,2023-06-20,0.0,28.1,37.8,28.3,53.1,0.0,7.1,June,2023
4491,Kamareddy,Yellareddy,2023-06-21,0.0,29.1,38.4,25.7,51.6,0.0,8.3,June,2023
4492,Kamareddy,Yellareddy,2023-06-22,0.0,26.7,37.8,30.8,74.8,0.0,6.2,June,2023
4493,Kamareddy,Yellareddy,2023-06-23,13.5,24.8,35.7,34.2,85.3,0.0,0.2,June,2023
4494,Kamareddy,Yellareddy,2023-06-24,9.3,24.2,33.1,47.1,92.0,0.0,13.7,June,2023
4495,Kamareddy,Yellareddy,2023-06-25,5.0,23.6,31.1,73.6,90.1,0.0,7.3,June,2023
4496,Kamareddy,Yellareddy,2023-06-26,36.5,23.7,31.2,67.0,99.9,0.0,2.8,June,2023
4497,Kamareddy,Yellareddy,2023-06-27,2.0,23.8,32.2,77.0,99.9,0.0,5.2,June,2023
4498,Kamareddy,Yellareddy,2023-06-28,6.5,23.6,30.6,72.3,99.9,0.0,0.3,June,2023
4499,Kamareddy,Yellareddy,2023-06-29,2.5,23.7,32.0,73.2,99.7,0.0,8.5,June,2023
4500,Kamareddy,Yellareddy,2023-06-30,0.0,24.6,34.5,58.3,90.2,0.0,1.1,June,2023
4501,Karimnagar,Chigurumamidi,2023-06-01,0.0,24.6,40.6,21.1,90.2,0.0,6.5,June,2023
4502,Karimnagar,Chigurumamidi,2023-06-02,0.0,25.3,42.4,13.5,73.2,0.0,9.0,June,2023
4503,Karimnagar,Chigurumamidi,2023-06-03,0.0,26.1,42.6,12.1,55.5,0.0,12.1,June,2023
4504,Karimnagar,Chigurumamidi,2023-06-04,0.0,27.6,43.0,15.8,57.4,0.0,13.9,June,2023
4505,Karimnagar,Chigurumamidi,2023-06-05,0.0,22.8,42.6,17.2,100.0,0.2,14.9,June,2023
4506,Karimnagar,Chigurumamidi,2023-06-06,0.0,26.7,39.0,21.1,66.4,0.0,11.1,June,2023
4507,Karimnagar,Chigurumamidi,2023-06-07,0.0,27.3,41.8,18.5,62.9,0.0,13.6,June,2023
4508,Karimnagar,Chigurumamidi,2023-06-08,0.0,27.8,41.6,19.2,57.7,0.0,15.8,June,2023
4509,Karimnagar,Chigurumamidi,2023-06-09,0.0,29.0,41.3,15.6,52.9,0.0,17.0,June,2023
4510,Karimnagar,Chigurumamidi,2023-06-10,0.0,29.4,42.4,17.2,56.8,0.0,16.5,June,2023
4511,Karimnagar,Chigurumamidi,2023-06-11,0.4,27.6,40.9,22.0,81.7,0.0,17.0,June,2023
4512,Karimnagar,Chigurumamidi,2023-06-12,0.0,28.8,39.5,24.2,69.9,0.0,15.3,June,2023
4513,Karimnagar,Chigurumamidi,2023-06-13,0.0,29.7,41.5,22.0,53.3,0.2,19.7,June,2023
4514,Karimnagar,Chigurumamidi,2023-06-14,0.0,29.7,42.0,17.0,55.5,0.0,20.5,June,2023
4515,Karimnagar,Chigurumamidi,2023-06-15,0.0,29.6,40.4,20.6,52.4,0.0,16.5,June,2023
4516,Karimnagar,Chigurumamidi,2023-06-16,0.0,28.2,40.6,19.9,49.6,0.0,15.4,June,2023
4517,Karimnagar,Chigurumamidi,2023-06-17,0.0,29.6,41.6,17.0,50.5,0.0,15.0,June,2023
4518,Karimnagar,Chigurumamidi,2023-06-18,0.0,29.6,40.5,22.0,50.0,0.3,19.6,June,2023
4519,Karimnagar,Chigurumamidi,2023-06-19,0.0,30.5,40.7,22.0,48.5,0.0,16.5,June,2023
4520,Karimnagar,Chigurumamidi,2023-06-20,0.0,27.6,39.9,22.8,68.1,0.0,15.2,June,2023
4521,Karimnagar,Chigurumamidi,2023-06-21,0.3,27.4,40.5,24.9,74.7,0.0,14.1,June,2023
4522,Karimnagar,Chigurumamidi,2023-06-22,9.3,23.9,40.2,25.6,100.0,0.0,16.9,June,2023
4523,Karimnagar,Chigurumamidi,2023-06-23,0.0,26.1,38.1,33.9,100.0,0.0,11.2,June,2023
4524,Karimnagar,Chigurumamidi,2023-06-24,2.7,24.8,32.7,52.8,100.0,0.0,6.0,June,2023
4525,Karimnagar,Chigurumamidi,2023-06-25,3.8,23.9,32.7,81.9,100.0,1.4,12.0,June,2023
4526,Karimnagar,Chigurumamidi,2023-06-26,8.2,23.7,32.6,49.4,100.0,0.6,15.7,June,2023
4527,Karimnagar,Chigurumamidi,2023-06-27,0.5,23.7,29.6,63.3,94.4,0.0,5.2,June,2023
4528,Karimnagar,Chigurumamidi,2023-06-28,13.0,23.5,30.9,44.9,100.0,0.0,9.6,June,2023
4529,Karimnagar,Chigurumamidi,2023-06-29,0.4,23.9,32.9,52.3,100.0,0.0,10.8,June,2023
4530,Karimnagar,Chigurumamidi,2023-06-30,0.3,25.3,35.7,49.4,95.7,4.4,15.0,June,2023
4531,Karimnagar,Choppadandi,2023-06-01,0.0,25.2,39.3,33.1,96.7,0.0,9.6,June,2023
4532,Karimnagar,Choppadandi,2023-06-02,0.0,25.5,41.2,23.1,76.4,0.0,13.2,June,2023
4533,Karimnagar,Choppadandi,2023-06-03,0.0,24.4,41.5,18.6,76.7,0.0,18.5,June,2023
4534,Karimnagar,Choppadandi,2023-06-04,0.0,27.5,43.0,20.5,68.1,0.0,23.6,June,2023
4535,Karimnagar,Choppadandi,2023-06-05,13.3,23.1,41.7,23.1,100.0,0.0,18.0,June,2023
4536,Karimnagar,Choppadandi,2023-06-06,0.0,25.6,39.6,30.6,77.5,0.0,16.7,June,2023
4537,Karimnagar,Choppadandi,2023-06-07,0.0,27.0,40.8,29.9,77.2,0.0,18.4,June,2023
4538,Karimnagar,Choppadandi,2023-06-08,0.0,28.0,40.9,31.8,70.8,0.0,23.0,June,2023
4539,Karimnagar,Choppadandi,2023-06-09,0.0,27.2,41.9,26.2,64.0,0.0,19.1,June,2023
4540,Karimnagar,Choppadandi,2023-06-10,0.0,29.8,41.8,27.0,61.4,0.0,16.3,June,2023
4541,Karimnagar,Choppadandi,2023-06-11,0.0,28.0,41.0,33.7,74.3,0.0,18.1,June,2023
4542,Karimnagar,Choppadandi,2023-06-12,0.0,30.4,39.8,37.9,64.5,0.0,17.9,June,2023
4543,Karimnagar,Choppadandi,2023-06-13,0.0,29.9,41.9,30.1,56.1,0.0,14.2,June,2023
4544,Karimnagar,Choppadandi,2023-06-14,0.0,30.0,41.7,25.6,58.0,0.0,15.0,June,2023
4545,Karimnagar,Choppadandi,2023-06-15,0.0,29.9,41.1,29.5,58.0,0.0,16.8,June,2023
4546,Karimnagar,Choppadandi,2023-06-16,0.0,27.7,39.9,26.1,57.1,0.0,17.6,June,2023
4547,Karimnagar,Choppadandi,2023-06-17,0.0,29.0,42.3,22.6,56.6,0.0,15.6,June,2023
4548,Karimnagar,Choppadandi,2023-06-18,0.0,30.8,40.5,29.5,55.7,0.0,18.1,June,2023
4549,Karimnagar,Choppadandi,2023-06-19,0.0,29.6,39.9,31.4,58.9,0.0,21.3,June,2023
4550,Karimnagar,Choppadandi,2023-06-20,0.0,26.6,40.1,30.5,65.4,0.0,17.7,June,2023
4551,Karimnagar,Choppadandi,2023-06-21,0.0,27.0,40.8,28.4,81.1,0.0,17.4,June,2023
4552,Karimnagar,Choppadandi,2023-06-22,2.9,26.9,39.8,36.2,93.1,0.0,17.8,June,2023
4553,Karimnagar,Choppadandi,2023-06-23,0.0,25.6,36.5,43.8,100.0,0.0,16.0,June,2023
4554,Karimnagar,Choppadandi,2023-06-24,0.6,25.7,31.9,66.1,100.0,0.0,5.2,June,2023
4555,Karimnagar,Choppadandi,2023-06-25,0.0,25.0,31.6,73.4,100.0,0.0,7.2,June,2023
4556,Karimnagar,Choppadandi,2023-06-26,6.1,24.6,32.7,61.1,100.0,0.0,10.4,June,2023
4557,Karimnagar,Choppadandi,2023-06-27,3.2,23.7,30.0,75.2,100.0,0.0,9.6,June,2023
4558,Karimnagar,Choppadandi,2023-06-28,2.0,24.0,30.8,85.6,100.0,0.0,17.1,June,2023
4559,Karimnagar,Choppadandi,2023-06-29,16.7,24.1,32.9,70.5,100.0,0.0,10.2,June,2023
4560,Karimnagar,Choppadandi,2023-06-30,0.7,25.4,32.8,68.1,100.0,1.8,11.5,June,2023
4561,Karimnagar,Ellandakunta,2023-06-01,0.0,26.3,38.8,27.1,81.3,0.0,7.6,June,2023
4562,Karimnagar,Ellandakunta,2023-06-02,0.0,27.3,40.0,17.7,69.2,0.0,7.4,June,2023
4563,Karimnagar,Ellandakunta,2023-06-03,0.0,28.5,41.2,14.1,55.7,0.0,10.5,June,2023
4564,Karimnagar,Ellandakunta,2023-06-04,0.0,27.9,40.7,17.7,67.7,0.0,10.8,June,2023
4565,Karimnagar,Ellandakunta,2023-06-05,0.0,24.4,42.0,22.5,83.4,0.0,17.3,June,2023
4566,Karimnagar,Ellandakunta,2023-06-06,0.0,27.8,38.1,24.2,58.7,0.0,9.1,June,2023
4567,Karimnagar,Ellandakunta,2023-06-07,0.0,28.2,38.9,20.8,57.7,0.0,13.9,June,2023
4568,Karimnagar,Ellandakunta,2023-06-08,0.0,28.0,39.7,21.2,46.0,0.0,14.7,June,2023
4569,Karimnagar,Ellandakunta,2023-06-09,0.0,28.2,39.6,17.4,43.0,0.0,16.3,June,2023
4570,Karimnagar,Ellandakunta,2023-06-10,0.0,28.3,39.8,17.7,53.6,0.0,16.8,June,2023
4571,Karimnagar,Ellandakunta,2023-06-11,0.0,27.0,38.5,25.4,58.8,1.1,13.5,June,2023
4572,Karimnagar,Ellandakunta,2023-06-12,0.0,27.8,37.7,28.0,48.5,0.2,11.6,June,2023
4573,Karimnagar,Ellandakunta,2023-06-13,0.0,29.4,38.8,23.8,49.7,0.7,16.5,June,2023
4574,Karimnagar,Ellandakunta,2023-06-14,0.0,31.1,39.6,19.5,52.8,0.6,19.7,June,2023
4575,Karimnagar,Ellandakunta,2023-06-15,0.0,29.4,39.0,22.3,53.8,0.0,0.1,June,2023
4576,Karimnagar,Ellandakunta,2023-06-16,0.0,28.6,39.3,22.1,48.0,0.0,17.3,June,2023
4577,Karimnagar,Ellandakunta,2023-06-17,0.0,30.3,39.7,18.4,50.2,0.0,18.0,June,2023
4578,Karimnagar,Ellandakunta,2023-06-18,0.0,32.0,39.0,24.3,50.2,0.0,17.3,June,2023
4579,Karimnagar,Ellandakunta,2023-06-19,0.0,31.3,38.8,25.3,52.3,0.0,15.5,June,2023
4580,Karimnagar,Ellandakunta,2023-06-20,0.0,29.1,38.5,24.4,66.3,0.0,12.0,June,2023
4581,Karimnagar,Ellandakunta,2023-06-21,0.0,26.9,38.7,24.8,76.3,0.0,11.2,June,2023
4582,Karimnagar,Ellandakunta,2023-06-22,0.0,24.9,37.1,32.7,98.0,0.1,7.9,June,2023
4583,Karimnagar,Ellandakunta,2023-06-23,0.0,26.5,34.5,37.5,84.7,0.0,10.2,June,2023
4584,Karimnagar,Ellandakunta,2023-06-24,0.9,24.9,31.8,51.9,90.7,0.0,8.1,June,2023
4585,Karimnagar,Ellandakunta,2023-06-25,0.3,24.3,30.4,73.2,85.8,0.0,13.1,June,2023
4586,Karimnagar,Ellandakunta,2023-06-26,0.8,25.1,31.6,70.8,100.0,0.0,10.8,June,2023
4587,Karimnagar,Ellandakunta,2023-06-27,0.0,24.5,29.5,60.1,80.2,0.0,12.6,June,2023
4588,Karimnagar,Ellandakunta,2023-06-28,3.0,24.7,30.5,54.0,81.5,0.5,15.4,June,2023
4589,Karimnagar,Ellandakunta,2023-06-29,0.0,24.6,32.4,48.6,78.1,0.0,10.5,June,2023
4590,Karimnagar,Ellandakunta,2023-06-30,0.0,25.2,33.1,43.2,64.6,1.3,10.5,June,2023
4591,Karimnagar,Gangadhara,2023-06-01,0.0,25.0,38.4,30.5,79.7,0.0,6.7,June,2023
4592,Karimnagar,Gangadhara,2023-06-02,0.0,26.5,39.9,19.5,69.3,0.0,8.4,June,2023
4593,Karimnagar,Gangadhara,2023-06-03,0.0,26.4,41.0,16.7,60.3,0.0,9.5,June,2023
4594,Karimnagar,Gangadhara,2023-06-04,0.0,28.1,40.8,23.5,66.5,0.0,9.1,June,2023
4595,Karimnagar,Gangadhara,2023-06-05,1.8,22.5,40.3,22.8,92.7,0.0,8.4,June,2023
4596,Karimnagar,Gangadhara,2023-06-06,0.0,26.1,39.0,23.8,63.3,0.0,7.9,June,2023
4597,Karimnagar,Gangadhara,2023-06-07,0.0,27.2,39.3,26.1,59.1,0.0,12.3,June,2023
4598,Karimnagar,Gangadhara,2023-06-08,0.0,27.6,40.6,25.9,58.8,0.0,10.8,June,2023
4599,Karimnagar,Gangadhara,2023-06-09,0.0,26.8,39.5,22.2,60.9,0.0,12.4,June,2023
4600,Karimnagar,Gangadhara,2023-06-10,0.0,28.9,42.6,24.3,59.9,0.0,14.4,June,2023
4601,Karimnagar,Gangadhara,2023-06-11,0.0,27.5,40.4,29.9,69.4,0.0,14.9,June,2023
4602,Karimnagar,Gangadhara,2023-06-12,0.0,30.3,39.7,34.9,56.2,0.4,14.7,June,2023
4603,Karimnagar,Gangadhara,2023-06-13,0.0,29.9,40.9,24.7,49.3,0.0,15.0,June,2023
4604,Karimnagar,Gangadhara,2023-06-14,0.0,29.7,41.3,17.4,50.8,0.0,16.8,June,2023
4605,Karimnagar,Gangadhara,2023-06-15,0.0,29.5,39.9,18.8,50.4,0.0,16.1,June,2023
4606,Karimnagar,Gangadhara,2023-06-16,0.0,28.2,39.2,18.6,47.7,0.0,14.6,June,2023
4607,Karimnagar,Gangadhara,2023-06-17,0.0,29.1,41.1,15.3,50.5,0.0,11.3,June,2023
4608,Karimnagar,Gangadhara,2023-06-18,0.0,29.5,40.1,21.9,54.7,0.0,14.5,June,2023
4609,Karimnagar,Gangadhara,2023-06-19,0.0,30.1,39.9,21.9,51.4,0.0,16.7,June,2023
4610,Karimnagar,Gangadhara,2023-06-20,0.0,26.3,39.2,21.3,60.1,0.0,10.3,June,2023
4611,Karimnagar,Gangadhara,2023-06-21,0.0,26.8,40.3,23.3,75.3,0.0,11.6,June,2023
4612,Karimnagar,Gangadhara,2023-06-22,0.0,27.8,40.1,25.3,73.9,0.0,18.9,June,2023
4613,Karimnagar,Gangadhara,2023-06-23,0.0,25.4,36.2,31.8,100.0,0.0,13.0,June,2023
4614,Karimnagar,Gangadhara,2023-06-24,0.3,25.1,31.7,61.6,96.0,0.0,3.3,June,2023
4615,Karimnagar,Gangadhara,2023-06-25,0.2,24.7,31.2,68.6,87.2,0.0,10.9,June,2023
4616,Karimnagar,Gangadhara,2023-06-26,4.0,23.4,32.1,60.6,99.9,0.0,12.7,June,2023
4617,Karimnagar,Gangadhara,2023-06-27,4.5,23.2,27.6,81.2,99.3,0.0,17.2,June,2023
4618,Karimnagar,Gangadhara,2023-06-28,1.9,23.5,29.5,71.1,98.6,0.0,12.9,June,2023
4619,Karimnagar,Gangadhara,2023-06-29,22.5,23.6,32.3,62.2,100.0,0.0,14.5,June,2023
4620,Karimnagar,Gangadhara,2023-06-30,0.0,25.1,34.2,52.3,93.1,0.0,13.0,June,2023
4621,Karimnagar,Gannervaram,2023-06-01,0.0,25.8,40.6,30.7,81.8,0.0,4.5,June,2023
4622,Karimnagar,Gannervaram,2023-06-02,0.0,25.9,41.7,23.1,72.2,0.0,5.0,June,2023
4623,Karimnagar,Gannervaram,2023-06-03,0.0,26.7,43.0,18.5,55.1,0.0,8.1,June,2023
4624,Karimnagar,Gannervaram,2023-06-04,0.0,28.5,41.2,26.8,61.5,0.0,7.6,June,2023
4625,Karimnagar,Gannervaram,2023-06-05,0.6,23.4,43.0,22.7,91.8,0.0,12.9,June,2023
4626,Karimnagar,Gannervaram,2023-06-06,0.0,27.6,40.4,28.9,62.5,0.0,8.3,June,2023
4627,Karimnagar,Gannervaram,2023-06-07,0.0,27.7,41.9,27.9,61.5,0.0,15.6,June,2023
4628,Karimnagar,Gannervaram,2023-06-08,0.0,29.1,43.9,25.0,57.6,0.0,10.7,June,2023
4629,Karimnagar,Gannervaram,2023-06-09,0.0,29.3,43.2,22.2,54.6,0.0,9.6,June,2023
4630,Karimnagar,Gannervaram,2023-06-10,0.0,29.7,42.6,24.7,57.6,0.0,12.2,June,2023
4631,Karimnagar,Gannervaram,2023-06-11,0.0,28.5,42.5,28.2,68.2,0.0,12.2,June,2023
4632,Karimnagar,Gannervaram,2023-06-12,0.0,28.0,41.1,30.9,61.5,0.0,9.6,June,2023
4633,Karimnagar,Gannervaram,2023-06-13,0.0,29.7,42.4,28.2,53.1,0.0,11.9,June,2023
4634,Karimnagar,Gannervaram,2023-06-14,0.0,30.1,42.5,24.7,55.6,0.0,10.4,June,2023
4635,Karimnagar,Gannervaram,2023-06-15,0.0,29.8,41.4,26.8,56.1,0.0,11.0,June,2023
4636,Karimnagar,Gannervaram,2023-06-16,0.0,29.6,40.8,26.1,52.2,0.0,11.4,June,2023
4637,Karimnagar,Gannervaram,2023-06-17,0.0,30.2,42.6,23.4,53.1,0.0,9.8,June,2023
4638,Karimnagar,Gannervaram,2023-06-18,0.0,30.8,41.9,28.9,54.5,0.0,10.8,June,2023
4639,Karimnagar,Gannervaram,2023-06-19,0.0,31.0,41.3,29.5,52.1,0.0,9.6,June,2023
4640,Karimnagar,Gannervaram,2023-06-20,0.0,28.3,41.0,28.9,56.1,0.0,6.8,June,2023
4641,Karimnagar,Gannervaram,2023-06-21,0.0,28.1,41.5,30.2,71.0,0.0,7.2,June,2023
4642,Karimnagar,Gannervaram,2023-06-22,17.6,24.5,42.1,31.6,96.5,0.0,9.8,June,2023
4643,Karimnagar,Gannervaram,2023-06-23,4.6,26.6,38.3,40.6,86.8,0.0,8.7,June,2023
4644,Karimnagar,Gannervaram,2023-06-24,1.1,25.8,32.5,62.0,94.9,0.0,3.4,June,2023
4645,Karimnagar,Gannervaram,2023-06-25,4.0,23.7,32.2,63.0,97.9,0.0,9.6,June,2023
4646,Karimnagar,Gannervaram,2023-06-26,1.2,25.0,32.9,59.0,94.5,0.0,9.8,June,2023
4647,Karimnagar,Gannervaram,2023-06-27,0.5,24.2,30.7,66.8,96.5,0.0,8.2,June,2023
4648,Karimnagar,Gannervaram,2023-06-28,1.4,24.6,31.8,61.0,97.9,0.0,10.2,June,2023
4649,Karimnagar,Gannervaram,2023-06-29,11.6,24.5,33.4,55.0,100.0,0.5,8.4,June,2023
4650,Karimnagar,Gannervaram,2023-06-30,0.0,25.8,35.0,50.8,80.9,0.0,8.8,June,2023
4651,Karimnagar,Huzurabad,2023-06-01,0.0,25.8,39.3,26.7,70.4,0.0,0.2,June,2023
4652,Karimnagar,Huzurabad,2023-06-02,0.0,28.3,40.6,22.5,57.5,0.0,12.1,June,2023
4653,Karimnagar,Huzurabad,2023-06-03,0.0,28.3,41.3,17.4,58.4,0.0,7.8,June,2023
4654,Karimnagar,Huzurabad,2023-06-04,0.0,28.6,40.6,24.0,60.4,0.0,2.6,June,2023
4655,Karimnagar,Huzurabad,2023-06-05,10.2,23.7,41.2,23.9,87.6,0.0,12.6,June,2023
4656,Karimnagar,Huzurabad,2023-06-06,0.0,28.5,38.1,29.0,55.3,0.0,12.1,June,2023
4657,Karimnagar,Huzurabad,2023-06-07,0.0,29.0,40.6,25.2,58.4,0.0,15.2,June,2023
4658,Karimnagar,Huzurabad,2023-06-08,0.0,29.6,40.3,56.5,58.4,0.0,21.0,June,2023
4659,Karimnagar,Huzurabad,2023-06-09,0.0,29.8,40.4,22.1,58.4,0.0,16.3,June,2023
4660,Karimnagar,Huzurabad,2023-06-10,0.0,29.8,40.5,38.5,58.4,0.0,16.4,June,2023
4661,Karimnagar,Huzurabad,2023-06-11,0.0,28.6,39.0,32.1,56.8,0.0,14.8,June,2023
4662,Karimnagar,Huzurabad,2023-06-12,0.0,29.7,38.8,32.9,56.6,0.0,4.8,June,2023
4663,Karimnagar,Huzurabad,2023-06-13,0.0,29.8,40.4,27.5,58.4,0.0,16.8,June,2023
4664,Karimnagar,Huzurabad,2023-06-14,0.0,30.0,40.0,26.4,57.0,0.0,3.7,June,2023
4665,Karimnagar,Huzurabad,2023-06-15,0.0,29.8,39.6,28.2,57.0,0.0,10.2,June,2023
4666,Karimnagar,Huzurabad,2023-06-16,0.0,30.0,39.0,37.9,56.6,0.0,13.4,June,2023
4667,Karimnagar,Huzurabad,2023-06-17,0.0,30.4,40.4,22.4,58.4,0.0,5.0,June,2023
4668,Karimnagar,Huzurabad,2023-06-18,0.0,31.2,40.2,43.1,57.5,0.0,14.2,June,2023
4669,Karimnagar,Huzurabad,2023-06-19,0.0,30.8,39.3,44.0,57.5,0.0,15.9,June,2023
4670,Karimnagar,Huzurabad,2023-06-20,0.0,28.3,39.3,28.6,62.3,0.0,7.7,June,2023
4671,Karimnagar,Huzurabad,2023-06-21,0.0,27.1,40.0,29.6,58.4,0.0,0.3,June,2023
4672,Karimnagar,Huzurabad,2023-06-22,0.7,24.9,37.1,37.6,92.9,0.0,7.3,June,2023
4673,Karimnagar,Huzurabad,2023-06-23,0.0,25.6,35.2,44.1,90.4,0.0,0.5,June,2023
4674,Karimnagar,Huzurabad,2023-06-24,19.5,24.6,31.8,61.0,96.9,0.0,3.0,June,2023
4675,Karimnagar,Huzurabad,2023-06-25,0.0,25.0,30.2,75.8,93.0,0.0,1.5,June,2023
4676,Karimnagar,Huzurabad,2023-06-26,21.4,24.7,32.0,66.2,93.9,0.0,19.6,June,2023
4677,Karimnagar,Huzurabad,2023-06-27,0.0,24.5,29.5,56.5,76.7,0.0,10.2,June,2023
4678,Karimnagar,Huzurabad,2023-06-28,12.0,24.4,31.1,65.4,95.9,0.0,14.7,June,2023
4679,Karimnagar,Huzurabad,2023-06-29,0.3,25.1,32.5,58.8,93.1,0.0,6.2,June,2023
4680,Karimnagar,Huzurabad,2023-06-30,0.0,26.3,34.0,50.2,75.0,0.0,9.7,June,2023
4681,Karimnagar,Jammikunta,2023-06-01,0.0,25.2,41.4,22.4,91.4,0.0,7.7,June,2023
4682,Karimnagar,Jammikunta,2023-06-02,0.0,24.9,43.3,17.2,82.6,0.0,10.0,June,2023
4683,Karimnagar,Jammikunta,2023-06-03,0.0,25.2,45.9,15.2,72.8,0.0,15.7,June,2023
4684,Karimnagar,Jammikunta,2023-06-04,0.1,28.0,45.6,17.9,70.1,0.0,14.6,June,2023
4685,Karimnagar,Jammikunta,2023-06-05,1.0,23.7,44.0,20.6,98.1,0.0,20.6,June,2023
4686,Karimnagar,Jammikunta,2023-06-06,0.0,29.4,41.4,22.4,52.5,0.0,11.0,June,2023
4687,Karimnagar,Jammikunta,2023-06-07,0.0,25.4,44.1,20.6,80.0,0.0,15.8,June,2023
4688,Karimnagar,Jammikunta,2023-06-08,0.0,27.1,45.8,21.3,66.4,0.0,14.4,June,2023
4689,Karimnagar,Jammikunta,2023-06-09,0.0,27.4,44.8,17.9,66.0,0.0,15.9,June,2023
4690,Karimnagar,Jammikunta,2023-06-10,0.1,30.2,46.5,17.9,55.8,0.0,16.3,June,2023
4691,Karimnagar,Jammikunta,2023-06-11,0.0,28.0,44.8,24.0,69.9,3.4,14.8,June,2023
4692,Karimnagar,Jammikunta,2023-06-12,0.0,30.5,44.3,27.2,58.6,0.5,12.7,June,2023
4693,Karimnagar,Jammikunta,2023-06-13,0.0,30.6,43.8,23.1,49.0,2.1,16.7,June,2023
4694,Karimnagar,Jammikunta,2023-06-14,0.0,30.7,44.6,19.1,55.4,1.9,20.5,June,2023
4695,Karimnagar,Jammikunta,2023-06-15,0.0,30.1,42.8,21.8,54.0,0.0,16.4,June,2023
4696,Karimnagar,Jammikunta,2023-06-16,0.0,27.7,42.7,21.8,61.9,0.0,14.5,June,2023
4697,Karimnagar,Jammikunta,2023-06-17,0.1,31.5,43.2,17.9,52.1,0.0,15.1,June,2023
4698,Karimnagar,Jammikunta,2023-06-18,0.0,30.0,42.3,23.8,51.1,0.0,15.1,June,2023
4699,Karimnagar,Jammikunta,2023-06-19,0.0,31.6,42.3,24.5,55.8,0.0,14.9,June,2023
4700,Karimnagar,Jammikunta,2023-06-20,0.0,30.0,42.6,23.3,66.5,0.0,11.6,June,2023
4701,Karimnagar,Jammikunta,2023-06-21,0.0,28.1,42.7,24.5,79.0,0.0,12.7,June,2023
4702,Karimnagar,Jammikunta,2023-06-22,0.2,26.5,41.3,29.9,91.0,0.3,14.4,June,2023
4703,Karimnagar,Jammikunta,2023-06-23,0.8,27.2,38.8,32.3,98.1,0.9,11.9,June,2023
4704,Karimnagar,Jammikunta,2023-06-24,2.3,26.0,33.8,44.6,97.7,0.0,7.4,June,2023
4705,Karimnagar,Jammikunta,2023-06-25,2.5,24.3,31.0,59.8,99.9,0.0,11.6,June,2023
4706,Karimnagar,Jammikunta,2023-06-26,0.2,25.1,31.6,68.6,90.2,0.0,13.5,June,2023
4707,Karimnagar,Jammikunta,2023-06-27,0.7,28.1,32.7,52.5,100.0,0.0,13.1,June,2023
4708,Karimnagar,Jammikunta,2023-06-28,1.6,28.1,33.1,45.7,99.0,1.5,16.7,June,2023
4709,Karimnagar,Jammikunta,2023-06-29,0.0,29.0,35.6,40.4,94.9,0.0,13.3,June,2023
4710,Karimnagar,Jammikunta,2023-06-30,0.0,30.0,37.0,38.1,76.4,3.8,14.1,June,2023
4711,Karimnagar,Karimnagar,2023-06-01,0.0,29.7,41.3,30.6,59.3,0.0,9.4,June,2023
4712,Karimnagar,Karimnagar,2023-06-02,0.0,30.7,42.2,23.9,57.8,0.2,9.6,June,2023
4713,Karimnagar,Karimnagar,2023-06-03,0.0,30.7,43.1,21.3,48.1,4.0,9.4,June,2023
4714,Karimnagar,Karimnagar,2023-06-04,0.9,30.8,43.5,25.9,62.2,0.0,14.2,June,2023
4715,Karimnagar,Karimnagar,2023-06-05,5.3,25.7,42.4,26.1,79.4,4.6,13.3,June,2023
4716,Karimnagar,Karimnagar,2023-06-06,0.0,29.9,40.3,31.3,57.8,4.7,10.2,June,2023
4717,Karimnagar,Karimnagar,2023-06-07,0.0,30.3,42.1,28.1,57.3,0.0,13.5,June,2023
4718,Karimnagar,Karimnagar,2023-06-08,0.0,30.9,41.7,27.9,55.9,0.0,15.2,June,2023
4719,Karimnagar,Karimnagar,2023-06-09,0.0,30.8,42.7,25.4,56.3,5.9,10.0,June,2023
4720,Karimnagar,Karimnagar,2023-06-10,0.0,30.6,41.0,30.6,58.8,0.0,12.8,June,2023
4721,Karimnagar,Karimnagar,2023-06-11,0.0,29.6,41.1,29.3,64.1,0.2,14.6,June,2023
4722,Karimnagar,Karimnagar,2023-06-12,0.0,30.8,40.1,34.0,58.3,6.4,9.3,June,2023
4723,Karimnagar,Karimnagar,2023-06-13,0.0,31.0,41.0,31.3,50.4,6.8,23.0,June,2023
4724,Karimnagar,Karimnagar,2023-06-14,0.0,31.1,41.3,27.2,52.5,0.6,10.9,June,2023
4725,Karimnagar,Karimnagar,2023-06-15,0.0,30.9,40.7,31.3,52.5,0.0,13.0,June,2023
4726,Karimnagar,Karimnagar,2023-06-16,0.0,31.1,40.4,29.3,49.2,0.0,9.7,June,2023
4727,Karimnagar,Karimnagar,2023-06-17,0.0,31.4,41.7,26.6,51.9,0.0,9.4,June,2023
4728,Karimnagar,Karimnagar,2023-06-18,0.0,31.6,40.4,32.7,52.0,0.0,12.1,June,2023
4729,Karimnagar,Karimnagar,2023-06-19,0.0,31.9,40.3,33.3,49.1,0.0,9.2,June,2023
4730,Karimnagar,Karimnagar,2023-06-20,0.0,30.2,40.2,31.3,59.3,0.0,11.0,June,2023
4731,Karimnagar,Karimnagar,2023-06-21,0.0,29.2,39.9,34.0,65.6,0.0,10.6,June,2023
4732,Karimnagar,Karimnagar,2023-06-22,0.0,28.3,41.0,34.0,71.9,0.0,12.3,June,2023
4733,Karimnagar,Karimnagar,2023-06-23,0.0,27.4,38.2,40.8,78.2,0.0,9.9,June,2023
4734,Karimnagar,Karimnagar,2023-06-24,1.2,26.9,32.5,58.3,82.7,0.0,5.3,June,2023
4735,Karimnagar,Karimnagar,2023-06-25,0.0,25.3,31.1,66.1,85.5,0.0,15.1,June,2023
4736,Karimnagar,Karimnagar,2023-06-26,2.3,26.1,32.3,60.2,86.7,0.0,15.5,June,2023
4737,Karimnagar,Karimnagar,2023-06-27,1.4,25.0,29.7,65.1,89.1,0.0,13.5,June,2023
4738,Karimnagar,Karimnagar,2023-06-28,0.0,25.5,31.0,59.7,86.0,0.0,14.8,June,2023
4739,Karimnagar,Karimnagar,2023-06-29,12.8,25.2,32.9,53.4,91.7,0.0,11.3,June,2023
4740,Karimnagar,Karimnagar,2023-06-30,0.0,26.9,34.9,51.2,73.7,3.1,13.3,June,2023
4741,Karimnagar,Karimnagar_Rural,2023-06-01,0.0,26.2,38.7,34.1,78.0,0.0,8.1,June,2023
4742,Karimnagar,Karimnagar_Rural,2023-06-02,0.0,27.8,40.5,26.5,73.8,0.0,6.4,June,2023
4743,Karimnagar,Karimnagar_Rural,2023-06-03,0.0,26.9,43.0,22.1,60.8,0.0,8.0,June,2023
4744,Karimnagar,Karimnagar_Rural,2023-06-04,0.0,29.4,42.0,27.2,73.1,0.0,9.6,June,2023
4745,Karimnagar,Karimnagar_Rural,2023-06-05,4.8,23.9,42.7,26.7,95.4,0.0,10.8,June,2023
4746,Karimnagar,Karimnagar_Rural,2023-06-06,0.0,28.3,39.9,30.2,64.6,0.0,7.1,June,2023
4747,Karimnagar,Karimnagar_Rural,2023-06-07,0.0,28.8,41.5,29.1,64.5,0.0,10.2,June,2023
4748,Karimnagar,Karimnagar_Rural,2023-06-08,0.0,30.8,41.8,30.4,58.0,0.0,14.9,June,2023
4749,Karimnagar,Karimnagar_Rural,2023-06-09,0.0,29.8,42.5,26.0,56.0,0.0,8.8,June,2023
4750,Karimnagar,Karimnagar_Rural,2023-06-10,0.0,30.2,41.8,28.5,59.4,0.0,9.9,June,2023
4751,Karimnagar,Karimnagar_Rural,2023-06-11,0.0,29.3,41.7,32.4,66.8,0.0,9.1,June,2023
4752,Karimnagar,Karimnagar_Rural,2023-06-12,0.0,30.8,40.2,36.2,59.8,0.0,4.4,June,2023
4753,Karimnagar,Karimnagar_Rural,2023-06-13,0.0,30.8,41.1,31.7,52.7,0.0,5.6,June,2023
4754,Karimnagar,Karimnagar_Rural,2023-06-14,0.0,30.9,41.8,27.8,55.1,0.0,4.4,June,2023
4755,Karimnagar,Karimnagar_Rural,2023-06-15,0.0,30.6,41.7,29.1,54.6,0.0,4.2,June,2023
4756,Karimnagar,Karimnagar_Rural,2023-06-16,0.0,30.6,40.8,29.8,56.5,0.0,4.1,June,2023
4757,Karimnagar,Karimnagar_Rural,2023-06-17,0.0,31.3,41.9,27.2,53.7,0.0,3.2,June,2023
4758,Karimnagar,Karimnagar_Rural,2023-06-18,0.0,31.4,40.5,32.4,54.2,0.0,7.2,June,2023
4759,Karimnagar,Karimnagar_Rural,2023-06-19,0.0,31.6,40.8,32.4,55.1,0.0,1.2,June,2023
4760,Karimnagar,Karimnagar_Rural,2023-06-20,0.0,29.2,40.3,31.7,58.4,0.0,7.2,June,2023
4761,Karimnagar,Karimnagar_Rural,2023-06-21,0.0,27.8,41.0,30.9,73.0,0.0,3.4,June,2023
4762,Karimnagar,Karimnagar_Rural,2023-06-22,0.0,28.0,40.8,36.2,75.6,0.0,5.7,June,2023
4763,Karimnagar,Karimnagar_Rural,2023-06-23,0.8,26.1,37.9,42.1,90.0,0.0,5.3,June,2023
4764,Karimnagar,Karimnagar_Rural,2023-06-24,0.0,26.8,32.4,60.3,86.5,0.0,1.2,June,2023
4765,Karimnagar,Karimnagar_Rural,2023-06-25,0.0,25.5,30.7,68.3,87.9,0.0,10.0,June,2023
4766,Karimnagar,Karimnagar_Rural,2023-06-26,3.0,25.2,32.4,63.2,93.6,0.0,11.7,June,2023
4767,Karimnagar,Karimnagar_Rural,2023-06-27,1.8,24.5,29.9,68.1,95.4,0.0,7.3,June,2023
4768,Karimnagar,Karimnagar_Rural,2023-06-28,0.5,25.1,31.7,61.3,91.8,0.0,0.1,June,2023
4769,Karimnagar,Karimnagar_Rural,2023-06-29,8.5,24.6,33.5,53.7,98.1,0.0,3.6,June,2023
4770,Karimnagar,Karimnagar_Rural,2023-06-30,0.0,26.8,34.9,53.1,77.4,2.0,13.5,June,2023
4771,Karimnagar,Kothapalle,2023-06-01,0.0,25.5,40.3,22.6,84.4,0.0,13.3,June,2023
4772,Karimnagar,Kothapalle,2023-06-02,0.0,26.8,42.6,14.5,75.5,0.0,16.6,June,2023
4773,Karimnagar,Kothapalle,2023-06-03,0.0,26.4,42.7,21.7,64.8,0.0,17.9,June,2023
4774,Karimnagar,Kothapalle,2023-06-04,3.2,28.6,42.5,26.5,69.9,0.0,14.9,June,2023
4775,Karimnagar,Kothapalle,2023-06-05,4.2,23.1,42.7,26.4,100.0,0.0,12.8,June,2023
4776,Karimnagar,Kothapalle,2023-06-06,0.0,27.3,40.1,33.9,81.2,0.0,14.4,June,2023
4777,Karimnagar,Kothapalle,2023-06-07,2.9,27.4,41.6,28.6,81.6,0.0,15.7,June,2023
4778,Karimnagar,Kothapalle,2023-06-08,0.0,28.8,41.6,21.8,100.0,0.0,15.4,June,2023
4779,Karimnagar,Kothapalle,2023-06-09,0.0,29.0,43.2,17.1,62.5,0.0,12.7,June,2023
4780,Karimnagar,Kothapalle,2023-06-10,0.0,29.4,42.3,29.6,64.1,0.0,14.1,June,2023
4781,Karimnagar,Kothapalle,2023-06-11,0.0,27.5,42.2,30.9,72.8,0.0,18.3,June,2023
4782,Karimnagar,Kothapalle,2023-06-12,0.0,28.0,40.8,35.4,68.3,2.7,14.5,June,2023
4783,Karimnagar,Kothapalle,2023-06-13,0.0,29.4,42.2,21.9,59.1,0.0,14.7,June,2023
4784,Karimnagar,Kothapalle,2023-06-14,0.0,29.8,42.2,27.9,58.8,0.0,13.3,June,2023
4785,Karimnagar,Kothapalle,2023-06-15,0.0,29.5,41.1,30.2,63.2,0.0,14.5,June,2023
4786,Karimnagar,Kothapalle,2023-06-16,0.0,29.3,41.1,27.9,58.4,0.0,12.3,June,2023
4787,Karimnagar,Kothapalle,2023-06-17,0.0,29.9,42.3,24.0,61.8,0.0,11.5,June,2023
4788,Karimnagar,Kothapalle,2023-06-18,0.0,30.5,41.9,29.5,62.3,0.0,14.7,June,2023
4789,Karimnagar,Kothapalle,2023-06-19,0.0,30.7,41.0,31.6,60.5,0.0,12.2,June,2023
4790,Karimnagar,Kothapalle,2023-06-20,0.0,28.4,41.2,30.0,63.0,0.0,9.6,June,2023
4791,Karimnagar,Kothapalle,2023-06-21,0.0,27.8,41.2,34.0,72.4,0.0,14.4,June,2023
4792,Karimnagar,Kothapalle,2023-06-22,2.8,24.2,41.8,36.0,88.3,0.0,15.9,June,2023
4793,Karimnagar,Kothapalle,2023-06-23,0.4,26.3,38.0,41.4,88.8,0.0,13.7,June,2023
4794,Karimnagar,Kothapalle,2023-06-24,0.9,25.6,32.2,59.3,96.9,0.0,10.3,June,2023
4795,Karimnagar,Kothapalle,2023-06-25,1.8,23.5,31.8,66.1,100.0,0.0,10.8,June,2023
4796,Karimnagar,Kothapalle,2023-06-26,4.2,24.7,32.4,61.7,95.0,0.0,14.4,June,2023
4797,Karimnagar,Kothapalle,2023-06-27,1.6,24.1,29.8,66.6,94.5,0.8,8.9,June,2023
4798,Karimnagar,Kothapalle,2023-06-28,0.0,24.2,31.0,60.5,98.1,0.0,11.3,June,2023
4799,Karimnagar,Kothapalle,2023-06-29,19.5,24.0,32.9,53.5,100.0,0.0,13.4,June,2023
4800,Karimnagar,Kothapalle,2023-06-30,0.2,25.5,34.6,52.2,80.8,0.0,14.7,June,2023
4801,Karimnagar,Manakondur,2023-06-01,0.0,25.9,42.5,18.5,77.2,0.0,9.9,June,2023
4802,Karimnagar,Manakondur,2023-06-02,0.0,27.6,43.1,12.5,70.4,0.0,10.2,June,2023
4803,Karimnagar,Manakondur,2023-06-03,0.0,27.4,44.4,10.5,72.3,0.0,18.2,June,2023
4804,Karimnagar,Manakondur,2023-06-04,0.0,28.9,42.8,15.2,70.4,0.0,18.1,June,2023
4805,Karimnagar,Manakondur,2023-06-05,6.5,23.6,44.1,15.9,96.9,0.0,18.1,June,2023
4806,Karimnagar,Manakondur,2023-06-06,0.0,27.4,40.4,20.5,72.4,0.2,16.3,June,2023
4807,Karimnagar,Manakondur,2023-06-07,0.0,28.2,42.8,17.8,70.4,1.4,14.8,June,2023
4808,Karimnagar,Manakondur,2023-06-08,0.0,29.5,42.4,17.3,70.4,0.0,15.2,June,2023
4809,Karimnagar,Manakondur,2023-06-09,0.0,29.4,43.0,15.0,70.4,0.0,17.4,June,2023
4810,Karimnagar,Manakondur,2023-06-10,2.4,25.2,42.2,15.2,64.5,0.0,17.8,June,2023
4811,Karimnagar,Manakondur,2023-06-11,0.2,28.6,42.4,22.6,71.7,0.6,16.4,June,2023
4812,Karimnagar,Manakondur,2023-06-12,0.0,29.7,41.7,25.1,70.5,2.2,19.0,June,2023
4813,Karimnagar,Manakondur,2023-06-13,0.0,29.9,42.6,20.5,57.5,2.7,15.7,June,2023
4814,Karimnagar,Manakondur,2023-06-14,0.0,30.4,42.0,15.7,64.1,1.8,19.2,June,2023
4815,Karimnagar,Manakondur,2023-06-15,0.0,29.8,42.3,19.8,63.4,0.7,21.6,June,2023
4816,Karimnagar,Manakondur,2023-06-16,0.0,29.3,41.8,18.5,64.6,0.0,16.3,June,2023
4817,Karimnagar,Manakondur,2023-06-17,0.0,30.4,43.3,16.4,63.1,0.0,16.7,June,2023
4818,Karimnagar,Manakondur,2023-06-18,0.0,31.0,42.3,21.2,65.3,0.0,15.8,June,2023
4819,Karimnagar,Manakondur,2023-06-19,0.0,30.9,42.1,21.9,63.1,0.0,15.3,June,2023
4820,Karimnagar,Manakondur,2023-06-20,0.0,28.3,42.2,20.5,70.4,0.0,16.1,June,2023
4821,Karimnagar,Manakondur,2023-06-21,0.0,26.9,41.7,20.5,76.5,0.0,15.1,June,2023
4822,Karimnagar,Manakondur,2023-06-22,1.0,26.2,41.2,27.9,83.3,0.0,23.1,June,2023
4823,Karimnagar,Manakondur,2023-06-23,0.2,25.6,37.4,32.7,91.1,0.0,13.3,June,2023
4824,Karimnagar,Manakondur,2023-06-24,1.1,25.2,32.7,52.4,100.0,0.0,7.9,June,2023
4825,Karimnagar,Manakondur,2023-06-25,0.8,24.1,30.7,66.0,100.0,0.0,16.3,June,2023
4826,Karimnagar,Manakondur,2023-06-26,1.2,24.9,33.0,55.4,98.6,0.0,13.9,June,2023
4827,Karimnagar,Manakondur,2023-06-27,1.1,24.1,29.8,66.9,100.0,0.3,14.3,June,2023
4828,Karimnagar,Manakondur,2023-06-28,1.8,24.4,32.3,57.9,100.0,1.6,15.9,June,2023
4829,Karimnagar,Manakondur,2023-06-29,3.6,24.7,34.5,48.3,100.0,2.3,14.2,June,2023
4830,Karimnagar,Manakondur,2023-06-30,0.1,26.4,36.5,44.9,92.2,6.0,16.6,June,2023
4831,Karimnagar,Ramadugu,2023-06-01,0.0,25.7,38.7,24.7,70.9,0.0,0.2,June,2023
4832,Karimnagar,Ramadugu,2023-06-02,0.0,26.2,40.8,14.6,62.0,0.0,0.1,June,2023
4833,Karimnagar,Ramadugu,2023-06-03,0.0,25.8,40.9,12.0,54.1,0.0,0.4,June,2023
4834,Karimnagar,Ramadugu,2023-06-04,0.0,28.8,41.5,18.1,54.1,0.0,0.9,June,2023
4835,Karimnagar,Ramadugu,2023-06-05,0.6,23.0,41.6,16.7,85.4,0.0,0.5,June,2023
4836,Karimnagar,Ramadugu,2023-06-06,0.0,26.9,39.7,17.9,55.6,0.0,0.5,June,2023
4837,Karimnagar,Ramadugu,2023-06-07,0.0,26.3,40.9,18.8,56.0,0.0,1.0,June,2023
4838,Karimnagar,Ramadugu,2023-06-08,0.0,27.8,41.2,19.4,48.9,0.0,0.8,June,2023
4839,Karimnagar,Ramadugu,2023-06-09,0.0,27.5,40.7,15.3,45.0,0.0,1.2,June,2023
4840,Karimnagar,Ramadugu,2023-06-10,0.0,29.7,42.0,17.4,47.0,0.0,2.7,June,2023
4841,Karimnagar,Ramadugu,2023-06-11,0.0,28.2,39.6,23.3,57.5,0.0,1.5,June,2023
4842,Karimnagar,Ramadugu,2023-06-12,0.0,30.7,39.4,24.7,48.6,0.0,2.9,June,2023
4843,Karimnagar,Ramadugu,2023-06-13,0.0,30.2,40.6,20.8,40.3,0.0,2.2,June,2023
4844,Karimnagar,Ramadugu,2023-06-14,0.0,30.0,40.8,16.7,44.2,0.0,2.8,June,2023
4845,Karimnagar,Ramadugu,2023-06-15,0.0,29.8,39.8,17.9,43.1,0.0,1.4,June,2023
4846,Karimnagar,Ramadugu,2023-06-16,0.0,29.8,39.5,17.9,40.3,0.0,1.2,June,2023
4847,Karimnagar,Ramadugu,2023-06-17,0.0,30.3,41.0,15.3,43.1,0.0,1.3,June,2023
4848,Karimnagar,Ramadugu,2023-06-18,0.0,30.6,39.8,21.9,42.5,0.0,2.4,June,2023
4849,Karimnagar,Ramadugu,2023-06-19,0.0,30.6,39.5,20.6,40.8,0.0,2.0,June,2023
4850,Karimnagar,Ramadugu,2023-06-20,0.0,27.1,39.0,20.6,50.0,0.0,0.7,June,2023
4851,Karimnagar,Ramadugu,2023-06-21,0.0,27.0,40.1,21.9,62.5,0.0,0.6,June,2023
4852,Karimnagar,Ramadugu,2023-06-22,0.0,28.3,39.7,22.9,76.6,0.0,0.8,June,2023
4853,Karimnagar,Ramadugu,2023-06-23,0.0,25.8,36.1,33.3,84.4,0.0,0.9,June,2023
4854,Karimnagar,Ramadugu,2023-06-24,0.4,25.8,31.4,64.0,93.4,0.0,3.0,June,2023
4855,Karimnagar,Ramadugu,2023-06-25,0.0,25.7,31.2,70.3,83.8,0.0,0.8,June,2023
4856,Karimnagar,Ramadugu,2023-06-26,6.1,24.2,32.6,62.0,100.0,0.0,0.4,June,2023
4857,Karimnagar,Ramadugu,2023-06-27,3.9,24.0,27.6,82.8,100.0,0.0,1.6,June,2023
4858,Karimnagar,Ramadugu,2023-06-28,2.9,24.3,29.9,75.5,100.0,0.0,2.3,June,2023
4859,Karimnagar,Ramadugu,2023-06-29,8.2,23.9,32.4,64.0,100.0,0.0,1.5,June,2023
4860,Karimnagar,Ramadugu,2023-06-30,0.0,25.9,34.0,55.0,83.8,0.0,1.1,June,2023
4861,Karimnagar,Shankarapatnam,2023-06-01,0.0,25.5,40.0,22.0,81.7,0.0,13.3,June,2023
4862,Karimnagar,Shankarapatnam,2023-06-02,0.0,26.6,40.9,14.3,70.7,0.0,11.3,June,2023
4863,Karimnagar,Shankarapatnam,2023-06-03,0.0,26.4,42.9,10.2,59.8,0.0,13.1,June,2023
4864,Karimnagar,Shankarapatnam,2023-06-04,0.0,28.4,42.0,14.3,61.7,0.0,13.5,June,2023
4865,Karimnagar,Shankarapatnam,2023-06-05,5.8,23.8,43.2,15.3,100.0,0.0,15.4,June,2023
4866,Karimnagar,Shankarapatnam,2023-06-06,0.0,27.6,39.9,18.4,62.2,0.0,9.1,June,2023
4867,Karimnagar,Shankarapatnam,2023-06-07,0.0,28.0,42.6,16.7,63.2,0.7,15.1,June,2023
4868,Karimnagar,Shankarapatnam,2023-06-08,0.0,29.6,42.8,16.0,57.8,0.0,13.3,June,2023
4869,Karimnagar,Shankarapatnam,2023-06-09,0.0,28.7,41.7,14.3,56.4,0.0,14.7,June,2023
4870,Karimnagar,Shankarapatnam,2023-06-10,0.0,24.9,42.5,17.9,53.1,0.0,16.4,June,2023
4871,Karimnagar,Shankarapatnam,2023-06-11,0.0,28.4,41.7,20.1,69.3,0.0,16.4,June,2023
4872,Karimnagar,Shankarapatnam,2023-06-12,0.0,29.5,40.7,22.2,56.8,1.7,16.1,June,2023
4873,Karimnagar,Shankarapatnam,2023-06-13,0.0,29.9,43.0,18.1,47.9,1.4,10.4,June,2023
4874,Karimnagar,Shankarapatnam,2023-06-14,0.0,30.2,42.1,16.5,52.2,1.4,19.2,June,2023
4875,Karimnagar,Shankarapatnam,2023-06-15,0.0,30.0,42.0,18.6,51.9,0.7,17.1,June,2023
4876,Karimnagar,Shankarapatnam,2023-06-16,0.0,28.9,40.9,17.9,48.8,0.0,15.5,June,2023
4877,Karimnagar,Shankarapatnam,2023-06-17,0.0,30.3,43.0,14.5,52.4,0.0,14.6,June,2023
4878,Karimnagar,Shankarapatnam,2023-06-18,0.0,31.1,41.6,20.8,53.4,0.0,14.5,June,2023
4879,Karimnagar,Shankarapatnam,2023-06-19,0.0,31.0,41.2,20.8,59.3,0.0,13.6,June,2023
4880,Karimnagar,Shankarapatnam,2023-06-20,0.0,27.5,41.3,20.1,69.3,0.0,11.1,June,2023
4881,Karimnagar,Shankarapatnam,2023-06-21,0.0,26.7,42.4,19.3,80.8,0.0,13.4,June,2023
4882,Karimnagar,Shankarapatnam,2023-06-22,7.8,24.8,38.6,29.7,100.0,0.0,19.0,June,2023
4883,Karimnagar,Shankarapatnam,2023-06-23,0.0,26.2,38.6,31.1,88.0,0.0,9.8,June,2023
4884,Karimnagar,Shankarapatnam,2023-06-24,12.0,25.0,32.9,58.3,100.0,0.0,3.0,June,2023
4885,Karimnagar,Shankarapatnam,2023-06-25,0.0,25.3,30.3,75.5,97.2,0.0,11.3,June,2023
4886,Karimnagar,Shankarapatnam,2023-06-26,0.0,25.4,33.1,58.8,100.0,0.0,10.7,June,2023
4887,Karimnagar,Shankarapatnam,2023-06-27,0.0,24.6,31.1,65.7,100.0,0.1,11.1,June,2023
4888,Karimnagar,Shankarapatnam,2023-06-28,2.4,24.7,32.6,58.8,100.0,0.8,14.7,June,2023
4889,Karimnagar,Shankarapatnam,2023-06-29,1.3,25.4,34.1,52.9,100.0,1.2,10.8,June,2023
4890,Karimnagar,Shankarapatnam,2023-06-30,0.0,26.8,36.1,48.7,76.7,3.0,12.7,June,2023
4891,Karimnagar,Thimmapur,2023-06-01,0.0,24.7,40.7,21.4,81.6,0.0,12.4,June,2023
4892,Karimnagar,Thimmapur,2023-06-02,0.0,25.4,41.9,18.1,71.4,0.0,7.6,June,2023
4893,Karimnagar,Thimmapur,2023-06-03,0.0,25.2,44.8,14.9,62.4,0.0,10.2,June,2023
4894,Karimnagar,Thimmapur,2023-06-04,0.0,27.0,44.7,18.7,64.1,0.0,12.7,June,2023
4895,Karimnagar,Thimmapur,2023-06-05,3.2,22.9,44.6,20.0,93.3,0.7,15.9,June,2023
4896,Karimnagar,Thimmapur,2023-06-06,0.0,27.2,41.7,26.3,63.3,0.0,6.5,June,2023
4897,Karimnagar,Thimmapur,2023-06-07,0.0,27.4,43.4,23.0,60.7,0.0,8.3,June,2023
4898,Karimnagar,Thimmapur,2023-06-08,0.0,28.2,43.6,23.0,59.7,0.0,16.6,June,2023
4899,Karimnagar,Thimmapur,2023-06-09,0.0,28.1,43.5,19.7,56.6,0.0,10.7,June,2023
4900,Karimnagar,Thimmapur,2023-06-10,0.0,29.2,44.1,20.7,59.5,0.0,16.6,June,2023
4901,Karimnagar,Thimmapur,2023-06-11,0.0,28.2,42.6,26.1,66.5,0.0,13.1,June,2023
4902,Karimnagar,Thimmapur,2023-06-12,0.0,28.7,41.2,30.6,63.2,0.5,11.9,June,2023
4903,Karimnagar,Thimmapur,2023-06-13,0.0,29.3,43.2,25.8,54.0,1.0,12.5,June,2023
4904,Karimnagar,Thimmapur,2023-06-14,0.0,29.6,43.1,20.9,56.8,0.0,14.3,June,2023
4905,Karimnagar,Thimmapur,2023-06-15,0.0,29.4,43.0,23.4,57.0,0.0,12.8,June,2023
4906,Karimnagar,Thimmapur,2023-06-16,0.0,28.8,41.9,22.7,54.2,0.0,10.7,June,2023
4907,Karimnagar,Thimmapur,2023-06-17,0.0,29.8,43.3,20.2,53.5,0.0,12.1,June,2023
4908,Karimnagar,Thimmapur,2023-06-18,0.0,30.6,43.3,25.6,55.1,0.0,9.7,June,2023
4909,Karimnagar,Thimmapur,2023-06-19,0.0,30.0,42.3,26.6,55.7,0.0,12.1,June,2023
4910,Karimnagar,Thimmapur,2023-06-20,0.0,27.8,41.7,25.6,64.1,0.0,11.4,June,2023
4911,Karimnagar,Thimmapur,2023-06-21,0.0,27.3,42.7,27.0,69.7,0.0,13.2,June,2023
4912,Karimnagar,Thimmapur,2023-06-22,8.0,24.5,42.8,30.9,100.0,0.0,17.1,June,2023
4913,Karimnagar,Thimmapur,2023-06-23,0.0,25.9,36.9,35.0,87.8,1.1,12.8,June,2023
4914,Karimnagar,Thimmapur,2023-06-24,4.6,24.8,32.1,54.1,100.0,0.0,8.6,June,2023
4915,Karimnagar,Thimmapur,2023-06-25,0.5,23.9,32.4,78.9,100.0,1.9,10.4,June,2023
4916,Karimnagar,Thimmapur,2023-06-26,2.7,23.7,32.6,58.1,100.0,1.2,16.3,June,2023
4917,Karimnagar,Thimmapur,2023-06-27,0.5,23.7,29.2,68.9,98.1,0.0,10.1,June,2023
4918,Karimnagar,Thimmapur,2023-06-28,3.3,23.5,31.6,58.4,100.0,0.9,11.5,June,2023
4919,Karimnagar,Thimmapur,2023-06-29,7.9,24.4,33.2,52.6,98.4,0.0,15.0,June,2023
4920,Karimnagar,Thimmapur,2023-06-30,0.3,25.7,34.6,50.7,83.5,4.4,15.5,June,2023
4921,Karimnagar,V_Saidapur,2023-06-01,0.0,26.2,41.2,26.1,69.9,0.0,6.7,June,2023
4922,Karimnagar,V_Saidapur,2023-06-02,0.0,29.2,42.0,22.1,55.6,0.0,10.8,June,2023
4923,Karimnagar,V_Saidapur,2023-06-03,0.0,30.2,42.4,18.2,40.8,0.0,11.0,June,2023
4924,Karimnagar,V_Saidapur,2023-06-04,1.1,29.2,42.2,24.3,61.3,0.0,10.0,June,2023
4925,Karimnagar,V_Saidapur,2023-06-05,20.5,23.8,42.2,23.4,89.6,0.0,13.4,June,2023
4926,Karimnagar,V_Saidapur,2023-06-06,0.0,29.1,38.0,30.4,55.6,0.0,10.3,June,2023
4927,Karimnagar,V_Saidapur,2023-06-07,0.0,29.2,40.8,25.4,55.6,0.0,14.6,June,2023
4928,Karimnagar,V_Saidapur,2023-06-08,0.0,29.5,40.5,27.4,56.0,0.0,15.8,June,2023
4929,Karimnagar,V_Saidapur,2023-06-09,0.0,29.9,40.9,23.4,52.7,0.0,15.5,June,2023
4930,Karimnagar,V_Saidapur,2023-06-10,0.0,30.1,41.1,26.1,56.0,0.0,16.4,June,2023
4931,Karimnagar,V_Saidapur,2023-06-11,0.0,28.8,39.8,32.4,64.7,0.0,15.9,June,2023
4932,Karimnagar,V_Saidapur,2023-06-12,0.0,29.7,39.5,33.8,59.9,0.0,10.1,June,2023
4933,Karimnagar,V_Saidapur,2023-06-13,0.0,30.2,40.8,28.7,51.2,0.0,13.9,June,2023
4934,Karimnagar,V_Saidapur,2023-06-14,0.0,30.2,40.7,25.4,55.1,0.0,12.1,June,2023
4935,Karimnagar,V_Saidapur,2023-06-15,0.0,30.0,40.0,27.4,53.7,0.0,13.4,June,2023
4936,Karimnagar,V_Saidapur,2023-06-16,0.0,30.5,39.3,29.1,47.4,0.0,14.4,June,2023
4937,Karimnagar,V_Saidapur,2023-06-17,0.0,30.6,40.7,23.4,51.2,0.0,10.8,June,2023
4938,Karimnagar,V_Saidapur,2023-06-18,0.0,31.4,39.9,30.1,50.1,0.1,15.7,June,2023
4939,Karimnagar,V_Saidapur,2023-06-19,0.0,30.8,38.6,32.4,51.2,0.0,14.8,June,2023
4940,Karimnagar,V_Saidapur,2023-06-20,0.0,28.6,39.1,30.4,60.8,0.0,10.8,June,2023
4941,Karimnagar,V_Saidapur,2023-06-21,0.0,28.2,40.8,30.7,70.0,0.0,8.7,June,2023
4942,Karimnagar,V_Saidapur,2023-06-22,17.9,25.1,38.2,36.8,86.5,0.0,13.0,June,2023
4943,Karimnagar,V_Saidapur,2023-06-23,0.0,26.0,36.2,42.6,83.1,0.0,6.5,June,2023
4944,Karimnagar,V_Saidapur,2023-06-24,7.7,24.4,31.8,62.2,91.8,0.0,4.5,June,2023
4945,Karimnagar,V_Saidapur,2023-06-25,0.0,25.3,31.0,68.4,87.4,0.0,6.3,June,2023
4946,Karimnagar,V_Saidapur,2023-06-26,26.5,24.3,32.2,60.8,90.0,0.0,13.6,June,2023
4947,Karimnagar,V_Saidapur,2023-06-27,0.0,25.0,29.6,67.5,87.0,0.0,7.0,June,2023
4948,Karimnagar,V_Saidapur,2023-06-28,17.0,24.3,31.3,59.9,91.3,0.0,12.1,June,2023
4949,Karimnagar,V_Saidapur,2023-06-29,0.0,25.3,32.1,60.3,87.4,0.0,7.7,June,2023
4950,Karimnagar,V_Saidapur,2023-06-30,0.0,26.4,33.7,52.2,74.0,0.0,9.2,June,2023
4951,Karimnagar,Veenavanka,2023-06-01,0.0,28.0,41.7,22.4,67.6,0.0,8.4,June,2023
4952,Karimnagar,Veenavanka,2023-06-02,0.0,28.5,43.6,17.2,57.4,0.9,12.1,June,2023
4953,Karimnagar,Veenavanka,2023-06-03,0.0,28.7,45.1,15.2,49.4,0.0,13.9,June,2023
4954,Karimnagar,Veenavanka,2023-06-04,0.0,31.5,44.6,17.9,51.5,0.0,14.5,June,2023
4955,Karimnagar,Veenavanka,2023-06-05,5.3,26.6,44.6,19.3,73.9,0.0,23.4,June,2023
4956,Karimnagar,Veenavanka,2023-06-06,0.0,29.7,41.7,22.4,52.5,0.0,9.0,June,2023
4957,Karimnagar,Veenavanka,2023-06-07,0.0,28.8,44.4,20.6,56.4,0.0,14.2,June,2023
4958,Karimnagar,Veenavanka,2023-06-08,0.0,32.2,44.8,21.3,42.5,0.0,17.4,June,2023
4959,Karimnagar,Veenavanka,2023-06-09,0.0,31.9,44.8,17.9,42.0,0.0,23.0,June,2023
4960,Karimnagar,Veenavanka,2023-06-10,0.0,32.1,45.3,17.9,44.8,0.0,23.2,June,2023
4961,Karimnagar,Veenavanka,2023-06-11,1.5,30.7,43.8,24.0,53.9,0.0,18.4,June,2023
4962,Karimnagar,Veenavanka,2023-06-12,0.0,32.1,43.3,27.2,44.8,0.0,15.4,June,2023
4963,Karimnagar,Veenavanka,2023-06-13,0.0,32.1,42.7,23.1,39.2,0.0,27.6,June,2023
4964,Karimnagar,Veenavanka,2023-06-14,0.0,32.2,43.4,19.1,41.2,0.0,26.1,June,2023
4965,Karimnagar,Veenavanka,2023-06-15,0.0,31.9,43.0,21.8,41.4,0.0,20.2,June,2023
4966,Karimnagar,Veenavanka,2023-06-16,0.0,31.4,42.9,21.8,42.0,0.0,20.9,June,2023
4967,Karimnagar,Veenavanka,2023-06-17,0.0,32.2,43.5,17.9,39.5,0.0,15.5,June,2023
4968,Karimnagar,Veenavanka,2023-06-18,0.0,30.0,42.6,23.8,39.5,0.0,14.4,June,2023
4969,Karimnagar,Veenavanka,2023-06-19,0.0,32.5,42.6,24.5,42.3,0.0,15.5,June,2023
4970,Karimnagar,Veenavanka,2023-06-20,0.0,31.5,42.9,23.3,48.7,0.0,12.0,June,2023
4971,Karimnagar,Veenavanka,2023-06-21,0.0,29.8,43.7,24.5,55.5,0.0,17.1,June,2023
4972,Karimnagar,Veenavanka,2023-06-22,0.0,28.8,41.6,29.9,83.3,0.6,15.2,June,2023
4973,Karimnagar,Veenavanka,2023-06-23,0.0,28.5,39.1,32.3,67.6,2.4,15.5,June,2023
4974,Karimnagar,Veenavanka,2023-06-24,2.4,27.6,34.1,44.6,78.2,0.0,7.7,June,2023
4975,Karimnagar,Veenavanka,2023-06-25,5.5,24.3,31.3,59.8,78.7,0.0,9.0,June,2023
4976,Karimnagar,Veenavanka,2023-06-26,4.4,25.1,31.6,68.6,90.2,0.0,7.4,June,2023
4977,Karimnagar,Veenavanka,2023-06-27,1.3,28.4,33.0,52.5,100.0,0.0,17.0,June,2023
4978,Karimnagar,Veenavanka,2023-06-28,2.1,28.4,33.4,45.7,99.0,0.0,16.6,June,2023
4979,Karimnagar,Veenavanka,2023-06-29,0.0,29.3,35.9,40.4,94.9,1.3,20.5,June,2023
4980,Karimnagar,Veenavanka,2023-06-30,0.0,30.3,37.3,38.1,76.4,5.2,23.3,June,2023
4981,Khammam,Bonakal,2023-06-01,0.0,26.5,40.8,36.5,91.8,0.0,1.8,June,2023
4982,Khammam,Bonakal,2023-06-02,0.0,24.8,41.8,34.0,92.8,0.0,2.2,June,2023
4983,Khammam,Bonakal,2023-06-03,0.0,27.2,44.0,31.8,92.4,0.0,0.4,June,2023
4984,Khammam,Bonakal,2023-06-04,0.0,28.7,43.9,30.6,84.3,0.0,4.8,June,2023
4985,Khammam,Bonakal,2023-06-05,0.0,24.4,41.9,31.7,73.7,0.0,1.8,June,2023
4986,Khammam,Bonakal,2023-06-06,0.0,27.8,38.1,37.4,78.6,0.0,6.6,June,2023
4987,Khammam,Bonakal,2023-06-07,0.0,28.2,38.9,27.0,71.3,0.0,8.6,June,2023
4988,Khammam,Bonakal,2023-06-08,0.0,28.0,39.7,31.7,55.4,0.0,9.7,June,2023
4989,Khammam,Bonakal,2023-06-09,0.0,28.2,39.6,31.7,67.4,0.0,5.7,June,2023
4990,Khammam,Bonakal,2023-06-10,0.0,28.3,39.8,23.6,65.3,0.1,7.5,June,2023
4991,Khammam,Bonakal,2023-06-11,0.0,27.0,38.5,36.4,81.1,0.0,12.4,June,2023
4992,Khammam,Bonakal,2023-06-12,0.0,27.8,37.7,41.3,72.1,2.8,11.9,June,2023
4993,Khammam,Bonakal,2023-06-13,0.0,28.3,41.9,35.6,57.6,0.0,7.6,June,2023
4994,Khammam,Bonakal,2023-06-14,0.0,30.5,42.5,27.9,57.6,0.0,4.6,June,2023
4995,Khammam,Bonakal,2023-06-15,0.0,30.4,41.7,25.9,52.7,0.0,9.6,June,2023
4996,Khammam,Bonakal,2023-06-16,0.0,27.5,41.5,23.6,54.5,0.0,7.1,June,2023
4997,Khammam,Bonakal,2023-06-17,0.0,30.4,42.4,27.0,50.9,0.0,6.3,June,2023
4998,Khammam,Bonakal,2023-06-18,0.0,30.8,41.9,29.1,52.7,0.0,6.4,June,2023
4999,Khammam,Bonakal,2023-06-19,0.0,30.4,41.8,27.5,77.5,0.0,10.8,June,2023
5000,Khammam,Bonakal,2023-06-20,0.0,27.0,41.5,31.1,85.8,0.0,1.3,June,2023
5001,Khammam,Bonakal,2023-06-21,1.3,25.1,39.8,41.6,99.9,0.0,13.3,June,2023
5002,Khammam,Bonakal,2023-06-22,0.0,26.0,40.4,44.2,97.6,0.0,12.1,June,2023
5003,Khammam,Bonakal,2023-06-23,0.7,25.4,36.9,42.4,99.9,0.0,15.3,June,2023
5004,Khammam,Bonakal,2023-06-24,14.4,22.6,33.0,62.8,99.9,0.0,13.8,June,2023
5005,Khammam,Bonakal,2023-06-25,0.0,25.0,32.3,82.6,99.9,0.0,10.2,June,2023
5006,Khammam,Bonakal,2023-06-26,9.8,24.4,34.6,53.4,99.9,0.0,9.6,June,2023
5007,Khammam,Bonakal,2023-06-27,2.8,24.1,34.0,70.4,100.0,0.0,14.8,June,2023
5008,Khammam,Bonakal,2023-06-28,0.0,24.4,35.4,51.4,97.6,0.0,19.3,June,2023
5009,Khammam,Bonakal,2023-06-29,20.5,24.5,37.2,49.3,99.9,0.0,13.3,June,2023
5010,Khammam,Bonakal,2023-06-30,0.0,27.2,36.6,51.6,91.5,0.0,23.6,June,2023
5011,Khammam,Chinthakani,2023-06-01,0.0,26.2,42.2,38.5,97.6,0.0,5.1,June,2023
5012,Khammam,Chinthakani,2023-06-02,0.0,24.5,44.5,33.3,91.5,0.0,5.7,June,2023
5013,Khammam,Chinthakani,2023-06-03,0.0,26.9,44.9,27.3,92.4,0.0,6.8,June,2023
5014,Khammam,Chinthakani,2023-06-04,0.0,28.7,44.9,29.2,84.3,0.0,7.8,June,2023
5015,Khammam,Chinthakani,2023-06-05,0.0,24.4,44.3,33.4,83.8,0.0,16.0,June,2023
5016,Khammam,Chinthakani,2023-06-06,0.0,27.8,43.9,33.1,79.0,0.0,7.4,June,2023
5017,Khammam,Chinthakani,2023-06-07,0.0,28.2,43.9,31.9,71.7,0.0,9.0,June,2023
5018,Khammam,Chinthakani,2023-06-08,0.0,28.0,44.8,31.8,71.4,0.0,9.7,June,2023
5019,Khammam,Chinthakani,2023-06-09,0.0,28.2,44.5,31.7,63.4,0.1,8.2,June,2023
5020,Khammam,Chinthakani,2023-06-10,0.0,28.3,44.2,27.9,67.8,0.1,8.8,June,2023
5021,Khammam,Chinthakani,2023-06-11,0.0,26.8,43.7,28.1,91.9,0.0,12.4,June,2023
5022,Khammam,Chinthakani,2023-06-12,0.0,27.8,42.3,32.7,76.9,2.8,11.9,June,2023
5023,Khammam,Chinthakani,2023-06-13,0.0,28.3,42.4,30.6,63.1,0.7,7.6,June,2023
5024,Khammam,Chinthakani,2023-06-14,0.0,30.7,43.1,23.6,58.2,0.0,7.9,June,2023
5025,Khammam,Chinthakani,2023-06-15,0.0,30.5,41.7,25.5,58.2,0.0,10.0,June,2023
5026,Khammam,Chinthakani,2023-06-16,0.0,27.8,42.6,23.6,58.5,0.0,9.3,June,2023
5027,Khammam,Chinthakani,2023-06-17,0.0,30.4,43.5,22.3,56.4,0.0,8.0,June,2023
5028,Khammam,Chinthakani,2023-06-18,0.0,30.9,43.2,25.5,59.0,0.0,9.0,June,2023
5029,Khammam,Chinthakani,2023-06-19,0.0,30.5,41.8,26.2,64.2,0.0,8.0,June,2023
5030,Khammam,Chinthakani,2023-06-20,0.0,26.9,41.8,28.2,78.5,0.0,9.7,June,2023
5031,Khammam,Chinthakani,2023-06-21,1.5,24.8,39.8,39.5,99.9,0.0,10.2,June,2023
5032,Khammam,Chinthakani,2023-06-22,0.0,26.3,40.7,35.6,94.5,0.0,20.0,June,2023
5033,Khammam,Chinthakani,2023-06-23,2.7,25.0,37.4,40.7,97.6,0.0,20.9,June,2023
5034,Khammam,Chinthakani,2023-06-24,9.0,22.5,34.2,56.2,100.0,0.0,9.0,June,2023
5035,Khammam,Chinthakani,2023-06-25,0.2,24.8,33.0,69.3,98.9,0.0,10.2,June,2023
5036,Khammam,Chinthakani,2023-06-26,3.1,24.7,35.3,48.5,100.0,0.0,9.2,June,2023
5037,Khammam,Chinthakani,2023-06-27,5.7,24.4,33.1,51.8,100.0,0.0,11.6,June,2023
5038,Khammam,Chinthakani,2023-06-28,0.4,24.7,35.8,46.4,98.2,0.0,11.1,June,2023
5039,Khammam,Chinthakani,2023-06-29,2.8,24.5,37.0,43.5,99.9,0.0,10.1,June,2023
5040,Khammam,Chinthakani,2023-06-30,0.0,27.2,36.2,46.2,78.8,0.0,15.1,June,2023
5041,Khammam,Enkuru,2023-06-01,0.0,27.7,38.4,31.2,97.7,0.0,8.5,June,2023
5042,Khammam,Enkuru,2023-06-02,0.0,25.7,42.5,25.3,98.2,0.0,7.8,June,2023
5043,Khammam,Enkuru,2023-06-03,0.0,26.1,43.1,19.3,90.9,0.0,10.7,June,2023
5044,Khammam,Enkuru,2023-06-04,0.0,28.5,44.3,17.2,93.4,0.0,11.9,June,2023
5045,Khammam,Enkuru,2023-06-05,0.0,27.3,42.0,21.6,86.5,0.0,21.7,June,2023
5046,Khammam,Enkuru,2023-06-06,0.0,27.3,39.4,25.1,84.1,0.0,8.5,June,2023
5047,Khammam,Enkuru,2023-06-07,0.0,29.7,42.0,22.3,76.9,0.0,8.3,June,2023
5048,Khammam,Enkuru,2023-06-08,0.6,27.3,44.3,19.8,76.9,0.0,11.4,June,2023
5049,Khammam,Enkuru,2023-06-09,0.0,29.7,42.1,20.5,76.4,0.0,16.6,June,2023
5050,Khammam,Enkuru,2023-06-10,0.0,31.5,44.2,18.3,70.9,1.1,11.4,June,2023
5051,Khammam,Enkuru,2023-06-11,0.0,28.9,42.2,25.2,77.8,0.2,12.6,June,2023
5052,Khammam,Enkuru,2023-06-12,0.0,29.8,41.6,29.7,76.9,1.1,13.4,June,2023
5053,Khammam,Enkuru,2023-06-13,0.0,31.3,42.2,29.4,70.5,0.0,14.9,June,2023
5054,Khammam,Enkuru,2023-06-14,0.0,30.6,41.1,21.9,70.1,1.0,13.6,June,2023
5055,Khammam,Enkuru,2023-06-15,0.0,31.4,41.6,24.0,66.0,0.9,10.5,June,2023
5056,Khammam,Enkuru,2023-06-16,0.0,29.6,41.5,24.7,72.7,0.5,13.5,June,2023
5057,Khammam,Enkuru,2023-06-17,0.0,30.4,41.3,22.6,66.4,0.0,10.9,June,2023
5058,Khammam,Enkuru,2023-06-18,6.5,27.6,41.8,25.3,69.3,0.0,11.5,June,2023
5059,Khammam,Enkuru,2023-06-19,3.6,27.7,41.7,30.1,84.3,0.0,10.3,June,2023
5060,Khammam,Enkuru,2023-06-20,0.0,28.7,39.8,31.5,85.8,2.1,10.1,June,2023
5061,Khammam,Enkuru,2023-06-21,9.4,24.4,41.7,40.2,99.9,0.1,12.0,June,2023
5062,Khammam,Enkuru,2023-06-22,0.9,25.4,36.4,44.8,98.3,0.0,10.4,June,2023
5063,Khammam,Enkuru,2023-06-23,5.4,24.9,38.4,48.9,99.1,0.0,13.4,June,2023
5064,Khammam,Enkuru,2023-06-24,7.7,23.1,32.7,63.9,100.0,0.0,11.4,June,2023
5065,Khammam,Enkuru,2023-06-25,1.9,24.5,32.6,77.0,100.0,0.0,8.4,June,2023
5066,Khammam,Enkuru,2023-06-26,0.0,27.0,32.9,60.3,98.3,0.0,8.8,June,2023
5067,Khammam,Enkuru,2023-06-27,0.0,25.3,32.3,57.8,99.5,0.0,13.9,June,2023
5068,Khammam,Enkuru,2023-06-28,4.3,24.5,33.4,46.6,100.0,0.0,8.5,June,2023
5069,Khammam,Enkuru,2023-06-29,7.9,25.6,34.2,47.2,100.0,0.0,12.2,June,2023
5070,Khammam,Enkuru,2023-06-30,0.2,27.3,38.4,48.4,97.6,0.3,11.8,June,2023
5071,Khammam,Kalluru,2023-06-01,0.0,27.2,41.3,35.0,78.5,0.0,0.7,June,2023
5072,Khammam,Kalluru,2023-06-02,0.0,25.9,42.4,32.4,86.8,0.0,17.0,June,2023
5073,Khammam,Kalluru,2023-06-03,0.0,26.1,43.4,26.7,78.1,0.0,4.2,June,2023
5074,Khammam,Kalluru,2023-06-04,0.0,28.7,43.1,18.8,73.3,0.0,9.6,June,2023
5075,Khammam,Kalluru,2023-06-05,0.0,26.7,41.5,40.3,74.8,0.0,2.5,June,2023
5076,Khammam,Kalluru,2023-06-06,0.0,26.5,41.1,24.8,73.1,0.0,12.6,June,2023
5077,Khammam,Kalluru,2023-06-07,0.0,29.2,43.5,27.4,64.4,0.0,10.5,June,2023
5078,Khammam,Kalluru,2023-06-08,7.6,27.2,42.7,22.9,66.9,0.0,11.4,June,2023
5079,Khammam,Kalluru,2023-06-09,0.0,29.5,42.0,27.9,61.7,0.0,16.5,June,2023
5080,Khammam,Kalluru,2023-06-10,0.0,27.4,44.5,16.2,63.5,0.0,23.7,June,2023
5081,Khammam,Kalluru,2023-06-11,0.0,28.4,41.1,27.8,66.6,0.0,17.8,June,2023
5082,Khammam,Kalluru,2023-06-12,0.0,28.7,41.1,37.0,67.7,0.0,16.2,June,2023
5083,Khammam,Kalluru,2023-06-13,0.0,30.6,41.9,28.2,61.2,0.0,21.4,June,2023
5084,Khammam,Kalluru,2023-06-14,0.0,29.5,41.8,25.5,57.7,0.0,16.6,June,2023
5085,Khammam,Kalluru,2023-06-15,0.0,29.8,41.3,24.1,55.5,0.0,22.9,June,2023
5086,Khammam,Kalluru,2023-06-16,0.0,29.2,41.9,23.6,59.4,0.0,13.9,June,2023
5087,Khammam,Kalluru,2023-06-17,0.0,30.5,42.7,20.8,53.1,0.0,15.3,June,2023
5088,Khammam,Kalluru,2023-06-18,5.2,26.9,42.6,25.0,73.4,0.0,21.5,June,2023
5089,Khammam,Kalluru,2023-06-19,0.3,29.7,41.3,27.8,69.1,0.0,26.2,June,2023
5090,Khammam,Kalluru,2023-06-20,0.0,28.2,40.7,35.4,80.3,0.0,23.2,June,2023
5091,Khammam,Kalluru,2023-06-21,16.3,24.3,38.7,44.7,88.4,0.0,8.1,June,2023
5092,Khammam,Kalluru,2023-06-22,10.5,25.3,38.8,41.5,88.5,0.0,5.8,June,2023
5093,Khammam,Kalluru,2023-06-23,1.1,25.3,36.1,54.5,85.8,0.0,7.1,June,2023
5094,Khammam,Kalluru,2023-06-24,11.6,23.0,31.4,66.0,91.3,0.0,1.5,June,2023
5095,Khammam,Kalluru,2023-06-25,1.0,24.5,30.5,69.8,95.4,0.0,5.2,June,2023
5096,Khammam,Kalluru,2023-06-26,0.0,25.5,32.5,51.9,94.9,0.0,20.1,June,2023
5097,Khammam,Kalluru,2023-06-27,0.5,24.8,34.6,63.1,99.3,0.0,5.4,June,2023
5098,Khammam,Kalluru,2023-06-28,0.0,25.2,36.4,44.3,90.8,0.0,10.7,June,2023
5099,Khammam,Kalluru,2023-06-29,2.8,25.6,35.0,43.5,99.9,0.0,4.3,June,2023
5100,Khammam,Kalluru,2023-06-30,0.0,27.0,35.5,47.2,84.3,0.0,4.8,June,2023
5101,Khammam,Kamepalle,2023-06-01,0.0,26.1,42.0,42.6,92.8,0.0,7.3,June,2023
5102,Khammam,Kamepalle,2023-06-02,0.0,26.7,41.5,26.2,83.7,0.0,9.2,June,2023
5103,Khammam,Kamepalle,2023-06-03,0.0,26.1,44.6,19.9,73.7,0.0,5.7,June,2023
5104,Khammam,Kamepalle,2023-06-04,0.0,28.0,45.1,17.1,84.4,0.0,10.6,June,2023
5105,Khammam,Kamepalle,2023-06-05,0.0,26.8,41.4,23.8,84.3,0.0,6.7,June,2023
5106,Khammam,Kamepalle,2023-06-06,0.0,27.7,42.0,32.2,70.9,0.0,7.6,June,2023
5107,Khammam,Kamepalle,2023-06-07,0.0,27.7,41.4,22.9,70.4,0.0,9.0,June,2023
5108,Khammam,Kamepalle,2023-06-08,0.0,28.8,41.9,22.2,70.4,0.0,7.0,June,2023
5109,Khammam,Kamepalle,2023-06-09,0.0,29.3,41.6,23.8,70.4,0.0,9.6,June,2023
5110,Khammam,Kamepalle,2023-06-10,0.7,30.8,43.0,24.1,70.9,0.0,10.6,June,2023
5111,Khammam,Kamepalle,2023-06-11,1.7,28.5,42.2,41.2,93.8,0.0,11.1,June,2023
5112,Khammam,Kamepalle,2023-06-12,0.0,29.4,39.5,38.6,76.9,0.0,9.1,June,2023
5113,Khammam,Kamepalle,2023-06-13,0.0,31.5,42.5,42.7,63.5,0.0,9.0,June,2023
5114,Khammam,Kamepalle,2023-06-14,0.0,30.6,42.4,32.4,63.4,0.0,10.1,June,2023
5115,Khammam,Kamepalle,2023-06-15,0.0,31.3,41.4,30.5,63.1,0.0,10.4,June,2023
5116,Khammam,Kamepalle,2023-06-16,0.0,30.2,42.2,31.0,63.8,0.0,9.9,June,2023
5117,Khammam,Kamepalle,2023-06-17,0.0,31.0,42.6,39.3,63.1,0.0,9.7,June,2023
5118,Khammam,Kamepalle,2023-06-18,9.3,29.6,42.3,40.9,77.5,0.0,10.8,June,2023
5119,Khammam,Kamepalle,2023-06-19,0.0,30.6,39.5,44.5,71.8,0.0,9.7,June,2023
5120,Khammam,Kamepalle,2023-06-20,0.0,28.4,41.7,34.9,86.6,0.0,8.0,June,2023
5121,Khammam,Kamepalle,2023-06-21,7.5,24.5,39.8,41.7,99.9,0.0,5.7,June,2023
5122,Khammam,Kamepalle,2023-06-22,0.0,26.2,36.6,54.0,90.8,0.0,11.6,June,2023
5123,Khammam,Kamepalle,2023-06-23,11.3,25.4,37.1,57.5,99.9,0.0,11.6,June,2023
5124,Khammam,Kamepalle,2023-06-24,22.6,22.9,32.5,67.4,99.9,0.0,5.4,June,2023
5125,Khammam,Kamepalle,2023-06-25,12.3,24.2,32.4,77.3,99.9,0.0,9.1,June,2023
5126,Khammam,Kamepalle,2023-06-26,0.0,26.5,34.0,74.3,94.0,0.0,12.7,June,2023
5127,Khammam,Kamepalle,2023-06-27,0.0,25.2,32.4,70.9,97.6,0.0,11.8,June,2023
5128,Khammam,Kamepalle,2023-06-28,15.9,24.2,34.1,59.8,99.9,0.0,9.1,June,2023
5129,Khammam,Kamepalle,2023-06-29,0.8,25.9,34.6,56.4,99.9,0.0,7.8,June,2023
5130,Khammam,Kamepalle,2023-06-30,0.0,26.8,36.7,55.2,86.7,0.0,9.3,June,2023
5131,Khammam,Khammam_Rural,2023-06-01,0.0,28.5,42.0,34.7,91.2,0.0,5.5,June,2023
5132,Khammam,Khammam_Rural,2023-06-02,0.0,29.7,44.5,28.6,76.5,0.0,5.5,June,2023
5133,Khammam,Khammam_Rural,2023-06-03,0.0,28.5,44.9,20.4,79.1,0.0,5.1,June,2023
5134,Khammam,Khammam_Rural,2023-06-04,0.0,30.8,44.9,19.1,74.7,0.0,7.6,June,2023
5135,Khammam,Khammam_Rural,2023-06-05,0.0,28.0,44.5,26.4,74.6,0.0,5.4,June,2023
5136,Khammam,Khammam_Rural,2023-06-06,0.0,30.0,42.0,31.1,72.1,0.0,8.1,June,2023
5137,Khammam,Khammam_Rural,2023-06-07,0.0,30.3,43.8,25.6,64.8,0.1,5.3,June,2023
5138,Khammam,Khammam_Rural,2023-06-08,0.0,27.0,44.3,22.2,67.5,0.0,6.0,June,2023
5139,Khammam,Khammam_Rural,2023-06-09,0.0,28.2,43.8,21.9,62.1,0.0,5.9,June,2023
5140,Khammam,Khammam_Rural,2023-06-10,0.0,29.0,44.9,17.3,55.0,0.0,6.8,June,2023
5141,Khammam,Khammam_Rural,2023-06-11,0.0,28.0,42.7,26.2,69.5,0.0,3.2,June,2023
5142,Khammam,Khammam_Rural,2023-06-12,0.0,27.7,41.2,30.3,71.9,0.0,11.4,June,2023
5143,Khammam,Khammam_Rural,2023-06-13,0.0,30.3,42.6,27.5,52.0,0.0,6.5,June,2023
5144,Khammam,Khammam_Rural,2023-06-14,0.0,29.7,43.6,22.9,50.8,0.0,6.9,June,2023
5145,Khammam,Khammam_Rural,2023-06-15,0.0,29.9,43.7,24.8,49.1,0.0,8.7,June,2023
5146,Khammam,Khammam_Rural,2023-06-16,0.0,29.8,43.6,22.2,69.9,0.0,6.8,June,2023
5147,Khammam,Khammam_Rural,2023-06-17,0.0,32.1,43.9,31.7,62.6,0.0,7.8,June,2023
5148,Khammam,Khammam_Rural,2023-06-18,0.0,32.0,44.2,32.7,66.6,0.0,7.8,June,2023
5149,Khammam,Khammam_Rural,2023-06-19,0.0,31.8,42.3,34.7,70.4,0.0,7.2,June,2023
5150,Khammam,Khammam_Rural,2023-06-20,0.0,28.9,42.2,33.9,80.4,0.0,6.0,June,2023
5151,Khammam,Khammam_Rural,2023-06-21,0.3,26.2,39.0,50.5,97.6,0.0,7.4,June,2023
5152,Khammam,Khammam_Rural,2023-06-22,0.3,26.5,39.9,47.6,91.4,0.0,9.2,June,2023
5153,Khammam,Khammam_Rural,2023-06-23,2.2,25.7,38.9,49.2,99.1,0.0,6.6,June,2023
5154,Khammam,Khammam_Rural,2023-06-24,10.1,23.1,34.0,67.5,99.9,0.0,4.1,June,2023
5155,Khammam,Khammam_Rural,2023-06-25,5.4,24.9,32.5,71.1,99.5,0.0,0.3,June,2023
5156,Khammam,Khammam_Rural,2023-06-26,0.0,27.7,35.0,55.8,91.5,0.0,0.5,June,2023
5157,Khammam,Khammam_Rural,2023-06-27,0.0,25.7,33.1,60.6,99.9,0.0,1.9,June,2023
5158,Khammam,Khammam_Rural,2023-06-28,4.8,25.0,36.6,55.4,99.9,0.0,7.0,June,2023
5159,Khammam,Khammam_Rural,2023-06-29,0.6,26.3,35.4,49.7,92.9,0.0,10.4,June,2023
5160,Khammam,Khammam_Rural,2023-06-30,0.0,27.8,37.2,48.0,84.4,0.0,4.5,June,2023
5161,Khammam,Khammam_Urban,2023-06-01,0.0,28.5,42.4,29.0,99.6,0.0,0.3,June,2023
5162,Khammam,Khammam_Urban,2023-06-02,0.0,29.6,44.8,24.8,90.8,0.0,0.7,June,2023
5163,Khammam,Khammam_Urban,2023-06-03,0.0,28.2,45.2,17.5,90.4,0.0,2.9,June,2023
5164,Khammam,Khammam_Urban,2023-06-04,0.0,30.3,45.9,15.9,91.4,0.0,1.6,June,2023
5165,Khammam,Khammam_Urban,2023-06-05,3.0,28.0,44.8,24.6,84.6,0.0,5.1,June,2023
5166,Khammam,Khammam_Urban,2023-06-06,0.0,30.0,42.3,29.1,83.7,0.0,4.6,June,2023
5167,Khammam,Khammam_Urban,2023-06-07,0.0,30.3,44.1,23.9,72.3,0.0,2.5,June,2023
5168,Khammam,Khammam_Urban,2023-06-08,0.0,30.6,44.6,24.8,70.4,0.0,2.4,June,2023
5169,Khammam,Khammam_Urban,2023-06-09,0.0,31.8,44.2,24.9,63.5,0.0,3.7,June,2023
5170,Khammam,Khammam_Urban,2023-06-10,0.0,28.9,44.8,19.9,49.7,0.0,5.3,June,2023
5171,Khammam,Khammam_Urban,2023-06-11,0.0,30.1,43.4,30.7,65.3,0.0,3.9,June,2023
5172,Khammam,Khammam_Urban,2023-06-12,0.0,30.4,41.3,35.1,64.7,0.0,5.1,June,2023
5173,Khammam,Khammam_Urban,2023-06-13,0.0,31.9,42.7,32.9,59.0,0.0,3.1,June,2023
5174,Khammam,Khammam_Urban,2023-06-14,0.0,31.7,43.9,27.0,63.1,0.0,4.0,June,2023
5175,Khammam,Khammam_Urban,2023-06-15,0.0,31.9,42.9,30.0,63.1,0.0,5.1,June,2023
5176,Khammam,Khammam_Urban,2023-06-16,0.0,31.4,43.5,27.7,57.1,0.0,4.0,June,2023
5177,Khammam,Khammam_Urban,2023-06-17,0.0,31.9,43.5,26.3,57.4,0.0,5.8,June,2023
5178,Khammam,Khammam_Urban,2023-06-18,0.0,31.6,44.2,28.5,63.1,0.0,3.8,June,2023
5179,Khammam,Khammam_Urban,2023-06-19,0.0,30.9,41.6,34.1,64.3,0.0,2.5,June,2023
5180,Khammam,Khammam_Urban,2023-06-20,0.0,28.6,42.6,31.4,84.1,0.0,3.4,June,2023
5181,Khammam,Khammam_Urban,2023-06-21,0.0,25.2,39.8,45.1,97.6,0.0,6.0,June,2023
5182,Khammam,Khammam_Urban,2023-06-22,0.0,26.3,39.3,44.4,98.8,0.0,5.2,June,2023
5183,Khammam,Khammam_Urban,2023-06-23,1.0,25.4,37.2,50.1,99.9,0.0,6.5,June,2023
5184,Khammam,Khammam_Urban,2023-06-24,10.3,22.9,34.1,62.7,99.9,0.0,1.0,June,2023
5185,Khammam,Khammam_Urban,2023-06-25,9.3,24.9,32.8,69.4,99.9,0.0,0.3,June,2023
5186,Khammam,Khammam_Urban,2023-06-26,0.0,27.7,36.4,55.8,99.9,0.0,0.5,June,2023
5187,Khammam,Khammam_Urban,2023-06-27,0.2,25.1,34.3,59.0,99.9,0.0,1.0,June,2023
5188,Khammam,Khammam_Urban,2023-06-28,3.5,24.5,35.4,52.0,100.0,0.0,3.6,June,2023
5189,Khammam,Khammam_Urban,2023-06-29,0.1,26.3,37.4,47.7,99.9,0.0,2.2,June,2023
5190,Khammam,Khammam_Urban,2023-06-30,0.7,27.9,37.9,45.7,97.7,0.0,3.9,June,2023
5191,Khammam,Konijerla,2023-06-01,0.0,26.3,41.4,36.7,97.6,0.0,7.7,June,2023
5192,Khammam,Konijerla,2023-06-02,0.0,25.7,41.9,33.1,93.8,0.0,7.1,June,2023
5193,Khammam,Konijerla,2023-06-03,0.0,26.0,42.8,29.2,90.6,0.0,10.5,June,2023
5194,Khammam,Konijerla,2023-06-04,0.0,28.7,45.0,26.5,91.4,0.0,11.9,June,2023
5195,Khammam,Konijerla,2023-06-05,3.3,24.7,42.2,31.6,91.1,0.0,21.7,June,2023
5196,Khammam,Konijerla,2023-06-06,0.0,26.9,41.1,35.6,76.5,0.0,8.5,June,2023
5197,Khammam,Konijerla,2023-06-07,0.0,28.4,42.4,27.9,73.5,0.0,6.3,June,2023
5198,Khammam,Konijerla,2023-06-08,0.0,28.0,44.3,26.8,72.7,0.0,10.6,June,2023
5199,Khammam,Konijerla,2023-06-09,0.0,28.2,42.5,23.5,70.6,0.0,16.6,June,2023
5200,Khammam,Konijerla,2023-06-10,0.0,28.9,44.5,28.8,70.9,0.0,11.2,June,2023
5201,Khammam,Konijerla,2023-06-11,0.0,27.1,42.4,33.1,76.9,0.0,12.5,June,2023
5202,Khammam,Konijerla,2023-06-12,0.0,27.8,41.5,39.3,76.9,1.0,13.4,June,2023
5203,Khammam,Konijerla,2023-06-13,0.0,28.3,40.6,27.9,70.5,2.1,14.9,June,2023
5204,Khammam,Konijerla,2023-06-14,0.0,28.5,42.4,33.2,63.3,0.0,13.6,June,2023
5205,Khammam,Konijerla,2023-06-15,0.0,28.4,41.8,35.1,63.2,0.0,9.9,June,2023
5206,Khammam,Konijerla,2023-06-16,0.0,28.6,41.4,27.0,63.1,0.0,11.8,June,2023
5207,Khammam,Konijerla,2023-06-17,0.0,28.8,41.8,24.2,63.1,0.0,7.7,June,2023
5208,Khammam,Konijerla,2023-06-18,0.0,27.6,41.3,25.9,71.3,0.0,9.7,June,2023
5209,Khammam,Konijerla,2023-06-19,0.0,29.2,41.8,27.2,74.0,0.0,8.5,June,2023
5210,Khammam,Konijerla,2023-06-20,0.0,28.6,41.7,28.6,87.6,2.1,9.7,June,2023
5211,Khammam,Konijerla,2023-06-21,7.6,24.7,38.7,48.0,98.0,0.0,12.0,June,2023
5212,Khammam,Konijerla,2023-06-22,1.1,26.6,39.9,46.0,99.9,0.0,9.5,June,2023
5213,Khammam,Konijerla,2023-06-23,2.6,25.7,37.0,56.8,99.6,0.0,11.6,June,2023
5214,Khammam,Konijerla,2023-06-24,6.8,22.9,33.8,71.0,99.7,0.0,7.4,June,2023
5215,Khammam,Konijerla,2023-06-25,5.4,24.3,32.7,77.5,99.9,0.0,8.4,June,2023
5216,Khammam,Konijerla,2023-06-26,0.9,25.1,34.4,53.0,93.4,0.0,13.6,June,2023
5217,Khammam,Konijerla,2023-06-27,0.4,24.7,33.7,54.5,99.9,0.0,13.9,June,2023
5218,Khammam,Konijerla,2023-06-28,0.7,24.7,36.4,46.2,99.2,0.0,14.9,June,2023
5219,Khammam,Konijerla,2023-06-29,0.3,24.6,36.5,46.0,98.6,0.0,12.2,June,2023
5220,Khammam,Konijerla,2023-06-30,0.2,25.2,36.8,53.2,83.9,0.3,11.8,June,2023
5221,Khammam,Kusumanchi,2023-06-01,0.0,27.3,39.8,28.2,90.3,0.0,5.4,June,2023
5222,Khammam,Kusumanchi,2023-06-02,0.0,27.7,40.9,21.7,83.6,0.0,4.7,June,2023
5223,Khammam,Kusumanchi,2023-06-03,0.0,28.5,41.8,15.7,72.3,0.0,6.9,June,2023
5224,Khammam,Kusumanchi,2023-06-04,0.0,29.1,42.3,15.0,81.6,0.0,10.8,June,2023
5225,Khammam,Kusumanchi,2023-06-05,0.0,27.6,43.1,19.9,70.4,0.0,13.7,June,2023
5226,Khammam,Kusumanchi,2023-06-06,0.0,28.5,40.7,21.0,72.9,0.0,10.4,June,2023
5227,Khammam,Kusumanchi,2023-06-07,0.0,29.3,41.8,19.7,56.1,0.0,11.5,June,2023
5228,Khammam,Kusumanchi,2023-06-08,0.0,30.1,42.3,18.3,53.2,0.0,12.1,June,2023
5229,Khammam,Kusumanchi,2023-06-09,0.0,31.8,41.9,19.0,46.6,0.0,12.4,June,2023
5230,Khammam,Kusumanchi,2023-06-10,0.0,30.3,42.8,15.9,54.1,0.0,20.9,June,2023
5231,Khammam,Kusumanchi,2023-06-11,0.0,27.8,41.3,25.1,68.1,0.0,8.5,June,2023
5232,Khammam,Kusumanchi,2023-06-12,0.0,29.5,40.3,27.8,60.5,0.0,11.4,June,2023
5233,Khammam,Kusumanchi,2023-06-13,0.0,31.6,40.4,26.4,46.0,0.0,15.6,June,2023
5234,Khammam,Kusumanchi,2023-06-14,0.0,31.6,42.1,20.4,46.7,0.0,15.3,June,2023
5235,Khammam,Kusumanchi,2023-06-15,0.0,31.4,40.6,21.7,44.5,0.0,16.0,June,2023
5236,Khammam,Kusumanchi,2023-06-16,0.0,31.3,41.2,19.7,43.9,0.0,14.8,June,2023
5237,Khammam,Kusumanchi,2023-06-17,0.0,32.0,42.3,19.0,43.8,0.0,14.7,June,2023
5238,Khammam,Kusumanchi,2023-06-18,0.0,31.1,41.6,22.4,50.6,0.0,16.2,June,2023
5239,Khammam,Kusumanchi,2023-06-19,0.0,31.0,37.8,28.8,50.0,0.0,16.4,June,2023
5240,Khammam,Kusumanchi,2023-06-20,0.0,28.5,39.8,25.5,71.9,0.0,14.4,June,2023
5241,Khammam,Kusumanchi,2023-06-21,0.0,26.7,37.1,37.2,83.2,0.0,1.7,June,2023
5242,Khammam,Kusumanchi,2023-06-22,0.0,27.0,37.2,40.0,87.4,0.0,15.9,June,2023
5243,Khammam,Kusumanchi,2023-06-23,0.0,26.2,35.3,45.3,90.8,0.0,17.3,June,2023
5244,Khammam,Kusumanchi,2023-06-24,16.1,22.3,33.0,56.1,100.0,0.0,3.3,June,2023
5245,Khammam,Kusumanchi,2023-06-25,5.1,24.8,32.4,81.6,100.0,0.0,10.2,June,2023
5246,Khammam,Kusumanchi,2023-06-26,0.0,26.8,33.3,62.8,89.6,0.0,12.4,June,2023
5247,Khammam,Kusumanchi,2023-06-27,0.0,25.5,32.5,64.3,96.6,0.0,16.4,June,2023
5248,Khammam,Kusumanchi,2023-06-28,8.2,24.6,33.6,57.2,97.5,0.0,15.1,June,2023
5249,Khammam,Kusumanchi,2023-06-29,0.0,25.5,34.8,57.2,95.2,0.0,10.2,June,2023
5250,Khammam,Kusumanchi,2023-06-30,0.6,27.1,35.0,57.2,85.1,0.0,12.9,June,2023
5251,Khammam,Madhira,2023-06-01,0.0,26.2,42.2,38.9,97.6,0.0,1.8,June,2023
5252,Khammam,Madhira,2023-06-02,0.0,24.5,42.3,31.5,91.8,0.0,2.2,June,2023
5253,Khammam,Madhira,2023-06-03,0.0,26.9,44.7,25.9,97.6,0.0,0.4,June,2023
5254,Khammam,Madhira,2023-06-04,0.0,28.7,45.1,25.7,90.8,0.0,4.8,June,2023
5255,Khammam,Madhira,2023-06-05,0.0,26.2,42.3,31.7,83.9,0.0,14.4,June,2023
5256,Khammam,Madhira,2023-06-06,0.0,27.5,42.5,40.3,83.7,0.0,13.2,June,2023
5257,Khammam,Madhira,2023-06-07,0.0,28.4,44.3,27.0,77.5,0.0,15.1,June,2023
5258,Khammam,Madhira,2023-06-08,0.0,28.0,44.8,31.7,72.4,0.0,11.5,June,2023
5259,Khammam,Madhira,2023-06-09,0.0,28.3,42.1,31.7,72.7,0.0,7.7,June,2023
5260,Khammam,Madhira,2023-06-10,0.0,28.9,44.8,23.6,63.7,0.0,9.0,June,2023
5261,Khammam,Madhira,2023-06-11,0.0,27.0,42.6,40.5,76.9,0.0,18.1,June,2023
5262,Khammam,Madhira,2023-06-12,0.0,28.8,41.9,43.1,72.6,0.0,12.4,June,2023
5263,Khammam,Madhira,2023-06-13,0.0,28.3,42.5,35.6,72.2,0.0,15.4,June,2023
5264,Khammam,Madhira,2023-06-14,0.0,28.5,42.3,31.7,64.3,0.0,14.0,June,2023
5265,Khammam,Madhira,2023-06-15,0.0,30.5,42.5,31.5,62.7,0.0,19.7,June,2023
5266,Khammam,Madhira,2023-06-16,0.0,28.6,42.4,31.4,55.7,0.0,21.5,June,2023
5267,Khammam,Madhira,2023-06-17,0.0,28.8,44.0,31.4,70.4,0.0,18.4,June,2023
5268,Khammam,Madhira,2023-06-18,0.0,29.8,42.3,31.6,70.6,0.0,12.8,June,2023
5269,Khammam,Madhira,2023-06-19,0.0,29.6,41.8,34.1,77.3,0.0,10.1,June,2023
5270,Khammam,Madhira,2023-06-20,0.0,29.2,42.3,34.4,81.4,0.0,1.3,June,2023
5271,Khammam,Madhira,2023-06-21,5.5,27.0,39.5,43.3,99.9,0.0,16.1,June,2023
5272,Khammam,Madhira,2023-06-22,21.2,26.5,42.2,47.6,99.9,0.0,25.2,June,2023
5273,Khammam,Madhira,2023-06-23,2.6,25.7,37.0,55.8,99.9,0.0,15.3,June,2023
5274,Khammam,Madhira,2023-06-24,45.2,25.1,32.2,69.9,99.9,0.0,13.8,June,2023
5275,Khammam,Madhira,2023-06-25,2.5,24.3,32.8,82.1,99.9,0.0,1.0,June,2023
5276,Khammam,Madhira,2023-06-26,3.8,25.1,34.9,56.0,99.9,0.0,6.5,June,2023
5277,Khammam,Madhira,2023-06-27,7.3,25.8,34.2,70.9,99.9,0.0,14.8,June,2023
5278,Khammam,Madhira,2023-06-28,0.0,24.7,36.5,55.4,98.3,0.0,19.3,June,2023
5279,Khammam,Madhira,2023-06-29,28.5,24.9,37.4,51.7,99.9,0.0,13.3,June,2023
5280,Khammam,Madhira,2023-06-30,0.4,26.1,37.3,55.5,91.6,0.0,23.6,June,2023
5281,Khammam,Mudigonda,2023-06-01,0.0,26.3,42.1,34.7,97.6,0.0,6.5,June,2023
5282,Khammam,Mudigonda,2023-06-02,0.0,27.2,44.8,25.6,90.8,0.0,7.7,June,2023
5283,Khammam,Mudigonda,2023-06-03,0.0,26.8,46.3,20.4,84.8,0.0,8.4,June,2023
5284,Khammam,Mudigonda,2023-06-04,0.0,29.5,45.4,22.9,76.6,0.0,9.0,June,2023
5285,Khammam,Mudigonda,2023-06-05,0.0,26.2,44.6,28.5,83.9,0.0,12.5,June,2023
5286,Khammam,Mudigonda,2023-06-06,0.0,27.8,44.2,30.7,79.0,0.0,8.4,June,2023
5287,Khammam,Mudigonda,2023-06-07,0.0,29.1,44.2,28.7,70.5,0.0,13.3,June,2023
5288,Khammam,Mudigonda,2023-06-08,0.0,28.0,45.1,24.2,71.4,0.0,14.1,June,2023
5289,Khammam,Mudigonda,2023-06-09,0.0,28.3,44.8,26.4,63.7,0.1,10.6,June,2023
5290,Khammam,Mudigonda,2023-06-10,0.0,28.3,46.2,21.0,66.1,0.0,8.5,June,2023
5291,Khammam,Mudigonda,2023-06-11,2.2,27.1,44.6,28.1,91.9,0.0,15.2,June,2023
5292,Khammam,Mudigonda,2023-06-12,0.0,29.1,42.6,32.7,76.9,0.9,10.1,June,2023
5293,Khammam,Mudigonda,2023-06-13,0.0,30.8,42.7,30.2,63.1,0.0,8.2,June,2023
5294,Khammam,Mudigonda,2023-06-14,0.0,31.2,44.1,23.9,63.1,0.0,8.0,June,2023
5295,Khammam,Mudigonda,2023-06-15,0.0,29.7,43.1,27.9,62.7,0.0,10.4,June,2023
5296,Khammam,Mudigonda,2023-06-16,0.0,29.3,44.1,25.1,62.7,0.0,11.4,June,2023
5297,Khammam,Mudigonda,2023-06-17,0.0,31.6,44.9,24.4,59.0,0.0,9.9,June,2023
5298,Khammam,Mudigonda,2023-06-18,2.7,30.2,43.9,27.2,65.5,0.0,10.8,June,2023
5299,Khammam,Mudigonda,2023-06-19,1.4,29.7,43.2,28.6,70.5,0.0,9.5,June,2023
5300,Khammam,Mudigonda,2023-06-20,2.1,28.0,43.1,29.2,81.1,0.0,11.3,June,2023
5301,Khammam,Mudigonda,2023-06-21,3.2,24.8,42.4,37.8,97.6,0.0,14.3,June,2023
5302,Khammam,Mudigonda,2023-06-22,0.8,26.6,41.4,38.7,93.6,0.0,21.1,June,2023
5303,Khammam,Mudigonda,2023-06-23,0.2,25.0,38.4,42.7,97.6,0.0,19.2,June,2023
5304,Khammam,Mudigonda,2023-06-24,7.4,22.5,36.5,55.8,99.7,0.0,8.4,June,2023
5305,Khammam,Mudigonda,2023-06-25,0.5,24.9,34.5,71.4,100.0,0.0,9.2,June,2023
5306,Khammam,Mudigonda,2023-06-26,0.0,25.6,37.1,49.3,93.3,0.0,12.7,June,2023
5307,Khammam,Mudigonda,2023-06-27,3.2,24.5,34.6,51.7,99.9,0.0,9.5,June,2023
5308,Khammam,Mudigonda,2023-06-28,2.1,25.0,37.3,47.7,98.7,0.0,11.8,June,2023
5309,Khammam,Mudigonda,2023-06-29,0.8,24.8,37.0,45.8,97.9,0.0,9.6,June,2023
5310,Khammam,Mudigonda,2023-06-30,0.0,27.6,37.8,45.7,86.3,0.0,11.8,June,2023
5311,Khammam,Nelakondapalle,2023-06-01,0.0,26.3,42.1,41.2,95.4,0.0,0.6,June,2023
5312,Khammam,Nelakondapalle,2023-06-02,0.0,27.2,44.8,33.6,83.7,0.0,0.9,June,2023
5313,Khammam,Nelakondapalle,2023-06-03,0.0,26.8,46.6,31.9,84.8,0.0,0.9,June,2023
5314,Khammam,Nelakondapalle,2023-06-04,0.0,29.5,44.8,31.9,74.0,0.0,1.5,June,2023
5315,Khammam,Nelakondapalle,2023-06-05,0.0,26.2,44.3,40.8,83.8,0.0,5.3,June,2023
5316,Khammam,Nelakondapalle,2023-06-06,0.0,27.8,43.9,35.1,76.9,0.0,0.9,June,2023
5317,Khammam,Nelakondapalle,2023-06-07,0.0,29.1,43.9,32.6,70.6,0.0,3.1,June,2023
5318,Khammam,Nelakondapalle,2023-06-08,0.0,28.0,44.3,31.9,58.9,0.0,3.4,June,2023
5319,Khammam,Nelakondapalle,2023-06-09,0.0,28.3,44.5,31.7,64.3,0.0,3.7,June,2023
5320,Khammam,Nelakondapalle,2023-06-10,0.0,28.3,44.1,31.9,65.5,0.0,4.0,June,2023
5321,Khammam,Nelakondapalle,2023-06-11,5.2,28.4,43.7,35.9,90.8,0.0,7.6,June,2023
5322,Khammam,Nelakondapalle,2023-06-12,0.0,29.3,42.1,42.4,76.9,0.0,3.9,June,2023
5323,Khammam,Nelakondapalle,2023-06-13,0.0,30.8,42.4,42.1,64.8,0.0,2.5,June,2023
5324,Khammam,Nelakondapalle,2023-06-14,0.0,31.2,44.2,30.8,63.5,0.0,4.2,June,2023
5325,Khammam,Nelakondapalle,2023-06-15,0.0,29.7,42.8,34.2,63.1,0.0,2.8,June,2023
5326,Khammam,Nelakondapalle,2023-06-16,0.0,29.6,43.5,35.3,66.4,0.0,0.9,June,2023
5327,Khammam,Nelakondapalle,2023-06-17,0.0,31.6,43.6,26.9,63.2,0.0,3.9,June,2023
5328,Khammam,Nelakondapalle,2023-06-18,0.0,30.2,43.5,29.9,63.7,0.0,3.5,June,2023
5329,Khammam,Nelakondapalle,2023-06-19,0.0,30.8,44.3,34.5,66.7,0.0,1.0,June,2023
5330,Khammam,Nelakondapalle,2023-06-20,0.0,28.0,42.9,31.3,84.9,0.0,2.3,June,2023
5331,Khammam,Nelakondapalle,2023-06-21,0.6,25.7,41.5,42.9,96.7,0.0,4.3,June,2023
5332,Khammam,Nelakondapalle,2023-06-22,0.0,27.0,41.4,45.5,86.6,0.0,7.9,June,2023
5333,Khammam,Nelakondapalle,2023-06-23,0.4,25.7,39.0,50.3,91.0,0.0,9.5,June,2023
5334,Khammam,Nelakondapalle,2023-06-24,9.1,22.5,36.4,60.0,96.0,0.0,0.1,June,2023
5335,Khammam,Nelakondapalle,2023-06-25,0.0,25.4,34.2,71.4,96.1,0.0,4.8,June,2023
5336,Khammam,Nelakondapalle,2023-06-26,0.0,26.1,36.4,54.3,86.1,0.0,3.8,June,2023
5337,Khammam,Nelakondapalle,2023-06-27,4.2,24.5,34.1,51.7,98.3,0.0,2.8,June,2023
5338,Khammam,Nelakondapalle,2023-06-28,1.9,25.0,35.7,53.6,91.4,0.0,4.4,June,2023
5339,Khammam,Nelakondapalle,2023-06-29,2.8,24.8,37.4,53.9,96.1,0.0,2.2,June,2023
5340,Khammam,Nelakondapalle,2023-06-30,0.0,27.6,36.5,53.7,78.8,0.0,7.0,June,2023
5341,Khammam,Penuballi,2023-06-01,0.0,27.3,41.6,25.4,72.8,0.0,15.2,June,2023
5342,Khammam,Penuballi,2023-06-02,0.0,26.2,42.9,21.5,93.7,0.0,17.0,June,2023
5343,Khammam,Penuballi,2023-06-03,0.0,26.4,43.7,18.9,78.9,0.0,4.2,June,2023
5344,Khammam,Penuballi,2023-06-04,0.0,28.7,43.4,15.5,82.1,0.0,9.6,June,2023
5345,Khammam,Penuballi,2023-06-05,0.0,26.7,41.6,24.1,81.8,0.0,2.5,June,2023
5346,Khammam,Penuballi,2023-06-06,0.0,26.8,40.8,23.6,77.0,0.0,12.6,June,2023
5347,Khammam,Penuballi,2023-06-07,0.0,29.5,43.8,18.8,56.0,0.0,10.5,June,2023
5348,Khammam,Penuballi,2023-06-08,0.3,27.5,43.0,18.9,66.9,0.0,11.4,June,2023
5349,Khammam,Penuballi,2023-06-09,0.0,29.8,42.3,20.3,55.0,0.0,16.5,June,2023
5350,Khammam,Penuballi,2023-06-10,0.3,27.7,44.9,14.3,63.5,0.0,23.7,June,2023
5351,Khammam,Penuballi,2023-06-11,0.7,28.7,41.4,24.2,62.5,0.0,17.8,June,2023
5352,Khammam,Penuballi,2023-06-12,0.0,29.0,41.2,28.3,59.5,0.0,16.2,June,2023
5353,Khammam,Penuballi,2023-06-13,0.0,30.9,40.7,25.2,52.9,0.0,21.4,June,2023
5354,Khammam,Penuballi,2023-06-14,0.0,29.8,42.1,20.2,48.1,0.0,16.6,June,2023
5355,Khammam,Penuballi,2023-06-15,0.0,30.1,41.6,21.4,46.4,0.0,22.9,June,2023
5356,Khammam,Penuballi,2023-06-16,0.0,29.0,42.2,22.1,50.7,0.0,13.9,June,2023
5357,Khammam,Penuballi,2023-06-17,0.0,30.7,43.0,20.0,42.8,0.0,15.3,June,2023
5358,Khammam,Penuballi,2023-06-18,0.7,27.2,42.9,22.4,70.7,0.0,21.5,June,2023
5359,Khammam,Penuballi,2023-06-19,0.0,30.0,41.5,25.3,59.3,0.0,26.2,June,2023
5360,Khammam,Penuballi,2023-06-20,0.0,28.0,41.0,35.4,87.4,0.0,23.2,June,2023
5361,Khammam,Penuballi,2023-06-21,5.0,24.6,38.1,41.9,84.8,0.0,25.3,June,2023
5362,Khammam,Penuballi,2023-06-22,0.8,25.5,39.1,39.4,95.4,0.0,28.3,June,2023
5363,Khammam,Penuballi,2023-06-23,0.8,25.6,35.9,44.4,90.4,0.0,15.6,June,2023
5364,Khammam,Penuballi,2023-06-24,4.2,23.1,31.3,65.0,96.4,0.0,1.5,June,2023
5365,Khammam,Penuballi,2023-06-25,8.5,23.7,30.8,69.8,97.8,0.0,1.7,June,2023
5366,Khammam,Penuballi,2023-06-26,1.7,25.8,32.8,51.9,97.4,0.0,20.1,June,2023
5367,Khammam,Penuballi,2023-06-27,0.0,24.8,32.9,52.4,93.1,0.0,13.7,June,2023
5368,Khammam,Penuballi,2023-06-28,0.0,25.2,34.5,44.3,92.1,0.0,23.1,June,2023
5369,Khammam,Penuballi,2023-06-29,0.2,25.2,35.3,43.2,95.3,0.0,17.8,June,2023
5370,Khammam,Penuballi,2023-06-30,0.0,26.8,35.8,44.1,89.8,0.0,16.0,June,2023
5371,Khammam,Raghunadhapalem,2023-06-01,0.0,26.1,39.9,27.9,98.7,0.0,9.2,June,2023
5372,Khammam,Raghunadhapalem,2023-06-02,0.0,26.0,42.5,19.5,82.8,0.0,8.4,June,2023
5373,Khammam,Raghunadhapalem,2023-06-03,0.0,26.2,43.1,13.1,79.8,0.0,10.8,June,2023
5374,Khammam,Raghunadhapalem,2023-06-04,0.0,27.8,44.3,11.3,91.5,0.0,11.8,June,2023
5375,Khammam,Raghunadhapalem,2023-06-05,0.0,27.3,42.9,20.5,78.8,0.0,11.3,June,2023
5376,Khammam,Raghunadhapalem,2023-06-06,0.0,27.2,41.0,22.4,71.0,0.0,7.5,June,2023
5377,Khammam,Raghunadhapalem,2023-06-07,0.0,29.7,42.4,19.8,63.1,0.0,10.2,June,2023
5378,Khammam,Raghunadhapalem,2023-06-08,0.0,28.8,44.3,17.7,62.9,0.0,12.1,June,2023
5379,Khammam,Raghunadhapalem,2023-06-09,0.0,30.1,42.8,18.9,54.6,0.0,13.9,June,2023
5380,Khammam,Raghunadhapalem,2023-06-10,0.0,28.9,43.1,13.7,56.0,2.2,11.6,June,2023
5381,Khammam,Raghunadhapalem,2023-06-11,0.1,28.8,43.1,24.4,69.6,0.3,12.7,June,2023
5382,Khammam,Raghunadhapalem,2023-06-12,0.0,29.7,40.7,27.2,66.2,2.1,13.3,June,2023
5383,Khammam,Raghunadhapalem,2023-06-13,0.0,31.8,41.1,26.6,53.5,0.0,15.8,June,2023
5384,Khammam,Raghunadhapalem,2023-06-14,0.0,30.9,42.3,20.5,55.8,2.0,16.7,June,2023
5385,Khammam,Raghunadhapalem,2023-06-15,0.0,31.6,41.9,22.4,52.0,1.8,16.3,June,2023
5386,Khammam,Raghunadhapalem,2023-06-16,0.0,30.5,41.6,21.2,52.4,0.9,15.8,June,2023
5387,Khammam,Raghunadhapalem,2023-06-17,0.0,31.3,42.1,21.2,54.9,0.0,21.4,June,2023
5388,Khammam,Raghunadhapalem,2023-06-18,3.3,27.2,42.3,24.0,80.1,0.0,18.2,June,2023
5389,Khammam,Raghunadhapalem,2023-06-19,0.0,30.5,40.6,25.9,70.7,0.0,15.8,June,2023
5390,Khammam,Raghunadhapalem,2023-06-20,0.0,28.7,41.4,25.9,91.9,1.8,10.4,June,2023
5391,Khammam,Raghunadhapalem,2023-06-21,3.9,24.3,39.1,35.9,99.9,0.1,11.8,June,2023
5392,Khammam,Raghunadhapalem,2023-06-22,0.0,26.5,38.1,44.0,97.6,0.0,12.7,June,2023
5393,Khammam,Raghunadhapalem,2023-06-23,1.1,25.5,36.8,42.9,99.9,0.0,15.2,June,2023
5394,Khammam,Raghunadhapalem,2023-06-24,25.5,23.0,32.9,55.5,100.0,0.0,15.5,June,2023
5395,Khammam,Raghunadhapalem,2023-06-25,2.5,24.5,32.8,72.0,100.0,0.0,7.0,June,2023
5396,Khammam,Raghunadhapalem,2023-06-26,0.0,26.8,34.8,52.4,99.9,0.0,11.9,June,2023
5397,Khammam,Raghunadhapalem,2023-06-27,0.0,25.5,34.6,52.4,99.9,0.0,9.6,June,2023
5398,Khammam,Raghunadhapalem,2023-06-28,8.9,24.5,34.4,44.2,99.9,0.0,10.4,June,2023
5399,Khammam,Raghunadhapalem,2023-06-29,0.5,25.8,35.4,44.9,99.9,0.0,9.8,June,2023
5400,Khammam,Raghunadhapalem,2023-06-30,0.6,27.1,36.9,42.5,90.9,0.0,11.8,June,2023
5401,Khammam,Sathupalle,2023-06-01,0.0,25.1,43.5,28.1,100.0,0.0,6.6,June,2023
5402,Khammam,Sathupalle,2023-06-02,0.0,26.0,44.5,18.7,100.0,0.0,5.6,June,2023
5403,Khammam,Sathupalle,2023-06-03,0.0,24.4,45.1,16.3,91.1,0.0,3.8,June,2023
5404,Khammam,Sathupalle,2023-06-04,0.0,26.8,45.5,10.9,100.0,0.0,4.7,June,2023
5405,Khammam,Sathupalle,2023-06-05,0.0,26.0,43.3,20.9,83.5,0.0,6.9,June,2023
5406,Khammam,Sathupalle,2023-06-06,0.0,25.7,41.4,27.3,86.8,0.5,5.9,June,2023
5407,Khammam,Sathupalle,2023-06-07,0.0,26.0,44.0,16.6,78.6,0.6,10.8,June,2023
5408,Khammam,Sathupalle,2023-06-08,3.3,24.5,44.2,23.2,85.5,0.0,7.2,June,2023
5409,Khammam,Sathupalle,2023-06-09,0.0,25.3,42.7,26.2,69.5,0.0,11.6,June,2023
5410,Khammam,Sathupalle,2023-06-10,0.0,28.2,45.8,18.0,64.6,0.0,5.2,June,2023
5411,Khammam,Sathupalle,2023-06-11,0.2,27.6,44.0,26.6,69.1,1.0,8.0,June,2023
5412,Khammam,Sathupalle,2023-06-12,0.0,27.3,42.9,28.6,68.1,0.0,10.6,June,2023
5413,Khammam,Sathupalle,2023-06-13,0.0,28.8,43.4,27.2,72.9,0.0,9.0,June,2023
5414,Khammam,Sathupalle,2023-06-14,0.0,26.5,43.4,19.3,64.1,0.0,8.3,June,2023
5415,Khammam,Sathupalle,2023-06-15,0.0,26.0,42.4,22.8,68.0,0.0,12.1,June,2023
5416,Khammam,Sathupalle,2023-06-16,0.0,24.5,42.5,21.4,70.7,0.0,12.0,June,2023
5417,Khammam,Sathupalle,2023-06-17,0.0,25.4,43.6,18.0,75.3,0.0,10.5,June,2023
5418,Khammam,Sathupalle,2023-06-18,0.5,27.8,44.4,25.4,79.6,0.6,8.3,June,2023
5419,Khammam,Sathupalle,2023-06-19,0.0,27.0,43.2,27.8,87.8,0.0,10.8,June,2023
5420,Khammam,Sathupalle,2023-06-20,0.0,27.0,40.8,35.7,100.0,0.0,6.4,June,2023
5421,Khammam,Sathupalle,2023-06-21,5.0,24.5,39.8,46.9,100.0,1.4,7.6,June,2023
5422,Khammam,Sathupalle,2023-06-22,2.2,24.4,39.5,45.8,100.0,0.0,5.8,June,2023
5423,Khammam,Sathupalle,2023-06-23,2.5,24.9,36.9,50.3,100.0,0.0,4.3,June,2023
5424,Khammam,Sathupalle,2023-06-24,6.3,22.7,30.8,72.5,100.0,0.0,1.6,June,2023
5425,Khammam,Sathupalle,2023-06-25,15.9,22.9,30.0,77.5,99.9,0.0,4.7,June,2023
5426,Khammam,Sathupalle,2023-06-26,0.9,25.3,34.3,55.5,100.0,0.0,7.8,June,2023
5427,Khammam,Sathupalle,2023-06-27,0.5,23.8,33.1,57.0,100.0,0.0,6.0,June,2023
5428,Khammam,Sathupalle,2023-06-28,0.1,24.5,35.6,46.6,100.0,0.0,8.8,June,2023
5429,Khammam,Sathupalle,2023-06-29,0.3,24.7,37.8,43.5,99.9,0.0,9.4,June,2023
5430,Khammam,Sathupalle,2023-06-30,0.0,25.9,36.0,49.7,99.9,0.0,3.8,June,2023
5431,Khammam,Singareni,2023-06-01,0.0,26.7,38.5,29.5,92.0,0.0,6.0,June,2023
5432,Khammam,Singareni,2023-06-02,0.0,27.0,40.8,21.7,66.6,0.0,8.1,June,2023
5433,Khammam,Singareni,2023-06-03,0.0,26.6,42.7,14.9,75.6,0.0,6.4,June,2023
5434,Khammam,Singareni,2023-06-04,0.0,28.6,43.8,13.2,64.6,0.0,8.6,June,2023
5435,Khammam,Singareni,2023-06-05,0.0,26.8,42.5,19.9,64.1,0.0,10.9,June,2023
5436,Khammam,Singareni,2023-06-06,0.0,27.8,40.5,22.1,76.3,0.0,7.8,June,2023
5437,Khammam,Singareni,2023-06-07,0.0,26.1,42.5,18.0,60.2,0.0,7.5,June,2023
5438,Khammam,Singareni,2023-06-08,0.3,29.3,43.0,17.4,47.2,0.0,8.3,June,2023
5439,Khammam,Singareni,2023-06-09,0.0,28.6,42.7,19.0,47.2,0.0,8.3,June,2023
5440,Khammam,Singareni,2023-06-10,0.7,30.3,44.3,23.6,62.6,0.0,11.0,June,2023
5441,Khammam,Singareni,2023-06-11,0.0,27.5,43.0,31.7,82.7,0.0,11.8,June,2023
5442,Khammam,Singareni,2023-06-12,0.0,28.8,42.1,40.2,63.4,0.0,10.0,June,2023
5443,Khammam,Singareni,2023-06-13,0.0,30.3,41.5,32.2,59.6,0.0,8.7,June,2023
5444,Khammam,Singareni,2023-06-14,0.0,29.9,42.7,26.8,61.0,0.0,9.3,June,2023
5445,Khammam,Singareni,2023-06-15,0.0,29.7,42.5,31.1,58.0,0.0,10.9,June,2023
5446,Khammam,Singareni,2023-06-16,0.0,27.9,42.8,31.2,59.7,0.0,10.8,June,2023
5447,Khammam,Singareni,2023-06-17,0.0,28.7,42.8,25.9,60.7,0.0,10.3,June,2023
5448,Khammam,Singareni,2023-06-18,1.8,30.6,42.0,31.4,63.4,0.0,10.7,June,2023
5449,Khammam,Singareni,2023-06-19,0.0,30.6,41.4,33.9,65.4,0.0,10.5,June,2023
5450,Khammam,Singareni,2023-06-20,0.0,28.2,40.8,34.6,78.9,0.0,7.9,June,2023
5451,Khammam,Singareni,2023-06-21,4.0,24.3,39.7,40.2,100.0,0.0,9.7,June,2023
5452,Khammam,Singareni,2023-06-22,0.0,25.6,37.2,55.4,86.7,0.0,10.3,June,2023
5453,Khammam,Singareni,2023-06-23,5.0,24.8,37.2,50.0,99.1,0.0,8.7,June,2023
5454,Khammam,Singareni,2023-06-24,42.2,22.6,32.4,73.8,100.0,0.0,4.0,June,2023
5455,Khammam,Singareni,2023-06-25,5.1,23.8,32.3,75.6,100.0,0.0,7.2,June,2023
5456,Khammam,Singareni,2023-06-26,0.0,25.5,34.1,70.6,97.6,0.0,10.4,June,2023
5457,Khammam,Singareni,2023-06-27,0.6,24.6,32.4,72.2,97.9,0.0,10.0,June,2023
5458,Khammam,Singareni,2023-06-28,17.0,24.0,32.7,61.8,100.0,0.0,8.1,June,2023
5459,Khammam,Singareni,2023-06-29,3.1,24.9,36.7,57.3,99.9,0.0,7.7,June,2023
5460,Khammam,Singareni,2023-06-30,1.4,24.9,37.6,55.4,91.6,0.0,8.0,June,2023
5461,Khammam,Thallada,2023-06-01,0.0,26.3,38.8,28.5,85.0,0.0,7.1,June,2023
5462,Khammam,Thallada,2023-06-02,0.0,27.3,42.4,22.2,96.7,0.0,11.2,June,2023
5463,Khammam,Thallada,2023-06-03,0.0,26.3,42.4,16.9,83.7,0.0,8.2,June,2023
5464,Khammam,Thallada,2023-06-04,0.0,28.7,44.1,11.9,84.5,0.0,10.5,June,2023
5465,Khammam,Thallada,2023-06-05,0.0,25.4,42.2,21.1,76.9,0.0,16.0,June,2023
5466,Khammam,Thallada,2023-06-06,0.0,26.9,42.4,24.8,76.4,0.0,10.8,June,2023
5467,Khammam,Thallada,2023-06-07,0.0,28.2,41.2,21.6,72.8,0.0,7.0,June,2023
5468,Khammam,Thallada,2023-06-08,0.0,28.0,42.4,20.9,70.4,0.0,8.9,June,2023
5469,Khammam,Thallada,2023-06-09,0.0,28.2,42.2,20.9,72.3,0.0,13.7,June,2023
5470,Khammam,Thallada,2023-06-10,0.0,28.3,44.6,17.1,70.4,0.0,9.8,June,2023
5471,Khammam,Thallada,2023-06-11,0.0,27.0,38.5,33.2,72.2,0.7,10.5,June,2023
5472,Khammam,Thallada,2023-06-12,0.0,27.8,42.2,40.2,76.9,0.0,11.5,June,2023
5473,Khammam,Thallada,2023-06-13,0.0,28.3,42.2,27.9,70.5,0.0,11.6,June,2023
5474,Khammam,Thallada,2023-06-14,0.0,28.5,39.7,23.5,70.1,0.0,11.3,June,2023
5475,Khammam,Thallada,2023-06-15,0.0,28.4,40.0,25.5,66.2,0.0,9.1,June,2023
5476,Khammam,Thallada,2023-06-16,0.0,28.6,41.4,24.2,72.4,0.0,11.2,June,2023
5477,Khammam,Thallada,2023-06-17,0.0,28.8,41.5,24.2,64.5,0.0,8.0,June,2023
5478,Khammam,Thallada,2023-06-18,0.0,29.4,39.2,27.4,77.5,0.0,9.7,June,2023
5479,Khammam,Thallada,2023-06-19,2.5,29.2,42.0,27.2,84.3,0.0,9.4,June,2023
5480,Khammam,Thallada,2023-06-20,0.0,28.6,38.5,28.6,85.0,1.2,8.9,June,2023
5481,Khammam,Thallada,2023-06-21,10.6,27.2,39.9,48.2,97.0,0.0,31.7,June,2023
5482,Khammam,Thallada,2023-06-22,0.0,26.5,39.3,38.4,90.8,0.0,12.1,June,2023
5483,Khammam,Thallada,2023-06-23,7.3,25.9,37.1,44.7,93.6,0.0,12.2,June,2023
5484,Khammam,Thallada,2023-06-24,10.6,24.9,32.2,77.5,98.2,0.0,7.3,June,2023
5485,Khammam,Thallada,2023-06-25,7.3,24.3,30.7,85.9,100.0,0.0,10.4,June,2023
5486,Khammam,Thallada,2023-06-26,0.0,25.1,31.6,53.0,91.3,0.0,14.5,June,2023
5487,Khammam,Thallada,2023-06-27,2.5,24.5,33.9,48.7,100.0,0.0,11.4,June,2023
5488,Khammam,Thallada,2023-06-28,0.0,24.7,34.5,40.3,96.1,0.0,12.7,June,2023
5489,Khammam,Thallada,2023-06-29,11.8,24.6,34.6,41.4,100.0,0.0,11.0,June,2023
5490,Khammam,Thallada,2023-06-30,0.0,25.2,34.7,41.4,77.9,0.2,14.7,June,2023
5491,Khammam,Thirumalayapalem,2023-06-01,0.0,26.1,39.9,30.6,100.0,0.0,5.5,June,2023
5492,Khammam,Thirumalayapalem,2023-06-02,0.0,25.9,42.7,25.8,100.0,0.0,5.5,June,2023
5493,Khammam,Thirumalayapalem,2023-06-03,0.0,26.8,44.2,23.6,79.3,0.0,6.8,June,2023
5494,Khammam,Thirumalayapalem,2023-06-04,0.0,27.7,45.1,16.3,100.0,0.0,10.2,June,2023
5495,Khammam,Thirumalayapalem,2023-06-05,0.1,26.8,42.2,23.1,93.1,0.0,8.8,June,2023
5496,Khammam,Thirumalayapalem,2023-06-06,0.0,27.2,41.4,27.4,88.4,0.0,8.1,June,2023
5497,Khammam,Thirumalayapalem,2023-06-07,0.0,27.7,42.6,25.3,83.8,0.1,4.2,June,2023
5498,Khammam,Thirumalayapalem,2023-06-08,0.0,27.8,43.6,26.4,90.6,0.0,9.1,June,2023
5499,Khammam,Thirumalayapalem,2023-06-09,0.0,30.2,44.2,26.2,76.1,0.0,9.2,June,2023
5500,Khammam,Thirumalayapalem,2023-06-10,0.0,29.7,44.3,18.8,72.2,0.0,13.9,June,2023
5501,Khammam,Thirumalayapalem,2023-06-11,0.8,26.6,42.2,29.1,89.3,0.0,12.3,June,2023
5502,Khammam,Thirumalayapalem,2023-06-12,0.0,28.1,41.4,32.7,84.7,0.0,11.4,June,2023
5503,Khammam,Thirumalayapalem,2023-06-13,0.0,30.7,41.7,30.1,74.9,0.0,11.1,June,2023
5504,Khammam,Thirumalayapalem,2023-06-14,0.0,30.7,42.6,24.5,71.9,0.0,11.1,June,2023
5505,Khammam,Thirumalayapalem,2023-06-15,0.0,31.2,42.5,25.5,66.5,0.0,12.4,June,2023
5506,Khammam,Thirumalayapalem,2023-06-16,0.0,30.4,42.5,31.4,72.1,0.0,10.8,June,2023
5507,Khammam,Thirumalayapalem,2023-06-17,0.0,31.2,42.5,25.2,68.4,0.0,11.3,June,2023
5508,Khammam,Thirumalayapalem,2023-06-18,1.4,27.3,42.3,29.1,78.9,0.0,12.0,June,2023
5509,Khammam,Thirumalayapalem,2023-06-19,0.0,30.7,39.9,35.6,84.4,0.0,11.8,June,2023
5510,Khammam,Thirumalayapalem,2023-06-20,0.0,28.0,42.2,30.7,100.0,0.0,10.2,June,2023
5511,Khammam,Thirumalayapalem,2023-06-21,3.3,24.9,40.2,38.2,100.0,0.0,3.8,June,2023
5512,Khammam,Thirumalayapalem,2023-06-22,0.0,26.3,37.4,51.6,100.0,0.0,15.0,June,2023
5513,Khammam,Thirumalayapalem,2023-06-23,0.6,25.3,36.3,54.8,100.0,0.0,12.0,June,2023
5514,Khammam,Thirumalayapalem,2023-06-24,18.5,22.0,34.1,68.7,100.0,0.0,14.8,June,2023
5515,Khammam,Thirumalayapalem,2023-06-25,2.3,23.7,32.4,84.4,100.0,0.0,10.2,June,2023
5516,Khammam,Thirumalayapalem,2023-06-26,0.0,25.7,33.9,68.2,100.0,0.0,13.7,June,2023
5517,Khammam,Thirumalayapalem,2023-06-27,2.3,24.6,33.7,65.3,100.0,0.0,9.2,June,2023
5518,Khammam,Thirumalayapalem,2023-06-28,10.7,24.2,34.8,57.9,100.0,0.0,11.7,June,2023
5519,Khammam,Thirumalayapalem,2023-06-29,0.5,24.7,37.2,60.0,100.0,0.0,10.4,June,2023
5520,Khammam,Thirumalayapalem,2023-06-30,0.0,25.3,36.2,60.0,100.0,0.0,7.1,June,2023
5521,Khammam,Vemsoor,2023-06-01,0.0,25.9,41.6,30.7,93.9,0.0,1.8,June,2023
5522,Khammam,Vemsoor,2023-06-02,0.0,27.4,42.0,29.0,94.4,0.0,4.7,June,2023
5523,Khammam,Vemsoor,2023-06-03,0.0,25.8,43.9,21.2,91.9,0.0,2.1,June,2023
5524,Khammam,Vemsoor,2023-06-04,0.0,27.7,43.5,22.3,92.7,0.0,3.7,June,2023
5525,Khammam,Vemsoor,2023-06-05,9.6,27.1,41.1,29.6,79.8,0.0,3.7,June,2023
5526,Khammam,Vemsoor,2023-06-06,0.0,26.0,39.8,33.7,85.0,0.0,2.7,June,2023
5527,Khammam,Vemsoor,2023-06-07,0.0,28.0,42.6,27.5,71.4,0.0,10.8,June,2023
5528,Khammam,Vemsoor,2023-06-08,0.0,26.3,43.1,26.7,84.4,0.0,5.8,June,2023
5529,Khammam,Vemsoor,2023-06-09,0.0,27.7,42.4,29.9,69.5,0.0,0.3,June,2023
5530,Khammam,Vemsoor,2023-06-10,0.0,30.7,43.6,22.1,59.3,0.0,0.5,June,2023
5531,Khammam,Vemsoor,2023-06-11,0.4,28.6,42.0,29.9,69.1,0.0,0.5,June,2023
5532,Khammam,Vemsoor,2023-06-12,0.0,29.3,41.1,35.3,66.3,0.0,0.4,June,2023
5533,Khammam,Vemsoor,2023-06-13,0.0,30.7,41.6,33.0,72.9,0.0,0.3,June,2023
5534,Khammam,Vemsoor,2023-06-14,0.0,29.7,42.7,26.5,55.4,0.0,0.2,June,2023
5535,Khammam,Vemsoor,2023-06-15,0.0,29.5,42.0,29.7,55.7,0.0,0.2,June,2023
5536,Khammam,Vemsoor,2023-06-16,0.0,28.2,41.8,29.1,59.3,0.0,0.1,June,2023
5537,Khammam,Vemsoor,2023-06-17,0.0,29.6,42.6,27.1,61.3,0.0,0.1,June,2023
5538,Khammam,Vemsoor,2023-06-18,0.0,29.3,43.8,29.6,74.6,0.0,0.0,June,2023
5539,Khammam,Vemsoor,2023-06-19,16.4,29.3,41.5,32.1,71.4,0.0,0.2,June,2023
5540,Khammam,Vemsoor,2023-06-20,0.0,28.0,37.7,48.6,92.0,0.0,0.1,June,2023
5541,Khammam,Vemsoor,2023-06-21,0.0,25.4,38.6,48.4,93.6,0.0,0.1,June,2023
5542,Khammam,Vemsoor,2023-06-22,13.6,25.0,38.1,48.7,94.3,0.0,0.7,June,2023
5543,Khammam,Vemsoor,2023-06-23,0.0,25.2,36.6,50.3,92.4,0.0,0.0,June,2023
5544,Khammam,Vemsoor,2023-06-24,11.8,22.7,30.5,72.5,91.4,0.0,0.2,June,2023
5545,Khammam,Vemsoor,2023-06-25,2.2,24.5,29.7,82.8,94.9,0.0,0.0,June,2023
5546,Khammam,Vemsoor,2023-06-26,0.0,25.4,33.5,55.5,94.5,0.0,0.1,June,2023
5547,Khammam,Vemsoor,2023-06-27,0.0,24.4,32.4,57.0,94.5,0.0,0.2,June,2023
5548,Khammam,Vemsoor,2023-06-28,0.0,25.4,35.3,46.6,93.6,0.0,0.1,June,2023
5549,Khammam,Vemsoor,2023-06-29,0.0,25.5,36.3,45.8,94.0,0.0,0.2,June,2023
5550,Khammam,Vemsoor,2023-06-30,0.0,27.7,35.7,49.7,90.9,0.0,0.0,June,2023
5551,Khammam,Wyra,2023-06-01,0.0,26.3,38.8,36.4,94.0,0.0,6.4,June,2023
5552,Khammam,Wyra,2023-06-02,0.0,27.0,42.1,32.0,93.7,0.0,15.2,June,2023
5553,Khammam,Wyra,2023-06-03,0.0,26.0,42.1,24.3,84.3,0.0,5.8,June,2023
5554,Khammam,Wyra,2023-06-04,0.0,28.6,42.6,17.8,88.0,0.0,9.0,June,2023
5555,Khammam,Wyra,2023-06-05,0.0,26.2,41.9,30.8,83.7,0.0,10.3,June,2023
5556,Khammam,Wyra,2023-06-06,0.0,26.6,42.1,25.5,76.4,0.0,10.8,June,2023
5557,Khammam,Wyra,2023-06-07,0.0,28.2,42.1,28.8,72.8,0.0,7.7,June,2023
5558,Khammam,Wyra,2023-06-08,0.0,28.0,42.1,20.9,71.3,0.0,7.2,June,2023
5559,Khammam,Wyra,2023-06-09,0.0,28.1,41.9,25.5,72.3,0.0,10.7,June,2023
5560,Khammam,Wyra,2023-06-10,0.0,28.3,44.3,17.1,70.6,0.0,8.4,June,2023
5561,Khammam,Wyra,2023-06-11,0.0,27.0,38.5,40.7,74.6,0.7,8.5,June,2023
5562,Khammam,Wyra,2023-06-12,0.0,27.8,41.9,43.7,76.9,0.0,9.5,June,2023
5563,Khammam,Wyra,2023-06-13,0.0,28.3,41.9,38.1,70.5,0.0,8.3,June,2023
5564,Khammam,Wyra,2023-06-14,0.0,28.5,41.6,24.8,66.4,0.0,9.0,June,2023
5565,Khammam,Wyra,2023-06-15,0.0,28.4,41.3,25.5,63.8,0.0,9.7,June,2023
5566,Khammam,Wyra,2023-06-16,0.0,28.6,41.1,24.2,70.1,0.0,10.6,June,2023
5567,Khammam,Wyra,2023-06-17,0.0,28.8,41.5,35.0,64.5,0.0,8.0,June,2023
5568,Khammam,Wyra,2023-06-18,0.0,29.4,39.0,28.8,74.4,0.0,9.7,June,2023
5569,Khammam,Wyra,2023-06-19,0.0,29.2,41.7,36.0,84.3,0.0,9.4,June,2023
5570,Khammam,Wyra,2023-06-20,0.0,28.6,38.6,42.6,86.3,0.3,8.1,June,2023
5571,Khammam,Wyra,2023-06-21,4.5,26.7,39.6,48.2,98.0,0.0,31.7,June,2023
5572,Khammam,Wyra,2023-06-22,0.9,26.5,39.0,39.5,92.2,0.0,16.1,June,2023
5573,Khammam,Wyra,2023-06-23,3.7,26.0,36.8,54.2,99.3,0.0,12.2,June,2023
5574,Khammam,Wyra,2023-06-24,5.2,24.9,32.5,77.5,98.2,0.0,7.1,June,2023
5575,Khammam,Wyra,2023-06-25,5.6,24.3,32.4,84.6,100.0,0.0,10.4,June,2023
5576,Khammam,Wyra,2023-06-26,0.0,25.1,34.1,63.5,91.3,0.0,14.5,June,2023
5577,Khammam,Wyra,2023-06-27,1.8,24.4,33.6,49.7,100.0,0.0,8.9,June,2023
5578,Khammam,Wyra,2023-06-28,0.2,24.7,34.5,43.0,91.2,0.0,10.5,June,2023
5579,Khammam,Wyra,2023-06-29,6.7,24.6,36.2,41.4,100.0,0.0,9.8,June,2023
5580,Khammam,Wyra,2023-06-30,0.0,25.2,36.5,41.4,83.9,0.0,14.7,June,2023
5581,Khammam,Yerrupalem,2023-06-01,0.0,26.3,41.5,52.1,94.3,0.0,0.0,June,2023
5582,Khammam,Yerrupalem,2023-06-02,0.0,27.5,42.0,47.8,86.6,0.0,0.0,June,2023
5583,Khammam,Yerrupalem,2023-06-03,0.0,28.5,44.4,25.9,90.8,0.0,0.0,June,2023
5584,Khammam,Yerrupalem,2023-06-04,0.0,28.7,44.8,35.1,84.3,0.0,0.0,June,2023
5585,Khammam,Yerrupalem,2023-06-05,0.0,26.2,41.7,35.9,83.7,0.0,14.4,June,2023
5586,Khammam,Yerrupalem,2023-06-06,0.0,27.7,42.0,40.9,83.3,0.0,13.2,June,2023
5587,Khammam,Yerrupalem,2023-06-07,0.0,29.1,44.0,37.6,77.5,0.0,15.1,June,2023
5588,Khammam,Yerrupalem,2023-06-08,0.0,28.0,44.5,33.6,72.4,0.0,11.5,June,2023
5589,Khammam,Yerrupalem,2023-06-09,0.0,28.7,42.2,31.7,71.6,0.0,7.7,June,2023
5590,Khammam,Yerrupalem,2023-06-10,0.0,28.9,44.5,32.8,64.7,0.0,13.1,June,2023
5591,Khammam,Yerrupalem,2023-06-11,0.0,27.0,42.3,40.5,73.6,0.0,18.1,June,2023
5592,Khammam,Yerrupalem,2023-06-12,0.0,28.8,41.6,47.8,71.5,0.0,18.9,June,2023
5593,Khammam,Yerrupalem,2023-06-13,0.0,29.0,42.1,46.0,70.9,0.0,15.4,June,2023
5594,Khammam,Yerrupalem,2023-06-14,0.0,28.5,42.1,40.3,70.9,0.0,22.0,June,2023
5595,Khammam,Yerrupalem,2023-06-15,0.0,30.2,42.5,42.4,70.4,0.0,19.7,June,2023
5596,Khammam,Yerrupalem,2023-06-16,0.0,29.1,42.6,36.1,70.0,0.0,21.5,June,2023
5597,Khammam,Yerrupalem,2023-06-17,0.0,28.8,43.7,35.8,70.4,0.0,18.4,June,2023
5598,Khammam,Yerrupalem,2023-06-18,0.0,29.8,42.4,35.9,71.5,0.0,17.3,June,2023
5599,Khammam,Yerrupalem,2023-06-19,0.0,29.6,41.5,45.8,70.9,0.0,15.1,June,2023
5600,Khammam,Yerrupalem,2023-06-20,0.0,29.2,42.0,44.0,77.3,0.0,0.0,June,2023
5601,Khammam,Yerrupalem,2023-06-21,27.4,27.0,38.7,46.4,97.1,0.0,25.3,June,2023
5602,Khammam,Yerrupalem,2023-06-22,15.3,26.5,41.1,61.2,99.9,0.0,25.2,June,2023
5603,Khammam,Yerrupalem,2023-06-23,0.0,25.7,37.3,64.3,90.8,0.0,9.0,June,2023
5604,Khammam,Yerrupalem,2023-06-24,23.7,25.2,32.6,76.9,99.9,0.0,0.0,June,2023
5605,Khammam,Yerrupalem,2023-06-25,6.1,26.0,32.5,76.9,99.9,0.0,1.0,June,2023
5606,Khammam,Yerrupalem,2023-06-26,5.0,25.1,34.6,64.1,91.4,0.0,3.3,June,2023
5607,Khammam,Yerrupalem,2023-06-27,7.8,26.4,33.8,70.8,98.7,0.0,14.4,June,2023
5608,Khammam,Yerrupalem,2023-06-28,0.0,24.7,36.2,63.2,90.8,0.0,9.6,June,2023
5609,Khammam,Yerrupalem,2023-06-29,10.1,24.9,37.0,60.9,99.9,0.0,13.3,June,2023
5610,Khammam,Yerrupalem,2023-06-30,0.0,26.1,36.7,63.5,85.3,0.0,3.7,June,2023
5611,Kumuram Bheem,Asifabad,2023-06-01,0.0,26.7,38.9,35.5,78.7,0.0,7.6,June,2023
5612,Kumuram Bheem,Asifabad,2023-06-02,0.0,25.8,41.0,25.4,65.0,0.0,10.0,June,2023
5613,Kumuram Bheem,Asifabad,2023-06-03,0.0,27.7,41.5,24.0,52.8,0.0,11.9,June,2023
5614,Kumuram Bheem,Asifabad,2023-06-04,0.0,27.5,40.2,32.3,63.3,0.0,8.5,June,2023
5615,Kumuram Bheem,Asifabad,2023-06-05,1.2,24.0,39.9,33.1,81.2,0.0,12.0,June,2023
5616,Kumuram Bheem,Asifabad,2023-06-06,0.0,28.0,39.4,32.1,64.9,0.0,8.3,June,2023
5617,Kumuram Bheem,Asifabad,2023-06-07,0.0,26.4,39.6,34.8,70.0,0.0,16.2,June,2023
5618,Kumuram Bheem,Asifabad,2023-06-08,1.0,28.3,40.0,34.5,73.0,0.0,10.5,June,2023
5619,Kumuram Bheem,Asifabad,2023-06-09,0.0,27.8,41.0,26.6,57.5,0.0,12.4,June,2023
5620,Kumuram Bheem,Asifabad,2023-06-10,0.0,30.5,41.4,28.7,53.5,0.0,15.5,June,2023
5621,Kumuram Bheem,Asifabad,2023-06-11,3.0,28.5,39.9,38.8,70.8,0.0,18.4,June,2023
5622,Kumuram Bheem,Asifabad,2023-06-12,0.0,29.1,39.5,38.0,74.8,0.0,12.7,June,2023
5623,Kumuram Bheem,Asifabad,2023-06-13,0.0,29.5,40.6,34.6,73.7,0.0,12.7,June,2023
5624,Kumuram Bheem,Asifabad,2023-06-14,0.0,30.8,40.4,33.1,55.2,0.0,13.3,June,2023
5625,Kumuram Bheem,Asifabad,2023-06-15,0.0,30.6,40.7,32.7,57.4,0.0,12.6,June,2023
5626,Kumuram Bheem,Asifabad,2023-06-16,0.0,30.2,40.0,32.4,50.5,0.0,12.5,June,2023
5627,Kumuram Bheem,Asifabad,2023-06-17,0.0,30.8,41.1,30.7,52.8,0.0,13.6,June,2023
5628,Kumuram Bheem,Asifabad,2023-06-18,0.0,31.5,40.9,34.4,51.0,0.0,12.9,June,2023
5629,Kumuram Bheem,Asifabad,2023-06-19,0.0,31.7,40.0,35.1,50.6,0.0,14.8,June,2023
5630,Kumuram Bheem,Asifabad,2023-06-20,0.0,30.2,40.3,34.4,55.9,0.0,11.5,June,2023
5631,Kumuram Bheem,Asifabad,2023-06-21,0.9,27.6,40.5,35.2,75.3,0.0,9.4,June,2023
5632,Kumuram Bheem,Asifabad,2023-06-22,6.9,26.4,37.8,42.3,88.4,0.0,10.4,June,2023
5633,Kumuram Bheem,Asifabad,2023-06-23,7.5,24.4,35.7,50.7,96.9,0.0,13.0,June,2023
5634,Kumuram Bheem,Asifabad,2023-06-24,1.9,25.4,28.6,82.0,94.8,0.0,1.6,June,2023
5635,Kumuram Bheem,Asifabad,2023-06-25,5.3,24.4,31.0,76.7,97.3,0.0,4.9,June,2023
5636,Kumuram Bheem,Asifabad,2023-06-26,26.0,24.6,30.2,78.0,98.0,0.0,10.7,June,2023
5637,Kumuram Bheem,Asifabad,2023-06-27,27.8,23.1,26.0,88.6,96.8,0.0,8.2,June,2023
5638,Kumuram Bheem,Asifabad,2023-06-28,8.8,24.2,25.4,92.7,95.6,0.0,10.2,June,2023
5639,Kumuram Bheem,Asifabad,2023-06-29,0.0,25.5,30.3,72.6,89.9,0.0,12.6,June,2023
5640,Kumuram Bheem,Asifabad,2023-06-30,0.0,26.7,32.6,62.3,80.0,0.0,14.4,June,2023
5641,Kumuram Bheem,Bejjur,2023-06-01,0.0,25.9,40.8,22.2,83.7,0.0,7.7,June,2023
5642,Kumuram Bheem,Bejjur,2023-06-02,0.0,26.3,42.8,11.3,64.8,0.0,11.0,June,2023
5643,Kumuram Bheem,Bejjur,2023-06-03,0.0,27.9,42.9,12.2,45.0,0.0,17.8,June,2023
5644,Kumuram Bheem,Bejjur,2023-06-04,0.7,28.6,44.2,12.2,54.8,0.0,14.3,June,2023
5645,Kumuram Bheem,Bejjur,2023-06-05,0.0,27.0,42.9,17.0,68.7,0.0,12.3,June,2023
5646,Kumuram Bheem,Bejjur,2023-06-06,0.0,27.5,41.0,20.4,62.3,0.0,13.2,June,2023
5647,Kumuram Bheem,Bejjur,2023-06-07,0.0,28.1,42.1,14.3,54.8,0.0,16.1,June,2023
5648,Kumuram Bheem,Bejjur,2023-06-08,0.0,28.4,42.8,16.6,54.3,0.0,11.5,June,2023
5649,Kumuram Bheem,Bejjur,2023-06-09,0.0,27.1,42.9,12.2,50.7,0.0,14.8,June,2023
5650,Kumuram Bheem,Bejjur,2023-06-10,0.0,32.1,43.7,14.9,37.6,0.0,10.5,June,2023
5651,Kumuram Bheem,Bejjur,2023-06-11,6.0,28.5,41.3,22.4,69.7,0.0,18.9,June,2023
5652,Kumuram Bheem,Bejjur,2023-06-12,0.0,28.0,40.7,23.1,73.5,0.0,14.9,June,2023
5653,Kumuram Bheem,Bejjur,2023-06-13,0.0,29.6,42.4,22.7,62.8,0.0,12.2,June,2023
5654,Kumuram Bheem,Bejjur,2023-06-14,0.0,31.5,41.5,18.2,41.4,0.0,14.5,June,2023
5655,Kumuram Bheem,Bejjur,2023-06-15,0.0,29.8,42.5,19.8,50.0,0.0,12.1,June,2023
5656,Kumuram Bheem,Bejjur,2023-06-16,0.0,29.3,41.2,21.0,50.7,0.0,14.1,June,2023
5657,Kumuram Bheem,Bejjur,2023-06-17,0.0,30.4,42.8,17.7,40.8,0.0,18.7,June,2023
5658,Kumuram Bheem,Bejjur,2023-06-18,0.0,30.8,42.1,20.4,43.1,0.0,14.9,June,2023
5659,Kumuram Bheem,Bejjur,2023-06-19,0.0,31.1,40.7,22.4,42.5,0.0,14.9,June,2023
5660,Kumuram Bheem,Bejjur,2023-06-20,0.0,31.0,41.5,21.7,50.0,0.0,10.7,June,2023
5661,Kumuram Bheem,Bejjur,2023-06-21,1.2,27.6,42.4,22.4,85.9,0.0,12.7,June,2023
5662,Kumuram Bheem,Bejjur,2023-06-22,7.6,25.3,41.4,29.4,100.0,0.0,22.8,June,2023
5663,Kumuram Bheem,Bejjur,2023-06-23,5.6,25.0,35.3,46.1,100.0,0.0,14.3,June,2023
5664,Kumuram Bheem,Bejjur,2023-06-24,3.5,26.2,27.9,90.5,98.8,0.0,7.1,June,2023
5665,Kumuram Bheem,Bejjur,2023-06-25,9.3,25.2,31.2,98.2,100.0,0.0,10.8,June,2023
5666,Kumuram Bheem,Bejjur,2023-06-26,51.7,24.7,32.1,94.4,100.0,0.0,8.1,June,2023
5667,Kumuram Bheem,Bejjur,2023-06-27,31.5,23.7,27.1,90.8,100.0,0.0,9.1,June,2023
5668,Kumuram Bheem,Bejjur,2023-06-28,4.4,24.8,26.2,81.8,99.7,0.0,11.4,June,2023
5669,Kumuram Bheem,Bejjur,2023-06-29,3.9,25.6,31.1,75.5,97.0,0.0,10.4,June,2023
5670,Kumuram Bheem,Bejjur,2023-06-30,0.0,26.8,32.7,84.5,100.0,0.0,11.7,June,2023
5671,Kumuram Bheem,Chintalamanepally,2023-06-01,0.0,25.8,40.5,28.6,80.9,0.0,5.8,June,2023
5672,Kumuram Bheem,Chintalamanepally,2023-06-02,0.0,26.3,42.7,20.3,56.5,0.0,10.6,June,2023
5673,Kumuram Bheem,Chintalamanepally,2023-06-03,0.0,29.0,43.3,25.2,56.5,0.0,12.0,June,2023
5674,Kumuram Bheem,Chintalamanepally,2023-06-04,0.0,28.9,45.5,25.2,56.5,0.0,14.4,June,2023
5675,Kumuram Bheem,Chintalamanepally,2023-06-05,0.0,26.2,42.7,37.7,60.4,0.0,23.5,June,2023
5676,Kumuram Bheem,Chintalamanepally,2023-06-06,0.0,28.8,41.4,22.1,53.5,0.0,11.8,June,2023
5677,Kumuram Bheem,Chintalamanepally,2023-06-07,0.0,29.6,42.7,25.2,56.5,0.0,16.4,June,2023
5678,Kumuram Bheem,Chintalamanepally,2023-06-08,0.0,28.4,42.7,56.5,60.4,0.0,14.8,June,2023
5679,Kumuram Bheem,Chintalamanepally,2023-06-09,0.0,29.4,45.5,25.2,56.5,0.0,13.6,June,2023
5680,Kumuram Bheem,Chintalamanepally,2023-06-10,0.0,32.1,42.7,18.8,39.0,0.0,11.6,June,2023
5681,Kumuram Bheem,Chintalamanepally,2023-06-11,5.8,28.2,41.4,27.4,87.7,0.0,13.2,June,2023
5682,Kumuram Bheem,Chintalamanepally,2023-06-12,0.0,28.5,41.4,30.0,72.1,0.0,18.1,June,2023
5683,Kumuram Bheem,Chintalamanepally,2023-06-13,0.0,29.8,42.7,37.9,64.3,0.0,14.6,June,2023
5684,Kumuram Bheem,Chintalamanepally,2023-06-14,0.0,31.9,41.4,26.0,48.0,0.0,12.6,June,2023
5685,Kumuram Bheem,Chintalamanepally,2023-06-15,0.0,30.9,41.4,48.0,56.5,0.0,17.4,June,2023
5686,Kumuram Bheem,Chintalamanepally,2023-06-16,0.0,30.7,41.4,30.8,56.5,0.0,15.1,June,2023
5687,Kumuram Bheem,Chintalamanepally,2023-06-17,0.0,31.5,42.7,23.7,46.2,0.0,13.7,June,2023
5688,Kumuram Bheem,Chintalamanepally,2023-06-18,0.0,31.4,40.7,27.0,49.4,0.0,14.5,June,2023
5689,Kumuram Bheem,Chintalamanepally,2023-06-19,0.0,31.7,41.4,41.0,56.5,0.0,12.9,June,2023
5690,Kumuram Bheem,Chintalamanepally,2023-06-20,0.0,30.5,41.4,27.9,49.1,0.0,14.1,June,2023
5691,Kumuram Bheem,Chintalamanepally,2023-06-21,6.0,27.0,42.7,33.5,87.7,0.0,16.7,June,2023
5692,Kumuram Bheem,Chintalamanepally,2023-06-22,14.9,25.6,41.1,36.3,94.5,0.0,36.2,June,2023
5693,Kumuram Bheem,Chintalamanepally,2023-06-23,26.8,24.5,34.7,55.4,99.8,0.0,13.6,June,2023
5694,Kumuram Bheem,Chintalamanepally,2023-06-24,3.1,25.6,27.3,96.2,99.5,0.0,6.5,June,2023
5695,Kumuram Bheem,Chintalamanepally,2023-06-25,15.3,24.6,30.1,91.4,99.8,0.0,13.1,June,2023
5696,Kumuram Bheem,Chintalamanepally,2023-06-26,58.2,24.4,31.4,89.2,100.0,0.0,7.9,June,2023
5697,Kumuram Bheem,Chintalamanepally,2023-06-27,20.6,23.5,26.0,96.8,100.0,0.0,6.0,June,2023
5698,Kumuram Bheem,Chintalamanepally,2023-06-28,8.2,24.6,25.8,95.1,99.2,0.0,9.6,June,2023
5699,Kumuram Bheem,Chintalamanepally,2023-06-29,2.9,25.5,30.5,81.0,96.2,0.0,14.3,June,2023
5700,Kumuram Bheem,Chintalamanepally,2023-06-30,0.0,26.2,32.9,66.5,91.5,0.0,15.2,June,2023
5701,Kumuram Bheem,Dahegaon,2023-06-01,0.0,25.8,39.6,31.7,70.0,0.8,6.6,June,2023
5702,Kumuram Bheem,Dahegaon,2023-06-02,0.0,26.5,41.8,19.3,65.8,0.0,10.6,June,2023
5703,Kumuram Bheem,Dahegaon,2023-06-03,0.0,26.8,44.7,19.5,58.4,0.0,8.7,June,2023
5704,Kumuram Bheem,Dahegaon,2023-06-04,0.0,28.1,45.7,19.5,60.4,0.0,14.8,June,2023
5705,Kumuram Bheem,Dahegaon,2023-06-05,0.0,25.5,43.5,25.8,58.4,0.0,22.8,June,2023
5706,Kumuram Bheem,Dahegaon,2023-06-06,0.0,27.6,42.7,25.8,58.4,0.0,13.4,June,2023
5707,Kumuram Bheem,Dahegaon,2023-06-07,0.0,27.2,45.3,23.7,58.4,0.0,29.9,June,2023
5708,Kumuram Bheem,Dahegaon,2023-06-08,1.0,27.8,44.0,34.6,59.2,0.0,16.4,June,2023
5709,Kumuram Bheem,Dahegaon,2023-06-09,0.0,26.5,45.9,20.0,58.4,0.0,16.3,June,2023
5710,Kumuram Bheem,Dahegaon,2023-06-10,0.0,30.9,45.1,24.4,58.4,0.7,24.6,June,2023
5711,Kumuram Bheem,Dahegaon,2023-06-11,0.0,28.7,42.3,32.9,58.4,0.0,18.6,June,2023
5712,Kumuram Bheem,Dahegaon,2023-06-12,0.5,26.8,43.5,30.5,67.7,0.0,24.2,June,2023
5713,Kumuram Bheem,Dahegaon,2023-06-13,2.5,29.7,42.9,28.1,60.4,0.0,16.5,June,2023
5714,Kumuram Bheem,Dahegaon,2023-06-14,0.0,30.4,43.4,26.2,58.4,3.4,24.3,June,2023
5715,Kumuram Bheem,Dahegaon,2023-06-15,7.3,30.2,43.4,26.9,58.4,0.0,20.9,June,2023
5716,Kumuram Bheem,Dahegaon,2023-06-16,0.0,28.4,41.8,26.4,58.4,2.8,21.2,June,2023
5717,Kumuram Bheem,Dahegaon,2023-06-17,0.0,29.1,43.6,25.0,60.4,0.0,22.6,June,2023
5718,Kumuram Bheem,Dahegaon,2023-06-18,0.0,30.0,42.5,28.0,58.4,0.0,21.8,June,2023
5719,Kumuram Bheem,Dahegaon,2023-06-19,0.0,30.5,44.0,27.7,57.5,0.0,25.4,June,2023
5720,Kumuram Bheem,Dahegaon,2023-06-20,0.0,30.0,42.2,27.5,58.4,0.0,16.0,June,2023
5721,Kumuram Bheem,Dahegaon,2023-06-21,1.4,27.3,41.6,30.4,62.3,0.0,13.1,June,2023
5722,Kumuram Bheem,Dahegaon,2023-06-22,3.7,24.9,41.1,40.7,97.1,0.0,14.5,June,2023
5723,Kumuram Bheem,Dahegaon,2023-06-23,6.0,24.6,38.0,52.4,99.5,0.0,19.3,June,2023
5724,Kumuram Bheem,Dahegaon,2023-06-24,7.0,24.9,28.3,72.2,98.7,0.0,7.0,June,2023
5725,Kumuram Bheem,Dahegaon,2023-06-25,15.4,23.8,30.9,71.1,100.0,0.0,13.9,June,2023
5726,Kumuram Bheem,Dahegaon,2023-06-26,31.3,24.5,32.2,70.0,99.6,0.0,21.9,June,2023
5727,Kumuram Bheem,Dahegaon,2023-06-27,23.3,23.2,27.9,78.9,100.0,0.0,28.0,June,2023
5728,Kumuram Bheem,Dahegaon,2023-06-28,5.5,24.4,26.6,81.6,100.0,0.0,19.7,June,2023
5729,Kumuram Bheem,Dahegaon,2023-06-29,0.0,25.0,31.9,71.3,99.0,0.0,18.5,June,2023
5730,Kumuram Bheem,Dahegaon,2023-06-30,0.0,26.6,33.7,59.0,88.1,0.0,17.4,June,2023
5731,Kumuram Bheem,Jainoor,2023-06-01,0.0,27.5,38.3,27.7,70.9,0.0,8.2,June,2023
5732,Kumuram Bheem,Jainoor,2023-06-02,0.0,26.6,39.2,20.9,56.1,0.0,12.1,June,2023
5733,Kumuram Bheem,Jainoor,2023-06-03,0.0,29.5,40.0,20.9,52.1,0.0,15.8,June,2023
5734,Kumuram Bheem,Jainoor,2023-06-04,0.0,27.1,39.4,27.1,54.3,0.0,14.4,June,2023
5735,Kumuram Bheem,Jainoor,2023-06-05,0.0,24.8,40.1,27.1,66.2,1.0,12.5,June,2023
5736,Kumuram Bheem,Jainoor,2023-06-06,0.0,29.0,38.3,29.4,58.4,2.5,13.3,June,2023
5737,Kumuram Bheem,Jainoor,2023-06-07,0.0,27.8,39.7,27.7,54.8,7.4,27.1,June,2023
5738,Kumuram Bheem,Jainoor,2023-06-08,0.0,29.4,40.0,23.2,50.6,4.0,11.9,June,2023
5739,Kumuram Bheem,Jainoor,2023-06-09,0.0,29.3,40.3,25.3,47.4,0.4,17.2,June,2023
5740,Kumuram Bheem,Jainoor,2023-06-10,0.0,27.6,39.5,25.3,57.5,1.1,14.9,June,2023
5741,Kumuram Bheem,Jainoor,2023-06-11,0.0,26.1,39.0,33.4,70.1,2.5,15.3,June,2023
5742,Kumuram Bheem,Jainoor,2023-06-12,2.9,26.4,39.2,34.0,82.6,1.4,16.7,June,2023
5743,Kumuram Bheem,Jainoor,2023-06-13,0.0,29.2,39.6,29.6,53.0,2.6,15.3,June,2023
5744,Kumuram Bheem,Jainoor,2023-06-14,0.0,29.0,40.4,24.6,56.1,2.5,22.2,June,2023
5745,Kumuram Bheem,Jainoor,2023-06-15,0.9,28.5,39.2,28.7,57.9,1.8,14.1,June,2023
5746,Kumuram Bheem,Jainoor,2023-06-16,0.0,29.0,38.9,27.1,50.1,0.9,14.3,June,2023
5747,Kumuram Bheem,Jainoor,2023-06-17,0.0,28.9,39.6,25.3,56.1,2.7,14.4,June,2023
5748,Kumuram Bheem,Jainoor,2023-06-18,0.0,29.4,39.4,30.3,53.0,5.9,15.4,June,2023
5749,Kumuram Bheem,Jainoor,2023-06-19,0.0,29.5,38.5,31.3,51.1,0.0,14.3,June,2023
5750,Kumuram Bheem,Jainoor,2023-06-20,0.0,29.8,38.6,30.3,57.5,0.0,13.5,June,2023
5751,Kumuram Bheem,Jainoor,2023-06-21,0.0,27.3,38.9,32.1,67.2,1.5,11.3,June,2023
5752,Kumuram Bheem,Jainoor,2023-06-22,2.3,25.8,38.8,34.7,84.3,6.0,15.3,June,2023
5753,Kumuram Bheem,Jainoor,2023-06-23,13.5,23.6,33.8,44.1,95.6,0.0,17.3,June,2023
5754,Kumuram Bheem,Jainoor,2023-06-24,4.2,24.5,28.7,75.8,92.6,0.3,6.8,June,2023
5755,Kumuram Bheem,Jainoor,2023-06-25,1.3,23.4,28.7,79.2,93.4,0.8,10.7,June,2023
5756,Kumuram Bheem,Jainoor,2023-06-26,3.7,23.6,30.2,72.0,96.0,2.3,15.1,June,2023
5757,Kumuram Bheem,Jainoor,2023-06-27,25.9,22.1,25.4,93.0,98.2,4.6,16.0,June,2023
5758,Kumuram Bheem,Jainoor,2023-06-28,12.4,22.6,23.6,94.3,97.7,2.7,15.4,June,2023
5759,Kumuram Bheem,Jainoor,2023-06-29,2.3,23.3,28.8,78.3,96.9,0.4,12.1,June,2023
5760,Kumuram Bheem,Jainoor,2023-06-30,0.0,24.4,32.2,62.9,86.4,2.4,11.9,June,2023
5761,Kumuram Bheem,Kagaznagar,2023-06-01,0.0,25.4,42.8,19.5,81.8,0.0,5.7,June,2023
5762,Kumuram Bheem,Kagaznagar,2023-06-02,0.0,25.2,44.5,9.6,72.6,0.0,6.4,June,2023
5763,Kumuram Bheem,Kagaznagar,2023-06-03,0.0,26.7,45.6,8.4,66.6,0.0,10.6,June,2023
5764,Kumuram Bheem,Kagaznagar,2023-06-04,0.0,27.1,46.1,10.4,60.6,0.0,7.0,June,2023
5765,Kumuram Bheem,Kagaznagar,2023-06-05,0.3,24.3,45.0,12.4,82.0,0.0,7.3,June,2023
5766,Kumuram Bheem,Kagaznagar,2023-06-06,0.0,27.7,44.6,28.8,68.6,0.0,5.5,June,2023
5767,Kumuram Bheem,Kagaznagar,2023-06-07,0.0,27.6,45.4,12.4,61.6,0.0,4.8,June,2023
5768,Kumuram Bheem,Kagaznagar,2023-06-08,1.2,26.4,45.0,11.7,68.0,0.0,5.4,June,2023
5769,Kumuram Bheem,Kagaznagar,2023-06-09,0.0,27.5,44.5,10.3,49.3,0.0,5.3,June,2023
5770,Kumuram Bheem,Kagaznagar,2023-06-10,0.0,30.1,45.7,12.4,56.0,0.0,5.8,June,2023
5771,Kumuram Bheem,Kagaznagar,2023-06-11,14.4,24.5,45.1,17.2,70.9,0.0,11.4,June,2023
5772,Kumuram Bheem,Kagaznagar,2023-06-12,6.2,24.5,43.8,35.6,61.2,0.0,6.4,June,2023
5773,Kumuram Bheem,Kagaznagar,2023-06-13,0.0,29.2,44.2,14.4,79.6,0.0,5.2,June,2023
5774,Kumuram Bheem,Kagaznagar,2023-06-14,0.0,28.9,44.8,14.0,67.7,0.0,5.3,June,2023
5775,Kumuram Bheem,Kagaznagar,2023-06-15,0.4,29.1,43.4,14.4,63.1,0.0,4.4,June,2023
5776,Kumuram Bheem,Kagaznagar,2023-06-16,0.0,28.7,44.2,14.6,50.9,0.0,5.1,June,2023
5777,Kumuram Bheem,Kagaznagar,2023-06-17,0.0,28.9,45.0,13.8,54.0,0.0,4.4,June,2023
5778,Kumuram Bheem,Kagaznagar,2023-06-18,0.0,29.2,44.4,16.4,64.6,0.0,6.8,June,2023
5779,Kumuram Bheem,Kagaznagar,2023-06-19,0.0,29.7,44.5,15.6,69.1,0.0,5.4,June,2023
5780,Kumuram Bheem,Kagaznagar,2023-06-20,0.0,28.2,43.6,16.2,59.6,0.0,3.4,June,2023
5781,Kumuram Bheem,Kagaznagar,2023-06-21,5.8,26.5,42.6,15.8,81.3,0.0,9.2,June,2023
5782,Kumuram Bheem,Kagaznagar,2023-06-22,3.5,25.4,40.2,29.0,92.9,0.0,5.1,June,2023
5783,Kumuram Bheem,Kagaznagar,2023-06-23,8.1,25.0,37.3,34.1,100.0,0.0,4.1,June,2023
5784,Kumuram Bheem,Kagaznagar,2023-06-24,2.6,25.4,28.9,86.1,100.0,0.0,1.6,June,2023
5785,Kumuram Bheem,Kagaznagar,2023-06-25,33.9,24.2,32.4,77.8,100.0,0.0,3.9,June,2023
5786,Kumuram Bheem,Kagaznagar,2023-06-26,17.2,24.5,33.0,73.5,100.0,0.0,5.3,June,2023
5787,Kumuram Bheem,Kagaznagar,2023-06-27,27.1,22.9,27.8,98.1,100.0,0.0,8.7,June,2023
5788,Kumuram Bheem,Kagaznagar,2023-06-28,9.7,24.5,26.3,93.1,100.0,0.0,2.7,June,2023
5789,Kumuram Bheem,Kagaznagar,2023-06-29,0.0,25.4,32.6,78.7,100.0,0.0,4.6,June,2023
5790,Kumuram Bheem,Kagaznagar,2023-06-30,0.0,26.8,35.2,64.5,94.9,0.0,5.3,June,2023
5791,Kumuram Bheem,Kerameri,2023-06-01,0.0,26.0,41.3,29.5,79.4,0.0,8.4,June,2023
5792,Kumuram Bheem,Kerameri,2023-06-02,0.0,24.9,41.7,17.9,65.7,0.0,7.7,June,2023
5793,Kumuram Bheem,Kerameri,2023-06-03,0.0,27.1,43.1,19.4,80.0,0.0,9.5,June,2023
5794,Kumuram Bheem,Kerameri,2023-06-04,0.0,26.9,43.9,27.1,63.0,0.0,9.1,June,2023
5795,Kumuram Bheem,Kerameri,2023-06-05,0.9,23.3,44.0,23.8,76.4,0.0,7.7,June,2023
5796,Kumuram Bheem,Kerameri,2023-06-06,0.0,27.7,43.2,26.9,60.0,0.0,10.3,June,2023
5797,Kumuram Bheem,Kerameri,2023-06-07,0.0,26.4,42.5,27.8,69.6,0.0,7.6,June,2023
5798,Kumuram Bheem,Kerameri,2023-06-08,0.0,28.5,45.1,25.2,58.6,0.0,9.5,June,2023
5799,Kumuram Bheem,Kerameri,2023-06-09,0.0,27.6,44.1,23.4,57.4,0.0,14.6,June,2023
5800,Kumuram Bheem,Kerameri,2023-06-10,4.0,25.2,44.8,24.5,72.1,0.0,12.9,June,2023
5801,Kumuram Bheem,Kerameri,2023-06-11,0.0,27.6,43.5,33.6,68.2,0.8,13.3,June,2023
5802,Kumuram Bheem,Kerameri,2023-06-12,1.0,28.3,42.6,35.6,67.9,0.0,13.6,June,2023
5803,Kumuram Bheem,Kerameri,2023-06-13,0.0,30.1,43.7,30.5,60.4,0.0,13.8,June,2023
5804,Kumuram Bheem,Kerameri,2023-06-14,0.0,29.9,44.4,25.7,54.8,0.0,14.2,June,2023
5805,Kumuram Bheem,Kerameri,2023-06-15,0.0,30.4,43.3,29.1,57.3,0.0,13.0,June,2023
5806,Kumuram Bheem,Kerameri,2023-06-16,0.0,28.9,43.3,29.0,51.7,0.0,11.4,June,2023
5807,Kumuram Bheem,Kerameri,2023-06-17,0.0,29.8,43.0,27.7,54.8,0.0,12.9,June,2023
5808,Kumuram Bheem,Kerameri,2023-06-18,0.0,31.0,42.1,33.1,51.9,0.0,15.8,June,2023
5809,Kumuram Bheem,Kerameri,2023-06-19,0.0,30.2,42.5,31.9,52.9,0.0,13.7,June,2023
5810,Kumuram Bheem,Kerameri,2023-06-20,0.0,29.2,42.6,31.0,56.0,0.0,9.2,June,2023
5811,Kumuram Bheem,Kerameri,2023-06-21,0.5,26.8,44.4,29.5,76.6,0.0,16.8,June,2023
5812,Kumuram Bheem,Kerameri,2023-06-22,1.8,26.6,40.2,37.9,74.7,2.0,14.0,June,2023
5813,Kumuram Bheem,Kerameri,2023-06-23,5.5,23.3,36.8,44.4,94.7,0.0,11.9,June,2023
5814,Kumuram Bheem,Kerameri,2023-06-24,2.9,25.4,30.6,76.3,94.4,0.0,4.4,June,2023
5815,Kumuram Bheem,Kerameri,2023-06-25,2.9,22.9,32.6,69.8,95.0,0.0,7.7,June,2023
5816,Kumuram Bheem,Kerameri,2023-06-26,11.5,23.2,32.8,69.8,95.3,0.0,9.0,June,2023
5817,Kumuram Bheem,Kerameri,2023-06-27,32.7,22.0,28.0,85.2,96.1,0.4,10.9,June,2023
5818,Kumuram Bheem,Kerameri,2023-06-28,7.1,22.3,26.0,86.5,96.0,5.3,15.7,June,2023
5819,Kumuram Bheem,Kerameri,2023-06-29,0.8,23.7,32.4,71.1,93.4,0.0,14.2,June,2023
5820,Kumuram Bheem,Kerameri,2023-06-30,0.0,24.1,34.0,61.3,83.2,0.0,12.3,June,2023
5821,Kumuram Bheem,Kouthala,2023-06-01,0.0,26.0,42.0,32.5,85.5,0.0,5.8,June,2023
5822,Kumuram Bheem,Kouthala,2023-06-02,0.0,27.3,43.8,11.9,46.9,0.0,10.6,June,2023
5823,Kumuram Bheem,Kouthala,2023-06-03,0.0,30.0,42.9,11.2,35.7,0.0,12.0,June,2023
5824,Kumuram Bheem,Kouthala,2023-06-04,0.0,29.4,43.9,9.2,47.3,0.0,14.4,June,2023
5825,Kumuram Bheem,Kouthala,2023-06-05,0.0,26.9,43.8,13.9,63.4,0.0,23.5,June,2023
5826,Kumuram Bheem,Kouthala,2023-06-06,0.0,30.9,42.3,17.7,42.1,0.0,11.8,June,2023
5827,Kumuram Bheem,Kouthala,2023-06-07,0.0,30.1,44.1,11.2,46.2,0.0,16.4,June,2023
5828,Kumuram Bheem,Kouthala,2023-06-08,0.0,29.0,43.6,15.9,47.9,0.0,14.8,June,2023
5829,Kumuram Bheem,Kouthala,2023-06-09,0.0,31.5,43.8,9.9,38.2,0.0,13.6,June,2023
5830,Kumuram Bheem,Kouthala,2023-06-10,0.0,32.1,43.8,15.2,34.3,0.0,11.6,June,2023
5831,Kumuram Bheem,Kouthala,2023-06-11,5.0,24.9,42.1,23.3,70.2,1.0,4.4,June,2023
5832,Kumuram Bheem,Kouthala,2023-06-12,0.0,28.0,42.1,36.9,89.8,0.0,18.1,June,2023
5833,Kumuram Bheem,Kouthala,2023-06-13,1.4,29.0,42.9,32.8,70.0,0.0,14.6,June,2023
5834,Kumuram Bheem,Kouthala,2023-06-14,0.0,32.1,42.6,30.5,53.6,0.0,12.6,June,2023
5835,Kumuram Bheem,Kouthala,2023-06-15,0.0,31.8,41.5,32.5,55.1,0.0,17.4,June,2023
5836,Kumuram Bheem,Kouthala,2023-06-16,0.0,31.0,41.9,31.2,52.1,0.0,15.1,June,2023
5837,Kumuram Bheem,Kouthala,2023-06-17,0.0,32.1,42.3,27.1,50.5,0.0,13.7,June,2023
5838,Kumuram Bheem,Kouthala,2023-06-18,0.0,32.1,42.0,31.2,48.8,0.0,14.5,June,2023
5839,Kumuram Bheem,Kouthala,2023-06-19,0.0,32.0,41.7,30.5,50.0,0.0,12.9,June,2023
5840,Kumuram Bheem,Kouthala,2023-06-20,0.0,30.2,42.1,32.1,44.7,0.0,14.1,June,2023
5841,Kumuram Bheem,Kouthala,2023-06-21,4.2,26.8,41.2,44.9,87.8,0.0,16.7,June,2023
5842,Kumuram Bheem,Kouthala,2023-06-22,1.2,25.1,38.0,39.3,91.6,0.0,36.2,June,2023
5843,Kumuram Bheem,Kouthala,2023-06-23,23.1,24.3,35.1,53.4,100.0,0.0,13.6,June,2023
5844,Kumuram Bheem,Kouthala,2023-06-24,2.4,25.5,27.3,91.7,98.5,0.1,3.4,June,2023
5845,Kumuram Bheem,Kouthala,2023-06-25,6.1,24.7,30.5,80.9,99.5,0.0,5.8,June,2023
5846,Kumuram Bheem,Kouthala,2023-06-26,15.7,24.5,31.4,78.3,99.8,0.0,10.4,June,2023
5847,Kumuram Bheem,Kouthala,2023-06-27,19.9,23.4,26.1,94.0,99.9,0.0,6.1,June,2023
5848,Kumuram Bheem,Kouthala,2023-06-28,9.7,24.4,25.7,91.9,98.6,0.0,5.9,June,2023
5849,Kumuram Bheem,Kouthala,2023-06-29,4.4,25.4,32.3,76.5,96.1,1.5,10.4,June,2023
5850,Kumuram Bheem,Kouthala,2023-06-30,0.0,26.7,33.1,64.2,100.0,0.9,10.3,June,2023
5851,Kumuram Bheem,Lingapur,2023-06-01,0.0,27.4,37.9,40.6,68.9,0.0,8.8,June,2023
5852,Kumuram Bheem,Lingapur,2023-06-02,0.0,28.0,39.9,23.8,52.2,0.0,11.3,June,2023
5853,Kumuram Bheem,Lingapur,2023-06-03,0.0,30.0,40.7,23.1,55.6,0.0,15.3,June,2023
5854,Kumuram Bheem,Lingapur,2023-06-04,0.0,27.4,39.2,30.5,59.5,0.0,13.3,June,2023
5855,Kumuram Bheem,Lingapur,2023-06-05,7.8,23.9,37.4,37.2,72.4,0.2,14.2,June,2023
5856,Kumuram Bheem,Lingapur,2023-06-06,0.0,29.1,37.9,34.3,61.4,0.0,12.1,June,2023
5857,Kumuram Bheem,Lingapur,2023-06-07,0.0,28.4,39.4,31.9,60.4,0.0,15.1,June,2023
5858,Kumuram Bheem,Lingapur,2023-06-08,0.0,29.4,39.6,32.6,58.5,0.0,13.9,June,2023
5859,Kumuram Bheem,Lingapur,2023-06-09,0.0,28.4,39.6,29.2,55.6,0.0,14.5,June,2023
5860,Kumuram Bheem,Lingapur,2023-06-10,0.0,28.4,39.9,29.9,60.4,0.0,15.5,June,2023
5861,Kumuram Bheem,Lingapur,2023-06-11,12.9,25.6,38.2,37.2,73.5,0.2,14.3,June,2023
5862,Kumuram Bheem,Lingapur,2023-06-12,24.6,22.8,36.4,46.2,90.3,0.0,14.9,June,2023
5863,Kumuram Bheem,Lingapur,2023-06-13,0.0,29.1,39.3,38.1,61.9,0.0,16.1,June,2023
5864,Kumuram Bheem,Lingapur,2023-06-14,0.0,28.8,39.3,32.6,61.4,0.0,18.8,June,2023
5865,Kumuram Bheem,Lingapur,2023-06-15,0.0,28.9,39.0,35.2,61.4,0.0,17.1,June,2023
5866,Kumuram Bheem,Lingapur,2023-06-16,0.0,28.9,38.0,34.3,56.6,0.0,17.8,June,2023
5867,Kumuram Bheem,Lingapur,2023-06-17,0.0,29.0,39.3,32.3,61.0,0.0,15.3,June,2023
5868,Kumuram Bheem,Lingapur,2023-06-18,0.0,29.4,38.2,36.7,58.5,0.0,20.3,June,2023
5869,Kumuram Bheem,Lingapur,2023-06-19,0.0,29.4,39.4,37.0,56.1,0.0,16.5,June,2023
5870,Kumuram Bheem,Lingapur,2023-06-20,0.0,29.8,38.0,36.7,61.9,0.0,14.7,June,2023
5871,Kumuram Bheem,Lingapur,2023-06-21,0.0,27.2,38.8,38.1,69.9,0.0,12.2,June,2023
5872,Kumuram Bheem,Lingapur,2023-06-22,1.7,27.1,36.5,44.5,72.2,0.0,15.4,June,2023
5873,Kumuram Bheem,Lingapur,2023-06-23,23.8,23.6,33.7,52.5,94.0,0.0,15.2,June,2023
5874,Kumuram Bheem,Lingapur,2023-06-24,0.2,23.6,28.1,84.1,94.5,0.0,7.5,June,2023
5875,Kumuram Bheem,Lingapur,2023-06-25,0.6,23.1,27.1,83.1,92.7,0.0,14.8,June,2023
5876,Kumuram Bheem,Lingapur,2023-06-26,5.6,23.2,29.1,79.6,88.9,0.0,12.5,June,2023
5877,Kumuram Bheem,Lingapur,2023-06-27,13.4,22.1,26.1,89.0,95.0,3.0,22.2,June,2023
5878,Kumuram Bheem,Lingapur,2023-06-28,6.1,22.4,23.9,94.6,95.5,7.7,16.7,June,2023
5879,Kumuram Bheem,Lingapur,2023-06-29,0.0,22.9,29.6,78.4,94.7,0.0,16.4,June,2023
5880,Kumuram Bheem,Lingapur,2023-06-30,0.0,24.3,31.9,68.7,86.1,4.9,14.1,June,2023
5881,Kumuram Bheem,Penchikalpet,2023-06-01,0.0,25.4,40.5,31.1,85.6,0.0,7.7,June,2023
5882,Kumuram Bheem,Penchikalpet,2023-06-02,0.0,26.7,42.9,16.8,74.1,0.0,11.0,June,2023
5883,Kumuram Bheem,Penchikalpet,2023-06-03,0.0,27.1,42.9,17.5,56.6,0.0,9.0,June,2023
5884,Kumuram Bheem,Penchikalpet,2023-06-04,3.2,28.3,44.2,16.8,62.3,0.0,14.3,June,2023
5885,Kumuram Bheem,Penchikalpet,2023-06-05,0.0,25.8,42.9,22.2,81.3,0.0,12.3,June,2023
5886,Kumuram Bheem,Penchikalpet,2023-06-06,0.0,27.5,42.3,23.2,67.0,0.0,13.2,June,2023
5887,Kumuram Bheem,Penchikalpet,2023-06-07,0.0,27.3,43.0,20.8,64.7,0.0,16.1,June,2023
5888,Kumuram Bheem,Penchikalpet,2023-06-08,0.0,28.4,43.1,22.6,65.7,0.0,11.5,June,2023
5889,Kumuram Bheem,Penchikalpet,2023-06-09,0.0,26.9,43.5,18.2,60.4,0.0,14.8,June,2023
5890,Kumuram Bheem,Penchikalpet,2023-06-10,0.0,31.4,42.6,21.5,51.2,0.0,10.5,June,2023
5891,Kumuram Bheem,Penchikalpet,2023-06-11,0.0,29.4,40.9,30.5,61.8,0.0,18.9,June,2023
5892,Kumuram Bheem,Penchikalpet,2023-06-12,0.0,27.4,41.3,28.1,71.9,0.0,14.9,June,2023
5893,Kumuram Bheem,Penchikalpet,2023-06-13,1.2,29.5,43.1,25.4,65.2,0.0,12.2,June,2023
5894,Kumuram Bheem,Penchikalpet,2023-06-14,0.0,30.1,43.1,23.5,50.8,0.0,14.5,June,2023
5895,Kumuram Bheem,Penchikalpet,2023-06-15,0.3,28.9,42.4,24.8,61.4,0.0,12.1,June,2023
5896,Kumuram Bheem,Penchikalpet,2023-06-16,0.0,28.2,42.4,24.1,58.0,0.0,14.1,June,2023
5897,Kumuram Bheem,Penchikalpet,2023-06-17,0.0,30.2,42.4,22.8,47.5,0.0,18.7,June,2023
5898,Kumuram Bheem,Penchikalpet,2023-06-18,0.0,29.5,41.8,26.8,58.5,0.0,14.9,June,2023
5899,Kumuram Bheem,Penchikalpet,2023-06-19,0.0,31.8,41.9,26.1,51.2,0.0,14.9,June,2023
5900,Kumuram Bheem,Penchikalpet,2023-06-20,0.0,30.2,42.7,25.4,58.0,0.0,10.7,June,2023
5901,Kumuram Bheem,Penchikalpet,2023-06-21,0.3,27.7,42.1,28.8,79.0,0.0,12.7,June,2023
5902,Kumuram Bheem,Penchikalpet,2023-06-22,4.8,25.1,39.9,37.9,96.2,0.0,11.5,June,2023
5903,Kumuram Bheem,Penchikalpet,2023-06-23,8.4,24.9,36.7,43.1,100.0,0.0,14.3,June,2023
5904,Kumuram Bheem,Penchikalpet,2023-06-24,4.0,25.4,28.7,84.8,98.1,0.0,7.1,June,2023
5905,Kumuram Bheem,Penchikalpet,2023-06-25,8.6,24.7,31.5,73.1,100.0,0.0,10.8,June,2023
5906,Kumuram Bheem,Penchikalpet,2023-06-26,60.9,24.7,32.1,69.9,100.0,0.0,8.1,June,2023
5907,Kumuram Bheem,Penchikalpet,2023-06-27,30.2,23.6,26.5,84.8,100.0,0.0,9.1,June,2023
5908,Kumuram Bheem,Penchikalpet,2023-06-28,4.5,24.6,26.7,93.7,100.0,0.0,11.4,June,2023
5909,Kumuram Bheem,Penchikalpet,2023-06-29,0.0,25.5,31.6,69.9,97.8,0.0,10.4,June,2023
5910,Kumuram Bheem,Penchikalpet,2023-06-30,0.0,25.9,34.0,54.1,88.6,0.0,11.7,June,2023
5911,Kumuram Bheem,Rebbana,2023-06-01,0.0,27.6,40.9,31.4,75.6,0.0,10.8,June,2023
5912,Kumuram Bheem,Rebbana,2023-06-02,0.0,26.5,43.0,21.4,62.4,0.0,7.6,June,2023
5913,Kumuram Bheem,Rebbana,2023-06-03,0.0,27.5,42.8,20.2,52.7,0.0,11.8,June,2023
5914,Kumuram Bheem,Rebbana,2023-06-04,0.0,27.9,42.8,26.4,63.4,0.0,13.8,June,2023
5915,Kumuram Bheem,Rebbana,2023-06-05,0.0,25.1,42.9,26.7,77.9,0.0,14.7,June,2023
5916,Kumuram Bheem,Rebbana,2023-06-06,0.0,29.1,41.4,27.3,60.8,0.0,9.1,June,2023
5917,Kumuram Bheem,Rebbana,2023-06-07,0.0,28.3,41.2,27.5,61.9,0.0,13.5,June,2023
5918,Kumuram Bheem,Rebbana,2023-06-08,0.0,28.9,41.6,29.3,61.4,0.0,11.0,June,2023
5919,Kumuram Bheem,Rebbana,2023-06-09,0.0,28.7,42.9,22.4,56.7,0.0,10.1,June,2023
5920,Kumuram Bheem,Rebbana,2023-06-10,3.2,24.3,42.6,26.3,73.9,0.0,16.3,June,2023
5921,Kumuram Bheem,Rebbana,2023-06-11,2.9,28.2,41.8,34.1,71.8,0.0,27.0,June,2023
5922,Kumuram Bheem,Rebbana,2023-06-12,0.0,29.6,41.4,32.3,65.6,0.0,11.6,June,2023
5923,Kumuram Bheem,Rebbana,2023-06-13,0.0,31.0,41.9,30.5,60.8,0.0,14.6,June,2023
5924,Kumuram Bheem,Rebbana,2023-06-14,0.0,31.9,41.9,28.6,54.6,0.0,15.4,June,2023
5925,Kumuram Bheem,Rebbana,2023-06-15,0.0,31.5,42.0,29.0,57.2,0.0,15.3,June,2023
5926,Kumuram Bheem,Rebbana,2023-06-16,0.0,30.7,41.2,29.5,51.5,0.0,13.2,June,2023
5927,Kumuram Bheem,Rebbana,2023-06-17,0.0,31.9,42.3,27.3,54.1,0.0,17.8,June,2023
5928,Kumuram Bheem,Rebbana,2023-06-18,0.0,31.8,41.2,31.4,52.6,0.0,15.5,June,2023
5929,Kumuram Bheem,Rebbana,2023-06-19,0.0,31.5,41.2,31.8,54.1,0.0,15.1,June,2023
5930,Kumuram Bheem,Rebbana,2023-06-20,0.0,29.8,41.1,30.9,56.2,0.0,12.6,June,2023
5931,Kumuram Bheem,Rebbana,2023-06-21,0.0,28.0,42.1,32.0,74.6,0.0,9.5,June,2023
5932,Kumuram Bheem,Rebbana,2023-06-22,16.1,24.2,39.0,41.2,92.0,0.0,15.2,June,2023
5933,Kumuram Bheem,Rebbana,2023-06-23,7.7,24.8,35.7,51.8,99.0,0.0,6.5,June,2023
5934,Kumuram Bheem,Rebbana,2023-06-24,1.0,25.3,29.2,83.9,100.0,0.0,3.1,June,2023
5935,Kumuram Bheem,Rebbana,2023-06-25,40.9,23.7,31.7,79.2,100.0,0.0,2.8,June,2023
5936,Kumuram Bheem,Rebbana,2023-06-26,11.3,24.3,31.7,76.7,100.0,0.0,9.4,June,2023
5937,Kumuram Bheem,Rebbana,2023-06-27,8.8,22.6,27.5,91.0,97.9,0.0,16.6,June,2023
5938,Kumuram Bheem,Rebbana,2023-06-28,9.9,24.2,25.4,93.3,100.0,0.0,23.2,June,2023
5939,Kumuram Bheem,Rebbana,2023-06-29,0.0,25.0,31.5,74.6,92.1,0.0,12.4,June,2023
5940,Kumuram Bheem,Rebbana,2023-06-30,0.0,26.8,33.2,62.4,87.4,0.0,12.6,June,2023
5941,Kumuram Bheem,Sirpur_T,2023-06-01,0.0,26.2,40.1,30.4,81.5,0.0,2.9,June,2023
5942,Kumuram Bheem,Sirpur_T,2023-06-02,0.0,25.7,42.5,21.0,74.1,0.0,6.4,June,2023
5943,Kumuram Bheem,Sirpur_T,2023-06-03,0.0,28.6,42.0,21.7,55.2,0.0,10.6,June,2023
5944,Kumuram Bheem,Sirpur_T,2023-06-04,0.0,28.6,42.9,25.5,61.8,0.0,7.0,June,2023
5945,Kumuram Bheem,Sirpur_T,2023-06-05,0.0,25.0,42.3,26.2,75.7,0.0,7.3,June,2023
5946,Kumuram Bheem,Sirpur_T,2023-06-06,0.0,28.7,41.1,28.1,60.1,0.0,5.5,June,2023
5947,Kumuram Bheem,Sirpur_T,2023-06-07,0.0,29.9,42.6,25.5,55.7,0.0,4.8,June,2023
5948,Kumuram Bheem,Sirpur_T,2023-06-08,0.6,27.8,42.3,28.1,69.1,0.0,5.4,June,2023
5949,Kumuram Bheem,Sirpur_T,2023-06-09,0.0,29.7,42.3,21.7,51.4,0.0,5.3,June,2023
5950,Kumuram Bheem,Sirpur_T,2023-06-10,0.0,31.3,41.8,26.2,50.1,0.0,5.8,June,2023
5951,Kumuram Bheem,Sirpur_T,2023-06-11,0.0,29.3,40.7,36.5,71.3,1.0,11.4,June,2023
5952,Kumuram Bheem,Sirpur_T,2023-06-12,0.0,28.8,41.1,30.0,70.2,0.0,6.4,June,2023
5953,Kumuram Bheem,Sirpur_T,2023-06-13,4.0,29.5,42.1,30.7,74.5,0.0,5.2,June,2023
5954,Kumuram Bheem,Sirpur_T,2023-06-14,0.0,31.4,42.1,29.3,52.1,0.0,5.3,June,2023
5955,Kumuram Bheem,Sirpur_T,2023-06-15,0.0,31.6,41.0,29.1,55.1,0.0,4.4,June,2023
5956,Kumuram Bheem,Sirpur_T,2023-06-16,0.0,30.3,40.7,29.3,52.8,0.0,5.1,June,2023
5957,Kumuram Bheem,Sirpur_T,2023-06-17,0.0,31.8,41.7,26.2,52.5,0.0,4.4,June,2023
5958,Kumuram Bheem,Sirpur_T,2023-06-18,0.0,31.2,41.7,29.3,56.2,0.0,6.8,June,2023
5959,Kumuram Bheem,Sirpur_T,2023-06-19,0.0,31.3,40.9,32.3,55.2,0.0,5.4,June,2023
5960,Kumuram Bheem,Sirpur_T,2023-06-20,0.0,30.2,41.1,30.0,56.2,0.0,3.4,June,2023
5961,Kumuram Bheem,Sirpur_T,2023-06-21,13.3,27.1,41.2,33.2,87.8,0.0,9.2,June,2023
5962,Kumuram Bheem,Sirpur_T,2023-06-22,11.2,25.4,39.9,39.3,91.6,0.0,7.6,June,2023
5963,Kumuram Bheem,Sirpur_T,2023-06-23,21.4,25.0,37.1,49.1,99.5,0.0,7.7,June,2023
5964,Kumuram Bheem,Sirpur_T,2023-06-24,3.9,25.9,28.6,88.6,98.6,0.0,1.0,June,2023
5965,Kumuram Bheem,Sirpur_T,2023-06-25,8.0,24.7,31.4,74.2,99.5,0.0,10.9,June,2023
5966,Kumuram Bheem,Sirpur_T,2023-06-26,49.1,24.7,32.4,70.7,100.0,0.0,5.3,June,2023
5967,Kumuram Bheem,Sirpur_T,2023-06-27,33.7,23.9,27.0,90.3,100.0,0.0,5.8,June,2023
5968,Kumuram Bheem,Sirpur_T,2023-06-28,6.9,24.8,26.8,89.5,98.8,0.0,2.9,June,2023
5969,Kumuram Bheem,Sirpur_T,2023-06-29,5.5,25.4,32.3,72.9,96.3,0.0,6.5,June,2023
5970,Kumuram Bheem,Sirpur_T,2023-06-30,0.0,26.7,33.5,59.9,87.9,0.5,9.8,June,2023
5971,Kumuram Bheem,Sirpur_U,2023-06-01,0.0,24.3,38.0,28.9,86.5,0.0,8.2,June,2023
5972,Kumuram Bheem,Sirpur_U,2023-06-02,0.0,22.4,39.8,20.5,76.2,0.0,11.5,June,2023
5973,Kumuram Bheem,Sirpur_U,2023-06-03,0.0,23.6,39.9,21.2,62.4,0.0,18.1,June,2023
5974,Kumuram Bheem,Sirpur_U,2023-06-04,0.0,24.4,38.6,28.3,67.5,0.0,13.9,June,2023
5975,Kumuram Bheem,Sirpur_U,2023-06-05,2.2,24.2,38.5,29.5,68.3,0.0,22.4,June,2023
5976,Kumuram Bheem,Sirpur_U,2023-06-06,0.0,25.4,38.1,28.9,62.8,0.0,11.2,June,2023
5977,Kumuram Bheem,Sirpur_U,2023-06-07,0.0,24.1,38.8,27.7,70.7,0.0,12.2,June,2023
5978,Kumuram Bheem,Sirpur_U,2023-06-08,0.0,27.0,39.1,23.4,59.4,0.0,12.9,June,2023
5979,Kumuram Bheem,Sirpur_U,2023-06-09,0.0,29.0,39.7,24.3,48.9,0.0,16.4,June,2023
5980,Kumuram Bheem,Sirpur_U,2023-06-10,0.0,27.0,39.7,26.1,60.7,0.0,15.1,June,2023
5981,Kumuram Bheem,Sirpur_U,2023-06-11,0.0,26.1,38.6,33.2,69.7,0.0,17.0,June,2023
5982,Kumuram Bheem,Sirpur_U,2023-06-12,0.0,28.5,37.2,37.2,60.3,0.0,13.9,June,2023
5983,Kumuram Bheem,Sirpur_U,2023-06-13,0.0,29.0,38.9,30.4,53.6,0.0,18.1,June,2023
5984,Kumuram Bheem,Sirpur_U,2023-06-14,0.0,28.6,39.7,24.9,46.8,0.0,17.4,June,2023
5985,Kumuram Bheem,Sirpur_U,2023-06-15,0.0,28.3,38.2,30.1,57.6,0.0,17.0,June,2023
5986,Kumuram Bheem,Sirpur_U,2023-06-16,0.0,28.8,38.2,27.7,51.0,0.0,15.9,June,2023
5987,Kumuram Bheem,Sirpur_U,2023-06-17,0.0,28.2,38.7,27.1,56.8,0.0,15.6,June,2023
5988,Kumuram Bheem,Sirpur_U,2023-06-18,0.0,28.4,38.3,31.4,54.6,0.0,18.8,June,2023
5989,Kumuram Bheem,Sirpur_U,2023-06-19,0.0,28.4,38.0,30.8,51.0,0.0,17.2,June,2023
5990,Kumuram Bheem,Sirpur_U,2023-06-20,0.0,28.7,38.5,30.8,57.2,0.0,13.5,June,2023
5991,Kumuram Bheem,Sirpur_U,2023-06-21,0.0,26.4,38.7,32.6,71.3,0.0,12.9,June,2023
5992,Kumuram Bheem,Sirpur_U,2023-06-22,1.5,27.7,37.6,34.4,68.0,0.0,11.2,June,2023
5993,Kumuram Bheem,Sirpur_U,2023-06-23,19.4,23.3,34.5,41.5,92.6,0.0,19.6,June,2023
5994,Kumuram Bheem,Sirpur_U,2023-06-24,0.9,24.2,28.4,75.0,91.8,0.0,6.1,June,2023
5995,Kumuram Bheem,Sirpur_U,2023-06-25,1.1,23.2,28.0,79.6,93.0,0.0,16.3,June,2023
5996,Kumuram Bheem,Sirpur_U,2023-06-26,14.0,23.5,29.6,74.8,94.3,0.0,16.7,June,2023
5997,Kumuram Bheem,Sirpur_U,2023-06-27,17.6,22.2,25.3,90.6,94.7,7.3,16.3,June,2023
5998,Kumuram Bheem,Sirpur_U,2023-06-28,11.7,22.7,23.7,92.2,95.5,5.5,15.0,June,2023
5999,Kumuram Bheem,Sirpur_U,2023-06-29,1.2,23.2,28.2,77.9,94.7,0.0,14.8,June,2023
6000,Kumuram Bheem,Sirpur_U,2023-06-30,0.0,24.4,31.7,62.5,83.7,0.9,15.1,June,2023
6001,Kumuram Bheem,Tiryani,2023-06-01,0.0,26.5,40.8,30.8,81.8,0.0,5.6,June,2023
6002,Kumuram Bheem,Tiryani,2023-06-02,0.0,26.3,42.5,20.7,62.6,0.0,14.5,June,2023
6003,Kumuram Bheem,Tiryani,2023-06-03,0.0,27.6,43.9,19.3,54.2,0.0,13.8,June,2023
6004,Kumuram Bheem,Tiryani,2023-06-04,4.1,25.6,41.3,28.0,72.1,0.0,10.5,June,2023
6005,Kumuram Bheem,Tiryani,2023-06-05,16.5,23.0,40.8,32.1,88.6,0.0,14.3,June,2023
6006,Kumuram Bheem,Tiryani,2023-06-06,0.0,26.2,40.7,29.4,75.3,0.0,11.9,June,2023
6007,Kumuram Bheem,Tiryani,2023-06-07,0.4,25.8,40.3,30.1,78.5,0.0,14.1,June,2023
6008,Kumuram Bheem,Tiryani,2023-06-08,3.5,26.3,41.6,30.3,83.3,0.0,13.9,June,2023
6009,Kumuram Bheem,Tiryani,2023-06-09,0.0,26.6,40.6,26.6,65.1,0.0,14.7,June,2023
6010,Kumuram Bheem,Tiryani,2023-06-10,0.3,29.0,43.2,24.1,65.6,0.0,18.5,June,2023
6011,Kumuram Bheem,Tiryani,2023-06-11,15.3,23.8,40.7,35.5,90.5,0.0,18.0,June,2023
6012,Kumuram Bheem,Tiryani,2023-06-12,17.4,27.7,38.7,39.0,83.9,0.0,16.9,June,2023
6013,Kumuram Bheem,Tiryani,2023-06-13,0.0,29.6,42.1,31.7,69.3,0.0,15.3,June,2023
6014,Kumuram Bheem,Tiryani,2023-06-14,0.0,29.7,43.3,26.9,56.2,0.0,16.2,June,2023
6015,Kumuram Bheem,Tiryani,2023-06-15,0.0,30.2,41.4,28.3,56.7,0.0,16.8,June,2023
6016,Kumuram Bheem,Tiryani,2023-06-16,0.0,29.2,42.4,28.3,54.7,0.0,19.2,June,2023
6017,Kumuram Bheem,Tiryani,2023-06-17,0.0,29.9,42.7,25.5,53.8,0.0,15.8,June,2023
6018,Kumuram Bheem,Tiryani,2023-06-18,0.0,30.3,42.0,29.6,52.7,0.0,15.8,June,2023
6019,Kumuram Bheem,Tiryani,2023-06-19,0.0,31.0,41.6,29.0,51.0,0.0,19.9,June,2023
6020,Kumuram Bheem,Tiryani,2023-06-20,0.0,29.9,41.7,28.3,55.2,0.0,13.2,June,2023
6021,Kumuram Bheem,Tiryani,2023-06-21,0.0,28.4,43.5,26.2,68.2,0.0,10.8,June,2023
6022,Kumuram Bheem,Tiryani,2023-06-22,5.5,25.9,39.7,37.8,91.2,0.0,8.5,June,2023
6023,Kumuram Bheem,Tiryani,2023-06-23,5.3,24.8,37.8,42.1,96.3,0.0,21.0,June,2023
6024,Kumuram Bheem,Tiryani,2023-06-24,1.1,25.9,30.1,73.6,95.2,0.0,0.1,June,2023
6025,Kumuram Bheem,Tiryani,2023-06-25,3.6,24.6,31.0,75.9,96.2,0.0,7.0,June,2023
6026,Kumuram Bheem,Tiryani,2023-06-26,3.3,24.9,32.3,69.9,96.7,0.0,12.0,June,2023
6027,Kumuram Bheem,Tiryani,2023-06-27,6.9,23.1,27.7,84.2,96.4,0.5,15.4,June,2023
6028,Kumuram Bheem,Tiryani,2023-06-28,5.7,24.0,26.2,87.1,93.8,0.0,18.3,June,2023
6029,Kumuram Bheem,Tiryani,2023-06-29,0.0,25.2,32.0,66.1,91.9,0.0,13.8,June,2023
6030,Kumuram Bheem,Tiryani,2023-06-30,0.0,26.4,35.7,51.3,80.4,0.0,16.2,June,2023
6031,Kumuram Bheem,Wankdi,2023-06-01,0.0,26.0,39.0,35.9,83.4,0.0,6.5,June,2023
6032,Kumuram Bheem,Wankdi,2023-06-02,0.0,24.8,41.6,25.8,76.9,0.0,7.9,June,2023
6033,Kumuram Bheem,Wankdi,2023-06-03,0.0,26.7,41.9,23.5,62.4,0.0,10.2,June,2023
6034,Kumuram Bheem,Wankdi,2023-06-04,0.3,27.5,41.2,34.0,66.1,0.0,8.4,June,2023
6035,Kumuram Bheem,Wankdi,2023-06-05,6.3,23.6,40.9,32.8,80.4,0.0,6.9,June,2023
6036,Kumuram Bheem,Wankdi,2023-06-06,0.0,27.1,40.4,33.4,76.0,0.0,4.0,June,2023
6037,Kumuram Bheem,Wankdi,2023-06-07,5.6,26.0,39.7,37.5,63.3,0.0,20.9,June,2023
6038,Kumuram Bheem,Wankdi,2023-06-08,0.0,27.2,40.5,37.5,83.0,0.0,6.5,June,2023
6039,Kumuram Bheem,Wankdi,2023-06-09,0.0,26.5,41.2,27.0,66.5,0.0,12.4,June,2023
6040,Kumuram Bheem,Wankdi,2023-06-10,0.0,30.7,41.6,29.6,56.5,0.0,11.7,June,2023
6041,Kumuram Bheem,Wankdi,2023-06-11,0.0,28.8,41.0,39.1,67.5,0.0,10.2,June,2023
6042,Kumuram Bheem,Wankdi,2023-06-12,1.3,27.5,40.9,37.5,85.0,0.0,9.5,June,2023
6043,Kumuram Bheem,Wankdi,2023-06-13,10.5,27.3,42.1,34.9,71.1,0.0,8.2,June,2023
6044,Kumuram Bheem,Wankdi,2023-06-14,0.0,28.6,41.7,34.9,67.5,0.0,8.3,June,2023
6045,Kumuram Bheem,Wankdi,2023-06-15,0.0,29.7,41.3,34.3,63.4,0.0,5.6,June,2023
6046,Kumuram Bheem,Wankdi,2023-06-16,0.0,29.5,41.0,33.4,56.0,0.0,5.0,June,2023
6047,Kumuram Bheem,Wankdi,2023-06-17,0.0,29.8,41.8,31.8,55.1,0.0,7.2,June,2023
6048,Kumuram Bheem,Wankdi,2023-06-18,0.0,31.0,41.8,34.9,55.1,0.0,7.4,June,2023
6049,Kumuram Bheem,Wankdi,2023-06-19,0.0,31.1,41.3,36.9,54.2,0.0,9.3,June,2023
6050,Kumuram Bheem,Wankdi,2023-06-20,0.0,29.3,41.5,35.6,60.6,0.0,8.8,June,2023
6051,Kumuram Bheem,Wankdi,2023-06-21,0.8,26.8,41.8,36.2,83.4,0.0,7.9,June,2023
6052,Kumuram Bheem,Wankdi,2023-06-22,4.6,26.5,38.6,42.3,86.5,0.0,8.1,June,2023
6053,Kumuram Bheem,Wankdi,2023-06-23,19.3,24.5,36.7,50.5,98.4,0.0,11.4,June,2023
6054,Kumuram Bheem,Wankdi,2023-06-24,9.4,24.1,28.7,88.6,98.4,0.0,2.0,June,2023
6055,Kumuram Bheem,Wankdi,2023-06-25,27.7,24.0,32.8,76.4,98.4,0.0,1.9,June,2023
6056,Kumuram Bheem,Wankdi,2023-06-26,11.4,24.1,32.0,76.9,99.4,0.0,7.1,June,2023
6057,Kumuram Bheem,Wankdi,2023-06-27,27.8,23.2,25.3,87.2,99.4,0.0,1.3,June,2023
6058,Kumuram Bheem,Wankdi,2023-06-28,7.8,24.1,25.1,97.9,99.4,0.0,1.0,June,2023
6059,Kumuram Bheem,Wankdi,2023-06-29,0.0,25.1,32.3,79.3,99.7,0.0,8.5,June,2023
6060,Kumuram Bheem,Wankdi,2023-06-30,0.0,26.8,33.6,72.0,94.9,0.0,9.0,June,2023
6061,Mahabubabad,17,2023-06-01,0.0,25.9,38.6,37.5,94.9,0.0,13.4,June,2023
6062,Mahabubabad,17,2023-06-02,3.8,25.6,40.6,31.2,85.1,0.0,15.1,June,2023
6063,Mahabubabad,17,2023-06-03,0.0,26.1,41.7,26.1,77.2,0.0,17.0,June,2023
6064,Mahabubabad,17,2023-06-04,0.0,27.1,42.1,24.7,73.6,0.0,16.8,June,2023
6065,Mahabubabad,17,2023-06-05,0.0,26.4,41.7,32.2,84.1,0.0,14.5,June,2023
6066,Mahabubabad,17,2023-06-06,0.0,26.4,39.4,33.9,76.3,0.0,12.1,June,2023
6067,Mahabubabad,17,2023-06-07,0.0,27.7,41.1,31.5,71.4,0.0,15.5,June,2023
6068,Mahabubabad,17,2023-06-08,0.0,28.2,41.4,30.6,67.3,0.0,16.1,June,2023
6069,Mahabubabad,17,2023-06-09,0.0,30.4,40.9,30.8,60.5,0.0,15.5,June,2023
6070,Mahabubabad,17,2023-06-10,0.0,30.5,41.5,28.1,63.9,0.0,22.6,June,2023
6071,Mahabubabad,17,2023-06-11,0.0,27.4,40.1,36.4,77.6,1.8,17.4,June,2023
6072,Mahabubabad,17,2023-06-12,0.0,29.5,39.5,41.5,70.5,0.0,18.4,June,2023
6073,Mahabubabad,17,2023-06-13,0.0,30.6,40.3,38.7,58.5,0.0,14.9,June,2023
6074,Mahabubabad,17,2023-06-14,0.0,30.7,42.4,30.1,61.5,0.0,10.8,June,2023
6075,Mahabubabad,17,2023-06-15,0.0,31.3,41.0,34.2,58.0,0.0,14.5,June,2023
6076,Mahabubabad,17,2023-06-16,0.0,30.3,41.1,33.9,55.6,0.0,16.6,June,2023
6077,Mahabubabad,17,2023-06-17,0.0,31.4,40.4,33.2,57.0,0.0,14.2,June,2023
6078,Mahabubabad,17,2023-06-18,0.0,30.0,41.4,35.5,70.0,0.0,17.8,June,2023
6079,Mahabubabad,17,2023-06-19,0.0,30.8,37.8,40.9,61.0,0.0,18.7,June,2023
6080,Mahabubabad,17,2023-06-20,0.0,28.1,38.7,39.2,81.1,0.0,17.8,June,2023
6081,Mahabubabad,17,2023-06-21,17.0,24.9,39.4,41.5,98.0,0.0,12.4,June,2023
6082,Mahabubabad,17,2023-06-22,0.0,26.4,34.9,60.5,90.2,0.0,13.9,June,2023
6083,Mahabubabad,17,2023-06-23,3.5,24.9,33.5,62.0,98.0,0.0,14.5,June,2023
6084,Mahabubabad,17,2023-06-24,21.5,22.7,31.4,74.8,98.6,0.0,12.6,June,2023
6085,Mahabubabad,17,2023-06-25,1.3,24.3,31.7,73.4,99.0,0.0,6.3,June,2023
6086,Mahabubabad,17,2023-06-26,0.0,26.1,32.3,66.9,93.9,0.0,6.5,June,2023
6087,Mahabubabad,17,2023-06-27,0.0,24.8,32.3,65.9,95.9,0.0,14.0,June,2023
6088,Mahabubabad,17,2023-06-28,20.5,24.5,32.9,60.0,99.0,0.0,11.0,June,2023
6089,Mahabubabad,17,2023-06-29,5.8,25.1,34.1,58.5,98.5,0.0,6.8,June,2023
6090,Mahabubabad,17,2023-06-30,0.0,25.8,36.0,58.5,92.1,0.0,9.0,June,2023
6091,Mahabubabad,18,2023-06-01,0.0,25.5,39.4,41.3,91.2,0.0,2.8,June,2023
6092,Mahabubabad,18,2023-06-02,0.0,25.4,42.5,37.5,83.3,0.0,2.2,June,2023
6093,Mahabubabad,18,2023-06-03,0.0,25.8,44.2,32.0,78.1,0.0,5.4,June,2023
6094,Mahabubabad,18,2023-06-04,0.0,27.4,42.0,31.1,76.4,0.0,1.0,June,2023
6095,Mahabubabad,18,2023-06-05,0.0,25.8,41.9,33.5,83.7,0.0,2.4,June,2023
6096,Mahabubabad,18,2023-06-06,0.0,27.0,41.9,42.4,76.4,0.0,2.8,June,2023
6097,Mahabubabad,18,2023-06-07,0.0,27.3,42.5,32.5,76.4,0.0,1.1,June,2023
6098,Mahabubabad,18,2023-06-08,0.0,28.7,42.2,36.1,69.9,0.0,0.4,June,2023
6099,Mahabubabad,18,2023-06-09,0.0,30.5,42.3,34.6,64.2,0.0,3.1,June,2023
6100,Mahabubabad,18,2023-06-10,0.0,27.5,42.5,40.5,70.4,0.0,15.3,June,2023
6101,Mahabubabad,18,2023-06-11,12.5,25.5,42.2,46.6,84.7,0.0,19.5,June,2023
6102,Mahabubabad,18,2023-06-12,0.0,28.0,37.8,45.9,76.9,0.0,1.6,June,2023
6103,Mahabubabad,18,2023-06-13,0.0,30.1,40.8,42.3,64.8,0.0,0.9,June,2023
6104,Mahabubabad,18,2023-06-14,0.0,30.8,42.6,34.7,65.1,0.0,5.3,June,2023
6105,Mahabubabad,18,2023-06-15,0.0,30.8,41.7,35.7,63.6,0.0,14.2,June,2023
6106,Mahabubabad,18,2023-06-16,0.0,30.1,40.0,34.9,76.9,0.0,7.2,June,2023
6107,Mahabubabad,18,2023-06-17,0.0,30.3,42.1,31.1,64.0,0.0,4.7,June,2023
6108,Mahabubabad,18,2023-06-18,0.0,31.5,40.6,35.5,64.1,0.0,5.3,June,2023
6109,Mahabubabad,18,2023-06-19,0.0,30.6,37.8,38.5,74.0,0.0,6.9,June,2023
6110,Mahabubabad,18,2023-06-20,0.0,28.8,41.6,33.7,79.2,0.0,2.5,June,2023
6111,Mahabubabad,18,2023-06-21,18.8,24.7,42.5,40.6,97.1,0.0,9.1,June,2023
6112,Mahabubabad,18,2023-06-22,10.3,24.9,34.5,56.2,97.6,0.0,6.2,June,2023
6113,Mahabubabad,18,2023-06-23,16.3,25.2,36.5,71.4,97.1,0.0,9.6,June,2023
6114,Mahabubabad,18,2023-06-24,8.8,22.9,32.4,77.8,96.9,0.0,0.6,June,2023
6115,Mahabubabad,18,2023-06-25,5.6,24.2,30.4,82.9,96.2,0.0,3.2,June,2023
6116,Mahabubabad,18,2023-06-26,0.0,25.8,32.2,74.4,90.5,0.0,8.4,June,2023
6117,Mahabubabad,18,2023-06-27,2.8,24.9,30.8,69.1,85.5,0.0,9.8,June,2023
6118,Mahabubabad,18,2023-06-28,4.3,24.8,33.0,61.7,92.1,0.0,1.2,June,2023
6119,Mahabubabad,18,2023-06-29,0.0,25.2,33.7,54.7,94.4,0.0,3.6,June,2023
6120,Mahabubabad,18,2023-06-30,0.0,26.3,33.9,56.0,78.1,0.0,6.0,June,2023
6121,Mahabubabad,Bayyaram,2023-06-01,0.0,26.9,41.5,33.7,79.6,0.0,1.4,June,2023
6122,Mahabubabad,Bayyaram,2023-06-02,0.0,26.0,43.7,24.4,69.3,0.0,4.6,June,2023
6123,Mahabubabad,Bayyaram,2023-06-03,0.0,25.7,44.3,21.2,69.7,0.0,6.9,June,2023
6124,Mahabubabad,Bayyaram,2023-06-04,0.0,27.8,45.2,19.9,58.4,0.0,5.0,June,2023
6125,Mahabubabad,Bayyaram,2023-06-05,2.0,25.8,44.9,25.7,81.7,0.0,8.0,June,2023
6126,Mahabubabad,Bayyaram,2023-06-06,0.0,27.0,43.0,26.9,69.5,0.0,2.2,June,2023
6127,Mahabubabad,Bayyaram,2023-06-07,0.0,27.9,44.1,25.4,64.3,0.0,4.5,June,2023
6128,Mahabubabad,Bayyaram,2023-06-08,0.0,28.0,44.5,23.7,56.6,0.0,3.5,June,2023
6129,Mahabubabad,Bayyaram,2023-06-09,0.0,28.9,44.1,24.4,53.4,0.0,5.5,June,2023
6130,Mahabubabad,Bayyaram,2023-06-10,0.0,30.7,44.5,23.7,52.0,0.0,5.5,June,2023
6131,Mahabubabad,Bayyaram,2023-06-11,0.0,28.0,43.2,29.5,65.2,0.0,3.6,June,2023
6132,Mahabubabad,Bayyaram,2023-06-12,0.0,29.3,42.2,34.0,60.2,0.0,4.1,June,2023
6133,Mahabubabad,Bayyaram,2023-06-13,0.0,31.4,43.3,30.8,51.0,0.0,4.8,June,2023
6134,Mahabubabad,Bayyaram,2023-06-14,0.0,30.1,44.3,25.7,52.9,0.0,4.6,June,2023
6135,Mahabubabad,Bayyaram,2023-06-15,0.0,31.1,43.8,27.6,51.1,0.0,6.5,June,2023
6136,Mahabubabad,Bayyaram,2023-06-16,0.0,29.6,43.4,27.6,52.0,0.0,6.3,June,2023
6137,Mahabubabad,Bayyaram,2023-06-17,0.0,30.2,44.0,26.3,51.6,0.0,3.8,June,2023
6138,Mahabubabad,Bayyaram,2023-06-18,0.0,29.8,43.7,28.8,56.1,0.0,5.4,June,2023
6139,Mahabubabad,Bayyaram,2023-06-19,0.0,30.1,42.7,30.8,53.4,0.0,5.3,June,2023
6140,Mahabubabad,Bayyaram,2023-06-20,0.0,29.1,42.4,31.2,69.6,0.0,10.7,June,2023
6141,Mahabubabad,Bayyaram,2023-06-21,2.9,25.3,42.4,32.0,88.1,0.0,15.7,June,2023
6142,Mahabubabad,Bayyaram,2023-06-22,0.9,26.4,35.8,49.8,82.6,0.0,8.8,June,2023
6143,Mahabubabad,Bayyaram,2023-06-23,5.0,24.9,36.2,49.3,89.3,0.0,8.1,June,2023
6144,Mahabubabad,Bayyaram,2023-06-24,6.2,23.3,31.0,66.2,91.4,0.0,0.2,June,2023
6145,Mahabubabad,Bayyaram,2023-06-25,2.9,24.2,32.7,62.6,91.0,0.0,0.6,June,2023
6146,Mahabubabad,Bayyaram,2023-06-26,0.0,25.5,32.5,56.2,87.7,0.0,0.4,June,2023
6147,Mahabubabad,Bayyaram,2023-06-27,1.3,25.2,32.5,55.2,87.2,0.0,0.3,June,2023
6148,Mahabubabad,Bayyaram,2023-06-28,9.9,24.6,33.8,51.4,91.4,0.0,0.8,June,2023
6149,Mahabubabad,Bayyaram,2023-06-29,1.5,25.5,36.1,48.7,88.9,0.0,0.9,June,2023
6150,Mahabubabad,Bayyaram,2023-06-30,0.0,26.6,36.0,49.3,75.8,0.0,0.5,June,2023
6151,Mahabubabad,Chinnagudur,2023-06-01,0.0,25.6,39.1,32.2,87.4,0.0,4.3,June,2023
6152,Mahabubabad,Chinnagudur,2023-06-02,0.0,25.1,40.8,28.9,75.5,0.0,6.6,June,2023
6153,Mahabubabad,Chinnagudur,2023-06-03,0.0,25.4,42.5,18.8,74.9,0.0,5.3,June,2023
6154,Mahabubabad,Chinnagudur,2023-06-04,0.0,26.4,42.1,21.1,75.5,0.0,0.7,June,2023
6155,Mahabubabad,Chinnagudur,2023-06-05,5.7,25.1,42.2,25.6,74.8,0.0,10.6,June,2023
6156,Mahabubabad,Chinnagudur,2023-06-06,0.0,25.7,40.5,26.3,75.4,0.0,6.1,June,2023
6157,Mahabubabad,Chinnagudur,2023-06-07,0.0,27.4,42.9,23.4,74.2,0.0,10.5,June,2023
6158,Mahabubabad,Chinnagudur,2023-06-08,0.0,28.4,42.9,22.4,61.8,0.0,1.0,June,2023
6159,Mahabubabad,Chinnagudur,2023-06-09,0.0,30.4,42.8,21.6,54.6,0.0,1.2,June,2023
6160,Mahabubabad,Chinnagudur,2023-06-10,0.0,29.9,43.9,20.9,59.4,0.0,1.7,June,2023
6161,Mahabubabad,Chinnagudur,2023-06-11,0.0,26.0,41.9,27.1,74.9,0.0,8.7,June,2023
6162,Mahabubabad,Chinnagudur,2023-06-12,0.0,28.9,41.1,31.5,72.5,0.0,6.5,June,2023
6163,Mahabubabad,Chinnagudur,2023-06-13,0.0,29.8,41.0,30.0,53.5,0.0,0.8,June,2023
6164,Mahabubabad,Chinnagudur,2023-06-14,0.0,30.3,42.1,24.4,55.9,0.0,4.4,June,2023
6165,Mahabubabad,Chinnagudur,2023-06-15,0.0,30.7,41.5,26.3,52.2,0.0,3.1,June,2023
6166,Mahabubabad,Chinnagudur,2023-06-16,0.0,29.0,42.2,24.3,56.0,0.0,3.9,June,2023
6167,Mahabubabad,Chinnagudur,2023-06-17,0.0,31.1,42.9,22.3,51.1,0.0,0.6,June,2023
6168,Mahabubabad,Chinnagudur,2023-06-18,2.8,27.3,42.0,26.9,74.5,0.0,2.5,June,2023
6169,Mahabubabad,Chinnagudur,2023-06-19,0.0,30.3,39.1,32.0,55.5,0.0,14.1,June,2023
6170,Mahabubabad,Chinnagudur,2023-06-20,0.0,28.4,40.6,28.3,74.7,0.0,0.9,June,2023
6171,Mahabubabad,Chinnagudur,2023-06-21,8.4,23.7,41.2,34.3,92.7,0.1,12.9,June,2023
6172,Mahabubabad,Chinnagudur,2023-06-22,0.3,24.9,35.9,50.6,92.4,0.0,8.5,June,2023
6173,Mahabubabad,Chinnagudur,2023-06-23,12.9,23.6,34.3,55.3,94.2,0.0,12.9,June,2023
6174,Mahabubabad,Chinnagudur,2023-06-24,24.5,21.4,31.4,70.1,94.4,0.0,16.2,June,2023
6175,Mahabubabad,Chinnagudur,2023-06-25,1.0,23.4,30.8,74.9,93.8,0.0,0.4,June,2023
6176,Mahabubabad,Chinnagudur,2023-06-26,0.0,26.1,32.7,67.2,76.4,0.0,5.0,June,2023
6177,Mahabubabad,Chinnagudur,2023-06-27,0.0,24.5,31.7,68.4,92.9,0.0,5.9,June,2023
6178,Mahabubabad,Chinnagudur,2023-06-28,10.8,23.6,32.5,54.9,94.0,0.0,12.7,June,2023
6179,Mahabubabad,Chinnagudur,2023-06-29,0.0,25.3,34.6,51.9,91.9,0.0,4.1,June,2023
6180,Mahabubabad,Chinnagudur,2023-06-30,0.0,26.2,35.2,51.7,75.2,0.0,6.7,June,2023
6181,Mahabubabad,Danthalapalle,2023-06-01,0.0,26.2,38.2,36.2,80.3,0.0,8.5,June,2023
6182,Mahabubabad,Danthalapalle,2023-06-02,0.0,26.2,39.9,27.6,67.8,0.0,8.4,June,2023
6183,Mahabubabad,Danthalapalle,2023-06-03,0.0,27.3,41.0,18.9,52.0,0.0,9.9,June,2023
6184,Mahabubabad,Danthalapalle,2023-06-04,0.0,28.9,41.4,19.8,51.0,0.0,3.4,June,2023
6185,Mahabubabad,Danthalapalle,2023-06-05,0.3,26.3,40.5,26.6,68.8,0.0,0.7,June,2023
6186,Mahabubabad,Danthalapalle,2023-06-06,0.0,28.5,39.5,25.9,57.6,0.0,7.5,June,2023
6187,Mahabubabad,Danthalapalle,2023-06-07,0.0,28.0,41.4,23.4,55.2,0.0,13.5,June,2023
6188,Mahabubabad,Danthalapalle,2023-06-08,0.0,29.7,41.6,22.1,50.0,0.2,8.7,June,2023
6189,Mahabubabad,Danthalapalle,2023-06-09,0.0,30.8,41.5,21.5,47.2,0.4,10.5,June,2023
6190,Mahabubabad,Danthalapalle,2023-06-10,2.0,27.1,42.3,22.4,60.3,0.1,16.0,June,2023
6191,Mahabubabad,Danthalapalle,2023-06-11,11.5,25.4,39.8,30.4,73.2,0.0,14.7,June,2023
6192,Mahabubabad,Danthalapalle,2023-06-12,0.0,28.3,37.9,39.4,66.3,1.0,13.5,June,2023
6193,Mahabubabad,Danthalapalle,2023-06-13,0.0,29.6,39.0,33.3,56.6,0.1,12.5,June,2023
6194,Mahabubabad,Danthalapalle,2023-06-14,0.0,30.1,40.0,25.9,50.5,0.3,13.3,June,2023
6195,Mahabubabad,Danthalapalle,2023-06-15,0.0,30.6,39.8,27.8,46.3,0.8,12.8,June,2023
6196,Mahabubabad,Danthalapalle,2023-06-16,0.0,30.5,40.0,24.7,44.8,0.0,14.0,June,2023
6197,Mahabubabad,Danthalapalle,2023-06-17,0.0,31.0,40.8,22.7,45.7,1.1,9.1,June,2023
6198,Mahabubabad,Danthalapalle,2023-06-18,0.0,31.9,39.6,27.6,44.6,0.0,10.6,June,2023
6199,Mahabubabad,Danthalapalle,2023-06-19,0.0,30.8,37.0,33.9,48.4,0.0,13.4,June,2023
6200,Mahabubabad,Danthalapalle,2023-06-20,0.0,28.5,39.0,28.2,64.0,0.0,11.2,June,2023
6201,Mahabubabad,Danthalapalle,2023-06-21,27.0,25.7,39.7,32.9,85.8,0.1,15.0,June,2023
6202,Mahabubabad,Danthalapalle,2023-06-22,0.0,26.0,35.8,52.8,84.5,0.0,10.8,June,2023
6203,Mahabubabad,Danthalapalle,2023-06-23,5.0,25.4,33.0,59.9,90.2,0.0,10.6,June,2023
6204,Mahabubabad,Danthalapalle,2023-06-24,26.2,22.1,31.0,73.3,94.3,0.0,11.5,June,2023
6205,Mahabubabad,Danthalapalle,2023-06-25,1.9,24.5,30.4,79.4,94.7,0.0,6.8,June,2023
6206,Mahabubabad,Danthalapalle,2023-06-26,0.0,26.7,32.2,68.7,87.6,0.0,8.9,June,2023
6207,Mahabubabad,Danthalapalle,2023-06-27,0.0,25.8,31.1,66.8,87.6,0.0,10.8,June,2023
6208,Mahabubabad,Danthalapalle,2023-06-28,5.5,24.8,32.8,59.0,94.7,0.0,8.9,June,2023
6209,Mahabubabad,Danthalapalle,2023-06-29,10.6,25.2,33.4,58.0,91.9,0.0,9.7,June,2023
6210,Mahabubabad,Danthalapalle,2023-06-30,0.0,26.7,34.0,59.4,83.9,0.0,9.0,June,2023
6211,Mahabubabad,Dornakal,2023-06-01,0.0,25.4,40.5,33.0,100.0,0.0,10.2,June,2023
6212,Mahabubabad,Dornakal,2023-06-02,0.0,25.0,41.4,23.8,92.1,0.0,11.9,June,2023
6213,Mahabubabad,Dornakal,2023-06-03,0.0,24.6,43.4,18.9,75.7,0.0,13.0,June,2023
6214,Mahabubabad,Dornakal,2023-06-04,0.0,25.9,43.9,16.1,76.4,0.0,14.0,June,2023
6215,Mahabubabad,Dornakal,2023-06-05,0.0,26.0,42.6,26.3,85.3,0.0,14.2,June,2023
6216,Mahabubabad,Dornakal,2023-06-06,0.0,25.5,40.3,28.1,76.6,0.0,11.2,June,2023
6217,Mahabubabad,Dornakal,2023-06-07,0.0,26.6,42.3,25.1,78.5,0.0,5.0,June,2023
6218,Mahabubabad,Dornakal,2023-06-08,0.0,27.4,42.5,22.6,68.5,0.0,12.6,June,2023
6219,Mahabubabad,Dornakal,2023-06-09,0.0,29.6,43.1,22.6,62.3,0.3,13.5,June,2023
6220,Mahabubabad,Dornakal,2023-06-10,0.0,30.8,42.3,19.5,59.8,0.3,18.1,June,2023
6221,Mahabubabad,Dornakal,2023-06-11,0.0,27.8,41.7,28.7,77.0,2.1,14.7,June,2023
6222,Mahabubabad,Dornakal,2023-06-12,0.0,29.0,40.7,35.2,70.9,0.0,14.6,June,2023
6223,Mahabubabad,Dornakal,2023-06-13,0.0,31.0,40.6,33.6,56.2,0.5,12.6,June,2023
6224,Mahabubabad,Dornakal,2023-06-14,0.0,30.4,42.0,25.1,58.7,1.0,11.5,June,2023
6225,Mahabubabad,Dornakal,2023-06-15,0.0,30.9,41.0,28.7,56.1,1.2,13.7,June,2023
6226,Mahabubabad,Dornakal,2023-06-16,0.0,29.0,41.3,26.3,57.2,0.0,13.9,June,2023
6227,Mahabubabad,Dornakal,2023-06-17,0.0,30.0,41.7,23.8,55.5,0.0,13.1,June,2023
6228,Mahabubabad,Dornakal,2023-06-18,0.0,29.5,41.5,30.3,66.1,0.0,16.5,June,2023
6229,Mahabubabad,Dornakal,2023-06-19,0.0,30.8,39.3,34.6,63.3,0.0,16.5,June,2023
6230,Mahabubabad,Dornakal,2023-06-20,0.0,27.3,40.0,31.2,84.0,0.0,16.2,June,2023
6231,Mahabubabad,Dornakal,2023-06-21,16.2,24.2,38.8,39.3,100.0,0.0,6.5,June,2023
6232,Mahabubabad,Dornakal,2023-06-22,0.0,25.8,36.3,52.6,93.8,0.0,12.3,June,2023
6233,Mahabubabad,Dornakal,2023-06-23,3.6,24.6,35.4,56.8,100.0,0.0,12.7,June,2023
6234,Mahabubabad,Dornakal,2023-06-24,36.5,22.3,32.0,79.5,100.0,0.0,8.8,June,2023
6235,Mahabubabad,Dornakal,2023-06-25,8.0,24.0,31.8,83.0,100.0,0.0,8.9,June,2023
6236,Mahabubabad,Dornakal,2023-06-26,0.0,25.7,32.8,70.6,100.0,0.0,10.4,June,2023
6237,Mahabubabad,Dornakal,2023-06-27,0.0,24.5,31.8,69.7,100.0,0.0,11.4,June,2023
6238,Mahabubabad,Dornakal,2023-06-28,20.0,24.2,32.7,59.5,100.0,0.0,12.8,June,2023
6239,Mahabubabad,Dornakal,2023-06-29,6.1,24.8,34.9,56.3,100.0,0.0,8.8,June,2023
6240,Mahabubabad,Dornakal,2023-06-30,0.0,25.1,35.8,56.1,99.3,0.0,10.0,June,2023
6241,Mahabubabad,Ganagavaram,2023-06-01,0.0,29.8,37.7,35.2,79.7,0.0,3.7,June,2023
6242,Mahabubabad,Ganagavaram,2023-06-02,0.0,28.0,39.5,27.0,78.9,0.0,5.0,June,2023
6243,Mahabubabad,Ganagavaram,2023-06-03,0.0,26.3,41.6,18.5,77.4,0.0,5.9,June,2023
6244,Mahabubabad,Ganagavaram,2023-06-04,0.0,29.3,41.1,21.4,70.9,0.0,5.8,June,2023
6245,Mahabubabad,Ganagavaram,2023-06-05,0.0,27.8,42.0,21.3,100.0,0.0,14.8,June,2023
6246,Mahabubabad,Ganagavaram,2023-06-06,0.0,28.8,39.3,26.6,78.8,0.0,11.2,June,2023
6247,Mahabubabad,Ganagavaram,2023-06-07,0.0,29.3,42.1,18.5,72.9,0.0,11.3,June,2023
6248,Mahabubabad,Ganagavaram,2023-06-08,0.0,30.0,41.6,20.5,70.3,0.0,10.6,June,2023
6249,Mahabubabad,Ganagavaram,2023-06-09,0.0,30.3,40.7,18.3,62.6,0.0,14.2,June,2023
6250,Mahabubabad,Ganagavaram,2023-06-10,0.0,31.2,42.1,18.3,70.9,0.0,15.7,June,2023
6251,Mahabubabad,Ganagavaram,2023-06-11,0.0,30.2,39.4,29.1,60.8,0.0,18.2,June,2023
6252,Mahabubabad,Ganagavaram,2023-06-12,0.0,32.0,39.2,29.5,51.2,0.0,15.3,June,2023
6253,Mahabubabad,Ganagavaram,2023-06-13,0.0,32.7,40.2,26.5,40.2,0.0,4.6,June,2023
6254,Mahabubabad,Ganagavaram,2023-06-14,0.0,32.1,41.0,21.7,46.4,0.0,13.8,June,2023
6255,Mahabubabad,Ganagavaram,2023-06-15,0.0,32.3,40.7,22.8,43.1,3.9,39.7,June,2023
6256,Mahabubabad,Ganagavaram,2023-06-16,0.0,29.2,39.9,23.4,65.2,0.0,12.0,June,2023
6257,Mahabubabad,Ganagavaram,2023-06-17,0.0,29.9,41.0,21.1,59.4,0.0,13.7,June,2023
6258,Mahabubabad,Ganagavaram,2023-06-18,0.0,31.6,40.9,23.5,60.5,0.0,12.7,June,2023
6259,Mahabubabad,Ganagavaram,2023-06-19,0.0,31.3,39.4,27.6,58.2,0.0,10.3,June,2023
6260,Mahabubabad,Ganagavaram,2023-06-20,0.0,31.7,40.0,26.1,64.9,0.0,8.3,June,2023
6261,Mahabubabad,Ganagavaram,2023-06-21,31.4,26.0,40.3,28.8,89.6,0.0,17.4,June,2023
6262,Mahabubabad,Ganagavaram,2023-06-22,0.0,29.0,37.0,53.3,100.0,0.0,15.1,June,2023
6263,Mahabubabad,Ganagavaram,2023-06-23,0.0,27.9,35.1,51.5,82.5,0.0,8.5,June,2023
6264,Mahabubabad,Ganagavaram,2023-06-24,22.9,25.0,32.1,69.3,91.1,0.0,3.8,June,2023
6265,Mahabubabad,Ganagavaram,2023-06-25,0.0,26.9,32.4,75.3,86.9,0.0,8.6,June,2023
6266,Mahabubabad,Ganagavaram,2023-06-26,18.1,27.7,32.7,66.0,100.0,0.0,11.5,June,2023
6267,Mahabubabad,Ganagavaram,2023-06-27,0.0,25.9,32.0,68.3,100.0,0.0,11.3,June,2023
6268,Mahabubabad,Ganagavaram,2023-06-28,1.7,26.1,32.4,68.7,95.5,0.0,14.1,June,2023
6269,Mahabubabad,Ganagavaram,2023-06-29,0.7,27.8,35.2,53.3,87.8,0.0,12.4,June,2023
6270,Mahabubabad,Ganagavaram,2023-06-30,0.0,30.0,36.0,55.2,84.2,0.0,14.4,June,2023
6271,Mahabubabad,Garla,2023-06-01,0.0,25.8,41.9,35.1,93.1,0.0,4.6,June,2023
6272,Mahabubabad,Garla,2023-06-02,0.0,25.4,42.9,29.0,81.1,0.0,6.9,June,2023
6273,Mahabubabad,Garla,2023-06-03,0.0,24.7,44.8,23.3,78.6,0.0,7.1,June,2023
6274,Mahabubabad,Garla,2023-06-04,0.0,26.1,45.2,21.1,72.7,0.0,6.6,June,2023
6275,Mahabubabad,Garla,2023-06-05,8.0,25.2,43.8,28.2,91.1,0.0,15.0,June,2023
6276,Mahabubabad,Garla,2023-06-06,0.0,26.3,41.3,31.1,81.3,0.0,7.9,June,2023
6277,Mahabubabad,Garla,2023-06-07,0.0,26.9,43.9,28.5,75.9,0.0,5.9,June,2023
6278,Mahabubabad,Garla,2023-06-08,0.0,27.9,43.9,26.8,65.4,0.0,9.5,June,2023
6279,Mahabubabad,Garla,2023-06-09,0.0,27.6,44.7,26.3,66.8,0.0,7.0,June,2023
6280,Mahabubabad,Garla,2023-06-10,0.0,30.6,43.6,26.1,58.6,0.0,11.4,June,2023
6281,Mahabubabad,Garla,2023-06-11,0.3,27.4,43.3,31.1,74.5,0.0,12.4,June,2023
6282,Mahabubabad,Garla,2023-06-12,0.0,29.1,42.4,33.9,68.8,0.0,10.8,June,2023
6283,Mahabubabad,Garla,2023-06-13,0.0,30.6,41.7,33.9,56.1,0.0,8.4,June,2023
6284,Mahabubabad,Garla,2023-06-14,0.0,30.2,43.9,26.8,58.7,0.0,8.4,June,2023
6285,Mahabubabad,Garla,2023-06-15,0.0,30.0,42.8,29.0,55.0,0.0,11.3,June,2023
6286,Mahabubabad,Garla,2023-06-16,0.0,28.2,43.1,28.2,59.2,0.0,11.7,June,2023
6287,Mahabubabad,Garla,2023-06-17,0.0,28.3,43.1,28.2,60.7,0.0,10.8,June,2023
6288,Mahabubabad,Garla,2023-06-18,0.0,30.9,43.3,29.7,60.2,0.0,10.6,June,2023
6289,Mahabubabad,Garla,2023-06-19,0.0,30.0,41.7,33.2,60.7,0.0,11.2,June,2023
6290,Mahabubabad,Garla,2023-06-20,0.0,28.5,41.1,33.0,80.0,0.0,7.8,June,2023
6291,Mahabubabad,Garla,2023-06-21,15.8,24.0,40.0,40.5,100.0,0.0,13.6,June,2023
6292,Mahabubabad,Garla,2023-06-22,0.0,25.9,37.8,49.7,90.1,0.0,9.0,June,2023
6293,Mahabubabad,Garla,2023-06-23,2.4,24.6,36.4,52.1,99.1,0.0,5.7,June,2023
6294,Mahabubabad,Garla,2023-06-24,26.8,22.8,31.7,72.3,100.0,0.0,2.6,June,2023
6295,Mahabubabad,Garla,2023-06-25,1.3,24.1,32.7,72.3,100.0,0.0,5.3,June,2023
6296,Mahabubabad,Garla,2023-06-26,0.0,25.8,33.1,63.3,94.1,0.0,8.0,June,2023
6297,Mahabubabad,Garla,2023-06-27,0.0,24.6,32.7,65.4,93.7,0.0,8.2,June,2023
6298,Mahabubabad,Garla,2023-06-28,36.6,24.3,33.0,58.6,100.0,0.0,7.1,June,2023
6299,Mahabubabad,Garla,2023-06-29,5.4,24.6,37.0,52.7,100.0,0.0,7.6,June,2023
6300,Mahabubabad,Garla,2023-06-30,1.2,25.2,37.9,50.9,92.3,0.0,6.6,June,2023
6301,Mahabubabad,Gudur,2023-06-01,0.0,25.0,38.6,33.7,92.7,0.0,5.3,June,2023
6302,Mahabubabad,Gudur,2023-06-02,0.0,24.6,41.3,23.4,81.8,0.0,5.2,June,2023
6303,Mahabubabad,Gudur,2023-06-03,0.0,24.3,42.5,19.9,73.3,0.0,9.3,June,2023
6304,Mahabubabad,Gudur,2023-06-04,0.0,25.6,43.0,20.8,67.0,0.0,9.3,June,2023
6305,Mahabubabad,Gudur,2023-06-05,0.0,25.0,41.9,21.4,79.7,0.0,7.8,June,2023
6306,Mahabubabad,Gudur,2023-06-06,0.0,25.2,40.1,26.0,74.8,0.0,5.5,June,2023
6307,Mahabubabad,Gudur,2023-06-07,0.0,27.0,41.5,24.0,70.6,0.0,14.7,June,2023
6308,Mahabubabad,Gudur,2023-06-08,0.0,27.0,41.9,25.3,65.6,0.0,13.3,June,2023
6309,Mahabubabad,Gudur,2023-06-09,0.0,27.8,41.7,24.0,60.9,0.0,15.8,June,2023
6310,Mahabubabad,Gudur,2023-06-10,11.3,25.1,42.2,22.9,80.2,0.0,20.5,June,2023
6311,Mahabubabad,Gudur,2023-06-11,0.0,26.5,39.9,33.2,80.0,0.0,17.2,June,2023
6312,Mahabubabad,Gudur,2023-06-12,0.0,27.4,39.0,32.7,69.4,0.0,6.6,June,2023
6313,Mahabubabad,Gudur,2023-06-13,0.0,30.7,40.4,31.8,48.8,0.0,8.1,June,2023
6314,Mahabubabad,Gudur,2023-06-14,0.0,29.6,40.9,25.1,48.5,0.0,7.4,June,2023
6315,Mahabubabad,Gudur,2023-06-15,0.0,30.0,40.9,27.1,47.4,0.0,8.9,June,2023
6316,Mahabubabad,Gudur,2023-06-16,0.0,28.3,40.8,27.3,52.4,0.0,8.6,June,2023
6317,Mahabubabad,Gudur,2023-06-17,0.0,27.9,41.4,24.4,51.1,0.0,6.2,June,2023
6318,Mahabubabad,Gudur,2023-06-18,0.0,30.0,41.1,29.0,50.1,0.0,7.5,June,2023
6319,Mahabubabad,Gudur,2023-06-19,0.0,29.8,37.8,31.5,50.9,0.0,6.9,June,2023
6320,Mahabubabad,Gudur,2023-06-20,0.0,27.5,40.2,27.5,69.9,0.0,7.3,June,2023
6321,Mahabubabad,Gudur,2023-06-21,28.2,24.5,41.2,32.7,99.0,0.0,7.7,June,2023
6322,Mahabubabad,Gudur,2023-06-22,0.0,24.5,35.0,52.8,99.2,0.0,8.3,June,2023
6323,Mahabubabad,Gudur,2023-06-23,6.0,24.7,32.9,59.6,90.8,0.0,12.1,June,2023
6324,Mahabubabad,Gudur,2023-06-24,17.2,22.9,30.1,80.4,99.8,0.0,4.1,June,2023
6325,Mahabubabad,Gudur,2023-06-25,6.2,23.9,29.8,87.7,99.5,0.0,6.4,June,2023
6326,Mahabubabad,Gudur,2023-06-26,0.0,25.1,32.3,75.0,97.5,0.0,6.6,June,2023
6327,Mahabubabad,Gudur,2023-06-27,0.0,24.9,31.0,63.3,93.3,0.0,13.8,June,2023
6328,Mahabubabad,Gudur,2023-06-28,0.0,24.8,32.7,53.2,95.2,0.0,17.8,June,2023
6329,Mahabubabad,Gudur,2023-06-29,0.0,25.3,34.5,49.5,91.9,0.0,17.7,June,2023
6330,Mahabubabad,Gudur,2023-06-30,0.4,25.4,35.9,49.5,87.9,0.0,14.6,June,2023
6331,Mahabubabad,Kesamudram,2023-06-01,0.0,25.5,38.5,39.2,100.0,0.0,0.5,June,2023
6332,Mahabubabad,Kesamudram,2023-06-02,0.0,25.1,40.1,29.6,84.7,0.0,0.4,June,2023
6333,Mahabubabad,Kesamudram,2023-06-03,0.0,25.3,42.2,29.0,75.2,0.0,1.5,June,2023
6334,Mahabubabad,Kesamudram,2023-06-04,0.0,26.8,41.7,29.6,64.1,0.0,5.9,June,2023
6335,Mahabubabad,Kesamudram,2023-06-05,3.4,25.5,41.3,29.3,85.0,0.0,0.7,June,2023
6336,Mahabubabad,Kesamudram,2023-06-06,0.0,26.4,39.8,30.9,72.6,0.0,0.8,June,2023
6337,Mahabubabad,Kesamudram,2023-06-07,0.0,27.2,40.5,27.4,65.0,0.0,1.2,June,2023
6338,Mahabubabad,Kesamudram,2023-06-08,0.0,27.9,41.0,30.8,52.4,0.0,1.7,June,2023
6339,Mahabubabad,Kesamudram,2023-06-09,0.0,29.3,41.4,27.4,52.6,0.0,2.2,June,2023
6340,Mahabubabad,Kesamudram,2023-06-10,1.8,25.1,41.8,29.5,86.0,0.0,2.2,June,2023
6341,Mahabubabad,Kesamudram,2023-06-11,15.4,24.2,40.7,42.8,81.6,0.0,3.7,June,2023
6342,Mahabubabad,Kesamudram,2023-06-12,0.0,28.0,36.6,38.1,69.6,0.0,0.9,June,2023
6343,Mahabubabad,Kesamudram,2023-06-13,0.0,30.4,39.9,39.6,48.7,0.0,3.1,June,2023
6344,Mahabubabad,Kesamudram,2023-06-14,0.0,30.3,40.8,29.0,48.3,0.0,2.8,June,2023
6345,Mahabubabad,Kesamudram,2023-06-15,0.0,30.8,40.5,30.0,44.9,0.0,2.2,June,2023
6346,Mahabubabad,Kesamudram,2023-06-16,0.0,29.7,39.8,30.0,45.6,0.0,2.2,June,2023
6347,Mahabubabad,Kesamudram,2023-06-17,0.0,30.1,41.5,30.0,43.4,0.0,1.0,June,2023
6348,Mahabubabad,Kesamudram,2023-06-18,0.0,31.3,40.2,33.8,46.0,0.0,0.9,June,2023
6349,Mahabubabad,Kesamudram,2023-06-19,0.0,30.8,37.5,33.8,46.7,0.0,2.5,June,2023
6350,Mahabubabad,Kesamudram,2023-06-20,0.0,28.3,39.7,30.3,69.6,0.0,0.8,June,2023
6351,Mahabubabad,Kesamudram,2023-06-21,16.9,24.2,40.0,45.3,100.0,0.0,0.9,June,2023
6352,Mahabubabad,Kesamudram,2023-06-22,6.2,25.1,33.5,57.6,100.0,0.0,1.2,June,2023
6353,Mahabubabad,Kesamudram,2023-06-23,11.4,24.4,33.4,57.6,100.0,0.0,1.0,June,2023
6354,Mahabubabad,Kesamudram,2023-06-24,16.6,22.8,30.2,90.7,100.0,0.0,2.9,June,2023
6355,Mahabubabad,Kesamudram,2023-06-25,8.0,23.9,30.4,79.9,95.4,0.0,0.3,June,2023
6356,Mahabubabad,Kesamudram,2023-06-26,1.4,25.3,32.8,71.4,100.0,0.0,0.9,June,2023
6357,Mahabubabad,Kesamudram,2023-06-27,1.1,24.8,31.5,79.7,100.0,0.0,0.4,June,2023
6358,Mahabubabad,Kesamudram,2023-06-28,8.1,24.5,33.6,58.0,100.0,0.0,3.4,June,2023
6359,Mahabubabad,Kesamudram,2023-06-29,0.0,25.2,34.1,52.3,100.0,0.0,1.0,June,2023
6360,Mahabubabad,Kesamudram,2023-06-30,0.0,26.5,34.4,55.2,81.6,0.0,1.5,June,2023
6361,Mahabubabad,Kothaguda,2023-06-01,0.0,25.0,39.3,31.0,89.5,0.0,2.8,June,2023
6362,Mahabubabad,Kothaguda,2023-06-02,0.0,23.9,41.5,19.0,81.3,0.0,8.2,June,2023
6363,Mahabubabad,Kothaguda,2023-06-03,0.0,23.7,42.5,15.3,73.4,0.0,3.1,June,2023
6364,Mahabubabad,Kothaguda,2023-06-04,0.0,25.1,43.0,16.3,70.4,0.0,11.0,June,2023
6365,Mahabubabad,Kothaguda,2023-06-05,0.0,24.9,41.9,21.4,77.0,0.0,11.4,June,2023
6366,Mahabubabad,Kothaguda,2023-06-06,0.0,24.7,40.1,23.5,76.3,0.0,10.2,June,2023
6367,Mahabubabad,Kothaguda,2023-06-07,0.0,26.0,41.4,21.2,70.0,0.0,9.0,June,2023
6368,Mahabubabad,Kothaguda,2023-06-08,0.0,26.3,41.9,22.0,63.5,0.0,8.6,June,2023
6369,Mahabubabad,Kothaguda,2023-06-09,0.0,27.1,41.7,20.5,60.0,0.0,11.5,June,2023
6370,Mahabubabad,Kothaguda,2023-06-10,3.5,27.1,42.2,20.2,64.8,0.0,8.3,June,2023
6371,Mahabubabad,Kothaguda,2023-06-11,0.0,25.6,40.5,28.4,79.3,0.0,15.1,June,2023
6372,Mahabubabad,Kothaguda,2023-06-12,0.0,27.2,39.6,30.0,69.3,0.0,9.5,June,2023
6373,Mahabubabad,Kothaguda,2023-06-13,0.0,30.8,40.4,26.1,48.9,0.0,10.6,June,2023
6374,Mahabubabad,Kothaguda,2023-06-14,0.0,29.0,40.9,21.3,48.6,0.0,11.4,June,2023
6375,Mahabubabad,Kothaguda,2023-06-15,0.0,29.2,40.9,22.6,48.6,7.7,62.5,June,2023
6376,Mahabubabad,Kothaguda,2023-06-16,0.0,27.5,40.8,22.6,55.8,0.0,11.8,June,2023
6377,Mahabubabad,Kothaguda,2023-06-17,0.0,27.0,41.4,21.0,57.4,0.0,8.8,June,2023
6378,Mahabubabad,Kothaguda,2023-06-18,0.0,29.0,41.1,24.8,55.1,0.0,10.8,June,2023
6379,Mahabubabad,Kothaguda,2023-06-19,0.0,29.2,38.8,29.2,53.7,0.0,9.1,June,2023
6380,Mahabubabad,Kothaguda,2023-06-20,0.0,27.3,40.2,26.1,70.0,0.0,10.6,June,2023
6381,Mahabubabad,Kothaguda,2023-06-21,27.4,24.5,41.2,26.5,98.5,0.0,11.1,June,2023
6382,Mahabubabad,Kothaguda,2023-06-22,1.6,24.4,35.9,49.1,98.8,0.0,11.9,June,2023
6383,Mahabubabad,Kothaguda,2023-06-23,1.8,24.5,33.1,58.8,93.9,0.0,3.5,June,2023
6384,Mahabubabad,Kothaguda,2023-06-24,7.6,23.0,30.2,75.3,99.8,0.0,6.4,June,2023
6385,Mahabubabad,Kothaguda,2023-06-25,6.2,24.0,29.8,81.6,99.3,0.0,4.5,June,2023
6386,Mahabubabad,Kothaguda,2023-06-26,14.7,25.0,32.2,65.9,96.3,0.0,8.2,June,2023
6387,Mahabubabad,Kothaguda,2023-06-27,0.0,24.4,30.8,65.3,95.6,0.0,10.5,June,2023
6388,Mahabubabad,Kothaguda,2023-06-28,0.0,24.5,32.6,54.9,97.5,0.0,12.3,June,2023
6389,Mahabubabad,Kothaguda,2023-06-29,0.0,24.7,33.9,50.7,96.7,0.0,5.7,June,2023
6390,Mahabubabad,Kothaguda,2023-06-30,0.0,25.6,34.5,48.9,85.3,0.0,10.4,June,2023
6391,Mahabubabad,Kuravi,2023-06-01,0.0,25.4,39.7,25.7,98.4,0.0,6.9,June,2023
6392,Mahabubabad,Kuravi,2023-06-02,0.0,25.5,41.1,18.7,71.7,0.0,8.7,June,2023
6393,Mahabubabad,Kuravi,2023-06-03,0.0,26.3,42.2,14.7,55.1,0.0,9.0,June,2023
6394,Mahabubabad,Kuravi,2023-06-04,0.0,27.2,42.7,14.7,57.1,0.0,11.2,June,2023
6395,Mahabubabad,Kuravi,2023-06-05,3.4,26.1,43.7,18.2,77.4,0.0,13.9,June,2023
6396,Mahabubabad,Kuravi,2023-06-06,0.0,26.7,40.7,22.9,61.6,0.0,10.2,June,2023
6397,Mahabubabad,Kuravi,2023-06-07,0.0,27.2,42.1,19.6,60.1,0.0,12.7,June,2023
6398,Mahabubabad,Kuravi,2023-06-08,0.0,28.0,42.4,18.2,52.6,0.0,9.0,June,2023
6399,Mahabubabad,Kuravi,2023-06-09,0.0,30.5,42.1,18.9,46.9,0.5,11.5,June,2023
6400,Mahabubabad,Kuravi,2023-06-10,0.0,30.7,42.7,17.3,48.6,0.5,13.6,June,2023
6401,Mahabubabad,Kuravi,2023-06-11,0.4,26.6,41.1,24.3,72.3,2.3,11.9,June,2023
6402,Mahabubabad,Kuravi,2023-06-12,0.0,29.2,40.5,28.5,57.6,0.0,10.8,June,2023
6403,Mahabubabad,Kuravi,2023-06-13,0.0,30.5,40.5,25.0,44.6,0.9,10.3,June,2023
6404,Mahabubabad,Kuravi,2023-06-14,0.0,30.5,42.7,18.2,48.1,1.9,12.1,June,2023
6405,Mahabubabad,Kuravi,2023-06-15,0.0,30.8,41.9,21.0,45.7,2.4,12.9,June,2023
6406,Mahabubabad,Kuravi,2023-06-16,0.0,30.1,41.8,20.1,44.6,0.0,11.2,June,2023
6407,Mahabubabad,Kuravi,2023-06-17,0.0,30.7,41.7,18.7,45.2,0.0,12.0,June,2023
6408,Mahabubabad,Kuravi,2023-06-18,0.0,30.1,43.0,22.2,50.9,0.0,15.2,June,2023
6409,Mahabubabad,Kuravi,2023-06-19,0.0,30.2,39.8,25.0,49.8,0.0,14.3,June,2023
6410,Mahabubabad,Kuravi,2023-06-20,0.0,28.0,40.4,25.0,65.2,0.0,14.5,June,2023
6411,Mahabubabad,Kuravi,2023-06-21,7.5,24.5,41.9,25.2,100.0,0.0,12.7,June,2023
6412,Mahabubabad,Kuravi,2023-06-22,0.0,26.2,38.2,39.8,86.3,0.0,10.7,June,2023
6413,Mahabubabad,Kuravi,2023-06-23,4.0,24.3,35.5,43.0,100.0,0.0,10.8,June,2023
6414,Mahabubabad,Kuravi,2023-06-24,11.7,22.6,32.6,79.4,100.0,0.0,5.0,June,2023
6415,Mahabubabad,Kuravi,2023-06-25,0.0,24.5,31.6,83.5,100.0,0.0,11.4,June,2023
6416,Mahabubabad,Kuravi,2023-06-26,0.0,26.5,33.0,52.4,89.9,0.0,10.8,June,2023
6417,Mahabubabad,Kuravi,2023-06-27,0.0,25.2,32.5,55.0,91.2,0.0,8.8,June,2023
6418,Mahabubabad,Kuravi,2023-06-28,22.5,24.5,34.1,44.2,100.0,0.0,14.5,June,2023
6419,Mahabubabad,Kuravi,2023-06-29,0.0,25.8,35.5,41.9,91.2,0.0,10.8,June,2023
6420,Mahabubabad,Kuravi,2023-06-30,0.0,26.8,36.5,42.2,70.4,0.0,10.9,June,2023
6421,Mahabubabad,Mahabubabad,2023-06-01,0.0,25.4,39.2,25.9,100.0,0.0,3.2,June,2023
6422,Mahabubabad,Mahabubabad,2023-06-02,0.0,25.0,42.1,20.5,94.9,0.0,5.8,June,2023
6423,Mahabubabad,Mahabubabad,2023-06-03,0.0,25.4,42.4,13.7,76.4,0.0,7.1,June,2023
6424,Mahabubabad,Mahabubabad,2023-06-04,0.0,26.2,43.5,15.1,82.5,0.0,8.4,June,2023
6425,Mahabubabad,Mahabubabad,2023-06-05,6.1,25.4,42.1,21.5,100.0,0.0,11.5,June,2023
6426,Mahabubabad,Mahabubabad,2023-06-06,0.0,26.1,40.3,23.2,83.7,0.0,5.4,June,2023
6427,Mahabubabad,Mahabubabad,2023-06-07,0.0,26.6,42.8,21.1,77.1,0.0,9.0,June,2023
6428,Mahabubabad,Mahabubabad,2023-06-08,0.0,27.0,42.8,19.1,76.9,0.0,9.7,June,2023
6429,Mahabubabad,Mahabubabad,2023-06-09,0.0,28.7,42.8,19.1,72.9,0.2,9.6,June,2023
6430,Mahabubabad,Mahabubabad,2023-06-10,0.0,30.1,42.9,17.1,71.8,0.0,18.7,June,2023
6431,Mahabubabad,Mahabubabad,2023-06-11,8.8,24.5,42.0,22.5,90.9,0.0,14.1,June,2023
6432,Mahabubabad,Mahabubabad,2023-06-12,0.0,27.5,40.8,35.0,84.3,0.0,8.9,June,2023
6433,Mahabubabad,Mahabubabad,2023-06-13,0.0,29.9,41.6,27.9,73.4,0.0,11.7,June,2023
6434,Mahabubabad,Mahabubabad,2023-06-14,0.0,29.5,43.2,21.8,72.0,0.0,10.6,June,2023
6435,Mahabubabad,Mahabubabad,2023-06-15,0.0,30.3,42.6,23.8,67.0,0.0,12.5,June,2023
6436,Mahabubabad,Mahabubabad,2023-06-16,0.0,28.0,41.8,23.2,73.6,0.0,11.2,June,2023
6437,Mahabubabad,Mahabubabad,2023-06-17,0.0,30.2,42.3,19.1,66.2,0.0,11.3,June,2023
6438,Mahabubabad,Mahabubabad,2023-06-18,4.3,27.6,42.8,24.5,72.6,0.0,19.0,June,2023
6439,Mahabubabad,Mahabubabad,2023-06-19,0.0,29.9,39.3,29.6,67.8,0.0,13.0,June,2023
6440,Mahabubabad,Mahabubabad,2023-06-20,0.0,27.6,39.9,25.9,74.9,0.0,13.2,June,2023
6441,Mahabubabad,Mahabubabad,2023-06-21,13.6,24.3,40.9,28.6,99.9,0.0,8.3,June,2023
6442,Mahabubabad,Mahabubabad,2023-06-22,3.9,25.0,36.4,47.2,100.0,0.0,6.1,June,2023
6443,Mahabubabad,Mahabubabad,2023-06-23,12.1,24.3,34.7,49.5,100.0,0.0,13.6,June,2023
6444,Mahabubabad,Mahabubabad,2023-06-24,10.2,22.7,32.9,69.2,100.0,0.0,15.3,June,2023
6445,Mahabubabad,Mahabubabad,2023-06-25,2.2,24.0,33.0,72.8,100.0,0.0,7.5,June,2023
6446,Mahabubabad,Mahabubabad,2023-06-26,0.1,25.9,32.9,67.4,99.9,0.0,10.1,June,2023
6447,Mahabubabad,Mahabubabad,2023-06-27,1.3,24.6,32.3,59.7,100.0,0.0,11.0,June,2023
6448,Mahabubabad,Mahabubabad,2023-06-28,7.6,24.4,33.0,51.3,100.0,0.0,13.3,June,2023
6449,Mahabubabad,Mahabubabad,2023-06-29,3.2,25.0,34.7,46.0,100.0,0.0,8.1,June,2023
6450,Mahabubabad,Mahabubabad,2023-06-30,0.0,26.5,35.5,49.5,100.0,0.0,10.2,June,2023
6451,Mahabubabad,Maripeda,2023-06-01,0.0,26.2,38.4,40.3,91.6,0.0,6.3,June,2023
6452,Mahabubabad,Maripeda,2023-06-02,0.0,26.6,42.1,33.9,79.9,0.0,0.5,June,2023
6453,Mahabubabad,Maripeda,2023-06-03,0.0,28.5,42.3,26.4,61.1,0.0,1.0,June,2023
6454,Mahabubabad,Maripeda,2023-06-04,0.0,28.3,42.6,27.6,64.7,0.0,1.4,June,2023
6455,Mahabubabad,Maripeda,2023-06-05,1.8,26.7,42.9,31.4,86.3,0.0,5.5,June,2023
6456,Mahabubabad,Maripeda,2023-06-06,0.0,27.9,40.4,32.5,67.6,0.0,0.9,June,2023
6457,Mahabubabad,Maripeda,2023-06-07,0.0,28.1,41.2,33.2,67.6,0.0,0.1,June,2023
6458,Mahabubabad,Maripeda,2023-06-08,0.0,29.4,42.5,30.0,62.6,0.0,0.9,June,2023
6459,Mahabubabad,Maripeda,2023-06-09,0.0,31.1,42.1,29.0,58.5,0.0,6.9,June,2023
6460,Mahabubabad,Maripeda,2023-06-10,0.5,29.6,42.4,29.7,66.2,0.0,11.5,June,2023
6461,Mahabubabad,Maripeda,2023-06-11,0.6,27.3,41.7,34.9,78.5,0.0,14.2,June,2023
6462,Mahabubabad,Maripeda,2023-06-12,0.0,28.3,39.4,41.2,74.9,0.0,10.2,June,2023
6463,Mahabubabad,Maripeda,2023-06-13,0.0,30.9,41.1,37.1,58.5,0.0,4.8,June,2023
6464,Mahabubabad,Maripeda,2023-06-14,0.0,30.4,41.8,32.1,61.1,0.0,4.7,June,2023
6465,Mahabubabad,Maripeda,2023-06-15,0.0,30.9,40.6,35.9,58.5,0.0,4.5,June,2023
6466,Mahabubabad,Maripeda,2023-06-16,0.0,31.0,41.2,32.5,54.5,0.0,4.6,June,2023
6467,Mahabubabad,Maripeda,2023-06-17,0.0,31.3,42.7,30.7,57.5,0.0,8.7,June,2023
6468,Mahabubabad,Maripeda,2023-06-18,4.8,27.7,41.4,35.9,79.5,0.0,5.6,June,2023
6469,Mahabubabad,Maripeda,2023-06-19,0.0,30.4,37.8,43.8,61.6,0.0,1.5,June,2023
6470,Mahabubabad,Maripeda,2023-06-20,0.0,27.9,40.0,37.7,79.7,0.0,11.6,June,2023
6471,Mahabubabad,Maripeda,2023-06-21,17.8,25.2,42.4,39.2,97.8,0.0,5.7,June,2023
6472,Mahabubabad,Maripeda,2023-06-22,0.0,26.4,35.3,59.0,91.1,0.0,6.4,June,2023
6473,Mahabubabad,Maripeda,2023-06-23,0.7,25.7,34.0,60.5,94.1,0.0,10.9,June,2023
6474,Mahabubabad,Maripeda,2023-06-24,15.8,22.6,32.5,67.2,99.5,0.0,6.3,June,2023
6475,Mahabubabad,Maripeda,2023-06-25,1.2,23.9,31.8,66.2,93.1,0.0,4.6,June,2023
6476,Mahabubabad,Maripeda,2023-06-26,0.0,25.9,32.2,56.3,89.3,0.0,7.2,June,2023
6477,Mahabubabad,Maripeda,2023-06-27,0.0,24.8,32.5,55.8,92.0,0.0,12.6,June,2023
6478,Mahabubabad,Maripeda,2023-06-28,10.6,24.2,33.8,48.9,91.7,0.0,2.8,June,2023
6479,Mahabubabad,Maripeda,2023-06-29,23.3,25.2,35.3,48.1,90.3,0.0,2.5,June,2023
6480,Mahabubabad,Maripeda,2023-06-30,2.0,26.5,35.4,48.1,78.2,0.0,3.4,June,2023
6481,Mahabubabad,Narsimhulapet,2023-06-01,0.0,25.0,41.9,23.0,100.0,0.0,12.4,June,2023
6482,Mahabubabad,Narsimhulapet,2023-06-02,0.0,25.0,43.8,21.8,75.1,0.0,9.0,June,2023
6483,Mahabubabad,Narsimhulapet,2023-06-03,0.0,26.5,44.9,17.6,65.4,0.0,10.1,June,2023
6484,Mahabubabad,Narsimhulapet,2023-06-04,0.0,27.4,46.0,13.7,59.8,0.0,6.1,June,2023
6485,Mahabubabad,Narsimhulapet,2023-06-05,0.4,25.4,44.8,19.4,82.6,0.0,9.6,June,2023
6486,Mahabubabad,Narsimhulapet,2023-06-06,0.0,26.1,42.8,17.8,69.2,0.0,8.4,June,2023
6487,Mahabubabad,Narsimhulapet,2023-06-07,0.0,27.3,43.5,24.5,64.7,0.0,14.9,June,2023
6488,Mahabubabad,Narsimhulapet,2023-06-08,0.0,28.8,44.4,22.5,56.0,0.3,9.0,June,2023
6489,Mahabubabad,Narsimhulapet,2023-06-09,0.0,30.6,44.7,21.1,52.9,0.7,11.3,June,2023
6490,Mahabubabad,Narsimhulapet,2023-06-10,0.0,27.1,44.2,20.9,68.1,0.1,17.9,June,2023
6491,Mahabubabad,Narsimhulapet,2023-06-11,3.9,23.7,42.6,27.1,77.5,0.0,16.0,June,2023
6492,Mahabubabad,Narsimhulapet,2023-06-12,0.0,28.1,40.4,33.7,69.8,1.9,14.6,June,2023
6493,Mahabubabad,Narsimhulapet,2023-06-13,0.0,28.8,41.2,29.9,57.9,0.1,15.1,June,2023
6494,Mahabubabad,Narsimhulapet,2023-06-14,0.0,29.9,42.0,25.0,55.9,0.6,15.9,June,2023
6495,Mahabubabad,Narsimhulapet,2023-06-15,0.0,30.4,42.2,27.1,52.9,1.6,14.6,June,2023
6496,Mahabubabad,Narsimhulapet,2023-06-16,0.0,29.1,41.7,24.3,62.6,0.0,14.1,June,2023
6497,Mahabubabad,Narsimhulapet,2023-06-17,0.0,29.9,44.5,17.3,51.9,2.1,10.8,June,2023
6498,Mahabubabad,Narsimhulapet,2023-06-18,0.0,28.0,42.6,23.3,68.1,0.0,11.5,June,2023
6499,Mahabubabad,Narsimhulapet,2023-06-19,0.0,30.7,40.0,27.1,53.3,0.0,15.1,June,2023
6500,Mahabubabad,Narsimhulapet,2023-06-20,0.0,28.2,43.0,21.2,71.3,0.0,11.6,June,2023
6501,Mahabubabad,Narsimhulapet,2023-06-21,12.7,24.5,42.5,26.0,100.0,0.1,17.5,June,2023
6502,Mahabubabad,Narsimhulapet,2023-06-22,2.8,25.2,38.7,45.8,100.0,0.0,11.4,June,2023
6503,Mahabubabad,Narsimhulapet,2023-06-23,5.2,24.6,37.6,48.8,100.0,0.0,12.1,June,2023
6504,Mahabubabad,Narsimhulapet,2023-06-24,18.4,22.1,33.0,61.8,93.1,0.0,17.1,June,2023
6505,Mahabubabad,Narsimhulapet,2023-06-25,1.8,24.2,32.9,66.2,100.0,0.0,7.9,June,2023
6506,Mahabubabad,Narsimhulapet,2023-06-26,0.0,26.2,34.6,56.3,100.0,0.0,11.0,June,2023
6507,Mahabubabad,Narsimhulapet,2023-06-27,0.0,25.1,32.8,55.8,92.0,0.0,13.1,June,2023
6508,Mahabubabad,Narsimhulapet,2023-06-28,8.1,24.5,34.1,48.9,92.5,0.0,10.0,June,2023
6509,Mahabubabad,Narsimhulapet,2023-06-29,4.3,25.1,35.6,48.1,90.3,0.0,11.4,June,2023
6510,Mahabubabad,Narsimhulapet,2023-06-30,0.0,26.5,35.7,48.1,78.2,0.0,11.0,June,2023
6511,Mahabubabad,Nellikudur,2023-06-01,0.0,25.3,39.8,36.8,89.5,0.0,4.6,June,2023
6512,Mahabubabad,Nellikudur,2023-06-02,0.0,25.0,41.1,28.2,82.7,0.0,7.7,June,2023
6513,Mahabubabad,Nellikudur,2023-06-03,0.0,25.4,42.8,21.4,77.1,0.0,10.1,June,2023
6514,Mahabubabad,Nellikudur,2023-06-04,0.0,26.6,42.9,23.5,72.1,0.0,8.8,June,2023
6515,Mahabubabad,Nellikudur,2023-06-05,0.9,24.8,43.2,29.2,82.7,0.0,7.7,June,2023
6516,Mahabubabad,Nellikudur,2023-06-06,0.0,25.6,40.9,28.9,74.3,0.0,6.6,June,2023
6517,Mahabubabad,Nellikudur,2023-06-07,0.0,26.6,41.7,28.2,72.1,0.0,14.9,June,2023
6518,Mahabubabad,Nellikudur,2023-06-08,0.0,28.0,42.7,27.0,61.0,0.0,8.3,June,2023
6519,Mahabubabad,Nellikudur,2023-06-09,0.0,30.3,42.4,25.6,55.5,0.0,9.6,June,2023
6520,Mahabubabad,Nellikudur,2023-06-10,1.3,25.5,42.5,26.8,82.7,0.0,14.0,June,2023
6521,Mahabubabad,Nellikudur,2023-06-11,15.0,25.8,41.1,34.6,81.1,0.0,16.0,June,2023
6522,Mahabubabad,Nellikudur,2023-06-12,0.0,28.0,39.7,38.3,74.0,0.0,12.4,June,2023
6523,Mahabubabad,Nellikudur,2023-06-13,0.0,29.3,40.5,36.5,67.5,0.0,9.8,June,2023
6524,Mahabubabad,Nellikudur,2023-06-14,0.0,28.6,42.0,29.6,63.5,0.0,10.7,June,2023
6525,Mahabubabad,Nellikudur,2023-06-15,0.0,29.5,41.2,32.4,59.5,0.0,11.0,June,2023
6526,Mahabubabad,Nellikudur,2023-06-16,0.0,27.4,40.7,30.3,70.3,0.0,13.8,June,2023
6527,Mahabubabad,Nellikudur,2023-06-17,0.0,29.1,42.2,27.7,57.0,0.0,7.3,June,2023
6528,Mahabubabad,Nellikudur,2023-06-18,0.0,30.1,41.3,34.6,60.0,0.0,9.6,June,2023
6529,Mahabubabad,Nellikudur,2023-06-19,0.0,30.9,38.2,38.0,60.0,0.0,11.7,June,2023
6530,Mahabubabad,Nellikudur,2023-06-20,0.0,28.0,40.4,33.8,70.7,0.0,10.7,June,2023
6531,Mahabubabad,Nellikudur,2023-06-21,14.6,24.6,41.6,33.8,91.4,0.0,12.4,June,2023
6532,Mahabubabad,Nellikudur,2023-06-22,9.7,25.3,36.1,52.3,90.0,0.0,10.2,June,2023
6533,Mahabubabad,Nellikudur,2023-06-23,9.7,25.1,34.2,57.7,91.4,0.0,9.0,June,2023
6534,Mahabubabad,Nellikudur,2023-06-24,8.1,23.1,31.0,69.0,92.3,0.0,5.9,June,2023
6535,Mahabubabad,Nellikudur,2023-06-25,1.6,24.4,30.9,71.1,91.4,0.0,5.6,June,2023
6536,Mahabubabad,Nellikudur,2023-06-26,0.0,25.9,32.9,61.8,87.2,0.0,13.4,June,2023
6537,Mahabubabad,Nellikudur,2023-06-27,0.0,25.2,31.9,63.7,88.6,0.0,17.0,June,2023
6538,Mahabubabad,Nellikudur,2023-06-28,4.4,24.9,33.0,57.0,92.3,0.0,7.7,June,2023
6539,Mahabubabad,Nellikudur,2023-06-29,4.0,25.0,35.0,53.3,91.4,0.0,7.9,June,2023
6540,Mahabubabad,Nellikudur,2023-06-30,0.0,26.1,34.7,54.3,79.7,0.0,7.7,June,2023
6541,Mahabubabad,Peddavangara,2023-06-01,0.0,24.5,41.2,28.9,94.2,0.0,6.0,June,2023
6542,Mahabubabad,Peddavangara,2023-06-02,0.0,26.5,42.4,23.6,75.5,0.0,8.4,June,2023
6543,Mahabubabad,Peddavangara,2023-06-03,0.0,28.0,42.8,19.2,67.2,0.0,11.9,June,2023
6544,Mahabubabad,Peddavangara,2023-06-04,0.0,28.2,43.6,20.8,58.4,0.0,12.1,June,2023
6545,Mahabubabad,Peddavangara,2023-06-05,1.7,25.0,42.0,25.5,85.6,0.2,13.3,June,2023
6546,Mahabubabad,Peddavangara,2023-06-06,0.0,26.8,39.7,26.8,74.1,0.0,8.6,June,2023
6547,Mahabubabad,Peddavangara,2023-06-07,0.0,28.5,41.6,24.8,64.3,0.0,11.4,June,2023
6548,Mahabubabad,Peddavangara,2023-06-08,0.0,29.1,42.7,25.5,59.4,0.5,11.6,June,2023
6549,Mahabubabad,Peddavangara,2023-06-09,0.0,29.7,42.7,23.4,59.4,0.1,14.4,June,2023
6550,Mahabubabad,Peddavangara,2023-06-10,4.1,25.0,42.5,24.1,83.7,1.8,15.5,June,2023
6551,Mahabubabad,Peddavangara,2023-06-11,48.4,24.8,39.7,33.7,92.4,0.0,17.3,June,2023
6552,Mahabubabad,Peddavangara,2023-06-12,0.0,28.1,38.9,38.3,72.7,0.1,14.1,June,2023
6553,Mahabubabad,Peddavangara,2023-06-13,0.0,29.2,39.5,35.7,57.4,0.0,14.7,June,2023
6554,Mahabubabad,Peddavangara,2023-06-14,0.0,29.9,40.8,28.2,58.9,0.6,16.1,June,2023
6555,Mahabubabad,Peddavangara,2023-06-15,0.0,30.1,39.7,30.7,56.0,0.0,14.3,June,2023
6556,Mahabubabad,Peddavangara,2023-06-16,0.0,28.2,40.1,28.2,65.3,0.0,16.5,June,2023
6557,Mahabubabad,Peddavangara,2023-06-17,0.0,30.5,41.1,25.5,54.0,0.0,12.8,June,2023
6558,Mahabubabad,Peddavangara,2023-06-18,0.0,30.8,40.0,31.0,56.0,0.0,11.2,June,2023
6559,Mahabubabad,Peddavangara,2023-06-19,0.0,29.6,39.2,34.1,60.9,0.0,9.4,June,2023
6560,Mahabubabad,Peddavangara,2023-06-20,0.0,27.7,40.7,29.6,73.2,0.0,7.8,June,2023
6561,Mahabubabad,Peddavangara,2023-06-21,7.6,25.4,41.8,31.0,97.1,0.0,18.8,June,2023
6562,Mahabubabad,Peddavangara,2023-06-22,2.2,25.6,36.1,51.2,94.2,0.0,13.6,June,2023
6563,Mahabubabad,Peddavangara,2023-06-23,7.7,24.7,35.0,53.4,97.5,0.0,13.3,June,2023
6564,Mahabubabad,Peddavangara,2023-06-24,33.1,21.5,31.3,71.0,100.0,0.0,3.4,June,2023
6565,Mahabubabad,Peddavangara,2023-06-25,2.1,24.2,30.8,74.2,98.0,0.3,14.8,June,2023
6566,Mahabubabad,Peddavangara,2023-06-26,0.0,26.0,32.3,65.4,91.5,0.7,12.5,June,2023
6567,Mahabubabad,Peddavangara,2023-06-27,0.0,24.9,31.8,64.9,96.6,0.0,13.3,June,2023
6568,Mahabubabad,Peddavangara,2023-06-28,7.1,24.5,33.0,56.9,99.5,0.0,15.1,June,2023
6569,Mahabubabad,Peddavangara,2023-06-29,2.4,24.5,33.3,55.4,98.0,0.8,13.8,June,2023
6570,Mahabubabad,Peddavangara,2023-06-30,0.0,26.1,33.8,55.4,82.3,0.0,12.1,June,2023
6571,Mahabubabad,Thorrur,2023-06-01,0.0,25.1,40.6,34.0,87.6,0.0,5.3,June,2023
6572,Mahabubabad,Thorrur,2023-06-02,0.0,27.4,41.5,14.1,71.2,0.0,8.1,June,2023
6573,Mahabubabad,Thorrur,2023-06-03,0.0,26.9,41.8,19.8,65.4,0.0,11.0,June,2023
6574,Mahabubabad,Thorrur,2023-06-04,0.0,27.7,42.2,21.7,59.6,0.0,8.1,June,2023
6575,Mahabubabad,Thorrur,2023-06-05,0.0,25.0,41.6,27.1,79.0,0.1,7.2,June,2023
6576,Mahabubabad,Thorrur,2023-06-06,0.0,26.8,39.6,28.3,65.6,0.0,7.6,June,2023
6577,Mahabubabad,Thorrur,2023-06-07,0.0,28.9,43.3,26.6,53.3,0.0,13.2,June,2023
6578,Mahabubabad,Thorrur,2023-06-08,0.0,29.0,43.5,26.1,54.4,0.3,10.0,June,2023
6579,Mahabubabad,Thorrur,2023-06-09,0.0,30.6,44.2,25.7,54.7,0.1,12.0,June,2023
6580,Mahabubabad,Thorrur,2023-06-10,12.1,24.7,44.0,12.4,71.9,0.9,14.8,June,2023
6581,Mahabubabad,Thorrur,2023-06-11,28.3,24.2,40.1,37.4,78.9,0.0,16.7,June,2023
6582,Mahabubabad,Thorrur,2023-06-12,0.0,27.9,37.0,48.4,54.9,0.1,13.3,June,2023
6583,Mahabubabad,Thorrur,2023-06-13,0.0,29.2,39.2,35.5,57.8,0.0,12.3,June,2023
6584,Mahabubabad,Thorrur,2023-06-14,0.0,29.6,40.4,27.9,56.3,0.3,13.4,June,2023
6585,Mahabubabad,Thorrur,2023-06-15,0.0,30.1,39.8,30.9,52.8,0.0,12.7,June,2023
6586,Mahabubabad,Thorrur,2023-06-16,0.0,28.6,39.8,28.6,59.2,0.0,15.2,June,2023
6587,Mahabubabad,Thorrur,2023-06-17,0.0,30.4,41.0,26.0,50.3,0.0,10.1,June,2023
6588,Mahabubabad,Thorrur,2023-06-18,0.0,30.6,39.8,31.6,52.8,0.0,10.4,June,2023
6589,Mahabubabad,Thorrur,2023-06-19,0.0,30.1,37.6,35.7,54.9,0.0,10.6,June,2023
6590,Mahabubabad,Thorrur,2023-06-20,0.0,27.8,39.7,31.1,68.7,0.0,9.3,June,2023
6591,Mahabubabad,Thorrur,2023-06-21,28.2,25.1,40.7,32.6,91.0,0.0,15.6,June,2023
6592,Mahabubabad,Thorrur,2023-06-22,1.3,25.5,35.2,54.3,89.1,0.0,11.9,June,2023
6593,Mahabubabad,Thorrur,2023-06-23,19.9,25.0,33.2,58.4,92.9,0.0,11.2,June,2023
6594,Mahabubabad,Thorrur,2023-06-24,16.6,22.5,30.7,72.7,95.5,0.0,4.7,June,2023
6595,Mahabubabad,Thorrur,2023-06-25,3.5,24.1,30.4,75.7,93.2,0.2,10.2,June,2023
6596,Mahabubabad,Thorrur,2023-06-26,0.0,26.0,32.1,66.4,85.7,0.4,10.5,June,2023
6597,Mahabubabad,Thorrur,2023-06-27,0.0,25.0,31.2,66.9,89.9,0.0,10.9,June,2023
6598,Mahabubabad,Thorrur,2023-06-28,0.3,24.6,32.6,58.8,95.3,0.0,11.4,June,2023
6599,Mahabubabad,Thorrur,2023-06-29,0.4,24.9,33.3,56.6,92.5,0.4,10.9,June,2023
6600,Mahabubabad,Thorrur,2023-06-30,0.0,26.1,33.6,57.5,78.2,0.0,9.5,June,2023
6601,Mahabubnagar,28,2023-06-01,0.3,26.3,38.8,35.6,74.5,0.0,0.0,June,2023
6602,Mahabubnagar,28,2023-06-02,0.8,27.3,40.0,28.8,65.8,0.0,0.0,June,2023
6603,Mahabubnagar,28,2023-06-03,0.0,28.5,41.2,22.9,53.9,0.0,0.0,June,2023
6604,Mahabubnagar,28,2023-06-04,0.0,28.7,40.7,28.0,59.5,0.0,0.0,June,2023
6605,Mahabubnagar,28,2023-06-05,0.0,24.4,37.9,39.3,80.1,0.0,0.0,June,2023
6606,Mahabubnagar,28,2023-06-06,0.0,27.8,38.1,33.5,64.4,0.0,0.0,June,2023
6607,Mahabubnagar,28,2023-06-07,0.5,28.2,38.9,35.4,63.1,0.0,0.0,June,2023
6608,Mahabubnagar,28,2023-06-08,4.3,28.0,39.7,33.5,65.8,0.0,0.0,June,2023
6609,Mahabubnagar,28,2023-06-09,0.0,28.2,39.6,33.3,63.2,0.0,0.0,June,2023
6610,Mahabubnagar,28,2023-06-10,3.0,28.3,39.8,32.9,65.7,0.0,0.0,June,2023
6611,Mahabubnagar,28,2023-06-11,0.0,27.0,38.5,38.6,73.6,0.0,0.0,June,2023
6612,Mahabubnagar,28,2023-06-12,11.3,27.8,37.7,41.7,69.6,0.0,0.0,June,2023
6613,Mahabubnagar,28,2023-06-13,0.0,28.3,38.8,36.1,60.9,0.0,0.0,June,2023
6614,Mahabubnagar,28,2023-06-14,0.0,28.5,39.6,30.7,61.4,0.0,0.0,June,2023
6615,Mahabubnagar,28,2023-06-15,0.0,28.4,39.0,32.5,60.3,0.0,0.0,June,2023
6616,Mahabubnagar,28,2023-06-16,0.0,28.6,39.3,30.6,56.5,0.0,0.0,June,2023
6617,Mahabubnagar,28,2023-06-17,0.0,28.8,39.7,29.7,59.9,0.0,0.0,June,2023
6618,Mahabubnagar,28,2023-06-18,0.0,27.6,36.9,30.7,64.6,2.0,21.3,June,2023
6619,Mahabubnagar,28,2023-06-19,0.0,27.9,38.5,29.4,61.7,3.1,21.2,June,2023
6620,Mahabubnagar,28,2023-06-20,0.0,28.0,37.2,32.1,62.2,0.0,16.4,June,2023
6621,Mahabubnagar,28,2023-06-21,0.0,27.8,38.2,29.4,67.9,2.8,20.8,June,2023
6622,Mahabubnagar,28,2023-06-22,4.3,24.5,36.9,35.4,92.9,0.0,17.6,June,2023
6623,Mahabubnagar,28,2023-06-23,0.0,26.6,35.1,39.0,75.2,0.0,18.1,June,2023
6624,Mahabubnagar,28,2023-06-24,4.5,25.4,33.7,42.9,86.0,4.3,22.2,June,2023
6625,Mahabubnagar,28,2023-06-25,28.1,23.9,32.5,53.4,98.4,0.0,43.7,June,2023
6626,Mahabubnagar,28,2023-06-26,25.1,23.3,32.5,51.4,97.4,2.7,30.3,June,2023
6627,Mahabubnagar,28,2023-06-27,0.0,24.2,31.2,58.4,83.9,0.0,23.6,June,2023
6628,Mahabubnagar,28,2023-06-28,0.0,25.1,32.2,50.9,80.4,1.6,25.4,June,2023
6629,Mahabubnagar,28,2023-06-29,0.0,24.4,32.9,47.0,83.7,0.0,25.9,June,2023
6630,Mahabubnagar,28,2023-06-30,0.0,24.7,33.5,44.6,78.6,0.1,24.3,June,2023
6631,Mahabubnagar,Addakal,2023-06-01,3.7,26.0,41.8,30.8,76.2,0.0,8.1,June,2023
6632,Mahabubnagar,Addakal,2023-06-02,0.0,26.1,39.9,32.9,78.9,0.0,13.5,June,2023
6633,Mahabubnagar,Addakal,2023-06-03,0.0,27.2,40.6,23.4,66.3,0.0,6.4,June,2023
6634,Mahabubnagar,Addakal,2023-06-04,0.0,29.0,41.0,24.8,68.1,0.0,8.7,June,2023
6635,Mahabubnagar,Addakal,2023-06-05,0.0,23.5,36.2,47.9,84.2,0.0,9.6,June,2023
6636,Mahabubnagar,Addakal,2023-06-06,0.0,28.2,37.6,34.8,68.1,0.0,13.1,June,2023
6637,Mahabubnagar,Addakal,2023-06-07,3.2,26.0,39.2,37.5,84.4,0.0,9.9,June,2023
6638,Mahabubnagar,Addakal,2023-06-08,1.0,25.5,39.2,38.7,88.7,0.0,10.6,June,2023
6639,Mahabubnagar,Addakal,2023-06-09,0.0,26.1,37.9,38.8,80.9,0.0,10.4,June,2023
6640,Mahabubnagar,Addakal,2023-06-10,0.0,26.6,38.5,39.4,81.1,0.0,12.8,June,2023
6641,Mahabubnagar,Addakal,2023-06-11,0.0,26.8,39.5,39.0,77.0,0.0,13.2,June,2023
6642,Mahabubnagar,Addakal,2023-06-12,2.3,25.1,38.2,40.1,100.0,0.0,11.9,June,2023
6643,Mahabubnagar,Addakal,2023-06-13,0.0,25.4,38.1,37.9,78.7,0.0,11.5,June,2023
6644,Mahabubnagar,Addakal,2023-06-14,0.0,26.4,38.9,34.8,74.8,0.0,11.0,June,2023
6645,Mahabubnagar,Addakal,2023-06-15,0.0,26.5,38.5,35.3,73.1,0.0,13.2,June,2023
6646,Mahabubnagar,Addakal,2023-06-16,0.0,26.7,39.0,32.3,68.5,0.0,10.8,June,2023
6647,Mahabubnagar,Addakal,2023-06-17,0.0,27.0,38.9,35.0,73.2,0.0,12.6,June,2023
6648,Mahabubnagar,Addakal,2023-06-18,0.0,27.6,38.4,35.8,71.2,0.0,13.3,June,2023
6649,Mahabubnagar,Addakal,2023-06-19,0.0,27.6,39.1,36.1,75.3,0.0,12.4,June,2023
6650,Mahabubnagar,Addakal,2023-06-20,0.0,27.4,37.4,39.0,72.2,0.0,12.1,June,2023
6651,Mahabubnagar,Addakal,2023-06-21,0.0,27.5,38.6,36.4,76.6,0.0,11.5,June,2023
6652,Mahabubnagar,Addakal,2023-06-22,15.4,23.2,37.7,40.6,100.0,0.0,10.8,June,2023
6653,Mahabubnagar,Addakal,2023-06-23,0.0,26.5,34.9,48.0,83.1,0.0,7.8,June,2023
6654,Mahabubnagar,Addakal,2023-06-24,0.0,25.6,33.0,53.7,89.0,0.0,6.8,June,2023
6655,Mahabubnagar,Addakal,2023-06-25,6.6,23.7,32.7,58.5,100.0,0.0,8.8,June,2023
6656,Mahabubnagar,Addakal,2023-06-26,16.2,23.8,32.9,58.3,100.0,0.0,9.8,June,2023
6657,Mahabubnagar,Addakal,2023-06-27,0.0,24.0,31.7,66.8,94.5,0.0,9.2,June,2023
6658,Mahabubnagar,Addakal,2023-06-28,0.3,25.0,32.7,58.4,86.5,0.0,12.7,June,2023
6659,Mahabubnagar,Addakal,2023-06-29,0.0,24.5,33.9,53.5,87.1,0.0,8.0,June,2023
6660,Mahabubnagar,Addakal,2023-06-30,0.0,24.5,33.6,53.0,85.6,0.0,13.4,June,2023
6661,Mahabubnagar,Balanagar,2023-06-01,0.0,23.4,41.3,16.3,78.9,0.0,4.6,June,2023
6662,Mahabubnagar,Balanagar,2023-06-02,0.0,25.8,41.5,12.9,77.8,0.0,1.9,June,2023
6663,Mahabubnagar,Balanagar,2023-06-03,0.0,26.9,43.1,8.9,50.1,0.0,8.3,June,2023
6664,Mahabubnagar,Balanagar,2023-06-04,3.1,25.3,41.6,15.6,68.7,0.0,0.2,June,2023
6665,Mahabubnagar,Balanagar,2023-06-05,1.0,21.2,37.9,38.7,100.0,0.0,5.8,June,2023
6666,Mahabubnagar,Balanagar,2023-06-06,0.0,23.8,38.3,24.1,87.3,0.0,2.8,June,2023
6667,Mahabubnagar,Balanagar,2023-06-07,1.0,26.0,40.3,22.9,64.1,0.0,9.6,June,2023
6668,Mahabubnagar,Balanagar,2023-06-08,0.3,24.9,38.0,34.5,79.0,0.0,8.9,June,2023
6669,Mahabubnagar,Balanagar,2023-06-09,0.4,25.1,39.2,28.8,82.4,0.0,10.3,June,2023
6670,Mahabubnagar,Balanagar,2023-06-10,0.0,25.3,39.1,27.7,82.0,0.0,12.7,June,2023
6671,Mahabubnagar,Balanagar,2023-06-11,0.0,25.5,38.5,27.1,78.8,0.0,11.8,June,2023
6672,Mahabubnagar,Balanagar,2023-06-12,0.0,25.5,37.6,30.8,83.5,0.0,14.4,June,2023
6673,Mahabubnagar,Balanagar,2023-06-13,0.0,25.1,38.9,24.3,73.9,0.0,3.7,June,2023
6674,Mahabubnagar,Balanagar,2023-06-14,0.0,25.2,39.5,20.2,75.9,0.0,14.9,June,2023
6675,Mahabubnagar,Balanagar,2023-06-15,0.0,24.9,38.0,24.7,75.5,0.0,7.7,June,2023
6676,Mahabubnagar,Balanagar,2023-06-16,0.0,25.4,38.8,21.6,68.2,0.0,7.6,June,2023
6677,Mahabubnagar,Balanagar,2023-06-17,0.0,25.5,39.0,20.9,70.6,0.0,5.8,June,2023
6678,Mahabubnagar,Balanagar,2023-06-18,0.0,27.1,38.7,24.3,62.3,0.0,15.6,June,2023
6679,Mahabubnagar,Balanagar,2023-06-19,5.0,24.1,39.1,24.3,98.1,0.0,5.5,June,2023
6680,Mahabubnagar,Balanagar,2023-06-20,0.0,26.1,38.5,29.8,67.7,0.0,4.6,June,2023
6681,Mahabubnagar,Balanagar,2023-06-21,0.0,25.9,39.3,23.6,73.1,0.0,5.3,June,2023
6682,Mahabubnagar,Balanagar,2023-06-22,0.0,24.2,39.6,28.1,92.0,0.0,4.0,June,2023
6683,Mahabubnagar,Balanagar,2023-06-23,0.2,24.1,36.5,34.9,100.0,0.0,5.4,June,2023
6684,Mahabubnagar,Balanagar,2023-06-24,5.6,23.2,33.4,45.1,100.0,0.0,7.4,June,2023
6685,Mahabubnagar,Balanagar,2023-06-25,13.6,22.1,32.0,55.7,100.0,0.0,15.4,June,2023
6686,Mahabubnagar,Balanagar,2023-06-26,0.3,23.6,32.9,54.2,100.0,0.0,8.4,June,2023
6687,Mahabubnagar,Balanagar,2023-06-27,0.0,22.8,31.2,57.8,90.6,0.0,14.1,June,2023
6688,Mahabubnagar,Balanagar,2023-06-28,0.0,24.2,32.3,51.6,83.9,0.0,11.6,June,2023
6689,Mahabubnagar,Balanagar,2023-06-29,3.3,22.6,35.1,41.9,100.0,0.0,12.7,June,2023
6690,Mahabubnagar,Balanagar,2023-06-30,0.0,23.1,33.6,48.5,87.3,0.0,11.2,June,2023
6691,Mahabubnagar,Bhoothpur,2023-06-01,0.4,24.8,39.0,37.3,79.7,0.0,13.9,June,2023
6692,Mahabubnagar,Bhoothpur,2023-06-02,9.7,25.6,39.8,35.6,82.1,0.0,15.1,June,2023
6693,Mahabubnagar,Bhoothpur,2023-06-03,0.0,26.1,40.5,29.0,74.6,0.0,10.1,June,2023
6694,Mahabubnagar,Bhoothpur,2023-06-04,0.0,27.8,40.3,33.6,74.6,0.0,14.7,June,2023
6695,Mahabubnagar,Bhoothpur,2023-06-05,0.2,22.2,34.7,53.3,92.4,0.0,15.0,June,2023
6696,Mahabubnagar,Bhoothpur,2023-06-06,0.0,26.3,37.0,40.9,78.3,0.0,14.6,June,2023
6697,Mahabubnagar,Bhoothpur,2023-06-07,1.1,24.3,38.4,40.3,85.0,0.0,15.2,June,2023
6698,Mahabubnagar,Bhoothpur,2023-06-08,0.2,26.1,37.9,46.7,84.4,0.0,17.6,June,2023
6699,Mahabubnagar,Bhoothpur,2023-06-09,0.0,25.8,37.7,44.8,79.5,0.0,18.6,June,2023
6700,Mahabubnagar,Bhoothpur,2023-06-10,0.0,26.9,37.2,46.1,78.0,0.0,20.3,June,2023
6701,Mahabubnagar,Bhoothpur,2023-06-11,0.0,27.0,36.6,47.8,76.0,6.1,18.1,June,2023
6702,Mahabubnagar,Bhoothpur,2023-06-12,1.1,25.2,37.1,45.5,92.3,0.0,22.0,June,2023
6703,Mahabubnagar,Bhoothpur,2023-06-13,0.0,26.1,36.3,43.9,76.9,0.0,15.3,June,2023
6704,Mahabubnagar,Bhoothpur,2023-06-14,0.0,26.9,37.4,37.5,74.3,6.3,18.5,June,2023
6705,Mahabubnagar,Bhoothpur,2023-06-15,0.0,26.7,37.3,40.3,73.0,3.8,20.5,June,2023
6706,Mahabubnagar,Bhoothpur,2023-06-16,0.0,27.0,37.3,37.0,69.1,0.0,20.3,June,2023
6707,Mahabubnagar,Bhoothpur,2023-06-17,0.0,27.1,37.0,38.1,74.1,0.0,18.4,June,2023
6708,Mahabubnagar,Bhoothpur,2023-06-18,0.0,27.9,36.8,41.6,71.9,0.0,18.6,June,2023
6709,Mahabubnagar,Bhoothpur,2023-06-19,6.6,25.1,37.8,41.4,93.8,0.0,14.3,June,2023
6710,Mahabubnagar,Bhoothpur,2023-06-20,0.0,26.8,36.3,44.4,75.9,0.0,14.2,June,2023
6711,Mahabubnagar,Bhoothpur,2023-06-21,0.0,26.0,37.7,40.9,82.6,0.0,13.7,June,2023
6712,Mahabubnagar,Bhoothpur,2023-06-22,1.5,24.6,37.0,43.7,94.8,0.0,16.3,June,2023
6713,Mahabubnagar,Bhoothpur,2023-06-23,8.5,23.6,34.7,51.1,91.9,0.0,14.5,June,2023
6714,Mahabubnagar,Bhoothpur,2023-06-24,6.8,24.7,32.7,56.7,97.8,0.0,14.5,June,2023
6715,Mahabubnagar,Bhoothpur,2023-06-25,5.9,23.8,31.3,68.6,98.3,0.0,22.4,June,2023
6716,Mahabubnagar,Bhoothpur,2023-06-26,1.1,24.2,33.0,63.5,94.8,3.8,17.9,June,2023
6717,Mahabubnagar,Bhoothpur,2023-06-27,0.0,24.6,30.4,70.0,90.1,0.0,16.7,June,2023
6718,Mahabubnagar,Bhoothpur,2023-06-28,0.0,25.3,31.7,62.5,83.2,0.0,17.9,June,2023
6719,Mahabubnagar,Bhoothpur,2023-06-29,8.0,24.0,33.4,57.2,96.8,0.0,15.2,June,2023
6720,Mahabubnagar,Bhoothpur,2023-06-30,1.1,24.1,32.9,58.6,87.3,7.2,17.1,June,2023
6721,Mahabubnagar,Chinna_Chintha_Kunta,2023-06-01,0.3,28.0,40.9,25.7,80.7,0.0,8.0,June,2023
6722,Mahabubnagar,Chinna_Chintha_Kunta,2023-06-02,0.0,25.8,40.0,32.3,81.1,0.9,14.8,June,2023
6723,Mahabubnagar,Chinna_Chintha_Kunta,2023-06-03,0.0,28.1,43.2,19.1,69.3,0.0,6.2,June,2023
6724,Mahabubnagar,Chinna_Chintha_Kunta,2023-06-04,0.0,28.4,44.2,20.6,66.6,0.0,21.7,June,2023
6725,Mahabubnagar,Chinna_Chintha_Kunta,2023-06-05,0.5,24.0,36.0,41.7,84.9,0.0,26.0,June,2023
6726,Mahabubnagar,Chinna_Chintha_Kunta,2023-06-06,0.0,27.9,40.5,25.7,66.1,0.0,8.2,June,2023
6727,Mahabubnagar,Chinna_Chintha_Kunta,2023-06-07,9.3,26.2,40.3,31.9,80.3,0.0,22.4,June,2023
6728,Mahabubnagar,Chinna_Chintha_Kunta,2023-06-08,10.6,24.4,39.7,33.3,91.2,2.2,17.0,June,2023
6729,Mahabubnagar,Chinna_Chintha_Kunta,2023-06-09,0.0,24.7,39.7,33.3,81.5,2.2,24.8,June,2023
6730,Mahabubnagar,Chinna_Chintha_Kunta,2023-06-10,8.9,24.3,39.6,34.0,89.4,0.0,19.0,June,2023
6731,Mahabubnagar,Chinna_Chintha_Kunta,2023-06-11,0.0,26.2,37.4,39.1,77.9,5.2,25.3,June,2023
6732,Mahabubnagar,Chinna_Chintha_Kunta,2023-06-12,0.0,26.0,36.9,39.1,90.1,0.0,18.1,June,2023
6733,Mahabubnagar,Chinna_Chintha_Kunta,2023-06-13,0.0,25.5,39.2,33.0,75.0,3.1,15.5,June,2023
6734,Mahabubnagar,Chinna_Chintha_Kunta,2023-06-14,0.0,26.5,39.1,29.9,71.5,2.3,22.9,June,2023
6735,Mahabubnagar,Chinna_Chintha_Kunta,2023-06-15,0.0,26.2,39.5,30.6,70.6,5.3,23.9,June,2023
6736,Mahabubnagar,Chinna_Chintha_Kunta,2023-06-16,0.0,26.4,40.0,28.5,66.9,1.5,19.4,June,2023
6737,Mahabubnagar,Chinna_Chintha_Kunta,2023-06-17,0.0,26.8,39.3,28.5,71.0,6.0,15.7,June,2023
6738,Mahabubnagar,Chinna_Chintha_Kunta,2023-06-18,0.0,27.1,38.1,34.4,71.5,1.9,17.9,June,2023
6739,Mahabubnagar,Chinna_Chintha_Kunta,2023-06-19,0.0,27.5,40.1,30.6,68.7,1.1,18.7,June,2023
6740,Mahabubnagar,Chinna_Chintha_Kunta,2023-06-20,0.0,27.8,39.4,33.7,67.9,1.5,18.7,June,2023
6741,Mahabubnagar,Chinna_Chintha_Kunta,2023-06-21,0.0,27.6,39.7,31.2,70.7,3.4,16.7,June,2023
6742,Mahabubnagar,Chinna_Chintha_Kunta,2023-06-22,14.9,24.3,38.3,36.5,95.9,1.1,16.6,June,2023
6743,Mahabubnagar,Chinna_Chintha_Kunta,2023-06-23,0.0,26.7,36.1,42.6,77.6,0.0,18.6,June,2023
6744,Mahabubnagar,Chinna_Chintha_Kunta,2023-06-24,7.0,25.6,34.4,48.6,88.9,5.0,18.3,June,2023
6745,Mahabubnagar,Chinna_Chintha_Kunta,2023-06-25,6.5,24.1,32.8,57.5,98.7,1.6,18.9,June,2023
6746,Mahabubnagar,Chinna_Chintha_Kunta,2023-06-26,5.9,24.2,33.5,50.8,95.0,2.8,19.6,June,2023
6747,Mahabubnagar,Chinna_Chintha_Kunta,2023-06-27,0.0,23.6,32.2,59.6,91.1,2.8,14.7,June,2023
6748,Mahabubnagar,Chinna_Chintha_Kunta,2023-06-28,0.0,24.9,32.8,52.6,84.0,0.1,8.4,June,2023
6749,Mahabubnagar,Chinna_Chintha_Kunta,2023-06-29,0.0,24.0,34.3,47.4,88.1,0.9,6.2,June,2023
6750,Mahabubnagar,Chinna_Chintha_Kunta,2023-06-30,0.0,24.3,35.3,42.2,84.5,1.1,11.7,June,2023
6751,Mahabubnagar,Devarkadara,2023-06-01,1.7,25.3,37.6,33.0,77.0,0.0,9.2,June,2023
6752,Mahabubnagar,Devarkadara,2023-06-02,0.0,25.6,38.1,35.6,77.0,0.0,1.9,June,2023
6753,Mahabubnagar,Devarkadara,2023-06-03,0.0,28.3,38.4,25.2,62.9,0.0,6.5,June,2023
6754,Mahabubnagar,Devarkadara,2023-06-04,0.0,28.4,39.2,26.7,68.8,0.0,7.6,June,2023
6755,Mahabubnagar,Devarkadara,2023-06-05,3.8,21.4,35.0,48.4,80.5,0.0,7.8,June,2023
6756,Mahabubnagar,Devarkadara,2023-06-06,0.0,25.4,34.5,36.9,69.1,0.0,3.1,June,2023
6757,Mahabubnagar,Devarkadara,2023-06-07,0.0,26.3,36.2,42.3,74.2,0.0,14.8,June,2023
6758,Mahabubnagar,Devarkadara,2023-06-08,6.8,22.8,36.4,41.2,83.4,0.0,12.4,June,2023
6759,Mahabubnagar,Devarkadara,2023-06-09,0.0,25.4,35.4,41.5,81.3,0.0,8.6,June,2023
6760,Mahabubnagar,Devarkadara,2023-06-10,8.1,24.6,35.6,43.0,81.5,0.0,3.1,June,2023
6761,Mahabubnagar,Devarkadara,2023-06-11,0.0,26.4,35.2,45.1,78.4,0.0,3.0,June,2023
6762,Mahabubnagar,Devarkadara,2023-06-12,53.9,23.0,35.3,48.4,90.0,0.0,3.1,June,2023
6763,Mahabubnagar,Devarkadara,2023-06-13,0.0,25.7,34.4,41.1,72.6,0.0,0.3,June,2023
6764,Mahabubnagar,Devarkadara,2023-06-14,0.0,26.4,35.7,38.6,71.7,0.0,7.3,June,2023
6765,Mahabubnagar,Devarkadara,2023-06-15,0.0,26.3,36.0,38.2,70.0,0.0,16.8,June,2023
6766,Mahabubnagar,Devarkadara,2023-06-16,0.0,26.7,36.0,36.1,66.3,0.0,13.9,June,2023
6767,Mahabubnagar,Devarkadara,2023-06-17,0.0,26.7,36.1,36.1,65.3,0.0,14.3,June,2023
6768,Mahabubnagar,Devarkadara,2023-06-18,0.0,27.6,37.8,38.9,62.8,0.0,15.9,June,2023
6769,Mahabubnagar,Devarkadara,2023-06-19,0.0,27.5,38.0,39.4,67.1,0.0,8.0,June,2023
6770,Mahabubnagar,Devarkadara,2023-06-20,0.0,27.7,36.8,41.8,56.3,0.0,12.5,June,2023
6771,Mahabubnagar,Devarkadara,2023-06-21,0.0,27.8,38.0,40.6,56.9,0.0,6.6,June,2023
6772,Mahabubnagar,Devarkadara,2023-06-22,4.3,24.6,36.5,43.0,72.1,0.0,2.4,June,2023
6773,Mahabubnagar,Devarkadara,2023-06-23,3.2,24.3,34.9,48.0,71.1,0.0,22.2,June,2023
6774,Mahabubnagar,Devarkadara,2023-06-24,2.2,24.8,33.7,52.6,74.0,0.0,0.0,June,2023
6775,Mahabubnagar,Devarkadara,2023-06-25,13.0,23.6,32.6,58.3,79.7,0.0,1.7,June,2023
6776,Mahabubnagar,Devarkadara,2023-06-26,7.2,23.7,32.1,59.9,81.1,0.0,5.6,June,2023
6777,Mahabubnagar,Devarkadara,2023-06-27,0.0,24.0,31.0,64.5,79.7,0.0,0.0,June,2023
6778,Mahabubnagar,Devarkadara,2023-06-28,0.0,24.4,32.3,60.9,74.9,0.0,5.9,June,2023
6779,Mahabubnagar,Devarkadara,2023-06-29,7.2,22.8,34.8,55.7,80.1,0.0,3.0,June,2023
6780,Mahabubnagar,Devarkadara,2023-06-30,0.0,23.9,33.4,58.8,74.9,0.0,15.4,June,2023
6781,Mahabubnagar,Gandeed,2023-06-01,2.5,25.4,41.4,35.6,92.4,0.0,9.0,June,2023
6782,Mahabubnagar,Gandeed,2023-06-02,0.0,25.8,41.8,22.4,83.2,0.0,0.9,June,2023
6783,Mahabubnagar,Gandeed,2023-06-03,0.0,28.1,39.8,17.7,63.4,0.0,2.8,June,2023
6784,Mahabubnagar,Gandeed,2023-06-04,0.0,28.4,42.4,19.2,70.5,0.0,3.6,June,2023
6785,Mahabubnagar,Gandeed,2023-06-05,15.1,21.8,42.4,36.3,99.9,0.0,17.7,June,2023
6786,Mahabubnagar,Gandeed,2023-06-06,0.0,25.9,37.4,43.1,73.7,0.0,4.3,June,2023
6787,Mahabubnagar,Gandeed,2023-06-07,0.0,25.5,39.4,33.2,71.0,0.0,0.3,June,2023
6788,Mahabubnagar,Gandeed,2023-06-08,4.2,23.3,36.8,34.1,91.3,0.0,12.6,June,2023
6789,Mahabubnagar,Gandeed,2023-06-09,0.0,24.7,39.2,36.8,91.1,0.0,4.1,June,2023
6790,Mahabubnagar,Gandeed,2023-06-10,3.0,25.2,36.6,40.0,90.8,0.0,6.8,June,2023
6791,Mahabubnagar,Gandeed,2023-06-11,0.0,24.7,36.8,41.0,83.7,0.0,2.7,June,2023
6792,Mahabubnagar,Gandeed,2023-06-12,2.0,25.4,39.3,38.0,91.3,0.0,1.3,June,2023
6793,Mahabubnagar,Gandeed,2023-06-13,0.0,24.6,39.0,40.2,76.5,0.0,1.1,June,2023
6794,Mahabubnagar,Gandeed,2023-06-14,0.0,25.0,39.0,25.0,83.1,0.0,9.4,June,2023
6795,Mahabubnagar,Gandeed,2023-06-15,0.0,25.5,35.8,31.0,78.7,0.0,4.4,June,2023
6796,Mahabubnagar,Gandeed,2023-06-16,0.0,25.3,36.7,25.7,70.8,0.0,7.4,June,2023
6797,Mahabubnagar,Gandeed,2023-06-17,0.0,25.5,41.4,34.3,76.5,0.0,4.4,June,2023
6798,Mahabubnagar,Gandeed,2023-06-18,0.0,26.3,38.9,31.4,76.4,0.0,2.2,June,2023
6799,Mahabubnagar,Gandeed,2023-06-19,2.6,26.6,41.8,28.8,90.4,0.0,8.9,June,2023
6800,Mahabubnagar,Gandeed,2023-06-20,0.0,27.5,39.0,30.9,76.4,0.0,1.5,June,2023
6801,Mahabubnagar,Gandeed,2023-06-21,0.0,27.3,38.8,28.5,76.4,0.0,8.6,June,2023
6802,Mahabubnagar,Gandeed,2023-06-22,3.9,24.8,37.1,40.2,92.7,0.0,2.2,June,2023
6803,Mahabubnagar,Gandeed,2023-06-23,1.8,24.3,37.2,42.4,97.2,0.0,12.7,June,2023
6804,Mahabubnagar,Gandeed,2023-06-24,0.1,24.2,36.5,49.4,96.9,0.0,0.8,June,2023
6805,Mahabubnagar,Gandeed,2023-06-25,4.8,22.6,36.2,55.8,98.7,0.0,0.5,June,2023
6806,Mahabubnagar,Gandeed,2023-06-26,0.0,23.9,33.8,62.7,97.0,0.0,5.9,June,2023
6807,Mahabubnagar,Gandeed,2023-06-27,0.0,23.6,32.8,64.3,90.4,0.0,0.4,June,2023
6808,Mahabubnagar,Gandeed,2023-06-28,0.0,24.6,33.7,54.5,83.8,0.0,4.4,June,2023
6809,Mahabubnagar,Gandeed,2023-06-29,0.0,23.4,33.8,48.2,90.1,0.0,2.9,June,2023
6810,Mahabubnagar,Gandeed,2023-06-30,0.0,23.7,34.4,50.7,86.3,0.0,0.3,June,2023
6811,Mahabubnagar,Hanwada,2023-06-01,12.7,23.7,37.9,39.4,94.1,0.0,18.4,June,2023
6812,Mahabubnagar,Hanwada,2023-06-02,0.0,26.3,38.3,37.6,81.0,0.0,4.2,June,2023
6813,Mahabubnagar,Hanwada,2023-06-03,0.0,26.9,40.3,26.0,69.0,0.0,9.9,June,2023
6814,Mahabubnagar,Hanwada,2023-06-04,0.0,27.7,40.1,29.7,81.4,0.0,7.7,June,2023
6815,Mahabubnagar,Hanwada,2023-06-05,24.6,21.4,37.3,49.7,100.0,0.0,8.2,June,2023
6816,Mahabubnagar,Hanwada,2023-06-06,0.0,26.1,34.4,46.4,89.7,0.0,6.5,June,2023
6817,Mahabubnagar,Hanwada,2023-06-07,0.0,26.3,36.0,46.0,71.7,0.0,11.2,June,2023
6818,Mahabubnagar,Hanwada,2023-06-08,6.8,23.0,37.8,45.2,99.0,0.0,11.6,June,2023
6819,Mahabubnagar,Hanwada,2023-06-09,0.0,25.1,35.8,48.9,86.4,0.0,10.7,June,2023
6820,Mahabubnagar,Hanwada,2023-06-10,1.2,23.2,36.4,47.4,100.0,0.0,8.6,June,2023
6821,Mahabubnagar,Hanwada,2023-06-11,0.0,24.9,36.4,51.5,83.2,0.0,11.9,June,2023
6822,Mahabubnagar,Hanwada,2023-06-12,0.0,25.4,35.8,49.7,89.1,0.0,11.3,June,2023
6823,Mahabubnagar,Hanwada,2023-06-13,0.0,25.4,35.6,42.7,78.5,0.0,10.0,June,2023
6824,Mahabubnagar,Hanwada,2023-06-14,0.0,26.1,36.8,40.2,77.3,0.0,8.7,June,2023
6825,Mahabubnagar,Hanwada,2023-06-15,0.0,25.7,36.4,41.4,77.2,0.0,12.0,June,2023
6826,Mahabubnagar,Hanwada,2023-06-16,0.0,25.4,36.4,39.4,73.8,0.0,13.8,June,2023
6827,Mahabubnagar,Hanwada,2023-06-17,0.0,26.0,36.9,38.4,77.1,0.0,12.7,June,2023
6828,Mahabubnagar,Hanwada,2023-06-18,0.0,26.4,35.9,44.6,75.7,0.0,13.5,June,2023
6829,Mahabubnagar,Hanwada,2023-06-19,0.0,27.3,36.8,41.0,73.5,0.0,10.3,June,2023
6830,Mahabubnagar,Hanwada,2023-06-20,0.0,27.3,35.5,44.0,70.4,0.0,10.2,June,2023
6831,Mahabubnagar,Hanwada,2023-06-21,0.0,27.2,37.0,41.5,74.2,0.0,5.8,June,2023
6832,Mahabubnagar,Hanwada,2023-06-22,0.5,24.3,36.4,43.5,95.7,0.0,6.2,June,2023
6833,Mahabubnagar,Hanwada,2023-06-23,0.0,25.2,34.1,51.2,87.0,0.0,8.7,June,2023
6834,Mahabubnagar,Hanwada,2023-06-24,3.7,23.9,32.9,56.1,97.4,0.0,7.2,June,2023
6835,Mahabubnagar,Hanwada,2023-06-25,19.2,22.7,32.5,66.7,100.0,0.0,4.2,June,2023
6836,Mahabubnagar,Hanwada,2023-06-26,0.0,23.8,30.5,68.9,99.1,0.0,7.1,June,2023
6837,Mahabubnagar,Hanwada,2023-06-27,0.0,23.5,29.1,73.4,93.4,0.0,6.5,June,2023
6838,Mahabubnagar,Hanwada,2023-06-28,0.0,24.4,30.8,64.2,90.1,0.0,12.4,June,2023
6839,Mahabubnagar,Hanwada,2023-06-29,4.7,23.3,32.7,59.1,100.0,0.0,7.1,June,2023
6840,Mahabubnagar,Hanwada,2023-06-30,0.0,24.1,32.3,61.6,89.1,0.0,8.7,June,2023
6841,Mahabubnagar,Jadcherla,2023-06-01,1.8,23.1,40.3,30.0,86.9,0.0,11.4,June,2023
6842,Mahabubnagar,Jadcherla,2023-06-02,0.0,25.7,39.6,32.0,77.1,0.0,7.7,June,2023
6843,Mahabubnagar,Jadcherla,2023-06-03,0.0,26.2,42.2,21.1,55.5,0.0,7.8,June,2023
6844,Mahabubnagar,Jadcherla,2023-06-04,3.0,26.7,39.7,30.7,84.7,0.0,9.9,June,2023
6845,Mahabubnagar,Jadcherla,2023-06-05,0.0,23.4,33.2,49.7,82.9,0.0,12.1,June,2023
6846,Mahabubnagar,Jadcherla,2023-06-06,0.0,24.9,36.9,32.4,74.5,0.0,12.7,June,2023
6847,Mahabubnagar,Jadcherla,2023-06-07,0.0,26.6,39.4,33.1,66.6,0.0,14.1,June,2023
6848,Mahabubnagar,Jadcherla,2023-06-08,0.0,25.4,39.2,37.0,81.0,0.0,14.0,June,2023
6849,Mahabubnagar,Jadcherla,2023-06-09,16.1,23.7,38.4,37.8,90.1,0.0,12.7,June,2023
6850,Mahabubnagar,Jadcherla,2023-06-10,0.0,25.8,36.4,44.3,77.5,0.3,13.3,June,2023
6851,Mahabubnagar,Jadcherla,2023-06-11,0.0,26.0,35.6,45.1,74.0,1.9,12.5,June,2023
6852,Mahabubnagar,Jadcherla,2023-06-12,0.0,25.5,35.4,44.9,82.7,0.0,13.0,June,2023
6853,Mahabubnagar,Jadcherla,2023-06-13,0.0,26.0,36.1,36.7,70.6,0.0,14.9,June,2023
6854,Mahabubnagar,Jadcherla,2023-06-14,0.0,26.1,36.8,34.4,71.4,0.0,14.6,June,2023
6855,Mahabubnagar,Jadcherla,2023-06-15,0.0,25.7,36.3,35.6,70.6,3.7,14.3,June,2023
6856,Mahabubnagar,Jadcherla,2023-06-16,0.0,26.2,36.8,35.0,65.8,0.0,12.6,June,2023
6857,Mahabubnagar,Jadcherla,2023-06-17,0.0,26.3,37.0,35.3,70.1,0.0,11.2,June,2023
6858,Mahabubnagar,Jadcherla,2023-06-18,0.0,27.0,36.6,37.8,67.6,0.0,12.1,June,2023
6859,Mahabubnagar,Jadcherla,2023-06-19,0.8,25.3,37.3,37.2,85.7,0.0,11.4,June,2023
6860,Mahabubnagar,Jadcherla,2023-06-20,0.0,28.1,37.2,38.9,61.1,0.0,8.3,June,2023
6861,Mahabubnagar,Jadcherla,2023-06-21,0.0,25.6,39.0,35.3,80.2,0.0,7.4,June,2023
6862,Mahabubnagar,Jadcherla,2023-06-22,0.8,24.1,39.1,35.3,91.8,0.0,8.1,June,2023
6863,Mahabubnagar,Jadcherla,2023-06-23,1.9,24.8,34.8,45.1,88.3,0.0,12.3,June,2023
6864,Mahabubnagar,Jadcherla,2023-06-24,5.2,24.0,32.8,51.1,93.1,0.0,9.6,June,2023
6865,Mahabubnagar,Jadcherla,2023-06-25,5.5,22.6,30.7,65.4,96.7,0.0,11.4,June,2023
6866,Mahabubnagar,Jadcherla,2023-06-26,0.0,24.1,32.5,58.3,93.1,0.0,12.6,June,2023
6867,Mahabubnagar,Jadcherla,2023-06-27,0.0,23.8,28.9,68.1,84.0,0.0,10.9,June,2023
6868,Mahabubnagar,Jadcherla,2023-06-28,0.0,24.7,31.2,57.4,80.7,0.0,14.4,June,2023
6869,Mahabubnagar,Jadcherla,2023-06-29,3.2,23.3,32.5,51.1,94.5,0.0,11.6,June,2023
6870,Mahabubnagar,Jadcherla,2023-06-30,0.0,23.5,32.8,52.6,85.8,3.6,17.5,June,2023
6871,Mahabubnagar,Koilkonda,2023-06-01,0.2,24.8,40.6,26.7,79.0,0.0,9.1,June,2023
6872,Mahabubnagar,Koilkonda,2023-06-02,0.0,25.9,42.2,23.6,76.5,0.0,3.3,June,2023
6873,Mahabubnagar,Koilkonda,2023-06-03,0.0,27.7,41.6,19.3,58.1,0.0,9.3,June,2023
6874,Mahabubnagar,Koilkonda,2023-06-04,2.3,27.5,41.5,21.8,75.6,0.0,8.6,June,2023
6875,Mahabubnagar,Koilkonda,2023-06-05,34.3,21.6,38.1,34.4,99.9,0.0,14.5,June,2023
6876,Mahabubnagar,Koilkonda,2023-06-06,0.0,25.8,37.9,33.2,85.0,0.0,5.5,June,2023
6877,Mahabubnagar,Koilkonda,2023-06-07,0.0,26.1,39.4,32.6,78.2,0.0,5.4,June,2023
6878,Mahabubnagar,Koilkonda,2023-06-08,2.1,23.8,38.5,36.1,89.1,0.0,8.2,June,2023
6879,Mahabubnagar,Koilkonda,2023-06-09,3.1,23.7,37.8,36.1,84.0,0.0,3.1,June,2023
6880,Mahabubnagar,Koilkonda,2023-06-10,0.6,25.5,38.3,36.6,80.7,0.0,6.4,June,2023
6881,Mahabubnagar,Koilkonda,2023-06-11,0.0,24.7,36.9,41.9,78.3,0.0,5.9,June,2023
6882,Mahabubnagar,Koilkonda,2023-06-12,4.5,23.8,37.0,38.1,92.8,0.0,8.1,June,2023
6883,Mahabubnagar,Koilkonda,2023-06-13,0.0,25.5,37.3,35.0,73.6,0.0,3.8,June,2023
6884,Mahabubnagar,Koilkonda,2023-06-14,0.0,25.8,39.0,30.8,72.5,0.0,9.0,June,2023
6885,Mahabubnagar,Koilkonda,2023-06-15,0.0,25.4,38.0,33.8,72.6,0.0,6.8,June,2023
6886,Mahabubnagar,Koilkonda,2023-06-16,0.0,25.8,38.6,30.8,67.9,0.0,7.1,June,2023
6887,Mahabubnagar,Koilkonda,2023-06-17,0.0,25.7,38.3,28.9,72.9,0.0,6.6,June,2023
6888,Mahabubnagar,Koilkonda,2023-06-18,0.0,26.7,37.2,35.0,70.2,0.0,6.7,June,2023
6889,Mahabubnagar,Koilkonda,2023-06-19,0.0,27.6,38.0,33.8,67.9,0.0,7.7,June,2023
6890,Mahabubnagar,Koilkonda,2023-06-20,0.0,27.9,37.1,33.2,63.1,0.0,7.2,June,2023
6891,Mahabubnagar,Koilkonda,2023-06-21,0.0,27.3,38.5,32.6,69.1,0.0,7.3,June,2023
6892,Mahabubnagar,Koilkonda,2023-06-22,6.5,23.8,38.0,17.2,99.9,0.0,6.0,June,2023
6893,Mahabubnagar,Koilkonda,2023-06-23,0.0,25.3,39.2,44.5,99.9,0.0,8.1,June,2023
6894,Mahabubnagar,Koilkonda,2023-06-24,1.2,24.1,33.9,45.4,89.9,0.0,4.5,June,2023
6895,Mahabubnagar,Koilkonda,2023-06-25,4.0,23.0,32.6,54.5,95.3,0.0,5.6,June,2023
6896,Mahabubnagar,Koilkonda,2023-06-26,0.0,24.1,32.1,54.9,92.0,0.0,6.3,June,2023
6897,Mahabubnagar,Koilkonda,2023-06-27,0.0,23.5,34.3,61.1,99.9,0.0,4.2,June,2023
6898,Mahabubnagar,Koilkonda,2023-06-28,0.0,24.6,32.2,53.1,82.2,0.0,5.5,June,2023
6899,Mahabubnagar,Koilkonda,2023-06-29,6.0,23.0,34.1,46.5,99.9,0.0,6.8,June,2023
6900,Mahabubnagar,Koilkonda,2023-06-30,0.0,24.1,33.3,34.0,83.1,0.0,5.8,June,2023
6901,Mahabubnagar,Mahabubnagar_Rural,2023-06-01,6.0,25.6,37.9,37.5,80.4,0.0,8.2,June,2023
6902,Mahabubnagar,Mahabubnagar_Rural,2023-06-02,0.0,25.9,38.4,35.1,76.0,0.0,1.6,June,2023
6903,Mahabubnagar,Mahabubnagar_Rural,2023-06-03,0.0,28.6,38.7,27.5,65.6,0.0,7.9,June,2023
6904,Mahabubnagar,Mahabubnagar_Rural,2023-06-04,0.0,28.7,39.5,28.9,70.9,0.0,8.1,June,2023
6905,Mahabubnagar,Mahabubnagar_Rural,2023-06-05,5.3,21.7,35.3,50.0,88.5,0.0,8.3,June,2023
6906,Mahabubnagar,Mahabubnagar_Rural,2023-06-06,0.0,25.7,34.8,43.8,77.8,0.0,1.9,June,2023
6907,Mahabubnagar,Mahabubnagar_Rural,2023-06-07,0.0,26.6,36.5,43.0,71.7,0.0,8.6,June,2023
6908,Mahabubnagar,Mahabubnagar_Rural,2023-06-08,0.0,23.1,36.7,42.4,79.5,0.0,7.9,June,2023
6909,Mahabubnagar,Mahabubnagar_Rural,2023-06-09,0.0,25.7,35.7,45.3,75.0,0.0,4.8,June,2023
6910,Mahabubnagar,Mahabubnagar_Rural,2023-06-10,0.0,24.9,35.9,45.3,78.6,0.0,2.1,June,2023
6911,Mahabubnagar,Mahabubnagar_Rural,2023-06-11,0.0,26.7,35.5,47.1,72.7,0.0,2.6,June,2023
6912,Mahabubnagar,Mahabubnagar_Rural,2023-06-12,0.0,23.3,35.6,45.3,90.4,0.0,4.5,June,2023
6913,Mahabubnagar,Mahabubnagar_Rural,2023-06-13,0.0,26.0,34.7,44.4,70.8,0.0,0.3,June,2023
6914,Mahabubnagar,Mahabubnagar_Rural,2023-06-14,0.0,26.7,36.0,40.1,70.3,0.0,5.4,June,2023
6915,Mahabubnagar,Mahabubnagar_Rural,2023-06-15,0.0,26.6,36.3,40.6,69.4,0.0,8.8,June,2023
6916,Mahabubnagar,Mahabubnagar_Rural,2023-06-16,0.0,27.0,36.3,38.3,65.6,0.0,7.9,June,2023
6917,Mahabubnagar,Mahabubnagar_Rural,2023-06-17,0.0,26.9,36.1,37.7,69.4,0.0,8.6,June,2023
6918,Mahabubnagar,Mahabubnagar_Rural,2023-06-18,0.0,27.6,35.6,41.2,67.6,0.0,9.6,June,2023
6919,Mahabubnagar,Mahabubnagar_Rural,2023-06-19,0.0,28.5,36.2,40.6,66.2,0.0,4.9,June,2023
6920,Mahabubnagar,Mahabubnagar_Rural,2023-06-20,0.0,28.9,35.5,41.8,63.1,0.0,9.5,June,2023
6921,Mahabubnagar,Mahabubnagar_Rural,2023-06-21,0.0,27.2,36.6,39.5,70.8,0.0,3.8,June,2023
6922,Mahabubnagar,Mahabubnagar_Rural,2023-06-22,0.5,24.3,36.0,43.0,86.6,0.0,3.9,June,2023
6923,Mahabubnagar,Mahabubnagar_Rural,2023-06-23,0.0,25.2,34.0,50.1,80.2,0.0,11.5,June,2023
6924,Mahabubnagar,Mahabubnagar_Rural,2023-06-24,4.4,24.4,32.5,57.0,82.8,0.0,2.9,June,2023
6925,Mahabubnagar,Mahabubnagar_Rural,2023-06-25,18.2,23.2,31.2,64.7,90.4,0.0,1.4,June,2023
6926,Mahabubnagar,Mahabubnagar_Rural,2023-06-26,0.0,24.5,31.5,63.6,84.2,0.0,3.6,June,2023
6927,Mahabubnagar,Mahabubnagar_Rural,2023-06-27,0.0,24.5,30.2,67.6,80.7,0.0,0.1,June,2023
6928,Mahabubnagar,Mahabubnagar_Rural,2023-06-28,0.0,25.2,31.3,60.6,78.8,0.0,4.0,June,2023
6929,Mahabubnagar,Mahabubnagar_Rural,2023-06-29,0.9,23.5,32.6,53.9,88.1,0.0,2.5,June,2023
6930,Mahabubnagar,Mahabubnagar_Rural,2023-06-30,1.2,24.3,32.9,56.5,78.1,0.0,8.6,June,2023
6931,Mahabubnagar,Mahabubnagar_Urban,2023-06-01,0.5,23.2,39.5,27.3,84.4,0.0,7.1,June,2023
6932,Mahabubnagar,Mahabubnagar_Urban,2023-06-02,2.2,25.3,39.0,29.5,92.2,0.0,8.1,June,2023
6933,Mahabubnagar,Mahabubnagar_Urban,2023-06-03,0.0,26.7,41.5,18.8,67.7,0.0,10.1,June,2023
6934,Mahabubnagar,Mahabubnagar_Urban,2023-06-04,0.0,28.4,39.8,22.4,73.2,0.0,7.5,June,2023
6935,Mahabubnagar,Mahabubnagar_Urban,2023-06-05,10.5,22.2,34.4,45.4,98.5,0.0,8.2,June,2023
6936,Mahabubnagar,Mahabubnagar_Urban,2023-06-06,0.0,26.9,36.9,34.6,74.6,0.0,14.6,June,2023
6937,Mahabubnagar,Mahabubnagar_Urban,2023-06-07,0.0,26.8,38.2,33.9,68.0,0.0,8.7,June,2023
6938,Mahabubnagar,Mahabubnagar_Urban,2023-06-08,1.0,25.7,37.5,36.8,79.1,0.0,9.0,June,2023
6939,Mahabubnagar,Mahabubnagar_Urban,2023-06-09,0.0,25.9,37.7,36.5,76.8,0.0,9.6,June,2023
6940,Mahabubnagar,Mahabubnagar_Urban,2023-06-10,0.0,26.4,37.4,36.8,77.2,0.0,10.3,June,2023
6941,Mahabubnagar,Mahabubnagar_Urban,2023-06-11,0.0,26.5,36.6,38.7,74.5,3.1,9.3,June,2023
6942,Mahabubnagar,Mahabubnagar_Urban,2023-06-12,0.0,25.7,37.2,37.2,85.2,0.0,11.1,June,2023
6943,Mahabubnagar,Mahabubnagar_Urban,2023-06-13,0.0,26.2,37.2,31.7,72.2,0.0,8.3,June,2023
6944,Mahabubnagar,Mahabubnagar_Urban,2023-06-14,0.0,26.5,38.6,28.0,72.7,3.2,9.5,June,2023
6945,Mahabubnagar,Mahabubnagar_Urban,2023-06-15,0.0,26.2,37.2,32.4,71.9,1.9,10.5,June,2023
6946,Mahabubnagar,Mahabubnagar_Urban,2023-06-16,0.0,26.7,38.0,28.8,66.2,0.0,10.9,June,2023
6947,Mahabubnagar,Mahabubnagar_Urban,2023-06-17,0.0,26.6,37.2,30.2,72.4,0.0,9.9,June,2023
6948,Mahabubnagar,Mahabubnagar_Urban,2023-06-18,0.0,27.4,37.0,33.9,69.2,0.0,9.6,June,2023
6949,Mahabubnagar,Mahabubnagar_Urban,2023-06-19,0.0,25.7,37.3,33.1,83.4,0.0,7.3,June,2023
6950,Mahabubnagar,Mahabubnagar_Urban,2023-06-20,0.0,27.7,36.7,35.6,68.0,0.0,7.2,June,2023
6951,Mahabubnagar,Mahabubnagar_Urban,2023-06-21,0.0,26.5,38.2,32.4,76.1,0.0,13.7,June,2023
6952,Mahabubnagar,Mahabubnagar_Urban,2023-06-22,0.7,24.1,37.7,35.3,94.8,0.0,8.2,June,2023
6953,Mahabubnagar,Mahabubnagar_Urban,2023-06-23,0.0,25.7,35.1,41.1,85.2,0.0,7.8,June,2023
6954,Mahabubnagar,Mahabubnagar_Urban,2023-06-24,4.1,23.6,33.4,46.2,99.5,0.0,10.7,June,2023
6955,Mahabubnagar,Mahabubnagar_Urban,2023-06-25,31.5,22.7,31.7,58.7,100.0,0.0,11.4,June,2023
6956,Mahabubnagar,Mahabubnagar_Urban,2023-06-26,0.0,24.4,31.5,56.0,90.8,1.9,10.9,June,2023
6957,Mahabubnagar,Mahabubnagar_Urban,2023-06-27,0.0,24.2,30.0,67.0,85.7,0.0,8.5,June,2023
6958,Mahabubnagar,Mahabubnagar_Urban,2023-06-28,0.0,24.9,31.5,55.5,81.9,0.0,9.7,June,2023
6959,Mahabubnagar,Mahabubnagar_Urban,2023-06-29,1.6,23.6,33.3,48.6,99.4,0.0,7.9,June,2023
6960,Mahabubnagar,Mahabubnagar_Urban,2023-06-30,0.0,24.1,33.0,52.3,83.9,3.6,8.6,June,2023
6961,Mahabubnagar,Midjil,2023-06-01,3.2,23.8,39.5,20.6,90.6,0.0,10.8,June,2023
6962,Mahabubnagar,Midjil,2023-06-02,0.0,24.8,39.3,24.5,82.1,0.0,11.8,June,2023
6963,Mahabubnagar,Midjil,2023-06-03,0.0,27.3,41.4,11.0,57.9,0.0,13.9,June,2023
6964,Mahabubnagar,Midjil,2023-06-04,3.3,27.2,40.8,17.6,74.3,0.0,15.3,June,2023
6965,Mahabubnagar,Midjil,2023-06-05,0.3,21.7,33.9,48.2,94.5,0.0,15.8,June,2023
6966,Mahabubnagar,Midjil,2023-06-06,0.0,24.3,37.2,25.6,78.2,0.0,15.1,June,2023
6967,Mahabubnagar,Midjil,2023-06-07,0.0,26.9,39.7,22.6,69.6,0.0,15.3,June,2023
6968,Mahabubnagar,Midjil,2023-06-08,0.0,25.7,39.3,32.3,79.5,0.0,13.8,June,2023
6969,Mahabubnagar,Midjil,2023-06-09,0.1,24.9,38.3,30.4,80.2,0.0,15.7,June,2023
6970,Mahabubnagar,Midjil,2023-06-10,6.2,25.1,39.2,29.7,100.0,0.0,15.3,June,2023
6971,Mahabubnagar,Midjil,2023-06-11,0.0,25.8,37.1,38.6,77.3,2.2,16.7,June,2023
6972,Mahabubnagar,Midjil,2023-06-12,0.0,25.6,37.6,35.0,82.1,0.0,17.4,June,2023
6973,Mahabubnagar,Midjil,2023-06-13,0.0,25.8,37.3,26.9,72.1,0.0,16.5,June,2023
6974,Mahabubnagar,Midjil,2023-06-14,0.0,26.2,38.6,22.6,71.4,0.0,19.4,June,2023
6975,Mahabubnagar,Midjil,2023-06-15,0.0,26.0,38.3,25.2,68.6,5.9,17.9,June,2023
6976,Mahabubnagar,Midjil,2023-06-16,0.0,26.3,38.6,22.6,63.1,0.0,17.5,June,2023
6977,Mahabubnagar,Midjil,2023-06-17,0.0,26.3,38.7,23.9,69.5,0.0,15.6,June,2023
6978,Mahabubnagar,Midjil,2023-06-18,0.0,27.1,37.5,26.9,65.9,0.0,15.2,June,2023
6979,Mahabubnagar,Midjil,2023-06-19,0.5,26.0,38.5,25.2,83.4,2.0,14.2,June,2023
6980,Mahabubnagar,Midjil,2023-06-20,0.0,27.1,37.6,32.1,65.7,0.0,17.4,June,2023
6981,Mahabubnagar,Midjil,2023-06-21,0.6,24.8,39.7,26.5,92.2,0.0,15.8,June,2023
6982,Mahabubnagar,Midjil,2023-06-22,13.9,24.0,39.0,30.5,100.0,0.0,24.4,June,2023
6983,Mahabubnagar,Midjil,2023-06-23,0.4,24.7,34.3,41.3,100.0,0.0,15.4,June,2023
6984,Mahabubnagar,Midjil,2023-06-24,8.8,23.9,33.9,43.9,100.0,0.2,14.3,June,2023
6985,Mahabubnagar,Midjil,2023-06-25,3.1,22.9,30.8,63.0,100.0,3.1,19.9,June,2023
6986,Mahabubnagar,Midjil,2023-06-26,0.0,24.1,32.5,52.7,100.0,3.4,14.8,June,2023
6987,Mahabubnagar,Midjil,2023-06-27,0.0,23.2,30.3,61.7,100.0,0.0,14.1,June,2023
6988,Mahabubnagar,Midjil,2023-06-28,0.0,25.1,32.4,51.3,90.7,3.9,18.5,June,2023
6989,Mahabubnagar,Midjil,2023-06-29,12.0,23.0,34.9,41.3,100.0,0.0,15.5,June,2023
6990,Mahabubnagar,Midjil,2023-06-30,0.0,23.7,33.4,46.1,100.0,0.0,15.3,June,2023
6991,Mahabubnagar,Mohammamdabad,2023-06-01,2.0,24.2,38.7,30.7,88.7,0.0,11.2,June,2023
6992,Mahabubnagar,Mohammamdabad,2023-06-02,0.0,24.6,39.2,24.4,80.9,0.0,3.2,June,2023
6993,Mahabubnagar,Mohammamdabad,2023-06-03,0.0,26.3,40.6,16.2,61.2,0.0,6.5,June,2023
6994,Mahabubnagar,Mohammamdabad,2023-06-04,0.0,27.7,41.0,16.9,77.3,0.0,6.3,June,2023
6995,Mahabubnagar,Mohammamdabad,2023-06-05,14.1,21.3,35.9,44.7,100.0,0.0,11.2,June,2023
6996,Mahabubnagar,Mohammamdabad,2023-06-06,0.0,24.2,34.9,40.0,91.1,0.0,7.4,June,2023
6997,Mahabubnagar,Mohammamdabad,2023-06-07,0.0,25.8,37.7,37.0,69.3,0.0,7.0,June,2023
6998,Mahabubnagar,Mohammamdabad,2023-06-08,11.5,23.9,38.0,36.7,92.6,0.4,11.7,June,2023
6999,Mahabubnagar,Mohammamdabad,2023-06-09,0.0,24.9,36.5,42.3,83.8,0.0,9.6,June,2023
7000,Mahabubnagar,Mohammamdabad,2023-06-10,1.3,25.0,36.5,43.5,84.3,0.0,9.2,June,2023
7001,Mahabubnagar,Mohammamdabad,2023-06-11,0.0,24.5,35.5,45.3,80.9,0.0,9.6,June,2023
7002,Mahabubnagar,Mohammamdabad,2023-06-12,0.0,25.3,35.0,44.1,82.9,0.0,9.3,June,2023
7003,Mahabubnagar,Mohammamdabad,2023-06-13,0.0,25.0,35.6,38.2,76.2,0.0,6.7,June,2023
7004,Mahabubnagar,Mohammamdabad,2023-06-14,0.0,25.7,37.1,29.3,75.7,0.0,10.3,June,2023
7005,Mahabubnagar,Mohammamdabad,2023-06-15,0.0,25.2,36.5,31.1,76.2,1.0,9.9,June,2023
7006,Mahabubnagar,Mohammamdabad,2023-06-16,0.0,25.8,37.8,26.5,70.0,0.1,11.8,June,2023
7007,Mahabubnagar,Mohammamdabad,2023-06-17,0.0,25.7,37.0,29.1,75.2,0.1,9.7,June,2023
7008,Mahabubnagar,Mohammamdabad,2023-06-18,0.0,26.7,36.5,33.2,72.5,0.0,10.7,June,2023
7009,Mahabubnagar,Mohammamdabad,2023-06-19,0.7,24.9,37.7,31.4,85.3,0.0,10.3,June,2023
7010,Mahabubnagar,Mohammamdabad,2023-06-20,0.0,25.7,36.6,35.3,75.2,0.0,6.6,June,2023
7011,Mahabubnagar,Mohammamdabad,2023-06-21,0.0,26.1,37.6,30.7,74.3,0.0,7.9,June,2023
7012,Mahabubnagar,Mohammamdabad,2023-06-22,0.3,24.3,38.1,33.5,93.1,0.1,6.0,June,2023
7013,Mahabubnagar,Mohammamdabad,2023-06-23,0.3,24.9,34.8,41.7,86.3,0.0,10.9,June,2023
7014,Mahabubnagar,Mohammamdabad,2023-06-24,0.0,24.4,32.8,53.5,96.2,0.4,5.9,June,2023
7015,Mahabubnagar,Mohammamdabad,2023-06-25,8.4,22.8,31.4,71.7,100.0,0.1,5.2,June,2023
7016,Mahabubnagar,Mohammamdabad,2023-06-26,0.0,23.8,31.3,71.7,100.0,0.7,8.1,June,2023
7017,Mahabubnagar,Mohammamdabad,2023-06-27,0.0,23.2,30.0,77.0,94.6,0.0,6.3,June,2023
7018,Mahabubnagar,Mohammamdabad,2023-06-28,0.0,24.8,31.4,62.8,85.6,0.5,9.5,June,2023
7019,Mahabubnagar,Mohammamdabad,2023-06-29,0.8,23.3,33.0,53.5,100.0,0.0,8.0,June,2023
7020,Mahabubnagar,Mohammamdabad,2023-06-30,0.0,23.5,32.5,56.6,92.0,1.1,7.2,June,2023
7021,Mahabubnagar,Musapet,2023-06-01,2.7,26.9,39.9,25.0,78.6,0.0,9.5,June,2023
7022,Mahabubnagar,Musapet,2023-06-02,0.3,26.0,40.3,25.0,84.2,0.0,17.4,June,2023
7023,Mahabubnagar,Musapet,2023-06-03,0.0,27.5,41.1,13.0,70.7,0.0,9.3,June,2023
7024,Mahabubnagar,Musapet,2023-06-04,0.0,29.0,41.3,18.3,72.7,0.0,11.1,June,2023
7025,Mahabubnagar,Musapet,2023-06-05,0.0,23.9,34.7,46.8,88.3,0.0,13.2,June,2023
7026,Mahabubnagar,Musapet,2023-06-06,0.0,27.7,36.6,29.8,74.7,0.0,12.6,June,2023
7027,Mahabubnagar,Musapet,2023-06-07,0.6,26.9,38.0,27.9,79.4,0.0,12.3,June,2023
7028,Mahabubnagar,Musapet,2023-06-08,0.1,26.0,38.1,31.7,91.7,0.0,14.9,June,2023
7029,Mahabubnagar,Musapet,2023-06-09,0.0,25.9,37.0,35.9,85.6,0.0,14.2,June,2023
7030,Mahabubnagar,Musapet,2023-06-10,0.0,26.8,37.2,33.5,84.2,0.0,15.4,June,2023
7031,Mahabubnagar,Musapet,2023-06-11,0.0,26.7,36.2,37.5,81.2,3.1,14.6,June,2023
7032,Mahabubnagar,Musapet,2023-06-12,5.8,25.5,36.8,34.8,100.0,0.0,17.2,June,2023
7033,Mahabubnagar,Musapet,2023-06-13,0.0,27.1,36.4,36.4,87.2,0.0,14.0,June,2023
7034,Mahabubnagar,Musapet,2023-06-14,0.0,27.0,37.0,29.1,73.9,3.2,14.1,June,2023
7035,Mahabubnagar,Musapet,2023-06-15,0.0,27.1,37.2,26.6,70.0,1.9,15.8,June,2023
7036,Mahabubnagar,Musapet,2023-06-16,0.0,27.4,37.5,24.8,60.7,0.0,14.0,June,2023
7037,Mahabubnagar,Musapet,2023-06-17,0.0,27.1,37.1,28.5,73.0,0.0,14.3,June,2023
7038,Mahabubnagar,Musapet,2023-06-18,0.0,28.0,36.7,30.4,69.6,0.0,16.5,June,2023
7039,Mahabubnagar,Musapet,2023-06-19,0.6,26.8,37.5,29.8,93.4,0.0,13.2,June,2023
7040,Mahabubnagar,Musapet,2023-06-20,0.0,28.0,36.7,32.9,68.7,0.0,11.2,June,2023
7041,Mahabubnagar,Musapet,2023-06-21,0.0,27.1,38.6,28.1,80.7,0.0,14.5,June,2023
7042,Mahabubnagar,Musapet,2023-06-22,2.2,24.7,36.8,32.9,100.0,0.0,14.5,June,2023
7043,Mahabubnagar,Musapet,2023-06-23,5.5,25.4,35.1,40.9,100.0,0.0,11.7,June,2023
7044,Mahabubnagar,Musapet,2023-06-24,8.2,24.9,33.1,52.0,100.0,0.0,10.3,June,2023
7045,Mahabubnagar,Musapet,2023-06-25,9.5,23.9,31.5,67.9,100.0,0.0,16.4,June,2023
7046,Mahabubnagar,Musapet,2023-06-26,9.4,24.0,32.5,66.8,100.0,1.9,13.7,June,2023
7047,Mahabubnagar,Musapet,2023-06-27,0.0,24.0,30.6,69.8,100.0,0.0,12.9,June,2023
7048,Mahabubnagar,Musapet,2023-06-28,0.0,25.0,31.7,65.8,100.0,0.0,15.6,June,2023
7049,Mahabubnagar,Musapet,2023-06-29,12.5,23.6,33.6,51.4,100.0,0.0,12.5,June,2023
7050,Mahabubnagar,Musapet,2023-06-30,1.7,24.1,32.6,58.9,100.0,3.6,15.1,June,2023
7051,Mahabubnagar,Nawabpet,2023-06-01,0.0,24.4,39.1,24.9,73.5,0.0,12.1,June,2023
7052,Mahabubnagar,Nawabpet,2023-06-02,0.0,25.8,40.2,23.6,77.5,0.0,11.1,June,2023
7053,Mahabubnagar,Nawabpet,2023-06-03,0.0,27.4,40.2,14.8,51.1,0.0,13.6,June,2023
7054,Mahabubnagar,Nawabpet,2023-06-04,2.4,25.7,39.7,20.9,74.1,0.0,13.3,June,2023
7055,Mahabubnagar,Nawabpet,2023-06-05,1.5,22.1,36.4,42.1,94.8,0.0,13.5,June,2023
7056,Mahabubnagar,Nawabpet,2023-06-06,0.0,26.0,36.8,30.1,71.8,0.0,13.6,June,2023
7057,Mahabubnagar,Nawabpet,2023-06-07,0.0,25.5,39.6,23.6,67.1,0.0,16.1,June,2023
7058,Mahabubnagar,Nawabpet,2023-06-08,0.9,24.5,38.7,31.7,81.8,4.6,16.3,June,2023
7059,Mahabubnagar,Nawabpet,2023-06-09,0.0,25.0,38.9,31.0,80.3,0.0,14.1,June,2023
7060,Mahabubnagar,Nawabpet,2023-06-10,1.5,24.6,39.4,31.0,85.4,3.3,13.8,June,2023
7061,Mahabubnagar,Nawabpet,2023-06-11,0.0,24.5,37.8,35.6,84.5,5.1,15.0,June,2023
7062,Mahabubnagar,Nawabpet,2023-06-12,0.3,24.4,38.2,35.1,92.0,0.0,15.5,June,2023
7063,Mahabubnagar,Nawabpet,2023-06-13,0.0,24.6,37.9,31.4,76.6,0.0,15.5,June,2023
7064,Mahabubnagar,Nawabpet,2023-06-14,0.0,24.9,39.2,22.9,78.7,0.8,18.6,June,2023
7065,Mahabubnagar,Nawabpet,2023-06-15,0.0,24.4,38.5,27.6,77.8,1.5,15.8,June,2023
7066,Mahabubnagar,Nawabpet,2023-06-16,0.0,25.0,39.0,22.2,71.0,0.0,16.9,June,2023
7067,Mahabubnagar,Nawabpet,2023-06-17,0.0,25.1,38.5,26.3,77.5,1.3,14.5,June,2023
7068,Mahabubnagar,Nawabpet,2023-06-18,0.0,26.1,38.5,27.0,71.2,0.0,13.5,June,2023
7069,Mahabubnagar,Nawabpet,2023-06-19,2.6,24.4,39.5,26.3,88.9,0.0,13.3,June,2023
7070,Mahabubnagar,Nawabpet,2023-06-20,0.0,26.8,37.5,32.3,67.1,0.0,15.1,June,2023
7071,Mahabubnagar,Nawabpet,2023-06-21,0.0,26.3,39.7,27.0,73.0,0.0,12.9,June,2023
7072,Mahabubnagar,Nawabpet,2023-06-22,0.0,24.3,38.8,29.6,89.3,0.0,13.0,June,2023
7073,Mahabubnagar,Nawabpet,2023-06-23,0.3,23.9,36.4,36.5,94.4,0.0,14.2,June,2023
7074,Mahabubnagar,Nawabpet,2023-06-24,1.9,23.6,34.7,42.7,95.7,0.0,14.3,June,2023
7075,Mahabubnagar,Nawabpet,2023-06-25,3.7,22.1,33.0,60.9,99.5,5.4,14.3,June,2023
7076,Mahabubnagar,Nawabpet,2023-06-26,0.3,23.6,33.2,58.9,96.2,0.0,15.5,June,2023
7077,Mahabubnagar,Nawabpet,2023-06-27,0.0,22.8,31.8,64.8,91.6,0.0,11.1,June,2023
7078,Mahabubnagar,Nawabpet,2023-06-28,0.0,23.9,32.7,52.4,85.4,0.0,15.8,June,2023
7079,Mahabubnagar,Nawabpet,2023-06-29,0.2,22.9,34.4,42.9,95.3,1.4,14.3,June,2023
7080,Mahabubnagar,Nawabpet,2023-06-30,0.5,22.7,34.4,45.7,91.1,2.1,14.1,June,2023
7081,Mahabubnagar,Rajapur,2023-06-01,0.0,23.7,37.7,33.2,83.3,0.0,4.6,June,2023
7082,Mahabubnagar,Rajapur,2023-06-02,0.0,26.3,38.6,33.2,82.2,0.0,1.9,June,2023
7083,Mahabubnagar,Rajapur,2023-06-03,0.0,26.7,40.6,22.9,59.8,0.0,8.3,June,2023
7084,Mahabubnagar,Rajapur,2023-06-04,0.0,27.8,38.3,30.1,79.9,0.0,0.3,June,2023
7085,Mahabubnagar,Rajapur,2023-06-05,0.0,22.7,35.0,54.6,96.9,0.0,11.5,June,2023
7086,Mahabubnagar,Rajapur,2023-06-06,0.0,25.0,36.1,39.1,82.0,0.0,2.8,June,2023
7087,Mahabubnagar,Rajapur,2023-06-07,0.0,26.8,38.2,31.8,67.2,0.0,9.6,June,2023
7088,Mahabubnagar,Rajapur,2023-06-08,0.0,26.1,37.2,43.4,82.9,0.0,8.9,June,2023
7089,Mahabubnagar,Rajapur,2023-06-09,2.2,25.2,37.0,41.4,89.8,0.0,10.3,June,2023
7090,Mahabubnagar,Rajapur,2023-06-10,0.0,25.8,36.8,44.7,86.6,0.0,12.7,June,2023
7091,Mahabubnagar,Rajapur,2023-06-11,0.0,25.8,35.9,44.4,82.4,0.0,11.8,June,2023
7092,Mahabubnagar,Rajapur,2023-06-12,0.0,26.3,35.4,46.7,88.3,0.0,14.4,June,2023
7093,Mahabubnagar,Rajapur,2023-06-13,0.0,25.7,36.4,43.2,77.4,0.0,7.1,June,2023
7094,Mahabubnagar,Rajapur,2023-06-14,0.0,25.5,36.5,37.9,78.8,0.0,14.9,June,2023
7095,Mahabubnagar,Rajapur,2023-06-15,0.0,25.6,36.7,37.9,79.7,0.0,15.2,June,2023
7096,Mahabubnagar,Rajapur,2023-06-16,0.0,25.9,37.1,35.6,72.9,0.0,15.0,June,2023
7097,Mahabubnagar,Rajapur,2023-06-17,0.0,25.7,36.9,37.6,79.2,0.0,11.4,June,2023
7098,Mahabubnagar,Rajapur,2023-06-18,0.0,26.8,36.2,40.3,76.1,0.0,15.6,June,2023
7099,Mahabubnagar,Rajapur,2023-06-19,3.2,25.5,37.3,38.3,96.4,0.0,5.5,June,2023
7100,Mahabubnagar,Rajapur,2023-06-20,0.0,26.7,35.5,45.5,79.0,0.0,4.6,June,2023
7101,Mahabubnagar,Rajapur,2023-06-21,0.0,25.4,37.6,39.4,86.6,0.0,5.3,June,2023
7102,Mahabubnagar,Rajapur,2023-06-22,0.0,24.9,36.5,42.0,96.4,0.0,4.0,June,2023
7103,Mahabubnagar,Rajapur,2023-06-23,0.0,25.1,34.0,49.7,94.4,0.0,5.4,June,2023
7104,Mahabubnagar,Rajapur,2023-06-24,2.8,24.3,33.0,55.7,100.0,0.0,7.4,June,2023
7105,Mahabubnagar,Rajapur,2023-06-25,14.2,22.7,30.9,69.7,100.0,0.0,15.4,June,2023
7106,Mahabubnagar,Rajapur,2023-06-26,0.0,23.8,31.3,68.2,100.0,0.0,8.4,June,2023
7107,Mahabubnagar,Rajapur,2023-06-27,0.0,23.5,29.8,73.5,98.3,0.0,14.1,June,2023
7108,Mahabubnagar,Rajapur,2023-06-28,0.3,24.5,30.8,64.3,92.5,0.0,11.6,June,2023
7109,Mahabubnagar,Rajapur,2023-06-29,3.8,23.3,32.8,59.2,100.0,0.0,12.7,June,2023
7110,Mahabubnagar,Rajapur,2023-06-30,0.0,24.0,33.0,60.3,94.9,0.0,11.2,June,2023
7111,Mancherial,Bellampalle,2023-06-01,0.0,26.6,40.4,38.1,88.2,0.0,4.9,June,2023
7112,Mancherial,Bellampalle,2023-06-02,0.0,26.3,42.8,22.1,74.9,0.0,4.6,June,2023
7113,Mancherial,Bellampalle,2023-06-03,0.0,26.3,42.7,21.2,77.8,0.0,9.0,June,2023
7114,Mancherial,Bellampalle,2023-06-04,0.0,28.2,43.2,24.7,61.2,0.0,6.4,June,2023
7115,Mancherial,Bellampalle,2023-06-05,0.0,24.8,40.9,32.5,78.9,0.0,7.8,June,2023
7116,Mancherial,Bellampalle,2023-06-06,0.0,28.3,41.9,28.5,65.0,0.0,6.8,June,2023
7117,Mancherial,Bellampalle,2023-06-07,0.7,27.1,41.5,27.8,70.8,0.0,12.2,June,2023
7118,Mancherial,Bellampalle,2023-06-08,0.0,28.2,42.4,28.5,67.3,0.0,6.3,June,2023
7119,Mancherial,Bellampalle,2023-06-09,0.0,29.6,43.6,22.7,57.4,0.0,7.5,June,2023
7120,Mancherial,Bellampalle,2023-06-10,0.5,30.2,43.2,26.8,57.4,0.0,9.5,June,2023
7121,Mancherial,Bellampalle,2023-06-11,2.1,27.5,41.0,36.4,70.9,0.0,12.3,June,2023
7122,Mancherial,Bellampalle,2023-06-12,0.9,28.9,41.4,33.2,70.0,0.0,8.1,June,2023
7123,Mancherial,Bellampalle,2023-06-13,0.0,30.6,42.1,31.2,59.8,0.0,9.1,June,2023
7124,Mancherial,Bellampalle,2023-06-14,0.0,31.8,42.2,30.5,50.5,0.0,9.6,June,2023
7125,Mancherial,Bellampalle,2023-06-15,0.0,31.1,41.7,29.8,53.1,0.0,10.0,June,2023
7126,Mancherial,Bellampalle,2023-06-16,0.0,30.4,42.1,29.2,51.1,0.0,8.3,June,2023
7127,Mancherial,Bellampalle,2023-06-17,0.0,30.5,43.5,26.1,53.1,0.0,7.2,June,2023
7128,Mancherial,Bellampalle,2023-06-18,0.0,30.6,41.7,31.2,55.5,0.0,9.0,June,2023
7129,Mancherial,Bellampalle,2023-06-19,0.0,31.6,42.4,29.2,50.0,0.0,5.0,June,2023
7130,Mancherial,Bellampalle,2023-06-20,0.0,29.6,41.5,29.8,60.3,0.0,6.4,June,2023
7131,Mancherial,Bellampalle,2023-06-21,1.2,27.5,42.2,31.2,80.7,0.0,9.0,June,2023
7132,Mancherial,Bellampalle,2023-06-22,8.0,25.6,39.5,40.0,93.6,1.3,5.7,June,2023
7133,Mancherial,Bellampalle,2023-06-23,30.6,24.8,38.5,40.0,95.4,0.0,6.2,June,2023
7134,Mancherial,Bellampalle,2023-06-24,1.5,25.6,29.2,82.5,95.9,0.0,4.2,June,2023
7135,Mancherial,Bellampalle,2023-06-25,31.1,24.1,29.3,82.0,97.2,0.0,5.6,June,2023
7136,Mancherial,Bellampalle,2023-06-26,3.8,24.8,32.7,68.3,94.5,0.0,7.1,June,2023
7137,Mancherial,Bellampalle,2023-06-27,8.4,23.5,29.3,83.8,96.3,0.0,9.5,June,2023
7138,Mancherial,Bellampalle,2023-06-28,8.1,24.2,27.2,84.8,95.0,0.0,10.0,June,2023
7139,Mancherial,Bellampalle,2023-06-29,0.0,25.1,32.0,67.0,95.4,0.0,8.4,June,2023
7140,Mancherial,Bellampalle,2023-06-30,0.0,27.5,35.0,55.9,83.8,0.0,11.4,June,2023
7141,Mancherial,Bheemini,2023-06-01,0.0,26.2,39.5,25.9,90.6,0.8,6.6,June,2023
7142,Mancherial,Bheemini,2023-06-02,0.0,26.3,41.6,16.4,76.2,0.0,10.6,June,2023
7143,Mancherial,Bheemini,2023-06-03,0.0,29.0,41.9,15.7,56.5,0.0,17.2,June,2023
7144,Mancherial,Bheemini,2023-06-04,0.0,28.7,42.0,16.4,51.5,0.0,14.8,June,2023
7145,Mancherial,Bheemini,2023-06-05,0.0,25.0,40.8,22.7,65.5,0.0,22.8,June,2023
7146,Mancherial,Bheemini,2023-06-06,0.0,28.4,40.5,22.5,66.6,0.0,13.4,June,2023
7147,Mancherial,Bheemini,2023-06-07,0.0,26.9,41.3,21.3,54.5,0.0,29.9,June,2023
7148,Mancherial,Bheemini,2023-06-08,0.0,29.8,41.2,22.7,52.0,0.0,16.4,June,2023
7149,Mancherial,Bheemini,2023-06-09,0.0,28.9,41.8,17.1,43.5,0.0,16.3,June,2023
7150,Mancherial,Bheemini,2023-06-10,0.0,30.4,41.1,21.3,70.3,0.7,24.6,June,2023
7151,Mancherial,Bheemini,2023-06-11,0.0,28.7,40.5,28.9,69.0,0.0,18.6,June,2023
7152,Mancherial,Bheemini,2023-06-12,0.0,28.4,40.4,27.3,58.0,0.0,24.2,June,2023
7153,Mancherial,Bheemini,2023-06-13,0.0,30.8,41.1,24.1,50.2,0.0,16.5,June,2023
7154,Mancherial,Bheemini,2023-06-14,0.0,31.6,41.2,23.2,43.3,3.4,24.3,June,2023
7155,Mancherial,Bheemini,2023-06-15,0.0,32.0,41.0,23.4,46.8,0.0,20.9,June,2023
7156,Mancherial,Bheemini,2023-06-16,0.0,30.9,40.9,23.2,39.9,2.8,21.2,June,2023
7157,Mancherial,Bheemini,2023-06-17,0.0,32.0,41.6,21.3,42.7,0.0,22.6,June,2023
7158,Mancherial,Bheemini,2023-06-18,0.0,31.0,41.9,23.9,43.0,0.0,21.8,June,2023
7159,Mancherial,Bheemini,2023-06-19,0.0,32.0,41.5,23.9,42.2,0.0,25.4,June,2023
7160,Mancherial,Bheemini,2023-06-20,0.0,29.9,41.3,23.9,46.4,0.0,16.0,June,2023
7161,Mancherial,Bheemini,2023-06-21,0.0,26.7,41.5,26.2,93.6,0.0,13.1,June,2023
7162,Mancherial,Bheemini,2023-06-22,0.7,25.3,37.8,39.4,100.0,0.0,28.8,June,2023
7163,Mancherial,Bheemini,2023-06-23,4.2,25.1,38.6,38.5,100.0,0.0,19.3,June,2023
7164,Mancherial,Bheemini,2023-06-24,4.1,25.2,28.6,88.6,100.0,0.0,7.0,June,2023
7165,Mancherial,Bheemini,2023-06-25,14.3,24.1,30.7,88.6,100.0,0.0,11.5,June,2023
7166,Mancherial,Bheemini,2023-06-26,11.8,24.9,32.3,72.4,100.0,0.0,21.9,June,2023
7167,Mancherial,Bheemini,2023-06-27,18.3,23.3,27.9,91.2,100.0,0.0,28.0,June,2023
7168,Mancherial,Bheemini,2023-06-28,6.4,24.8,26.7,95.9,100.0,0.0,19.7,June,2023
7169,Mancherial,Bheemini,2023-06-29,0.0,25.3,32.3,67.6,100.0,0.0,14.5,June,2023
7170,Mancherial,Bheemini,2023-06-30,0.0,27.6,33.6,55.9,85.2,0.0,17.4,June,2023
7171,Mancherial,Bhimaram,2023-06-01,0.0,26.9,39.5,37.8,84.0,0.0,0.1,June,2023
7172,Mancherial,Bhimaram,2023-06-02,0.0,26.6,41.7,27.8,75.5,0.0,0.1,June,2023
7173,Mancherial,Bhimaram,2023-06-03,0.0,28.0,42.2,26.1,62.5,0.0,1.5,June,2023
7174,Mancherial,Bhimaram,2023-06-04,0.0,29.4,42.8,26.1,59.9,0.0,5.9,June,2023
7175,Mancherial,Bhimaram,2023-06-05,0.0,26.5,41.9,29.1,75.3,0.0,12.7,June,2023
7176,Mancherial,Bhimaram,2023-06-06,0.0,28.2,40.6,31.6,71.1,0.0,4.9,June,2023
7177,Mancherial,Bhimaram,2023-06-07,0.0,26.9,42.4,28.0,74.0,0.0,5.9,June,2023
7178,Mancherial,Bhimaram,2023-06-08,0.0,28.1,42.3,31.2,71.0,0.0,9.6,June,2023
7179,Mancherial,Bhimaram,2023-06-09,0.0,30.0,42.5,26.1,58.0,0.0,6.7,June,2023
7180,Mancherial,Bhimaram,2023-06-10,0.0,31.5,43.2,28.0,56.1,0.0,9.0,June,2023
7181,Mancherial,Bhimaram,2023-06-11,7.2,25.4,41.5,36.8,71.5,0.0,7.7,June,2023
7182,Mancherial,Bhimaram,2023-06-12,0.0,27.9,40.2,41.4,81.0,0.0,6.3,June,2023
7183,Mancherial,Bhimaram,2023-06-13,0.0,31.1,41.1,36.5,64.5,0.0,8.7,June,2023
7184,Mancherial,Bhimaram,2023-06-14,0.0,31.7,41.6,32.9,55.2,0.0,10.9,June,2023
7185,Mancherial,Bhimaram,2023-06-15,0.0,31.3,40.8,34.2,57.6,0.0,8.7,June,2023
7186,Mancherial,Bhimaram,2023-06-16,0.0,29.6,41.2,34.5,53.9,0.0,10.0,June,2023
7187,Mancherial,Bhimaram,2023-06-17,0.0,32.0,41.4,31.6,48.3,0.0,6.1,June,2023
7188,Mancherial,Bhimaram,2023-06-18,0.0,31.5,41.4,35.9,59.0,0.0,6.3,June,2023
7189,Mancherial,Bhimaram,2023-06-19,0.0,30.5,41.6,34.2,58.0,0.0,4.3,June,2023
7190,Mancherial,Bhimaram,2023-06-20,0.0,30.6,40.7,34.8,62.6,0.0,3.2,June,2023
7191,Mancherial,Bhimaram,2023-06-21,0.0,27.9,41.1,33.5,77.5,0.0,9.0,June,2023
7192,Mancherial,Bhimaram,2023-06-22,2.3,25.9,39.6,42.4,91.6,0.0,7.6,June,2023
7193,Mancherial,Bhimaram,2023-06-23,46.5,24.1,36.9,49.1,100.0,0.0,3.8,June,2023
7194,Mancherial,Bhimaram,2023-06-24,1.2,25.4,29.0,91.1,99.5,0.0,2.0,June,2023
7195,Mancherial,Bhimaram,2023-06-25,20.7,23.8,29.5,81.2,100.0,0.0,3.2,June,2023
7196,Mancherial,Bhimaram,2023-06-26,3.2,24.7,32.5,67.6,95.0,0.0,5.2,June,2023
7197,Mancherial,Bhimaram,2023-06-27,7.5,23.6,27.0,83.3,95.5,0.0,7.2,June,2023
7198,Mancherial,Bhimaram,2023-06-28,0.1,24.4,28.2,84.7,92.4,0.0,4.6,June,2023
7199,Mancherial,Bhimaram,2023-06-29,0.4,25.2,32.2,65.5,93.5,0.0,5.7,June,2023
7200,Mancherial,Bhimaram,2023-06-30,0.0,26.8,33.0,60.3,81.1,0.0,8.5,June,2023
7201,Mancherial,Chennur,2023-06-01,0.0,27.3,41.3,31.4,82.3,0.0,0.1,June,2023
7202,Mancherial,Chennur,2023-06-02,0.0,26.9,42.7,21.4,75.6,0.0,0.7,June,2023
7203,Mancherial,Chennur,2023-06-03,0.0,29.0,43.3,20.1,57.2,0.0,2.8,June,2023
7204,Mancherial,Chennur,2023-06-04,0.0,30.4,44.2,24.7,58.5,0.0,12.6,June,2023
7205,Mancherial,Chennur,2023-06-05,0.0,27.4,43.6,25.1,69.8,0.0,13.2,June,2023
7206,Mancherial,Chennur,2023-06-06,0.0,28.3,41.0,31.2,63.9,0.0,4.5,June,2023
7207,Mancherial,Chennur,2023-06-07,0.0,27.3,43.8,27.0,70.2,0.0,13.0,June,2023
7208,Mancherial,Chennur,2023-06-08,0.0,29.8,43.6,27.0,59.8,0.0,8.2,June,2023
7209,Mancherial,Chennur,2023-06-09,0.0,29.7,42.5,30.8,54.7,0.0,9.6,June,2023
7210,Mancherial,Chennur,2023-06-10,0.0,32.0,43.8,27.0,53.7,0.0,11.3,June,2023
7211,Mancherial,Chennur,2023-06-11,0.0,29.1,42.8,30.8,65.7,0.0,10.8,June,2023
7212,Mancherial,Chennur,2023-06-12,0.0,29.7,41.2,35.5,64.8,0.0,10.5,June,2023
7213,Mancherial,Chennur,2023-06-13,0.0,31.8,40.9,33.3,59.3,0.0,12.2,June,2023
7214,Mancherial,Chennur,2023-06-14,0.0,32.1,41.0,30.3,53.2,0.0,12.1,June,2023
7215,Mancherial,Chennur,2023-06-15,0.0,31.7,41.1,31.5,55.3,0.0,9.1,June,2023
7216,Mancherial,Chennur,2023-06-16,0.0,31.1,40.5,33.1,53.7,0.0,9.1,June,2023
7217,Mancherial,Chennur,2023-06-17,0.0,32.1,41.2,26.8,51.6,0.0,11.2,June,2023
7218,Mancherial,Chennur,2023-06-18,0.0,31.9,40.8,33.3,53.7,0.0,13.0,June,2023
7219,Mancherial,Chennur,2023-06-19,0.0,31.2,41.9,31.8,53.7,0.0,7.7,June,2023
7220,Mancherial,Chennur,2023-06-20,0.0,31.3,40.4,31.2,59.8,0.0,11.4,June,2023
7221,Mancherial,Chennur,2023-06-21,0.0,27.9,41.5,34.0,74.4,0.0,15.1,June,2023
7222,Mancherial,Chennur,2023-06-22,5.5,25.4,40.1,38.2,88.0,0.0,8.2,June,2023
7223,Mancherial,Chennur,2023-06-23,54.3,23.9,38.0,43.4,95.1,0.0,6.1,June,2023
7224,Mancherial,Chennur,2023-06-24,1.9,25.4,29.8,81.7,94.7,0.0,1.1,June,2023
7225,Mancherial,Chennur,2023-06-25,17.5,23.8,30.4,76.2,95.5,0.0,3.8,June,2023
7226,Mancherial,Chennur,2023-06-26,4.9,25.0,33.4,61.7,95.5,0.0,11.4,June,2023
7227,Mancherial,Chennur,2023-06-27,16.6,23.4,27.4,81.8,95.5,0.0,8.9,June,2023
7228,Mancherial,Chennur,2023-06-28,0.1,24.7,29.3,78.4,93.0,0.0,8.9,June,2023
7229,Mancherial,Chennur,2023-06-29,1.8,25.0,33.1,59.0,93.8,0.0,10.9,June,2023
7230,Mancherial,Chennur,2023-06-30,0.0,27.0,35.0,54.0,82.5,0.7,10.8,June,2023
7231,Mancherial,Dandepalle,2023-06-01,0.0,26.9,40.4,40.2,100.0,0.0,12.4,June,2023
7232,Mancherial,Dandepalle,2023-06-02,0.0,27.4,44.1,13.9,84.7,0.0,8.4,June,2023
7233,Mancherial,Dandepalle,2023-06-03,0.0,27.1,43.5,13.3,80.3,0.0,17.0,June,2023
7234,Mancherial,Dandepalle,2023-06-04,0.0,28.6,44.7,16.9,69.9,0.6,14.5,June,2023
7235,Mancherial,Dandepalle,2023-06-05,2.5,24.1,43.0,19.4,85.9,0.0,15.2,June,2023
7236,Mancherial,Dandepalle,2023-06-06,3.0,27.8,42.1,23.1,83.6,0.2,14.2,June,2023
7237,Mancherial,Dandepalle,2023-06-07,0.0,27.7,42.2,27.8,80.3,0.0,14.9,June,2023
7238,Mancherial,Dandepalle,2023-06-08,0.0,29.9,43.8,25.1,58.8,0.0,18.3,June,2023
7239,Mancherial,Dandepalle,2023-06-09,0.2,28.9,43.7,16.9,57.9,1.6,14.3,June,2023
7240,Mancherial,Dandepalle,2023-06-10,0.0,31.4,43.9,16.9,50.2,0.0,17.0,June,2023
7241,Mancherial,Dandepalle,2023-06-11,0.0,28.6,42.2,23.1,71.2,2.2,16.4,June,2023
7242,Mancherial,Dandepalle,2023-06-12,3.4,27.5,42.3,26.7,75.0,0.4,14.9,June,2023
7243,Mancherial,Dandepalle,2023-06-13,0.0,29.6,42.6,27.6,61.2,0.0,21.4,June,2023
7244,Mancherial,Dandepalle,2023-06-14,0.0,31.0,43.1,18.9,53.5,2.5,18.9,June,2023
7245,Mancherial,Dandepalle,2023-06-15,0.0,30.8,42.4,21.2,53.6,0.8,17.3,June,2023
7246,Mancherial,Dandepalle,2023-06-16,0.0,29.2,42.2,23.0,49.8,0.0,21.2,June,2023
7247,Mancherial,Dandepalle,2023-06-17,0.0,31.2,42.7,17.9,50.3,0.0,19.1,June,2023
7248,Mancherial,Dandepalle,2023-06-18,0.0,31.2,41.7,23.3,50.8,0.8,19.0,June,2023
7249,Mancherial,Dandepalle,2023-06-19,0.0,31.9,41.8,22.8,45.6,1.5,17.4,June,2023
7250,Mancherial,Dandepalle,2023-06-20,0.0,29.1,42.5,23.0,53.3,0.0,18.9,June,2023
7251,Mancherial,Dandepalle,2023-06-21,0.0,28.0,42.8,22.8,76.1,1.2,15.3,June,2023
7252,Mancherial,Dandepalle,2023-06-22,3.5,25.7,41.0,29.7,100.0,0.2,16.7,June,2023
7253,Mancherial,Dandepalle,2023-06-23,22.5,23.6,37.9,45.5,100.0,0.5,22.3,June,2023
7254,Mancherial,Dandepalle,2023-06-24,0.9,24.9,29.5,94.6,100.0,1.4,13.4,June,2023
7255,Mancherial,Dandepalle,2023-06-25,0.0,25.1,30.4,95.0,99.9,0.2,9.8,June,2023
7256,Mancherial,Dandepalle,2023-06-26,9.1,24.5,32.9,77.9,100.0,0.2,9.0,June,2023
7257,Mancherial,Dandepalle,2023-06-27,5.9,23.6,28.6,90.1,100.0,1.4,13.8,June,2023
7258,Mancherial,Dandepalle,2023-06-28,5.3,23.9,27.9,98.8,100.0,0.0,14.8,June,2023
7259,Mancherial,Dandepalle,2023-06-29,0.0,25.4,32.2,79.4,100.0,0.0,14.8,June,2023
7260,Mancherial,Dandepalle,2023-06-30,0.0,26.8,33.9,58.2,99.9,0.0,13.1,June,2023
7261,Mancherial,Hajipur,2023-06-01,0.0,25.7,40.5,38.1,100.0,0.0,7.1,June,2023
7262,Mancherial,Hajipur,2023-06-02,0.0,26.4,43.1,15.2,90.4,0.0,11.2,June,2023
7263,Mancherial,Hajipur,2023-06-03,0.0,26.3,44.6,12.6,80.8,0.0,8.0,June,2023
7264,Mancherial,Hajipur,2023-06-04,0.0,27.7,42.6,21.2,71.5,0.0,5.7,June,2023
7265,Mancherial,Hajipur,2023-06-05,0.0,24.9,44.2,21.6,87.2,0.0,18.2,June,2023
7266,Mancherial,Hajipur,2023-06-06,0.0,28.0,41.4,25.1,80.1,0.0,8.4,June,2023
7267,Mancherial,Hajipur,2023-06-07,1.4,25.9,40.9,23.6,88.9,0.0,7.4,June,2023
7268,Mancherial,Hajipur,2023-06-08,3.3,27.5,43.3,23.6,100.0,0.0,7.1,June,2023
7269,Mancherial,Hajipur,2023-06-09,0.0,26.6,44.4,16.9,70.2,0.0,6.6,June,2023
7270,Mancherial,Hajipur,2023-06-10,0.8,30.0,42.9,21.2,63.9,0.0,8.1,June,2023
7271,Mancherial,Hajipur,2023-06-11,0.0,28.5,41.1,29.6,72.8,0.0,10.8,June,2023
7272,Mancherial,Hajipur,2023-06-12,2.1,29.8,39.8,30.9,70.4,0.0,8.0,June,2023
7273,Mancherial,Hajipur,2023-06-13,0.0,30.5,41.3,26.1,55.1,0.0,14.0,June,2023
7274,Mancherial,Hajipur,2023-06-14,0.0,30.7,41.9,18.0,63.2,0.0,12.8,June,2023
7275,Mancherial,Hajipur,2023-06-15,0.0,30.6,41.0,26.2,62.2,0.1,15.5,June,2023
7276,Mancherial,Hajipur,2023-06-16,0.0,29.7,40.4,26.0,59.8,0.0,11.9,June,2023
7277,Mancherial,Hajipur,2023-06-17,0.0,30.7,41.3,25.8,54.0,0.0,14.3,June,2023
7278,Mancherial,Hajipur,2023-06-18,0.0,29.9,41.3,29.6,59.8,0.0,12.8,June,2023
7279,Mancherial,Hajipur,2023-06-19,0.0,31.3,41.1,23.3,55.4,0.0,12.8,June,2023
7280,Mancherial,Hajipur,2023-06-20,0.0,28.2,40.5,24.4,63.6,0.0,11.4,June,2023
7281,Mancherial,Hajipur,2023-06-21,0.0,27.1,42.4,23.7,78.8,0.0,11.2,June,2023
7282,Mancherial,Hajipur,2023-06-22,4.6,25.5,39.7,36.6,100.0,0.0,11.4,June,2023
7283,Mancherial,Hajipur,2023-06-23,5.7,24.8,37.6,43.3,100.0,0.0,8.4,June,2023
7284,Mancherial,Hajipur,2023-06-24,1.1,26.2,30.8,85.9,99.6,0.0,5.1,June,2023
7285,Mancherial,Hajipur,2023-06-25,0.0,25.6,30.0,82.2,98.0,0.0,9.4,June,2023
7286,Mancherial,Hajipur,2023-06-26,15.4,24.6,33.0,63.2,100.0,0.0,4.4,June,2023
7287,Mancherial,Hajipur,2023-06-27,6.3,23.5,28.2,89.9,100.0,0.0,12.4,June,2023
7288,Mancherial,Hajipur,2023-06-28,4.2,23.8,27.6,87.1,97.4,0.0,7.1,June,2023
7289,Mancherial,Hajipur,2023-06-29,0.0,25.2,33.2,69.5,100.0,0.0,3.6,June,2023
7290,Mancherial,Hajipur,2023-06-30,0.0,26.6,36.4,58.4,100.0,0.0,9.9,June,2023
7291,Mancherial,Jaipur,2023-06-01,0.0,26.5,40.6,35.4,92.7,0.0,6.5,June,2023
7292,Mancherial,Jaipur,2023-06-02,0.0,26.6,42.0,24.1,85.0,0.0,6.6,June,2023
7293,Mancherial,Jaipur,2023-06-03,0.0,25.3,42.7,22.1,86.8,0.0,10.8,June,2023
7294,Mancherial,Jaipur,2023-06-04,0.8,28.9,43.5,23.6,75.8,0.0,8.3,June,2023
7295,Mancherial,Jaipur,2023-06-05,0.0,26.2,42.8,29.4,80.9,0.0,13.5,June,2023
7296,Mancherial,Jaipur,2023-06-06,0.0,27.1,40.5,30.0,82.9,0.0,7.1,June,2023
7297,Mancherial,Jaipur,2023-06-07,0.0,26.4,42.0,27.5,80.8,0.0,15.0,June,2023
7298,Mancherial,Jaipur,2023-06-08,0.3,27.5,42.7,28.0,76.3,0.0,13.1,June,2023
7299,Mancherial,Jaipur,2023-06-09,0.0,28.1,42.3,25.1,64.6,0.0,8.7,June,2023
7300,Mancherial,Jaipur,2023-06-10,0.0,30.9,43.7,26.2,58.9,0.0,13.5,June,2023
7301,Mancherial,Jaipur,2023-06-11,0.9,26.9,41.7,33.9,84.6,0.0,17.1,June,2023
7302,Mancherial,Jaipur,2023-06-12,0.3,28.7,40.8,37.4,71.3,0.0,14.4,June,2023
7303,Mancherial,Jaipur,2023-06-13,0.0,32.0,41.6,31.9,57.5,0.0,13.0,June,2023
7304,Mancherial,Jaipur,2023-06-14,0.0,29.0,41.3,29.1,62.5,0.0,14.8,June,2023
7305,Mancherial,Jaipur,2023-06-15,0.0,30.5,41.0,28.7,57.5,0.0,12.9,June,2023
7306,Mancherial,Jaipur,2023-06-16,0.0,28.4,40.4,31.3,61.6,0.0,11.3,June,2023
7307,Mancherial,Jaipur,2023-06-17,0.0,29.3,41.3,27.4,58.9,0.0,14.0,June,2023
7308,Mancherial,Jaipur,2023-06-18,0.0,29.5,41.0,31.9,65.8,0.0,15.3,June,2023
7309,Mancherial,Jaipur,2023-06-19,0.0,29.9,41.4,31.3,63.5,0.0,8.6,June,2023
7310,Mancherial,Jaipur,2023-06-20,0.0,30.2,41.2,31.3,62.7,0.0,11.0,June,2023
7311,Mancherial,Jaipur,2023-06-21,0.0,27.9,42.1,30.7,78.0,0.0,8.9,June,2023
7312,Mancherial,Jaipur,2023-06-22,0.0,26.1,39.0,41.3,91.0,0.0,15.2,June,2023
7313,Mancherial,Jaipur,2023-06-23,33.7,24.2,37.2,43.6,100.0,0.0,19.2,June,2023
7314,Mancherial,Jaipur,2023-06-24,0.5,26.0,30.2,81.1,100.0,0.0,8.6,June,2023
7315,Mancherial,Jaipur,2023-06-25,3.2,24.7,30.8,78.7,100.0,0.0,6.7,June,2023
7316,Mancherial,Jaipur,2023-06-26,19.8,24.5,33.2,62.7,100.0,0.0,13.8,June,2023
7317,Mancherial,Jaipur,2023-06-27,14.9,23.8,28.2,81.2,100.0,0.0,10.8,June,2023
7318,Mancherial,Jaipur,2023-06-28,3.1,24.3,28.6,86.7,100.0,0.0,11.1,June,2023
7319,Mancherial,Jaipur,2023-06-29,2.2,25.3,32.8,66.4,100.0,0.0,9.1,June,2023
7320,Mancherial,Jaipur,2023-06-30,0.0,26.9,34.2,56.6,86.3,0.0,15.1,June,2023
7321,Mancherial,Jannaram,2023-06-01,0.0,25.2,41.0,34.7,92.2,0.0,5.2,June,2023
7322,Mancherial,Jannaram,2023-06-02,0.0,23.5,44.2,20.2,89.9,0.0,5.4,June,2023
7323,Mancherial,Jannaram,2023-06-03,0.0,26.7,44.2,20.2,83.2,0.0,52.3,June,2023
7324,Mancherial,Jannaram,2023-06-04,0.0,27.3,43.2,24.5,80.4,0.0,10.1,June,2023
7325,Mancherial,Jannaram,2023-06-05,9.1,24.7,42.6,31.7,92.8,0.0,18.0,June,2023
7326,Mancherial,Jannaram,2023-06-06,0.0,26.9,42.1,32.4,80.5,0.0,7.6,June,2023
7327,Mancherial,Jannaram,2023-06-07,0.0,24.8,43.1,32.6,91.8,0.0,18.2,June,2023
7328,Mancherial,Jannaram,2023-06-08,0.0,28.0,42.8,33.2,83.7,1.3,11.8,June,2023
7329,Mancherial,Jannaram,2023-06-09,0.0,28.3,42.7,27.3,78.1,0.2,32.7,June,2023
7330,Mancherial,Jannaram,2023-06-10,0.0,28.5,43.8,28.0,70.4,0.0,19.0,June,2023
7331,Mancherial,Jannaram,2023-06-11,0.0,26.9,42.6,35.8,73.5,0.0,19.5,June,2023
7332,Mancherial,Jannaram,2023-06-12,0.0,27.9,41.8,37.6,83.2,0.0,12.7,June,2023
7333,Mancherial,Jannaram,2023-06-13,0.0,29.3,43.1,32.5,73.1,0.0,16.5,June,2023
7334,Mancherial,Jannaram,2023-06-14,0.0,28.5,42.2,33.8,70.1,0.0,16.0,June,2023
7335,Mancherial,Jannaram,2023-06-15,0.0,28.4,42.5,33.5,55.9,0.0,19.3,June,2023
7336,Mancherial,Jannaram,2023-06-16,0.0,28.6,42.3,20.6,55.4,0.0,18.2,June,2023
7337,Mancherial,Jannaram,2023-06-17,0.0,28.8,42.5,16.6,58.4,0.0,19.6,June,2023
7338,Mancherial,Jannaram,2023-06-18,0.0,29.4,44.1,40.2,70.4,0.0,19.5,June,2023
7339,Mancherial,Jannaram,2023-06-19,0.0,29.2,42.4,36.3,64.8,0.0,14.0,June,2023
7340,Mancherial,Jannaram,2023-06-20,0.0,28.6,41.7,24.7,76.4,0.0,14.0,June,2023
7341,Mancherial,Jannaram,2023-06-21,0.0,27.8,42.1,40.3,77.8,0.0,12.1,June,2023
7342,Mancherial,Jannaram,2023-06-22,2.5,26.6,39.4,39.0,97.6,0.0,13.9,June,2023
7343,Mancherial,Jannaram,2023-06-23,26.8,23.6,38.2,43.2,95.9,0.0,22.5,June,2023
7344,Mancherial,Jannaram,2023-06-24,3.0,24.7,29.3,81.0,100.0,0.0,5.6,June,2023
7345,Mancherial,Jannaram,2023-06-25,0.0,24.7,29.5,77.4,98.1,0.0,4.8,June,2023
7346,Mancherial,Jannaram,2023-06-26,8.1,24.4,32.0,70.6,96.5,0.0,14.0,June,2023
7347,Mancherial,Jannaram,2023-06-27,14.7,23.3,27.9,82.9,97.0,0.0,13.9,June,2023
7348,Mancherial,Jannaram,2023-06-28,14.1,24.2,26.5,89.9,96.9,0.0,9.8,June,2023
7349,Mancherial,Jannaram,2023-06-29,0.4,25.3,31.9,75.0,100.0,0.0,16.7,June,2023
7350,Mancherial,Jannaram,2023-06-30,0.0,25.3,34.4,53.9,96.2,0.5,10.7,June,2023
7351,Mancherial,Kannepalli,2023-06-01,0.0,26.5,39.7,37.4,100.0,0.4,6.9,June,2023
7352,Mancherial,Kannepalli,2023-06-02,0.0,26.5,41.9,16.3,79.9,0.0,8.5,June,2023
7353,Mancherial,Kannepalli,2023-06-03,0.0,27.7,42.0,15.7,58.8,0.0,8.9,June,2023
7354,Mancherial,Kannepalli,2023-06-04,0.0,28.6,43.1,19.5,59.2,0.0,10.9,June,2023
7355,Mancherial,Kannepalli,2023-06-05,0.9,25.0,40.8,23.1,72.7,0.0,13.4,June,2023
7356,Mancherial,Kannepalli,2023-06-06,0.0,28.3,41.0,25.7,73.6,0.0,13.1,June,2023
7357,Mancherial,Kannepalli,2023-06-07,0.0,27.0,41.6,24.0,82.4,0.0,27.8,June,2023
7358,Mancherial,Kannepalli,2023-06-08,0.0,29.6,41.7,24.6,59.2,0.0,14.4,June,2023
7359,Mancherial,Kannepalli,2023-06-09,0.0,28.5,42.3,16.8,55.6,0.0,12.4,June,2023
7360,Mancherial,Kannepalli,2023-06-10,0.7,30.1,41.4,22.1,62.3,0.2,20.0,June,2023
7361,Mancherial,Kannepalli,2023-06-11,0.5,28.2,40.7,26.9,69.3,0.0,26.3,June,2023
7362,Mancherial,Kannepalli,2023-06-12,0.2,28.4,40.8,27.6,73.3,0.0,15.1,June,2023
7363,Mancherial,Kannepalli,2023-06-13,0.0,30.7,41.7,25.7,59.2,0.0,38.1,June,2023
7364,Mancherial,Kannepalli,2023-06-14,0.0,31.8,41.6,23.1,51.9,1.1,25.2,June,2023
7365,Mancherial,Kannepalli,2023-06-15,0.0,32.0,41.2,25.3,54.0,0.0,32.3,June,2023
7366,Mancherial,Kannepalli,2023-06-16,0.0,31.1,41.1,21.9,48.4,0.9,33.9,June,2023
7367,Mancherial,Kannepalli,2023-06-17,0.0,31.9,41.9,21.4,50.0,0.0,18.4,June,2023
7368,Mancherial,Kannepalli,2023-06-18,0.0,30.5,41.5,25.7,49.8,0.0,17.1,June,2023
7369,Mancherial,Kannepalli,2023-06-19,0.0,32.0,40.8,25.0,49.0,0.0,18.2,June,2023
7370,Mancherial,Kannepalli,2023-06-20,0.0,29.8,41.1,25.0,56.1,0.0,9.2,June,2023
7371,Mancherial,Kannepalli,2023-06-21,0.3,26.8,40.6,26.3,82.0,0.0,9.0,June,2023
7372,Mancherial,Kannepalli,2023-06-22,6.2,25.2,38.5,44.8,100.0,0.0,3.8,June,2023
7373,Mancherial,Kannepalli,2023-06-23,8.6,24.5,36.5,56.9,100.0,0.0,11.0,June,2023
7374,Mancherial,Kannepalli,2023-06-24,2.6,25.0,28.5,91.2,99.3,0.0,7.7,June,2023
7375,Mancherial,Kannepalli,2023-06-25,13.3,23.6,29.8,89.3,100.0,0.0,13.8,June,2023
7376,Mancherial,Kannepalli,2023-06-26,9.2,24.4,32.3,74.8,99.6,0.0,17.6,June,2023
7377,Mancherial,Kannepalli,2023-06-27,15.7,23.2,28.2,90.0,100.0,0.0,20.4,June,2023
7378,Mancherial,Kannepalli,2023-06-28,7.4,24.5,26.7,92.7,100.0,0.0,17.1,June,2023
7379,Mancherial,Kannepalli,2023-06-29,0.2,25.1,31.9,72.3,99.7,0.0,14.1,June,2023
7380,Mancherial,Kannepalli,2023-06-30,0.0,26.9,34.3,59.3,100.0,0.0,15.9,June,2023
7381,Mancherial,Kasipet,2023-06-01,0.0,26.7,41.2,35.6,83.1,0.0,2.4,June,2023
7382,Mancherial,Kasipet,2023-06-02,0.0,27.3,43.0,22.3,60.3,0.0,5.9,June,2023
7383,Mancherial,Kasipet,2023-06-03,0.0,26.9,43.7,19.5,66.9,0.0,9.5,June,2023
7384,Mancherial,Kasipet,2023-06-04,0.0,27.3,43.8,24.3,64.1,0.0,9.2,June,2023
7385,Mancherial,Kasipet,2023-06-05,2.1,24.1,44.2,27.7,79.8,0.0,11.8,June,2023
7386,Mancherial,Kasipet,2023-06-06,0.0,30.5,43.3,23.6,51.0,0.0,5.8,June,2023
7387,Mancherial,Kasipet,2023-06-07,1.4,26.5,41.8,28.1,82.7,0.0,7.6,June,2023
7388,Mancherial,Kasipet,2023-06-08,6.6,25.8,43.1,27.0,81.8,0.0,11.4,June,2023
7389,Mancherial,Kasipet,2023-06-09,0.0,30.1,42.8,23.6,57.9,0.0,7.5,June,2023
7390,Mancherial,Kasipet,2023-06-10,3.5,27.1,44.4,23.6,76.0,0.0,9.0,June,2023
7391,Mancherial,Kasipet,2023-06-11,0.5,27.4,42.1,32.4,78.2,0.0,11.6,June,2023
7392,Mancherial,Kasipet,2023-06-12,6.1,28.2,42.8,32.4,89.4,0.0,4.5,June,2023
7393,Mancherial,Kasipet,2023-06-13,0.0,30.4,43.3,28.4,60.3,0.0,7.4,June,2023
7394,Mancherial,Kasipet,2023-06-14,0.0,31.9,43.7,26.4,49.2,0.0,10.1,June,2023
7395,Mancherial,Kasipet,2023-06-15,0.0,31.0,43.7,26.4,54.5,0.1,7.6,June,2023
7396,Mancherial,Kasipet,2023-06-16,0.0,31.1,43.1,27.0,46.4,0.0,9.6,June,2023
7397,Mancherial,Kasipet,2023-06-17,0.0,31.4,43.8,25.0,47.5,0.0,5.4,June,2023
7398,Mancherial,Kasipet,2023-06-18,0.0,31.1,43.1,27.7,49.3,0.0,6.1,June,2023
7399,Mancherial,Kasipet,2023-06-19,0.0,32.0,43.3,27.7,47.0,0.0,6.7,June,2023
7400,Mancherial,Kasipet,2023-06-20,0.0,29.0,43.6,27.7,56.9,0.0,5.1,June,2023
7401,Mancherial,Kasipet,2023-06-21,0.0,27.6,43.1,27.0,71.9,0.0,6.2,June,2023
7402,Mancherial,Kasipet,2023-06-22,17.1,25.5,39.8,37.3,96.6,0.0,13.7,June,2023
7403,Mancherial,Kasipet,2023-06-23,49.2,24.2,39.4,47.0,98.5,0.0,6.3,June,2023
7404,Mancherial,Kasipet,2023-06-24,4.0,25.7,30.2,82.5,99.0,0.0,0.9,June,2023
7405,Mancherial,Kasipet,2023-06-25,32.4,24.5,30.0,82.5,99.0,0.0,5.6,June,2023
7406,Mancherial,Kasipet,2023-06-26,5.1,24.7,32.7,65.2,94.8,0.0,5.3,June,2023
7407,Mancherial,Kasipet,2023-06-27,8.7,23.5,28.7,83.1,98.1,0.0,6.4,June,2023
7408,Mancherial,Kasipet,2023-06-28,6.7,24.0,27.0,87.1,94.8,0.0,7.3,June,2023
7409,Mancherial,Kasipet,2023-06-29,0.0,25.5,33.4,62.3,93.9,0.0,4.1,June,2023
7410,Mancherial,Kasipet,2023-06-30,0.0,27.0,34.8,54.4,82.7,0.0,6.5,June,2023
7411,Mancherial,Kotapalle,2023-06-01,0.0,26.0,40.9,24.3,87.0,0.0,2.5,June,2023
7412,Mancherial,Kotapalle,2023-06-02,0.0,26.0,42.8,13.7,73.1,0.0,7.5,June,2023
7413,Mancherial,Kotapalle,2023-06-03,0.0,26.2,43.6,13.2,68.2,0.0,7.4,June,2023
7414,Mancherial,Kotapalle,2023-06-04,0.0,30.4,43.9,13.9,57.7,0.0,7.1,June,2023
7415,Mancherial,Kotapalle,2023-06-05,0.0,26.2,42.7,19.7,72.7,0.0,14.8,June,2023
7416,Mancherial,Kotapalle,2023-06-06,0.0,26.9,41.0,22.3,71.0,0.0,5.5,June,2023
7417,Mancherial,Kotapalle,2023-06-07,0.0,27.3,43.2,17.0,70.0,0.0,10.8,June,2023
7418,Mancherial,Kotapalle,2023-06-08,0.0,29.5,43.7,19.9,61.4,0.0,14.8,June,2023
7419,Mancherial,Kotapalle,2023-06-09,0.0,26.8,42.8,13.9,67.4,0.0,5.5,June,2023
7420,Mancherial,Kotapalle,2023-06-10,0.1,31.3,43.6,17.2,53.5,0.0,15.2,June,2023
7421,Mancherial,Kotapalle,2023-06-11,2.6,27.6,41.5,25.0,85.9,0.0,22.6,June,2023
7422,Mancherial,Kotapalle,2023-06-12,0.8,27.1,40.9,27.7,89.6,0.0,10.1,June,2023
7423,Mancherial,Kotapalle,2023-06-13,0.0,29.9,41.8,26.3,70.6,0.0,12.0,June,2023
7424,Mancherial,Kotapalle,2023-06-14,0.0,29.5,41.6,21.7,62.8,0.0,15.2,June,2023
7425,Mancherial,Kotapalle,2023-06-15,0.0,30.2,41.4,23.0,61.4,0.0,12.7,June,2023
7426,Mancherial,Kotapalle,2023-06-16,0.0,28.3,40.9,23.7,55.8,0.0,14.1,June,2023
7427,Mancherial,Kotapalle,2023-06-17,0.0,29.7,41.6,20.3,53.3,0.0,12.6,June,2023
7428,Mancherial,Kotapalle,2023-06-18,0.0,29.8,41.9,23.7,60.5,0.0,13.2,June,2023
7429,Mancherial,Kotapalle,2023-06-19,0.0,31.2,41.7,24.3,56.8,0.0,5.4,June,2023
7430,Mancherial,Kotapalle,2023-06-20,0.0,30.0,41.2,23.7,69.2,0.0,12.8,June,2023
7431,Mancherial,Kotapalle,2023-06-21,0.0,27.9,41.8,24.3,77.9,0.0,10.3,June,2023
7432,Mancherial,Kotapalle,2023-06-22,3.4,24.6,39.7,36.5,98.8,0.0,20.3,June,2023
7433,Mancherial,Kotapalle,2023-06-23,43.3,24.0,38.1,42.1,100.0,0.0,7.0,June,2023
7434,Mancherial,Kotapalle,2023-06-24,2.5,25.2,28.8,87.2,100.0,0.0,4.8,June,2023
7435,Mancherial,Kotapalle,2023-06-25,10.6,24.2,29.5,86.3,100.0,0.0,4.9,June,2023
7436,Mancherial,Kotapalle,2023-06-26,10.4,24.8,32.8,66.9,100.0,0.0,6.1,June,2023
7437,Mancherial,Kotapalle,2023-06-27,10.3,23.5,28.0,82.6,100.0,0.0,10.2,June,2023
7438,Mancherial,Kotapalle,2023-06-28,0.9,24.5,28.6,80.8,100.0,0.0,12.3,June,2023
7439,Mancherial,Kotapalle,2023-06-29,0.0,25.4,32.9,63.3,100.0,0.0,15.5,June,2023
7440,Mancherial,Kotapalle,2023-06-30,0.0,25.8,34.1,55.2,94.4,0.0,6.9,June,2023
7441,Mancherial,Luxettipet,2023-06-01,0.0,26.1,39.0,40.4,92.2,0.0,6.2,June,2023
7442,Mancherial,Luxettipet,2023-06-02,0.0,26.1,43.1,19.0,72.3,0.0,8.6,June,2023
7443,Mancherial,Luxettipet,2023-06-03,0.0,27.2,42.3,12.6,60.8,0.0,17.1,June,2023
7444,Mancherial,Luxettipet,2023-06-04,0.0,28.5,42.6,17.4,53.3,0.0,22.9,June,2023
7445,Mancherial,Luxettipet,2023-06-05,0.0,25.2,42.2,17.8,69.8,0.0,16.2,June,2023
7446,Mancherial,Luxettipet,2023-06-06,0.0,28.3,41.7,18.7,59.3,0.0,15.7,June,2023
7447,Mancherial,Luxettipet,2023-06-07,0.8,27.0,39.6,24.7,68.6,0.0,16.0,June,2023
7448,Mancherial,Luxettipet,2023-06-08,0.0,29.7,42.4,20.1,48.0,0.0,14.5,June,2023
7449,Mancherial,Luxettipet,2023-06-09,0.0,28.0,42.1,15.3,51.9,0.0,16.1,June,2023
7450,Mancherial,Luxettipet,2023-06-10,0.0,32.2,41.8,18.5,44.4,0.0,22.4,June,2023
7451,Mancherial,Luxettipet,2023-06-11,0.0,28.8,41.2,24.7,55.8,3.0,23.7,June,2023
7452,Mancherial,Luxettipet,2023-06-12,0.9,30.1,40.1,28.8,54.8,2.5,20.3,June,2023
7453,Mancherial,Luxettipet,2023-06-13,0.0,31.3,41.5,21.5,45.0,0.0,15.4,June,2023
7454,Mancherial,Luxettipet,2023-06-14,0.0,31.7,42.2,17.1,42.7,0.0,19.3,June,2023
7455,Mancherial,Luxettipet,2023-06-15,0.0,31.4,41.2,18.5,43.8,0.0,16.5,June,2023
7456,Mancherial,Luxettipet,2023-06-16,0.0,30.0,40.7,20.6,40.0,0.0,15.8,June,2023
7457,Mancherial,Luxettipet,2023-06-17,0.0,31.0,41.3,17.8,42.7,0.0,20.1,June,2023
7458,Mancherial,Luxettipet,2023-06-18,0.0,30.2,40.8,22.6,46.3,0.0,16.8,June,2023
7459,Mancherial,Luxettipet,2023-06-19,0.0,31.1,40.8,22.0,49.1,0.0,20.7,June,2023
7460,Mancherial,Luxettipet,2023-06-20,0.0,29.6,40.8,21.3,47.4,0.0,15.0,June,2023
7461,Mancherial,Luxettipet,2023-06-21,0.0,28.7,41.7,22.0,58.8,0.0,14.9,June,2023
7462,Mancherial,Luxettipet,2023-06-22,0.4,27.1,38.5,31.9,84.9,0.0,16.4,June,2023
7463,Mancherial,Luxettipet,2023-06-23,1.4,25.2,38.0,35.3,100.0,0.0,15.1,June,2023
7464,Mancherial,Luxettipet,2023-06-24,1.0,26.5,30.2,80.9,100.0,0.0,8.6,June,2023
7465,Mancherial,Luxettipet,2023-06-25,0.0,25.5,30.7,77.6,100.0,0.0,11.7,June,2023
7466,Mancherial,Luxettipet,2023-06-26,16.8,24.8,33.3,57.8,100.0,1.0,14.6,June,2023
7467,Mancherial,Luxettipet,2023-06-27,5.3,23.9,28.7,92.5,100.0,0.0,16.5,June,2023
7468,Mancherial,Luxettipet,2023-06-28,4.0,24.5,28.1,97.1,100.0,0.0,18.3,June,2023
7469,Mancherial,Luxettipet,2023-06-29,0.0,25.9,32.5,67.3,100.0,0.0,15.2,June,2023
7470,Mancherial,Luxettipet,2023-06-30,0.0,27.1,34.7,50.5,76.5,0.0,14.6,June,2023
7471,Mancherial,Mancherial,2023-06-01,0.0,27.7,39.6,35.4,85.3,0.0,4.7,June,2023
7472,Mancherial,Mancherial,2023-06-02,0.0,27.9,41.8,22.9,62.9,0.0,7.7,June,2023
7473,Mancherial,Mancherial,2023-06-03,0.0,28.1,43.6,21.6,60.2,0.0,15.3,June,2023
7474,Mancherial,Mancherial,2023-06-04,0.0,29.1,42.7,26.1,58.4,0.0,10.6,June,2023
7475,Mancherial,Mancherial,2023-06-05,0.0,26.3,43.0,27.8,72.5,0.0,13.3,June,2023
7476,Mancherial,Mancherial,2023-06-06,0.0,28.4,42.0,29.3,62.9,0.0,4.4,June,2023
7477,Mancherial,Mancherial,2023-06-07,2.2,27.0,40.9,28.4,75.0,0.0,17.8,June,2023
7478,Mancherial,Mancherial,2023-06-08,0.5,29.5,42.6,29.3,60.2,0.0,13.6,June,2023
7479,Mancherial,Mancherial,2023-06-09,0.0,29.0,42.1,25.9,58.6,0.0,9.5,June,2023
7480,Mancherial,Mancherial,2023-06-10,3.7,28.9,42.4,25.4,74.1,0.0,14.2,June,2023
7481,Mancherial,Mancherial,2023-06-11,1.0,29.1,41.7,33.8,67.0,0.0,12.5,June,2023
7482,Mancherial,Mancherial,2023-06-12,1.1,31.1,41.6,36.0,74.2,0.0,14.5,June,2023
7483,Mancherial,Mancherial,2023-06-13,0.0,32.0,42.1,29.9,60.8,0.0,12.2,June,2023
7484,Mancherial,Mancherial,2023-06-14,0.0,31.0,42.3,26.7,51.8,0.0,11.0,June,2023
7485,Mancherial,Mancherial,2023-06-15,0.0,31.6,41.8,27.8,56.3,0.0,14.1,June,2023
7486,Mancherial,Mancherial,2023-06-16,0.0,30.1,41.0,29.7,55.1,0.0,13.5,June,2023
7487,Mancherial,Mancherial,2023-06-17,0.0,30.5,42.3,25.4,49.4,0.0,10.6,June,2023
7488,Mancherial,Mancherial,2023-06-18,0.0,30.8,42.4,30.6,55.2,0.0,12.1,June,2023
7489,Mancherial,Mancherial,2023-06-19,0.0,31.6,42.1,29.7,50.4,0.0,9.1,June,2023
7490,Mancherial,Mancherial,2023-06-20,0.0,29.9,41.7,29.3,58.0,0.0,10.2,June,2023
7491,Mancherial,Mancherial,2023-06-21,0.0,28.3,42.4,30.6,71.2,0.0,12.7,June,2023
7492,Mancherial,Mancherial,2023-06-22,2.1,26.8,39.7,40.3,90.6,0.0,13.6,June,2023
7493,Mancherial,Mancherial,2023-06-23,10.1,25.3,37.7,42.6,96.2,0.0,10.0,June,2023
7494,Mancherial,Mancherial,2023-06-24,1.4,26.6,31.1,74.4,94.5,0.0,3.6,June,2023
7495,Mancherial,Mancherial,2023-06-25,0.6,25.6,30.6,75.2,95.4,0.0,8.2,June,2023
7496,Mancherial,Mancherial,2023-06-26,31.9,24.7,34.0,58.0,96.7,0.0,15.7,June,2023
7497,Mancherial,Mancherial,2023-06-27,9.1,23.9,27.8,82.2,97.6,0.0,5.9,June,2023
7498,Mancherial,Mancherial,2023-06-28,4.7,24.3,28.2,83.9,96.7,0.0,9.2,June,2023
7499,Mancherial,Mancherial,2023-06-29,0.6,25.5,32.3,66.2,95.4,0.0,9.0,June,2023
7500,Mancherial,Mancherial,2023-06-30,0.0,27.1,35.9,52.4,79.7,0.0,10.5,June,2023
7501,Mancherial,Mandamarri,2023-06-01,0.0,27.7,38.3,31.8,92.6,0.0,4.0,June,2023
7502,Mancherial,Mandamarri,2023-06-02,0.0,28.3,40.9,16.3,77.0,0.0,6.1,June,2023
7503,Mancherial,Mandamarri,2023-06-03,0.0,27.0,41.3,15.7,65.5,0.0,11.3,June,2023
7504,Mancherial,Mandamarri,2023-06-04,0.0,28.8,41.0,19.4,56.7,0.0,8.7,June,2023
7505,Mancherial,Mandamarri,2023-06-05,0.0,25.7,40.5,25.5,69.0,0.0,11.0,June,2023
7506,Mancherial,Mandamarri,2023-06-06,0.0,28.8,39.7,22.4,59.3,0.0,5.7,June,2023
7507,Mancherial,Mandamarri,2023-06-07,0.0,28.3,40.2,22.4,58.9,0.0,12.5,June,2023
7508,Mancherial,Mandamarri,2023-06-08,5.0,27.5,41.0,21.8,70.4,0.0,10.4,June,2023
7509,Mancherial,Mandamarri,2023-06-09,0.0,30.6,41.4,17.6,49.9,0.0,8.2,June,2023
7510,Mancherial,Mandamarri,2023-06-10,0.7,30.7,41.2,21.2,64.7,0.0,10.9,June,2023
7511,Mancherial,Mandamarri,2023-06-11,0.4,28.8,39.2,28.8,64.1,0.0,12.1,June,2023
7512,Mancherial,Mandamarri,2023-06-12,1.7,30.0,39.6,30.9,63.4,0.0,9.0,June,2023
7513,Mancherial,Mandamarri,2023-06-13,0.3,31.4,40.2,24.2,51.0,0.0,9.6,June,2023
7514,Mancherial,Mandamarri,2023-06-14,0.0,32.1,40.9,21.6,42.8,0.0,10.2,June,2023
7515,Mancherial,Mandamarri,2023-06-15,0.0,31.4,40.2,21.6,45.0,0.0,10.6,June,2023
7516,Mancherial,Mandamarri,2023-06-16,0.0,31.0,39.9,23.0,41.5,0.0,10.5,June,2023
7517,Mancherial,Mandamarri,2023-06-17,0.0,32.0,40.4,20.0,41.3,0.0,7.7,June,2023
7518,Mancherial,Mandamarri,2023-06-18,0.0,32.0,40.3,24.2,42.3,0.0,9.1,June,2023
7519,Mancherial,Mandamarri,2023-06-19,0.0,32.1,39.6,24.0,38.3,0.0,6.9,June,2023
7520,Mancherial,Mandamarri,2023-06-20,0.0,30.8,40.5,22.4,47.0,0.0,7.2,June,2023
7521,Mancherial,Mandamarri,2023-06-21,0.0,28.7,40.3,23.0,60.2,0.0,9.3,June,2023
7522,Mancherial,Mandamarri,2023-06-22,2.7,26.2,37.2,36.4,99.8,0.4,11.0,June,2023
7523,Mancherial,Mandamarri,2023-06-23,34.4,25.1,36.2,39.7,100.0,0.0,7.5,June,2023
7524,Mancherial,Mandamarri,2023-06-24,6.8,25.9,29.5,96.0,100.0,0.0,2.9,June,2023
7525,Mancherial,Mandamarri,2023-06-25,1.8,25.2,29.3,95.1,100.0,0.0,6.5,June,2023
7526,Mancherial,Mandamarri,2023-06-26,14.4,25.0,32.8,81.7,100.0,0.0,9.4,June,2023
7527,Mancherial,Mandamarri,2023-06-27,21.4,23.8,27.2,83.0,97.3,0.0,7.3,June,2023
7528,Mancherial,Mandamarri,2023-06-28,5.8,24.7,27.1,85.3,95.5,0.0,8.8,June,2023
7529,Mancherial,Mandamarri,2023-06-29,0.0,25.2,31.5,84.0,100.0,0.0,7.2,June,2023
7530,Mancherial,Mandamarri,2023-06-30,0.0,26.9,33.0,59.9,88.7,0.0,9.5,June,2023
7531,Mancherial,Naspur,2023-06-01,0.0,27.9,40.9,33.4,100.0,0.0,6.2,June,2023
7532,Mancherial,Naspur,2023-06-02,0.0,27.5,42.6,15.1,87.1,0.0,4.9,June,2023
7533,Mancherial,Naspur,2023-06-03,0.0,27.8,44.0,12.4,85.5,0.0,6.7,June,2023
7534,Mancherial,Naspur,2023-06-04,0.0,28.7,42.5,18.8,72.5,0.0,7.1,June,2023
7535,Mancherial,Naspur,2023-06-05,0.0,27.0,42.2,19.5,80.8,0.0,19.9,June,2023
7536,Mancherial,Naspur,2023-06-06,0.0,29.1,41.5,23.2,73.0,0.0,7.2,June,2023
7537,Mancherial,Naspur,2023-06-07,4.1,26.9,42.6,18.8,85.3,0.0,8.0,June,2023
7538,Mancherial,Naspur,2023-06-08,0.0,30.3,42.6,29.0,65.0,0.0,9.2,June,2023
7539,Mancherial,Naspur,2023-06-09,0.0,29.4,43.5,18.8,58.6,0.0,9.4,June,2023
7540,Mancherial,Naspur,2023-06-10,0.4,30.9,43.9,16.6,61.3,0.0,10.7,June,2023
7541,Mancherial,Naspur,2023-06-11,2.8,27.9,42.7,27.5,83.7,0.0,14.4,June,2023
7542,Mancherial,Naspur,2023-06-12,6.7,26.7,40.6,42.0,76.6,0.0,13.2,June,2023
7543,Mancherial,Naspur,2023-06-13,0.0,31.7,41.8,34.1,64.5,0.0,13.7,June,2023
7544,Mancherial,Naspur,2023-06-14,0.9,31.5,42.2,27.5,53.9,0.0,14.1,June,2023
7545,Mancherial,Naspur,2023-06-15,0.0,31.5,41.9,27.3,56.0,0.0,11.6,June,2023
7546,Mancherial,Naspur,2023-06-16,0.0,30.6,40.9,29.7,52.8,0.0,14.8,June,2023
7547,Mancherial,Naspur,2023-06-17,0.0,32.0,41.7,22.4,49.4,0.0,10.0,June,2023
7548,Mancherial,Naspur,2023-06-18,0.0,31.3,41.5,27.5,64.5,0.0,12.9,June,2023
7549,Mancherial,Naspur,2023-06-19,0.0,31.7,42.1,26.8,48.8,0.0,10.9,June,2023
7550,Mancherial,Naspur,2023-06-20,0.0,30.2,41.2,25.3,64.5,0.0,10.9,June,2023
7551,Mancherial,Naspur,2023-06-21,0.0,28.6,42.6,25.3,84.0,0.0,13.9,June,2023
7552,Mancherial,Naspur,2023-06-22,0.7,27.1,39.4,38.9,100.0,0.0,9.0,June,2023
7553,Mancherial,Naspur,2023-06-23,17.3,25.0,39.5,45.1,100.0,0.0,13.2,June,2023
7554,Mancherial,Naspur,2023-06-24,0.9,26.0,30.5,78.8,100.0,0.0,3.8,June,2023
7555,Mancherial,Naspur,2023-06-25,1.1,25.0,30.4,78.1,100.0,0.0,5.9,June,2023
7556,Mancherial,Naspur,2023-06-26,20.8,24.6,32.9,61.3,100.0,0.0,15.0,June,2023
7557,Mancherial,Naspur,2023-06-27,10.9,23.6,27.2,82.9,99.0,0.0,9.1,June,2023
7558,Mancherial,Naspur,2023-06-28,3.5,24.1,27.9,86.0,100.0,0.0,7.6,June,2023
7559,Mancherial,Naspur,2023-06-29,1.8,25.1,32.5,65.6,98.2,0.0,9.9,June,2023
7560,Mancherial,Naspur,2023-06-30,0.4,26.3,35.6,57.2,100.0,0.0,10.6,June,2023
7561,Mancherial,Nennal,2023-06-01,0.0,26.3,40.5,33.8,90.0,0.0,7.1,June,2023
7562,Mancherial,Nennal,2023-06-02,0.0,26.1,42.3,21.7,79.9,0.0,6.3,June,2023
7563,Mancherial,Nennal,2023-06-03,0.0,28.7,42.6,21.3,58.0,0.0,9.4,June,2023
7564,Mancherial,Nennal,2023-06-04,0.0,28.6,42.9,24.7,63.8,0.0,6.9,June,2023
7565,Mancherial,Nennal,2023-06-05,0.0,25.1,41.7,28.5,80.8,0.0,17.1,June,2023
7566,Mancherial,Nennal,2023-06-06,0.0,28.5,41.2,27.8,67.5,0.0,2.6,June,2023
7567,Mancherial,Nennal,2023-06-07,0.0,26.8,42.3,25.8,70.7,0.0,6.5,June,2023
7568,Mancherial,Nennal,2023-06-08,0.0,29.9,42.0,27.8,59.5,0.0,6.3,June,2023
7569,Mancherial,Nennal,2023-06-09,0.0,28.2,42.5,21.9,59.0,0.0,8.8,June,2023
7570,Mancherial,Nennal,2023-06-10,0.0,31.4,42.3,27.1,53.2,0.0,16.9,June,2023
7571,Mancherial,Nennal,2023-06-11,0.0,28.8,41.0,33.2,65.8,0.0,22.4,June,2023
7572,Mancherial,Nennal,2023-06-12,0.0,28.0,41.5,32.5,74.7,0.0,6.8,June,2023
7573,Mancherial,Nennal,2023-06-13,0.0,31.1,42.5,29.1,59.5,0.0,12.4,June,2023
7574,Mancherial,Nennal,2023-06-14,0.0,32.0,42.7,27.4,51.2,0.0,11.1,June,2023
7575,Mancherial,Nennal,2023-06-15,0.0,32.2,42.0,28.5,51.6,0.0,17.2,June,2023
7576,Mancherial,Nennal,2023-06-16,0.0,31.1,41.7,28.5,48.5,0.0,5.5,June,2023
7577,Mancherial,Nennal,2023-06-17,0.0,31.0,42.7,26.4,50.1,0.0,5.8,June,2023
7578,Mancherial,Nennal,2023-06-18,0.0,30.9,41.8,29.8,54.2,0.0,7.9,June,2023
7579,Mancherial,Nennal,2023-06-19,0.0,32.3,40.8,31.2,48.9,0.0,14.7,June,2023
7580,Mancherial,Nennal,2023-06-20,0.0,29.2,41.6,29.8,58.5,0.0,5.4,June,2023
7581,Mancherial,Nennal,2023-06-21,0.0,27.6,41.4,31.2,80.6,0.0,12.5,June,2023
7582,Mancherial,Nennal,2023-06-22,8.2,25.3,38.6,40.6,99.1,0.0,20.0,June,2023
7583,Mancherial,Nennal,2023-06-23,12.8,24.6,35.9,49.8,100.0,0.0,12.8,June,2023
7584,Mancherial,Nennal,2023-06-24,2.2,25.5,28.7,93.0,100.0,0.0,8.3,June,2023
7585,Mancherial,Nennal,2023-06-25,27.9,23.9,28.7,89.4,100.0,0.0,16.1,June,2023
7586,Mancherial,Nennal,2023-06-26,5.8,25.1,32.6,71.3,100.0,0.0,13.3,June,2023
7587,Mancherial,Nennal,2023-06-27,8.2,23.7,29.0,87.2,100.0,0.0,12.7,June,2023
7588,Mancherial,Nennal,2023-06-28,6.4,24.8,27.1,92.6,100.0,0.0,14.5,June,2023
7589,Mancherial,Nennal,2023-06-29,0.0,25.5,32.5,70.4,100.0,0.0,13.7,June,2023
7590,Mancherial,Nennal,2023-06-30,0.0,27.0,35.6,55.1,85.9,0.0,14.4,June,2023
7591,Mancherial,Tandur,2023-06-01,0.0,26.4,40.1,43.3,79.8,0.0,3.7,June,2023
7592,Mancherial,Tandur,2023-06-02,0.0,27.0,40.9,28.0,62.6,0.0,5.3,June,2023
7593,Mancherial,Tandur,2023-06-03,0.0,26.4,41.7,27.4,64.4,0.0,9.3,June,2023
7594,Mancherial,Tandur,2023-06-04,0.0,27.7,40.3,34.8,61.6,0.0,7.8,June,2023
7595,Mancherial,Tandur,2023-06-05,0.0,24.0,40.5,34.4,74.7,0.0,9.8,June,2023
7596,Mancherial,Tandur,2023-06-06,0.0,29.1,40.6,35.7,60.3,0.0,6.3,June,2023
7597,Mancherial,Tandur,2023-06-07,0.0,27.8,40.3,35.1,59.8,0.0,9.9,June,2023
7598,Mancherial,Tandur,2023-06-08,1.0,29.7,41.1,36.8,58.9,0.0,8.9,June,2023
7599,Mancherial,Tandur,2023-06-09,0.0,31.9,42.1,27.6,53.7,0.0,7.5,June,2023
7600,Mancherial,Tandur,2023-06-10,6.8,25.9,41.4,32.5,75.2,0.0,9.3,June,2023
7601,Mancherial,Tandur,2023-06-11,4.4,25.6,39.2,44.9,77.4,0.0,12.0,June,2023
7602,Mancherial,Tandur,2023-06-12,0.0,30.6,38.8,43.0,58.4,0.0,6.3,June,2023
7603,Mancherial,Tandur,2023-06-13,0.0,30.6,41.5,36.8,57.9,0.0,8.3,June,2023
7604,Mancherial,Tandur,2023-06-14,0.0,31.8,41.1,34.4,55.1,0.0,9.9,June,2023
7605,Mancherial,Tandur,2023-06-15,0.0,31.6,41.5,35.7,55.6,0.1,8.8,June,2023
7606,Mancherial,Tandur,2023-06-16,0.0,32.0,41.1,34.4,51.7,0.0,9.0,June,2023
7607,Mancherial,Tandur,2023-06-17,0.0,31.5,42.0,33.2,54.2,0.0,6.3,June,2023
7608,Mancherial,Tandur,2023-06-18,0.0,31.9,41.1,36.2,53.2,0.0,7.6,June,2023
7609,Mancherial,Tandur,2023-06-19,0.0,32.2,40.0,37.3,52.8,0.0,5.9,June,2023
7610,Mancherial,Tandur,2023-06-20,0.0,29.9,41.4,35.7,57.0,0.0,5.8,June,2023
7611,Mancherial,Tandur,2023-06-21,0.0,27.9,41.5,37.3,68.4,0.0,7.6,June,2023
7612,Mancherial,Tandur,2023-06-22,13.1,25.0,38.2,45.6,91.4,0.7,9.7,June,2023
7613,Mancherial,Tandur,2023-06-23,5.6,24.7,35.6,53.2,93.6,0.0,6.3,June,2023
7614,Mancherial,Tandur,2023-06-24,2.0,25.6,29.1,77.4,92.3,0.0,1.7,June,2023
7615,Mancherial,Tandur,2023-06-25,27.1,23.7,29.5,79.1,93.6,0.0,5.6,June,2023
7616,Mancherial,Tandur,2023-06-26,1.9,24.6,31.9,70.4,88.4,0.0,6.2,June,2023
7617,Mancherial,Tandur,2023-06-27,4.8,23.2,27.5,79.3,91.4,0.0,10.8,June,2023
7618,Mancherial,Tandur,2023-06-28,4.1,24.5,26.2,80.8,88.8,0.0,13.5,June,2023
7619,Mancherial,Tandur,2023-06-29,1.3,25.3,30.7,70.3,87.5,0.0,6.3,June,2023
7620,Mancherial,Tandur,2023-06-30,0.0,27.2,33.8,58.4,80.6,0.0,9.0,June,2023
7621,Mancherial,Vemanpalle,2023-06-01,0.0,25.4,41.8,24.8,85.3,0.0,3.3,June,2023
7622,Mancherial,Vemanpalle,2023-06-02,0.0,25.3,43.1,16.8,72.1,0.0,5.6,June,2023
7623,Mancherial,Vemanpalle,2023-06-03,0.0,25.0,43.4,14.1,65.3,0.0,5.8,June,2023
7624,Mancherial,Vemanpalle,2023-06-04,0.9,27.1,45.1,13.0,58.2,0.0,3.0,June,2023
7625,Mancherial,Vemanpalle,2023-06-05,0.0,25.4,41.5,20.1,66.7,0.0,11.1,June,2023
7626,Mancherial,Vemanpalle,2023-06-06,0.0,26.0,42.3,20.8,67.6,0.0,4.1,June,2023
7627,Mancherial,Vemanpalle,2023-06-07,0.0,26.3,42.5,18.1,59.6,0.0,6.2,June,2023
7628,Mancherial,Vemanpalle,2023-06-08,0.0,28.0,43.4,18.3,54.8,0.0,8.2,June,2023
7629,Mancherial,Vemanpalle,2023-06-09,0.0,25.4,42.9,15.5,56.7,0.0,4.9,June,2023
7630,Mancherial,Vemanpalle,2023-06-10,0.0,30.4,41.9,18.1,45.8,0.0,11.5,June,2023
7631,Mancherial,Vemanpalle,2023-06-11,0.0,28.8,43.1,24.4,51.4,0.0,7.1,June,2023
7632,Mancherial,Vemanpalle,2023-06-12,0.3,27.1,41.5,24.8,63.9,0.0,7.0,June,2023
7633,Mancherial,Vemanpalle,2023-06-13,0.0,30.0,42.7,21.5,51.4,0.0,10.0,June,2023
7634,Mancherial,Vemanpalle,2023-06-14,0.0,29.6,42.5,19.5,44.4,0.0,10.5,June,2023
7635,Mancherial,Vemanpalle,2023-06-15,0.0,29.9,43.1,19.5,51.4,0.0,11.1,June,2023
7636,Mancherial,Vemanpalle,2023-06-16,0.0,27.5,42.5,20.8,53.3,0.0,7.6,June,2023
7637,Mancherial,Vemanpalle,2023-06-17,0.0,27.9,44.4,17.0,52.4,0.0,7.1,June,2023
7638,Mancherial,Vemanpalle,2023-06-18,0.0,28.2,42.9,21.5,56.7,0.0,0.1,June,2023
7639,Mancherial,Vemanpalle,2023-06-19,0.0,28.6,40.8,22.2,53.3,0.0,6.6,June,2023
7640,Mancherial,Vemanpalle,2023-06-20,0.0,30.1,42.0,21.5,50.9,0.0,6.5,June,2023
7641,Mancherial,Vemanpalle,2023-06-21,0.0,27.9,42.6,22.2,58.2,0.0,9.6,June,2023
7642,Mancherial,Vemanpalle,2023-06-22,7.4,24.8,40.3,31.2,91.7,0.0,14.6,June,2023
7643,Mancherial,Vemanpalle,2023-06-23,10.7,25.0,37.1,38.2,100.0,0.0,6.9,June,2023
7644,Mancherial,Vemanpalle,2023-06-24,3.1,25.3,27.9,95.0,100.0,0.0,8.3,June,2023
7645,Mancherial,Vemanpalle,2023-06-25,6.2,24.8,29.4,91.6,100.0,0.0,8.1,June,2023
7646,Mancherial,Vemanpalle,2023-06-26,19.6,24.8,32.5,83.9,100.0,0.0,6.5,June,2023
7647,Mancherial,Vemanpalle,2023-06-27,11.1,23.7,27.3,90.5,100.0,0.0,7.7,June,2023
7648,Mancherial,Vemanpalle,2023-06-28,7.0,24.3,27.6,92.5,99.4,0.0,9.1,June,2023
7649,Mancherial,Vemanpalle,2023-06-29,0.0,25.9,32.6,89.6,100.0,0.0,10.5,June,2023
7650,Mancherial,Vemanpalle,2023-06-30,0.0,26.5,35.0,51.2,100.0,0.0,0.1,June,2023
7651,Medak,Alladurg,2023-06-01,0.0,25.0,40.2,18.2,78.5,0.0,12.7,June,2023
7652,Medak,Alladurg,2023-06-02,0.0,28.8,40.4,11.4,55.1,0.0,10.8,June,2023
7653,Medak,Alladurg,2023-06-03,0.0,28.9,40.7,12.0,40.1,0.0,8.3,June,2023
7654,Medak,Alladurg,2023-06-04,4.2,23.4,40.8,15.1,81.2,0.0,9.5,June,2023
7655,Medak,Alladurg,2023-06-05,0.3,22.7,38.2,27.3,97.4,0.0,7.6,June,2023
7656,Medak,Alladurg,2023-06-06,0.0,26.1,36.9,31.8,63.7,0.0,6.6,June,2023
7657,Medak,Alladurg,2023-06-07,3.2,27.0,38.4,33.3,65.3,0.0,7.5,June,2023
7658,Medak,Alladurg,2023-06-08,5.1,25.1,39.0,26.1,87.8,0.1,17.9,June,2023
7659,Medak,Alladurg,2023-06-09,0.0,27.6,38.5,25.5,68.1,1.0,10.9,June,2023
7660,Medak,Alladurg,2023-06-10,0.0,27.0,37.9,35.7,68.9,1.1,10.6,June,2023
7661,Medak,Alladurg,2023-06-11,0.0,26.3,38.4,37.4,74.7,1.8,13.0,June,2023
7662,Medak,Alladurg,2023-06-12,0.0,27.8,38.0,29.9,69.8,0.0,5.4,June,2023
7663,Medak,Alladurg,2023-06-13,0.0,28.3,38.4,22.4,58.4,0.0,7.4,June,2023
7664,Medak,Alladurg,2023-06-14,0.0,25.9,39.6,19.9,70.8,0.2,5.4,June,2023
7665,Medak,Alladurg,2023-06-15,0.0,28.4,38.7,22.4,67.8,5.7,8.5,June,2023
7666,Medak,Alladurg,2023-06-16,0.0,26.4,37.9,27.7,70.6,2.6,11.6,June,2023
7667,Medak,Alladurg,2023-06-17,0.0,26.0,38.0,24.4,82.1,1.2,12.2,June,2023
7668,Medak,Alladurg,2023-06-18,0.0,26.5,39.0,31.0,58.7,0.8,5.7,June,2023
7669,Medak,Alladurg,2023-06-19,0.0,27.3,38.8,20.1,56.7,0.4,11.7,June,2023
7670,Medak,Alladurg,2023-06-20,0.0,28.0,38.9,37.5,54.2,0.0,9.0,June,2023
7671,Medak,Alladurg,2023-06-21,0.0,28.3,38.9,19.9,62.3,0.0,11.3,June,2023
7672,Medak,Alladurg,2023-06-22,0.9,26.5,37.1,30.9,66.8,0.0,9.3,June,2023
7673,Medak,Alladurg,2023-06-23,18.6,23.9,35.1,42.1,85.8,0.5,5.4,June,2023
7674,Medak,Alladurg,2023-06-24,5.6,24.9,31.8,52.7,96.2,0.0,4.6,June,2023
7675,Medak,Alladurg,2023-06-25,15.4,21.8,29.7,75.6,96.3,0.0,7.8,June,2023
7676,Medak,Alladurg,2023-06-26,6.4,23.4,32.0,73.1,100.0,1.6,8.8,June,2023
7677,Medak,Alladurg,2023-06-27,15.3,23.6,28.9,93.0,100.0,0.0,11.4,June,2023
7678,Medak,Alladurg,2023-06-28,22.5,22.9,30.5,73.9,98.0,0.0,9.1,June,2023
7679,Medak,Alladurg,2023-06-29,7.0,23.2,32.5,74.4,100.0,0.0,7.8,June,2023
7680,Medak,Alladurg,2023-06-30,4.3,23.5,32.1,78.3,100.0,0.0,7.8,June,2023
7681,Medak,Chegunta,2023-06-01,0.0,25.0,39.4,35.1,76.4,0.0,12.8,June,2023
7682,Medak,Chegunta,2023-06-02,0.0,24.5,42.3,22.4,72.4,0.0,8.5,June,2023
7683,Medak,Chegunta,2023-06-03,0.0,23.7,42.2,17.9,55.9,0.0,11.2,June,2023
7684,Medak,Chegunta,2023-06-04,0.8,27.5,39.7,23.1,62.7,0.0,9.6,June,2023
7685,Medak,Chegunta,2023-06-05,0.0,22.7,38.7,24.7,85.4,0.1,11.3,June,2023
7686,Medak,Chegunta,2023-06-06,0.0,22.8,38.8,27.8,75.1,0.0,14.0,June,2023
7687,Medak,Chegunta,2023-06-07,0.0,25.3,37.2,40.2,74.4,0.0,12.2,June,2023
7688,Medak,Chegunta,2023-06-08,0.0,26.2,39.7,27.3,71.8,0.0,10.6,June,2023
7689,Medak,Chegunta,2023-06-09,0.0,27.0,39.5,22.6,69.9,0.0,14.2,June,2023
7690,Medak,Chegunta,2023-06-10,0.0,26.6,39.8,23.3,73.3,0.1,13.9,June,2023
7691,Medak,Chegunta,2023-06-11,0.0,25.8,39.3,30.2,74.3,1.2,15.1,June,2023
7692,Medak,Chegunta,2023-06-12,0.3,26.1,37.4,36.8,76.3,0.1,13.2,June,2023
7693,Medak,Chegunta,2023-06-13,0.0,26.7,40.4,27.3,61.8,0.0,14.2,June,2023
7694,Medak,Chegunta,2023-06-14,0.0,26.8,39.3,24.9,66.5,0.8,15.2,June,2023
7695,Medak,Chegunta,2023-06-15,0.0,26.9,39.1,27.3,61.8,0.3,14.9,June,2023
7696,Medak,Chegunta,2023-06-16,0.0,27.2,37.9,26.6,55.6,0.0,14.6,June,2023
7697,Medak,Chegunta,2023-06-17,0.0,27.3,39.8,24.4,61.8,0.0,15.2,June,2023
7698,Medak,Chegunta,2023-06-18,0.0,28.0,37.3,32.8,58.7,0.0,16.3,June,2023
7699,Medak,Chegunta,2023-06-19,0.0,28.5,38.5,28.0,58.1,0.0,12.7,June,2023
7700,Medak,Chegunta,2023-06-20,0.0,28.2,36.9,32.8,56.6,0.0,14.1,June,2023
7701,Medak,Chegunta,2023-06-21,0.0,27.4,38.4,31.6,70.4,0.0,12.1,June,2023
7702,Medak,Chegunta,2023-06-22,0.0,26.2,37.4,33.5,77.2,1.5,11.9,June,2023
7703,Medak,Chegunta,2023-06-23,8.1,23.0,34.0,40.1,94.0,0.0,16.8,June,2023
7704,Medak,Chegunta,2023-06-24,19.1,23.0,33.0,52.1,95.0,0.0,8.7,June,2023
7705,Medak,Chegunta,2023-06-25,20.1,22.1,30.3,69.0,96.2,0.0,15.2,June,2023
7706,Medak,Chegunta,2023-06-26,20.6,23.0,30.1,68.0,96.2,0.0,10.6,June,2023
7707,Medak,Chegunta,2023-06-27,4.2,23.2,27.7,77.4,95.0,0.0,8.9,June,2023
7708,Medak,Chegunta,2023-06-28,4.5,23.1,29.5,65.5,96.2,0.0,12.8,June,2023
7709,Medak,Chegunta,2023-06-29,26.3,22.6,31.3,66.5,96.7,0.0,7.9,June,2023
7710,Medak,Chegunta,2023-06-30,0.0,23.3,32.2,60.7,88.0,0.0,8.8,June,2023
7711,Medak,Chilipched,2023-06-01,0.0,24.8,38.7,45.8,86.8,0.0,13.3,June,2023
7712,Medak,Chilipched,2023-06-02,0.0,26.7,39.3,21.4,62.4,0.0,0.0,June,2023
7713,Medak,Chilipched,2023-06-03,0.0,25.8,40.5,21.4,53.1,0.0,0.0,June,2023
7714,Medak,Chilipched,2023-06-04,0.0,27.9,39.4,25.8,59.8,0.0,0.0,June,2023
7715,Medak,Chilipched,2023-06-05,5.3,20.7,38.1,33.1,94.9,0.0,0.0,June,2023
7716,Medak,Chilipched,2023-06-06,0.0,26.8,36.3,48.2,80.2,0.0,10.6,June,2023
7717,Medak,Chilipched,2023-06-07,0.0,29.1,38.8,28.3,77.8,0.0,11.3,June,2023
7718,Medak,Chilipched,2023-06-08,0.0,26.8,38.5,56.8,83.5,0.0,9.2,June,2023
7719,Medak,Chilipched,2023-06-09,0.0,27.1,38.3,26.9,81.5,0.0,10.2,June,2023
7720,Medak,Chilipched,2023-06-10,0.0,26.8,37.2,32.2,85.2,0.0,10.6,June,2023
7721,Medak,Chilipched,2023-06-11,0.0,25.4,37.8,33.9,89.1,0.0,12.3,June,2023
7722,Medak,Chilipched,2023-06-12,25.7,26.2,36.7,41.6,98.1,0.7,13.6,June,2023
7723,Medak,Chilipched,2023-06-13,0.0,26.4,37.1,34.5,83.5,0.0,9.5,June,2023
7724,Medak,Chilipched,2023-06-14,0.0,26.4,38.1,28.3,85.9,0.0,9.5,June,2023
7725,Medak,Chilipched,2023-06-15,0.9,26.0,37.2,32.3,84.7,1.3,12.4,June,2023
7726,Medak,Chilipched,2023-06-16,0.0,26.6,37.4,28.9,81.0,1.8,12.2,June,2023
7727,Medak,Chilipched,2023-06-17,0.0,26.2,37.5,29.3,78.6,0.5,13.0,June,2023
7728,Medak,Chilipched,2023-06-18,0.0,27.5,36.3,36.7,64.0,0.0,10.4,June,2023
7729,Medak,Chilipched,2023-06-19,0.0,27.4,37.3,32.8,60.8,0.0,14.5,June,2023
7730,Medak,Chilipched,2023-06-20,0.0,26.1,36.8,36.6,64.9,0.0,11.9,June,2023
7731,Medak,Chilipched,2023-06-21,0.0,29.0,37.2,31.9,79.1,0.0,11.3,June,2023
7732,Medak,Chilipched,2023-06-22,2.4,24.5,36.8,32.0,90.4,0.0,13.7,June,2023
7733,Medak,Chilipched,2023-06-23,7.5,23.1,34.4,37.5,98.2,0.0,12.2,June,2023
7734,Medak,Chilipched,2023-06-24,8.7,24.2,32.0,52.1,93.7,0.0,7.4,June,2023
7735,Medak,Chilipched,2023-06-25,33.1,22.2,30.0,73.5,99.2,0.0,10.3,June,2023
7736,Medak,Chilipched,2023-06-26,2.9,23.5,31.0,60.0,93.5,0.0,11.7,June,2023
7737,Medak,Chilipched,2023-06-27,1.8,23.3,28.8,69.7,98.6,0.0,16.5,June,2023
7738,Medak,Chilipched,2023-06-28,12.8,23.0,29.9,59.0,100.0,0.0,10.2,June,2023
7739,Medak,Chilipched,2023-06-29,5.8,23.0,31.8,57.7,100.0,0.0,9.6,June,2023
7740,Medak,Chilipched,2023-06-30,0.0,23.6,32.2,56.3,84.3,0.0,9.0,June,2023
7741,Medak,Havelighanpur,2023-06-01,0.0,23.0,39.2,24.2,91.0,0.0,10.0,June,2023
7742,Medak,Havelighanpur,2023-06-02,0.0,24.7,39.5,15.8,82.0,0.0,16.8,June,2023
7743,Medak,Havelighanpur,2023-06-03,0.0,24.4,40.2,16.4,64.5,0.0,11.9,June,2023
7744,Medak,Havelighanpur,2023-06-04,1.6,24.8,39.8,17.1,81.5,0.0,14.0,June,2023
7745,Medak,Havelighanpur,2023-06-05,0.0,21.7,39.3,32.7,100.0,0.0,15.3,June,2023
7746,Medak,Havelighanpur,2023-06-06,0.0,23.9,37.1,33.0,90.1,0.0,14.5,June,2023
7747,Medak,Havelighanpur,2023-06-07,0.0,27.1,38.6,25.5,70.2,0.0,14.5,June,2023
7748,Medak,Havelighanpur,2023-06-08,0.0,26.6,39.1,27.5,73.9,0.0,13.1,June,2023
7749,Medak,Havelighanpur,2023-06-09,0.0,27.2,39.3,24.9,68.2,0.0,10.3,June,2023
7750,Medak,Havelighanpur,2023-06-10,0.0,26.8,39.6,25.5,73.8,0.3,15.3,June,2023
7751,Medak,Havelighanpur,2023-06-11,1.3,24.3,39.1,32.0,100.0,0.5,15.4,June,2023
7752,Medak,Havelighanpur,2023-06-12,0.0,25.9,36.9,44.1,82.7,0.0,11.0,June,2023
7753,Medak,Havelighanpur,2023-06-13,0.0,26.1,38.8,32.0,72.3,0.5,13.9,June,2023
7754,Medak,Havelighanpur,2023-06-14,0.0,26.8,39.1,22.9,72.2,1.1,16.6,June,2023
7755,Medak,Havelighanpur,2023-06-15,0.0,25.8,38.7,28.1,80.0,0.6,14.9,June,2023
7756,Medak,Havelighanpur,2023-06-16,0.0,26.5,38.6,28.8,67.7,0.0,14.3,June,2023
7757,Medak,Havelighanpur,2023-06-17,0.0,27.2,39.2,24.9,68.4,0.4,11.9,June,2023
7758,Medak,Havelighanpur,2023-06-18,0.0,27.9,38.0,32.0,66.1,0.3,10.9,June,2023
7759,Medak,Havelighanpur,2023-06-19,0.0,28.1,38.2,31.4,66.1,0.0,22.5,June,2023
7760,Medak,Havelighanpur,2023-06-20,0.0,26.5,37.9,33.0,71.1,0.0,21.0,June,2023
7761,Medak,Havelighanpur,2023-06-21,0.0,28.1,39.1,31.4,72.0,0.5,19.9,June,2023
7762,Medak,Havelighanpur,2023-06-22,0.6,24.9,37.7,36.4,97.1,0.0,14.7,June,2023
7763,Medak,Havelighanpur,2023-06-23,2.4,24.1,35.4,42.1,100.0,0.2,13.8,June,2023
7764,Medak,Havelighanpur,2023-06-24,8.5,24.0,33.3,54.9,100.0,0.0,9.4,June,2023
7765,Medak,Havelighanpur,2023-06-25,21.8,22.3,31.5,66.4,100.0,0.6,10.8,June,2023
7766,Medak,Havelighanpur,2023-06-26,12.5,22.9,31.9,65.3,100.0,0.0,10.1,June,2023
7767,Medak,Havelighanpur,2023-06-27,0.2,23.2,29.3,70.3,100.0,0.0,14.4,June,2023
7768,Medak,Havelighanpur,2023-06-28,5.0,23.1,30.2,66.3,100.0,0.0,11.8,June,2023
7769,Medak,Havelighanpur,2023-06-29,21.8,22.5,31.7,65.9,100.0,0.0,11.8,June,2023
7770,Medak,Havelighanpur,2023-06-30,1.1,23.3,32.5,66.8,100.0,0.3,8.3,June,2023
7771,Medak,Kowdipalle,2023-06-01,0.0,23.8,40.0,23.6,74.6,0.0,7.9,June,2023
7772,Medak,Kowdipalle,2023-06-02,0.0,27.0,41.0,20.5,62.4,1.1,9.2,June,2023
7773,Medak,Kowdipalle,2023-06-03,0.0,26.1,42.0,19.5,53.1,0.0,11.4,June,2023
7774,Medak,Kowdipalle,2023-06-04,0.0,28.0,40.4,22.7,59.8,0.0,12.4,June,2023
7775,Medak,Kowdipalle,2023-06-05,1.8,21.0,38.6,30.5,94.9,0.0,15.1,June,2023
7776,Medak,Kowdipalle,2023-06-06,0.0,26.3,37.4,29.3,61.5,0.0,14.6,June,2023
7777,Medak,Kowdipalle,2023-06-07,0.0,28.9,39.5,27.9,55.6,0.0,13.7,June,2023
7778,Medak,Kowdipalle,2023-06-08,0.0,26.9,39.4,27.9,67.0,2.8,16.4,June,2023
7779,Medak,Kowdipalle,2023-06-09,0.0,27.1,39.7,26.5,63.0,0.0,15.4,June,2023
7780,Medak,Kowdipalle,2023-06-10,0.0,26.9,38.2,30.1,70.4,5.4,19.2,June,2023
7781,Medak,Kowdipalle,2023-06-11,0.0,25.1,38.1,33.3,78.7,4.3,21.5,June,2023
7782,Medak,Kowdipalle,2023-06-12,40.8,22.7,37.4,36.8,96.3,2.2,15.3,June,2023
7783,Medak,Kowdipalle,2023-06-13,0.0,26.1,37.1,32.7,67.0,3.0,15.7,June,2023
7784,Medak,Kowdipalle,2023-06-14,0.0,26.3,38.2,26.5,71.9,4.5,18.6,June,2023
7785,Medak,Kowdipalle,2023-06-15,0.0,25.9,37.5,31.4,69.4,5.4,20.4,June,2023
7786,Medak,Kowdipalle,2023-06-16,0.0,26.3,37.6,27.8,61.9,0.3,17.4,June,2023
7787,Medak,Kowdipalle,2023-06-17,2.2,25.0,37.7,28.4,71.4,3.6,16.7,June,2023
7788,Medak,Kowdipalle,2023-06-18,0.0,27.4,37.1,35.4,65.5,4.3,15.3,June,2023
7789,Medak,Kowdipalle,2023-06-19,0.0,28.3,38.4,31.3,61.4,1.4,15.5,June,2023
7790,Medak,Kowdipalle,2023-06-20,0.0,25.6,39.8,34.5,68.0,0.0,13.1,June,2023
7791,Medak,Kowdipalle,2023-06-21,0.0,28.7,37.7,30.9,58.2,0.0,14.3,June,2023
7792,Medak,Kowdipalle,2023-06-22,6.9,24.3,38.5,31.3,92.2,0.0,14.4,June,2023
7793,Medak,Kowdipalle,2023-06-23,19.1,22.9,35.0,40.4,100.0,0.0,15.5,June,2023
7794,Medak,Kowdipalle,2023-06-24,12.0,23.8,32.2,53.3,97.3,0.0,12.9,June,2023
7795,Medak,Kowdipalle,2023-06-25,48.9,22.0,31.0,63.5,100.0,0.6,17.2,June,2023
7796,Medak,Kowdipalle,2023-06-26,3.8,23.2,31.6,61.0,97.9,2.2,14.2,June,2023
7797,Medak,Kowdipalle,2023-06-27,3.5,23.3,29.2,68.5,97.8,0.0,13.3,June,2023
7798,Medak,Kowdipalle,2023-06-28,6.5,23.0,30.5,61.0,100.0,1.2,16.7,June,2023
7799,Medak,Kowdipalle,2023-06-29,4.2,23.0,32.7,56.4,99.8,1.5,14.1,June,2023
7800,Medak,Kowdipalle,2023-06-30,0.0,23.4,32.5,51.7,87.5,3.6,16.6,June,2023
7801,Medak,Kulcharam,2023-06-01,0.0,23.9,42.4,24.0,76.2,0.0,7.9,June,2023
7802,Medak,Kulcharam,2023-06-02,0.0,27.7,43.1,18.2,61.4,1.1,9.2,June,2023
7803,Medak,Kulcharam,2023-06-03,0.0,27.5,43.8,16.8,48.5,0.0,11.4,June,2023
7804,Medak,Kulcharam,2023-06-04,0.0,28.5,42.0,19.7,57.1,0.0,12.4,June,2023
7805,Medak,Kulcharam,2023-06-05,0.0,21.7,40.1,28.0,90.9,0.0,15.1,June,2023
7806,Medak,Kulcharam,2023-06-06,0.0,25.6,39.1,26.6,64.2,0.0,14.6,June,2023
7807,Medak,Kulcharam,2023-06-07,0.0,29.2,40.8,26.4,54.5,0.0,13.7,June,2023
7808,Medak,Kulcharam,2023-06-08,0.0,27.2,40.8,25.7,66.0,2.8,16.4,June,2023
7809,Medak,Kulcharam,2023-06-09,0.0,27.4,41.5,25.5,62.2,0.0,15.4,June,2023
7810,Medak,Kulcharam,2023-06-10,0.0,27.3,39.8,24.1,68.4,5.4,19.2,June,2023
7811,Medak,Kulcharam,2023-06-11,0.0,25.2,38.7,32.2,79.3,4.3,21.5,June,2023
7812,Medak,Kulcharam,2023-06-12,5.2,24.3,38.3,34.9,89.3,2.2,15.3,June,2023
7813,Medak,Kulcharam,2023-06-13,0.0,26.5,38.2,29.2,64.4,3.0,15.7,June,2023
7814,Medak,Kulcharam,2023-06-14,0.0,26.8,39.0,22.5,67.7,4.5,18.6,June,2023
7815,Medak,Kulcharam,2023-06-15,0.0,26.7,38.4,27.2,63.9,5.4,20.4,June,2023
7816,Medak,Kulcharam,2023-06-16,0.0,26.4,38.4,25.7,59.4,0.3,17.4,June,2023
7817,Medak,Kulcharam,2023-06-17,0.0,27.1,38.5,26.7,65.1,3.6,16.7,June,2023
7818,Medak,Kulcharam,2023-06-18,0.0,27.9,38.2,32.3,61.6,4.3,15.3,June,2023
7819,Medak,Kulcharam,2023-06-19,0.0,28.8,40.2,28.3,58.8,1.4,15.5,June,2023
7820,Medak,Kulcharam,2023-06-20,0.0,28.1,40.1,30.3,58.5,0.0,13.1,June,2023
7821,Medak,Kulcharam,2023-06-21,0.0,28.9,40.4,29.0,62.9,0.0,14.3,June,2023
7822,Medak,Kulcharam,2023-06-22,8.6,24.2,39.5,31.8,95.0,0.0,14.4,June,2023
7823,Medak,Kulcharam,2023-06-23,19.8,23.3,35.6,39.6,95.2,0.0,15.5,June,2023
7824,Medak,Kulcharam,2023-06-24,13.1,24.0,32.6,55.1,96.3,0.0,12.9,June,2023
7825,Medak,Kulcharam,2023-06-25,44.9,22.5,31.2,69.6,100.0,0.6,17.2,June,2023
7826,Medak,Kulcharam,2023-06-26,5.6,23.1,31.4,61.5,100.0,2.2,14.2,June,2023
7827,Medak,Kulcharam,2023-06-27,15.7,23.2,29.1,69.5,100.0,0.0,13.3,June,2023
7828,Medak,Kulcharam,2023-06-28,9.8,22.9,30.1,62.5,99.9,1.2,16.7,June,2023
7829,Medak,Kulcharam,2023-06-29,11.2,23.0,31.9,59.6,98.8,1.5,14.1,June,2023
7830,Medak,Kulcharam,2023-06-30,0.0,23.4,32.2,57.7,86.7,3.6,16.6,June,2023
7831,Medak,Manoharabad,2023-06-01,0.0,23.3,38.3,35.2,79.8,0.0,10.4,June,2023
7832,Medak,Manoharabad,2023-06-02,0.0,26.0,38.7,28.2,71.1,0.0,7.3,June,2023
7833,Medak,Manoharabad,2023-06-03,0.0,26.8,39.9,23.5,52.7,0.0,13.5,June,2023
7834,Medak,Manoharabad,2023-06-04,0.0,27.0,39.7,27.5,63.6,0.0,8.5,June,2023
7835,Medak,Manoharabad,2023-06-05,0.0,21.6,36.4,37.5,87.4,0.0,12.0,June,2023
7836,Medak,Manoharabad,2023-06-06,0.0,24.3,36.2,34.9,71.5,0.0,10.6,June,2023
7837,Medak,Manoharabad,2023-06-07,0.0,26.7,38.6,35.2,62.4,0.0,14.9,June,2023
7838,Medak,Manoharabad,2023-06-08,0.0,24.9,40.3,26.6,72.5,0.8,10.3,June,2023
7839,Medak,Manoharabad,2023-06-09,0.0,25.3,38.6,33.8,74.5,0.0,10.2,June,2023
7840,Medak,Manoharabad,2023-06-10,0.0,25.6,39.6,29.3,72.5,0.0,11.6,June,2023
7841,Medak,Manoharabad,2023-06-11,0.0,24.6,38.8,37.6,79.9,1.1,11.8,June,2023
7842,Medak,Manoharabad,2023-06-12,0.0,25.4,37.1,40.6,78.0,0.0,12.4,June,2023
7843,Medak,Manoharabad,2023-06-13,0.0,25.3,37.6,37.0,70.7,0.9,12.1,June,2023
7844,Medak,Manoharabad,2023-06-14,0.0,25.3,39.1,20.2,71.1,0.4,11.3,June,2023
7845,Medak,Manoharabad,2023-06-15,0.0,25.2,38.4,25.7,68.8,0.0,7.8,June,2023
7846,Medak,Manoharabad,2023-06-16,0.0,25.6,38.0,33.1,66.7,0.9,9.0,June,2023
7847,Medak,Manoharabad,2023-06-17,0.0,25.8,37.8,33.1,71.4,1.1,11.1,June,2023
7848,Medak,Manoharabad,2023-06-18,0.0,26.6,38.2,30.4,64.9,0.0,13.0,June,2023
7849,Medak,Manoharabad,2023-06-19,0.0,26.9,37.3,37.6,67.3,0.0,10.4,June,2023
7850,Medak,Manoharabad,2023-06-20,0.0,26.9,37.0,38.8,63.6,0.0,10.1,June,2023
7851,Medak,Manoharabad,2023-06-21,0.0,26.5,38.6,29.8,79.4,0.2,11.0,June,2023
7852,Medak,Manoharabad,2023-06-22,5.5,22.9,38.5,36.9,100.0,2.3,13.4,June,2023
7853,Medak,Manoharabad,2023-06-23,2.9,22.9,34.9,47.4,100.0,0.6,10.6,June,2023
7854,Medak,Manoharabad,2023-06-24,8.2,22.7,32.9,57.8,100.0,0.0,9.3,June,2023
7855,Medak,Manoharabad,2023-06-25,2.7,22.0,29.6,77.5,100.0,0.9,9.4,June,2023
7856,Medak,Manoharabad,2023-06-26,0.0,23.0,30.0,70.8,94.8,2.5,10.0,June,2023
7857,Medak,Manoharabad,2023-06-27,2.8,22.6,28.8,72.5,100.0,0.8,6.8,June,2023
7858,Medak,Manoharabad,2023-06-28,5.4,22.5,30.8,68.9,100.0,0.8,9.6,June,2023
7859,Medak,Manoharabad,2023-06-29,3.6,22.6,30.9,66.5,100.0,0.2,8.4,June,2023
7860,Medak,Manoharabad,2023-06-30,0.0,23.0,32.5,61.4,100.0,2.1,9.5,June,2023
7861,Medak,Masaipet,2023-06-01,0.0,24.9,38.0,29.7,73.9,0.0,65.1,June,2023
7862,Medak,Masaipet,2023-06-02,0.0,26.8,38.7,26.2,62.4,0.1,13.4,June,2023
7863,Medak,Masaipet,2023-06-03,0.0,28.3,39.9,18.0,45.8,0.0,3.5,June,2023
7864,Medak,Masaipet,2023-06-04,0.0,28.9,39.8,21.9,51.7,0.0,5.5,June,2023
7865,Medak,Masaipet,2023-06-05,0.0,23.4,39.3,26.6,77.3,0.0,0.4,June,2023
7866,Medak,Masaipet,2023-06-06,0.0,25.3,36.1,28.8,64.9,0.0,3.2,June,2023
7867,Medak,Masaipet,2023-06-07,3.0,27.5,36.5,34.7,65.0,0.0,0.1,June,2023
7868,Medak,Masaipet,2023-06-08,0.0,26.6,38.4,29.1,65.1,0.0,0.2,June,2023
7869,Medak,Masaipet,2023-06-09,0.5,26.8,38.7,29.2,63.6,0.0,3.3,June,2023
7870,Medak,Masaipet,2023-06-10,0.0,27.1,39.8,24.4,65.3,0.0,9.3,June,2023
7871,Medak,Masaipet,2023-06-11,0.0,25.8,37.9,31.7,70.2,0.0,65.1,June,2023
7872,Medak,Masaipet,2023-06-12,24.7,22.5,36.6,37.2,89.3,0.0,33.7,June,2023
7873,Medak,Masaipet,2023-06-13,0.0,26.1,38.6,28.8,64.4,0.0,10.5,June,2023
7874,Medak,Masaipet,2023-06-14,0.0,26.5,40.4,24.1,66.9,0.0,9.8,June,2023
7875,Medak,Masaipet,2023-06-15,0.0,26.4,38.9,23.8,63.4,0.0,10.6,June,2023
7876,Medak,Masaipet,2023-06-16,0.0,26.7,38.4,27.4,57.3,0.0,13.2,June,2023
7877,Medak,Masaipet,2023-06-17,0.0,26.7,40.2,24.8,64.4,0.3,10.8,June,2023
7878,Medak,Masaipet,2023-06-18,0.0,27.5,37.8,32.3,60.7,0.0,7.7,June,2023
7879,Medak,Masaipet,2023-06-19,0.0,28.1,38.0,31.8,58.9,0.0,8.0,June,2023
7880,Medak,Masaipet,2023-06-20,0.0,26.9,37.7,30.9,64.5,0.0,10.7,June,2023
7881,Medak,Masaipet,2023-06-21,0.0,27.0,38.7,30.9,71.8,0.0,13.9,June,2023
7882,Medak,Masaipet,2023-06-22,0.0,25.3,38.5,29.5,83.1,0.6,13.5,June,2023
7883,Medak,Masaipet,2023-06-23,7.7,23.4,34.4,38.9,95.9,0.0,13.9,June,2023
7884,Medak,Masaipet,2023-06-24,22.5,22.5,33.0,52.1,100.0,0.0,7.9,June,2023
7885,Medak,Masaipet,2023-06-25,18.1,22.4,29.9,68.5,100.0,0.0,6.5,June,2023
7886,Medak,Masaipet,2023-06-26,16.1,22.9,31.7,61.9,100.0,0.0,9.6,June,2023
7887,Medak,Masaipet,2023-06-27,5.4,23.3,27.9,81.4,98.6,0.0,5.6,June,2023
7888,Medak,Masaipet,2023-06-28,9.1,23.0,30.4,62.9,100.0,0.0,9.7,June,2023
7889,Medak,Masaipet,2023-06-29,22.5,22.5,31.7,60.9,100.0,0.0,9.0,June,2023
7890,Medak,Masaipet,2023-06-30,0.0,23.3,32.8,56.2,88.1,0.0,7.1,June,2023
7891,Medak,Medak,2023-06-01,0.0,24.0,40.7,26.1,96.4,0.0,15.7,June,2023
7892,Medak,Medak,2023-06-02,0.0,25.9,42.0,14.1,81.3,0.0,14.3,June,2023
7893,Medak,Medak,2023-06-03,0.0,26.3,41.8,12.7,58.7,0.0,18.1,June,2023
7894,Medak,Medak,2023-06-04,0.4,27.9,42.6,14.8,61.2,0.0,13.4,June,2023
7895,Medak,Medak,2023-06-05,0.2,22.1,41.1,19.8,100.0,0.0,16.8,June,2023
7896,Medak,Medak,2023-06-06,0.0,24.4,38.7,30.1,91.1,0.0,16.0,June,2023
7897,Medak,Medak,2023-06-07,0.0,27.7,40.6,29.6,69.9,0.0,14.7,June,2023
7898,Medak,Medak,2023-06-08,0.0,25.4,40.8,28.4,80.0,0.0,14.4,June,2023
7899,Medak,Medak,2023-06-09,0.0,27.1,40.8,28.3,69.3,0.0,18.0,June,2023
7900,Medak,Medak,2023-06-10,0.0,27.0,41.1,27.4,76.1,0.9,17.0,June,2023
7901,Medak,Medak,2023-06-11,0.0,25.3,38.9,32.2,97.3,1.6,20.0,June,2023
7902,Medak,Medak,2023-06-12,0.0,26.5,38.0,40.3,84.5,0.9,16.9,June,2023
7903,Medak,Medak,2023-06-13,0.0,26.6,38.8,33.6,74.6,1.8,15.2,June,2023
7904,Medak,Medak,2023-06-14,0.0,26.9,39.7,21.0,73.7,2.3,21.7,June,2023
7905,Medak,Medak,2023-06-15,0.0,26.3,38.4,24.5,71.7,3.1,19.6,June,2023
7906,Medak,Medak,2023-06-16,0.0,26.9,38.9,23.1,62.3,0.0,15.4,June,2023
7907,Medak,Medak,2023-06-17,0.0,27.2,39.9,21.0,67.3,1.7,15.2,June,2023
7908,Medak,Medak,2023-06-18,0.0,28.0,39.3,28.1,61.2,1.0,20.8,June,2023
7909,Medak,Medak,2023-06-19,0.0,27.8,38.9,26.0,59.6,0.0,19.3,June,2023
7910,Medak,Medak,2023-06-20,0.0,27.1,38.4,27.4,60.1,0.0,17.1,June,2023
7911,Medak,Medak,2023-06-21,0.0,28.3,39.3,27.1,67.6,0.0,15.4,June,2023
7912,Medak,Medak,2023-06-22,1.3,24.3,38.7,29.5,100.0,0.0,15.7,June,2023
7913,Medak,Medak,2023-06-23,7.4,23.4,35.6,41.8,100.0,0.6,15.7,June,2023
7914,Medak,Medak,2023-06-24,30.3,23.3,33.5,52.2,100.0,0.0,15.9,June,2023
7915,Medak,Medak,2023-06-25,27.7,22.3,31.8,64.0,97.7,1.8,14.6,June,2023
7916,Medak,Medak,2023-06-26,13.8,23.0,31.9,66.5,100.0,0.0,12.9,June,2023
7917,Medak,Medak,2023-06-27,0.3,23.4,29.8,70.4,100.0,0.0,18.8,June,2023
7918,Medak,Medak,2023-06-28,12.3,23.1,30.4,69.6,97.9,0.0,14.5,June,2023
7919,Medak,Medak,2023-06-29,23.1,22.6,32.0,70.4,97.4,0.0,9.7,June,2023
7920,Medak,Medak,2023-06-30,0.0,23.4,32.7,64.6,100.0,2.5,12.1,June,2023
7921,Medak,Narsapur,2023-06-01,0.6,23.1,39.2,36.3,100.0,0.0,11.6,June,2023
7922,Medak,Narsapur,2023-06-02,0.0,25.6,40.0,19.4,76.5,0.0,10.6,June,2023
7923,Medak,Narsapur,2023-06-03,0.0,25.7,39.9,14.7,64.2,0.0,12.7,June,2023
7924,Medak,Narsapur,2023-06-04,0.5,24.9,40.3,15.4,64.9,0.0,12.7,June,2023
7925,Medak,Narsapur,2023-06-05,0.1,21.1,37.3,25.6,100.0,0.0,10.0,June,2023
7926,Medak,Narsapur,2023-06-06,0.0,23.7,37.1,34.6,90.7,0.0,7.7,June,2023
7927,Medak,Narsapur,2023-06-07,0.0,27.2,38.6,29.4,70.0,0.0,9.5,June,2023
7928,Medak,Narsapur,2023-06-08,0.0,25.4,40.2,29.3,85.0,0.0,24.1,June,2023
7929,Medak,Narsapur,2023-06-09,0.0,25.2,38.9,29.6,77.2,3.1,10.7,June,2023
7930,Medak,Narsapur,2023-06-10,0.0,25.3,38.5,35.7,82.7,0.0,10.8,June,2023
7931,Medak,Narsapur,2023-06-11,0.0,25.0,38.6,33.9,87.4,0.0,15.2,June,2023
7932,Medak,Narsapur,2023-06-12,1.7,25.0,36.9,37.0,100.0,0.0,15.3,June,2023
7933,Medak,Narsapur,2023-06-13,0.0,25.4,37.7,33.9,78.8,0.0,14.6,June,2023
7934,Medak,Narsapur,2023-06-14,0.0,26.2,38.3,24.8,77.2,0.0,14.8,June,2023
7935,Medak,Narsapur,2023-06-15,0.0,25.8,37.8,25.8,73.1,0.0,19.2,June,2023
7936,Medak,Narsapur,2023-06-16,0.0,26.2,38.3,27.2,68.8,0.0,16.5,June,2023
7937,Medak,Narsapur,2023-06-17,0.0,26.3,38.0,27.8,72.4,0.0,15.6,June,2023
7938,Medak,Narsapur,2023-06-18,0.0,27.0,37.4,33.2,70.4,0.0,12.8,June,2023
7939,Medak,Narsapur,2023-06-19,0.0,27.4,38.7,28.5,68.1,0.0,10.2,June,2023
7940,Medak,Narsapur,2023-06-20,0.0,25.6,37.3,34.5,76.9,0.0,7.7,June,2023
7941,Medak,Narsapur,2023-06-21,0.0,26.5,38.1,27.8,76.5,0.0,12.7,June,2023
7942,Medak,Narsapur,2023-06-22,1.0,23.6,37.8,32.5,95.6,0.0,12.9,June,2023
7943,Medak,Narsapur,2023-06-23,8.9,23.2,34.3,42.9,100.0,0.0,9.3,June,2023
7944,Medak,Narsapur,2023-06-24,13.1,23.1,32.8,55.4,100.0,0.0,10.8,June,2023
7945,Medak,Narsapur,2023-06-25,30.4,22.0,28.9,78.8,100.0,0.0,12.3,June,2023
7946,Medak,Narsapur,2023-06-26,0.0,22.9,31.4,66.6,95.6,0.0,11.4,June,2023
7947,Medak,Narsapur,2023-06-27,2.0,22.5,29.0,74.1,98.7,0.0,8.9,June,2023
7948,Medak,Narsapur,2023-06-28,11.5,22.5,30.8,63.6,100.0,0.0,12.6,June,2023
7949,Medak,Narsapur,2023-06-29,18.4,22.3,31.9,67.1,100.0,0.0,13.9,June,2023
7950,Medak,Narsapur,2023-06-30,0.0,22.7,32.3,61.1,100.0,2.0,15.4,June,2023
7951,Medak,Narsingi,2023-06-01,0.0,22.4,38.8,27.8,85.4,0.0,8.4,June,2023
7952,Medak,Narsingi,2023-06-02,0.0,24.5,41.6,18.8,76.9,0.0,9.6,June,2023
7953,Medak,Narsingi,2023-06-03,0.0,24.0,41.1,13.2,64.1,0.0,12.1,June,2023
7954,Medak,Narsingi,2023-06-04,0.0,27.0,39.3,18.4,61.3,0.0,10.6,June,2023
7955,Medak,Narsingi,2023-06-05,0.0,23.0,39.0,22.0,88.9,0.2,14.2,June,2023
7956,Medak,Narsingi,2023-06-06,0.0,23.1,37.8,27.8,80.1,0.0,14.9,June,2023
7957,Medak,Narsingi,2023-06-07,0.0,25.6,37.5,33.1,74.4,0.0,12.9,June,2023
7958,Medak,Narsingi,2023-06-08,0.0,26.5,39.4,24.0,68.9,1.5,13.5,June,2023
7959,Medak,Narsingi,2023-06-09,0.0,26.8,39.8,22.6,65.2,0.0,13.9,June,2023
7960,Medak,Narsingi,2023-06-10,0.0,26.9,40.1,22.0,71.1,3.2,17.1,June,2023
7961,Medak,Narsingi,2023-06-11,0.0,25.4,38.8,31.4,81.0,0.0,13.5,June,2023
7962,Medak,Narsingi,2023-06-12,0.0,26.7,36.7,39.7,74.8,1.8,13.7,June,2023
7963,Medak,Narsingi,2023-06-13,0.0,26.7,37.7,31.1,65.2,0.0,12.4,June,2023
7964,Medak,Narsingi,2023-06-14,0.0,26.9,38.0,24.4,70.2,0.0,15.2,June,2023
7965,Medak,Narsingi,2023-06-15,0.0,26.0,37.3,27.1,69.3,0.3,14.3,June,2023
7966,Medak,Narsingi,2023-06-16,0.0,26.9,37.2,26.4,59.3,0.0,14.6,June,2023
7967,Medak,Narsingi,2023-06-17,0.0,27.0,38.1,23.8,65.2,0.0,15.3,June,2023
7968,Medak,Narsingi,2023-06-18,0.0,27.9,37.2,31.1,62.3,0.0,16.0,June,2023
7969,Medak,Narsingi,2023-06-19,0.0,27.9,37.1,29.1,61.8,0.0,14.9,June,2023
7970,Medak,Narsingi,2023-06-20,0.0,26.3,38.1,31.1,64.7,0.0,13.7,June,2023
7971,Medak,Narsingi,2023-06-21,0.0,26.7,37.5,30.5,77.1,0.0,11.2,June,2023
7972,Medak,Narsingi,2023-06-22,0.0,25.4,37.5,33.8,84.1,2.2,13.0,June,2023
7973,Medak,Narsingi,2023-06-23,0.0,24.8,35.2,43.3,91.2,0.0,11.1,June,2023
7974,Medak,Narsingi,2023-06-24,8.9,23.6,32.5,55.3,100.0,0.0,10.2,June,2023
7975,Medak,Narsingi,2023-06-25,18.0,22.1,31.8,71.9,100.0,0.0,10.8,June,2023
7976,Medak,Narsingi,2023-06-26,6.7,23.3,30.9,78.4,100.0,0.0,12.2,June,2023
7977,Medak,Narsingi,2023-06-27,0.6,23.3,28.6,96.8,100.0,0.0,13.8,June,2023
7978,Medak,Narsingi,2023-06-28,12.2,23.1,28.8,76.4,100.0,0.0,14.6,June,2023
7979,Medak,Narsingi,2023-06-29,25.4,22.8,29.2,79.9,100.0,0.0,11.4,June,2023
7980,Medak,Narsingi,2023-06-30,0.8,23.3,30.5,73.2,100.0,0.0,14.4,June,2023
7981,Medak,Nizampet,2023-06-01,0.0,23.7,38.3,28.1,88.2,0.0,10.3,June,2023
7982,Medak,Nizampet,2023-06-02,0.0,28.1,38.8,24.2,64.7,0.0,11.0,June,2023
7983,Medak,Nizampet,2023-06-03,0.0,26.4,39.6,14.0,48.4,0.0,8.8,June,2023
7984,Medak,Nizampet,2023-06-04,0.0,28.0,39.8,19.0,56.3,0.0,11.0,June,2023
7985,Medak,Nizampet,2023-06-05,1.2,23.0,39.4,21.8,91.8,0.0,12.5,June,2023
7986,Medak,Nizampet,2023-06-06,0.0,25.9,36.4,27.4,69.2,0.0,10.7,June,2023
7987,Medak,Nizampet,2023-06-07,0.0,28.0,38.1,25.5,64.3,0.0,12.1,June,2023
7988,Medak,Nizampet,2023-06-08,0.0,27.3,38.6,23.5,69.7,0.2,9.6,June,2023
7989,Medak,Nizampet,2023-06-09,0.0,26.9,38.6,22.7,60.1,0.8,11.1,June,2023
7990,Medak,Nizampet,2023-06-10,0.0,27.6,37.8,27.9,72.3,2.1,14.2,June,2023
7991,Medak,Nizampet,2023-06-11,0.0,26.2,37.0,32.6,84.4,0.0,12.8,June,2023
7992,Medak,Nizampet,2023-06-12,0.0,27.2,36.4,38.0,78.1,1.1,10.7,June,2023
7993,Medak,Nizampet,2023-06-13,0.0,27.4,38.1,32.0,65.7,0.0,13.0,June,2023
7994,Medak,Nizampet,2023-06-14,0.0,27.5,38.6,22.2,71.0,0.0,13.0,June,2023
7995,Medak,Nizampet,2023-06-15,0.0,27.0,37.8,26.8,67.5,0.2,11.1,June,2023
7996,Medak,Nizampet,2023-06-16,0.0,27.7,37.5,24.2,57.2,0.0,11.8,June,2023
7997,Medak,Nizampet,2023-06-17,0.0,27.8,38.3,22.9,62.8,0.0,11.4,June,2023
7998,Medak,Nizampet,2023-06-18,0.0,28.8,37.3,30.0,59.1,0.0,9.4,June,2023
7999,Medak,Nizampet,2023-06-19,0.0,28.9,37.1,28.7,56.3,0.0,8.0,June,2023
8000,Medak,Nizampet,2023-06-20,0.0,28.2,37.0,30.7,55.3,0.0,8.5,June,2023
8001,Medak,Nizampet,2023-06-21,0.0,27.7,37.5,29.4,76.3,0.0,9.9,June,2023
8002,Medak,Nizampet,2023-06-22,0.0,25.7,36.4,32.0,90.9,1.5,11.9,June,2023
8003,Medak,Nizampet,2023-06-23,1.0,25.1,33.7,46.0,95.0,0.0,14.7,June,2023
8004,Medak,Nizampet,2023-06-24,3.3,23.9,32.9,57.2,100.0,0.0,6.2,June,2023
8005,Medak,Nizampet,2023-06-25,10.6,22.3,30.4,66.1,97.5,0.0,12.0,June,2023
8006,Medak,Nizampet,2023-06-26,14.6,23.7,30.4,71.7,97.2,0.0,11.9,June,2023
8007,Medak,Nizampet,2023-06-27,0.0,23.7,28.9,78.1,98.2,0.0,9.1,June,2023
8008,Medak,Nizampet,2023-06-28,6.6,23.3,30.0,83.7,100.0,0.0,10.7,June,2023
8009,Medak,Nizampet,2023-06-29,24.8,23.2,29.7,79.2,96.1,0.0,10.8,June,2023
8010,Medak,Nizampet,2023-06-30,0.4,23.9,32.6,66.6,100.0,0.0,11.9,June,2023
8011,Medak,Papannapet,2023-06-01,0.0,23.8,39.5,21.4,93.7,0.0,12.4,June,2023
8012,Medak,Papannapet,2023-06-02,0.0,25.9,40.2,14.6,81.4,0.0,12.1,June,2023
8013,Medak,Papannapet,2023-06-03,0.0,26.3,40.5,14.9,58.0,0.0,14.0,June,2023
8014,Medak,Papannapet,2023-06-04,0.0,26.1,40.8,16.3,71.3,0.0,15.4,June,2023
8015,Medak,Papannapet,2023-06-05,0.3,22.6,39.4,23.1,96.7,0.7,20.6,June,2023
8016,Medak,Papannapet,2023-06-06,0.0,24.6,36.8,25.5,90.6,0.0,16.6,June,2023
8017,Medak,Papannapet,2023-06-07,0.5,27.7,39.3,23.5,68.0,0.0,21.7,June,2023
8018,Medak,Papannapet,2023-06-08,0.0,27.3,39.5,25.9,71.7,0.1,16.0,June,2023
8019,Medak,Papannapet,2023-06-09,0.0,27.6,39.6,24.8,67.1,0.6,20.5,June,2023
8020,Medak,Papannapet,2023-06-10,0.0,27.2,39.9,23.0,74.2,4.2,20.5,June,2023
8021,Medak,Papannapet,2023-06-11,0.8,24.6,38.2,30.0,96.4,2.9,24.8,June,2023
8022,Medak,Papannapet,2023-06-12,0.0,26.1,38.9,33.5,83.6,2.8,18.2,June,2023
8023,Medak,Papannapet,2023-06-13,0.0,26.7,40.4,25.0,61.0,3.4,16.0,June,2023
8024,Medak,Papannapet,2023-06-14,0.0,27.4,40.6,20.2,57.2,4.0,16.6,June,2023
8025,Medak,Papannapet,2023-06-15,0.0,26.0,40.6,24.3,72.8,3.0,16.5,June,2023
8026,Medak,Papannapet,2023-06-16,0.0,26.7,39.7,23.6,56.9,0.6,19.9,June,2023
8027,Medak,Papannapet,2023-06-17,0.0,27.0,39.8,22.9,61.5,4.6,16.4,June,2023
8028,Medak,Papannapet,2023-06-18,0.0,28.1,39.9,25.0,56.4,3.5,20.7,June,2023
8029,Medak,Papannapet,2023-06-19,0.0,28.5,39.5,27.0,52.1,2.2,16.3,June,2023
8030,Medak,Papannapet,2023-06-20,0.0,27.0,38.8,29.0,59.0,0.0,16.7,June,2023
8031,Medak,Papannapet,2023-06-21,0.0,29.0,39.4,26.1,54.3,0.0,19.6,June,2023
8032,Medak,Papannapet,2023-06-22,8.1,25.0,39.1,29.2,87.5,0.0,17.0,June,2023
8033,Medak,Papannapet,2023-06-23,2.0,23.8,36.4,33.9,90.1,0.0,19.2,June,2023
8034,Medak,Papannapet,2023-06-24,21.5,24.1,32.9,45.0,95.8,1.1,16.0,June,2023
8035,Medak,Papannapet,2023-06-25,12.8,22.7,31.3,62.5,100.0,1.3,13.8,June,2023
8036,Medak,Papannapet,2023-06-26,18.0,23.4,32.7,56.5,100.0,0.0,14.2,June,2023
8037,Medak,Papannapet,2023-06-27,0.4,23.7,30.1,66.1,96.5,0.0,16.0,June,2023
8038,Medak,Papannapet,2023-06-28,13.7,23.3,31.0,59.4,100.0,0.0,16.1,June,2023
8039,Medak,Papannapet,2023-06-29,11.2,23.4,32.4,57.3,99.8,1.3,18.0,June,2023
8040,Medak,Papannapet,2023-06-30,0.1,23.8,32.9,57.3,87.7,2.4,13.6,June,2023
8041,Medak,Ramayampet,2023-06-01,0.0,22.1,38.5,27.8,86.8,0.0,12.1,June,2023
8042,Medak,Ramayampet,2023-06-02,0.0,24.2,41.3,18.8,76.9,0.0,12.0,June,2023
8043,Medak,Ramayampet,2023-06-03,0.0,23.7,40.8,13.2,64.1,0.0,15.1,June,2023
8044,Medak,Ramayampet,2023-06-04,0.0,26.7,39.2,18.4,61.3,0.0,12.0,June,2023
8045,Medak,Ramayampet,2023-06-05,0.0,22.7,38.9,21.9,89.7,0.2,15.5,June,2023
8046,Medak,Ramayampet,2023-06-06,0.0,22.8,37.5,27.8,80.1,0.0,15.5,June,2023
8047,Medak,Ramayampet,2023-06-07,0.0,25.3,37.2,29.3,74.4,0.0,13.8,June,2023
8048,Medak,Ramayampet,2023-06-08,0.0,26.7,39.2,24.1,69.3,1.5,14.0,June,2023
8049,Medak,Ramayampet,2023-06-09,0.0,26.4,38.7,23.1,68.5,0.0,16.0,June,2023
8050,Medak,Ramayampet,2023-06-10,0.0,26.7,39.8,22.0,75.9,3.2,17.1,June,2023
8051,Medak,Ramayampet,2023-06-11,0.6,24.9,37.4,33.2,95.7,0.0,16.8,June,2023
8052,Medak,Ramayampet,2023-06-12,0.0,26.0,36.3,38.8,81.6,1.8,15.3,June,2023
8053,Medak,Ramayampet,2023-06-13,0.0,26.2,37.5,31.6,70.3,0.0,13.8,June,2023
8054,Medak,Ramayampet,2023-06-14,0.0,26.5,38.0,23.3,74.6,0.0,18.5,June,2023
8055,Medak,Ramayampet,2023-06-15,0.0,25.6,37.6,27.3,73.9,0.3,17.0,June,2023
8056,Medak,Ramayampet,2023-06-16,0.0,26.5,37.4,26.0,62.2,0.0,15.0,June,2023
8057,Medak,Ramayampet,2023-06-17,0.0,26.6,37.7,23.7,68.0,0.0,15.3,June,2023
8058,Medak,Ramayampet,2023-06-18,0.0,27.5,36.9,30.6,62.2,0.0,18.4,June,2023
8059,Medak,Ramayampet,2023-06-19,0.0,27.7,37.9,28.9,61.2,0.0,17.1,June,2023
8060,Medak,Ramayampet,2023-06-20,0.0,26.3,37.5,30.3,60.4,0.0,15.4,June,2023
8061,Medak,Ramayampet,2023-06-21,0.0,26.7,37.3,30.6,77.8,0.0,13.3,June,2023
8062,Medak,Ramayampet,2023-06-22,0.0,25.2,37.8,31.7,86.7,2.2,14.4,June,2023
8063,Medak,Ramayampet,2023-06-23,0.0,24.4,34.9,35.9,100.0,0.3,13.4,June,2023
8064,Medak,Ramayampet,2023-06-24,2.3,24.0,34.0,41.6,100.0,1.0,11.3,June,2023
8065,Medak,Ramayampet,2023-06-25,37.8,21.8,31.7,56.1,100.0,0.6,12.7,June,2023
8066,Medak,Ramayampet,2023-06-26,8.8,22.6,31.1,68.3,100.0,0.0,12.0,June,2023
8067,Medak,Ramayampet,2023-06-27,0.6,22.8,28.8,71.5,100.0,2.4,14.7,June,2023
8068,Medak,Ramayampet,2023-06-28,4.4,22.8,29.4,67.4,100.0,0.0,15.2,June,2023
8069,Medak,Ramayampet,2023-06-29,27.6,22.3,29.8,70.3,100.0,0.0,10.8,June,2023
8070,Medak,Ramayampet,2023-06-30,0.0,22.8,31.3,63.0,100.0,0.0,12.9,June,2023
8071,Medak,Regode,2023-06-01,0.0,25.5,38.9,27.2,67.9,0.0,11.7,June,2023
8072,Medak,Regode,2023-06-02,0.0,28.3,39.3,20.5,57.5,0.0,11.6,June,2023
8073,Medak,Regode,2023-06-03,0.0,28.1,39.6,13.6,46.5,0.0,0.2,June,2023
8074,Medak,Regode,2023-06-04,17.0,23.3,39.3,23.8,74.6,0.0,5.5,June,2023
8075,Medak,Regode,2023-06-05,23.9,22.0,37.3,33.7,85.1,0.0,0.2,June,2023
8076,Medak,Regode,2023-06-06,0.0,25.5,37.9,26.3,70.5,0.0,0.1,June,2023
8077,Medak,Regode,2023-06-07,0.7,25.3,39.1,28.1,74.0,0.0,0.4,June,2023
8078,Medak,Regode,2023-06-08,2.2,25.3,40.4,24.0,75.4,0.0,24.6,June,2023
8079,Medak,Regode,2023-06-09,0.0,27.2,37.8,33.3,65.3,0.0,3.3,June,2023
8080,Medak,Regode,2023-06-10,8.5,25.3,37.3,36.9,74.7,0.0,9.7,June,2023
8081,Medak,Regode,2023-06-11,0.0,23.9,37.5,37.1,74.2,0.0,12.2,June,2023
8082,Medak,Regode,2023-06-12,0.0,26.6,37.3,46.4,69.5,0.0,1.5,June,2023
8083,Medak,Regode,2023-06-13,0.0,26.1,37.8,27.6,56.8,0.0,5.0,June,2023
8084,Medak,Regode,2023-06-14,0.7,25.9,38.8,19.9,70.9,0.0,1.7,June,2023
8085,Medak,Regode,2023-06-15,0.0,25.8,37.9,37.1,63.4,0.0,1.8,June,2023
8086,Medak,Regode,2023-06-16,0.0,26.3,37.7,19.7,65.5,2.1,13.3,June,2023
8087,Medak,Regode,2023-06-17,3.0,26.3,38.0,17.7,73.1,1.0,12.1,June,2023
8088,Medak,Regode,2023-06-18,0.0,26.8,37.6,34.0,59.0,0.0,2.5,June,2023
8089,Medak,Regode,2023-06-19,0.0,27.6,39.1,20.1,56.7,0.0,14.0,June,2023
8090,Medak,Regode,2023-06-20,0.0,28.3,39.2,20.9,56.3,0.0,14.5,June,2023
8091,Medak,Regode,2023-06-21,0.0,28.6,39.2,19.9,62.3,0.0,14.3,June,2023
8092,Medak,Regode,2023-06-22,0.0,26.7,35.8,30.9,66.7,0.0,4.6,June,2023
8093,Medak,Regode,2023-06-23,38.0,23.4,34.9,40.9,100.0,0.0,0.2,June,2023
8094,Medak,Regode,2023-06-24,4.2,24.2,32.8,50.8,96.6,0.0,8.3,June,2023
8095,Medak,Regode,2023-06-25,5.0,22.5,30.0,69.2,95.8,0.0,3.2,June,2023
8096,Medak,Regode,2023-06-26,12.3,23.8,31.6,65.4,92.7,0.0,2.3,June,2023
8097,Medak,Regode,2023-06-27,8.0,23.3,28.5,79.4,97.3,0.0,13.1,June,2023
8098,Medak,Regode,2023-06-28,34.4,22.6,30.0,76.9,98.9,0.0,4.5,June,2023
8099,Medak,Regode,2023-06-29,8.8,22.8,32.2,65.1,99.2,0.0,4.3,June,2023
8100,Medak,Regode,2023-06-30,0.0,23.3,31.8,68.5,89.9,0.0,2.7,June,2023
8101,Medak,Shankarampet_A,2023-06-01,0.0,24.1,39.6,31.3,80.6,0.0,1.0,June,2023
8102,Medak,Shankarampet_A,2023-06-02,0.0,28.0,42.1,13.7,62.6,0.0,1.0,June,2023
8103,Medak,Shankarampet_A,2023-06-03,0.0,27.4,41.6,13.8,50.5,0.0,0.9,June,2023
8104,Medak,Shankarampet_A,2023-06-04,18.1,24.6,39.7,16.9,70.1,0.0,11.9,June,2023
8105,Medak,Shankarampet_A,2023-06-05,0.7,21.7,39.9,43.2,99.9,0.0,1.6,June,2023
8106,Medak,Shankarampet_A,2023-06-06,0.0,25.5,37.2,30.8,78.9,0.0,0.3,June,2023
8107,Medak,Shankarampet_A,2023-06-07,2.9,27.2,39.8,30.3,83.7,0.0,4.0,June,2023
8108,Medak,Shankarampet_A,2023-06-08,0.0,26.2,39.8,42.3,78.2,0.0,24.2,June,2023
8109,Medak,Shankarampet_A,2023-06-09,0.0,27.3,38.5,32.1,72.5,0.0,10.1,June,2023
8110,Medak,Shankarampet_A,2023-06-10,0.0,27.0,39.5,25.5,77.7,0.0,15.3,June,2023
8111,Medak,Shankarampet_A,2023-06-11,0.0,24.8,38.0,26.8,79.6,0.0,14.4,June,2023
8112,Medak,Shankarampet_A,2023-06-12,0.0,26.0,36.4,33.1,78.0,0.0,3.6,June,2023
8113,Medak,Shankarampet_A,2023-06-13,0.0,26.8,39.2,24.4,73.0,0.0,6.8,June,2023
8114,Medak,Shankarampet_A,2023-06-14,0.0,27.0,39.7,23.4,76.4,0.0,9.1,June,2023
8115,Medak,Shankarampet_A,2023-06-15,0.0,26.7,39.4,23.4,73.0,0.0,8.4,June,2023
8116,Medak,Shankarampet_A,2023-06-16,0.0,26.6,38.0,20.8,65.6,0.0,3.2,June,2023
8117,Medak,Shankarampet_A,2023-06-17,0.0,26.8,39.2,18.6,77.4,0.0,9.0,June,2023
8118,Medak,Shankarampet_A,2023-06-18,0.0,27.3,39.0,26.6,65.2,0.0,4.5,June,2023
8119,Medak,Shankarampet_A,2023-06-19,0.0,28.0,39.9,22.4,63.2,0.0,4.9,June,2023
8120,Medak,Shankarampet_A,2023-06-20,0.0,26.1,40.0,24.1,62.6,0.0,2.6,June,2023
8121,Medak,Shankarampet_A,2023-06-21,0.0,28.8,39.7,22.8,62.6,0.0,0.6,June,2023
8122,Medak,Shankarampet_A,2023-06-22,1.3,27.2,39.8,31.8,78.4,0.0,3.8,June,2023
8123,Medak,Shankarampet_A,2023-06-23,17.1,23.3,35.1,31.9,99.9,0.0,4.0,June,2023
8124,Medak,Shankarampet_A,2023-06-24,16.9,24.2,34.9,51.9,99.9,0.0,0.6,June,2023
8125,Medak,Shankarampet_A,2023-06-25,4.4,23.3,31.1,71.7,99.9,0.0,12.0,June,2023
8126,Medak,Shankarampet_A,2023-06-26,2.4,23.9,33.7,85.7,99.9,0.0,7.0,June,2023
8127,Medak,Shankarampet_A,2023-06-27,2.3,23.6,30.2,95.7,99.9,0.0,6.8,June,2023
8128,Medak,Shankarampet_A,2023-06-28,12.3,23.1,32.7,83.1,100.0,0.0,4.8,June,2023
8129,Medak,Shankarampet_A,2023-06-29,5.3,23.3,32.7,71.4,99.9,0.0,8.5,June,2023
8130,Medak,Shankarampet_A,2023-06-30,0.0,23.9,32.7,79.6,99.9,0.0,11.6,June,2023
8131,Medak,Shankarampet_R,2023-06-01,0.0,23.2,38.6,33.0,84.5,0.0,9.5,June,2023
8132,Medak,Shankarampet_R,2023-06-02,0.0,25.4,40.7,24.4,75.6,0.0,11.6,June,2023
8133,Medak,Shankarampet_R,2023-06-03,0.0,25.9,40.7,17.0,54.7,0.0,17.0,June,2023
8134,Medak,Shankarampet_R,2023-06-04,0.0,28.7,39.7,20.2,58.6,0.0,14.2,June,2023
8135,Medak,Shankarampet_R,2023-06-05,0.0,23.0,38.3,23.6,90.8,0.1,19.8,June,2023
8136,Medak,Shankarampet_R,2023-06-06,0.0,24.3,37.2,30.9,77.6,0.0,17.5,June,2023
8137,Medak,Shankarampet_R,2023-06-07,0.0,27.5,37.5,37.3,70.4,0.0,21.6,June,2023
8138,Medak,Shankarampet_R,2023-06-08,0.0,26.9,39.2,28.5,73.4,0.0,19.8,June,2023
8139,Medak,Shankarampet_R,2023-06-09,0.0,27.6,39.2,25.6,68.7,0.0,20.0,June,2023
8140,Medak,Shankarampet_R,2023-06-10,0.0,27.2,39.6,27.6,74.0,0.1,22.2,June,2023
8141,Medak,Shankarampet_R,2023-06-11,0.0,25.8,38.3,33.0,80.8,0.6,23.9,June,2023
8142,Medak,Shankarampet_R,2023-06-12,0.0,26.2,36.4,41.5,82.3,0.1,16.6,June,2023
8143,Medak,Shankarampet_R,2023-06-13,0.0,26.6,38.3,33.6,67.3,0.0,15.6,June,2023
8144,Medak,Shankarampet_R,2023-06-14,0.0,26.8,38.4,25.8,71.5,0.4,22.7,June,2023
8145,Medak,Shankarampet_R,2023-06-15,0.0,26.5,38.1,28.5,68.0,0.2,18.5,June,2023
8146,Medak,Shankarampet_R,2023-06-16,0.0,27.0,37.2,28.4,59.4,0.0,20.5,June,2023
8147,Medak,Shankarampet_R,2023-06-17,0.0,27.1,38.3,26.0,66.1,0.0,17.0,June,2023
8148,Medak,Shankarampet_R,2023-06-18,0.0,28.0,37.3,32.9,62.5,0.0,22.0,June,2023
8149,Medak,Shankarampet_R,2023-06-19,0.0,28.3,37.4,31.1,61.3,0.0,19.3,June,2023
8150,Medak,Shankarampet_R,2023-06-20,0.0,28.0,37.2,34.4,59.6,0.0,21.6,June,2023
8151,Medak,Shankarampet_R,2023-06-21,0.0,27.5,37.7,33.5,74.7,0.0,18.9,June,2023
8152,Medak,Shankarampet_R,2023-06-22,0.0,25.2,37.1,35.3,86.6,0.8,20.2,June,2023
8153,Medak,Shankarampet_R,2023-06-23,5.8,23.6,33.7,48.0,94.9,0.0,23.4,June,2023
8154,Medak,Shankarampet_R,2023-06-24,21.4,23.0,32.3,62.0,98.3,0.0,13.2,June,2023
8155,Medak,Shankarampet_R,2023-06-25,7.1,22.3,29.9,80.3,98.7,0.0,18.6,June,2023
8156,Medak,Shankarampet_R,2023-06-26,17.0,23.2,30.4,87.6,98.7,0.0,15.1,June,2023
8157,Medak,Shankarampet_R,2023-06-27,4.3,23.3,27.6,91.4,98.3,0.0,17.7,June,2023
8158,Medak,Shankarampet_R,2023-06-28,7.0,23.2,29.3,87.2,98.7,0.0,18.2,June,2023
8159,Medak,Shankarampet_R,2023-06-29,21.2,22.8,29.8,88.8,98.9,0.0,13.4,June,2023
8160,Medak,Shankarampet_R,2023-06-30,0.4,23.3,30.8,84.4,96.0,0.0,16.4,June,2023
8161,Medak,Shivampet,2023-06-01,0.0,22.8,37.9,34.1,100.0,0.0,15.3,June,2023
8162,Medak,Shivampet,2023-06-02,0.0,24.8,38.8,19.4,71.3,0.0,14.9,June,2023
8163,Medak,Shivampet,2023-06-03,0.0,27.0,40.0,14.7,48.9,0.0,17.2,June,2023
8164,Medak,Shivampet,2023-06-04,0.0,26.7,40.4,15.4,64.9,0.0,0.0,June,2023
8165,Medak,Shivampet,2023-06-05,3.4,20.9,38.2,25.6,100.0,0.0,13.2,June,2023
8166,Medak,Shivampet,2023-06-06,0.0,23.4,37.1,34.5,90.7,0.0,14.1,June,2023
8167,Medak,Shivampet,2023-06-07,0.0,24.1,39.2,27.1,66.6,0.0,17.4,June,2023
8168,Medak,Shivampet,2023-06-08,0.0,24.5,39.5,29.3,74.3,0.0,12.8,June,2023
8169,Medak,Shivampet,2023-06-09,0.0,24.8,39.0,27.5,72.2,0.0,14.5,June,2023
8170,Medak,Shivampet,2023-06-10,0.0,25.2,38.9,31.1,73.4,0.0,0.1,June,2023
8171,Medak,Shivampet,2023-06-11,0.0,24.6,38.5,31.8,79.9,0.0,0.0,June,2023
8172,Medak,Shivampet,2023-06-12,0.9,24.0,36.8,38.5,99.2,0.0,13.6,June,2023
8173,Medak,Shivampet,2023-06-13,0.0,24.8,37.7,35.7,70.6,0.0,0.0,June,2023
8174,Medak,Shivampet,2023-06-14,0.0,24.9,38.6,24.2,71.1,0.0,0.0,June,2023
8175,Medak,Shivampet,2023-06-15,0.0,25.1,37.6,26.2,68.1,0.0,0.0,June,2023
8176,Medak,Shivampet,2023-06-16,0.0,25.2,38.0,25.9,64.0,0.0,0.0,June,2023
8177,Medak,Shivampet,2023-06-17,0.0,25.7,38.3,25.6,66.4,0.0,0.0,June,2023
8178,Medak,Shivampet,2023-06-18,0.0,26.5,37.8,32.0,59.5,0.0,0.0,June,2023
8179,Medak,Shivampet,2023-06-19,0.0,26.0,38.3,27.9,71.7,0.0,0.0,June,2023
8180,Medak,Shivampet,2023-06-20,0.0,26.0,36.8,32.7,68.3,0.0,0.0,June,2023
8181,Medak,Shivampet,2023-06-21,0.0,26.4,38.0,27.5,72.9,0.0,0.0,June,2023
8182,Medak,Shivampet,2023-06-22,0.7,23.0,37.5,31.4,97.1,0.0,0.9,June,2023
8183,Medak,Shivampet,2023-06-23,19.9,22.5,33.3,48.1,100.0,0.0,0.1,June,2023
8184,Medak,Shivampet,2023-06-24,11.4,22.7,32.8,60.1,100.0,0.0,0.0,June,2023
8185,Medak,Shivampet,2023-06-25,7.0,22.0,29.4,74.3,100.0,0.0,0.0,June,2023
8186,Medak,Shivampet,2023-06-26,3.3,22.7,30.6,80.5,100.0,0.0,0.0,June,2023
8187,Medak,Shivampet,2023-06-27,7.6,23.0,30.4,82.8,100.0,0.0,0.0,June,2023
8188,Medak,Shivampet,2023-06-28,21.1,22.1,30.8,74.3,100.0,0.0,0.0,June,2023
8189,Medak,Shivampet,2023-06-29,11.9,22.1,31.2,82.6,100.0,0.0,0.0,June,2023
8190,Medak,Shivampet,2023-06-30,0.2,22.7,32.5,70.5,97.6,0.0,0.0,June,2023
8191,Medak,Tekmal,2023-06-01,0.0,23.9,39.1,20.1,85.0,0.0,13.1,June,2023
8192,Medak,Tekmal,2023-06-02,0.0,27.7,40.3,14.1,52.5,0.0,7.1,June,2023
8193,Medak,Tekmal,2023-06-03,0.0,25.2,40.3,14.8,51.5,0.0,12.4,June,2023
8194,Medak,Tekmal,2023-06-04,0.0,25.7,39.5,18.7,75.0,0.0,10.8,June,2023
8195,Medak,Tekmal,2023-06-05,0.0,21.3,38.6,23.5,96.5,0.0,9.7,June,2023
8196,Medak,Tekmal,2023-06-06,0.0,25.8,37.1,25.2,66.5,0.0,11.3,June,2023
8197,Medak,Tekmal,2023-06-07,0.0,28.2,38.9,23.5,53.9,0.0,9.1,June,2023
8198,Medak,Tekmal,2023-06-08,0.0,27.1,39.5,22.8,64.4,0.2,17.0,June,2023
8199,Medak,Tekmal,2023-06-09,0.0,27.6,39.4,22.1,56.3,0.0,12.2,June,2023
8200,Medak,Tekmal,2023-06-10,0.0,27.1,38.7,24.6,65.1,0.0,13.6,June,2023
8201,Medak,Tekmal,2023-06-11,0.0,24.7,38.3,26.8,87.6,0.9,12.9,June,2023
8202,Medak,Tekmal,2023-06-12,0.0,26.3,36.5,33.9,67.0,0.0,9.2,June,2023
8203,Medak,Tekmal,2023-06-13,0.0,26.8,37.7,25.2,55.4,0.0,9.7,June,2023
8204,Medak,Tekmal,2023-06-14,0.0,27.0,38.4,17.5,60.2,0.3,9.1,June,2023
8205,Medak,Tekmal,2023-06-15,0.0,26.8,38.2,21.3,56.8,2.9,9.3,June,2023
8206,Medak,Tekmal,2023-06-16,0.0,27.2,38.3,19.5,50.9,1.2,8.5,June,2023
8207,Medak,Tekmal,2023-06-17,0.0,27.2,38.5,19.5,57.3,0.3,10.1,June,2023
8208,Medak,Tekmal,2023-06-18,0.0,28.1,37.6,24.8,51.9,1.6,8.9,June,2023
8209,Medak,Tekmal,2023-06-19,0.0,28.5,37.9,23.9,52.4,0.4,11.7,June,2023
8210,Medak,Tekmal,2023-06-20,0.0,26.4,37.2,25.9,55.9,0.0,9.0,June,2023
8211,Medak,Tekmal,2023-06-21,0.0,29.1,37.6,21.9,49.0,0.0,11.3,June,2023
8212,Medak,Tekmal,2023-06-22,2.3,26.8,36.4,31.9,67.0,0.0,13.9,June,2023
8213,Medak,Tekmal,2023-06-23,10.7,23.4,35.4,31.9,100.0,0.0,6.9,June,2023
8214,Medak,Tekmal,2023-06-24,9.3,24.3,32.8,50.3,100.0,0.0,4.6,June,2023
8215,Medak,Tekmal,2023-06-25,5.1,23.3,31.4,69.9,100.0,0.0,9.0,June,2023
8216,Medak,Tekmal,2023-06-26,1.2,23.8,31.8,64.6,97.3,0.0,9.6,June,2023
8217,Medak,Tekmal,2023-06-27,6.3,23.7,29.0,76.2,100.0,0.0,5.9,June,2023
8218,Medak,Tekmal,2023-06-28,12.0,23.2,30.9,65.1,100.0,0.0,7.5,June,2023
8219,Medak,Tekmal,2023-06-29,5.2,23.3,32.4,66.1,100.0,0.0,6.9,June,2023
8220,Medak,Tekmal,2023-06-30,4.6,24.1,32.1,61.2,100.0,0.0,9.0,June,2023
8221,Medak,Tupran,2023-06-01,1.0,23.8,37.5,35.9,81.0,0.0,14.2,June,2023
8222,Medak,Tupran,2023-06-02,0.0,26.9,39.1,33.7,67.9,0.0,18.8,June,2023
8223,Medak,Tupran,2023-06-03,0.0,28.5,40.6,24.4,50.3,0.0,15.5,June,2023
8224,Medak,Tupran,2023-06-04,0.0,29.3,39.4,25.8,54.0,0.0,14.4,June,2023
8225,Medak,Tupran,2023-06-05,0.0,22.9,38.6,32.9,80.5,0.0,19.9,June,2023
8226,Medak,Tupran,2023-06-06,0.0,24.8,37.0,33.7,69.4,0.0,15.8,June,2023
8227,Medak,Tupran,2023-06-07,3.5,26.2,37.4,40.9,70.9,0.0,19.9,June,2023
8228,Medak,Tupran,2023-06-08,0.0,26.3,38.6,36.0,70.6,2.8,22.1,June,2023
8229,Medak,Tupran,2023-06-09,7.0,26.5,39.1,35.7,67.9,0.0,23.0,June,2023
8230,Medak,Tupran,2023-06-10,0.0,26.9,38.6,34.5,66.9,3.1,26.0,June,2023
8231,Medak,Tupran,2023-06-11,0.0,25.9,37.9,36.2,71.8,0.0,22.9,June,2023
8232,Medak,Tupran,2023-06-12,16.7,23.7,35.9,44.7,88.8,0.1,17.5,June,2023
8233,Medak,Tupran,2023-06-13,0.0,26.6,37.1,37.9,62.4,0.2,21.6,June,2023
8234,Medak,Tupran,2023-06-14,0.0,27.0,37.5,32.4,65.3,0.9,25.8,June,2023
8235,Medak,Tupran,2023-06-15,0.0,26.9,36.9,36.1,62.7,4.1,21.6,June,2023
8236,Medak,Tupran,2023-06-16,0.0,27.0,37.4,32.9,58.9,0.0,23.4,June,2023
8237,Medak,Tupran,2023-06-17,0.0,27.4,37.6,29.8,62.4,0.0,22.5,June,2023
8238,Medak,Tupran,2023-06-18,0.0,28.2,36.8,38.4,60.7,1.6,23.5,June,2023
8239,Medak,Tupran,2023-06-19,0.0,28.5,37.2,34.2,58.7,0.0,25.1,June,2023
8240,Medak,Tupran,2023-06-20,0.0,27.5,36.7,37.5,64.3,0.0,16.8,June,2023
8241,Medak,Tupran,2023-06-21,0.0,27.1,37.4,38.6,71.4,1.4,20.4,June,2023
8242,Medak,Tupran,2023-06-22,0.0,25.0,36.7,41.2,84.2,3.2,17.2,June,2023
8243,Medak,Tupran,2023-06-23,9.0,23.6,33.7,47.5,89.5,0.0,20.5,June,2023
8244,Medak,Tupran,2023-06-24,22.5,22.5,32.1,55.2,91.7,0.3,14.8,June,2023
8245,Medak,Tupran,2023-06-25,15.7,23.0,28.7,70.5,95.3,0.0,19.2,June,2023
8246,Medak,Tupran,2023-06-26,5.2,23.2,29.7,66.6,100.0,1.5,17.4,June,2023
8247,Medak,Tupran,2023-06-27,14.1,23.3,27.2,75.4,95.2,3.4,16.2,June,2023
8248,Medak,Tupran,2023-06-28,10.4,23.2,30.1,56.3,94.6,1.7,18.7,June,2023
8249,Medak,Tupran,2023-06-29,18.7,22.9,30.6,66.2,96.1,0.0,14.5,June,2023
8250,Medak,Tupran,2023-06-30,0.0,23.4,31.4,63.6,90.4,2.4,15.6,June,2023
8251,Medak,Yeldurthy,2023-06-01,0.0,24.3,40.0,30.4,97.7,0.0,15.3,June,2023
8252,Medak,Yeldurthy,2023-06-02,0.0,26.3,41.1,24.8,79.9,0.0,14.9,June,2023
8253,Medak,Yeldurthy,2023-06-03,0.0,28.1,41.4,13.3,44.2,0.0,22.7,June,2023
8254,Medak,Yeldurthy,2023-06-04,0.2,29.4,40.9,17.3,52.2,0.0,18.7,June,2023
8255,Medak,Yeldurthy,2023-06-05,1.2,23.3,39.1,22.5,100.0,0.0,28.3,June,2023
8256,Medak,Yeldurthy,2023-06-06,0.0,24.4,37.7,33.5,88.7,0.0,21.0,June,2023
8257,Medak,Yeldurthy,2023-06-07,0.0,27.0,40.4,24.8,72.0,0.0,31.0,June,2023
8258,Medak,Yeldurthy,2023-06-08,0.0,27.0,40.3,24.8,79.4,0.0,29.0,June,2023
8259,Medak,Yeldurthy,2023-06-09,0.0,27.3,40.3,24.2,71.1,0.0,25.7,June,2023
8260,Medak,Yeldurthy,2023-06-10,0.0,27.3,40.1,25.5,77.7,0.0,30.5,June,2023
8261,Medak,Yeldurthy,2023-06-11,0.3,25.5,39.4,27.3,87.7,0.0,32.7,June,2023
8262,Medak,Yeldurthy,2023-06-12,10.9,22.0,37.2,35.2,100.0,0.0,19.9,June,2023
8263,Medak,Yeldurthy,2023-06-13,0.0,26.1,38.0,29.6,78.3,0.0,16.9,June,2023
8264,Medak,Yeldurthy,2023-06-14,0.0,26.5,38.9,23.4,78.8,0.0,30.2,June,2023
8265,Medak,Yeldurthy,2023-06-15,0.0,26.4,38.8,25.2,72.7,0.0,22.1,June,2023
8266,Medak,Yeldurthy,2023-06-16,0.0,26.4,38.8,24.0,63.2,0.0,26.3,June,2023
8267,Medak,Yeldurthy,2023-06-17,0.0,26.6,39.5,23.4,71.4,0.0,18.8,June,2023
8268,Medak,Yeldurthy,2023-06-18,0.0,27.8,38.3,30.2,66.7,0.0,27.6,June,2023
8269,Medak,Yeldurthy,2023-06-19,0.0,28.6,39.4,27.3,64.1,0.0,25.8,June,2023
8270,Medak,Yeldurthy,2023-06-20,0.0,27.0,37.7,30.9,61.5,0.0,29.1,June,2023
8271,Medak,Yeldurthy,2023-06-21,0.0,28.1,38.7,27.1,77.3,0.0,25.7,June,2023
8272,Medak,Yeldurthy,2023-06-22,10.6,23.4,38.6,29.9,100.0,0.0,28.5,June,2023
8273,Medak,Yeldurthy,2023-06-23,17.1,23.0,34.5,39.1,100.0,0.0,29.9,June,2023
8274,Medak,Yeldurthy,2023-06-24,19.1,23.2,32.9,49.2,100.0,0.0,20.7,June,2023
8275,Medak,Yeldurthy,2023-06-25,17.6,22.3,30.7,57.5,100.0,0.0,29.9,June,2023
8276,Medak,Yeldurthy,2023-06-26,7.1,23.0,31.4,63.8,100.0,0.0,22.6,June,2023
8277,Medak,Yeldurthy,2023-06-27,19.5,22.9,27.9,79.1,99.3,0.0,30.5,June,2023
8278,Medak,Yeldurthy,2023-06-28,8.6,23.3,30.6,63.3,100.0,0.0,27.1,June,2023
8279,Medak,Yeldurthy,2023-06-29,19.4,23.1,31.9,61.9,100.0,0.0,21.0,June,2023
8280,Medak,Yeldurthy,2023-06-30,0.0,23.6,32.8,52.7,93.6,0.0,26.0,June,2023
8281,Medchal-Malkajgiri,Alwal,2023-06-01,0.0,24.3,38.3,29.8,71.7,0.0,4.1,June,2023
8282,Medchal-Malkajgiri,Alwal,2023-06-02,0.0,27.6,39.1,26.0,62.0,0.0,4.5,June,2023
8283,Medchal-Malkajgiri,Alwal,2023-06-03,0.0,28.4,39.8,20.6,46.9,0.1,3.9,June,2023
8284,Medchal-Malkajgiri,Alwal,2023-06-04,0.0,26.4,39.7,25.5,66.8,0.1,4.0,June,2023
8285,Medchal-Malkajgiri,Alwal,2023-06-05,4.6,23.0,37.3,36.7,83.1,0.6,6.4,June,2023
8286,Medchal-Malkajgiri,Alwal,2023-06-06,0.0,24.7,36.2,32.7,76.7,0.0,3.9,June,2023
8287,Medchal-Malkajgiri,Alwal,2023-06-07,0.3,28.2,38.5,33.0,73.7,0.1,4.4,June,2023
8288,Medchal-Malkajgiri,Alwal,2023-06-08,1.6,24.8,39.0,30.4,88.9,0.3,6.2,June,2023
8289,Medchal-Malkajgiri,Alwal,2023-06-09,0.0,27.2,37.5,34.9,68.8,0.0,4.9,June,2023
8290,Medchal-Malkajgiri,Alwal,2023-06-10,0.0,27.1,38.6,35.8,70.8,0.3,6.8,June,2023
8291,Medchal-Malkajgiri,Alwal,2023-06-11,0.0,26.6,37.4,38.6,78.6,0.4,7.1,June,2023
8292,Medchal-Malkajgiri,Alwal,2023-06-12,0.0,27.3,37.0,39.4,73.5,0.3,7.1,June,2023
8293,Medchal-Malkajgiri,Alwal,2023-06-13,0.0,26.7,39.6,40.1,72.7,0.0,5.1,June,2023
8294,Medchal-Malkajgiri,Alwal,2023-06-14,0.0,26.9,39.6,45.2,73.5,0.0,17.8,June,2023
8295,Medchal-Malkajgiri,Alwal,2023-06-15,0.0,26.8,37.8,26.9,65.1,0.0,12.6,June,2023
8296,Medchal-Malkajgiri,Alwal,2023-06-16,0.0,27.1,39.0,24.5,58.8,0.0,10.0,June,2023
8297,Medchal-Malkajgiri,Alwal,2023-06-17,0.0,27.3,39.2,24.5,64.0,0.8,11.6,June,2023
8298,Medchal-Malkajgiri,Alwal,2023-06-18,0.0,28.2,39.5,27.8,61.4,0.0,10.8,June,2023
8299,Medchal-Malkajgiri,Alwal,2023-06-19,2.1,24.7,39.2,24.5,77.5,0.0,9.9,June,2023
8300,Medchal-Malkajgiri,Alwal,2023-06-20,0.0,28.1,38.7,30.7,57.0,0.0,8.4,June,2023
8301,Medchal-Malkajgiri,Alwal,2023-06-21,0.0,27.5,39.6,27.8,65.8,0.0,8.3,June,2023
8302,Medchal-Malkajgiri,Alwal,2023-06-22,17.1,23.2,38.8,30.3,94.8,0.2,10.2,June,2023
8303,Medchal-Malkajgiri,Alwal,2023-06-23,0.0,24.9,34.9,41.3,83.1,0.0,10.9,June,2023
8304,Medchal-Malkajgiri,Alwal,2023-06-24,13.9,23.6,33.1,47.3,99.1,0.0,8.4,June,2023
8305,Medchal-Malkajgiri,Alwal,2023-06-25,33.3,21.9,31.7,59.3,99.6,0.1,10.1,June,2023
8306,Medchal-Malkajgiri,Alwal,2023-06-26,8.2,24.0,31.8,56.0,98.6,0.0,10.8,June,2023
8307,Medchal-Malkajgiri,Alwal,2023-06-27,0.8,23.5,31.8,55.5,95.3,0.0,9.6,June,2023
8308,Medchal-Malkajgiri,Alwal,2023-06-28,2.1,23.2,31.5,57.9,99.1,0.0,8.5,June,2023
8309,Medchal-Malkajgiri,Alwal,2023-06-29,0.0,23.7,32.9,48.5,90.3,0.0,11.5,June,2023
8310,Medchal-Malkajgiri,Alwal,2023-06-30,0.5,23.4,32.5,50.1,96.7,1.6,11.4,June,2023
8311,Medchal-Malkajgiri,Bachpalle,2023-06-01,0.0,28.3,37.1,32.9,58.1,0.0,8.4,June,2023
8312,Medchal-Malkajgiri,Bachpalle,2023-06-02,0.0,27.7,38.4,29.0,65.1,1.4,15.5,June,2023
8313,Medchal-Malkajgiri,Bachpalle,2023-06-03,0.0,29.4,38.8,22.1,54.5,0.0,12.3,June,2023
8314,Medchal-Malkajgiri,Bachpalle,2023-06-04,0.3,28.0,39.1,26.5,66.7,0.0,8.7,June,2023
8315,Medchal-Malkajgiri,Bachpalle,2023-06-05,1.0,24.6,34.8,44.3,72.8,0.0,9.8,June,2023
8316,Medchal-Malkajgiri,Bachpalle,2023-06-06,0.0,28.3,36.4,31.9,60.6,0.0,14.3,June,2023
8317,Medchal-Malkajgiri,Bachpalle,2023-06-07,0.0,28.3,38.0,35.1,61.0,0.0,12.6,June,2023
8318,Medchal-Malkajgiri,Bachpalle,2023-06-08,0.0,26.1,37.7,34.8,75.6,0.0,15.1,June,2023
8319,Medchal-Malkajgiri,Bachpalle,2023-06-09,0.0,26.3,36.8,36.1,70.3,2.0,14.7,June,2023
8320,Medchal-Malkajgiri,Bachpalle,2023-06-10,0.0,26.0,37.5,33.1,74.4,2.6,20.5,June,2023
8321,Medchal-Malkajgiri,Bachpalle,2023-06-11,0.0,25.8,37.0,37.9,75.7,1.3,8.9,June,2023
8322,Medchal-Malkajgiri,Bachpalle,2023-06-12,0.0,26.3,36.5,36.8,74.2,0.0,13.7,June,2023
8323,Medchal-Malkajgiri,Bachpalle,2023-06-13,0.0,26.4,37.3,32.2,66.5,2.1,11.5,June,2023
8324,Medchal-Malkajgiri,Bachpalle,2023-06-14,0.0,26.6,38.2,27.7,66.0,2.9,12.1,June,2023
8325,Medchal-Malkajgiri,Bachpalle,2023-06-15,0.0,26.6,38.1,30.4,64.1,3.0,16.5,June,2023
8326,Medchal-Malkajgiri,Bachpalle,2023-06-16,0.0,27.1,37.7,28.5,59.2,1.4,12.6,June,2023
8327,Medchal-Malkajgiri,Bachpalle,2023-06-17,0.0,27.2,38.1,29.9,62.9,2.3,14.6,June,2023
8328,Medchal-Malkajgiri,Bachpalle,2023-06-18,0.0,27.9,38.0,31.5,62.1,4.7,13.6,June,2023
8329,Medchal-Malkajgiri,Bachpalle,2023-06-19,0.0,27.8,37.4,32.0,62.8,1.3,14.1,June,2023
8330,Medchal-Malkajgiri,Bachpalle,2023-06-20,0.0,28.3,36.5,36.3,59.2,2.3,12.7,June,2023
8331,Medchal-Malkajgiri,Bachpalle,2023-06-21,0.0,27.7,37.6,33.0,66.9,1.1,14.0,June,2023
8332,Medchal-Malkajgiri,Bachpalle,2023-06-22,9.7,23.9,36.3,35.7,93.9,0.0,8.9,June,2023
8333,Medchal-Malkajgiri,Bachpalle,2023-06-23,0.8,26.1,32.9,46.8,78.0,0.0,14.3,June,2023
8334,Medchal-Malkajgiri,Bachpalle,2023-06-24,25.9,24.8,32.8,50.5,87.4,0.0,7.7,June,2023
8335,Medchal-Malkajgiri,Bachpalle,2023-06-25,15.0,23.8,31.9,60.1,88.5,0.0,14.8,June,2023
8336,Medchal-Malkajgiri,Bachpalle,2023-06-26,1.4,24.5,31.8,56.4,90.9,0.3,13.6,June,2023
8337,Medchal-Malkajgiri,Bachpalle,2023-06-27,0.0,23.9,31.3,59.4,86.7,0.0,12.7,June,2023
8338,Medchal-Malkajgiri,Bachpalle,2023-06-28,18.9,24.5,31.7,56.2,84.4,0.0,15.4,June,2023
8339,Medchal-Malkajgiri,Bachpalle,2023-06-29,0.0,23.8,32.3,51.6,83.8,0.0,14.1,June,2023
8340,Medchal-Malkajgiri,Bachpalle,2023-06-30,0.8,23.8,32.9,50.1,82.7,1.6,11.8,June,2023
8341,Medchal-Malkajgiri,Balanagar,2023-06-01,0.3,24.9,37.7,32.3,74.9,0.0,4.8,June,2023
8342,Medchal-Malkajgiri,Balanagar,2023-06-02,0.0,27.3,39.7,25.6,62.8,0.2,8.7,June,2023
8343,Medchal-Malkajgiri,Balanagar,2023-06-03,0.0,28.5,40.1,19.6,47.2,0.0,4.9,June,2023
8344,Medchal-Malkajgiri,Balanagar,2023-06-04,0.0,28.4,40.3,22.4,57.5,0.5,8.4,June,2023
8345,Medchal-Malkajgiri,Balanagar,2023-06-05,0.1,24.4,37.7,34.5,76.9,0.1,7.0,June,2023
8346,Medchal-Malkajgiri,Balanagar,2023-06-06,0.0,26.7,36.4,31.1,65.9,0.0,7.7,June,2023
8347,Medchal-Malkajgiri,Balanagar,2023-06-07,0.0,28.2,38.3,32.5,60.6,0.1,9.2,June,2023
8348,Medchal-Malkajgiri,Balanagar,2023-06-08,0.0,27.2,38.7,31.2,68.4,0.4,7.1,June,2023
8349,Medchal-Malkajgiri,Balanagar,2023-06-09,0.0,27.1,39.0,31.1,68.4,0.0,7.4,June,2023
8350,Medchal-Malkajgiri,Balanagar,2023-06-10,0.0,26.7,37.7,31.4,70.1,1.4,13.8,June,2023
8351,Medchal-Malkajgiri,Balanagar,2023-06-11,0.0,26.0,38.3,36.4,71.7,1.5,13.9,June,2023
8352,Medchal-Malkajgiri,Balanagar,2023-06-12,0.7,25.7,37.5,37.8,86.6,0.2,8.4,June,2023
8353,Medchal-Malkajgiri,Balanagar,2023-06-13,0.0,26.7,37.3,32.6,66.7,0.1,9.4,June,2023
8354,Medchal-Malkajgiri,Balanagar,2023-06-14,0.0,27.0,38.0,29.4,78.6,0.5,9.4,June,2023
8355,Medchal-Malkajgiri,Balanagar,2023-06-15,0.0,26.8,37.6,31.7,65.5,1.6,8.9,June,2023
8356,Medchal-Malkajgiri,Balanagar,2023-06-16,0.0,27.3,37.4,30.8,60.6,1.3,8.2,June,2023
8357,Medchal-Malkajgiri,Balanagar,2023-06-17,0.0,27.2,38.0,31.2,66.7,0.7,9.4,June,2023
8358,Medchal-Malkajgiri,Balanagar,2023-06-18,0.0,28.0,38.9,39.5,65.8,0.4,14.9,June,2023
8359,Medchal-Malkajgiri,Balanagar,2023-06-19,0.0,28.6,39.4,37.5,62.0,0.0,15.0,June,2023
8360,Medchal-Malkajgiri,Balanagar,2023-06-20,0.0,29.0,37.7,41.5,60.2,0.0,15.0,June,2023
8361,Medchal-Malkajgiri,Balanagar,2023-06-21,0.0,27.9,39.3,40.6,70.5,1.5,14.6,June,2023
8362,Medchal-Malkajgiri,Balanagar,2023-06-22,16.2,23.4,37.9,41.3,97.4,0.3,14.1,June,2023
8363,Medchal-Malkajgiri,Balanagar,2023-06-23,0.0,26.2,36.2,48.0,80.1,0.5,15.5,June,2023
8364,Medchal-Malkajgiri,Balanagar,2023-06-24,17.8,24.1,32.7,52.8,96.1,0.3,12.3,June,2023
8365,Medchal-Malkajgiri,Balanagar,2023-06-25,21.4,22.2,32.5,56.9,95.6,0.0,15.2,June,2023
8366,Medchal-Malkajgiri,Balanagar,2023-06-26,0.1,24.2,31.0,60.5,98.6,0.0,14.9,June,2023
8367,Medchal-Malkajgiri,Balanagar,2023-06-27,0.0,24.0,30.8,62.0,90.4,3.1,14.0,June,2023
8368,Medchal-Malkajgiri,Balanagar,2023-06-28,0.5,24.5,31.4,56.4,87.0,0.4,14.8,June,2023
8369,Medchal-Malkajgiri,Balanagar,2023-06-29,0.0,24.1,33.0,60.6,81.5,0.2,20.6,June,2023
8370,Medchal-Malkajgiri,Balanagar,2023-06-30,1.1,23.7,32.7,61.6,83.5,3.7,15.2,June,2023
8371,Medchal-Malkajgiri,Dundigal_Gandimaisamma,2023-06-01,2.9,24.1,40.1,26.3,77.6,0.0,5.3,June,2023
8372,Medchal-Malkajgiri,Dundigal_Gandimaisamma,2023-06-02,0.0,26.9,41.5,19.3,63.9,0.0,6.0,June,2023
8373,Medchal-Malkajgiri,Dundigal_Gandimaisamma,2023-06-03,0.0,27.9,42.2,12.5,45.5,0.0,8.7,June,2023
8374,Medchal-Malkajgiri,Dundigal_Gandimaisamma,2023-06-04,3.4,22.0,41.6,15.8,66.7,0.0,9.0,June,2023
8375,Medchal-Malkajgiri,Dundigal_Gandimaisamma,2023-06-05,7.6,21.8,39.0,30.5,88.2,0.0,11.0,June,2023
8376,Medchal-Malkajgiri,Dundigal_Gandimaisamma,2023-06-06,0.0,24.8,38.2,24.7,69.6,0.0,5.6,June,2023
8377,Medchal-Malkajgiri,Dundigal_Gandimaisamma,2023-06-07,8.5,22.9,39.6,25.6,64.0,0.0,10.4,June,2023
8378,Medchal-Malkajgiri,Dundigal_Gandimaisamma,2023-06-08,2.1,25.5,40.7,23.5,78.1,0.0,7.7,June,2023
8379,Medchal-Malkajgiri,Dundigal_Gandimaisamma,2023-06-09,0.0,25.8,40.1,25.0,66.8,0.0,8.9,June,2023
8380,Medchal-Malkajgiri,Dundigal_Gandimaisamma,2023-06-10,0.3,25.9,40.3,28.2,68.3,1.4,10.4,June,2023
8381,Medchal-Malkajgiri,Dundigal_Gandimaisamma,2023-06-11,0.0,25.2,40.0,31.7,73.7,0.0,7.1,June,2023
8382,Medchal-Malkajgiri,Dundigal_Gandimaisamma,2023-06-12,0.0,26.5,38.6,31.7,67.2,0.0,7.7,June,2023
8383,Medchal-Malkajgiri,Dundigal_Gandimaisamma,2023-06-13,0.0,25.9,39.6,28.6,63.0,0.0,7.1,June,2023
8384,Medchal-Malkajgiri,Dundigal_Gandimaisamma,2023-06-14,0.0,25.9,40.1,20.5,66.8,0.0,8.4,June,2023
8385,Medchal-Malkajgiri,Dundigal_Gandimaisamma,2023-06-15,0.0,25.8,39.2,26.8,64.2,0.6,9.5,June,2023
8386,Medchal-Malkajgiri,Dundigal_Gandimaisamma,2023-06-16,0.0,26.1,39.8,23.3,60.2,0.0,8.2,June,2023
8387,Medchal-Malkajgiri,Dundigal_Gandimaisamma,2023-06-17,0.0,26.4,39.5,22.6,65.7,0.0,7.7,June,2023
8388,Medchal-Malkajgiri,Dundigal_Gandimaisamma,2023-06-18,0.0,27.1,40.0,28.9,62.3,0.0,11.2,June,2023
8389,Medchal-Malkajgiri,Dundigal_Gandimaisamma,2023-06-19,5.3,23.5,40.1,23.5,65.3,0.0,10.8,June,2023
8390,Medchal-Malkajgiri,Dundigal_Gandimaisamma,2023-06-20,0.0,26.4,38.2,29.2,69.1,0.0,7.1,June,2023
8391,Medchal-Malkajgiri,Dundigal_Gandimaisamma,2023-06-21,0.0,27.1,39.7,27.5,69.7,0.0,6.3,June,2023
8392,Medchal-Malkajgiri,Dundigal_Gandimaisamma,2023-06-22,7.0,23.0,39.2,29.6,100.0,0.3,9.0,June,2023
8393,Medchal-Malkajgiri,Dundigal_Gandimaisamma,2023-06-23,2.1,23.4,34.2,44.8,85.3,0.0,11.5,June,2023
8394,Medchal-Malkajgiri,Dundigal_Gandimaisamma,2023-06-24,47.5,22.9,33.2,48.5,100.0,0.4,6.5,June,2023
8395,Medchal-Malkajgiri,Dundigal_Gandimaisamma,2023-06-25,14.3,21.7,31.7,62.6,100.0,0.0,11.0,June,2023
8396,Medchal-Malkajgiri,Dundigal_Gandimaisamma,2023-06-26,0.6,23.3,32.4,58.5,100.0,0.2,10.8,June,2023
8397,Medchal-Malkajgiri,Dundigal_Gandimaisamma,2023-06-27,0.5,23.2,30.9,65.6,100.0,0.0,9.0,June,2023
8398,Medchal-Malkajgiri,Dundigal_Gandimaisamma,2023-06-28,14.3,22.3,32.7,55.5,100.0,0.0,10.6,June,2023
8399,Medchal-Malkajgiri,Dundigal_Gandimaisamma,2023-06-29,0.0,23.2,32.8,57.8,100.0,0.0,9.7,June,2023
8400,Medchal-Malkajgiri,Dundigal_Gandimaisamma,2023-06-30,1.3,22.9,32.9,55.7,99.2,0.8,9.4,June,2023
8401,Medchal-Malkajgiri,Ghatkesar,2023-06-01,2.9,23.3,40.8,27.5,83.9,0.0,12.2,June,2023
8402,Medchal-Malkajgiri,Ghatkesar,2023-06-02,0.0,25.7,40.5,26.3,71.0,0.0,14.1,June,2023
8403,Medchal-Malkajgiri,Ghatkesar,2023-06-03,0.0,28.5,42.7,17.7,53.3,0.0,11.4,June,2023
8404,Medchal-Malkajgiri,Ghatkesar,2023-06-04,0.0,28.3,42.3,22.0,55.1,0.0,10.2,June,2023
8405,Medchal-Malkajgiri,Ghatkesar,2023-06-05,0.6,22.3,38.2,36.3,86.2,0.0,14.6,June,2023
8406,Medchal-Malkajgiri,Ghatkesar,2023-06-06,0.0,25.6,37.8,28.2,64.6,0.0,11.0,June,2023
8407,Medchal-Malkajgiri,Ghatkesar,2023-06-07,0.0,28.6,40.6,26.1,58.7,0.0,13.3,June,2023
8408,Medchal-Malkajgiri,Ghatkesar,2023-06-08,0.0,27.4,41.8,24.7,64.6,3.9,13.6,June,2023
8409,Medchal-Malkajgiri,Ghatkesar,2023-06-09,3.3,27.0,40.6,27.3,71.4,1.6,14.6,June,2023
8410,Medchal-Malkajgiri,Ghatkesar,2023-06-10,0.0,27.6,40.3,25.7,64.2,3.4,15.8,June,2023
8411,Medchal-Malkajgiri,Ghatkesar,2023-06-11,0.0,23.6,39.1,33.4,74.8,0.0,15.5,June,2023
8412,Medchal-Malkajgiri,Ghatkesar,2023-06-12,0.0,27.8,38.1,35.3,68.2,3.2,13.9,June,2023
8413,Medchal-Malkajgiri,Ghatkesar,2023-06-13,0.0,27.4,39.1,31.0,59.6,1.3,15.4,June,2023
8414,Medchal-Malkajgiri,Ghatkesar,2023-06-14,0.0,27.5,39.3,26.7,61.9,1.5,16.2,June,2023
8415,Medchal-Malkajgiri,Ghatkesar,2023-06-15,0.0,27.5,39.0,28.5,59.2,2.0,16.4,June,2023
8416,Medchal-Malkajgiri,Ghatkesar,2023-06-16,0.0,27.7,39.3,27.3,55.1,1.1,15.0,June,2023
8417,Medchal-Malkajgiri,Ghatkesar,2023-06-17,0.0,27.9,39.9,26.3,61.0,0.3,15.3,June,2023
8418,Medchal-Malkajgiri,Ghatkesar,2023-06-18,0.0,28.3,39.0,31.9,61.0,0.0,15.2,June,2023
8419,Medchal-Malkajgiri,Ghatkesar,2023-06-19,0.0,28.4,40.2,27.3,59.2,0.0,15.5,June,2023
8420,Medchal-Malkajgiri,Ghatkesar,2023-06-20,0.0,27.4,38.5,31.6,63.7,0.0,12.7,June,2023
8421,Medchal-Malkajgiri,Ghatkesar,2023-06-21,0.0,25.9,39.8,31.0,76.1,1.1,12.2,June,2023
8422,Medchal-Malkajgiri,Ghatkesar,2023-06-22,15.0,23.2,39.1,34.4,92.6,2.8,12.6,June,2023
8423,Medchal-Malkajgiri,Ghatkesar,2023-06-23,0.0,24.9,37.8,41.7,85.2,0.3,12.4,June,2023
8424,Medchal-Malkajgiri,Ghatkesar,2023-06-24,7.2,23.9,33.5,50.2,93.5,0.0,10.1,June,2023
8425,Medchal-Malkajgiri,Ghatkesar,2023-06-25,28.8,22.3,32.1,57.4,95.4,0.0,13.5,June,2023
8426,Medchal-Malkajgiri,Ghatkesar,2023-06-26,9.4,24.8,31.6,57.9,92.6,0.0,13.3,June,2023
8427,Medchal-Malkajgiri,Ghatkesar,2023-06-27,0.0,23.9,31.9,59.7,90.0,1.4,13.0,June,2023
8428,Medchal-Malkajgiri,Ghatkesar,2023-06-28,10.2,24.2,31.9,58.8,90.9,1.2,17.2,June,2023
8429,Medchal-Malkajgiri,Ghatkesar,2023-06-29,0.5,24.4,33.2,51.1,91.3,0.0,12.1,June,2023
8430,Medchal-Malkajgiri,Ghatkesar,2023-06-30,0.0,24.4,33.7,52.1,79.9,2.4,14.3,June,2023
8431,Medchal-Malkajgiri,Kapra,2023-06-01,0.0,26.4,39.2,27.0,65.3,0.0,9.7,June,2023
8432,Medchal-Malkajgiri,Kapra,2023-06-02,0.0,28.5,39.7,21.7,61.6,0.0,7.4,June,2023
8433,Medchal-Malkajgiri,Kapra,2023-06-03,0.0,29.9,41.2,11.8,41.0,0.0,15.4,June,2023
8434,Medchal-Malkajgiri,Kapra,2023-06-04,0.9,25.7,40.3,19.2,68.6,0.2,20.0,June,2023
8435,Medchal-Malkajgiri,Kapra,2023-06-05,1.8,24.3,38.2,29.4,87.7,1.9,12.8,June,2023
8436,Medchal-Malkajgiri,Kapra,2023-06-06,0.0,28.0,38.2,26.7,59.9,0.0,11.9,June,2023
8437,Medchal-Malkajgiri,Kapra,2023-06-07,0.0,28.9,39.0,24.1,57.7,0.1,17.1,June,2023
8438,Medchal-Malkajgiri,Kapra,2023-06-08,7.9,23.4,39.5,25.7,100.0,0.0,20.6,June,2023
8439,Medchal-Malkajgiri,Kapra,2023-06-09,1.0,27.3,39.6,26.3,77.8,0.0,11.4,June,2023
8440,Medchal-Malkajgiri,Kapra,2023-06-10,0.0,27.3,39.6,28.2,69.4,1.3,19.4,June,2023
8441,Medchal-Malkajgiri,Kapra,2023-06-11,1.0,25.9,38.7,31.9,85.5,1.2,12.9,June,2023
8442,Medchal-Malkajgiri,Kapra,2023-06-12,0.0,27.8,37.8,32.8,72.5,1.5,10.9,June,2023
8443,Medchal-Malkajgiri,Kapra,2023-06-13,0.0,27.2,38.6,30.2,69.1,2.2,12.1,June,2023
8444,Medchal-Malkajgiri,Kapra,2023-06-14,0.0,27.3,39.1,20.8,66.1,0.9,13.3,June,2023
8445,Medchal-Malkajgiri,Kapra,2023-06-15,0.0,27.1,39.0,27.6,66.6,1.5,13.8,June,2023
8446,Medchal-Malkajgiri,Kapra,2023-06-16,0.0,27.5,38.4,22.0,65.6,1.5,11.6,June,2023
8447,Medchal-Malkajgiri,Kapra,2023-06-17,0.0,27.7,39.2,25.1,65.1,0.8,12.7,June,2023
8448,Medchal-Malkajgiri,Kapra,2023-06-18,0.0,28.3,39.6,28.8,66.6,0.0,14.6,June,2023
8449,Medchal-Malkajgiri,Kapra,2023-06-19,0.0,28.3,39.6,25.7,66.1,0.0,10.8,June,2023
8450,Medchal-Malkajgiri,Kapra,2023-06-20,0.0,28.8,38.6,30.6,66.6,0.0,9.6,June,2023
8451,Medchal-Malkajgiri,Kapra,2023-06-21,0.0,27.4,40.6,26.3,74.9,0.3,10.3,June,2023
8452,Medchal-Malkajgiri,Kapra,2023-06-22,22.0,23.3,40.0,30.3,100.0,0.6,13.8,June,2023
8453,Medchal-Malkajgiri,Kapra,2023-06-23,0.0,25.7,37.2,36.8,90.1,0.5,10.8,June,2023
8454,Medchal-Malkajgiri,Kapra,2023-06-24,16.4,24.0,34.9,44.7,100.0,0.4,8.0,June,2023
8455,Medchal-Malkajgiri,Kapra,2023-06-25,27.9,22.0,31.9,59.8,100.0,0.6,12.0,June,2023
8456,Medchal-Malkajgiri,Kapra,2023-06-26,7.2,24.4,32.1,55.6,100.0,0.0,9.8,June,2023
8457,Medchal-Malkajgiri,Kapra,2023-06-27,0.4,24.2,32.3,55.6,100.0,0.9,7.7,June,2023
8458,Medchal-Malkajgiri,Kapra,2023-06-28,2.2,23.7,32.4,55.6,100.0,0.9,12.1,June,2023
8459,Medchal-Malkajgiri,Kapra,2023-06-29,0.0,24.5,33.2,48.3,100.0,0.3,9.1,June,2023
8460,Medchal-Malkajgiri,Kapra,2023-06-30,0.3,24.2,33.0,51.4,100.0,1.7,9.6,June,2023
8461,Medchal-Malkajgiri,Keesara,2023-06-01,29.0,23.2,40.0,23.9,77.4,0.0,21.0,June,2023
8462,Medchal-Malkajgiri,Keesara,2023-06-02,0.0,26.0,41.3,27.6,61.2,0.0,7.3,June,2023
8463,Medchal-Malkajgiri,Keesara,2023-06-03,0.0,26.7,41.4,16.3,51.1,0.0,4.0,June,2023
8464,Medchal-Malkajgiri,Keesara,2023-06-04,0.2,26.6,41.4,21.1,64.5,0.0,2.3,June,2023
8465,Medchal-Malkajgiri,Keesara,2023-06-05,29.3,21.0,38.5,31.9,82.6,0.0,6.2,June,2023
8466,Medchal-Malkajgiri,Keesara,2023-06-06,0.0,24.4,37.8,31.8,66.7,0.0,3.7,June,2023
8467,Medchal-Malkajgiri,Keesara,2023-06-07,0.0,27.5,39.6,30.2,55.3,0.0,11.4,June,2023
8468,Medchal-Malkajgiri,Keesara,2023-06-08,0.8,26.6,41.3,26.7,86.9,0.0,13.3,June,2023
8469,Medchal-Malkajgiri,Keesara,2023-06-09,0.2,26.9,40.6,29.9,82.5,0.0,9.7,June,2023
8470,Medchal-Malkajgiri,Keesara,2023-06-10,0.0,27.1,40.4,30.4,83.5,0.0,12.9,June,2023
8471,Medchal-Malkajgiri,Keesara,2023-06-11,0.0,25.6,40.4,33.6,86.9,0.0,9.5,June,2023
8472,Medchal-Malkajgiri,Keesara,2023-06-12,0.0,27.0,37.7,36.1,67.3,0.0,7.8,June,2023
8473,Medchal-Malkajgiri,Keesara,2023-06-13,0.0,26.9,39.1,33.1,72.6,0.0,8.5,June,2023
8474,Medchal-Malkajgiri,Keesara,2023-06-14,0.0,27.0,39.9,23.2,78.7,0.0,8.6,June,2023
8475,Medchal-Malkajgiri,Keesara,2023-06-15,0.0,26.7,39.5,28.1,73.1,0.0,7.8,June,2023
8476,Medchal-Malkajgiri,Keesara,2023-06-16,0.0,26.5,39.8,25.0,67.9,0.0,8.9,June,2023
8477,Medchal-Malkajgiri,Keesara,2023-06-17,0.0,26.9,40.0,23.9,76.4,0.0,6.4,June,2023
8478,Medchal-Malkajgiri,Keesara,2023-06-18,0.0,27.8,39.9,28.5,68.8,0.0,8.3,June,2023
8479,Medchal-Malkajgiri,Keesara,2023-06-19,0.0,27.4,39.4,24.9,72.1,0.0,7.7,June,2023
8480,Medchal-Malkajgiri,Keesara,2023-06-20,0.0,27.5,39.3,28.8,69.8,0.0,3.6,June,2023
8481,Medchal-Malkajgiri,Keesara,2023-06-21,0.0,25.4,41.2,26.0,73.3,0.0,9.5,June,2023
8482,Medchal-Malkajgiri,Keesara,2023-06-22,18.9,23.0,39.2,32.4,100.0,0.0,10.2,June,2023
8483,Medchal-Malkajgiri,Keesara,2023-06-23,0.5,24.8,35.6,40.9,83.3,0.0,7.0,June,2023
8484,Medchal-Malkajgiri,Keesara,2023-06-24,19.0,23.7,34.3,49.7,100.0,0.0,4.6,June,2023
8485,Medchal-Malkajgiri,Keesara,2023-06-25,25.1,22.0,32.8,59.5,100.0,0.0,5.2,June,2023
8486,Medchal-Malkajgiri,Keesara,2023-06-26,1.7,24.5,31.9,56.7,100.0,0.0,7.1,June,2023
8487,Medchal-Malkajgiri,Keesara,2023-06-27,0.4,23.5,32.0,57.2,100.0,0.0,6.9,June,2023
8488,Medchal-Malkajgiri,Keesara,2023-06-28,5.0,22.8,32.5,54.3,100.0,0.0,8.0,June,2023
8489,Medchal-Malkajgiri,Keesara,2023-06-29,0.0,24.1,33.1,48.1,100.0,0.0,10.0,June,2023
8490,Medchal-Malkajgiri,Keesara,2023-06-30,0.0,24.2,32.8,50.8,100.0,0.0,1.5,June,2023
8491,Medchal-Malkajgiri,Kukatpally,2023-06-01,0.6,27.2,39.0,32.3,61.9,0.0,5.7,June,2023
8492,Medchal-Malkajgiri,Kukatpally,2023-06-02,0.0,27.7,40.6,26.3,61.7,0.1,15.5,June,2023
8493,Medchal-Malkajgiri,Kukatpally,2023-06-03,0.0,29.2,41.2,19.4,50.0,0.3,11.9,June,2023
8494,Medchal-Malkajgiri,Kukatpally,2023-06-04,0.8,26.0,40.2,24.3,72.1,0.0,8.9,June,2023
8495,Medchal-Malkajgiri,Kukatpally,2023-06-05,5.2,23.1,36.7,36.2,81.6,0.1,10.2,June,2023
8496,Medchal-Malkajgiri,Kukatpally,2023-06-06,0.0,27.1,37.1,32.1,62.0,0.0,14.7,June,2023
8497,Medchal-Malkajgiri,Kukatpally,2023-06-07,0.0,27.7,38.6,32.6,62.8,0.2,12.6,June,2023
8498,Medchal-Malkajgiri,Kukatpally,2023-06-08,0.2,26.1,39.6,30.9,68.9,0.4,2.1,June,2023
8499,Medchal-Malkajgiri,Kukatpally,2023-06-09,0.0,26.4,37.8,31.3,71.4,2.0,14.8,June,2023
8500,Medchal-Malkajgiri,Kukatpally,2023-06-10,0.0,26.1,39.7,25.1,75.0,2.6,22.2,June,2023
8501,Medchal-Malkajgiri,Kukatpally,2023-06-11,0.0,25.7,38.9,32.0,72.4,1.3,13.6,June,2023
8502,Medchal-Malkajgiri,Kukatpally,2023-06-12,0.9,26.4,38.0,31.3,71.3,0.0,13.7,June,2023
8503,Medchal-Malkajgiri,Kukatpally,2023-06-13,0.0,26.1,38.8,27.4,64.6,2.1,12.6,June,2023
8504,Medchal-Malkajgiri,Kukatpally,2023-06-14,0.0,26.3,39.6,23.0,64.7,2.9,12.8,June,2023
8505,Medchal-Malkajgiri,Kukatpally,2023-06-15,0.0,26.2,38.6,26.4,62.9,3.0,17.3,June,2023
8506,Medchal-Malkajgiri,Kukatpally,2023-06-16,0.0,26.5,39.5,24.7,57.5,1.4,13.8,June,2023
8507,Medchal-Malkajgiri,Kukatpally,2023-06-17,0.0,26.6,38.9,25.4,63.4,2.3,14.6,June,2023
8508,Medchal-Malkajgiri,Kukatpally,2023-06-18,0.0,27.4,39.1,28.1,59.8,4.7,14.1,June,2023
8509,Medchal-Malkajgiri,Kukatpally,2023-06-19,0.0,27.2,39.7,25.6,63.0,1.3,14.1,June,2023
8510,Medchal-Malkajgiri,Kukatpally,2023-06-20,0.0,28.1,38.1,30.6,61.0,2.3,12.7,June,2023
8511,Medchal-Malkajgiri,Kukatpally,2023-06-21,0.0,27.5,39.8,28.8,65.3,1.1,14.0,June,2023
8512,Medchal-Malkajgiri,Kukatpally,2023-06-22,17.2,22.9,39.1,30.9,98.0,0.0,16.7,June,2023
8513,Medchal-Malkajgiri,Kukatpally,2023-06-23,0.0,25.6,37.7,34.0,77.6,0.0,12.9,June,2023
8514,Medchal-Malkajgiri,Kukatpally,2023-06-24,29.9,23.2,34.3,45.3,99.6,2.7,7.9,June,2023
8515,Medchal-Malkajgiri,Kukatpally,2023-06-25,15.7,21.9,32.7,55.8,99.6,1.6,13.7,June,2023
8516,Medchal-Malkajgiri,Kukatpally,2023-06-26,2.6,23.7,32.3,55.3,95.2,0.0,13.4,June,2023
8517,Medchal-Malkajgiri,Kukatpally,2023-06-27,0.0,23.4,32.0,55.3,92.0,1.6,12.7,June,2023
8518,Medchal-Malkajgiri,Kukatpally,2023-06-28,3.5,23.4,32.5,56.3,95.7,2.8,9.1,June,2023
8519,Medchal-Malkajgiri,Kukatpally,2023-06-29,0.0,23.6,33.0,47.8,84.2,0.0,9.8,June,2023
8520,Medchal-Malkajgiri,Kukatpally,2023-06-30,1.8,23.1,32.8,48.8,92.5,1.9,15.5,June,2023
8521,Medchal-Malkajgiri,Malkajgiri,2023-06-01,0.0,26.3,38.7,29.2,72.5,0.0,2.3,June,2023
8522,Medchal-Malkajgiri,Malkajgiri,2023-06-02,0.0,27.3,41.4,22.5,69.4,0.7,2.3,June,2023
8523,Medchal-Malkajgiri,Malkajgiri,2023-06-03,0.0,30.0,40.1,18.3,57.1,0.2,13.2,June,2023
8524,Medchal-Malkajgiri,Malkajgiri,2023-06-04,0.0,28.5,39.9,23.9,65.4,1.8,8.9,June,2023
8525,Medchal-Malkajgiri,Malkajgiri,2023-06-05,0.0,24.8,36.8,35.2,71.6,1.7,13.4,June,2023
8526,Medchal-Malkajgiri,Malkajgiri,2023-06-06,0.0,28.4,36.9,28.0,67.6,1.2,14.1,June,2023
8527,Medchal-Malkajgiri,Malkajgiri,2023-06-07,0.0,28.6,39.4,27.4,77.8,0.7,33.4,June,2023
8528,Medchal-Malkajgiri,Malkajgiri,2023-06-08,2.2,26.8,39.5,27.7,72.5,2.2,13.8,June,2023
8529,Medchal-Malkajgiri,Malkajgiri,2023-06-09,0.0,27.0,39.2,27.1,69.0,1.6,51.8,June,2023
8530,Medchal-Malkajgiri,Malkajgiri,2023-06-10,0.1,27.0,39.7,27.6,67.5,5.9,24.7,June,2023
8531,Medchal-Malkajgiri,Malkajgiri,2023-06-11,0.0,26.2,38.7,29.9,68.0,5.0,20.0,June,2023
8532,Medchal-Malkajgiri,Malkajgiri,2023-06-12,0.0,27.4,37.9,32.2,66.9,4.6,22.1,June,2023
8533,Medchal-Malkajgiri,Malkajgiri,2023-06-13,0.0,26.9,38.4,27.7,63.2,2.9,18.1,June,2023
8534,Medchal-Malkajgiri,Malkajgiri,2023-06-14,0.0,26.9,38.7,23.2,64.6,3.0,19.4,June,2023
8535,Medchal-Malkajgiri,Malkajgiri,2023-06-15,0.0,26.8,38.4,24.9,62.7,5.7,19.9,June,2023
8536,Medchal-Malkajgiri,Malkajgiri,2023-06-16,0.0,27.2,38.3,24.2,60.5,2.4,22.7,June,2023
8537,Medchal-Malkajgiri,Malkajgiri,2023-06-17,0.0,27.2,38.8,24.9,63.3,3.4,17.9,June,2023
8538,Medchal-Malkajgiri,Malkajgiri,2023-06-18,0.0,28.1,39.4,27.3,62.1,2.6,23.2,June,2023
8539,Medchal-Malkajgiri,Malkajgiri,2023-06-19,0.1,25.1,39.9,23.5,75.0,0.9,16.6,June,2023
8540,Medchal-Malkajgiri,Malkajgiri,2023-06-20,0.0,28.1,37.9,29.9,61.6,0.0,15.3,June,2023
8541,Medchal-Malkajgiri,Malkajgiri,2023-06-21,0.0,27.4,39.4,28.2,71.0,2.2,15.6,June,2023
8542,Medchal-Malkajgiri,Malkajgiri,2023-06-22,25.8,23.4,38.5,29.9,99.8,2.1,15.6,June,2023
8543,Medchal-Malkajgiri,Malkajgiri,2023-06-23,0.0,25.9,36.1,38.3,78.5,3.3,15.2,June,2023
8544,Medchal-Malkajgiri,Malkajgiri,2023-06-24,10.9,23.6,33.9,45.6,96.4,0.8,15.4,June,2023
8545,Medchal-Malkajgiri,Malkajgiri,2023-06-25,33.0,22.2,32.5,56.6,99.3,1.5,15.8,June,2023
8546,Medchal-Malkajgiri,Malkajgiri,2023-06-26,4.7,24.2,31.8,55.7,98.3,0.2,18.0,June,2023
8547,Medchal-Malkajgiri,Malkajgiri,2023-06-27,0.3,24.0,31.4,58.8,91.7,4.1,15.7,June,2023
8548,Medchal-Malkajgiri,Malkajgiri,2023-06-28,0.6,23.9,32.8,53.4,98.3,3.4,15.4,June,2023
8549,Medchal-Malkajgiri,Malkajgiri,2023-06-29,0.0,24.0,33.0,45.8,82.9,2.3,18.9,June,2023
8550,Medchal-Malkajgiri,Malkajgiri,2023-06-30,0.3,23.8,33.5,47.2,92.2,2.9,16.3,June,2023
8551,Medchal-Malkajgiri,Medchel,2023-06-01,2.7,22.6,39.6,32.6,76.0,0.0,10.4,June,2023
8552,Medchal-Malkajgiri,Medchel,2023-06-02,0.0,25.7,41.1,25.2,76.3,0.0,12.4,June,2023
8553,Medchal-Malkajgiri,Medchel,2023-06-03,0.0,26.5,40.8,21.0,57.5,0.0,13.1,June,2023
8554,Medchal-Malkajgiri,Medchel,2023-06-04,0.0,26.8,41.1,25.6,67.9,0.0,14.4,June,2023
8555,Medchal-Malkajgiri,Medchel,2023-06-05,0.0,21.1,39.0,34.4,92.3,0.0,14.7,June,2023
8556,Medchal-Malkajgiri,Medchel,2023-06-06,0.0,23.4,37.5,31.0,78.2,0.0,12.0,June,2023
8557,Medchal-Malkajgiri,Medchel,2023-06-07,0.0,26.2,40.1,31.9,72.0,0.4,14.3,June,2023
8558,Medchal-Malkajgiri,Medchel,2023-06-08,0.0,24.7,40.5,29.8,79.7,1.7,13.2,June,2023
8559,Medchal-Malkajgiri,Medchel,2023-06-09,0.0,25.2,39.8,29.8,78.4,0.3,16.7,June,2023
8560,Medchal-Malkajgiri,Medchel,2023-06-10,0.0,25.6,39.8,33.3,78.4,4.0,15.4,June,2023
8561,Medchal-Malkajgiri,Medchel,2023-06-11,0.0,24.6,40.3,34.0,82.7,1.4,15.7,June,2023
8562,Medchal-Malkajgiri,Medchel,2023-06-12,0.0,26.0,38.0,39.8,78.8,1.1,13.8,June,2023
8563,Medchal-Malkajgiri,Medchel,2023-06-13,0.0,25.2,38.5,33.7,75.0,0.9,14.1,June,2023
8564,Medchal-Malkajgiri,Medchel,2023-06-14,0.0,25.2,39.4,29.1,78.0,0.0,15.6,June,2023
8565,Medchal-Malkajgiri,Medchel,2023-06-15,0.0,25.2,38.7,33.3,75.4,0.4,15.0,June,2023
8566,Medchal-Malkajgiri,Medchel,2023-06-16,0.0,25.7,39.3,30.3,69.5,0.8,15.5,June,2023
8567,Medchal-Malkajgiri,Medchel,2023-06-17,0.0,25.5,38.8,29.6,75.4,0.8,15.1,June,2023
8568,Medchal-Malkajgiri,Medchel,2023-06-18,0.0,26.7,39.2,34.4,70.8,0.8,16.7,June,2023
8569,Medchal-Malkajgiri,Medchel,2023-06-19,0.0,26.7,38.7,33.1,71.2,0.3,15.2,June,2023
8570,Medchal-Malkajgiri,Medchel,2023-06-20,0.0,26.1,38.4,36.3,67.4,0.0,12.2,June,2023
8571,Medchal-Malkajgiri,Medchel,2023-06-21,0.0,25.8,39.2,34.7,80.1,0.0,13.7,June,2023
8572,Medchal-Malkajgiri,Medchel,2023-06-22,13.4,23.0,39.4,35.4,94.1,0.1,14.7,June,2023
8573,Medchal-Malkajgiri,Medchel,2023-06-23,4.5,22.6,35.5,48.8,94.1,0.0,11.4,June,2023
8574,Medchal-Malkajgiri,Medchel,2023-06-24,31.1,22.6,33.4,54.4,96.0,0.0,9.3,June,2023
8575,Medchal-Malkajgiri,Medchel,2023-06-25,23.0,21.5,30.2,68.4,96.3,0.0,11.4,June,2023
8576,Medchal-Malkajgiri,Medchel,2023-06-26,0.0,22.9,31.1,62.0,94.4,1.1,13.1,June,2023
8577,Medchal-Malkajgiri,Medchel,2023-06-27,4.1,22.2,29.3,74.4,94.5,0.8,12.4,June,2023
8578,Medchal-Malkajgiri,Medchel,2023-06-28,15.1,21.8,30.5,65.5,96.0,0.0,14.3,June,2023
8579,Medchal-Malkajgiri,Medchel,2023-06-29,0.3,22.3,31.3,63.0,93.2,0.0,12.8,June,2023
8580,Medchal-Malkajgiri,Medchel,2023-06-30,0.0,22.5,32.9,57.4,91.0,0.7,14.5,June,2023
8581,Medchal-Malkajgiri,Medipally,2023-06-01,2.5,23.2,40.3,21.8,84.7,0.0,13.2,June,2023
8582,Medchal-Malkajgiri,Medipally,2023-06-02,0.0,28.2,40.8,19.7,60.8,0.0,15.4,June,2023
8583,Medchal-Malkajgiri,Medipally,2023-06-03,0.0,29.8,40.4,12.3,41.6,0.0,11.3,June,2023
8584,Medchal-Malkajgiri,Medipally,2023-06-04,0.0,29.9,42.8,15.9,48.6,0.0,8.6,June,2023
8585,Medchal-Malkajgiri,Medipally,2023-06-05,0.0,24.3,39.1,26.6,79.0,0.1,19.2,June,2023
8586,Medchal-Malkajgiri,Medipally,2023-06-06,0.0,28.8,38.2,22.9,56.6,0.0,11.2,June,2023
8587,Medchal-Malkajgiri,Medipally,2023-06-07,0.0,28.9,40.8,22.0,68.8,0.0,13.4,June,2023
8588,Medchal-Malkajgiri,Medipally,2023-06-08,0.2,27.6,40.3,21.1,61.4,0.0,15.7,June,2023
8589,Medchal-Malkajgiri,Medipally,2023-06-09,0.5,25.6,40.0,21.8,79.8,0.0,12.7,June,2023
8590,Medchal-Malkajgiri,Medipally,2023-06-10,0.0,27.9,39.7,22.5,62.0,1.1,14.1,June,2023
8591,Medchal-Malkajgiri,Medipally,2023-06-11,0.0,27.3,39.6,26.6,66.5,2.1,15.5,June,2023
8592,Medchal-Malkajgiri,Medipally,2023-06-12,0.0,28.0,38.2,30.0,61.9,2.7,13.7,June,2023
8593,Medchal-Malkajgiri,Medipally,2023-06-13,0.0,27.8,39.2,23.2,55.7,0.0,10.4,June,2023
8594,Medchal-Malkajgiri,Medipally,2023-06-14,0.0,27.9,39.5,20.4,55.1,2.2,16.3,June,2023
8595,Medchal-Malkajgiri,Medipally,2023-06-15,0.0,28.1,39.4,22.5,52.6,2.0,15.1,June,2023
8596,Medchal-Malkajgiri,Medipally,2023-06-16,0.0,28.5,38.9,20.4,49.3,0.1,14.6,June,2023
8597,Medchal-Malkajgiri,Medipally,2023-06-17,0.0,28.5,41.1,18.6,53.1,1.4,13.4,June,2023
8598,Medchal-Malkajgiri,Medipally,2023-06-18,0.0,29.2,39.6,24.5,52.1,1.4,15.1,June,2023
8599,Medchal-Malkajgiri,Medipally,2023-06-19,0.0,29.7,40.9,20.0,52.1,0.0,12.9,June,2023
8600,Medchal-Malkajgiri,Medipally,2023-06-20,0.0,30.0,38.0,27.9,48.7,0.0,12.3,June,2023
8601,Medchal-Malkajgiri,Medipally,2023-06-21,0.0,27.6,40.1,23.2,68.8,0.3,8.3,June,2023
8602,Medchal-Malkajgiri,Medipally,2023-06-22,12.2,23.7,38.5,27.2,100.0,1.2,12.6,June,2023
8603,Medchal-Malkajgiri,Medipally,2023-06-23,0.0,25.3,34.8,40.5,82.4,0.0,9.7,June,2023
8604,Medchal-Malkajgiri,Medipally,2023-06-24,2.3,24.0,33.0,48.5,100.0,0.0,9.5,June,2023
8605,Medchal-Malkajgiri,Medipally,2023-06-25,14.6,22.3,33.0,56.0,100.0,0.1,12.2,June,2023
8606,Medchal-Malkajgiri,Medipally,2023-06-26,2.1,25.1,31.6,60.6,100.0,1.7,12.0,June,2023
8607,Medchal-Malkajgiri,Medipally,2023-06-27,0.3,24.8,31.6,60.1,86.9,0.2,11.8,June,2023
8608,Medchal-Malkajgiri,Medipally,2023-06-28,0.7,25.3,32.5,59.0,88.4,1.0,13.7,June,2023
8609,Medchal-Malkajgiri,Medipally,2023-06-29,0.0,25.0,34.1,45.1,86.9,0.1,11.8,June,2023
8610,Medchal-Malkajgiri,Medipally,2023-06-30,1.4,24.7,33.2,47.4,90.2,1.1,11.7,June,2023
8611,Medchal-Malkajgiri,Muduchinthalapally,2023-06-01,0.0,23.2,38.9,30.9,83.6,0.0,6.5,June,2023
8612,Medchal-Malkajgiri,Muduchinthalapally,2023-06-02,0.0,25.9,39.1,28.6,67.8,0.0,9.8,June,2023
8613,Medchal-Malkajgiri,Muduchinthalapally,2023-06-03,0.0,28.8,40.6,18.5,50.0,0.0,11.8,June,2023
8614,Medchal-Malkajgiri,Muduchinthalapally,2023-06-04,0.0,28.1,40.0,24.8,56.3,0.0,16.0,June,2023
8615,Medchal-Malkajgiri,Muduchinthalapally,2023-06-05,0.6,23.4,38.0,31.6,79.0,0.0,11.2,June,2023
8616,Medchal-Malkajgiri,Muduchinthalapally,2023-06-06,0.0,24.8,37.1,29.5,68.6,0.0,11.6,June,2023
8617,Medchal-Malkajgiri,Muduchinthalapally,2023-06-07,0.0,28.3,37.9,28.8,58.3,0.0,13.9,June,2023
8618,Medchal-Malkajgiri,Muduchinthalapally,2023-06-08,0.0,26.5,40.1,29.8,67.8,0.0,14.7,June,2023
8619,Medchal-Malkajgiri,Muduchinthalapally,2023-06-09,0.0,26.9,39.8,29.8,65.9,0.0,16.2,June,2023
8620,Medchal-Malkajgiri,Muduchinthalapally,2023-06-10,0.0,27.1,39.7,26.9,66.9,0.0,16.2,June,2023
8621,Medchal-Malkajgiri,Muduchinthalapally,2023-06-11,0.3,25.5,39.1,32.6,73.5,0.0,17.0,June,2023
8622,Medchal-Malkajgiri,Muduchinthalapally,2023-06-12,2.6,26.4,37.6,36.3,78.2,0.0,12.6,June,2023
8623,Medchal-Malkajgiri,Muduchinthalapally,2023-06-13,0.0,26.8,37.7,32.3,62.4,0.0,14.2,June,2023
8624,Medchal-Malkajgiri,Muduchinthalapally,2023-06-14,0.0,26.8,38.3,29.5,66.4,0.0,18.3,June,2023
8625,Medchal-Malkajgiri,Muduchinthalapally,2023-06-15,0.0,26.6,37.7,30.9,63.4,0.0,16.1,June,2023
8626,Medchal-Malkajgiri,Muduchinthalapally,2023-06-16,0.0,27.0,37.9,28.8,59.4,0.0,16.1,June,2023
8627,Medchal-Malkajgiri,Muduchinthalapally,2023-06-17,0.0,27.4,38.4,27.4,62.4,0.0,15.3,June,2023
8628,Medchal-Malkajgiri,Muduchinthalapally,2023-06-18,0.0,28.2,37.6,33.7,60.4,0.0,16.6,June,2023
8629,Medchal-Malkajgiri,Muduchinthalapally,2023-06-19,0.0,28.1,38.0,32.3,60.9,0.0,15.5,June,2023
8630,Medchal-Malkajgiri,Muduchinthalapally,2023-06-20,0.0,27.1,37.0,34.4,65.9,0.0,13.5,June,2023
8631,Medchal-Malkajgiri,Muduchinthalapally,2023-06-21,0.0,25.8,38.7,31.2,78.0,0.0,13.0,June,2023
8632,Medchal-Malkajgiri,Muduchinthalapally,2023-06-22,8.9,23.3,38.0,32.3,98.7,0.3,11.0,June,2023
8633,Medchal-Malkajgiri,Muduchinthalapally,2023-06-23,0.0,25.2,34.1,46.1,86.4,0.0,13.0,June,2023
8634,Medchal-Malkajgiri,Muduchinthalapally,2023-06-24,26.5,23.4,32.4,52.6,98.2,0.0,12.7,June,2023
8635,Medchal-Malkajgiri,Muduchinthalapally,2023-06-25,3.5,23.1,30.3,69.3,100.0,0.0,4.3,June,2023
8636,Medchal-Malkajgiri,Muduchinthalapally,2023-06-26,0.0,24.3,30.0,65.4,90.1,0.0,14.2,June,2023
8637,Medchal-Malkajgiri,Muduchinthalapally,2023-06-27,3.1,23.5,28.5,72.2,96.3,0.0,14.0,June,2023
8638,Medchal-Malkajgiri,Muduchinthalapally,2023-06-28,10.7,22.9,30.0,66.9,100.0,0.0,14.9,June,2023
8639,Medchal-Malkajgiri,Muduchinthalapally,2023-06-29,0.0,23.9,31.4,60.8,94.3,0.0,12.6,June,2023
8640,Medchal-Malkajgiri,Muduchinthalapally,2023-06-30,0.0,23.7,32.7,56.7,91.0,1.3,12.6,June,2023
8641,Medchal-Malkajgiri,Quthbullapur,2023-06-01,1.2,24.4,39.6,22.5,78.7,0.0,10.9,June,2023
8642,Medchal-Malkajgiri,Quthbullapur,2023-06-02,0.1,27.2,40.6,14.8,59.3,0.7,15.5,June,2023
8643,Medchal-Malkajgiri,Quthbullapur,2023-06-03,0.0,28.5,40.9,11.1,43.5,0.0,14.3,June,2023
8644,Medchal-Malkajgiri,Quthbullapur,2023-06-04,1.8,23.6,41.1,15.4,75.6,0.5,12.5,June,2023
8645,Medchal-Malkajgiri,Quthbullapur,2023-06-05,5.6,23.2,39.4,28.1,83.3,1.1,16.4,June,2023
8646,Medchal-Malkajgiri,Quthbullapur,2023-06-06,0.0,25.3,37.4,25.6,73.0,0.0,12.9,June,2023
8647,Medchal-Malkajgiri,Quthbullapur,2023-06-07,0.0,26.2,39.2,23.3,67.3,0.0,14.7,June,2023
8648,Medchal-Malkajgiri,Quthbullapur,2023-06-08,0.0,26.5,40.3,22.1,67.0,0.7,16.6,June,2023
8649,Medchal-Malkajgiri,Quthbullapur,2023-06-09,0.0,27.0,39.4,22.7,64.9,1.6,18.4,June,2023
8650,Medchal-Malkajgiri,Quthbullapur,2023-06-10,0.0,26.7,39.0,25.2,70.0,1.5,18.7,June,2023
8651,Medchal-Malkajgiri,Quthbullapur,2023-06-11,0.1,25.7,39.3,28.7,72.1,1.9,19.3,June,2023
8652,Medchal-Malkajgiri,Quthbullapur,2023-06-12,0.0,27.0,37.8,30.6,70.8,2.7,16.5,June,2023
8653,Medchal-Malkajgiri,Quthbullapur,2023-06-13,0.0,26.5,39.1,26.2,67.8,1.1,15.5,June,2023
8654,Medchal-Malkajgiri,Quthbullapur,2023-06-14,0.0,26.7,38.9,21.2,68.2,1.5,19.2,June,2023
8655,Medchal-Malkajgiri,Quthbullapur,2023-06-15,0.0,26.7,38.7,23.1,67.4,2.8,17.6,June,2023
8656,Medchal-Malkajgiri,Quthbullapur,2023-06-16,0.0,27.0,39.1,21.5,65.2,2.3,16.9,June,2023
8657,Medchal-Malkajgiri,Quthbullapur,2023-06-17,0.0,27.2,39.8,21.2,68.2,2.4,15.6,June,2023
8658,Medchal-Malkajgiri,Quthbullapur,2023-06-18,0.0,27.9,38.7,26.8,66.5,0.9,17.2,June,2023
8659,Medchal-Malkajgiri,Quthbullapur,2023-06-19,1.6,24.3,39.8,26.3,75.0,0.0,14.7,June,2023
8660,Medchal-Malkajgiri,Quthbullapur,2023-06-20,0.0,28.0,37.8,29.3,64.5,0.0,15.7,June,2023
8661,Medchal-Malkajgiri,Quthbullapur,2023-06-21,0.0,27.8,39.3,25.8,70.0,1.5,13.2,June,2023
8662,Medchal-Malkajgiri,Quthbullapur,2023-06-22,20.4,23.3,38.6,26.8,100.0,0.7,11.2,June,2023
8663,Medchal-Malkajgiri,Quthbullapur,2023-06-23,0.0,24.7,37.1,41.5,80.0,0.9,15.8,June,2023
8664,Medchal-Malkajgiri,Quthbullapur,2023-06-24,27.6,23.1,33.3,45.8,100.0,0.0,16.0,June,2023
8665,Medchal-Malkajgiri,Quthbullapur,2023-06-25,16.7,21.9,32.9,59.6,100.0,0.7,16.1,June,2023
8666,Medchal-Malkajgiri,Quthbullapur,2023-06-26,7.2,24.0,31.6,59.1,100.0,0.8,14.5,June,2023
8667,Medchal-Malkajgiri,Quthbullapur,2023-06-27,0.0,23.9,30.7,69.6,99.2,1.1,14.7,June,2023
8668,Medchal-Malkajgiri,Quthbullapur,2023-06-28,2.3,23.5,32.3,58.0,100.0,0.7,13.0,June,2023
8669,Medchal-Malkajgiri,Quthbullapur,2023-06-29,0.0,23.9,32.9,52.9,89.6,0.5,15.9,June,2023
8670,Medchal-Malkajgiri,Quthbullapur,2023-06-30,1.2,23.5,33.2,50.0,96.4,1.2,15.5,June,2023
8671,Medchal-Malkajgiri,Shamirpet,2023-06-01,0.0,24.6,41.3,32.1,74.3,0.0,9.0,June,2023
8672,Medchal-Malkajgiri,Shamirpet,2023-06-02,0.0,27.0,43.3,26.0,64.5,0.0,11.0,June,2023
8673,Medchal-Malkajgiri,Shamirpet,2023-06-03,0.0,28.6,43.6,20.9,49.6,0.0,10.1,June,2023
8674,Medchal-Malkajgiri,Shamirpet,2023-06-04,0.0,26.8,43.1,24.1,62.1,0.0,11.1,June,2023
8675,Medchal-Malkajgiri,Shamirpet,2023-06-05,0.0,22.7,38.4,35.5,87.7,0.7,14.7,June,2023
8676,Medchal-Malkajgiri,Shamirpet,2023-06-06,0.0,25.1,38.8,31.2,68.2,0.0,9.9,June,2023
8677,Medchal-Malkajgiri,Shamirpet,2023-06-07,0.0,26.8,41.1,31.2,70.4,0.2,17.1,June,2023
8678,Medchal-Malkajgiri,Shamirpet,2023-06-08,1.7,25.6,41.8,29.6,79.3,1.3,20.6,June,2023
8679,Medchal-Malkajgiri,Shamirpet,2023-06-09,0.5,24.8,40.7,30.3,80.3,0.2,13.2,June,2023
8680,Medchal-Malkajgiri,Shamirpet,2023-06-10,0.0,26.0,39.7,31.8,74.3,2.0,19.4,June,2023
8681,Medchal-Malkajgiri,Shamirpet,2023-06-11,0.0,25.1,39.7,36.9,86.4,0.7,16.1,June,2023
8682,Medchal-Malkajgiri,Shamirpet,2023-06-12,0.0,26.4,38.6,39.8,79.3,0.6,14.9,June,2023
8683,Medchal-Malkajgiri,Shamirpet,2023-06-13,0.0,25.9,39.6,33.7,71.0,0.5,12.2,June,2023
8684,Medchal-Malkajgiri,Shamirpet,2023-06-14,0.0,26.3,40.2,30.3,73.1,0.0,14.6,June,2023
8685,Medchal-Malkajgiri,Shamirpet,2023-06-15,0.0,25.8,39.1,34.3,71.2,0.2,13.0,June,2023
8686,Medchal-Malkajgiri,Shamirpet,2023-06-16,0.0,26.1,39.6,30.2,65.9,0.4,12.7,June,2023
8687,Medchal-Malkajgiri,Shamirpet,2023-06-17,0.0,26.1,39.6,30.8,69.7,1.7,14.0,June,2023
8688,Medchal-Malkajgiri,Shamirpet,2023-06-18,0.0,27.5,38.5,36.6,67.5,0.4,14.9,June,2023
8689,Medchal-Malkajgiri,Shamirpet,2023-06-19,0.0,27.2,39.7,33.7,66.9,0.2,12.8,June,2023
8690,Medchal-Malkajgiri,Shamirpet,2023-06-20,0.0,27.4,39.3,36.3,60.0,0.0,11.1,June,2023
8691,Medchal-Malkajgiri,Shamirpet,2023-06-21,0.0,26.7,39.9,35.5,77.1,0.0,10.4,June,2023
8692,Medchal-Malkajgiri,Shamirpet,2023-06-22,14.3,22.9,38.2,37.6,99.3,0.4,13.4,June,2023
8693,Medchal-Malkajgiri,Shamirpet,2023-06-23,0.8,24.9,34.9,49.6,92.0,0.0,11.4,June,2023
8694,Medchal-Malkajgiri,Shamirpet,2023-06-24,35.7,23.2,33.5,55.5,99.1,0.0,11.0,June,2023
8695,Medchal-Malkajgiri,Shamirpet,2023-06-25,3.5,21.8,31.1,72.5,100.0,0.0,14.9,June,2023
8696,Medchal-Malkajgiri,Shamirpet,2023-06-26,0.0,23.7,30.7,65.9,95.0,2.5,14.3,June,2023
8697,Medchal-Malkajgiri,Shamirpet,2023-06-27,2.8,23.1,28.9,77.6,98.1,1.7,11.7,June,2023
8698,Medchal-Malkajgiri,Shamirpet,2023-06-28,18.6,22.8,30.3,70.4,100.0,0.0,14.8,June,2023
8699,Medchal-Malkajgiri,Shamirpet,2023-06-29,0.0,23.2,31.8,53.1,96.7,0.0,12.5,June,2023
8700,Medchal-Malkajgiri,Shamirpet,2023-06-30,2.5,23.1,32.1,63.5,95.5,5.1,14.3,June,2023
8701,Medchal-Malkajgiri,Uppal,2023-06-01,0.4,26.3,39.1,29.1,62.6,0.0,8.1,June,2023
8702,Medchal-Malkajgiri,Uppal,2023-06-02,0.0,27.3,40.8,26.1,59.2,0.2,8.8,June,2023
8703,Medchal-Malkajgiri,Uppal,2023-06-03,0.0,29.0,41.1,18.1,53.6,2.0,15.3,June,2023
8704,Medchal-Malkajgiri,Uppal,2023-06-04,0.5,28.0,41.5,22.7,66.2,0.1,13.8,June,2023
8705,Medchal-Malkajgiri,Uppal,2023-06-05,0.0,24.6,37.9,35.4,73.2,0.7,10.4,June,2023
8706,Medchal-Malkajgiri,Uppal,2023-06-06,0.0,27.2,37.7,28.8,61.9,0.0,11.1,June,2023
8707,Medchal-Malkajgiri,Uppal,2023-06-07,0.1,28.9,40.3,25.3,62.1,0.3,65.0,June,2023
8708,Medchal-Malkajgiri,Uppal,2023-06-08,4.5,22.9,41.1,23.6,85.1,1.0,17.7,June,2023
8709,Medchal-Malkajgiri,Uppal,2023-06-09,0.0,27.3,40.5,27.2,66.9,0.3,17.5,June,2023
8710,Medchal-Malkajgiri,Uppal,2023-06-10,0.0,27.3,40.5,25.5,67.4,2.7,18.9,June,2023
8711,Medchal-Malkajgiri,Uppal,2023-06-11,0.0,26.8,40.2,29.1,68.8,2.8,18.4,June,2023
8712,Medchal-Malkajgiri,Uppal,2023-06-12,0.0,27.7,38.6,32.4,66.9,4.9,17.3,June,2023
8713,Medchal-Malkajgiri,Uppal,2023-06-13,0.0,27.2,38.8,25.9,62.8,2.0,15.1,June,2023
8714,Medchal-Malkajgiri,Uppal,2023-06-14,0.0,26.9,40.2,22.7,68.9,3.4,18.0,June,2023
8715,Medchal-Malkajgiri,Uppal,2023-06-15,0.0,26.8,39.3,24.0,61.9,4.0,16.1,June,2023
8716,Medchal-Malkajgiri,Uppal,2023-06-16,0.0,27.2,40.1,22.1,58.7,1.3,17.2,June,2023
8717,Medchal-Malkajgiri,Uppal,2023-06-17,0.0,27.3,40.2,23.4,64.2,1.7,15.6,June,2023
8718,Medchal-Malkajgiri,Uppal,2023-06-18,0.0,28.1,39.5,29.1,60.1,0.3,21.3,June,2023
8719,Medchal-Malkajgiri,Uppal,2023-06-19,0.0,28.7,40.6,23.4,60.1,0.1,20.1,June,2023
8720,Medchal-Malkajgiri,Uppal,2023-06-20,0.0,29.0,38.9,30.4,60.9,0.0,15.2,June,2023
8721,Medchal-Malkajgiri,Uppal,2023-06-21,0.0,27.2,40.4,26.6,73.0,0.3,13.7,June,2023
8722,Medchal-Malkajgiri,Uppal,2023-06-22,15.6,23.0,40.8,25.6,100.0,0.9,16.0,June,2023
8723,Medchal-Malkajgiri,Uppal,2023-06-23,0.1,25.7,36.8,37.5,87.7,3.0,18.5,June,2023
8724,Medchal-Malkajgiri,Uppal,2023-06-24,5.6,24.0,33.7,47.7,94.2,1.6,13.4,June,2023
8725,Medchal-Malkajgiri,Uppal,2023-06-25,22.2,22.1,33.6,44.8,100.0,2.2,22.0,June,2023
8726,Medchal-Malkajgiri,Uppal,2023-06-26,1.7,24.4,32.2,56.9,97.3,0.0,14.9,June,2023
8727,Medchal-Malkajgiri,Uppal,2023-06-27,0.0,24.4,32.0,55.9,87.7,1.4,14.9,June,2023
8728,Medchal-Malkajgiri,Uppal,2023-06-28,0.6,24.5,32.0,55.9,90.0,1.5,16.7,June,2023
8729,Medchal-Malkajgiri,Uppal,2023-06-29,0.0,24.4,34.4,45.9,87.7,2.2,15.1,June,2023
8730,Medchal-Malkajgiri,Uppal,2023-06-30,2.7,24.2,33.7,47.8,87.7,2.2,16.7,June,2023
8731,Mulugu,Eturunagaram,2023-06-01,0.0,27.1,41.4,29.6,81.9,0.0,0.9,June,2023
8732,Mulugu,Eturunagaram,2023-06-02,0.0,26.1,42.9,19.8,72.7,0.0,6.9,June,2023
8733,Mulugu,Eturunagaram,2023-06-03,0.0,26.4,43.6,16.5,64.8,0.0,6.1,June,2023
8734,Mulugu,Eturunagaram,2023-06-04,0.0,28.7,44.5,17.2,61.3,0.0,11.3,June,2023
8735,Mulugu,Eturunagaram,2023-06-05,0.0,27.6,43.5,22.8,74.2,0.0,6.5,June,2023
8736,Mulugu,Eturunagaram,2023-06-06,0.0,28.6,41.8,24.7,67.7,0.0,8.1,June,2023
8737,Mulugu,Eturunagaram,2023-06-07,0.0,28.1,43.2,20.5,68.6,0.0,12.6,June,2023
8738,Mulugu,Eturunagaram,2023-06-08,0.0,31.8,43.4,22.6,48.9,0.0,8.7,June,2023
8739,Mulugu,Eturunagaram,2023-06-09,0.0,29.0,42.2,24.0,61.8,0.0,11.0,June,2023
8740,Mulugu,Eturunagaram,2023-06-10,0.0,32.2,42.9,21.2,49.9,0.0,10.5,June,2023
8741,Mulugu,Eturunagaram,2023-06-11,0.0,29.7,40.3,32.1,54.3,0.0,15.5,June,2023
8742,Mulugu,Eturunagaram,2023-06-12,0.0,30.4,41.0,31.4,60.2,0.0,12.1,June,2023
8743,Mulugu,Eturunagaram,2023-06-13,1.0,28.9,41.2,30.3,86.7,0.0,12.8,June,2023
8744,Mulugu,Eturunagaram,2023-06-14,0.0,31.7,41.8,26.1,54.3,0.0,14.7,June,2023
8745,Mulugu,Eturunagaram,2023-06-15,0.0,31.8,41.4,27.5,50.7,0.0,15.1,June,2023
8746,Mulugu,Eturunagaram,2023-06-16,0.0,29.5,40.7,28.9,56.3,0.0,15.3,June,2023
8747,Mulugu,Eturunagaram,2023-06-17,0.0,29.4,41.6,25.8,62.8,0.0,12.3,June,2023
8748,Mulugu,Eturunagaram,2023-06-18,0.0,31.7,43.0,27.5,57.3,0.0,12.1,June,2023
8749,Mulugu,Eturunagaram,2023-06-19,0.0,30.6,40.1,30.0,61.8,0.0,14.0,June,2023
8750,Mulugu,Eturunagaram,2023-06-20,0.0,30.4,41.2,28.9,75.1,0.0,8.9,June,2023
8751,Mulugu,Eturunagaram,2023-06-21,6.5,26.5,42.3,30.9,89.2,0.0,13.9,June,2023
8752,Mulugu,Eturunagaram,2023-06-22,2.8,26.0,39.3,40.8,94.2,0.0,9.6,June,2023
8753,Mulugu,Eturunagaram,2023-06-23,10.8,24.4,36.1,46.8,99.0,0.0,13.9,June,2023
8754,Mulugu,Eturunagaram,2023-06-24,2.1,25.3,29.1,80.3,97.6,0.0,5.1,June,2023
8755,Mulugu,Eturunagaram,2023-06-25,9.0,24.7,27.7,88.7,100.0,0.0,9.4,June,2023
8756,Mulugu,Eturunagaram,2023-06-26,21.8,24.7,32.9,63.8,99.5,0.0,17.3,June,2023
8757,Mulugu,Eturunagaram,2023-06-27,2.6,24.5,29.7,69.1,98.6,0.0,11.6,June,2023
8758,Mulugu,Eturunagaram,2023-06-28,11.9,24.5,32.2,62.8,100.0,0.0,10.9,June,2023
8759,Mulugu,Eturunagaram,2023-06-29,0.0,25.8,33.9,54.3,91.0,0.0,13.3,June,2023
8760,Mulugu,Eturunagaram,2023-06-30,0.0,28.9,36.1,52.7,79.5,0.0,5.3,June,2023
8761,Mulugu,Govindaraopet,2023-06-01,0.0,25.6,41.5,36.8,89.7,0.0,4.6,June,2023
8762,Mulugu,Govindaraopet,2023-06-02,0.0,23.8,42.4,24.7,84.6,0.0,13.8,June,2023
8763,Mulugu,Govindaraopet,2023-06-03,0.0,23.5,43.1,19.4,89.9,0.0,10.8,June,2023
8764,Mulugu,Govindaraopet,2023-06-04,0.0,26.2,44.2,18.7,79.8,0.0,12.7,June,2023
8765,Mulugu,Govindaraopet,2023-06-05,0.0,25.9,43.1,24.7,82.9,0.0,20.0,June,2023
8766,Mulugu,Govindaraopet,2023-06-06,0.0,25.4,40.7,28.5,86.9,0.0,14.0,June,2023
8767,Mulugu,Govindaraopet,2023-06-07,0.0,25.4,43.6,23.4,83.5,0.0,14.7,June,2023
8768,Mulugu,Govindaraopet,2023-06-08,0.0,28.0,43.5,24.7,66.1,0.0,11.5,June,2023
8769,Mulugu,Govindaraopet,2023-06-09,0.0,25.8,42.2,23.4,79.4,0.0,16.0,June,2023
8770,Mulugu,Govindaraopet,2023-06-10,0.0,31.2,42.9,24.1,59.5,0.0,22.0,June,2023
8771,Mulugu,Govindaraopet,2023-06-11,0.9,27.1,41.8,31.1,83.7,0.0,35.0,June,2023
8772,Mulugu,Govindaraopet,2023-06-12,0.0,27.6,40.4,35.1,76.7,0.0,15.7,June,2023
8773,Mulugu,Govindaraopet,2023-06-13,0.0,30.1,41.5,31.1,67.5,0.0,21.7,June,2023
8774,Mulugu,Govindaraopet,2023-06-14,0.0,28.5,41.8,28.5,69.8,0.0,23.4,June,2023
8775,Mulugu,Govindaraopet,2023-06-15,0.0,28.6,41.0,29.8,68.9,0.0,21.3,June,2023
8776,Mulugu,Govindaraopet,2023-06-16,0.0,26.9,41.1,29.1,73.2,0.0,21.3,June,2023
8777,Mulugu,Govindaraopet,2023-06-17,0.0,27.8,42.4,27.4,68.7,0.0,20.3,June,2023
8778,Mulugu,Govindaraopet,2023-06-18,0.0,28.3,42.1,30.0,72.3,0.0,18.1,June,2023
8779,Mulugu,Govindaraopet,2023-06-19,0.0,29.2,40.5,32.4,68.4,0.0,15.1,June,2023
8780,Mulugu,Govindaraopet,2023-06-20,0.0,28.8,40.5,32.4,77.8,0.0,15.4,June,2023
8781,Mulugu,Govindaraopet,2023-06-21,10.0,25.6,42.0,33.1,93.4,0.0,15.4,June,2023
8782,Mulugu,Govindaraopet,2023-06-22,0.0,25.7,39.0,43.8,77.6,0.0,3.3,June,2023
8783,Mulugu,Govindaraopet,2023-06-23,0.5,24.6,37.1,50.6,93.9,0.0,11.7,June,2023
8784,Mulugu,Govindaraopet,2023-06-24,5.2,24.7,32.3,66.7,93.4,0.0,2.7,June,2023
8785,Mulugu,Govindaraopet,2023-06-25,1.7,25.1,30.4,73.7,97.5,0.0,5.8,June,2023
8786,Mulugu,Govindaraopet,2023-06-26,1.1,26.0,33.1,58.6,94.3,0.0,14.2,June,2023
8787,Mulugu,Govindaraopet,2023-06-27,0.8,24.7,31.7,63.8,95.7,0.0,21.7,June,2023
8788,Mulugu,Govindaraopet,2023-06-28,0.8,24.8,32.5,57.6,95.2,0.0,17.0,June,2023
8789,Mulugu,Govindaraopet,2023-06-29,9.3,25.1,34.8,52.3,98.9,0.0,23.4,June,2023
8790,Mulugu,Govindaraopet,2023-06-30,0.0,27.2,35.6,52.3,87.1,0.0,16.2,June,2023
8791,Mulugu,Kannaigudem,2023-06-01,0.0,26.9,40.3,29.3,85.5,0.0,0.3,June,2023
8792,Mulugu,Kannaigudem,2023-06-02,0.0,26.4,43.2,20.2,73.3,0.0,1.3,June,2023
8793,Mulugu,Kannaigudem,2023-06-03,0.0,25.6,44.1,17.4,71.5,0.0,0.6,June,2023
8794,Mulugu,Kannaigudem,2023-06-04,0.0,28.8,44.9,19.6,65.8,0.0,1.9,June,2023
8795,Mulugu,Kannaigudem,2023-06-05,0.0,26.8,42.8,24.1,77.7,0.0,1.8,June,2023
8796,Mulugu,Kannaigudem,2023-06-06,0.0,27.8,38.8,27.3,73.7,0.0,2.2,June,2023
8797,Mulugu,Kannaigudem,2023-06-07,0.0,27.1,42.3,22.7,75.5,0.0,0.8,June,2023
8798,Mulugu,Kannaigudem,2023-06-08,0.0,29.2,43.1,22.9,67.2,0.0,1.1,June,2023
8799,Mulugu,Kannaigudem,2023-06-09,0.0,27.3,42.8,23.4,72.4,0.0,2.1,June,2023
8800,Mulugu,Kannaigudem,2023-06-10,0.0,32.1,43.9,22.1,53.5,0.0,2.0,June,2023
8801,Mulugu,Kannaigudem,2023-06-11,8.9,28.8,40.5,33.7,86.8,0.0,2.9,June,2023
8802,Mulugu,Kannaigudem,2023-06-12,0.0,28.1,41.7,34.0,76.7,0.0,2.1,June,2023
8803,Mulugu,Kannaigudem,2023-06-13,0.0,29.8,41.1,33.0,86.4,0.0,1.1,June,2023
8804,Mulugu,Kannaigudem,2023-06-14,0.0,30.0,41.8,28.7,69.9,0.0,2.2,June,2023
8805,Mulugu,Kannaigudem,2023-06-15,0.0,30.3,40.5,30.4,72.1,0.0,2.4,June,2023
8806,Mulugu,Kannaigudem,2023-06-16,0.0,28.8,40.7,30.4,73.3,0.0,1.2,June,2023
8807,Mulugu,Kannaigudem,2023-06-17,0.0,27.9,41.9,25.4,68.1,0.0,1.7,June,2023
8808,Mulugu,Kannaigudem,2023-06-18,0.0,29.1,41.6,30.6,72.6,0.0,2.0,June,2023
8809,Mulugu,Kannaigudem,2023-06-19,0.0,29.6,40.7,30.6,70.3,0.0,2.0,June,2023
8810,Mulugu,Kannaigudem,2023-06-20,0.0,30.5,41.2,30.0,79.0,0.0,1.9,June,2023
8811,Mulugu,Kannaigudem,2023-06-21,2.4,26.3,40.7,34.7,93.8,0.0,0.4,June,2023
8812,Mulugu,Kannaigudem,2023-06-22,7.0,25.5,37.6,43.6,97.4,0.0,0.5,June,2023
8813,Mulugu,Kannaigudem,2023-06-23,14.1,24.1,36.2,48.6,99.7,0.0,1.3,June,2023
8814,Mulugu,Kannaigudem,2023-06-24,2.7,25.8,29.1,84.1,94.7,0.0,0.3,June,2023
8815,Mulugu,Kannaigudem,2023-06-25,22.2,24.0,28.8,87.2,100.0,0.0,4.3,June,2023
8816,Mulugu,Kannaigudem,2023-06-26,3.2,25.0,32.4,66.4,99.7,0.0,1.1,June,2023
8817,Mulugu,Kannaigudem,2023-06-27,6.7,24.2,27.7,82.1,100.0,0.0,1.1,June,2023
8818,Mulugu,Kannaigudem,2023-06-28,7.9,24.5,31.0,69.9,100.0,0.0,1.5,June,2023
8819,Mulugu,Kannaigudem,2023-06-29,2.0,25.1,33.2,57.8,99.7,0.0,2.5,June,2023
8820,Mulugu,Kannaigudem,2023-06-30,0.6,26.8,34.9,55.4,96.5,0.0,1.1,June,2023
8821,Mulugu,Mangapet,2023-06-01,0.0,27.2,42.2,35.0,100.0,0.0,40.0,June,2023
8822,Mulugu,Mangapet,2023-06-02,0.0,27.7,44.7,21.6,67.5,0.0,13.6,June,2023
8823,Mulugu,Mangapet,2023-06-03,0.0,26.5,45.1,19.1,67.4,0.0,12.0,June,2023
8824,Mulugu,Mangapet,2023-06-04,0.0,29.6,45.5,20.8,72.9,0.0,14.4,June,2023
8825,Mulugu,Mangapet,2023-06-05,0.0,27.1,43.7,27.9,76.1,0.0,50.4,June,2023
8826,Mulugu,Mangapet,2023-06-06,0.0,27.6,43.0,28.4,71.1,0.0,9.6,June,2023
8827,Mulugu,Mangapet,2023-06-07,0.0,27.9,44.5,23.0,70.2,0.0,12.6,June,2023
8828,Mulugu,Mangapet,2023-06-08,1.0,30.0,44.5,26.4,62.7,0.0,13.0,June,2023
8829,Mulugu,Mangapet,2023-06-09,0.0,27.3,42.8,29.6,67.0,0.0,12.2,June,2023
8830,Mulugu,Mangapet,2023-06-10,0.0,32.1,44.5,24.0,52.4,0.0,15.7,June,2023
8831,Mulugu,Mangapet,2023-06-11,0.0,29.1,40.1,36.5,68.8,2.9,14.7,June,2023
8832,Mulugu,Mangapet,2023-06-12,0.0,29.3,41.8,33.1,69.3,0.0,14.7,June,2023
8833,Mulugu,Mangapet,2023-06-13,0.0,28.9,42.9,31.2,81.2,0.0,15.8,June,2023
8834,Mulugu,Mangapet,2023-06-14,0.0,30.9,43.0,28.6,58.8,0.0,19.0,June,2023
8835,Mulugu,Mangapet,2023-06-15,0.0,30.3,42.6,28.9,58.3,0.0,17.7,June,2023
8836,Mulugu,Mangapet,2023-06-16,0.0,29.4,42.6,30.5,60.2,0.0,14.6,June,2023
8837,Mulugu,Mangapet,2023-06-17,0.0,29.8,43.6,27.5,58.8,0.0,14.4,June,2023
8838,Mulugu,Mangapet,2023-06-18,0.0,31.8,43.8,30.2,57.8,0.0,16.2,June,2023
8839,Mulugu,Mangapet,2023-06-19,0.0,31.0,43.0,31.2,61.7,0.0,14.6,June,2023
8840,Mulugu,Mangapet,2023-06-20,0.0,30.5,43.1,30.4,78.2,4.8,12.3,June,2023
8841,Mulugu,Mangapet,2023-06-21,6.3,26.1,42.4,34.3,92.9,2.8,7.6,June,2023
8842,Mulugu,Mangapet,2023-06-22,0.5,25.8,39.2,46.9,79.1,0.0,9.6,June,2023
8843,Mulugu,Mangapet,2023-06-23,16.8,24.3,37.9,50.9,100.0,0.0,13.9,June,2023
8844,Mulugu,Mangapet,2023-06-24,2.0,24.8,30.5,81.2,100.0,0.0,5.1,June,2023
8845,Mulugu,Mangapet,2023-06-25,6.8,24.5,28.9,89.3,98.4,0.0,9.4,June,2023
8846,Mulugu,Mangapet,2023-06-26,9.1,25.4,33.4,68.6,100.0,0.0,17.3,June,2023
8847,Mulugu,Mangapet,2023-06-27,4.1,25.2,31.2,73.5,100.0,0.0,14.4,June,2023
8848,Mulugu,Mangapet,2023-06-28,1.5,24.9,33.1,62.7,100.0,0.0,15.3,June,2023
8849,Mulugu,Mangapet,2023-06-29,12.9,26.1,34.6,56.3,100.0,0.0,36.7,June,2023
8850,Mulugu,Mangapet,2023-06-30,0.0,28.9,37.2,52.7,99.0,0.0,44.8,June,2023
8851,Mulugu,Mulug,2023-06-01,0.0,25.4,40.7,33.5,90.5,0.0,7.9,June,2023
8852,Mulugu,Mulug,2023-06-02,0.0,24.8,43.5,22.3,85.0,0.0,11.4,June,2023
8853,Mulugu,Mulug,2023-06-03,0.0,24.8,44.6,18.9,80.1,0.0,10.5,June,2023
8854,Mulugu,Mulug,2023-06-04,0.0,26.8,44.0,21.6,75.8,0.0,8.5,June,2023
8855,Mulugu,Mulug,2023-06-05,0.6,25.4,43.0,25.7,82.8,0.0,13.5,June,2023
8856,Mulugu,Mulug,2023-06-06,0.0,26.5,41.2,29.7,77.9,0.0,14.0,June,2023
8857,Mulugu,Mulug,2023-06-07,0.0,25.8,44.0,24.3,77.4,0.0,17.1,June,2023
8858,Mulugu,Mulug,2023-06-08,0.0,27.3,43.3,26.4,66.0,0.0,13.1,June,2023
8859,Mulugu,Mulug,2023-06-09,0.0,27.5,43.1,22.3,66.5,0.0,18.1,June,2023
8860,Mulugu,Mulug,2023-06-10,0.0,28.7,43.6,24.3,67.2,0.0,14.7,June,2023
8861,Mulugu,Mulug,2023-06-11,8.4,23.6,41.8,31.1,87.0,0.0,21.1,June,2023
8862,Mulugu,Mulug,2023-06-12,0.0,28.0,40.8,34.2,74.5,0.0,14.9,June,2023
8863,Mulugu,Mulug,2023-06-13,0.1,30.0,41.7,30.4,69.1,0.0,20.4,June,2023
8864,Mulugu,Mulug,2023-06-14,0.0,30.4,42.2,27.7,59.0,0.0,22.2,June,2023
8865,Mulugu,Mulug,2023-06-15,0.0,30.7,41.8,27.7,57.2,0.0,21.4,June,2023
8866,Mulugu,Mulug,2023-06-16,0.0,28.2,41.8,27.5,64.7,0.0,20.0,June,2023
8867,Mulugu,Mulug,2023-06-17,0.0,29.6,42.3,26.4,58.8,0.0,20.4,June,2023
8868,Mulugu,Mulug,2023-06-18,0.0,29.7,41.2,31.2,62.6,0.0,19.4,June,2023
8869,Mulugu,Mulug,2023-06-19,0.0,30.5,41.3,32.4,62.4,0.0,15.1,June,2023
8870,Mulugu,Mulug,2023-06-20,0.0,28.0,41.2,31.1,75.9,0.0,14.4,June,2023
8871,Mulugu,Mulug,2023-06-21,15.1,24.3,41.5,32.4,98.8,0.0,10.5,June,2023
8872,Mulugu,Mulug,2023-06-22,2.0,24.3,38.0,44.8,97.4,0.0,16.0,June,2023
8873,Mulugu,Mulug,2023-06-23,3.1,24.4,35.2,51.2,98.3,0.0,9.6,June,2023
8874,Mulugu,Mulug,2023-06-24,1.0,24.0,31.7,69.3,95.1,0.0,3.4,June,2023
8875,Mulugu,Mulug,2023-06-25,1.7,24.6,29.4,80.7,98.9,0.0,5.8,June,2023
8876,Mulugu,Mulug,2023-06-26,0.0,25.2,33.1,58.2,92.1,0.0,11.2,June,2023
8877,Mulugu,Mulug,2023-06-27,0.0,24.2,32.5,66.6,97.3,0.0,25.9,June,2023
8878,Mulugu,Mulug,2023-06-28,2.0,24.2,33.7,62.5,99.6,0.0,15.5,June,2023
8879,Mulugu,Mulug,2023-06-29,9.1,24.0,33.5,58.8,99.9,0.0,19.3,June,2023
8880,Mulugu,Mulug,2023-06-30,0.0,25.7,37.2,54.9,90.8,0.0,10.7,June,2023
8881,Mulugu,Tadvai,2023-06-01,0.0,25.1,42.7,19.0,90.3,0.0,7.6,June,2023
8882,Mulugu,Tadvai,2023-06-02,0.0,23.5,44.2,11.1,80.6,0.0,5.4,June,2023
8883,Mulugu,Tadvai,2023-06-03,0.0,24.4,45.4,7.7,79.3,0.0,4.8,June,2023
8884,Mulugu,Tadvai,2023-06-04,0.0,26.2,46.0,9.0,73.3,0.0,7.1,June,2023
8885,Mulugu,Tadvai,2023-06-05,0.0,25.1,44.3,14.3,81.8,0.8,9.0,June,2023
8886,Mulugu,Tadvai,2023-06-06,0.0,25.2,42.1,17.0,81.0,0.0,8.8,June,2023
8887,Mulugu,Tadvai,2023-06-07,0.0,25.3,44.7,12.4,78.5,0.0,10.5,June,2023
8888,Mulugu,Tadvai,2023-06-08,0.0,27.6,45.5,13.1,61.0,0.0,9.7,June,2023
8889,Mulugu,Tadvai,2023-06-09,0.0,25.1,44.4,12.4,76.3,0.0,13.9,June,2023
8890,Mulugu,Tadvai,2023-06-10,0.0,29.7,44.5,12.9,60.2,0.0,11.8,June,2023
8891,Mulugu,Tadvai,2023-06-11,0.0,26.5,43.5,21.5,81.3,0.0,11.8,June,2023
8892,Mulugu,Tadvai,2023-06-12,0.0,26.6,43.3,19.7,76.5,0.0,8.6,June,2023
8893,Mulugu,Tadvai,2023-06-13,0.0,30.5,43.0,19.7,73.7,0.0,9.0,June,2023
8894,Mulugu,Tadvai,2023-06-14,0.0,28.7,43.5,15.6,64.4,0.0,10.8,June,2023
8895,Mulugu,Tadvai,2023-06-15,0.0,28.6,43.3,17.6,65.7,0.0,11.3,June,2023
8896,Mulugu,Tadvai,2023-06-16,0.0,26.3,42.8,17.0,73.1,0.0,10.5,June,2023
8897,Mulugu,Tadvai,2023-06-17,0.0,27.1,43.7,14.9,69.2,0.0,12.3,June,2023
8898,Mulugu,Tadvai,2023-06-18,0.0,28.4,42.9,19.7,68.7,0.0,9.2,June,2023
8899,Mulugu,Tadvai,2023-06-19,0.0,28.7,42.4,18.3,68.3,0.0,9.9,June,2023
8900,Mulugu,Tadvai,2023-06-20,0.0,28.6,43.2,18.3,76.5,0.0,11.2,June,2023
8901,Mulugu,Tadvai,2023-06-21,0.2,26.2,44.2,19.7,81.9,0.0,18.0,June,2023
8902,Mulugu,Tadvai,2023-06-22,1.2,25.7,40.8,30.2,88.6,0.0,10.5,June,2023
8903,Mulugu,Tadvai,2023-06-23,2.8,24.7,37.4,33.3,98.6,0.0,10.9,June,2023
8904,Mulugu,Tadvai,2023-06-24,0.4,25.0,32.0,68.3,100.0,0.0,8.5,June,2023
8905,Mulugu,Tadvai,2023-06-25,4.9,24.8,30.7,73.7,100.0,0.0,7.7,June,2023
8906,Mulugu,Tadvai,2023-06-26,11.9,24.7,34.3,54.7,100.0,0.0,10.9,June,2023
8907,Mulugu,Tadvai,2023-06-27,2.0,24.1,31.6,64.3,95.8,0.0,6.8,June,2023
8908,Mulugu,Tadvai,2023-06-28,5.6,24.3,34.4,55.2,95.6,0.0,11.0,June,2023
8909,Mulugu,Tadvai,2023-06-29,9.0,24.6,35.3,49.6,100.0,0.0,11.3,June,2023
8910,Mulugu,Tadvai,2023-06-30,0.0,26.7,37.4,41.2,86.0,0.0,11.0,June,2023
8911,Mulugu,Venkatapur,2023-06-01,0.0,25.6,41.0,29.9,90.4,0.0,7.9,June,2023
8912,Mulugu,Venkatapur,2023-06-02,0.0,24.7,42.5,22.2,90.4,0.0,10.3,June,2023
8913,Mulugu,Venkatapur,2023-06-03,0.0,24.3,43.9,17.5,87.2,0.0,11.4,June,2023
8914,Mulugu,Venkatapur,2023-06-04,0.0,26.9,44.2,18.9,83.1,0.0,11.4,June,2023
8915,Mulugu,Venkatapur,2023-06-05,0.0,25.1,42.9,24.2,86.7,0.0,20.3,June,2023
8916,Mulugu,Venkatapur,2023-06-06,0.0,25.4,41.2,27.2,84.0,0.0,13.9,June,2023
8917,Mulugu,Venkatapur,2023-06-07,0.0,24.9,43.8,20.9,85.4,0.0,17.1,June,2023
8918,Mulugu,Venkatapur,2023-06-08,0.0,27.6,43.4,22.2,66.4,0.0,13.3,June,2023
8919,Mulugu,Venkatapur,2023-06-09,0.0,26.3,42.4,22.9,65.9,0.0,18.1,June,2023
8920,Mulugu,Venkatapur,2023-06-10,0.0,30.2,44.3,19.5,65.0,0.0,17.5,June,2023
8921,Mulugu,Venkatapur,2023-06-11,11.8,22.8,41.7,28.9,88.6,0.0,24.1,June,2023
8922,Mulugu,Venkatapur,2023-06-12,0.0,27.6,40.2,32.8,77.1,0.0,14.9,June,2023
8923,Mulugu,Venkatapur,2023-06-13,0.0,29.7,41.6,29.2,72.3,0.0,19.1,June,2023
8924,Mulugu,Venkatapur,2023-06-14,0.0,30.5,42.5,26.1,59.4,0.0,21.0,June,2023
8925,Mulugu,Venkatapur,2023-06-15,0.0,30.4,42.4,27.4,56.9,0.0,21.4,June,2023
8926,Mulugu,Venkatapur,2023-06-16,0.0,27.4,42.3,25.3,68.3,0.0,18.7,June,2023
8927,Mulugu,Venkatapur,2023-06-17,0.0,28.5,42.9,24.2,66.5,0.0,20.4,June,2023
8928,Mulugu,Venkatapur,2023-06-18,0.1,29.8,42.7,27.8,63.5,0.0,19.4,June,2023
8929,Mulugu,Venkatapur,2023-06-19,0.0,30.0,42.3,28.9,61.4,0.0,15.0,June,2023
8930,Mulugu,Venkatapur,2023-06-20,0.0,28.3,41.7,28.9,76.1,0.0,14.5,June,2023
8931,Mulugu,Venkatapur,2023-06-21,5.1,25.8,42.0,29.8,92.9,0.0,13.3,June,2023
8932,Mulugu,Venkatapur,2023-06-22,1.3,26.1,39.0,39.1,90.4,0.0,16.0,June,2023
8933,Mulugu,Venkatapur,2023-06-23,2.0,24.6,37.1,46.2,96.5,0.0,12.5,June,2023
8934,Mulugu,Venkatapur,2023-06-24,0.8,24.1,31.6,68.7,95.5,0.0,0.5,June,2023
8935,Mulugu,Venkatapur,2023-06-25,1.2,23.8,29.7,79.0,97.4,0.0,1.2,June,2023
8936,Mulugu,Venkatapur,2023-06-26,0.7,25.1,33.8,56.7,94.3,0.0,16.3,June,2023
8937,Mulugu,Venkatapur,2023-06-27,1.0,24.1,31.2,62.5,98.0,0.0,25.9,June,2023
8938,Mulugu,Venkatapur,2023-06-28,5.6,24.1,32.6,58.6,100.0,0.0,22.7,June,2023
8939,Mulugu,Venkatapur,2023-06-29,8.9,24.4,35.5,50.6,98.5,0.0,15.2,June,2023
8940,Mulugu,Venkatapur,2023-06-30,0.0,27.1,35.4,50.6,83.7,0.0,14.9,June,2023
8941,Mulugu,Venkatapuram,2023-06-01,0.0,27.9,41.9,35.0,81.5,0.0,40.0,June,2023
8942,Mulugu,Venkatapuram,2023-06-02,0.0,27.9,44.1,19.2,60.1,0.0,20.3,June,2023
8943,Mulugu,Venkatapuram,2023-06-03,0.0,27.3,44.3,17.4,58.4,0.0,10.4,June,2023
8944,Mulugu,Venkatapuram,2023-06-04,0.0,29.7,45.3,20.0,59.8,0.0,10.8,June,2023
8945,Mulugu,Venkatapuram,2023-06-05,0.2,27.1,44.0,25.4,72.9,0.0,19.9,June,2023
8946,Mulugu,Venkatapuram,2023-06-06,0.0,27.6,42.3,26.4,60.7,0.0,10.2,June,2023
8947,Mulugu,Venkatapuram,2023-06-07,0.0,27.9,43.7,21.7,61.2,0.0,10.8,June,2023
8948,Mulugu,Venkatapuram,2023-06-08,0.5,30.0,44.2,26.4,62.7,0.0,8.1,June,2023
8949,Mulugu,Venkatapuram,2023-06-09,0.0,27.3,42.5,29.6,67.0,0.0,8.8,June,2023
8950,Mulugu,Venkatapuram,2023-06-10,0.0,32.2,43.7,21.7,49.8,0.0,20.9,June,2023
8951,Mulugu,Venkatapuram,2023-06-11,0.0,29.7,40.4,34.3,63.2,1.7,22.2,June,2023
8952,Mulugu,Venkatapuram,2023-06-12,0.0,30.4,40.9,31.8,61.8,0.0,18.4,June,2023
8953,Mulugu,Venkatapuram,2023-06-13,1.3,28.6,42.1,30.3,85.3,0.0,15.8,June,2023
8954,Mulugu,Venkatapuram,2023-06-14,0.0,31.3,42.2,27.2,54.3,0.0,23.3,June,2023
8955,Mulugu,Venkatapuram,2023-06-15,0.0,30.9,41.7,27.6,52.5,0.0,20.3,June,2023
8956,Mulugu,Venkatapuram,2023-06-16,0.0,29.4,41.8,28.2,57.8,0.0,11.6,June,2023
8957,Mulugu,Venkatapuram,2023-06-17,0.0,29.9,43.0,25.4,55.5,0.0,12.9,June,2023
8958,Mulugu,Venkatapuram,2023-06-18,0.0,31.8,43.1,28.4,54.0,0.0,15.1,June,2023
8959,Mulugu,Venkatapuram,2023-06-19,0.0,31.0,42.1,29.4,60.7,0.0,14.9,June,2023
8960,Mulugu,Venkatapuram,2023-06-20,0.0,30.5,42.6,27.2,78.3,4.8,12.3,June,2023
8961,Mulugu,Venkatapuram,2023-06-21,18.3,25.5,43.4,30.9,95.5,1.4,5.8,June,2023
8962,Mulugu,Venkatapuram,2023-06-22,1.2,25.8,38.3,46.5,95.1,0.0,9.1,June,2023
8963,Mulugu,Venkatapuram,2023-06-23,30.2,24.3,36.1,51.7,98.4,0.0,0.0,June,2023
8964,Mulugu,Venkatapuram,2023-06-24,2.3,24.9,29.2,85.3,99.2,0.0,4.2,June,2023
8965,Mulugu,Venkatapuram,2023-06-25,2.5,24.8,28.1,90.1,99.7,0.0,6.8,June,2023
8966,Mulugu,Venkatapuram,2023-06-26,10.2,25.9,32.6,69.8,99.3,0.0,6.1,June,2023
8967,Mulugu,Venkatapuram,2023-06-27,14.9,24.7,30.3,73.6,99.0,0.0,17.1,June,2023
8968,Mulugu,Venkatapuram,2023-06-28,15.6,24.9,32.8,64.1,99.2,0.0,11.4,June,2023
8969,Mulugu,Venkatapuram,2023-06-29,20.6,25.8,33.5,57.1,100.0,0.0,16.8,June,2023
8970,Mulugu,Venkatapuram,2023-06-30,0.0,28.9,36.1,49.2,100.0,0.0,23.0,June,2023
8971,Mulugu,Wazeed,2023-06-01,0.0,26.9,40.3,26.5,100.0,0.0,6.1,June,2023
8972,Mulugu,Wazeed,2023-06-02,0.0,25.8,43.2,20.4,72.1,0.0,8.7,June,2023
8973,Mulugu,Wazeed,2023-06-03,0.0,25.6,44.1,17.0,71.3,0.0,13.7,June,2023
8974,Mulugu,Wazeed,2023-06-04,0.0,28.4,44.9,18.7,63.1,0.0,9.1,June,2023
8975,Mulugu,Wazeed,2023-06-05,0.3,26.3,43.2,24.1,73.9,0.0,9.0,June,2023
8976,Mulugu,Wazeed,2023-06-06,0.0,27.8,41.5,26.0,77.9,0.0,9.4,June,2023
8977,Mulugu,Wazeed,2023-06-07,0.0,26.9,42.9,22.3,77.1,0.0,9.4,June,2023
8978,Mulugu,Wazeed,2023-06-08,0.8,29.2,43.1,22.9,60.6,0.0,13.1,June,2023
8979,Mulugu,Wazeed,2023-06-09,0.0,27.3,42.8,23.7,64.6,0.0,10.1,June,2023
8980,Mulugu,Wazeed,2023-06-10,0.0,32.1,44.7,12.1,56.0,0.0,11.3,June,2023
8981,Mulugu,Wazeed,2023-06-11,4.7,27.1,41.9,21.2,79.7,0.0,9.6,June,2023
8982,Mulugu,Wazeed,2023-06-12,0.0,27.8,42.0,27.8,81.7,0.0,9.3,June,2023
8983,Mulugu,Wazeed,2023-06-13,0.9,28.6,41.1,31.6,89.5,0.0,14.4,June,2023
8984,Mulugu,Wazeed,2023-06-14,0.0,30.0,41.8,25.8,61.9,0.0,14.7,June,2023
8985,Mulugu,Wazeed,2023-06-15,0.0,30.3,41.1,28.9,62.3,0.0,14.7,June,2023
8986,Mulugu,Wazeed,2023-06-16,0.0,28.8,40.7,29.8,64.8,0.0,11.1,June,2023
8987,Mulugu,Wazeed,2023-06-17,0.0,28.4,41.9,25.7,61.6,0.0,14.0,June,2023
8988,Mulugu,Wazeed,2023-06-18,0.0,28.8,42.0,29.4,64.8,0.0,12.0,June,2023
8989,Mulugu,Wazeed,2023-06-19,0.0,29.3,40.4,30.6,65.9,0.0,14.5,June,2023
8990,Mulugu,Wazeed,2023-06-20,0.0,30.2,40.9,29.8,89.5,1.1,13.4,June,2023
8991,Mulugu,Wazeed,2023-06-21,1.2,26.0,41.2,32.8,93.8,2.5,15.1,June,2023
8992,Mulugu,Wazeed,2023-06-22,3.2,25.7,37.9,42.8,100.0,0.0,10.0,June,2023
8993,Mulugu,Wazeed,2023-06-23,26.5,23.9,36.2,53.5,100.0,0.0,11.8,June,2023
8994,Mulugu,Wazeed,2023-06-24,2.4,25.3,28.8,84.1,96.0,0.0,7.4,June,2023
8995,Mulugu,Wazeed,2023-06-25,5.7,23.9,28.1,89.7,100.0,0.0,9.6,June,2023
8996,Mulugu,Wazeed,2023-06-26,1.3,24.8,32.7,70.1,100.0,0.0,7.9,June,2023
8997,Mulugu,Wazeed,2023-06-27,4.0,24.1,28.4,75.6,99.7,0.0,6.0,June,2023
8998,Mulugu,Wazeed,2023-06-28,8.4,24.3,31.1,74.7,100.0,0.0,8.7,June,2023
8999,Mulugu,Wazeed,2023-06-29,21.4,25.0,33.8,60.6,100.0,0.0,7.7,June,2023
9000,Mulugu,Wazeed,2023-06-30,4.1,27.1,37.6,55.4,100.0,0.0,9.0,June,2023
9001,Nagarkurnool,Achampet,2023-06-01,0.0,25.1,38.2,27.0,80.1,0.0,9.9,June,2023
9002,Nagarkurnool,Achampet,2023-06-02,0.0,25.2,38.5,27.6,79.1,0.2,14.6,June,2023
9003,Nagarkurnool,Achampet,2023-06-03,0.0,27.1,40.4,19.5,71.4,0.3,14.9,June,2023
9004,Nagarkurnool,Achampet,2023-06-04,1.7,27.9,39.9,26.3,72.7,1.8,19.2,June,2023
9005,Nagarkurnool,Achampet,2023-06-05,0.0,23.1,32.3,55.2,83.3,1.8,15.5,June,2023
9006,Nagarkurnool,Achampet,2023-06-06,0.0,26.1,36.9,25.4,70.9,1.7,18.5,June,2023
9007,Nagarkurnool,Achampet,2023-06-07,0.4,25.5,38.0,33.1,73.6,0.9,17.1,June,2023
9008,Nagarkurnool,Achampet,2023-06-08,5.9,24.0,37.9,35.0,89.9,2.9,23.4,June,2023
9009,Nagarkurnool,Achampet,2023-06-09,0.0,25.0,37.0,38.9,79.6,0.1,23.5,June,2023
9010,Nagarkurnool,Achampet,2023-06-10,0.6,24.5,36.2,40.6,77.7,4.5,44.7,June,2023
9011,Nagarkurnool,Achampet,2023-06-11,0.0,25.8,35.4,40.2,78.1,7.7,20.8,June,2023
9012,Nagarkurnool,Achampet,2023-06-12,2.7,24.0,36.7,38.0,96.5,0.5,23.2,June,2023
9013,Nagarkurnool,Achampet,2023-06-13,0.0,25.7,36.6,36.4,72.2,2.2,20.1,June,2023
9014,Nagarkurnool,Achampet,2023-06-14,0.0,26.3,37.1,31.3,67.6,3.5,22.3,June,2023
9015,Nagarkurnool,Achampet,2023-06-15,0.0,26.1,36.0,34.2,68.3,3.1,26.2,June,2023
9016,Nagarkurnool,Achampet,2023-06-16,0.0,26.4,37.3,27.2,65.0,1.5,24.3,June,2023
9017,Nagarkurnool,Achampet,2023-06-17,0.0,26.4,37.6,28.6,71.6,3.8,24.5,June,2023
9018,Nagarkurnool,Achampet,2023-06-18,0.0,27.0,37.3,33.0,69.6,0.0,23.0,June,2023
9019,Nagarkurnool,Achampet,2023-06-19,2.2,25.4,37.1,33.2,85.9,3.0,18.5,June,2023
9020,Nagarkurnool,Achampet,2023-06-20,0.0,27.3,36.3,38.0,69.5,1.5,18.3,June,2023
9021,Nagarkurnool,Achampet,2023-06-21,10.0,23.2,38.0,36.0,98.4,2.4,19.2,June,2023
9022,Nagarkurnool,Achampet,2023-06-22,2.1,23.8,35.2,44.2,95.1,1.7,17.7,June,2023
9023,Nagarkurnool,Achampet,2023-06-23,4.4,23.2,33.3,51.1,99.7,1.7,16.9,June,2023
9024,Nagarkurnool,Achampet,2023-06-24,28.4,23.2,32.0,55.7,99.1,0.0,17.4,June,2023
9025,Nagarkurnool,Achampet,2023-06-25,4.0,23.0,29.2,73.9,100.0,0.0,18.1,June,2023
9026,Nagarkurnool,Achampet,2023-06-26,0.2,24.0,31.5,64.4,95.8,5.3,21.7,June,2023
9027,Nagarkurnool,Achampet,2023-06-27,0.2,23.3,29.6,68.0,90.2,0.2,23.1,June,2023
9028,Nagarkurnool,Achampet,2023-06-28,0.0,24.1,31.9,55.0,85.1,3.9,22.1,June,2023
9029,Nagarkurnool,Achampet,2023-06-29,0.0,23.1,32.4,55.3,94.4,3.7,20.6,June,2023
9030,Nagarkurnool,Achampet,2023-06-30,6.6,23.3,32.7,50.5,98.1,5.6,20.8,June,2023
9031,Nagarkurnool,Amrabad,2023-06-01,0.0,24.5,36.6,26.8,82.8,1.3,10.1,June,2023
9032,Nagarkurnool,Amrabad,2023-06-02,0.0,24.3,37.2,26.1,78.8,0.8,14.5,June,2023
9033,Nagarkurnool,Amrabad,2023-06-03,0.0,26.7,38.2,19.8,66.4,3.8,15.3,June,2023
9034,Nagarkurnool,Amrabad,2023-06-04,3.9,25.9,37.2,21.9,80.1,1.2,18.0,June,2023
9035,Nagarkurnool,Amrabad,2023-06-05,2.0,23.7,30.8,54.2,75.1,2.0,15.5,June,2023
9036,Nagarkurnool,Amrabad,2023-06-06,0.0,25.1,35.1,23.7,76.2,0.0,23.4,June,2023
9037,Nagarkurnool,Amrabad,2023-06-07,1.3,24.6,35.8,37.2,83.1,0.2,15.4,June,2023
9038,Nagarkurnool,Amrabad,2023-06-08,10.7,22.6,36.2,36.9,86.2,3.4,21.7,June,2023
9039,Nagarkurnool,Amrabad,2023-06-09,0.0,24.0,34.4,41.3,79.7,0.6,20.6,June,2023
9040,Nagarkurnool,Amrabad,2023-06-10,0.0,23.5,34.7,38.3,83.2,5.2,24.2,June,2023
9041,Nagarkurnool,Amrabad,2023-06-11,0.0,23.7,34.2,40.1,83.1,6.0,19.5,June,2023
9042,Nagarkurnool,Amrabad,2023-06-12,8.3,23.1,34.4,38.4,100.0,3.2,22.8,June,2023
9043,Nagarkurnool,Amrabad,2023-06-13,0.2,23.7,34.6,36.6,77.9,0.3,18.1,June,2023
9044,Nagarkurnool,Amrabad,2023-06-14,0.0,23.8,34.9,30.7,73.2,2.2,20.3,June,2023
9045,Nagarkurnool,Amrabad,2023-06-15,0.0,24.1,34.4,34.2,72.7,7.2,21.0,June,2023
9046,Nagarkurnool,Amrabad,2023-06-16,0.0,24.5,35.3,26.5,67.5,1.2,30.4,June,2023
9047,Nagarkurnool,Amrabad,2023-06-17,0.0,24.2,35.7,27.5,76.2,2.9,22.3,June,2023
9048,Nagarkurnool,Amrabad,2023-06-18,0.0,24.5,35.4,32.4,76.2,0.0,23.2,June,2023
9049,Nagarkurnool,Amrabad,2023-06-19,0.2,24.6,35.9,32.1,77.1,4.3,52.9,June,2023
9050,Nagarkurnool,Amrabad,2023-06-20,0.2,25.8,34.4,37.2,70.6,0.0,18.1,June,2023
9051,Nagarkurnool,Amrabad,2023-06-21,8.6,22.1,35.7,34.5,100.0,11.3,43.2,June,2023
9052,Nagarkurnool,Amrabad,2023-06-22,0.9,22.2,34.6,45.1,100.0,0.0,19.2,June,2023
9053,Nagarkurnool,Amrabad,2023-06-23,1.3,23.5,32.4,53.2,100.0,0.0,15.7,June,2023
9054,Nagarkurnool,Amrabad,2023-06-24,13.9,21.8,30.5,62.1,100.0,0.0,11.6,June,2023
9055,Nagarkurnool,Amrabad,2023-06-25,3.8,21.3,28.4,77.1,100.0,0.0,15.8,June,2023
9056,Nagarkurnool,Amrabad,2023-06-26,0.0,22.4,30.8,61.7,99.8,3.7,17.3,June,2023
9057,Nagarkurnool,Amrabad,2023-06-27,0.0,21.9,28.7,69.0,92.8,1.5,20.2,June,2023
9058,Nagarkurnool,Amrabad,2023-06-28,0.0,22.4,31.0,57.7,87.9,1.3,19.9,June,2023
9059,Nagarkurnool,Amrabad,2023-06-29,3.5,23.1,31.2,56.1,100.0,0.3,14.1,June,2023
9060,Nagarkurnool,Amrabad,2023-06-30,10.7,21.5,31.8,53.0,100.0,3.4,23.6,June,2023
9061,Nagarkurnool,Balmoor,2023-06-01,0.0,25.7,38.4,33.1,80.1,0.0,8.5,June,2023
9062,Nagarkurnool,Balmoor,2023-06-02,5.5,25.4,38.8,32.7,79.4,0.2,12.5,June,2023
9063,Nagarkurnool,Balmoor,2023-06-03,0.0,27.7,40.5,24.1,72.8,0.0,11.5,June,2023
9064,Nagarkurnool,Balmoor,2023-06-04,1.2,28.3,40.2,29.4,75.8,0.1,13.7,June,2023
9065,Nagarkurnool,Balmoor,2023-06-05,0.0,22.8,32.9,57.1,85.2,0.0,13.8,June,2023
9066,Nagarkurnool,Balmoor,2023-06-06,0.0,26.4,37.2,31.0,70.9,0.0,15.2,June,2023
9067,Nagarkurnool,Balmoor,2023-06-07,1.1,23.3,38.3,33.1,85.9,0.2,15.3,June,2023
9068,Nagarkurnool,Balmoor,2023-06-08,3.9,24.2,37.2,43.1,90.2,0.0,14.6,June,2023
9069,Nagarkurnool,Balmoor,2023-06-09,0.0,24.9,37.3,42.5,81.1,0.0,15.0,June,2023
9070,Nagarkurnool,Balmoor,2023-06-10,0.0,25.2,36.5,43.1,80.6,0.0,15.6,June,2023
9071,Nagarkurnool,Balmoor,2023-06-11,0.0,26.2,35.7,44.3,78.1,4.6,15.0,June,2023
9072,Nagarkurnool,Balmoor,2023-06-12,0.0,26.1,37.0,41.9,77.6,0.0,17.0,June,2023
9073,Nagarkurnool,Balmoor,2023-06-13,0.0,26.2,36.7,38.2,73.1,0.0,14.6,June,2023
9074,Nagarkurnool,Balmoor,2023-06-14,0.0,26.6,37.1,32.4,70.8,0.0,18.9,June,2023
9075,Nagarkurnool,Balmoor,2023-06-15,0.0,26.6,36.7,37.0,70.8,1.3,22.3,June,2023
9076,Nagarkurnool,Balmoor,2023-06-16,0.0,27.0,37.3,33.9,67.3,0.9,15.4,June,2023
9077,Nagarkurnool,Balmoor,2023-06-17,0.0,26.5,37.4,34.6,72.3,0.0,14.6,June,2023
9078,Nagarkurnool,Balmoor,2023-06-18,0.0,27.1,37.1,38.9,70.9,0.0,17.1,June,2023
9079,Nagarkurnool,Balmoor,2023-06-19,1.3,26.3,37.2,38.2,81.9,0.0,12.7,June,2023
9080,Nagarkurnool,Balmoor,2023-06-20,0.0,27.5,36.6,41.9,72.3,0.0,12.0,June,2023
9081,Nagarkurnool,Balmoor,2023-06-21,0.7,24.9,37.9,38.6,89.0,0.0,19.2,June,2023
9082,Nagarkurnool,Balmoor,2023-06-22,1.9,23.9,36.0,44.3,92.7,0.0,11.5,June,2023
9083,Nagarkurnool,Balmoor,2023-06-23,1.6,23.2,33.6,51.1,99.7,0.0,11.6,June,2023
9084,Nagarkurnool,Balmoor,2023-06-24,25.2,23.1,32.4,57.0,99.7,0.0,14.7,June,2023
9085,Nagarkurnool,Balmoor,2023-06-25,6.7,23.2,30.1,74.4,100.0,0.0,13.8,June,2023
9086,Nagarkurnool,Balmoor,2023-06-26,0.0,24.0,31.8,64.4,96.3,1.9,16.2,June,2023
9087,Nagarkurnool,Balmoor,2023-06-27,0.0,23.6,30.5,68.0,90.2,0.0,14.6,June,2023
9088,Nagarkurnool,Balmoor,2023-06-28,0.0,24.6,32.2,55.0,84.1,0.7,14.6,June,2023
9089,Nagarkurnool,Balmoor,2023-06-29,1.2,23.8,32.7,56.6,93.5,0.0,13.2,June,2023
9090,Nagarkurnool,Balmoor,2023-06-30,7.0,23.7,33.2,54.5,98.1,0.5,15.8,June,2023
9091,Nagarkurnool,Bijinapalle,2023-06-01,0.0,26.1,40.2,27.5,73.0,0.0,7.2,June,2023
9092,Nagarkurnool,Bijinapalle,2023-06-02,0.1,26.0,40.3,27.8,83.7,0.0,19.6,June,2023
9093,Nagarkurnool,Bijinapalle,2023-06-03,0.0,28.1,42.2,20.6,76.9,0.0,8.5,June,2023
9094,Nagarkurnool,Bijinapalle,2023-06-04,0.0,27.9,40.3,27.2,76.6,0.0,12.7,June,2023
9095,Nagarkurnool,Bijinapalle,2023-06-05,0.8,22.2,34.9,48.0,99.9,0.0,11.4,June,2023
9096,Nagarkurnool,Bijinapalle,2023-06-06,0.0,27.0,38.3,30.0,77.5,0.0,13.1,June,2023
9097,Nagarkurnool,Bijinapalle,2023-06-07,0.5,26.3,39.4,31.7,83.1,0.0,12.3,June,2023
9098,Nagarkurnool,Bijinapalle,2023-06-08,0.0,25.5,39.2,35.8,85.7,0.0,12.1,June,2023
9099,Nagarkurnool,Bijinapalle,2023-06-09,5.4,24.0,38.0,36.9,91.6,0.0,12.4,June,2023
9100,Nagarkurnool,Bijinapalle,2023-06-10,0.0,25.7,38.2,36.9,85.0,0.0,10.5,June,2023
9101,Nagarkurnool,Bijinapalle,2023-06-11,0.0,25.8,37.4,37.5,83.7,0.0,11.1,June,2023
9102,Nagarkurnool,Bijinapalle,2023-06-12,10.5,24.0,38.2,35.8,99.9,0.0,12.3,June,2023
9103,Nagarkurnool,Bijinapalle,2023-06-13,0.0,25.4,37.2,36.9,73.5,0.0,12.7,June,2023
9104,Nagarkurnool,Bijinapalle,2023-06-14,0.0,25.8,38.5,30.8,78.2,0.0,12.1,June,2023
9105,Nagarkurnool,Bijinapalle,2023-06-15,0.0,25.7,38.1,32.7,76.4,0.0,12.4,June,2023
9106,Nagarkurnool,Bijinapalle,2023-06-16,0.0,26.0,38.7,29.5,72.0,0.0,11.8,June,2023
9107,Nagarkurnool,Bijinapalle,2023-06-17,0.0,26.2,38.0,32.1,77.7,0.0,11.6,June,2023
9108,Nagarkurnool,Bijinapalle,2023-06-18,0.0,26.7,37.6,33.4,76.4,0.0,14.3,June,2023
9109,Nagarkurnool,Bijinapalle,2023-06-19,0.0,26.3,38.6,32.7,83.8,0.0,12.1,June,2023
9110,Nagarkurnool,Bijinapalle,2023-06-20,0.0,27.6,37.1,38.0,76.4,0.0,8.1,June,2023
9111,Nagarkurnool,Bijinapalle,2023-06-21,0.0,26.2,39.7,32.3,83.7,0.0,15.2,June,2023
9112,Nagarkurnool,Bijinapalle,2023-06-22,19.4,23.0,39.4,37.1,99.9,0.0,12.6,June,2023
9113,Nagarkurnool,Bijinapalle,2023-06-23,0.1,25.2,34.9,45.3,97.3,0.0,9.8,June,2023
9114,Nagarkurnool,Bijinapalle,2023-06-24,19.4,24.0,34.1,52.4,99.9,0.0,10.0,June,2023
9115,Nagarkurnool,Bijinapalle,2023-06-25,9.1,23.4,30.7,66.3,99.9,0.0,11.6,June,2023
9116,Nagarkurnool,Bijinapalle,2023-06-26,3.3,23.6,32.5,58.0,99.9,0.0,10.6,June,2023
9117,Nagarkurnool,Bijinapalle,2023-06-27,0.0,23.5,30.6,65.3,99.9,0.0,11.9,June,2023
9118,Nagarkurnool,Bijinapalle,2023-06-28,0.0,24.4,33.0,55.4,99.9,0.0,14.1,June,2023
9119,Nagarkurnool,Bijinapalle,2023-06-29,1.2,23.4,33.9,51.4,97.7,0.0,10.5,June,2023
9120,Nagarkurnool,Bijinapalle,2023-06-30,7.0,23.5,33.8,48.0,99.9,0.0,13.0,June,2023
9121,Nagarkurnool,Charakonda,2023-06-01,0.0,27.7,40.8,21.1,64.0,0.0,12.4,June,2023
9122,Nagarkurnool,Charakonda,2023-06-02,0.0,28.0,41.1,21.1,69.5,0.0,16.0,June,2023
9123,Nagarkurnool,Charakonda,2023-06-03,0.0,30.3,41.2,12.5,55.6,0.0,13.5,June,2023
9124,Nagarkurnool,Charakonda,2023-06-04,0.0,30.6,41.5,17.5,56.7,0.0,15.3,June,2023
9125,Nagarkurnool,Charakonda,2023-06-05,0.0,25.7,33.8,37.0,73.8,0.0,16.6,June,2023
9126,Nagarkurnool,Charakonda,2023-06-06,0.0,29.3,37.9,21.6,65.1,0.0,14.7,June,2023
9127,Nagarkurnool,Charakonda,2023-06-07,1.2,27.2,40.9,19.6,86.8,0.0,18.0,June,2023
9128,Nagarkurnool,Charakonda,2023-06-08,1.9,26.8,40.7,23.3,79.3,0.0,26.5,June,2023
9129,Nagarkurnool,Charakonda,2023-06-09,1.4,27.4,38.0,33.0,73.6,0.0,20.0,June,2023
9130,Nagarkurnool,Charakonda,2023-06-10,14.9,27.4,39.5,27.5,75.9,2.8,17.4,June,2023
9131,Nagarkurnool,Charakonda,2023-06-11,0.0,28.3,37.1,35.2,67.1,0.0,17.8,June,2023
9132,Nagarkurnool,Charakonda,2023-06-12,0.0,27.5,37.0,33.7,77.8,0.0,20.3,June,2023
9133,Nagarkurnool,Charakonda,2023-06-13,0.0,28.4,37.4,25.1,66.1,1.7,18.2,June,2023
9134,Nagarkurnool,Charakonda,2023-06-14,0.0,28.6,38.1,23.0,59.3,0.0,20.0,June,2023
9135,Nagarkurnool,Charakonda,2023-06-15,0.0,28.2,37.2,25.6,59.3,0.4,19.0,June,2023
9136,Nagarkurnool,Charakonda,2023-06-16,0.0,28.9,38.4,20.1,52.1,0.0,15.0,June,2023
9137,Nagarkurnool,Charakonda,2023-06-17,0.0,28.8,38.4,23.0,59.9,5.5,15.0,June,2023
9138,Nagarkurnool,Charakonda,2023-06-18,0.0,29.6,38.0,25.9,54.6,0.0,15.3,June,2023
9139,Nagarkurnool,Charakonda,2023-06-19,0.4,26.4,38.0,26.6,79.8,0.2,15.7,June,2023
9140,Nagarkurnool,Charakonda,2023-06-20,0.0,29.3,37.7,31.6,57.8,0.0,14.1,June,2023
9141,Nagarkurnool,Charakonda,2023-06-21,21.3,24.4,38.3,28.8,100.0,0.0,12.6,June,2023
9142,Nagarkurnool,Charakonda,2023-06-22,3.9,25.3,36.6,44.3,100.0,0.0,13.9,June,2023
9143,Nagarkurnool,Charakonda,2023-06-23,3.0,23.9,33.8,55.5,100.0,0.0,10.8,June,2023
9144,Nagarkurnool,Charakonda,2023-06-24,19.7,24.5,32.8,61.4,95.6,0.0,13.6,June,2023
9145,Nagarkurnool,Charakonda,2023-06-25,0.0,25.2,31.9,72.1,90.5,0.0,15.5,June,2023
9146,Nagarkurnool,Charakonda,2023-06-26,0.0,25.5,32.9,59.3,92.0,1.9,15.6,June,2023
9147,Nagarkurnool,Charakonda,2023-06-27,0.0,25.6,30.7,65.1,89.8,0.0,15.2,June,2023
9148,Nagarkurnool,Charakonda,2023-06-28,0.0,26.5,32.0,56.7,77.4,0.0,15.6,June,2023
9149,Nagarkurnool,Charakonda,2023-06-29,8.0,24.9,33.0,51.9,100.0,0.0,14.8,June,2023
9150,Nagarkurnool,Charakonda,2023-06-30,1.4,24.8,33.1,52.4,88.5,0.9,18.5,June,2023
9151,Nagarkurnool,Kalwakurthy,2023-06-01,0.0,24.8,39.9,27.4,81.9,0.0,10.7,June,2023
9152,Nagarkurnool,Kalwakurthy,2023-06-02,7.6,24.7,40.6,23.2,82.6,0.0,26.0,June,2023
9153,Nagarkurnool,Kalwakurthy,2023-06-03,0.0,25.7,41.4,17.7,65.9,0.0,13.8,June,2023
9154,Nagarkurnool,Kalwakurthy,2023-06-04,0.1,27.8,41.9,19.1,70.4,0.0,17.8,June,2023
9155,Nagarkurnool,Kalwakurthy,2023-06-05,0.0,21.9,34.3,47.2,99.9,0.0,21.9,June,2023
9156,Nagarkurnool,Kalwakurthy,2023-06-06,0.0,25.5,39.1,22.9,76.6,0.0,19.6,June,2023
9157,Nagarkurnool,Kalwakurthy,2023-06-07,0.0,27.5,40.7,30.2,69.9,0.0,22.7,June,2023
9158,Nagarkurnool,Kalwakurthy,2023-06-08,0.3,25.6,40.8,27.4,76.4,0.0,19.8,June,2023
9159,Nagarkurnool,Kalwakurthy,2023-06-09,0.0,25.2,39.9,30.5,76.4,0.0,9.0,June,2023
9160,Nagarkurnool,Kalwakurthy,2023-06-10,3.8,24.6,39.3,33.2,88.1,5.3,21.8,June,2023
9161,Nagarkurnool,Kalwakurthy,2023-06-11,1.5,25.9,38.5,35.0,72.4,0.0,6.4,June,2023
9162,Nagarkurnool,Kalwakurthy,2023-06-12,1.5,25.4,39.1,34.4,80.3,0.0,24.3,June,2023
9163,Nagarkurnool,Kalwakurthy,2023-06-13,0.0,25.7,39.6,29.0,70.4,0.0,23.3,June,2023
9164,Nagarkurnool,Kalwakurthy,2023-06-14,0.0,26.3,40.1,24.7,65.6,0.0,26.1,June,2023
9165,Nagarkurnool,Kalwakurthy,2023-06-15,0.0,26.4,39.8,27.2,65.2,0.0,27.5,June,2023
9166,Nagarkurnool,Kalwakurthy,2023-06-16,0.0,26.4,39.9,24.7,62.3,0.0,25.6,June,2023
9167,Nagarkurnool,Kalwakurthy,2023-06-17,0.0,26.4,40.6,23.2,65.8,0.0,20.6,June,2023
9168,Nagarkurnool,Kalwakurthy,2023-06-18,0.0,27.4,39.8,26.0,64.7,0.0,23.0,June,2023
9169,Nagarkurnool,Kalwakurthy,2023-06-19,0.0,26.2,39.6,26.8,76.4,0.0,19.6,June,2023
9170,Nagarkurnool,Kalwakurthy,2023-06-20,0.0,26.5,39.6,32.0,69.9,0.0,16.7,June,2023
9171,Nagarkurnool,Kalwakurthy,2023-06-21,1.5,24.9,41.4,26.2,90.3,0.0,15.0,June,2023
9172,Nagarkurnool,Kalwakurthy,2023-06-22,46.8,22.6,39.1,36.1,100.0,0.0,28.0,June,2023
9173,Nagarkurnool,Kalwakurthy,2023-06-23,0.5,24.5,34.6,49.6,92.3,0.0,17.0,June,2023
9174,Nagarkurnool,Kalwakurthy,2023-06-24,31.5,23.8,33.8,56.2,100.0,0.0,15.0,June,2023
9175,Nagarkurnool,Kalwakurthy,2023-06-25,3.2,23.6,32.3,79.1,100.0,0.0,15.3,June,2023
9176,Nagarkurnool,Kalwakurthy,2023-06-26,0.0,24.1,33.0,61.8,99.9,4.2,17.8,June,2023
9177,Nagarkurnool,Kalwakurthy,2023-06-27,0.0,23.6,32.1,70.4,96.9,0.0,19.0,June,2023
9178,Nagarkurnool,Kalwakurthy,2023-06-28,0.0,24.6,32.8,57.9,84.4,0.0,20.2,June,2023
9179,Nagarkurnool,Kalwakurthy,2023-06-29,2.0,22.9,35.5,54.7,97.2,0.0,23.1,June,2023
9180,Nagarkurnool,Kalwakurthy,2023-06-30,6.0,23.0,34.7,49.9,97.6,0.0,32.2,June,2023
9181,Nagarkurnool,Kodair,2023-06-01,0.0,27.6,41.5,23.6,72.3,0.0,0.2,June,2023
9182,Nagarkurnool,Kodair,2023-06-02,0.0,26.7,39.8,22.3,80.5,0.0,2.3,June,2023
9183,Nagarkurnool,Kodair,2023-06-03,0.0,28.1,42.1,15.9,71.1,0.0,3.8,June,2023
9184,Nagarkurnool,Kodair,2023-06-04,0.9,29.5,41.1,21.0,77.3,0.0,1.2,June,2023
9185,Nagarkurnool,Kodair,2023-06-05,0.0,23.8,35.9,45.2,93.1,0.0,3.1,June,2023
9186,Nagarkurnool,Kodair,2023-06-06,0.0,27.5,39.5,22.9,71.0,0.0,6.1,June,2023
9187,Nagarkurnool,Kodair,2023-06-07,0.0,27.6,40.4,24.9,76.6,0.0,4.0,June,2023
9188,Nagarkurnool,Kodair,2023-06-08,0.9,26.6,39.8,31.9,85.1,0.0,11.8,June,2023
9189,Nagarkurnool,Kodair,2023-06-09,0.7,24.8,39.5,31.0,89.5,0.0,5.3,June,2023
9190,Nagarkurnool,Kodair,2023-06-10,0.0,26.3,38.8,33.5,85.6,0.0,2.9,June,2023
9191,Nagarkurnool,Kodair,2023-06-11,0.0,27.8,38.0,35.9,78.4,0.0,6.3,June,2023
9192,Nagarkurnool,Kodair,2023-06-12,0.0,27.5,38.3,36.5,80.5,0.0,7.3,June,2023
9193,Nagarkurnool,Kodair,2023-06-13,0.0,27.5,38.0,30.3,73.1,0.0,8.6,June,2023
9194,Nagarkurnool,Kodair,2023-06-14,0.0,27.6,39.7,26.1,68.8,0.0,8.5,June,2023
9195,Nagarkurnool,Kodair,2023-06-15,0.0,28.1,38.9,27.1,67.0,0.0,12.1,June,2023
9196,Nagarkurnool,Kodair,2023-06-16,0.0,28.4,38.9,25.9,61.1,0.0,10.8,June,2023
9197,Nagarkurnool,Kodair,2023-06-17,0.0,28.2,38.9,26.5,68.8,0.0,11.4,June,2023
9198,Nagarkurnool,Kodair,2023-06-18,0.0,27.8,39.7,28.1,68.8,0.0,10.4,June,2023
9199,Nagarkurnool,Kodair,2023-06-19,1.8,26.6,39.1,28.4,90.0,0.0,9.2,June,2023
9200,Nagarkurnool,Kodair,2023-06-20,0.0,28.8,38.0,32.2,71.4,0.0,11.6,June,2023
9201,Nagarkurnool,Kodair,2023-06-21,0.0,27.9,39.2,30.3,78.4,0.0,15.6,June,2023
9202,Nagarkurnool,Kodair,2023-06-22,4.5,25.2,37.8,34.8,100.0,0.0,11.9,June,2023
9203,Nagarkurnool,Kodair,2023-06-23,14.3,25.8,34.9,50.6,100.0,0.0,7.5,June,2023
9204,Nagarkurnool,Kodair,2023-06-24,10.6,25.6,34.0,54.1,98.8,0.4,7.7,June,2023
9205,Nagarkurnool,Kodair,2023-06-25,9.9,24.6,32.3,67.3,100.0,0.0,7.7,June,2023
9206,Nagarkurnool,Kodair,2023-06-26,0.7,25.6,33.1,59.8,100.0,0.3,10.2,June,2023
9207,Nagarkurnool,Kodair,2023-06-27,0.0,24.9,32.5,63.0,93.9,0.0,12.8,June,2023
9208,Nagarkurnool,Kodair,2023-06-28,0.0,26.3,33.3,49.6,83.8,1.0,11.8,June,2023
9209,Nagarkurnool,Kodair,2023-06-29,0.0,26.0,35.2,49.0,82.0,0.5,8.8,June,2023
9210,Nagarkurnool,Kodair,2023-06-30,1.1,25.3,35.1,45.8,89.1,2.9,12.1,June,2023
9211,Nagarkurnool,Kollapur,2023-06-01,0.0,28.5,41.0,27.7,58.3,0.0,8.1,June,2023
9212,Nagarkurnool,Kollapur,2023-06-02,0.0,25.9,41.8,25.5,77.0,0.4,8.0,June,2023
9213,Nagarkurnool,Kollapur,2023-06-03,0.0,27.2,40.0,25.3,68.5,0.0,7.4,June,2023
9214,Nagarkurnool,Kollapur,2023-06-04,0.0,30.1,41.0,27.8,64.8,0.0,0.1,June,2023
9215,Nagarkurnool,Kollapur,2023-06-05,0.0,24.3,35.8,40.6,74.7,0.0,10.9,June,2023
9216,Nagarkurnool,Kollapur,2023-06-06,0.0,27.5,39.4,23.1,67.1,0.0,10.9,June,2023
9217,Nagarkurnool,Kollapur,2023-06-07,1.2,26.4,39.9,29.1,74.7,0.0,0.1,June,2023
9218,Nagarkurnool,Kollapur,2023-06-08,0.5,25.4,39.1,33.9,86.8,0.2,9.7,June,2023
9219,Nagarkurnool,Kollapur,2023-06-09,1.1,24.8,38.7,34.8,81.5,0.5,11.2,June,2023
9220,Nagarkurnool,Kollapur,2023-06-10,0.0,26.2,38.3,36.1,75.4,0.0,16.2,June,2023
9221,Nagarkurnool,Kollapur,2023-06-11,0.0,27.0,38.2,37.7,72.6,0.0,9.6,June,2023
9222,Nagarkurnool,Kollapur,2023-06-12,0.0,27.5,37.7,38.1,70.9,0.0,0.3,June,2023
9223,Nagarkurnool,Kollapur,2023-06-13,0.0,26.8,37.9,35.0,67.9,0.0,9.9,June,2023
9224,Nagarkurnool,Kollapur,2023-06-14,0.0,26.7,38.5,31.2,66.7,0.0,0.1,June,2023
9225,Nagarkurnool,Kollapur,2023-06-15,0.0,27.2,37.9,32.7,65.7,1.1,9.7,June,2023
9226,Nagarkurnool,Kollapur,2023-06-16,0.0,27.2,38.3,28.6,65.3,0.0,0.1,June,2023
9227,Nagarkurnool,Kollapur,2023-06-17,0.0,27.2,38.5,27.9,66.1,0.0,0.2,June,2023
9228,Nagarkurnool,Kollapur,2023-06-18,0.0,28.7,37.7,33.1,62.6,0.0,0.1,June,2023
9229,Nagarkurnool,Kollapur,2023-06-19,0.0,26.6,37.9,34.1,74.4,0.0,0.1,June,2023
9230,Nagarkurnool,Kollapur,2023-06-20,0.0,27.7,37.4,37.8,69.8,0.0,0.1,June,2023
9231,Nagarkurnool,Kollapur,2023-06-21,0.0,26.4,38.2,34.8,76.4,0.0,0.1,June,2023
9232,Nagarkurnool,Kollapur,2023-06-22,0.1,25.1,36.5,39.3,95.7,0.0,0.1,June,2023
9233,Nagarkurnool,Kollapur,2023-06-23,1.2,27.2,37.1,37.7,74.6,0.0,0.1,June,2023
9234,Nagarkurnool,Kollapur,2023-06-24,0.0,26.6,34.4,44.1,81.3,0.0,0.1,June,2023
9235,Nagarkurnool,Kollapur,2023-06-25,1.0,25.1,32.9,56.8,97.8,0.0,8.8,June,2023
9236,Nagarkurnool,Kollapur,2023-06-26,6.1,25.5,34.4,48.4,100.0,0.4,8.4,June,2023
9237,Nagarkurnool,Kollapur,2023-06-27,0.0,24.9,32.9,51.0,89.2,0.0,11.7,June,2023
9238,Nagarkurnool,Kollapur,2023-06-28,0.0,26.4,34.3,42.3,72.1,1.8,15.3,June,2023
9239,Nagarkurnool,Kollapur,2023-06-29,0.0,25.1,34.6,43.7,77.5,0.2,9.5,June,2023
9240,Nagarkurnool,Kollapur,2023-06-30,0.0,24.7,34.9,42.1,79.2,0.9,14.7,June,2023
9241,Nagarkurnool,Lingal,2023-06-01,0.0,28.2,37.9,37.1,64.7,0.0,0.0,June,2023
9242,Nagarkurnool,Lingal,2023-06-02,6.4,24.2,39.7,35.4,80.4,0.0,0.0,June,2023
9243,Nagarkurnool,Lingal,2023-06-03,0.0,27.2,39.8,32.9,74.9,0.0,0.0,June,2023
9244,Nagarkurnool,Lingal,2023-06-04,1.3,28.6,39.2,35.9,75.8,0.0,0.0,June,2023
9245,Nagarkurnool,Lingal,2023-06-05,0.0,22.8,32.3,62.2,87.1,0.0,0.0,June,2023
9246,Nagarkurnool,Lingal,2023-06-06,0.0,27.4,36.2,36.2,70.0,0.0,0.0,June,2023
9247,Nagarkurnool,Lingal,2023-06-07,3.5,22.9,37.8,36.5,88.0,0.0,0.0,June,2023
9248,Nagarkurnool,Lingal,2023-06-08,0.7,24.0,37.4,47.6,84.5,0.0,0.0,June,2023
9249,Nagarkurnool,Lingal,2023-06-09,0.0,25.1,35.8,48.4,80.9,0.0,0.0,June,2023
9250,Nagarkurnool,Lingal,2023-06-10,0.0,25.4,36.4,47.2,80.2,0.0,0.0,June,2023
9251,Nagarkurnool,Lingal,2023-06-11,0.0,26.3,36.0,47.8,78.3,0.0,0.0,June,2023
9252,Nagarkurnool,Lingal,2023-06-12,0.0,26.4,36.4,47.8,78.0,0.0,0.0,June,2023
9253,Nagarkurnool,Lingal,2023-06-13,0.0,26.0,36.4,42.6,73.2,0.0,0.0,June,2023
9254,Nagarkurnool,Lingal,2023-06-14,0.0,26.6,36.9,37.1,70.0,0.0,0.0,June,2023
9255,Nagarkurnool,Lingal,2023-06-15,0.0,26.5,36.4,39.1,70.5,0.0,0.0,June,2023
9256,Nagarkurnool,Lingal,2023-06-16,0.0,27.1,37.3,36.5,66.2,0.0,0.0,June,2023
9257,Nagarkurnool,Lingal,2023-06-17,0.0,26.8,37.7,39.4,72.9,0.0,0.0,June,2023
9258,Nagarkurnool,Lingal,2023-06-18,0.0,27.6,37.0,41.8,71.0,0.0,0.0,June,2023
9259,Nagarkurnool,Lingal,2023-06-19,0.0,25.5,37.5,41.2,84.0,0.0,0.0,June,2023
9260,Nagarkurnool,Lingal,2023-06-20,0.0,27.8,36.0,46.1,71.4,0.0,0.0,June,2023
9261,Nagarkurnool,Lingal,2023-06-21,0.0,26.0,38.0,41.8,80.7,0.0,0.0,June,2023
9262,Nagarkurnool,Lingal,2023-06-22,0.0,24.3,36.6,48.2,91.7,0.0,0.0,June,2023
9263,Nagarkurnool,Lingal,2023-06-23,10.0,23.2,34.1,53.5,94.6,0.0,11.5,June,2023
9264,Nagarkurnool,Lingal,2023-06-24,21.1,23.1,32.5,58.7,99.7,0.0,14.7,June,2023
9265,Nagarkurnool,Lingal,2023-06-25,9.3,23.2,30.2,72.5,100.0,0.0,11.7,June,2023
9266,Nagarkurnool,Lingal,2023-06-26,3.2,24.0,32.3,65.3,100.0,0.1,15.1,June,2023
9267,Nagarkurnool,Lingal,2023-06-27,0.0,24.1,30.8,69.2,91.2,0.0,12.3,June,2023
9268,Nagarkurnool,Lingal,2023-06-28,0.0,25.4,32.8,57.1,83.1,0.0,12.6,June,2023
9269,Nagarkurnool,Lingal,2023-06-29,0.3,24.7,32.8,60.2,90.7,0.0,12.6,June,2023
9270,Nagarkurnool,Lingal,2023-06-30,1.2,24.4,33.0,56.1,93.6,0.0,15.8,June,2023
9271,Nagarkurnool,Nagar_Kurnool,2023-06-01,0.0,25.9,41.2,19.3,67.2,0.0,12.2,June,2023
9272,Nagarkurnool,Nagar_Kurnool,2023-06-02,0.0,25.7,40.6,23.9,79.3,0.0,13.9,June,2023
9273,Nagarkurnool,Nagar_Kurnool,2023-06-03,0.0,27.4,42.8,12.5,64.8,0.0,12.1,June,2023
9274,Nagarkurnool,Nagar_Kurnool,2023-06-04,1.3,25.6,42.0,16.0,74.6,0.0,12.7,June,2023
9275,Nagarkurnool,Nagar_Kurnool,2023-06-05,0.0,22.0,33.8,44.2,86.9,0.0,15.5,June,2023
9276,Nagarkurnool,Nagar_Kurnool,2023-06-06,0.0,26.8,39.2,20.5,69.7,0.0,15.3,June,2023
9277,Nagarkurnool,Nagar_Kurnool,2023-06-07,0.0,25.2,40.3,22.5,75.0,0.0,14.4,June,2023
9278,Nagarkurnool,Nagar_Kurnool,2023-06-08,4.8,23.6,39.9,31.3,100.0,2.0,15.7,June,2023
9279,Nagarkurnool,Nagar_Kurnool,2023-06-09,3.3,22.8,37.7,32.3,89.8,0.0,21.0,June,2023
9280,Nagarkurnool,Nagar_Kurnool,2023-06-10,0.0,24.8,38.1,30.1,83.1,0.0,10.2,June,2023
9281,Nagarkurnool,Nagar_Kurnool,2023-06-11,0.0,25.5,36.6,35.2,78.2,0.0,10.1,June,2023
9282,Nagarkurnool,Nagar_Kurnool,2023-06-12,0.6,24.5,37.3,34.7,89.8,0.0,11.6,June,2023
9283,Nagarkurnool,Nagar_Kurnool,2023-06-13,0.0,24.8,37.2,29.4,74.5,0.0,14.5,June,2023
9284,Nagarkurnool,Nagar_Kurnool,2023-06-14,0.0,25.8,37.9,27.2,72.1,5.9,15.8,June,2023
9285,Nagarkurnool,Nagar_Kurnool,2023-06-15,0.0,25.9,37.3,27.8,71.6,0.0,12.4,June,2023
9286,Nagarkurnool,Nagar_Kurnool,2023-06-16,0.0,26.0,38.8,20.6,68.7,0.0,15.5,June,2023
9287,Nagarkurnool,Nagar_Kurnool,2023-06-17,0.0,26.0,37.9,24.8,72.9,2.0,16.1,June,2023
9288,Nagarkurnool,Nagar_Kurnool,2023-06-18,0.0,26.5,37.5,27.4,71.5,0.0,15.2,June,2023
9289,Nagarkurnool,Nagar_Kurnool,2023-06-19,2.2,25.0,38.0,26.4,84.7,2.5,17.9,June,2023
9290,Nagarkurnool,Nagar_Kurnool,2023-06-20,0.0,27.2,38.2,32.3,69.7,0.0,11.9,June,2023
9291,Nagarkurnool,Nagar_Kurnool,2023-06-21,0.0,26.1,38.6,28.7,76.6,2.1,12.6,June,2023
9292,Nagarkurnool,Nagar_Kurnool,2023-06-22,13.1,23.4,37.9,33.0,100.0,3.0,13.2,June,2023
9293,Nagarkurnool,Nagar_Kurnool,2023-06-23,12.2,23.4,35.8,40.3,100.0,0.0,13.9,June,2023
9294,Nagarkurnool,Nagar_Kurnool,2023-06-24,24.6,23.9,32.8,52.4,100.0,0.0,12.0,June,2023
9295,Nagarkurnool,Nagar_Kurnool,2023-06-25,17.2,23.2,30.7,66.1,100.0,0.0,11.8,June,2023
9296,Nagarkurnool,Nagar_Kurnool,2023-06-26,6.3,23.8,32.0,60.1,100.0,6.3,14.8,June,2023
9297,Nagarkurnool,Nagar_Kurnool,2023-06-27,0.0,23.6,30.7,66.1,100.0,0.0,14.5,June,2023
9298,Nagarkurnool,Nagar_Kurnool,2023-06-28,0.0,24.5,32.3,53.7,100.0,2.8,15.4,June,2023
9299,Nagarkurnool,Nagar_Kurnool,2023-06-29,1.3,23.6,32.9,50.0,100.0,0.0,14.3,June,2023
9300,Nagarkurnool,Nagar_Kurnool,2023-06-30,4.8,23.3,33.9,43.2,100.0,5.9,15.0,June,2023
9301,Nagarkurnool,Padra,2023-06-01,0.0,24.8,36.0,34.6,82.5,0.0,10.6,June,2023
9302,Nagarkurnool,Padra,2023-06-02,0.0,26.7,37.3,32.7,67.1,0.0,22.0,June,2023
9303,Nagarkurnool,Padra,2023-06-03,0.0,27.4,37.8,24.4,60.0,0.0,15.3,June,2023
9304,Nagarkurnool,Padra,2023-06-04,0.0,27.6,37.6,28.1,65.8,0.0,14.6,June,2023
9305,Nagarkurnool,Padra,2023-06-05,0.0,24.3,32.5,46.8,67.0,0.0,15.9,June,2023
9306,Nagarkurnool,Padra,2023-06-06,0.0,26.4,35.5,28.4,62.0,0.0,15.3,June,2023
9307,Nagarkurnool,Padra,2023-06-07,27.3,24.2,35.7,40.3,74.9,0.0,18.7,June,2023
9308,Nagarkurnool,Padra,2023-06-08,18.0,22.5,35.9,44.0,80.3,0.0,23.8,June,2023
9309,Nagarkurnool,Padra,2023-06-09,0.0,25.7,34.4,44.5,72.6,0.0,25.3,June,2023
9310,Nagarkurnool,Padra,2023-06-10,0.0,26.0,34.8,39.2,70.5,0.0,23.1,June,2023
9311,Nagarkurnool,Padra,2023-06-11,0.0,25.9,36.9,43.4,69.3,8.2,18.7,June,2023
9312,Nagarkurnool,Padra,2023-06-12,4.4,24.0,34.4,41.4,86.4,0.1,22.8,June,2023
9313,Nagarkurnool,Padra,2023-06-13,0.0,25.8,34.0,40.9,69.7,0.1,21.7,June,2023
9314,Nagarkurnool,Padra,2023-06-14,0.0,26.0,35.1,35.7,65.7,0.7,23.6,June,2023
9315,Nagarkurnool,Padra,2023-06-15,0.0,26.3,34.7,38.8,64.3,0.6,20.6,June,2023
9316,Nagarkurnool,Padra,2023-06-16,0.0,26.4,35.4,31.5,63.0,0.3,28.4,June,2023
9317,Nagarkurnool,Padra,2023-06-17,0.0,26.3,36.0,32.1,66.2,0.1,20.2,June,2023
9318,Nagarkurnool,Padra,2023-06-18,0.0,26.9,35.8,34.0,65.3,0.0,24.9,June,2023
9319,Nagarkurnool,Padra,2023-06-19,0.0,26.4,36.1,36.2,66.2,0.0,20.3,June,2023
9320,Nagarkurnool,Padra,2023-06-20,0.0,28.0,35.8,38.3,62.0,0.0,15.0,June,2023
9321,Nagarkurnool,Padra,2023-06-21,6.9,23.0,35.6,36.7,100.0,0.0,19.8,June,2023
9322,Nagarkurnool,Padra,2023-06-22,0.7,24.6,34.1,47.8,99.3,0.0,23.0,June,2023
9323,Nagarkurnool,Padra,2023-06-23,0.7,24.0,31.9,61.6,100.0,0.0,18.5,June,2023
9324,Nagarkurnool,Padra,2023-06-24,11.8,23.7,30.7,64.0,96.5,0.0,17.2,June,2023
9325,Nagarkurnool,Padra,2023-06-25,5.4,23.3,28.3,72.0,100.0,0.0,22.2,June,2023
9326,Nagarkurnool,Padra,2023-06-26,0.0,24.2,30.2,64.0,96.0,2.2,18.5,June,2023
9327,Nagarkurnool,Padra,2023-06-27,0.0,24.0,29.1,67.2,91.1,0.0,23.8,June,2023
9328,Nagarkurnool,Padra,2023-06-28,0.0,24.3,30.6,59.7,85.0,0.0,20.0,June,2023
9329,Nagarkurnool,Padra,2023-06-29,0.5,23.0,31.8,57.8,92.4,0.0,20.2,June,2023
9330,Nagarkurnool,Padra,2023-06-30,1.1,23.4,32.4,53.7,93.7,0.3,20.2,June,2023
9331,Nagarkurnool,Peddakothapalle,2023-06-01,0.0,26.7,40.0,29.1,79.2,0.0,0.2,June,2023
9332,Nagarkurnool,Peddakothapalle,2023-06-02,0.0,25.0,42.5,26.2,82.3,0.0,2.3,June,2023
9333,Nagarkurnool,Peddakothapalle,2023-06-03,0.0,27.4,40.6,26.0,71.9,0.0,2.0,June,2023
9334,Nagarkurnool,Peddakothapalle,2023-06-04,0.8,27.3,41.1,28.0,76.1,0.0,1.0,June,2023
9335,Nagarkurnool,Peddakothapalle,2023-06-05,0.0,22.2,35.2,47.5,94.3,0.0,3.1,June,2023
9336,Nagarkurnool,Peddakothapalle,2023-06-06,0.0,25.9,38.7,30.4,76.7,0.0,3.8,June,2023
9337,Nagarkurnool,Peddakothapalle,2023-06-07,1.0,25.1,40.0,28.0,83.7,0.0,2.7,June,2023
9338,Nagarkurnool,Peddakothapalle,2023-06-08,1.4,24.9,39.6,36.5,87.0,0.0,7.4,June,2023
9339,Nagarkurnool,Peddakothapalle,2023-06-09,0.8,23.1,38.6,36.2,89.9,0.0,3.0,June,2023
9340,Nagarkurnool,Peddakothapalle,2023-06-10,0.0,25.1,38.6,37.9,83.3,0.0,4.3,June,2023
9341,Nagarkurnool,Peddakothapalle,2023-06-11,0.0,26.1,37.7,40.1,79.7,0.0,4.1,June,2023
9342,Nagarkurnool,Peddakothapalle,2023-06-12,0.0,26.3,38.5,37.9,80.2,0.0,3.9,June,2023
9343,Nagarkurnool,Peddakothapalle,2023-06-13,0.0,25.5,38.4,34.4,76.2,0.0,4.6,June,2023
9344,Nagarkurnool,Peddakothapalle,2023-06-14,0.0,26.6,38.5,31.7,72.2,0.0,5.6,June,2023
9345,Nagarkurnool,Peddakothapalle,2023-06-15,0.0,26.6,38.4,32.4,71.8,0.0,4.2,June,2023
9346,Nagarkurnool,Peddakothapalle,2023-06-16,0.0,26.7,38.5,30.4,68.5,0.0,12.7,June,2023
9347,Nagarkurnool,Peddakothapalle,2023-06-17,0.0,27.4,38.6,32.4,67.7,0.0,6.5,June,2023
9348,Nagarkurnool,Peddakothapalle,2023-06-18,0.0,28.0,38.0,32.9,70.4,0.0,5.9,June,2023
9349,Nagarkurnool,Peddakothapalle,2023-06-19,0.0,26.2,38.4,34.4,81.1,0.0,7.6,June,2023
9350,Nagarkurnool,Peddakothapalle,2023-06-20,0.0,27.9,37.5,38.4,72.4,0.0,7.2,June,2023
9351,Nagarkurnool,Peddakothapalle,2023-06-21,0.0,25.8,39.6,35.6,83.7,0.0,8.5,June,2023
9352,Nagarkurnool,Peddakothapalle,2023-06-22,0.6,24.0,37.5,42.0,95.7,0.0,6.8,June,2023
9353,Nagarkurnool,Peddakothapalle,2023-06-23,9.0,24.2,34.7,45.3,95.7,0.0,7.5,June,2023
9354,Nagarkurnool,Peddakothapalle,2023-06-24,9.1,23.4,33.3,51.4,99.4,0.4,7.7,June,2023
9355,Nagarkurnool,Peddakothapalle,2023-06-25,13.3,23.6,31.9,61.2,100.0,0.0,4.6,June,2023
9356,Nagarkurnool,Peddakothapalle,2023-06-26,0.5,24.8,32.8,55.5,94.1,0.2,5.3,June,2023
9357,Nagarkurnool,Peddakothapalle,2023-06-27,0.2,24.1,32.0,57.9,89.4,0.0,6.5,June,2023
9358,Nagarkurnool,Peddakothapalle,2023-06-28,0.0,25.2,33.1,48.8,82.3,1.0,11.8,June,2023
9359,Nagarkurnool,Peddakothapalle,2023-06-29,0.9,24.6,34.3,47.2,95.7,0.3,4.5,June,2023
9360,Nagarkurnool,Peddakothapalle,2023-06-30,0.5,24.0,34.4,45.9,91.3,1.5,7.1,June,2023
9361,Nagarkurnool,Pentlavelli,2023-06-01,0.0,28.1,39.8,32.6,65.5,0.0,7.8,June,2023
9362,Nagarkurnool,Pentlavelli,2023-06-02,0.0,26.5,40.3,28.5,82.0,0.0,10.5,June,2023
9363,Nagarkurnool,Pentlavelli,2023-06-03,0.0,28.2,40.6,22.5,70.6,0.0,12.8,June,2023
9364,Nagarkurnool,Pentlavelli,2023-06-04,0.0,29.0,40.6,28.7,70.9,0.0,17.5,June,2023
9365,Nagarkurnool,Pentlavelli,2023-06-05,0.0,23.6,35.4,46.9,85.9,0.0,12.3,June,2023
9366,Nagarkurnool,Pentlavelli,2023-06-06,0.0,27.6,37.7,28.6,70.2,0.0,15.8,June,2023
9367,Nagarkurnool,Pentlavelli,2023-06-07,0.0,26.3,38.6,34.7,82.2,0.0,14.3,June,2023
9368,Nagarkurnool,Pentlavelli,2023-06-08,0.0,25.6,37.5,40.3,85.0,0.0,13.2,June,2023
9369,Nagarkurnool,Pentlavelli,2023-06-09,5.4,24.4,36.4,40.5,87.3,0.0,17.1,June,2023
9370,Nagarkurnool,Pentlavelli,2023-06-10,0.4,25.4,36.8,42.2,83.6,0.0,24.3,June,2023
9371,Nagarkurnool,Pentlavelli,2023-06-11,0.0,26.3,37.1,43.6,81.6,0.0,17.9,June,2023
9372,Nagarkurnool,Pentlavelli,2023-06-12,0.0,26.2,36.8,43.0,79.5,0.0,27.5,June,2023
9373,Nagarkurnool,Pentlavelli,2023-06-13,0.0,26.5,37.1,39.2,75.7,0.0,15.5,June,2023
9374,Nagarkurnool,Pentlavelli,2023-06-14,0.0,26.5,38.3,34.1,71.8,0.0,16.4,June,2023
9375,Nagarkurnool,Pentlavelli,2023-06-15,0.0,27.3,37.6,35.3,70.0,0.0,16.0,June,2023
9376,Nagarkurnool,Pentlavelli,2023-06-16,0.0,27.2,37.8,30.3,68.3,0.0,18.6,June,2023
9377,Nagarkurnool,Pentlavelli,2023-06-17,0.0,27.0,38.1,33.3,69.7,0.0,16.4,June,2023
9378,Nagarkurnool,Pentlavelli,2023-06-18,0.0,28.1,36.9,42.5,80.3,0.0,18.7,June,2023
9379,Nagarkurnool,Pentlavelli,2023-06-19,0.0,26.8,37.1,38.5,85.7,0.0,20.9,June,2023
9380,Nagarkurnool,Pentlavelli,2023-06-20,0.0,27.9,36.1,43.4,82.3,0.0,18.1,June,2023
9381,Nagarkurnool,Pentlavelli,2023-06-21,0.0,27.1,37.4,38.0,86.4,0.0,15.1,June,2023
9382,Nagarkurnool,Pentlavelli,2023-06-22,0.3,24.7,37.7,59.7,97.3,0.0,17.8,June,2023
9383,Nagarkurnool,Pentlavelli,2023-06-23,0.0,26.4,35.5,63.4,88.0,0.0,16.8,June,2023
9384,Nagarkurnool,Pentlavelli,2023-06-24,0.0,26.6,33.5,66.9,85.9,0.0,13.8,June,2023
9385,Nagarkurnool,Pentlavelli,2023-06-25,0.0,25.1,32.5,72.3,95.8,0.0,12.7,June,2023
9386,Nagarkurnool,Pentlavelli,2023-06-26,0.7,25.4,33.5,68.9,95.8,0.0,14.3,June,2023
9387,Nagarkurnool,Pentlavelli,2023-06-27,0.0,24.3,32.4,69.3,95.0,0.0,22.4,June,2023
9388,Nagarkurnool,Pentlavelli,2023-06-28,0.0,25.6,33.8,62.9,87.1,0.0,16.1,June,2023
9389,Nagarkurnool,Pentlavelli,2023-06-29,0.8,24.8,33.1,66.1,89.4,0.0,17.8,June,2023
9390,Nagarkurnool,Pentlavelli,2023-06-30,0.0,24.9,33.8,64.8,88.1,0.0,25.4,June,2023
9391,Nagarkurnool,Tadoor,2023-06-01,0.0,25.0,38.8,31.7,71.7,0.0,12.2,June,2023
9392,Nagarkurnool,Tadoor,2023-06-02,0.0,26.4,39.5,33.3,73.6,0.0,13.9,June,2023
9393,Nagarkurnool,Tadoor,2023-06-03,0.0,28.1,40.4,25.4,57.3,0.0,12.1,June,2023
9394,Nagarkurnool,Tadoor,2023-06-04,3.1,28.0,39.9,29.1,70.5,0.0,12.7,June,2023
9395,Nagarkurnool,Tadoor,2023-06-05,0.0,22.4,33.1,49.9,85.5,0.0,15.5,June,2023
9396,Nagarkurnool,Tadoor,2023-06-06,0.0,26.2,37.3,26.6,65.6,0.0,15.3,June,2023
9397,Nagarkurnool,Tadoor,2023-06-07,0.0,28.5,39.1,32.6,62.9,0.0,14.4,June,2023
9398,Nagarkurnool,Tadoor,2023-06-08,9.7,26.1,38.4,35.8,77.8,2.0,15.7,June,2023
9399,Nagarkurnool,Tadoor,2023-06-09,0.0,25.5,37.5,38.8,74.9,0.0,18.3,June,2023
9400,Nagarkurnool,Tadoor,2023-06-10,0.0,26.5,37.6,42.6,74.6,0.6,12.0,June,2023
9401,Nagarkurnool,Tadoor,2023-06-11,0.0,26.8,36.5,41.5,71.1,2.8,12.7,June,2023
9402,Nagarkurnool,Tadoor,2023-06-12,0.5,26.2,37.1,41.4,77.5,1.1,15.2,June,2023
9403,Nagarkurnool,Tadoor,2023-06-13,0.0,26.5,36.5,35.6,68.7,0.0,14.5,June,2023
9404,Nagarkurnool,Tadoor,2023-06-14,0.0,26.9,37.3,32.8,67.0,5.9,15.8,June,2023
9405,Nagarkurnool,Tadoor,2023-06-15,0.0,27.4,37.3,34.0,64.1,0.0,17.7,June,2023
9406,Nagarkurnool,Tadoor,2023-06-16,0.0,27.3,37.9,27.4,61.8,0.0,15.5,June,2023
9407,Nagarkurnool,Tadoor,2023-06-17,0.0,27.3,38.0,31.0,67.8,2.0,16.1,June,2023
9408,Nagarkurnool,Tadoor,2023-06-18,0.0,28.2,37.5,36.3,64.6,0.0,15.2,June,2023
9409,Nagarkurnool,Tadoor,2023-06-19,2.3,26.9,37.8,36.7,73.2,2.5,17.9,June,2023
9410,Nagarkurnool,Tadoor,2023-06-20,0.0,28.1,36.7,35.7,66.2,0.0,11.9,June,2023
9411,Nagarkurnool,Tadoor,2023-06-21,0.3,26.7,36.9,39.1,73.9,2.1,12.1,June,2023
9412,Nagarkurnool,Tadoor,2023-06-22,24.5,22.9,36.2,41.8,96.9,3.0,13.2,June,2023
9413,Nagarkurnool,Tadoor,2023-06-23,2.4,25.5,34.0,51.0,79.9,0.0,13.9,June,2023
9414,Nagarkurnool,Tadoor,2023-06-24,31.0,24.9,32.9,55.3,99.4,0.0,12.0,June,2023
9415,Nagarkurnool,Tadoor,2023-06-25,8.1,24.0,30.2,67.1,99.3,0.0,11.8,June,2023
9416,Nagarkurnool,Tadoor,2023-06-26,1.3,24.7,32.4,58.7,96.8,6.3,14.8,June,2023
9417,Nagarkurnool,Tadoor,2023-06-27,0.0,24.6,30.0,65.0,93.5,0.0,14.5,June,2023
9418,Nagarkurnool,Tadoor,2023-06-28,0.0,25.5,32.3,55.3,81.2,2.8,15.4,June,2023
9419,Nagarkurnool,Tadoor,2023-06-29,3.7,24.1,32.9,53.9,93.3,0.0,14.3,June,2023
9420,Nagarkurnool,Tadoor,2023-06-30,18.4,23.7,33.3,47.6,92.5,5.9,15.0,June,2023
9421,Nagarkurnool,Telkapalle,2023-06-01,0.0,25.4,40.8,25.1,74.8,0.0,12.2,June,2023
9422,Nagarkurnool,Telkapalle,2023-06-02,0.0,25.5,40.0,31.4,77.1,0.0,13.9,June,2023
9423,Nagarkurnool,Telkapalle,2023-06-03,0.0,28.5,42.5,19.3,72.1,0.0,12.1,June,2023
9424,Nagarkurnool,Telkapalle,2023-06-04,0.0,28.6,41.6,24.7,69.4,0.0,12.7,June,2023
9425,Nagarkurnool,Telkapalle,2023-06-05,0.0,22.7,34.7,51.6,85.7,0.0,15.5,June,2023
9426,Nagarkurnool,Telkapalle,2023-06-06,0.0,26.3,39.0,28.1,71.8,0.0,15.3,June,2023
9427,Nagarkurnool,Telkapalle,2023-06-07,0.3,27.1,39.5,34.3,69.4,0.0,14.4,June,2023
9428,Nagarkurnool,Telkapalle,2023-06-08,15.3,23.5,39.0,35.8,86.2,2.0,15.7,June,2023
9429,Nagarkurnool,Telkapalle,2023-06-09,0.0,25.7,37.9,39.8,83.7,0.0,15.5,June,2023
9430,Nagarkurnool,Telkapalle,2023-06-10,0.0,25.2,38.2,40.2,83.4,1.1,15.5,June,2023
9431,Nagarkurnool,Telkapalle,2023-06-11,0.0,26.2,37.3,40.1,77.5,5.6,23.9,June,2023
9432,Nagarkurnool,Telkapalle,2023-06-12,0.0,26.1,38.1,40.2,77.1,2.2,19.4,June,2023
9433,Nagarkurnool,Telkapalle,2023-06-13,0.0,25.7,37.8,35.7,74.4,0.0,14.5,June,2023
9434,Nagarkurnool,Telkapalle,2023-06-14,0.0,26.6,38.6,31.2,73.6,5.9,15.8,June,2023
9435,Nagarkurnool,Telkapalle,2023-06-15,0.0,26.5,38.2,34.9,73.1,0.0,17.7,June,2023
9436,Nagarkurnool,Telkapalle,2023-06-16,0.0,26.6,39.2,26.8,70.9,0.0,15.5,June,2023
9437,Nagarkurnool,Telkapalle,2023-06-17,0.0,26.6,38.4,30.8,73.2,2.0,16.1,June,2023
9438,Nagarkurnool,Telkapalle,2023-06-18,0.0,27.5,38.6,35.0,72.5,0.0,15.2,June,2023
9439,Nagarkurnool,Telkapalle,2023-06-19,0.3,26.2,39.0,33.4,85.4,2.5,17.9,June,2023
9440,Nagarkurnool,Telkapalle,2023-06-20,0.0,27.1,38.3,38.4,76.9,0.0,11.9,June,2023
9441,Nagarkurnool,Telkapalle,2023-06-21,0.2,25.9,39.5,35.2,83.7,2.1,12.1,June,2023
9442,Nagarkurnool,Telkapalle,2023-06-22,4.6,23.7,36.4,40.0,97.3,3.0,13.2,June,2023
9443,Nagarkurnool,Telkapalle,2023-06-23,3.1,24.5,35.3,43.9,97.3,0.0,13.9,June,2023
9444,Nagarkurnool,Telkapalle,2023-06-24,36.5,23.6,33.8,55.0,98.4,0.0,13.4,June,2023
9445,Nagarkurnool,Telkapalle,2023-06-25,14.3,23.3,32.7,67.3,99.0,0.0,11.8,June,2023
9446,Nagarkurnool,Telkapalle,2023-06-26,2.5,24.1,32.9,60.9,96.4,6.3,15.0,June,2023
9447,Nagarkurnool,Telkapalle,2023-06-27,0.0,24.4,32.4,67.3,92.2,0.0,14.5,June,2023
9448,Nagarkurnool,Telkapalle,2023-06-28,0.0,24.5,32.9,58.0,84.7,2.8,15.4,June,2023
9449,Nagarkurnool,Telkapalle,2023-06-29,0.0,23.8,33.0,52.3,84.4,0.0,14.3,June,2023
9450,Nagarkurnool,Telkapalle,2023-06-30,2.1,23.5,34.8,46.2,95.1,5.9,15.4,June,2023
9451,Nagarkurnool,Thimmajipeta,2023-06-01,0.0,26.1,37.9,29.4,65.6,0.0,11.1,June,2023
9452,Nagarkurnool,Thimmajipeta,2023-06-02,0.0,26.0,38.1,31.9,76.7,0.0,9.8,June,2023
9453,Nagarkurnool,Thimmajipeta,2023-06-03,0.0,28.7,40.2,18.8,64.0,0.0,10.9,June,2023
9454,Nagarkurnool,Thimmajipeta,2023-06-04,1.0,27.8,38.9,28.0,72.8,0.0,12.6,June,2023
9455,Nagarkurnool,Thimmajipeta,2023-06-05,0.0,23.0,34.8,48.6,82.7,0.0,14.0,June,2023
9456,Nagarkurnool,Thimmajipeta,2023-06-06,0.0,27.2,36.5,28.0,69.9,0.0,13.9,June,2023
9457,Nagarkurnool,Thimmajipeta,2023-06-07,0.0,27.0,37.8,33.8,65.1,0.0,14.7,June,2023
9458,Nagarkurnool,Thimmajipeta,2023-06-08,0.0,25.6,36.6,38.8,80.6,0.0,13.9,June,2023
9459,Nagarkurnool,Thimmajipeta,2023-06-09,3.5,24.7,36.7,36.4,87.3,0.0,14.2,June,2023
9460,Nagarkurnool,Thimmajipeta,2023-06-10,0.0,26.0,36.3,41.3,78.7,0.2,14.3,June,2023
9461,Nagarkurnool,Thimmajipeta,2023-06-11,0.0,26.1,35.5,38.3,73.8,2.1,14.6,June,2023
9462,Nagarkurnool,Thimmajipeta,2023-06-12,0.0,25.5,36.1,39.4,79.6,0.0,15.2,June,2023
9463,Nagarkurnool,Thimmajipeta,2023-06-13,0.0,26.0,35.4,37.6,69.9,0.0,15.7,June,2023
9464,Nagarkurnool,Thimmajipeta,2023-06-14,0.0,26.3,36.4,32.3,69.9,0.0,17.0,June,2023
9465,Nagarkurnool,Thimmajipeta,2023-06-15,0.0,26.2,36.2,34.5,68.5,4.8,16.1,June,2023
9466,Nagarkurnool,Thimmajipeta,2023-06-16,0.0,26.5,36.5,29.4,62.5,0.0,15.1,June,2023
9467,Nagarkurnool,Thimmajipeta,2023-06-17,0.0,26.5,37.1,32.3,69.0,0.0,13.4,June,2023
9468,Nagarkurnool,Thimmajipeta,2023-06-18,0.0,27.3,35.7,36.4,66.1,0.0,13.7,June,2023
9469,Nagarkurnool,Thimmajipeta,2023-06-19,0.0,26.8,37.1,33.8,73.3,1.0,12.8,June,2023
9470,Nagarkurnool,Thimmajipeta,2023-06-20,0.0,28.4,35.4,38.3,61.9,0.0,12.9,June,2023
9471,Nagarkurnool,Thimmajipeta,2023-06-21,0.0,26.4,37.9,33.8,75.8,0.0,11.6,June,2023
9472,Nagarkurnool,Thimmajipeta,2023-06-22,6.9,23.6,36.3,37.6,95.2,0.0,16.3,June,2023
9473,Nagarkurnool,Thimmajipeta,2023-06-23,1.3,25.1,33.6,47.0,92.5,0.0,13.9,June,2023
9474,Nagarkurnool,Thimmajipeta,2023-06-24,12.0,24.3,32.7,52.5,92.2,0.1,12.0,June,2023
9475,Nagarkurnool,Thimmajipeta,2023-06-25,0.9,23.6,30.8,65.1,97.1,1.6,15.7,June,2023
9476,Nagarkurnool,Thimmajipeta,2023-06-26,0.0,24.0,31.1,58.3,96.2,1.7,13.7,June,2023
9477,Nagarkurnool,Thimmajipeta,2023-06-27,0.0,23.8,29.4,66.6,85.6,0.0,12.5,June,2023
9478,Nagarkurnool,Thimmajipeta,2023-06-28,0.0,24.7,30.9,57.2,83.0,2.0,16.5,June,2023
9479,Nagarkurnool,Thimmajipeta,2023-06-29,6.4,23.5,32.4,50.8,93.7,0.0,13.6,June,2023
9480,Nagarkurnool,Thimmajipeta,2023-06-30,0.0,23.7,32.9,52.0,84.6,1.8,16.4,June,2023
9481,Nagarkurnool,Uppunuthala,2023-06-01,0.0,25.2,40.9,27.2,79.8,0.0,8.5,June,2023
9482,Nagarkurnool,Uppunuthala,2023-06-02,0.0,26.2,39.9,29.1,72.4,0.2,12.5,June,2023
9483,Nagarkurnool,Uppunuthala,2023-06-03,0.0,27.3,43.1,19.1,62.1,0.2,11.5,June,2023
9484,Nagarkurnool,Uppunuthala,2023-06-04,2.0,28.2,41.4,24.5,69.6,0.9,17.2,June,2023
9485,Nagarkurnool,Uppunuthala,2023-06-05,0.0,23.4,33.4,52.5,82.7,0.9,13.8,June,2023
9486,Nagarkurnool,Uppunuthala,2023-06-06,0.0,26.6,38.0,27.0,66.0,0.9,15.2,June,2023
9487,Nagarkurnool,Uppunuthala,2023-06-07,0.0,27.3,40.5,32.8,66.0,0.5,15.3,June,2023
9488,Nagarkurnool,Uppunuthala,2023-06-08,11.1,22.2,40.7,31.4,89.6,1.5,17.9,June,2023
9489,Nagarkurnool,Uppunuthala,2023-06-09,0.0,25.8,38.3,36.4,77.9,0.1,18.3,June,2023
9490,Nagarkurnool,Uppunuthala,2023-06-10,2.7,22.5,37.7,39.4,82.7,2.3,27.1,June,2023
9491,Nagarkurnool,Uppunuthala,2023-06-11,0.0,26.2,36.4,40.2,74.7,4.6,15.0,June,2023
9492,Nagarkurnool,Uppunuthala,2023-06-12,1.3,24.7,37.6,36.4,93.0,0.3,18.9,June,2023
9493,Nagarkurnool,Uppunuthala,2023-06-13,0.0,26.1,37.3,35.6,70.6,1.1,15.7,June,2023
9494,Nagarkurnool,Uppunuthala,2023-06-14,0.0,26.7,38.0,31.8,67.3,1.8,18.9,June,2023
9495,Nagarkurnool,Uppunuthala,2023-06-15,0.0,26.5,37.6,34.3,68.3,1.6,22.3,June,2023
9496,Nagarkurnool,Uppunuthala,2023-06-16,0.0,26.8,38.3,27.0,65.5,0.9,17.8,June,2023
9497,Nagarkurnool,Uppunuthala,2023-06-17,0.0,26.6,39.0,29.8,71.4,1.9,17.5,June,2023
9498,Nagarkurnool,Uppunuthala,2023-06-18,0.0,27.6,38.4,32.5,68.3,0.0,17.1,June,2023
9499,Nagarkurnool,Uppunuthala,2023-06-19,4.4,24.5,39.3,32.5,96.4,1.5,12.8,June,2023
9500,Nagarkurnool,Uppunuthala,2023-06-20,0.0,27.1,37.6,38.2,72.5,0.8,12.0,June,2023
9501,Nagarkurnool,Uppunuthala,2023-06-21,12.1,23.2,38.8,33.5,96.9,1.2,19.2,June,2023
9502,Nagarkurnool,Uppunuthala,2023-06-22,4.2,24.0,36.3,42.2,94.9,0.9,14.0,June,2023
9503,Nagarkurnool,Uppunuthala,2023-06-23,1.0,24.5,34.0,52.5,97.7,0.9,11.9,June,2023
9504,Nagarkurnool,Uppunuthala,2023-06-24,28.3,23.5,32.7,54.4,98.3,0.0,12.8,June,2023
9505,Nagarkurnool,Uppunuthala,2023-06-25,6.7,23.6,30.5,71.3,97.8,0.0,13.8,June,2023
9506,Nagarkurnool,Uppunuthala,2023-06-26,0.3,24.4,31.7,61.6,92.1,2.7,16.2,June,2023
9507,Nagarkurnool,Uppunuthala,2023-06-27,0.0,23.9,29.8,67.9,88.4,0.1,15.1,June,2023
9508,Nagarkurnool,Uppunuthala,2023-06-28,0.0,24.3,31.9,55.6,84.9,2.0,15.6,June,2023
9509,Nagarkurnool,Uppunuthala,2023-06-29,0.3,23.8,32.6,54.0,89.8,1.9,15.2,June,2023
9510,Nagarkurnool,Uppunuthala,2023-06-30,0.4,23.9,34.1,47.4,89.8,2.8,17.4,June,2023
9511,Nagarkurnool,Urkonda,2023-06-01,0.5,22.8,38.4,35.9,62.2,0.0,7.3,June,2023
9512,Nagarkurnool,Urkonda,2023-06-02,0.0,24.2,38.6,33.7,81.8,0.0,2.2,June,2023
9513,Nagarkurnool,Urkonda,2023-06-03,0.0,25.4,40.6,24.0,52.1,0.0,2.1,June,2023
9514,Nagarkurnool,Urkonda,2023-06-04,0.7,27.5,38.5,28.8,69.8,0.0,3.1,June,2023
9515,Nagarkurnool,Urkonda,2023-06-05,5.5,21.2,33.3,45.5,88.0,0.0,14.0,June,2023
9516,Nagarkurnool,Urkonda,2023-06-06,0.0,24.0,36.4,38.5,59.7,0.0,4.4,June,2023
9517,Nagarkurnool,Urkonda,2023-06-07,0.0,26.2,37.9,37.3,55.1,0.0,1.9,June,2023
9518,Nagarkurnool,Urkonda,2023-06-08,0.0,25.6,37.2,41.1,54.7,0.0,3.3,June,2023
9519,Nagarkurnool,Urkonda,2023-06-09,0.0,25.2,37.5,38.2,77.2,0.0,9.0,June,2023
9520,Nagarkurnool,Urkonda,2023-06-10,7.4,25.3,37.6,39.4,89.6,0.0,2.7,June,2023
9521,Nagarkurnool,Urkonda,2023-06-11,0.0,25.7,35.5,44.5,57.7,0.0,6.4,June,2023
9522,Nagarkurnool,Urkonda,2023-06-12,3.0,24.9,36.5,43.4,81.6,0.0,9.4,June,2023
9523,Nagarkurnool,Urkonda,2023-06-13,0.0,26.0,35.9,40.3,60.2,0.0,1.8,June,2023
9524,Nagarkurnool,Urkonda,2023-06-14,0.0,26.3,37.0,35.3,52.6,0.0,4.1,June,2023
9525,Nagarkurnool,Urkonda,2023-06-15,0.0,26.3,36.5,36.2,50.3,0.0,2.9,June,2023
9526,Nagarkurnool,Urkonda,2023-06-16,0.0,26.1,37.4,33.7,49.8,0.0,7.7,June,2023
9527,Nagarkurnool,Urkonda,2023-06-17,0.0,26.1,37.4,34.4,66.9,0.0,4.9,June,2023
9528,Nagarkurnool,Urkonda,2023-06-18,0.0,27.3,36.8,36.5,49.8,0.0,8.7,June,2023
9529,Nagarkurnool,Urkonda,2023-06-19,0.9,26.4,37.3,35.6,79.0,0.0,5.9,June,2023
9530,Nagarkurnool,Urkonda,2023-06-20,0.0,25.2,36.6,39.9,52.6,0.0,2.8,June,2023
9531,Nagarkurnool,Urkonda,2023-06-21,8.5,23.8,37.6,37.2,89.7,0.0,4.1,June,2023
9532,Nagarkurnool,Urkonda,2023-06-22,14.1,23.0,36.7,44.6,96.8,0.0,15.1,June,2023
9533,Nagarkurnool,Urkonda,2023-06-23,0.3,24.3,32.5,57.7,95.2,0.0,16.3,June,2023
9534,Nagarkurnool,Urkonda,2023-06-24,20.8,23.4,32.6,61.7,96.1,0.0,2.1,June,2023
9535,Nagarkurnool,Urkonda,2023-06-25,0.0,23.5,29.7,70.2,98.1,0.0,4.3,June,2023
9536,Nagarkurnool,Urkonda,2023-06-26,0.0,24.0,31.7,67.0,96.3,0.0,2.7,June,2023
9537,Nagarkurnool,Urkonda,2023-06-27,0.0,23.2,29.2,70.2,74.1,0.0,1.8,June,2023
9538,Nagarkurnool,Urkonda,2023-06-28,0.0,24.5,31.1,66.5,74.1,0.0,1.5,June,2023
9539,Nagarkurnool,Urkonda,2023-06-29,9.0,23.0,32.8,61.2,96.6,0.0,1.4,June,2023
9540,Nagarkurnool,Urkonda,2023-06-30,0.0,23.3,32.9,63.6,92.0,0.0,3.1,June,2023
9541,Nagarkurnool,Vangoor,2023-06-01,0.5,24.6,41.4,28.9,85.7,0.0,0.1,June,2023
9542,Nagarkurnool,Vangoor,2023-06-02,0.0,25.9,40.6,29.9,75.1,0.0,3.3,June,2023
9543,Nagarkurnool,Vangoor,2023-06-03,0.0,28.6,42.3,20.1,59.4,0.0,1.0,June,2023
9544,Nagarkurnool,Vangoor,2023-06-04,5.5,25.4,41.6,25.5,72.9,0.0,13.9,June,2023
9545,Nagarkurnool,Vangoor,2023-06-05,0.0,22.8,32.7,50.4,87.2,0.0,3.2,June,2023
9546,Nagarkurnool,Vangoor,2023-06-06,0.0,26.5,38.0,30.4,72.1,0.0,5.2,June,2023
9547,Nagarkurnool,Vangoor,2023-06-07,0.0,28.0,40.4,31.6,68.5,0.0,2.8,June,2023
9548,Nagarkurnool,Vangoor,2023-06-08,0.0,26.3,40.9,34.0,78.3,0.0,22.9,June,2023
9549,Nagarkurnool,Vangoor,2023-06-09,0.0,26.4,39.3,36.4,76.9,0.0,3.4,June,2023
9550,Nagarkurnool,Vangoor,2023-06-10,27.3,22.9,40.0,38.1,90.0,0.0,10.2,June,2023
9551,Nagarkurnool,Vangoor,2023-06-11,0.0,26.4,38.4,39.8,76.0,0.0,0.9,June,2023
9552,Nagarkurnool,Vangoor,2023-06-12,16.9,23.5,38.5,39.8,100.0,0.0,4.4,June,2023
9553,Nagarkurnool,Vangoor,2023-06-13,0.0,25.7,37.9,39.2,75.1,0.0,1.6,June,2023
9554,Nagarkurnool,Vangoor,2023-06-14,0.0,26.6,39.2,34.6,71.1,0.0,1.8,June,2023
9555,Nagarkurnool,Vangoor,2023-06-15,0.0,26.8,38.9,36.4,68.8,0.0,2.1,June,2023
9556,Nagarkurnool,Vangoor,2023-06-16,0.0,26.5,39.2,33.3,69.7,0.0,1.1,June,2023
9557,Nagarkurnool,Vangoor,2023-06-17,0.0,27.0,39.6,31.3,71.1,0.0,3.4,June,2023
9558,Nagarkurnool,Vangoor,2023-06-18,0.0,27.9,39.7,35.3,68.9,0.0,0.9,June,2023
9559,Nagarkurnool,Vangoor,2023-06-19,1.5,25.0,40.2,33.3,91.2,0.0,9.5,June,2023
9560,Nagarkurnool,Vangoor,2023-06-20,0.0,27.1,37.8,38.7,72.4,0.0,3.1,June,2023
9561,Nagarkurnool,Vangoor,2023-06-21,11.6,23.3,38.2,38.7,100.0,0.0,8.0,June,2023
9562,Nagarkurnool,Vangoor,2023-06-22,12.2,23.6,37.3,45.5,99.1,0.0,6.5,June,2023
9563,Nagarkurnool,Vangoor,2023-06-23,0.3,24.8,34.6,52.0,98.1,0.0,2.8,June,2023
9564,Nagarkurnool,Vangoor,2023-06-24,30.7,23.5,32.9,56.9,99.7,0.0,5.9,June,2023
9565,Nagarkurnool,Vangoor,2023-06-25,1.3,23.8,32.9,66.3,100.0,0.0,3.3,June,2023
9566,Nagarkurnool,Vangoor,2023-06-26,0.0,24.5,32.6,60.8,95.0,0.0,1.4,June,2023
9567,Nagarkurnool,Vangoor,2023-06-27,0.0,24.1,31.8,64.3,92.6,0.0,1.6,June,2023
9568,Nagarkurnool,Vangoor,2023-06-28,0.0,24.4,33.0,55.0,87.2,0.0,2.2,June,2023
9569,Nagarkurnool,Vangoor,2023-06-29,0.4,23.8,34.9,51.4,96.0,0.0,1.6,June,2023
9570,Nagarkurnool,Vangoor,2023-06-30,5.0,23.5,34.4,50.8,96.7,0.0,1.3,June,2023
9571,Nagarkurnool,Veldanda,2023-06-01,0.7,24.9,39.3,28.7,78.2,0.0,12.6,June,2023
9572,Nagarkurnool,Veldanda,2023-06-02,10.2,25.3,41.1,25.3,79.3,0.0,10.7,June,2023
9573,Nagarkurnool,Veldanda,2023-06-03,0.0,27.2,41.8,17.1,62.6,0.0,8.5,June,2023
9574,Nagarkurnool,Veldanda,2023-06-04,4.3,27.6,42.1,20.6,69.3,0.0,10.2,June,2023
9575,Nagarkurnool,Veldanda,2023-06-05,0.0,22.9,32.8,49.0,83.1,0.0,10.3,June,2023
9576,Nagarkurnool,Veldanda,2023-06-06,0.0,26.9,37.2,27.8,70.7,0.0,11.0,June,2023
9577,Nagarkurnool,Veldanda,2023-06-07,0.0,27.7,39.7,30.1,61.1,0.0,11.9,June,2023
9578,Nagarkurnool,Veldanda,2023-06-08,0.0,26.1,38.7,33.7,76.2,0.0,17.4,June,2023
9579,Nagarkurnool,Veldanda,2023-06-09,0.0,25.8,37.7,32.3,75.0,0.0,17.1,June,2023
9580,Nagarkurnool,Veldanda,2023-06-10,0.0,26.2,38.7,33.9,77.8,1.4,13.5,June,2023
9581,Nagarkurnool,Veldanda,2023-06-11,0.0,26.4,37.4,37.0,72.7,0.0,15.7,June,2023
9582,Nagarkurnool,Veldanda,2023-06-12,9.3,24.9,37.1,37.0,87.5,0.0,16.0,June,2023
9583,Nagarkurnool,Veldanda,2023-06-13,0.0,26.1,37.1,29.8,78.5,0.9,13.6,June,2023
9584,Nagarkurnool,Veldanda,2023-06-14,0.0,26.7,37.9,28.5,67.4,0.0,17.3,June,2023
9585,Nagarkurnool,Veldanda,2023-06-15,0.0,26.5,37.5,31.2,66.3,0.2,15.1,June,2023
9586,Nagarkurnool,Veldanda,2023-06-16,0.0,26.8,38.7,25.8,62.0,0.0,13.3,June,2023
9587,Nagarkurnool,Veldanda,2023-06-17,0.0,26.8,38.0,29.2,67.1,2.8,13.3,June,2023
9588,Nagarkurnool,Veldanda,2023-06-18,0.0,27.7,37.9,32.6,63.6,0.0,15.3,June,2023
9589,Nagarkurnool,Veldanda,2023-06-19,7.0,25.5,38.2,31.9,85.3,0.1,14.0,June,2023
9590,Nagarkurnool,Veldanda,2023-06-20,0.0,27.6,37.4,37.0,61.6,0.0,12.4,June,2023
9591,Nagarkurnool,Veldanda,2023-06-21,6.8,24.2,38.8,33.9,94.8,0.0,7.7,June,2023
9592,Nagarkurnool,Veldanda,2023-06-22,7.1,23.8,37.0,41.0,98.9,0.0,9.6,June,2023
9593,Nagarkurnool,Veldanda,2023-06-23,8.3,23.4,33.3,50.6,99.6,0.0,12.0,June,2023
9594,Nagarkurnool,Veldanda,2023-06-24,16.9,23.6,32.6,55.7,98.0,0.0,10.8,June,2023
9595,Nagarkurnool,Veldanda,2023-06-25,0.0,23.6,30.4,68.9,97.8,0.0,11.7,June,2023
9596,Nagarkurnool,Veldanda,2023-06-26,0.2,24.3,32.3,53.7,97.4,1.0,13.4,June,2023
9597,Nagarkurnool,Veldanda,2023-06-27,0.0,23.8,30.2,61.1,93.0,0.0,10.4,June,2023
9598,Nagarkurnool,Veldanda,2023-06-28,0.0,24.7,32.9,52.2,87.3,0.0,12.2,June,2023
9599,Nagarkurnool,Veldanda,2023-06-29,5.9,23.3,33.5,48.7,96.2,0.0,11.9,June,2023
9600,Nagarkurnool,Veldanda,2023-06-30,6.5,23.3,33.2,50.0,94.4,0.5,14.2,June,2023
9601,Nalgonda,32,2023-06-01,0.0,25.1,39.5,40.5,76.4,0.0,0.9,June,2023
9602,Nalgonda,32,2023-06-02,0.0,27.6,41.4,32.2,65.6,0.0,1.5,June,2023
9603,Nalgonda,32,2023-06-03,0.0,29.1,41.8,22.4,57.5,0.0,0.2,June,2023
9604,Nalgonda,32,2023-06-04,0.0,29.8,41.0,28.7,53.9,0.4,9.0,June,2023
9605,Nalgonda,32,2023-06-05,0.0,24.2,36.7,41.6,79.0,0.0,11.6,June,2023
9606,Nalgonda,32,2023-06-06,0.0,27.1,38.2,31.3,64.0,0.4,9.3,June,2023
9607,Nalgonda,32,2023-06-07,0.0,29.8,40.0,32.2,57.0,0.0,12.0,June,2023
9608,Nalgonda,32,2023-06-08,12.0,23.6,38.9,34.8,94.5,0.0,15.7,June,2023
9609,Nalgonda,32,2023-06-09,0.0,27.5,40.0,36.3,73.1,0.0,17.4,June,2023
9610,Nalgonda,32,2023-06-10,0.0,28.6,40.9,30.8,67.5,0.0,13.2,June,2023
9611,Nalgonda,32,2023-06-11,0.8,24.8,39.7,35.1,97.8,0.0,10.4,June,2023
9612,Nalgonda,32,2023-06-12,0.0,28.6,38.4,39.0,69.8,0.0,11.5,June,2023
9613,Nalgonda,32,2023-06-13,0.0,28.7,38.9,34.8,59.0,0.8,11.0,June,2023
9614,Nalgonda,32,2023-06-14,0.0,28.8,39.6,29.8,62.0,0.5,10.8,June,2023
9615,Nalgonda,32,2023-06-15,0.0,29.0,39.5,31.3,59.0,1.5,11.4,June,2023
9616,Nalgonda,32,2023-06-16,0.0,29.1,39.6,28.0,56.0,0.7,8.8,June,2023
9617,Nalgonda,32,2023-06-17,0.0,29.0,40.0,29.4,61.5,1.2,9.9,June,2023
9618,Nalgonda,32,2023-06-18,0.0,30.1,38.6,32.7,58.0,0.9,10.9,June,2023
9619,Nalgonda,32,2023-06-19,0.0,29.6,39.7,33.0,62.1,1.2,13.0,June,2023
9620,Nalgonda,32,2023-06-20,0.0,28.5,39.5,35.1,66.5,0.0,7.8,June,2023
9621,Nalgonda,32,2023-06-21,3.3,26.5,39.5,36.9,86.9,0.0,4.0,June,2023
9622,Nalgonda,32,2023-06-22,11.5,23.7,37.1,43.1,99.2,0.0,14.6,June,2023
9623,Nalgonda,32,2023-06-23,3.0,23.7,34.8,53.8,97.3,0.0,15.2,June,2023
9624,Nalgonda,32,2023-06-24,2.3,22.5,33.3,58.5,98.3,0.0,10.3,June,2023
9625,Nalgonda,32,2023-06-25,0.0,25.4,31.0,70.4,89.5,0.0,14.7,June,2023
9626,Nalgonda,32,2023-06-26,0.0,26.5,33.3,55.9,85.3,0.0,12.9,June,2023
9627,Nalgonda,32,2023-06-27,4.0,22.9,32.0,62.0,96.9,0.0,17.3,June,2023
9628,Nalgonda,32,2023-06-28,0.0,24.9,33.0,55.9,96.8,0.0,16.8,June,2023
9629,Nalgonda,32,2023-06-29,6.3,24.1,34.7,49.3,98.2,0.0,16.7,June,2023
9630,Nalgonda,32,2023-06-30,0.0,25.8,33.1,55.9,80.0,0.0,14.3,June,2023
9631,Nalgonda,Adavi Devula Palli,2023-06-01,0.0,29.4,39.9,30.6,76.7,0.0,10.3,June,2023
9632,Nalgonda,Adavi Devula Palli,2023-06-02,0.0,30.7,42.0,24.5,56.2,0.0,1.7,June,2023
9633,Nalgonda,Adavi Devula Palli,2023-06-03,0.0,30.6,42.8,19.1,52.3,0.0,13.1,June,2023
9634,Nalgonda,Adavi Devula Palli,2023-06-04,0.0,30.6,43.0,21.2,53.8,0.0,0.2,June,2023
9635,Nalgonda,Adavi Devula Palli,2023-06-05,0.0,27.8,37.5,41.6,61.7,0.0,4.2,June,2023
9636,Nalgonda,Adavi Devula Palli,2023-06-06,0.0,28.3,39.7,26.3,59.7,0.0,0.4,June,2023
9637,Nalgonda,Adavi Devula Palli,2023-06-07,0.4,31.3,41.4,29.3,59.7,0.0,0.5,June,2023
9638,Nalgonda,Adavi Devula Palli,2023-06-08,4.1,28.9,42.9,25.4,68.8,0.0,3.6,June,2023
9639,Nalgonda,Adavi Devula Palli,2023-06-09,0.0,30.4,41.0,30.6,60.7,0.0,2.3,June,2023
9640,Nalgonda,Adavi Devula Palli,2023-06-10,0.0,29.9,41.4,27.7,64.2,0.0,1.6,June,2023
9641,Nalgonda,Adavi Devula Palli,2023-06-11,0.0,30.3,40.3,32.7,62.7,0.0,1.5,June,2023
9642,Nalgonda,Adavi Devula Palli,2023-06-12,0.0,30.5,39.7,34.1,60.7,0.0,1.0,June,2023
9643,Nalgonda,Adavi Devula Palli,2023-06-13,0.0,30.7,39.0,31.8,54.3,0.0,2.1,June,2023
9644,Nalgonda,Adavi Devula Palli,2023-06-14,0.0,31.1,41.0,28.6,52.8,0.0,0.4,June,2023
9645,Nalgonda,Adavi Devula Palli,2023-06-15,0.0,31.3,40.3,28.6,50.1,0.0,0.4,June,2023
9646,Nalgonda,Adavi Devula Palli,2023-06-16,0.0,31.3,40.3,25.9,50.7,0.0,0.5,June,2023
9647,Nalgonda,Adavi Devula Palli,2023-06-17,0.0,31.5,41.1,27.2,53.3,0.0,0.9,June,2023
9648,Nalgonda,Adavi Devula Palli,2023-06-18,0.0,31.7,40.9,29.3,53.8,0.0,0.3,June,2023
9649,Nalgonda,Adavi Devula Palli,2023-06-19,0.0,30.5,39.4,32.4,61.7,0.0,0.6,June,2023
9650,Nalgonda,Adavi Devula Palli,2023-06-20,14.3,28.7,40.3,31.3,81.3,1.5,14.8,June,2023
9651,Nalgonda,Adavi Devula Palli,2023-06-21,5.2,27.5,38.6,35.2,84.9,0.0,17.3,June,2023
9652,Nalgonda,Adavi Devula Palli,2023-06-22,21.1,26.7,38.6,39.8,89.4,0.0,14.7,June,2023
9653,Nalgonda,Adavi Devula Palli,2023-06-23,13.2,24.1,36.1,46.4,93.1,0.0,0.1,June,2023
9654,Nalgonda,Adavi Devula Palli,2023-06-24,1.5,25.1,33.4,55.7,90.0,0.0,9.2,June,2023
9655,Nalgonda,Adavi Devula Palli,2023-06-25,0.0,26.8,32.1,64.2,87.6,0.0,1.0,June,2023
9656,Nalgonda,Adavi Devula Palli,2023-06-26,0.0,28.1,34.1,52.3,75.3,0.0,0.4,June,2023
9657,Nalgonda,Adavi Devula Palli,2023-06-27,0.7,26.0,32.9,53.7,85.9,0.0,0.9,June,2023
9658,Nalgonda,Adavi Devula Palli,2023-06-28,0.0,27.0,34.1,48.8,81.7,0.0,0.6,June,2023
9659,Nalgonda,Adavi Devula Palli,2023-06-29,0.0,26.4,35.3,45.3,92.2,0.0,0.3,June,2023
9660,Nalgonda,Adavi Devula Palli,2023-06-30,0.0,28.4,34.8,47.0,70.7,0.0,1.4,June,2023
9661,Nalgonda,Anumula_Haliya,2023-06-01,0.0,26.7,41.8,29.9,82.9,0.0,8.4,June,2023
9662,Nalgonda,Anumula_Haliya,2023-06-02,0.0,28.8,43.4,25.3,63.2,0.0,15.2,June,2023
9663,Nalgonda,Anumula_Haliya,2023-06-03,0.0,28.2,43.2,19.5,62.1,0.0,12.5,June,2023
9664,Nalgonda,Anumula_Haliya,2023-06-04,0.0,29.1,43.8,22.3,62.3,0.0,15.2,June,2023
9665,Nalgonda,Anumula_Haliya,2023-06-05,0.0,25.7,36.8,45.1,70.4,0.0,17.7,June,2023
9666,Nalgonda,Anumula_Haliya,2023-06-06,0.0,27.8,39.8,27.7,63.7,0.0,16.7,June,2023
9667,Nalgonda,Anumula_Haliya,2023-06-07,0.0,29.7,42.3,33.2,63.1,0.0,20.1,June,2023
9668,Nalgonda,Anumula_Haliya,2023-06-08,0.0,28.4,42.4,30.7,76.9,3.5,26.4,June,2023
9669,Nalgonda,Anumula_Haliya,2023-06-09,1.7,26.5,41.8,35.7,80.3,0.0,23.0,June,2023
9670,Nalgonda,Anumula_Haliya,2023-06-10,0.2,29.2,41.6,36.2,71.0,2.6,18.6,June,2023
9671,Nalgonda,Anumula_Haliya,2023-06-11,1.0,26.8,41.6,38.6,76.9,1.5,20.6,June,2023
9672,Nalgonda,Anumula_Haliya,2023-06-12,0.3,28.1,39.9,40.3,76.9,0.0,23.1,June,2023
9673,Nalgonda,Anumula_Haliya,2023-06-13,0.0,29.2,39.7,39.4,66.5,6.9,19.6,June,2023
9674,Nalgonda,Anumula_Haliya,2023-06-14,0.0,30.1,41.5,33.1,63.1,5.2,23.0,June,2023
9675,Nalgonda,Anumula_Haliya,2023-06-15,0.0,29.2,39.9,33.1,63.1,4.9,24.3,June,2023
9676,Nalgonda,Anumula_Haliya,2023-06-16,0.0,30.3,42.5,31.5,58.8,2.7,18.3,June,2023
9677,Nalgonda,Anumula_Haliya,2023-06-17,0.0,30.3,41.6,33.6,63.1,6.9,19.6,June,2023
9678,Nalgonda,Anumula_Haliya,2023-06-18,0.0,30.5,41.5,35.9,63.1,0.0,19.2,June,2023
9679,Nalgonda,Anumula_Haliya,2023-06-19,0.0,29.0,41.8,35.0,76.9,0.0,19.5,June,2023
9680,Nalgonda,Anumula_Haliya,2023-06-20,0.0,28.6,42.5,31.9,79.7,0.0,14.2,June,2023
9681,Nalgonda,Anumula_Haliya,2023-06-21,19.2,24.0,40.7,35.8,97.6,0.0,9.6,June,2023
9682,Nalgonda,Anumula_Haliya,2023-06-22,1.6,25.9,39.5,44.8,97.6,0.0,18.9,June,2023
9683,Nalgonda,Anumula_Haliya,2023-06-23,14.1,24.7,37.7,50.5,98.9,0.0,17.4,June,2023
9684,Nalgonda,Anumula_Haliya,2023-06-24,5.0,23.6,34.4,58.9,97.0,1.6,9.3,June,2023
9685,Nalgonda,Anumula_Haliya,2023-06-25,0.0,25.8,32.6,63.8,91.7,0.0,16.4,June,2023
9686,Nalgonda,Anumula_Haliya,2023-06-26,0.3,26.9,34.4,56.0,86.0,6.4,16.5,June,2023
9687,Nalgonda,Anumula_Haliya,2023-06-27,4.0,24.2,33.7,58.0,93.7,0.0,16.1,June,2023
9688,Nalgonda,Anumula_Haliya,2023-06-28,0.8,25.0,34.8,52.9,90.8,0.9,15.9,June,2023
9689,Nalgonda,Anumula_Haliya,2023-06-29,2.5,24.8,36.7,50.6,90.8,2.2,19.1,June,2023
9690,Nalgonda,Anumula_Haliya,2023-06-30,0.0,26.6,36.5,50.7,77.5,0.0,23.6,June,2023
9691,Nalgonda,Chandampet,2023-06-01,0.0,25.3,40.7,32.1,88.5,0.0,14.6,June,2023
9692,Nalgonda,Chandampet,2023-06-02,0.0,28.1,41.2,24.8,68.8,0.0,21.3,June,2023
9693,Nalgonda,Chandampet,2023-06-03,0.0,26.6,42.7,21.4,69.3,0.0,22.4,June,2023
9694,Nalgonda,Chandampet,2023-06-04,0.3,28.7,43.0,23.4,67.6,0.0,18.3,June,2023
9695,Nalgonda,Chandampet,2023-06-05,0.0,24.8,34.8,43.2,75.1,0.0,23.1,June,2023
9696,Nalgonda,Chandampet,2023-06-06,0.0,26.7,40.9,26.0,73.0,0.0,17.0,June,2023
9697,Nalgonda,Chandampet,2023-06-07,26.8,24.5,39.9,32.8,81.0,0.7,38.1,June,2023
9698,Nalgonda,Chandampet,2023-06-08,8.2,23.4,39.7,39.8,87.6,0.7,21.7,June,2023
9699,Nalgonda,Chandampet,2023-06-09,0.0,27.6,40.5,35.6,75.7,0.0,21.8,June,2023
9700,Nalgonda,Chandampet,2023-06-10,0.5,27.1,41.0,34.2,74.2,2.3,23.3,June,2023
9701,Nalgonda,Chandampet,2023-06-11,0.0,28.2,39.5,36.7,69.8,6.9,21.1,June,2023
9702,Nalgonda,Chandampet,2023-06-12,0.0,27.3,40.0,36.2,76.6,5.0,23.1,June,2023
9703,Nalgonda,Chandampet,2023-06-13,0.0,28.0,40.1,30.8,67.5,0.0,23.3,June,2023
9704,Nalgonda,Chandampet,2023-06-14,0.0,28.3,41.2,26.6,64.1,0.0,26.8,June,2023
9705,Nalgonda,Chandampet,2023-06-15,0.0,28.2,40.6,30.8,64.6,0.1,30.4,June,2023
9706,Nalgonda,Chandampet,2023-06-16,0.0,28.7,40.9,26.6,61.7,0.0,26.4,June,2023
9707,Nalgonda,Chandampet,2023-06-17,0.0,28.7,40.1,29.4,65.6,0.0,23.3,June,2023
9708,Nalgonda,Chandampet,2023-06-18,0.0,28.2,40.7,30.1,64.6,0.0,26.5,June,2023
9709,Nalgonda,Chandampet,2023-06-19,4.3,25.7,40.2,32.1,71.4,0.0,19.3,June,2023
9710,Nalgonda,Chandampet,2023-06-20,0.0,29.6,41.2,32.4,66.1,0.0,17.4,June,2023
9711,Nalgonda,Chandampet,2023-06-21,22.4,23.8,41.6,31.1,96.0,0.0,33.6,June,2023
9712,Nalgonda,Chandampet,2023-06-22,3.9,25.0,38.1,43.9,94.9,0.0,19.2,June,2023
9713,Nalgonda,Chandampet,2023-06-23,1.9,25.0,34.4,52.9,98.5,0.0,17.4,June,2023
9714,Nalgonda,Chandampet,2023-06-24,14.9,24.6,33.6,53.9,98.6,0.0,16.7,June,2023
9715,Nalgonda,Chandampet,2023-06-25,0.1,25.2,32.1,66.7,93.0,0.0,22.7,June,2023
9716,Nalgonda,Chandampet,2023-06-26,0.0,26.0,34.5,53.2,85.6,6.0,22.8,June,2023
9717,Nalgonda,Chandampet,2023-06-27,0.0,25.7,32.8,54.7,82.1,0.0,40.3,June,2023
9718,Nalgonda,Chandampet,2023-06-28,0.0,26.6,33.5,51.0,76.0,2.9,25.3,June,2023
9719,Nalgonda,Chandampet,2023-06-29,0.8,25.6,34.5,49.3,92.1,0.0,23.4,June,2023
9720,Nalgonda,Chandampet,2023-06-30,0.0,25.8,36.0,44.2,81.4,0.0,28.0,June,2023
9721,Nalgonda,Chandur,2023-06-01,0.0,24.0,39.5,39.4,89.4,0.0,4.8,June,2023
9722,Nalgonda,Chandur,2023-06-02,0.0,26.2,40.6,35.3,75.0,0.0,5.1,June,2023
9723,Nalgonda,Chandur,2023-06-03,0.0,26.1,40.9,26.4,78.3,0.0,11.8,June,2023
9724,Nalgonda,Chandur,2023-06-04,0.0,27.7,40.5,32.3,70.0,0.0,9.0,June,2023
9725,Nalgonda,Chandur,2023-06-05,0.0,23.8,37.3,47.5,81.9,0.0,11.5,June,2023
9726,Nalgonda,Chandur,2023-06-06,0.0,25.6,39.0,34.7,75.0,0.0,10.5,June,2023
9727,Nalgonda,Chandur,2023-06-07,0.0,27.7,38.5,37.6,70.4,0.0,10.4,June,2023
9728,Nalgonda,Chandur,2023-06-08,0.9,25.3,39.8,36.5,82.2,0.4,13.6,June,2023
9729,Nalgonda,Chandur,2023-06-09,0.7,25.2,40.5,26.9,82.6,0.0,10.7,June,2023
9730,Nalgonda,Chandur,2023-06-10,0.0,28.4,41.9,24.7,71.9,0.1,11.8,June,2023
9731,Nalgonda,Chandur,2023-06-11,1.9,24.4,39.4,30.1,90.4,0.0,12.3,June,2023
9732,Nalgonda,Chandur,2023-06-12,3.0,27.5,40.2,30.9,85.2,0.0,8.8,June,2023
9733,Nalgonda,Chandur,2023-06-13,0.0,28.3,40.8,26.6,64.7,0.0,14.2,June,2023
9734,Nalgonda,Chandur,2023-06-14,0.0,29.1,42.3,23.3,63.7,0.0,12.2,June,2023
9735,Nalgonda,Chandur,2023-06-15,0.0,29.4,41.4,24.0,61.2,0.0,11.3,June,2023
9736,Nalgonda,Chandur,2023-06-16,0.0,28.5,41.2,21.9,59.2,0.0,9.7,June,2023
9737,Nalgonda,Chandur,2023-06-17,0.0,29.3,42.3,21.9,64.2,0.0,12.1,June,2023
9738,Nalgonda,Chandur,2023-06-18,0.0,29.7,42.5,24.0,59.7,0.0,12.3,June,2023
9739,Nalgonda,Chandur,2023-06-19,0.0,28.4,40.7,25.9,70.0,0.1,12.5,June,2023
9740,Nalgonda,Chandur,2023-06-20,0.0,26.6,40.2,27.3,77.3,0.0,10.9,June,2023
9741,Nalgonda,Chandur,2023-06-21,2.4,24.8,40.3,30.4,89.8,0.0,12.1,June,2023
9742,Nalgonda,Chandur,2023-06-22,22.0,24.3,39.6,32.3,97.6,0.0,11.4,June,2023
9743,Nalgonda,Chandur,2023-06-23,9.5,24.2,36.1,45.6,98.5,0.0,11.0,June,2023
9744,Nalgonda,Chandur,2023-06-24,9.8,22.1,32.8,60.2,100.0,0.0,8.1,June,2023
9745,Nalgonda,Chandur,2023-06-25,0.0,24.7,31.8,67.5,88.8,0.0,10.6,June,2023
9746,Nalgonda,Chandur,2023-06-26,0.0,25.7,33.7,51.2,86.4,0.0,10.5,June,2023
9747,Nalgonda,Chandur,2023-06-27,0.9,23.6,33.0,53.5,91.3,0.0,12.8,June,2023
9748,Nalgonda,Chandur,2023-06-28,4.2,23.7,33.5,48.2,99.6,0.0,14.2,June,2023
9749,Nalgonda,Chandur,2023-06-29,11.3,23.2,36.1,43.8,100.0,0.0,10.5,June,2023
9750,Nalgonda,Chandur,2023-06-30,0.2,24.8,35.7,53.9,88.3,0.0,14.3,June,2023
9751,Nalgonda,Chinthapalle,2023-06-01,0.0,22.7,38.1,36.4,93.9,0.0,10.2,June,2023
9752,Nalgonda,Chinthapalle,2023-06-02,0.6,24.9,39.6,32.8,73.5,0.0,12.1,June,2023
9753,Nalgonda,Chinthapalle,2023-06-03,0.0,25.5,40.6,23.4,68.3,0.0,13.0,June,2023
9754,Nalgonda,Chinthapalle,2023-06-04,6.9,24.8,40.6,27.6,78.2,0.0,13.9,June,2023
9755,Nalgonda,Chinthapalle,2023-06-05,0.0,23.6,34.2,43.2,83.4,1.2,14.5,June,2023
9756,Nalgonda,Chinthapalle,2023-06-06,0.0,24.4,37.2,33.2,73.1,2.0,15.4,June,2023
9757,Nalgonda,Chinthapalle,2023-06-07,0.5,27.8,40.3,32.9,77.7,0.0,14.6,June,2023
9758,Nalgonda,Chinthapalle,2023-06-08,1.0,26.4,40.5,31.6,76.3,4.0,14.5,June,2023
9759,Nalgonda,Chinthapalle,2023-06-09,0.0,26.2,38.8,32.9,78.7,0.0,15.2,June,2023
9760,Nalgonda,Chinthapalle,2023-06-10,4.2,26.1,38.9,33.6,77.3,2.2,15.6,June,2023
9761,Nalgonda,Chinthapalle,2023-06-11,0.0,27.4,37.9,38.0,70.4,2.6,14.8,June,2023
9762,Nalgonda,Chinthapalle,2023-06-12,0.5,26.9,37.7,39.1,77.7,4.0,14.8,June,2023
9763,Nalgonda,Chinthapalle,2023-06-13,0.0,27.1,38.6,33.3,68.1,3.1,14.7,June,2023
9764,Nalgonda,Chinthapalle,2023-06-14,0.0,27.1,39.1,31.3,65.1,2.9,15.8,June,2023
9765,Nalgonda,Chinthapalle,2023-06-15,0.0,27.0,38.1,30.0,65.0,2.6,19.6,June,2023
9766,Nalgonda,Chinthapalle,2023-06-16,0.0,27.3,38.4,31.3,61.4,2.2,17.1,June,2023
9767,Nalgonda,Chinthapalle,2023-06-17,0.0,27.3,39.2,32.9,65.2,2.8,16.3,June,2023
9768,Nalgonda,Chinthapalle,2023-06-18,0.0,28.2,39.0,33.6,63.0,2.2,16.0,June,2023
9769,Nalgonda,Chinthapalle,2023-06-19,4.1,25.5,38.3,35.8,82.4,3.2,17.1,June,2023
9770,Nalgonda,Chinthapalle,2023-06-20,0.0,27.4,37.9,38.3,72.4,0.0,15.1,June,2023
9771,Nalgonda,Chinthapalle,2023-06-21,5.1,23.7,38.5,38.3,93.9,0.0,15.2,June,2023
9772,Nalgonda,Chinthapalle,2023-06-22,5.8,23.1,36.1,43.6,95.4,0.0,12.7,June,2023
9773,Nalgonda,Chinthapalle,2023-06-23,28.8,22.5,35.1,50.4,95.9,0.0,13.3,June,2023
9774,Nalgonda,Chinthapalle,2023-06-24,2.1,22.7,33.0,54.5,93.9,0.0,9.7,June,2023
9775,Nalgonda,Chinthapalle,2023-06-25,0.0,23.8,32.3,60.4,87.5,0.8,13.8,June,2023
9776,Nalgonda,Chinthapalle,2023-06-26,0.0,24.9,32.8,54.5,86.1,4.0,13.7,June,2023
9777,Nalgonda,Chinthapalle,2023-06-27,4.8,21.5,31.0,60.9,94.4,2.3,14.8,June,2023
9778,Nalgonda,Chinthapalle,2023-06-28,0.3,24.5,32.5,55.5,90.2,0.0,12.7,June,2023
9779,Nalgonda,Chinthapalle,2023-06-29,14.6,23.4,34.1,51.5,95.4,0.6,11.4,June,2023
9780,Nalgonda,Chinthapalle,2023-06-30,0.0,24.0,33.3,53.0,85.4,1.8,13.0,June,2023
9781,Nalgonda,Chityala,2023-06-01,0.0,25.2,39.2,34.4,85.5,0.0,0.0,June,2023
9782,Nalgonda,Chityala,2023-06-02,0.0,27.7,40.2,27.8,62.8,0.0,0.0,June,2023
9783,Nalgonda,Chityala,2023-06-03,0.0,28.0,41.6,18.7,70.7,0.0,0.0,June,2023
9784,Nalgonda,Chityala,2023-06-04,0.0,30.5,41.8,22.3,48.3,0.0,0.1,June,2023
9785,Nalgonda,Chityala,2023-06-05,0.0,25.5,39.9,29.7,73.1,0.0,0.0,June,2023
9786,Nalgonda,Chityala,2023-06-06,0.0,27.1,38.5,28.8,60.1,0.0,0.0,June,2023
9787,Nalgonda,Chityala,2023-06-07,0.0,30.8,40.8,27.4,49.8,0.0,9.1,June,2023
9788,Nalgonda,Chityala,2023-06-08,0.0,29.2,41.3,25.5,60.3,0.0,15.4,June,2023
9789,Nalgonda,Chityala,2023-06-09,0.0,28.4,40.7,28.1,69.2,0.0,14.9,June,2023
9790,Nalgonda,Chityala,2023-06-10,0.0,29.2,41.4,22.6,59.4,0.0,12.2,June,2023
9791,Nalgonda,Chityala,2023-06-11,2.4,25.7,40.2,32.4,86.5,0.0,13.9,June,2023
9792,Nalgonda,Chityala,2023-06-12,0.0,29.4,39.0,34.2,63.3,0.0,14.3,June,2023
9793,Nalgonda,Chityala,2023-06-13,0.0,29.3,40.3,29.8,54.7,0.0,16.6,June,2023
9794,Nalgonda,Chityala,2023-06-14,0.0,29.4,40.5,25.8,56.6,0.0,9.8,June,2023
9795,Nalgonda,Chityala,2023-06-15,0.0,29.5,40.5,26.4,52.4,0.0,13.1,June,2023
9796,Nalgonda,Chityala,2023-06-16,0.0,30.1,39.8,26.3,48.1,0.0,23.1,June,2023
9797,Nalgonda,Chityala,2023-06-17,0.0,30.0,41.5,24.6,54.3,0.0,9.3,June,2023
9798,Nalgonda,Chityala,2023-06-18,0.0,30.8,40.3,27.8,52.1,0.0,14.2,June,2023
9799,Nalgonda,Chityala,2023-06-19,1.7,30.1,39.2,29.5,55.0,0.0,10.3,June,2023
9800,Nalgonda,Chityala,2023-06-20,0.0,28.7,40.4,29.8,60.7,0.0,7.5,June,2023
9801,Nalgonda,Chityala,2023-06-21,0.0,26.6,39.7,35.5,88.2,0.0,0.0,June,2023
9802,Nalgonda,Chityala,2023-06-22,23.5,24.0,39.7,38.2,96.3,0.0,28.7,June,2023
9803,Nalgonda,Chityala,2023-06-23,18.0,24.7,36.2,48.9,84.5,0.0,18.9,June,2023
9804,Nalgonda,Chityala,2023-06-24,9.9,22.6,32.4,64.3,93.6,0.0,0.2,June,2023
9805,Nalgonda,Chityala,2023-06-25,5.9,22.7,33.9,60.7,96.6,0.0,6.7,June,2023
9806,Nalgonda,Chityala,2023-06-26,0.0,25.7,32.1,62.5,80.7,0.0,4.8,June,2023
9807,Nalgonda,Chityala,2023-06-27,0.0,24.4,32.1,65.2,84.7,0.0,3.9,June,2023
9808,Nalgonda,Chityala,2023-06-28,3.6,25.3,32.7,59.4,85.0,0.0,8.6,June,2023
9809,Nalgonda,Chityala,2023-06-29,7.7,23.9,35.6,51.4,98.5,0.0,5.9,June,2023
9810,Nalgonda,Chityala,2023-06-30,0.0,25.7,35.3,54.7,79.2,0.0,2.2,June,2023
9811,Nalgonda,Damaracherla,2023-06-01,0.0,27.9,44.3,28.4,76.3,0.0,8.3,June,2023
9812,Nalgonda,Damaracherla,2023-06-02,0.2,29.4,44.3,25.0,58.3,0.0,3.8,June,2023
9813,Nalgonda,Damaracherla,2023-06-03,0.0,28.8,46.8,19.6,55.3,0.0,8.3,June,2023
9814,Nalgonda,Damaracherla,2023-06-04,0.3,26.5,45.8,24.6,66.3,0.0,10.5,June,2023
9815,Nalgonda,Damaracherla,2023-06-05,0.0,26.3,40.5,36.7,63.3,0.0,14.8,June,2023
9816,Nalgonda,Damaracherla,2023-06-06,0.0,27.4,43.1,26.8,59.7,0.0,12.9,June,2023
9817,Nalgonda,Damaracherla,2023-06-07,0.0,30.8,44.5,26.4,53.3,0.0,12.2,June,2023
9818,Nalgonda,Damaracherla,2023-06-08,0.0,29.3,45.3,25.9,60.5,0.0,14.4,June,2023
9819,Nalgonda,Damaracherla,2023-06-09,4.2,29.8,43.9,29.1,60.0,0.0,19.2,June,2023
9820,Nalgonda,Damaracherla,2023-06-10,0.2,26.4,44.7,26.4,76.2,0.0,19.6,June,2023
9821,Nalgonda,Damaracherla,2023-06-11,0.3,28.8,42.2,32.2,66.4,0.0,8.9,June,2023
9822,Nalgonda,Damaracherla,2023-06-12,0.0,29.3,41.5,33.5,62.7,0.7,9.3,June,2023
9823,Nalgonda,Damaracherla,2023-06-13,0.0,29.9,43.6,30.4,54.1,0.5,8.2,June,2023
9824,Nalgonda,Damaracherla,2023-06-14,0.0,30.6,44.1,27.0,52.3,0.2,9.4,June,2023
9825,Nalgonda,Damaracherla,2023-06-15,0.0,30.7,44.1,25.7,50.6,1.3,10.2,June,2023
9826,Nalgonda,Damaracherla,2023-06-16,0.0,30.1,43.7,25.7,50.4,0.0,10.8,June,2023
9827,Nalgonda,Damaracherla,2023-06-17,0.0,31.2,44.8,25.7,51.9,1.0,10.8,June,2023
9828,Nalgonda,Damaracherla,2023-06-18,0.0,31.1,44.5,27.0,53.6,0.0,9.1,June,2023
9829,Nalgonda,Damaracherla,2023-06-19,0.0,30.0,41.2,32.2,61.6,0.0,6.8,June,2023
9830,Nalgonda,Damaracherla,2023-06-20,0.0,28.9,42.7,31.1,72.3,0.8,9.4,June,2023
9831,Nalgonda,Damaracherla,2023-06-21,0.0,26.9,41.7,35.5,80.2,0.0,13.1,June,2023
9832,Nalgonda,Damaracherla,2023-06-22,25.1,24.0,41.0,35.5,90.7,0.0,11.8,June,2023
9833,Nalgonda,Damaracherla,2023-06-23,12.9,24.4,38.4,39.2,93.1,0.0,8.4,June,2023
9834,Nalgonda,Damaracherla,2023-06-24,22.8,23.6,34.0,51.7,92.3,0.0,5.8,June,2023
9835,Nalgonda,Damaracherla,2023-06-25,0.5,25.9,32.9,56.8,87.3,0.0,5.5,June,2023
9836,Nalgonda,Damaracherla,2023-06-26,0.0,27.2,36.2,42.2,74.6,0.3,7.6,June,2023
9837,Nalgonda,Damaracherla,2023-06-27,0.0,25.6,33.5,45.8,81.4,0.0,11.2,June,2023
9838,Nalgonda,Damaracherla,2023-06-28,0.0,25.7,36.3,39.4,78.2,0.0,13.3,June,2023
9839,Nalgonda,Damaracherla,2023-06-29,3.3,25.6,36.6,35.5,89.4,0.0,9.3,June,2023
9840,Nalgonda,Damaracherla,2023-06-30,0.0,27.8,38.7,35.8,67.9,0.0,10.0,June,2023
9841,Nalgonda,Devarakonda,2023-06-01,0.0,26.1,39.8,24.4,73.7,0.0,9.2,June,2023
9842,Nalgonda,Devarakonda,2023-06-02,0.0,27.9,40.8,20.2,58.8,0.0,8.5,June,2023
9843,Nalgonda,Devarakonda,2023-06-03,0.0,28.7,41.9,11.9,50.4,0.0,8.8,June,2023
9844,Nalgonda,Devarakonda,2023-06-04,2.7,28.1,42.1,15.4,53.6,0.0,14.1,June,2023
9845,Nalgonda,Devarakonda,2023-06-05,0.0,25.0,36.2,35.7,69.2,0.0,15.3,June,2023
9846,Nalgonda,Devarakonda,2023-06-06,0.0,26.7,39.6,18.0,57.3,0.9,12.6,June,2023
9847,Nalgonda,Devarakonda,2023-06-07,0.9,28.2,41.2,20.4,63.4,0.0,10.7,June,2023
9848,Nalgonda,Devarakonda,2023-06-08,16.6,25.6,40.9,23.3,67.9,0.0,15.9,June,2023
9849,Nalgonda,Devarakonda,2023-06-09,8.4,27.0,40.3,26.6,70.2,0.0,13.5,June,2023
9850,Nalgonda,Devarakonda,2023-06-10,5.4,24.8,39.5,32.3,74.5,2.2,16.5,June,2023
9851,Nalgonda,Devarakonda,2023-06-11,0.0,28.2,39.1,30.8,62.0,0.1,12.5,June,2023
9852,Nalgonda,Devarakonda,2023-06-12,2.8,27.1,38.9,28.7,72.2,0.3,16.5,June,2023
9853,Nalgonda,Devarakonda,2023-06-13,0.0,27.8,38.7,24.4,59.5,0.1,13.8,June,2023
9854,Nalgonda,Devarakonda,2023-06-14,0.0,28.8,40.0,22.3,54.1,0.2,19.1,June,2023
9855,Nalgonda,Devarakonda,2023-06-15,0.0,29.0,40.0,22.3,51.5,1.4,18.1,June,2023
9856,Nalgonda,Devarakonda,2023-06-16,0.0,28.7,39.7,19.5,52.1,1.2,11.0,June,2023
9857,Nalgonda,Devarakonda,2023-06-17,0.0,29.1,40.0,21.6,53.1,1.9,13.3,June,2023
9858,Nalgonda,Devarakonda,2023-06-18,0.0,29.2,39.9,25.1,52.5,2.6,12.8,June,2023
9859,Nalgonda,Devarakonda,2023-06-19,3.4,25.5,40.5,24.4,81.9,0.0,7.8,June,2023
9860,Nalgonda,Devarakonda,2023-06-20,0.0,29.2,39.2,28.7,61.8,0.1,8.9,June,2023
9861,Nalgonda,Devarakonda,2023-06-21,10.9,25.6,39.6,25.9,83.9,0.0,8.3,June,2023
9862,Nalgonda,Devarakonda,2023-06-22,0.7,25.9,37.1,35.5,97.6,0.0,7.5,June,2023
9863,Nalgonda,Devarakonda,2023-06-23,16.4,24.8,35.5,42.6,100.0,0.0,11.4,June,2023
9864,Nalgonda,Devarakonda,2023-06-24,12.9,24.1,33.6,47.9,96.2,0.2,7.4,June,2023
9865,Nalgonda,Devarakonda,2023-06-25,1.3,25.2,31.0,73.0,91.1,0.0,7.5,June,2023
9866,Nalgonda,Devarakonda,2023-06-26,0.0,25.9,32.7,51.4,85.6,2.9,13.3,June,2023
9867,Nalgonda,Devarakonda,2023-06-27,0.0,25.0,31.8,56.5,82.9,0.0,13.1,June,2023
9868,Nalgonda,Devarakonda,2023-06-28,0.0,25.6,32.7,47.9,74.5,0.4,10.7,June,2023
9869,Nalgonda,Devarakonda,2023-06-29,1.8,24.4,33.6,44.5,95.2,0.0,12.4,June,2023
9870,Nalgonda,Devarakonda,2023-06-30,0.0,24.9,35.4,41.6,83.5,0.0,14.4,June,2023
9871,Nalgonda,Gundlapalle,2023-06-01,0.0,24.7,40.9,26.6,94.9,0.0,3.2,June,2023
9872,Nalgonda,Gundlapalle,2023-06-02,0.0,25.9,40.1,24.3,73.8,0.0,6.3,June,2023
9873,Nalgonda,Gundlapalle,2023-06-03,0.0,27.8,42.4,16.8,62.0,0.0,9.0,June,2023
9874,Nalgonda,Gundlapalle,2023-06-04,2.7,27.3,41.2,19.5,75.3,0.0,15.1,June,2023
9875,Nalgonda,Gundlapalle,2023-06-05,0.0,23.0,33.0,45.2,85.0,0.0,8.5,June,2023
9876,Nalgonda,Gundlapalle,2023-06-06,0.0,26.5,37.8,27.1,69.1,0.0,6.8,June,2023
9877,Nalgonda,Gundlapalle,2023-06-07,3.5,24.8,39.7,27.8,66.8,0.0,10.3,June,2023
9878,Nalgonda,Gundlapalle,2023-06-08,4.2,25.1,40.1,31.4,80.8,0.0,26.5,June,2023
9879,Nalgonda,Gundlapalle,2023-06-09,0.0,26.1,39.2,33.2,77.4,0.0,15.4,June,2023
9880,Nalgonda,Gundlapalle,2023-06-10,11.3,22.4,39.1,32.5,86.3,0.2,12.6,June,2023
9881,Nalgonda,Gundlapalle,2023-06-11,0.0,26.2,37.9,36.7,75.4,0.3,15.7,June,2023
9882,Nalgonda,Gundlapalle,2023-06-12,2.5,24.3,38.1,35.6,92.2,0.9,31.1,June,2023
9883,Nalgonda,Gundlapalle,2023-06-13,0.0,25.7,38.0,29.5,72.8,0.1,17.4,June,2023
9884,Nalgonda,Gundlapalle,2023-06-14,0.0,26.4,38.8,26.1,69.2,0.3,23.1,June,2023
9885,Nalgonda,Gundlapalle,2023-06-15,0.0,26.4,38.5,28.2,68.1,2.7,22.1,June,2023
9886,Nalgonda,Gundlapalle,2023-06-16,0.0,26.4,39.0,25.4,67.6,3.4,16.0,June,2023
9887,Nalgonda,Gundlapalle,2023-06-17,0.0,26.7,39.5,23.6,70.6,3.8,16.2,June,2023
9888,Nalgonda,Gundlapalle,2023-06-18,0.0,27.6,39.4,27.7,68.4,5.2,18.4,June,2023
9889,Nalgonda,Gundlapalle,2023-06-19,5.2,24.5,40.1,26.3,89.1,0.0,16.3,June,2023
9890,Nalgonda,Gundlapalle,2023-06-20,0.0,26.9,38.9,32.5,72.5,0.3,14.3,June,2023
9891,Nalgonda,Gundlapalle,2023-06-21,11.9,23.6,39.8,27.7,100.0,0.0,16.4,June,2023
9892,Nalgonda,Gundlapalle,2023-06-22,9.6,23.7,38.5,37.6,100.0,0.0,13.1,June,2023
9893,Nalgonda,Gundlapalle,2023-06-23,1.0,24.5,34.0,49.2,100.0,0.0,15.4,June,2023
9894,Nalgonda,Gundlapalle,2023-06-24,33.9,23.3,33.3,53.6,100.0,0.6,14.3,June,2023
9895,Nalgonda,Gundlapalle,2023-06-25,0.9,23.5,32.1,68.8,100.0,0.0,14.2,June,2023
9896,Nalgonda,Gundlapalle,2023-06-26,0.0,24.3,32.8,56.1,100.0,5.6,16.7,June,2023
9897,Nalgonda,Gundlapalle,2023-06-27,0.0,23.8,32.1,60.4,90.3,0.0,14.6,June,2023
9898,Nalgonda,Gundlapalle,2023-06-28,0.0,24.2,32.9,51.4,86.1,1.2,16.3,June,2023
9899,Nalgonda,Gundlapalle,2023-06-29,0.7,23.6,33.9,48.2,100.0,0.0,15.8,June,2023
9900,Nalgonda,Gundlapalle,2023-06-30,0.5,23.6,35.0,46.7,93.2,0.0,23.5,June,2023
9901,Nalgonda,Gurrampode,2023-06-01,0.0,25.5,39.7,38.1,91.5,0.0,4.8,June,2023
9902,Nalgonda,Gurrampode,2023-06-02,0.0,27.3,40.8,32.7,71.3,0.0,10.9,June,2023
9903,Nalgonda,Gurrampode,2023-06-03,0.0,27.5,41.2,20.9,68.9,0.0,11.8,June,2023
9904,Nalgonda,Gurrampode,2023-06-04,0.0,28.7,42.6,24.6,62.3,0.0,0.3,June,2023
9905,Nalgonda,Gurrampode,2023-06-05,0.0,24.5,35.7,49.3,85.0,0.0,3.3,June,2023
9906,Nalgonda,Gurrampode,2023-06-06,0.0,26.4,40.0,28.5,67.3,0.0,10.5,June,2023
9907,Nalgonda,Gurrampode,2023-06-07,3.7,28.5,41.8,30.8,64.8,0.0,0.4,June,2023
9908,Nalgonda,Gurrampode,2023-06-08,14.7,24.1,41.6,30.6,93.5,0.0,10.6,June,2023
9909,Nalgonda,Gurrampode,2023-06-09,1.4,27.2,40.1,39.3,74.9,0.0,10.5,June,2023
9910,Nalgonda,Gurrampode,2023-06-10,0.5,26.8,39.8,38.4,77.6,0.0,10.2,June,2023
9911,Nalgonda,Gurrampode,2023-06-11,0.9,25.1,38.9,38.4,83.0,0.0,8.1,June,2023
9912,Nalgonda,Gurrampode,2023-06-12,3.3,25.0,38.2,39.6,79.8,0.0,8.5,June,2023
9913,Nalgonda,Gurrampode,2023-06-13,0.0,28.4,39.1,36.3,63.7,0.0,10.0,June,2023
9914,Nalgonda,Gurrampode,2023-06-14,0.0,28.8,40.6,34.8,63.7,0.0,10.2,June,2023
9915,Nalgonda,Gurrampode,2023-06-15,0.0,29.4,39.5,31.8,62.6,0.0,8.3,June,2023
9916,Nalgonda,Gurrampode,2023-06-16,0.0,28.2,42.4,29.9,57.7,0.0,8.8,June,2023
9917,Nalgonda,Gurrampode,2023-06-17,0.0,28.9,42.0,32.0,64.2,0.0,8.1,June,2023
9918,Nalgonda,Gurrampode,2023-06-18,0.0,29.4,42.2,32.2,59.7,0.0,7.2,June,2023
9919,Nalgonda,Gurrampode,2023-06-19,0.0,26.9,41.4,34.1,75.8,0.0,9.4,June,2023
9920,Nalgonda,Gurrampode,2023-06-20,0.0,28.6,41.4,39.7,74.1,0.0,10.9,June,2023
9921,Nalgonda,Gurrampode,2023-06-21,0.7,24.5,41.5,38.8,98.0,0.0,5.1,June,2023
9922,Nalgonda,Gurrampode,2023-06-22,13.2,24.5,39.0,47.5,100.0,0.0,10.4,June,2023
9923,Nalgonda,Gurrampode,2023-06-23,2.6,24.5,37.4,55.6,100.0,0.0,0.9,June,2023
9924,Nalgonda,Gurrampode,2023-06-24,12.3,23.4,34.4,57.3,100.0,0.0,8.1,June,2023
9925,Nalgonda,Gurrampode,2023-06-25,0.0,24.9,32.7,77.0,100.0,0.0,4.2,June,2023
9926,Nalgonda,Gurrampode,2023-06-26,0.2,25.9,34.6,58.0,91.5,0.0,15.3,June,2023
9927,Nalgonda,Gurrampode,2023-06-27,7.7,23.8,32.8,63.1,100.0,0.0,14.7,June,2023
9928,Nalgonda,Gurrampode,2023-06-28,1.0,24.5,34.4,58.7,97.2,0.0,7.6,June,2023
9929,Nalgonda,Gurrampode,2023-06-29,14.6,23.9,35.0,56.5,100.0,0.0,7.9,June,2023
9930,Nalgonda,Gurrampode,2023-06-30,0.0,25.6,34.8,57.2,90.8,0.0,8.5,June,2023
9931,Nalgonda,Kangal,2023-06-01,0.0,26.3,41.4,36.6,83.1,0.0,0.0,June,2023
9932,Nalgonda,Kangal,2023-06-02,0.0,28.5,42.5,29.5,62.7,0.0,0.0,June,2023
9933,Nalgonda,Kangal,2023-06-03,0.0,28.5,42.9,23.5,62.9,0.0,0.0,June,2023
9934,Nalgonda,Kangal,2023-06-04,0.0,28.9,42.7,27.0,61.8,0.0,0.3,June,2023
9935,Nalgonda,Kangal,2023-06-05,0.0,25.1,36.2,49.1,69.7,0.0,3.3,June,2023
9936,Nalgonda,Kangal,2023-06-06,0.0,26.3,38.8,32.4,66.0,0.0,0.0,June,2023
9937,Nalgonda,Kangal,2023-06-07,0.0,28.4,41.2,34.7,64.0,0.0,0.4,June,2023
9938,Nalgonda,Kangal,2023-06-08,0.0,28.8,41.9,32.6,65.3,0.0,10.6,June,2023
9939,Nalgonda,Kangal,2023-06-09,0.0,29.1,41.2,34.5,64.5,0.0,2.2,June,2023
9940,Nalgonda,Kangal,2023-06-10,0.0,29.3,40.8,34.4,65.3,0.0,3.4,June,2023
9941,Nalgonda,Kangal,2023-06-11,42.4,23.5,40.2,37.7,79.3,0.0,1.1,June,2023
9942,Nalgonda,Kangal,2023-06-12,13.8,25.8,38.0,44.3,80.7,0.0,2.2,June,2023
9943,Nalgonda,Kangal,2023-06-13,0.0,29.1,39.0,41.1,64.8,0.0,1.0,June,2023
9944,Nalgonda,Kangal,2023-06-14,0.0,29.7,39.6,36.6,58.9,0.0,2.1,June,2023
9945,Nalgonda,Kangal,2023-06-15,0.0,30.3,39.5,35.7,58.5,0.0,0.9,June,2023
9946,Nalgonda,Kangal,2023-06-16,0.0,30.0,39.9,32.4,56.0,0.0,0.8,June,2023
9947,Nalgonda,Kangal,2023-06-17,0.0,30.0,40.3,32.7,60.0,0.0,0.4,June,2023
9948,Nalgonda,Kangal,2023-06-18,0.0,30.5,40.6,35.4,57.2,0.0,0.2,June,2023
9949,Nalgonda,Kangal,2023-06-19,0.0,29.1,39.4,37.0,66.0,0.0,0.1,June,2023
9950,Nalgonda,Kangal,2023-06-20,0.0,28.6,39.8,38.1,67.4,0.0,0.0,June,2023
9951,Nalgonda,Kangal,2023-06-21,0.0,26.0,39.2,37.2,86.3,0.0,0.7,June,2023
9952,Nalgonda,Kangal,2023-06-22,14.3,24.9,37.1,46.1,92.4,0.0,0.4,June,2023
9953,Nalgonda,Kangal,2023-06-23,43.6,25.1,35.5,55.3,93.2,0.0,4.0,June,2023
9954,Nalgonda,Kangal,2023-06-24,24.9,22.8,33.2,65.6,94.3,0.0,7.0,June,2023
9955,Nalgonda,Kangal,2023-06-25,0.0,25.3,31.1,69.9,91.4,0.0,0.4,June,2023
9956,Nalgonda,Kangal,2023-06-26,0.0,26.5,33.0,57.9,78.6,0.0,0.0,June,2023
9957,Nalgonda,Kangal,2023-06-27,5.0,24.2,32.2,61.0,92.1,0.0,0.0,June,2023
9958,Nalgonda,Kangal,2023-06-28,5.6,24.2,32.7,57.4,93.8,0.0,0.2,June,2023
9959,Nalgonda,Kangal,2023-06-29,11.9,24.1,33.0,56.9,93.5,0.0,0.4,June,2023
9960,Nalgonda,Kangal,2023-06-30,0.0,26.1,33.6,56.4,74.4,0.0,0.7,June,2023
9961,Nalgonda,Kattangoor,2023-06-01,0.0,26.3,42.2,30.9,100.0,0.0,7.8,June,2023
9962,Nalgonda,Kattangoor,2023-06-02,0.8,27.3,44.0,27.0,70.9,0.0,17.1,June,2023
9963,Nalgonda,Kattangoor,2023-06-03,0.0,29.3,44.5,21.1,65.1,0.0,15.1,June,2023
9964,Nalgonda,Kattangoor,2023-06-04,0.0,27.9,43.5,27.0,67.4,0.0,12.9,June,2023
9965,Nalgonda,Kattangoor,2023-06-05,0.0,26.5,41.4,32.6,78.7,0.0,14.5,June,2023
9966,Nalgonda,Kattangoor,2023-06-06,0.0,27.2,40.6,27.3,66.4,0.0,13.4,June,2023
9967,Nalgonda,Kattangoor,2023-06-07,0.0,29.4,43.5,28.9,78.4,0.0,14.2,June,2023
9968,Nalgonda,Kattangoor,2023-06-08,0.0,29.5,43.5,25.7,100.0,0.1,18.5,June,2023
9969,Nalgonda,Kattangoor,2023-06-09,0.0,30.4,43.7,27.6,65.9,0.0,17.4,June,2023
9970,Nalgonda,Kattangoor,2023-06-10,1.4,27.2,42.7,26.1,79.7,0.0,18.1,June,2023
9971,Nalgonda,Kattangoor,2023-06-11,9.8,24.3,42.1,31.5,94.7,1.2,22.2,June,2023
9972,Nalgonda,Kattangoor,2023-06-12,0.0,28.4,40.8,33.2,84.5,0.2,15.1,June,2023
9973,Nalgonda,Kattangoor,2023-06-13,0.0,29.9,41.4,31.0,77.9,0.0,16.4,June,2023
9974,Nalgonda,Kattangoor,2023-06-14,0.0,30.2,43.3,26.1,64.0,0.0,15.3,June,2023
9975,Nalgonda,Kattangoor,2023-06-15,0.0,30.4,42.5,27.6,76.3,0.0,16.4,June,2023
9976,Nalgonda,Kattangoor,2023-06-16,0.0,30.1,41.8,26.4,53.0,0.0,16.1,June,2023
9977,Nalgonda,Kattangoor,2023-06-17,0.0,30.6,43.0,25.0,77.9,1.7,15.3,June,2023
9978,Nalgonda,Kattangoor,2023-06-18,0.0,31.3,43.1,27.3,76.3,0.0,15.7,June,2023
9979,Nalgonda,Kattangoor,2023-06-19,0.0,30.2,40.0,30.3,78.6,3.0,13.2,June,2023
9980,Nalgonda,Kattangoor,2023-06-20,0.0,28.6,41.4,31.0,84.9,0.0,16.7,June,2023
9981,Nalgonda,Kattangoor,2023-06-21,0.5,26.4,44.7,27.8,100.0,0.0,17.0,June,2023
9982,Nalgonda,Kattangoor,2023-06-22,26.6,23.4,40.9,38.5,100.0,0.0,12.2,June,2023
9983,Nalgonda,Kattangoor,2023-06-23,21.7,23.1,40.4,50.2,100.0,0.0,13.9,June,2023
9984,Nalgonda,Kattangoor,2023-06-24,36.3,23.0,32.9,56.7,100.0,0.0,5.0,June,2023
9985,Nalgonda,Kattangoor,2023-06-25,2.3,23.7,32.7,77.3,100.0,0.1,14.7,June,2023
9986,Nalgonda,Kattangoor,2023-06-26,0.8,26.4,33.2,68.5,98.5,0.0,15.7,June,2023
9987,Nalgonda,Kattangoor,2023-06-27,0.3,25.3,34.5,56.5,100.0,0.0,14.2,June,2023
9988,Nalgonda,Kattangoor,2023-06-28,11.3,24.5,34.3,51.7,100.0,0.0,15.5,June,2023
9989,Nalgonda,Kattangoor,2023-06-29,20.7,24.3,35.8,55.5,100.0,0.0,15.5,June,2023
9990,Nalgonda,Kattangoor,2023-06-30,0.5,25.8,33.9,55.9,100.0,0.0,14.2,June,2023
9991,Nalgonda,Kethepalle,2023-06-01,0.0,25.7,42.4,28.3,73.4,0.0,9.0,June,2023
9992,Nalgonda,Kethepalle,2023-06-02,0.0,26.3,44.5,25.3,59.4,0.0,7.0,June,2023
9993,Nalgonda,Kethepalle,2023-06-03,0.0,27.4,45.2,18.8,51.6,0.0,8.1,June,2023
9994,Nalgonda,Kethepalle,2023-06-04,0.0,27.3,45.1,22.7,55.7,0.0,8.0,June,2023
9995,Nalgonda,Kethepalle,2023-06-05,0.0,26.3,39.7,32.5,63.0,0.0,13.4,June,2023
9996,Nalgonda,Kethepalle,2023-06-06,0.0,26.9,40.8,27.6,54.8,0.0,9.2,June,2023
9997,Nalgonda,Kethepalle,2023-06-07,0.3,27.1,42.8,28.9,57.1,0.1,7.7,June,2023
9998,Nalgonda,Kethepalle,2023-06-08,0.0,28.7,45.0,24.0,50.1,1.0,10.9,June,2023
9999,Nalgonda,Kethepalle,2023-06-09,0.0,29.6,45.1,27.9,56.9,0.0,10.6,June,2023
10000,Nalgonda,Kethepalle,2023-06-10,4.0,25.1,44.5,25.5,82.3,0.0,13.8,June,2023
10001,Nalgonda,Kethepalle,2023-06-11,10.9,23.6,40.3,36.2,84.4,0.0,13.4,June,2023
10002,Nalgonda,Kethepalle,2023-06-12,0.0,28.0,40.6,34.0,64.4,0.9,14.1,June,2023
10003,Nalgonda,Kethepalle,2023-06-13,0.0,30.1,41.5,32.8,47.5,2.8,9.6,June,2023
10004,Nalgonda,Kethepalle,2023-06-14,0.0,30.3,42.2,28.3,49.0,1.3,15.3,June,2023
10005,Nalgonda,Kethepalle,2023-06-15,0.0,29.8,41.4,29.6,48.0,0.0,10.9,June,2023
10006,Nalgonda,Kethepalle,2023-06-16,0.0,27.6,41.5,27.6,53.9,0.0,13.9,June,2023
10007,Nalgonda,Kethepalle,2023-06-17,0.0,30.7,42.9,25.7,47.9,0.7,9.6,June,2023
10008,Nalgonda,Kethepalle,2023-06-18,0.0,31.2,41.8,30.2,46.8,1.8,15.2,June,2023
10009,Nalgonda,Kethepalle,2023-06-19,0.0,29.8,39.1,35.0,50.6,0.0,12.1,June,2023
10010,Nalgonda,Kethepalle,2023-06-20,0.0,28.4,43.1,30.4,63.5,0.0,9.6,June,2023
10011,Nalgonda,Kethepalle,2023-06-21,4.2,26.0,43.5,29.8,83.5,0.0,15.1,June,2023
10012,Nalgonda,Kethepalle,2023-06-22,16.3,24.8,40.8,40.2,84.4,0.0,15.6,June,2023
10013,Nalgonda,Kethepalle,2023-06-23,14.9,23.1,37.8,44.8,87.3,0.0,14.5,June,2023
10014,Nalgonda,Kethepalle,2023-06-24,23.4,23.3,32.9,54.8,88.5,0.0,14.3,June,2023
10015,Nalgonda,Kethepalle,2023-06-25,3.0,24.2,31.7,59.9,88.1,0.0,9.8,June,2023
10016,Nalgonda,Kethepalle,2023-06-26,0.0,26.6,33.2,47.2,77.6,0.4,12.9,June,2023
10017,Nalgonda,Kethepalle,2023-06-27,3.7,24.5,32.8,46.7,87.7,0.0,11.1,June,2023
10018,Nalgonda,Kethepalle,2023-06-28,12.1,24.3,33.2,45.1,88.1,0.0,12.4,June,2023
10019,Nalgonda,Kethepalle,2023-06-29,6.4,24.6,36.0,41.2,86.9,0.0,10.2,June,2023
10020,Nalgonda,Kethepalle,2023-06-30,0.5,26.1,34.5,45.1,76.6,0.0,9.5,June,2023
10021,Nalgonda,Kondamallapally,2023-06-01,0.0,26.1,39.0,33.2,76.3,0.0,7.4,June,2023
10022,Nalgonda,Kondamallapally,2023-06-02,0.0,27.8,40.1,27.5,64.2,0.0,9.7,June,2023
10023,Nalgonda,Kondamallapally,2023-06-03,0.0,29.1,41.1,18.8,51.5,0.0,6.1,June,2023
10024,Nalgonda,Kondamallapally,2023-06-04,2.7,29.2,41.8,21.3,64.9,0.0,11.6,June,2023
10025,Nalgonda,Kondamallapally,2023-06-05,0.0,25.9,34.5,46.1,76.9,0.0,10.4,June,2023
10026,Nalgonda,Kondamallapally,2023-06-06,0.0,28.2,37.7,28.6,66.4,0.0,11.3,June,2023
10027,Nalgonda,Kondamallapally,2023-06-07,0.0,29.7,40.2,33.2,62.6,0.0,11.4,June,2023
10028,Nalgonda,Kondamallapally,2023-06-08,10.5,24.1,41.0,30.0,94.0,0.0,13.4,June,2023
10029,Nalgonda,Kondamallapally,2023-06-09,0.5,26.9,38.6,37.5,77.1,0.0,16.4,June,2023
10030,Nalgonda,Kondamallapally,2023-06-10,0.0,27.5,38.9,40.4,76.1,0.0,11.5,June,2023
10031,Nalgonda,Kondamallapally,2023-06-11,0.0,28.8,38.7,37.9,66.2,0.0,14.8,June,2023
10032,Nalgonda,Kondamallapally,2023-06-12,0.0,28.0,38.5,37.5,74.5,0.0,12.3,June,2023
10033,Nalgonda,Kondamallapally,2023-06-13,0.0,28.5,38.5,32.2,64.2,0.0,13.2,June,2023
10034,Nalgonda,Kondamallapally,2023-06-14,0.0,29.1,39.5,29.9,60.3,0.0,15.0,June,2023
10035,Nalgonda,Kondamallapally,2023-06-15,0.0,29.3,39.3,30.4,58.6,0.0,13.3,June,2023
10036,Nalgonda,Kondamallapally,2023-06-16,0.0,28.8,39.5,26.0,57.7,0.0,11.5,June,2023
10037,Nalgonda,Kondamallapally,2023-06-17,0.0,29.4,39.9,29.7,60.5,0.0,10.3,June,2023
10038,Nalgonda,Kondamallapally,2023-06-18,0.0,30.1,39.7,32.2,58.8,0.0,9.5,June,2023
10039,Nalgonda,Kondamallapally,2023-06-19,0.0,28.0,39.9,32.9,74.9,0.0,16.6,June,2023
10040,Nalgonda,Kondamallapally,2023-06-20,0.0,29.8,39.6,33.4,61.3,0.0,6.5,June,2023
10041,Nalgonda,Kondamallapally,2023-06-21,15.6,25.3,39.6,31.8,100.0,0.0,11.3,June,2023
10042,Nalgonda,Kondamallapally,2023-06-22,0.4,26.3,36.8,42.8,100.0,0.0,5.3,June,2023
10043,Nalgonda,Kondamallapally,2023-06-23,7.9,24.6,34.6,52.0,99.0,0.0,4.0,June,2023
10044,Nalgonda,Kondamallapally,2023-06-24,5.9,23.4,33.8,59.0,100.0,0.0,2.5,June,2023
10045,Nalgonda,Kondamallapally,2023-06-25,0.4,24.6,30.8,70.6,100.0,0.0,3.8,June,2023
10046,Nalgonda,Kondamallapally,2023-06-26,0.0,25.8,32.6,61.8,100.0,0.0,7.7,June,2023
10047,Nalgonda,Kondamallapally,2023-06-27,0.0,26.1,31.6,61.1,85.0,0.0,6.7,June,2023
10048,Nalgonda,Kondamallapally,2023-06-28,0.0,25.5,33.0,53.3,75.8,0.0,9.9,June,2023
10049,Nalgonda,Kondamallapally,2023-06-29,0.6,23.9,33.4,69.7,100.0,0.0,13.3,June,2023
10050,Nalgonda,Kondamallapally,2023-06-30,0.0,26.0,34.7,47.7,100.0,0.0,17.1,June,2023
10051,Nalgonda,Madugulapally,2023-06-01,0.0,27.6,40.1,36.4,80.0,0.0,3.3,June,2023
10052,Nalgonda,Madugulapally,2023-06-02,0.0,29.0,41.4,33.1,68.3,0.0,11.1,June,2023
10053,Nalgonda,Madugulapally,2023-06-03,0.0,30.6,42.2,27.1,61.8,0.0,7.0,June,2023
10054,Nalgonda,Madugulapally,2023-06-04,5.9,27.6,42.7,33.4,72.6,0.0,11.0,June,2023
10055,Nalgonda,Madugulapally,2023-06-05,0.0,27.0,38.7,46.4,72.5,0.0,7.8,June,2023
10056,Nalgonda,Madugulapally,2023-06-06,0.0,28.3,39.5,37.0,65.3,0.0,13.3,June,2023
10057,Nalgonda,Madugulapally,2023-06-07,0.0,30.0,41.1,36.4,67.4,0.0,11.8,June,2023
10058,Nalgonda,Madugulapally,2023-06-08,0.0,29.2,42.0,34.8,70.7,0.0,18.0,June,2023
10059,Nalgonda,Madugulapally,2023-06-09,0.0,30.0,40.9,37.3,65.9,0.0,19.9,June,2023
10060,Nalgonda,Madugulapally,2023-06-10,12.7,25.1,41.5,33.1,84.1,0.0,17.1,June,2023
10061,Nalgonda,Madugulapally,2023-06-11,4.0,26.6,38.5,44.3,83.9,0.0,15.0,June,2023
10062,Nalgonda,Madugulapally,2023-06-12,0.0,28.2,39.6,43.5,75.9,0.0,14.3,June,2023
10063,Nalgonda,Madugulapally,2023-06-13,0.0,29.2,41.1,40.0,66.4,0.0,14.9,June,2023
10064,Nalgonda,Madugulapally,2023-06-14,0.0,30.6,42.1,35.5,63.4,3.2,13.7,June,2023
10065,Nalgonda,Madugulapally,2023-06-15,0.0,30.6,41.7,35.2,59.3,0.0,17.6,June,2023
10066,Nalgonda,Madugulapally,2023-06-16,0.0,30.5,41.0,35.8,59.3,0.0,12.8,June,2023
10067,Nalgonda,Madugulapally,2023-06-17,0.0,30.7,41.6,34.8,61.8,0.0,15.3,June,2023
10068,Nalgonda,Madugulapally,2023-06-18,0.0,30.7,40.1,39.4,61.3,0.0,12.3,June,2023
10069,Nalgonda,Madugulapally,2023-06-19,0.0,29.5,38.4,42.0,71.2,0.0,11.3,June,2023
10070,Nalgonda,Madugulapally,2023-06-20,0.0,29.1,39.6,42.3,74.5,0.0,7.0,June,2023
10071,Nalgonda,Madugulapally,2023-06-21,9.5,25.5,41.2,38.8,93.5,0.0,21.3,June,2023
10072,Nalgonda,Madugulapally,2023-06-22,44.9,23.7,37.2,53.0,96.8,0.0,12.1,June,2023
10073,Nalgonda,Madugulapally,2023-06-23,1.5,25.2,35.8,60.3,93.7,0.0,9.8,June,2023
10074,Nalgonda,Madugulapally,2023-06-24,11.9,23.5,33.5,70.9,96.8,0.0,10.9,June,2023
10075,Nalgonda,Madugulapally,2023-06-25,0.0,25.7,32.7,71.3,88.2,0.0,15.3,June,2023
10076,Nalgonda,Madugulapally,2023-06-26,1.1,26.6,34.3,61.3,89.7,0.0,15.3,June,2023
10077,Nalgonda,Madugulapally,2023-06-27,7.4,24.2,32.5,65.4,96.8,0.0,11.2,June,2023
10078,Nalgonda,Madugulapally,2023-06-28,10.5,24.6,34.5,57.7,97.3,0.0,14.6,June,2023
10079,Nalgonda,Madugulapally,2023-06-29,5.5,24.6,35.3,58.3,96.8,0.0,13.1,June,2023
10080,Nalgonda,Madugulapally,2023-06-30,0.0,26.6,36.3,58.7,80.0,0.0,13.8,June,2023
10081,Nalgonda,Marriguda,2023-06-01,0.0,25.6,37.4,43.3,80.2,0.0,9.5,June,2023
10082,Nalgonda,Marriguda,2023-06-02,0.0,28.2,37.3,39.1,67.8,0.7,7.0,June,2023
10083,Nalgonda,Marriguda,2023-06-03,0.0,28.5,40.0,26.2,57.1,0.0,7.3,June,2023
10084,Nalgonda,Marriguda,2023-06-04,1.2,29.1,39.7,31.2,66.6,0.4,9.0,June,2023
10085,Nalgonda,Marriguda,2023-06-05,0.0,24.8,34.2,47.4,74.6,0.0,11.6,June,2023
10086,Nalgonda,Marriguda,2023-06-06,0.0,30.1,37.4,34.7,58.4,0.4,9.3,June,2023
10087,Nalgonda,Marriguda,2023-06-07,0.7,28.0,40.6,32.5,70.5,0.0,12.0,June,2023
10088,Nalgonda,Marriguda,2023-06-08,1.0,25.4,38.7,48.8,80.6,1.5,9.9,June,2023
10089,Nalgonda,Marriguda,2023-06-09,0.4,27.4,38.8,37.5,73.7,0.0,12.3,June,2023
10090,Nalgonda,Marriguda,2023-06-10,0.0,28.3,39.6,38.3,69.5,2.2,10.7,June,2023
10091,Nalgonda,Marriguda,2023-06-11,0.0,27.6,39.2,39.4,74.6,2.4,7.8,June,2023
10092,Nalgonda,Marriguda,2023-06-12,0.0,27.5,39.0,38.3,76.7,2.2,9.7,June,2023
10093,Nalgonda,Marriguda,2023-06-13,0.0,28.6,38.6,37.5,61.2,0.8,11.0,June,2023
10094,Nalgonda,Marriguda,2023-06-14,0.0,28.6,39.0,33.5,64.4,0.5,10.8,June,2023
10095,Nalgonda,Marriguda,2023-06-15,0.0,28.5,38.8,34.1,62.5,1.5,11.4,June,2023
10096,Nalgonda,Marriguda,2023-06-16,0.0,28.8,39.3,31.6,58.9,0.7,8.8,June,2023
10097,Nalgonda,Marriguda,2023-06-17,0.0,28.8,40.8,31.2,64.4,1.2,9.9,June,2023
10098,Nalgonda,Marriguda,2023-06-18,0.0,29.7,39.1,36.7,59.8,0.9,10.9,June,2023
10099,Nalgonda,Marriguda,2023-06-19,1.2,27.0,39.9,35.6,77.5,1.2,13.0,June,2023
10100,Nalgonda,Marriguda,2023-06-20,0.0,30.3,38.4,38.0,56.6,0.0,7.8,June,2023
10101,Nalgonda,Marriguda,2023-06-21,24.4,25.1,37.4,40.2,83.0,0.0,10.8,June,2023
10102,Nalgonda,Marriguda,2023-06-22,7.7,24.3,36.2,48.7,92.2,0.2,9.6,June,2023
10103,Nalgonda,Marriguda,2023-06-23,28.0,23.7,33.6,65.3,93.0,0.0,6.4,June,2023
10104,Nalgonda,Marriguda,2023-06-24,3.4,23.3,32.7,60.3,91.4,0.0,11.0,June,2023
10105,Nalgonda,Marriguda,2023-06-25,0.0,24.6,30.2,71.8,86.4,1.9,11.4,June,2023
10106,Nalgonda,Marriguda,2023-06-26,0.0,25.7,32.9,59.4,83.5,2.6,8.0,June,2023
10107,Nalgonda,Marriguda,2023-06-27,5.2,23.3,31.2,64.8,89.3,0.3,9.9,June,2023
10108,Nalgonda,Marriguda,2023-06-28,1.7,25.0,32.6,59.4,85.6,0.3,10.1,June,2023
10109,Nalgonda,Marriguda,2023-06-29,20.8,23.7,32.6,58.9,94.4,0.4,10.1,June,2023
10110,Nalgonda,Marriguda,2023-06-30,0.0,24.9,32.7,60.7,81.4,0.0,8.8,June,2023
10111,Nalgonda,Miryalaguda,2023-06-01,0.0,26.4,41.2,30.4,84.8,0.0,10.3,June,2023
10112,Nalgonda,Miryalaguda,2023-06-02,0.0,27.9,43.4,26.6,65.4,0.0,8.9,June,2023
10113,Nalgonda,Miryalaguda,2023-06-03,0.0,29.0,43.1,21.7,56.2,0.0,13.1,June,2023
10114,Nalgonda,Miryalaguda,2023-06-04,0.0,27.4,42.4,27.3,67.7,0.0,13.7,June,2023
10115,Nalgonda,Miryalaguda,2023-06-05,0.0,26.5,39.3,38.3,71.9,0.0,15.1,June,2023
10116,Nalgonda,Miryalaguda,2023-06-06,0.0,27.2,39.9,30.0,64.1,0.0,13.7,June,2023
10117,Nalgonda,Miryalaguda,2023-06-07,0.0,29.3,42.0,30.6,62.4,1.1,15.6,June,2023
10118,Nalgonda,Miryalaguda,2023-06-08,0.0,28.9,42.9,28.2,67.9,0.7,17.5,June,2023
10119,Nalgonda,Miryalaguda,2023-06-09,0.0,29.7,41.7,31.2,65.5,0.0,21.3,June,2023
10120,Nalgonda,Miryalaguda,2023-06-10,0.0,26.5,42.4,28.9,74.8,2.7,25.8,June,2023
10121,Nalgonda,Miryalaguda,2023-06-11,0.4,26.2,40.4,35.7,82.7,0.0,19.5,June,2023
10122,Nalgonda,Miryalaguda,2023-06-12,0.0,28.0,40.3,36.2,73.2,2.0,20.8,June,2023
10123,Nalgonda,Miryalaguda,2023-06-13,0.0,28.8,40.5,34.8,61.1,1.4,18.2,June,2023
10124,Nalgonda,Miryalaguda,2023-06-14,0.0,30.3,41.8,30.0,57.7,0.7,19.3,June,2023
10125,Nalgonda,Miryalaguda,2023-06-15,0.0,30.1,41.1,30.1,58.7,3.8,19.5,June,2023
10126,Nalgonda,Miryalaguda,2023-06-16,0.0,29.5,41.4,29.8,54.4,0.0,21.0,June,2023
10127,Nalgonda,Miryalaguda,2023-06-17,0.0,30.6,42.0,28.9,57.7,2.9,21.3,June,2023
10128,Nalgonda,Miryalaguda,2023-06-18,0.0,30.5,41.2,32.8,59.2,0.0,20.7,June,2023
10129,Nalgonda,Miryalaguda,2023-06-19,0.0,29.1,38.5,36.9,67.0,0.0,16.4,June,2023
10130,Nalgonda,Miryalaguda,2023-06-20,0.0,28.6,40.8,34.7,73.9,1.5,14.8,June,2023
10131,Nalgonda,Miryalaguda,2023-06-21,0.9,25.8,40.1,35.5,90.1,0.0,17.3,June,2023
10132,Nalgonda,Miryalaguda,2023-06-22,13.8,24.3,38.7,43.9,98.8,0.0,14.7,June,2023
10133,Nalgonda,Miryalaguda,2023-06-23,8.9,24.9,36.7,50.6,99.3,0.0,14.5,June,2023
10134,Nalgonda,Miryalaguda,2023-06-24,12.8,23.1,33.5,64.1,99.4,0.0,9.2,June,2023
10135,Nalgonda,Miryalaguda,2023-06-25,0.6,25.6,32.3,67.5,92.3,0.0,14.9,June,2023
10136,Nalgonda,Miryalaguda,2023-06-26,5.5,25.8,34.4,54.0,96.2,0.9,19.8,June,2023
10137,Nalgonda,Miryalaguda,2023-06-27,5.6,24.0,32.6,59.9,95.1,0.0,16.8,June,2023
10138,Nalgonda,Miryalaguda,2023-06-28,2.6,24.2,34.0,53.7,96.2,0.0,18.3,June,2023
10139,Nalgonda,Miryalaguda,2023-06-29,2.2,24.7,35.5,51.4,96.2,0.0,20.6,June,2023
10140,Nalgonda,Miryalaguda,2023-06-30,0.0,26.2,36.0,52.5,79.8,0.0,17.8,June,2023
10141,Nalgonda,Munugode,2023-06-01,0.0,24.0,39.2,39.4,89.4,0.0,2.6,June,2023
10142,Nalgonda,Munugode,2023-06-02,0.0,26.2,40.3,35.3,75.0,0.0,2.6,June,2023
10143,Nalgonda,Munugode,2023-06-03,0.0,25.8,40.3,28.4,78.3,0.0,11.8,June,2023
10144,Nalgonda,Munugode,2023-06-04,0.0,27.4,40.2,32.9,70.0,0.0,9.0,June,2023
10145,Nalgonda,Munugode,2023-06-05,0.0,23.8,37.0,49.1,81.9,0.0,11.5,June,2023
10146,Nalgonda,Munugode,2023-06-06,0.0,25.3,38.7,38.2,75.0,0.0,10.5,June,2023
10147,Nalgonda,Munugode,2023-06-07,0.0,27.4,37.8,42.0,70.4,0.0,10.4,June,2023
10148,Nalgonda,Munugode,2023-06-08,0.0,26.7,39.8,34.1,75.0,0.4,11.4,June,2023
10149,Nalgonda,Munugode,2023-06-09,0.0,25.9,40.0,33.4,75.9,0.0,5.5,June,2023
10150,Nalgonda,Munugode,2023-06-10,0.0,28.7,39.5,33.9,65.7,0.1,10.4,June,2023
10151,Nalgonda,Munugode,2023-06-11,0.0,25.0,38.7,37.3,87.0,0.0,6.2,June,2023
10152,Nalgonda,Munugode,2023-06-12,0.0,28.0,39.4,36.1,72.7,0.0,4.5,June,2023
10153,Nalgonda,Munugode,2023-06-13,0.0,27.0,41.8,27.4,61.3,0.0,14.2,June,2023
10154,Nalgonda,Munugode,2023-06-14,0.0,29.5,42.7,23.1,54.5,0.0,12.2,June,2023
10155,Nalgonda,Munugode,2023-06-15,0.0,29.7,41.4,25.0,50.9,0.0,11.3,June,2023
10156,Nalgonda,Munugode,2023-06-16,0.0,27.5,42.4,23.1,53.6,0.0,9.7,June,2023
10157,Nalgonda,Munugode,2023-06-17,0.0,29.1,43.5,22.4,53.5,0.0,6.1,June,2023
10158,Nalgonda,Munugode,2023-06-18,0.0,28.2,41.6,26.4,62.3,0.0,12.3,June,2023
10159,Nalgonda,Munugode,2023-06-19,0.0,29.4,42.1,25.2,56.1,0.1,12.5,June,2023
10160,Nalgonda,Munugode,2023-06-20,0.0,26.9,42.0,27.4,72.7,0.0,10.9,June,2023
10161,Nalgonda,Munugode,2023-06-21,0.0,25.2,40.2,30.7,87.5,0.0,12.1,June,2023
10162,Nalgonda,Munugode,2023-06-22,19.4,24.5,40.3,34.3,98.3,0.0,8.9,June,2023
10163,Nalgonda,Munugode,2023-06-23,13.8,24.3,37.7,40.1,100.0,0.0,6.1,June,2023
10164,Nalgonda,Munugode,2023-06-24,34.0,22.2,33.0,61.2,100.0,0.0,4.5,June,2023
10165,Nalgonda,Munugode,2023-06-25,14.2,24.7,32.3,64.9,94.3,0.0,6.5,June,2023
10166,Nalgonda,Munugode,2023-06-26,1.5,25.3,35.0,47.5,91.0,0.0,8.1,June,2023
10167,Nalgonda,Munugode,2023-06-27,0.0,23.9,34.1,48.7,97.2,0.0,8.3,June,2023
10168,Nalgonda,Munugode,2023-06-28,6.2,24.2,35.7,43.7,99.3,0.0,11.5,June,2023
10169,Nalgonda,Munugode,2023-06-29,11.7,23.9,35.4,47.3,99.9,0.0,4.2,June,2023
10170,Nalgonda,Munugode,2023-06-30,0.0,24.9,35.3,48.1,83.6,0.0,0.0,June,2023
10171,Nalgonda,Nakrekal,2023-06-01,0.0,26.4,41.3,26.7,73.9,0.0,5.4,June,2023
10172,Nalgonda,Nakrekal,2023-06-02,0.0,27.6,42.8,23.9,60.8,0.0,7.4,June,2023
10173,Nalgonda,Nakrekal,2023-06-03,0.0,30.0,43.6,17.8,48.6,0.0,9.1,June,2023
10174,Nalgonda,Nakrekal,2023-06-04,8.3,26.2,43.2,22.5,71.0,0.0,9.1,June,2023
10175,Nalgonda,Nakrekal,2023-06-05,0.0,26.1,40.1,29.6,71.0,0.0,8.6,June,2023
10176,Nalgonda,Nakrekal,2023-06-06,0.0,27.1,40.5,25.3,59.2,0.0,9.7,June,2023
10177,Nalgonda,Nakrekal,2023-06-07,0.0,29.3,43.4,24.1,54.1,0.0,11.5,June,2023
10178,Nalgonda,Nakrekal,2023-06-08,0.0,29.6,41.9,24.6,57.1,2.7,14.2,June,2023
10179,Nalgonda,Nakrekal,2023-06-09,0.0,30.7,43.5,24.9,53.5,0.0,12.5,June,2023
10180,Nalgonda,Nakrekal,2023-06-10,13.7,24.4,42.4,24.4,87.4,0.0,11.8,June,2023
10181,Nalgonda,Nakrekal,2023-06-11,59.8,23.2,40.4,33.8,89.3,0.0,11.3,June,2023
10182,Nalgonda,Nakrekal,2023-06-12,0.3,27.8,40.1,33.8,70.7,0.0,6.5,June,2023
10183,Nalgonda,Nakrekal,2023-06-13,0.0,29.6,40.5,32.4,55.1,0.0,10.2,June,2023
10184,Nalgonda,Nakrekal,2023-06-14,0.0,29.8,41.5,26.7,56.1,0.0,8.6,June,2023
10185,Nalgonda,Nakrekal,2023-06-15,0.0,29.6,41.0,27.4,54.1,0.0,7.7,June,2023
10186,Nalgonda,Nakrekal,2023-06-16,0.0,29.9,41.1,27.4,53.5,0.0,6.7,June,2023
10187,Nalgonda,Nakrekal,2023-06-17,0.0,30.2,42.6,24.6,54.6,0.0,9.0,June,2023
10188,Nalgonda,Nakrekal,2023-06-18,0.0,31.3,41.7,27.4,51.5,0.0,9.2,June,2023
10189,Nalgonda,Nakrekal,2023-06-19,0.0,29.9,39.2,32.8,57.1,0.0,6.9,June,2023
10190,Nalgonda,Nakrekal,2023-06-20,0.0,28.7,41.1,28.8,68.3,0.0,7.0,June,2023
10191,Nalgonda,Nakrekal,2023-06-21,2.8,25.1,42.1,28.1,88.4,0.0,12.1,June,2023
10192,Nalgonda,Nakrekal,2023-06-22,32.6,23.7,38.7,40.9,90.8,0.0,9.6,June,2023
10193,Nalgonda,Nakrekal,2023-06-23,44.1,22.7,37.6,46.8,94.7,0.0,10.2,June,2023
10194,Nalgonda,Nakrekal,2023-06-24,29.9,23.1,33.0,65.9,94.7,0.0,10.4,June,2023
10195,Nalgonda,Nakrekal,2023-06-25,3.3,24.0,32.3,67.4,95.8,0.0,7.3,June,2023
10196,Nalgonda,Nakrekal,2023-06-26,0.0,26.0,32.7,58.6,86.7,0.0,8.5,June,2023
10197,Nalgonda,Nakrekal,2023-06-27,3.1,24.4,32.5,59.5,95.1,0.0,7.7,June,2023
10198,Nalgonda,Nakrekal,2023-06-28,14.2,24.3,32.9,56.7,95.6,0.0,7.0,June,2023
10199,Nalgonda,Nakrekal,2023-06-29,14.3,24.5,34.5,53.8,94.1,0.0,8.6,June,2023
10200,Nalgonda,Nakrekal,2023-06-30,0.4,25.5,33.5,55.0,85.2,0.0,6.8,June,2023
10201,Nalgonda,Nalgonda,2023-06-01,0.0,26.2,41.4,28.7,88.1,0.0,0.0,June,2023
10202,Nalgonda,Nalgonda,2023-06-02,0.0,28.5,42.4,26.2,70.4,0.0,0.0,June,2023
10203,Nalgonda,Nalgonda,2023-06-03,0.0,29.9,43.8,18.5,63.1,0.0,0.0,June,2023
10204,Nalgonda,Nalgonda,2023-06-04,0.0,29.4,43.8,20.6,56.2,0.0,0.0,June,2023
10205,Nalgonda,Nalgonda,2023-06-05,0.0,25.8,39.2,33.9,70.0,0.0,0.0,June,2023
10206,Nalgonda,Nalgonda,2023-06-06,0.0,28.5,39.9,25.9,62.7,0.0,0.0,June,2023
10207,Nalgonda,Nalgonda,2023-06-07,0.0,29.6,41.9,27.3,63.1,0.0,0.0,June,2023
10208,Nalgonda,Nalgonda,2023-06-08,0.0,28.9,43.8,24.1,70.4,0.0,0.0,June,2023
10209,Nalgonda,Nalgonda,2023-06-09,1.0,29.0,42.6,26.6,71.0,0.0,0.0,June,2023
10210,Nalgonda,Nalgonda,2023-06-10,1.2,26.2,43.8,21.8,77.1,0.0,0.0,June,2023
10211,Nalgonda,Nalgonda,2023-06-11,3.7,26.0,41.8,30.8,87.8,0.0,0.0,June,2023
10212,Nalgonda,Nalgonda,2023-06-12,0.0,28.2,40.7,31.5,75.1,0.0,0.0,June,2023
10213,Nalgonda,Nalgonda,2023-06-13,0.0,29.8,41.5,28.4,63.5,0.0,0.0,June,2023
10214,Nalgonda,Nalgonda,2023-06-14,0.0,30.0,42.4,24.6,63.1,0.0,0.0,June,2023
10215,Nalgonda,Nalgonda,2023-06-15,0.0,30.1,41.8,24.8,58.3,0.0,0.0,June,2023
10216,Nalgonda,Nalgonda,2023-06-16,0.0,29.5,42.0,26.2,59.0,0.0,0.0,June,2023
10217,Nalgonda,Nalgonda,2023-06-17,0.0,30.3,43.3,24.1,63.1,0.0,0.0,June,2023
10218,Nalgonda,Nalgonda,2023-06-18,0.0,30.7,41.4,28.7,63.1,0.0,0.0,June,2023
10219,Nalgonda,Nalgonda,2023-06-19,0.0,29.0,40.9,30.8,70.5,0.0,0.0,June,2023
10220,Nalgonda,Nalgonda,2023-06-20,0.0,28.0,41.8,30.1,73.7,0.0,0.0,June,2023
10221,Nalgonda,Nalgonda,2023-06-21,2.7,25.7,42.5,28.9,95.7,0.0,0.0,June,2023
10222,Nalgonda,Nalgonda,2023-06-22,8.4,23.5,38.9,38.7,98.5,0.0,8.9,June,2023
10223,Nalgonda,Nalgonda,2023-06-23,11.5,23.8,37.1,46.3,100.0,0.0,0.0,June,2023
10224,Nalgonda,Nalgonda,2023-06-24,22.7,22.8,33.7,60.8,100.0,0.0,0.0,June,2023
10225,Nalgonda,Nalgonda,2023-06-25,0.0,25.0,33.6,69.0,95.5,0.0,0.0,June,2023
10226,Nalgonda,Nalgonda,2023-06-26,9.7,25.1,34.6,54.9,97.4,0.0,0.0,June,2023
10227,Nalgonda,Nalgonda,2023-06-27,0.8,24.0,33.6,55.8,96.7,0.0,0.0,June,2023
10228,Nalgonda,Nalgonda,2023-06-28,11.9,23.7,34.9,48.8,98.6,0.0,0.0,June,2023
10229,Nalgonda,Nalgonda,2023-06-29,12.2,24.1,36.1,49.4,100.0,0.0,0.0,June,2023
10230,Nalgonda,Nalgonda,2023-06-30,3.4,25.5,37.0,48.0,95.5,0.0,0.0,June,2023
10231,Nalgonda,Nampalle,2023-06-01,0.0,25.1,39.6,32.0,93.6,0.0,0.9,June,2023
10232,Nalgonda,Nampalle,2023-06-02,0.0,27.6,40.8,25.9,71.2,0.0,10.9,June,2023
10233,Nalgonda,Nampalle,2023-06-03,0.0,27.0,43.3,14.6,62.7,0.0,3.4,June,2023
10234,Nalgonda,Nampalle,2023-06-04,0.5,28.1,42.6,19.4,68.3,0.2,11.6,June,2023
10235,Nalgonda,Nampalle,2023-06-05,0.0,24.2,35.3,35.0,82.0,0.0,11.6,June,2023
10236,Nalgonda,Nampalle,2023-06-06,0.0,25.8,39.4,20.5,69.2,0.2,11.3,June,2023
10237,Nalgonda,Nampalle,2023-06-07,0.3,28.1,41.5,20.5,73.1,0.0,11.4,June,2023
10238,Nalgonda,Nampalle,2023-06-08,48.1,22.8,40.8,22.6,100.0,1.0,13.4,June,2023
10239,Nalgonda,Nampalle,2023-06-09,3.3,24.2,40.5,34.7,81.8,0.0,18.7,June,2023
10240,Nalgonda,Nampalle,2023-06-10,0.0,27.1,39.4,31.0,77.6,0.8,16.9,June,2023
10241,Nalgonda,Nampalle,2023-06-11,0.8,24.9,39.0,32.4,80.7,0.8,15.0,June,2023
10242,Nalgonda,Nampalle,2023-06-12,0.0,27.5,38.2,34.4,76.6,0.7,14.8,June,2023
10243,Nalgonda,Nampalle,2023-06-13,0.0,28.5,38.4,29.4,62.5,0.3,18.9,June,2023
10244,Nalgonda,Nampalle,2023-06-14,0.0,29.1,40.5,21.2,61.0,0.2,18.3,June,2023
10245,Nalgonda,Nampalle,2023-06-15,0.0,28.8,39.2,21.0,61.5,0.5,15.7,June,2023
10246,Nalgonda,Nampalle,2023-06-16,0.0,29.1,40.2,19.2,59.0,0.2,16.8,June,2023
10247,Nalgonda,Nampalle,2023-06-17,0.0,29.2,40.8,19.8,62.5,0.4,15.8,June,2023
10248,Nalgonda,Nampalle,2023-06-18,0.0,30.0,39.5,23.7,59.0,0.3,14.2,June,2023
10249,Nalgonda,Nampalle,2023-06-19,0.4,27.2,41.2,21.9,79.0,0.4,18.6,June,2023
10250,Nalgonda,Nampalle,2023-06-20,0.0,28.3,39.7,27.3,65.5,0.0,6.9,June,2023
10251,Nalgonda,Nampalle,2023-06-21,1.6,26.2,43.1,21.4,89.1,0.0,10.8,June,2023
10252,Nalgonda,Nampalle,2023-06-22,21.3,24.0,40.2,28.0,100.0,0.1,20.1,June,2023
10253,Nalgonda,Nampalle,2023-06-23,27.2,23.4,36.4,44.9,100.0,0.0,6.3,June,2023
10254,Nalgonda,Nampalle,2023-06-24,4.1,23.3,33.9,57.2,100.0,0.0,6.4,June,2023
10255,Nalgonda,Nampalle,2023-06-25,0.0,24.8,31.4,72.8,100.0,0.6,8.7,June,2023
10256,Nalgonda,Nampalle,2023-06-26,0.0,25.9,33.7,52.3,94.7,0.9,15.3,June,2023
10257,Nalgonda,Nampalle,2023-06-27,7.1,23.4,31.7,60.8,100.0,0.1,14.7,June,2023
10258,Nalgonda,Nampalle,2023-06-28,0.8,25.0,33.0,53.3,100.0,0.1,15.0,June,2023
10259,Nalgonda,Nampalle,2023-06-29,9.1,23.5,35.3,43.2,100.0,0.1,15.3,June,2023
10260,Nalgonda,Nampalle,2023-06-30,1.0,24.9,34.5,48.3,100.0,0.0,16.3,June,2023
10261,Nalgonda,Narketpalle,2023-06-01,0.0,24.8,41.9,30.2,95.0,0.0,8.2,June,2023
10262,Nalgonda,Narketpalle,2023-06-02,0.0,26.9,40.3,23.5,73.2,0.0,12.9,June,2023
10263,Nalgonda,Narketpalle,2023-06-03,0.0,26.0,41.6,13.9,77.1,0.0,12.3,June,2023
10264,Nalgonda,Narketpalle,2023-06-04,0.1,29.3,42.2,17.4,63.7,0.0,6.7,June,2023
10265,Nalgonda,Narketpalle,2023-06-05,0.0,25.1,40.7,23.9,86.6,0.0,13.9,June,2023
10266,Nalgonda,Narketpalle,2023-06-06,0.0,26.7,39.1,23.2,67.3,0.0,13.4,June,2023
10267,Nalgonda,Narketpalle,2023-06-07,0.0,29.2,41.8,21.5,53.5,0.0,11.6,June,2023
10268,Nalgonda,Narketpalle,2023-06-08,0.0,28.8,41.4,20.1,61.2,0.0,15.4,June,2023
10269,Nalgonda,Narketpalle,2023-06-09,2.4,28.0,41.4,23.9,73.1,0.0,14.9,June,2023
10270,Nalgonda,Narketpalle,2023-06-10,0.0,29.1,42.0,15.3,58.4,0.0,14.4,June,2023
10271,Nalgonda,Narketpalle,2023-06-11,2.3,24.1,40.4,26.8,98.0,0.5,16.7,June,2023
10272,Nalgonda,Narketpalle,2023-06-12,0.0,28.7,39.5,27.3,67.5,0.0,14.7,June,2023
10273,Nalgonda,Narketpalle,2023-06-13,0.0,29.3,40.9,24.0,54.4,0.0,16.6,June,2023
10274,Nalgonda,Narketpalle,2023-06-14,0.0,29.6,41.0,21.0,54.6,0.0,13.3,June,2023
10275,Nalgonda,Narketpalle,2023-06-15,0.0,29.6,41.0,21.7,50.6,0.1,16.3,June,2023
10276,Nalgonda,Narketpalle,2023-06-16,0.0,30.0,39.9,20.7,49.9,0.0,23.1,June,2023
10277,Nalgonda,Narketpalle,2023-06-17,0.0,30.1,41.6,18.9,52.8,0.6,13.3,June,2023
10278,Nalgonda,Narketpalle,2023-06-18,0.0,30.0,41.1,22.0,51.9,0.0,14.8,June,2023
10279,Nalgonda,Narketpalle,2023-06-19,0.0,30.0,39.6,24.7,53.9,1.0,12.0,June,2023
10280,Nalgonda,Narketpalle,2023-06-20,1.7,28.0,40.3,25.0,72.6,0.0,12.0,June,2023
10281,Nalgonda,Narketpalle,2023-06-21,2.2,24.8,40.0,26.0,91.9,0.0,13.6,June,2023
10282,Nalgonda,Narketpalle,2023-06-22,35.7,22.9,40.6,38.5,100.0,0.0,28.7,June,2023
10283,Nalgonda,Narketpalle,2023-06-23,26.5,23.4,35.3,49.8,98.6,0.0,18.9,June,2023
10284,Nalgonda,Narketpalle,2023-06-24,36.3,22.9,32.5,65.7,99.9,0.0,1.9,June,2023
10285,Nalgonda,Narketpalle,2023-06-25,18.2,24.0,32.5,63.4,100.0,0.0,11.8,June,2023
10286,Nalgonda,Narketpalle,2023-06-26,0.0,25.1,32.2,61.1,99.3,0.0,12.0,June,2023
10287,Nalgonda,Narketpalle,2023-06-27,0.0,23.7,34.3,56.5,100.0,0.0,10.4,June,2023
10288,Nalgonda,Narketpalle,2023-06-28,8.2,24.3,34.0,51.7,98.9,0.0,13.1,June,2023
10289,Nalgonda,Narketpalle,2023-06-29,10.6,23.8,33.0,53.5,99.7,0.0,11.5,June,2023
10290,Nalgonda,Narketpalle,2023-06-30,0.0,25.2,33.5,55.5,100.0,0.0,9.8,June,2023
10291,Nalgonda,Neredugommu,2023-06-01,0.0,26.1,42.0,30.6,86.7,0.0,10.3,June,2023
10292,Nalgonda,Neredugommu,2023-06-02,0.0,29.0,42.5,25.4,63.3,0.0,19.3,June,2023
10293,Nalgonda,Neredugommu,2023-06-03,0.0,29.2,44.2,20.3,54.7,0.0,16.2,June,2023
10294,Nalgonda,Neredugommu,2023-06-04,1.5,30.1,43.8,21.4,60.5,0.0,23.8,June,2023
10295,Nalgonda,Neredugommu,2023-06-05,0.0,26.6,34.6,43.1,69.8,0.0,20.3,June,2023
10296,Nalgonda,Neredugommu,2023-06-06,0.0,27.8,39.6,26.3,60.2,0.0,15.0,June,2023
10297,Nalgonda,Neredugommu,2023-06-07,0.0,29.2,41.5,30.8,64.6,2.2,22.2,June,2023
10298,Nalgonda,Neredugommu,2023-06-08,7.5,23.7,40.6,34.3,84.4,2.0,21.5,June,2023
10299,Nalgonda,Neredugommu,2023-06-09,0.5,27.6,40.2,35.1,71.1,0.4,26.1,June,2023
10300,Nalgonda,Neredugommu,2023-06-10,0.0,28.0,40.4,34.3,67.9,7.0,20.2,June,2023
10301,Nalgonda,Neredugommu,2023-06-11,0.0,28.4,39.6,35.1,64.8,7.2,23.1,June,2023
10302,Nalgonda,Neredugommu,2023-06-12,0.0,28.4,38.5,38.0,70.1,5.0,23.1,June,2023
10303,Nalgonda,Neredugommu,2023-06-13,0.0,28.5,38.8,33.9,63.9,0.0,11.8,June,2023
10304,Nalgonda,Neredugommu,2023-06-14,0.0,28.8,39.7,29.7,60.7,0.0,26.8,June,2023
10305,Nalgonda,Neredugommu,2023-06-15,0.0,28.7,39.0,33.9,61.4,0.1,15.3,June,2023
10306,Nalgonda,Neredugommu,2023-06-16,0.0,29.2,39.7,29.9,58.5,0.0,26.4,June,2023
10307,Nalgonda,Neredugommu,2023-06-17,0.0,28.9,38.8,31.0,63.6,0.0,12.9,June,2023
10308,Nalgonda,Neredugommu,2023-06-18,0.0,29.7,39.3,32.7,62.4,0.0,26.5,June,2023
10309,Nalgonda,Neredugommu,2023-06-19,0.0,28.1,39.0,34.2,70.1,0.0,13.0,June,2023
10310,Nalgonda,Neredugommu,2023-06-20,0.0,29.9,39.6,34.9,61.2,0.0,9.1,June,2023
10311,Nalgonda,Neredugommu,2023-06-21,11.4,24.2,40.3,33.4,95.4,0.0,17.3,June,2023
10312,Nalgonda,Neredugommu,2023-06-22,0.8,26.3,37.2,44.5,93.5,0.0,15.3,June,2023
10313,Nalgonda,Neredugommu,2023-06-23,4.0,24.7,33.3,54.6,93.3,0.0,19.0,June,2023
10314,Nalgonda,Neredugommu,2023-06-24,10.3,25.2,34.2,49.3,90.6,0.0,15.5,June,2023
10315,Nalgonda,Neredugommu,2023-06-25,0.0,25.7,31.9,66.7,89.0,0.0,15.2,June,2023
10316,Nalgonda,Neredugommu,2023-06-26,0.0,26.7,33.6,51.8,80.6,9.6,17.1,June,2023
10317,Nalgonda,Neredugommu,2023-06-27,0.0,26.7,32.7,55.0,76.7,0.0,21.8,June,2023
10318,Nalgonda,Neredugommu,2023-06-28,0.0,27.5,34.7,46.2,70.7,0.9,21.0,June,2023
10319,Nalgonda,Neredugommu,2023-06-29,0.0,26.6,36.1,42.7,83.4,0.0,18.9,June,2023
10320,Nalgonda,Neredugommu,2023-06-30,0.0,26.7,35.9,42.5,72.8,0.3,20.8,June,2023
10321,Nalgonda,Nidamanur,2023-06-01,0.0,27.2,42.3,19.1,83.3,0.0,10.3,June,2023
10322,Nalgonda,Nidamanur,2023-06-02,0.0,29.1,44.0,16.3,62.2,0.0,11.0,June,2023
10323,Nalgonda,Nidamanur,2023-06-03,0.0,28.8,45.3,8.7,60.2,0.0,13.1,June,2023
10324,Nalgonda,Nidamanur,2023-06-04,0.0,28.7,45.0,11.6,58.3,0.0,11.0,June,2023
10325,Nalgonda,Nidamanur,2023-06-05,0.0,26.4,38.9,32.6,69.0,0.0,15.3,June,2023
10326,Nalgonda,Nidamanur,2023-06-06,0.0,27.4,42.3,16.2,64.7,0.0,13.3,June,2023
10327,Nalgonda,Nidamanur,2023-06-07,0.0,30.1,42.9,19.8,58.3,0.7,13.2,June,2023
10328,Nalgonda,Nidamanur,2023-06-08,0.0,29.2,44.8,14.8,66.2,1.6,21.6,June,2023
10329,Nalgonda,Nidamanur,2023-06-09,0.0,30.0,43.0,20.7,62.2,0.0,21.0,June,2023
10330,Nalgonda,Nidamanur,2023-06-10,0.0,29.1,44.0,19.0,68.1,1.8,16.8,June,2023
10331,Nalgonda,Nidamanur,2023-06-11,0.7,27.1,42.1,22.6,78.4,0.0,17.8,June,2023
10332,Nalgonda,Nidamanur,2023-06-12,0.0,28.5,41.0,25.6,72.0,1.0,15.7,June,2023
10333,Nalgonda,Nidamanur,2023-06-13,0.0,29.2,40.5,32.5,58.8,1.6,17.3,June,2023
10334,Nalgonda,Nidamanur,2023-06-14,0.0,30.8,42.0,20.8,54.3,3.7,16.8,June,2023
10335,Nalgonda,Nidamanur,2023-06-15,0.0,30.1,41.0,28.1,53.7,1.9,17.2,June,2023
10336,Nalgonda,Nidamanur,2023-06-16,0.0,30.1,41.9,25.4,52.0,0.0,15.6,June,2023
10337,Nalgonda,Nidamanur,2023-06-17,0.0,30.7,41.6,26.9,55.7,1.5,16.7,June,2023
10338,Nalgonda,Nidamanur,2023-06-18,0.0,30.7,42.2,27.1,58.2,0.0,15.8,June,2023
10339,Nalgonda,Nidamanur,2023-06-19,0.0,29.4,40.3,31.0,68.6,0.0,13.0,June,2023
10340,Nalgonda,Nidamanur,2023-06-20,0.0,26.0,41.6,21.8,71.3,1.5,14.8,June,2023
10341,Nalgonda,Nidamanur,2023-06-21,14.2,25.6,41.7,24.4,100.0,0.0,17.3,June,2023
10342,Nalgonda,Nidamanur,2023-06-22,10.1,25.2,39.9,34.1,100.0,0.0,14.7,June,2023
10343,Nalgonda,Nidamanur,2023-06-23,20.9,24.3,39.1,36.7,100.0,0.0,12.3,June,2023
10344,Nalgonda,Nidamanur,2023-06-24,7.9,23.7,35.5,54.5,100.0,0.0,9.5,June,2023
10345,Nalgonda,Nidamanur,2023-06-25,0.0,25.7,32.4,67.2,100.0,0.0,15.8,June,2023
10346,Nalgonda,Nidamanur,2023-06-26,0.0,26.9,34.8,48.6,91.4,2.5,15.9,June,2023
10347,Nalgonda,Nidamanur,2023-06-27,1.0,24.5,32.9,53.6,100.0,0.0,13.3,June,2023
10348,Nalgonda,Nidamanur,2023-06-28,0.0,25.8,34.9,44.1,97.8,0.0,15.3,June,2023
10349,Nalgonda,Nidamanur,2023-06-29,0.0,26.1,37.2,38.2,94.3,0.0,14.8,June,2023
10350,Nalgonda,Nidamanur,2023-06-30,0.0,27.3,36.9,41.3,74.1,0.0,18.7,June,2023
10351,Nalgonda,Pedda_Adiserlapalle,2023-06-01,0.0,26.3,39.7,36.2,82.0,0.0,12.0,June,2023
10352,Nalgonda,Pedda_Adiserlapalle,2023-06-02,0.0,28.2,42.4,31.1,67.3,0.0,19.3,June,2023
10353,Nalgonda,Pedda_Adiserlapalle,2023-06-03,0.0,28.9,41.7,23.9,60.0,0.0,16.2,June,2023
10354,Nalgonda,Pedda_Adiserlapalle,2023-06-04,0.0,29.9,42.1,26.2,60.1,0.0,23.8,June,2023
10355,Nalgonda,Pedda_Adiserlapalle,2023-06-05,0.0,26.0,35.6,47.8,74.7,0.0,20.3,June,2023
10356,Nalgonda,Pedda_Adiserlapalle,2023-06-06,0.0,28.2,39.4,29.6,62.3,0.0,15.0,June,2023
10357,Nalgonda,Pedda_Adiserlapalle,2023-06-07,0.3,29.2,40.5,33.6,61.5,2.2,22.2,June,2023
10358,Nalgonda,Pedda_Adiserlapalle,2023-06-08,2.3,27.1,41.2,34.6,77.6,2.0,21.5,June,2023
10359,Nalgonda,Pedda_Adiserlapalle,2023-06-09,0.0,28.0,40.7,35.2,70.9,0.4,26.1,June,2023
10360,Nalgonda,Pedda_Adiserlapalle,2023-06-10,0.0,27.8,40.5,36.9,72.4,7.0,20.2,June,2023
10361,Nalgonda,Pedda_Adiserlapalle,2023-06-11,0.0,26.8,39.8,36.7,71.9,7.2,23.1,June,2023
10362,Nalgonda,Pedda_Adiserlapalle,2023-06-12,0.8,27.8,39.4,37.8,77.6,0.0,0.0,June,2023
10363,Nalgonda,Pedda_Adiserlapalle,2023-06-13,0.0,28.6,38.6,37.8,64.3,0.0,0.0,June,2023
10364,Nalgonda,Pedda_Adiserlapalle,2023-06-14,0.0,29.2,40.4,32.7,60.3,0.0,0.0,June,2023
10365,Nalgonda,Pedda_Adiserlapalle,2023-06-15,0.0,29.4,39.7,33.8,57.8,0.0,0.0,June,2023
10366,Nalgonda,Pedda_Adiserlapalle,2023-06-16,0.0,29.4,40.3,29.4,57.8,0.0,0.0,June,2023
10367,Nalgonda,Pedda_Adiserlapalle,2023-06-17,0.0,29.5,40.6,32.1,60.3,0.0,0.0,June,2023
10368,Nalgonda,Pedda_Adiserlapalle,2023-06-18,0.0,29.8,40.9,32.8,60.8,0.0,0.0,June,2023
10369,Nalgonda,Pedda_Adiserlapalle,2023-06-19,0.0,28.4,41.9,33.8,71.0,0.0,0.0,June,2023
10370,Nalgonda,Pedda_Adiserlapalle,2023-06-20,0.0,29.7,40.1,35.4,66.2,0.0,0.0,June,2023
10371,Nalgonda,Pedda_Adiserlapalle,2023-06-21,10.6,24.8,41.1,35.8,96.2,0.0,0.0,June,2023
10372,Nalgonda,Pedda_Adiserlapalle,2023-06-22,2.1,25.3,37.8,46.2,98.4,0.0,0.2,June,2023
10373,Nalgonda,Pedda_Adiserlapalle,2023-06-23,10.7,23.5,35.7,51.5,98.6,0.0,19.0,June,2023
10374,Nalgonda,Pedda_Adiserlapalle,2023-06-24,3.0,24.0,33.1,57.2,96.3,0.0,0.1,June,2023
10375,Nalgonda,Pedda_Adiserlapalle,2023-06-25,0.0,25.3,31.3,68.5,92.8,0.0,15.2,June,2023
10376,Nalgonda,Pedda_Adiserlapalle,2023-06-26,0.0,26.3,33.0,56.6,86.6,9.6,17.1,June,2023
10377,Nalgonda,Pedda_Adiserlapalle,2023-06-27,0.0,24.7,32.2,58.0,88.7,0.0,21.8,June,2023
10378,Nalgonda,Pedda_Adiserlapalle,2023-06-28,0.0,26.8,34.1,50.9,81.5,0.9,21.0,June,2023
10379,Nalgonda,Pedda_Adiserlapalle,2023-06-29,0.3,25.4,34.9,47.4,92.1,0.0,18.9,June,2023
10380,Nalgonda,Pedda_Adiserlapalle,2023-06-30,0.0,26.1,35.1,47.7,79.1,0.3,20.8,June,2023
10381,Nalgonda,Peddavura,2023-06-01,0.0,26.7,40.0,35.5,100.0,0.0,12.0,June,2023
10382,Nalgonda,Peddavura,2023-06-02,0.0,28.7,40.7,30.8,78.3,0.0,7.9,June,2023
10383,Nalgonda,Peddavura,2023-06-03,0.0,28.5,41.7,15.9,60.5,0.0,6.7,June,2023
10384,Nalgonda,Peddavura,2023-06-04,0.0,30.1,42.3,18.2,68.6,0.0,8.4,June,2023
10385,Nalgonda,Peddavura,2023-06-05,0.0,26.6,35.6,47.3,89.2,0.0,9.3,June,2023
10386,Nalgonda,Peddavura,2023-06-06,0.0,27.5,40.4,24.6,70.6,0.0,8.5,June,2023
10387,Nalgonda,Peddavura,2023-06-07,0.8,29.3,41.7,30.5,67.6,0.0,10.3,June,2023
10388,Nalgonda,Peddavura,2023-06-08,0.0,28.0,40.4,27.6,83.3,1.8,13.4,June,2023
10389,Nalgonda,Peddavura,2023-06-09,0.0,28.5,42.1,32.1,81.2,0.0,12.3,June,2023
10390,Nalgonda,Peddavura,2023-06-10,0.0,28.1,41.1,29.1,87.3,1.3,10.1,June,2023
10391,Nalgonda,Peddavura,2023-06-11,0.0,29.3,40.7,34.1,76.5,0.0,28.5,June,2023
10392,Nalgonda,Peddavura,2023-06-12,0.0,28.6,40.5,34.8,81.7,0.0,15.3,June,2023
10393,Nalgonda,Peddavura,2023-06-13,0.0,28.9,39.5,35.2,71.4,0.0,0.2,June,2023
10394,Nalgonda,Peddavura,2023-06-14,0.0,29.4,40.7,29.6,68.2,0.0,1.5,June,2023
10395,Nalgonda,Peddavura,2023-06-15,0.0,29.5,41.2,29.0,62.2,0.0,2.3,June,2023
10396,Nalgonda,Peddavura,2023-06-16,0.0,29.7,41.6,24.9,62.9,0.0,21.3,June,2023
10397,Nalgonda,Peddavura,2023-06-17,0.0,29.7,40.9,28.4,68.4,3.5,10.4,June,2023
10398,Nalgonda,Peddavura,2023-06-18,0.0,30.0,42.7,29.1,67.4,0.0,15.6,June,2023
10399,Nalgonda,Peddavura,2023-06-19,0.0,28.8,42.2,29.1,81.8,0.0,24.3,June,2023
10400,Nalgonda,Peddavura,2023-06-20,0.0,29.9,41.7,31.8,75.4,0.0,15.1,June,2023
10401,Nalgonda,Peddavura,2023-06-21,5.8,25.4,41.4,32.4,100.0,0.0,17.5,June,2023
10402,Nalgonda,Peddavura,2023-06-22,11.1,25.7,39.1,41.0,100.0,0.0,32.1,June,2023
10403,Nalgonda,Peddavura,2023-06-23,14.1,22.5,36.3,46.8,100.0,0.0,18.1,June,2023
10404,Nalgonda,Peddavura,2023-06-24,3.1,24.6,33.4,58.6,100.0,0.0,17.9,June,2023
10405,Nalgonda,Peddavura,2023-06-25,0.0,25.6,32.0,65.8,90.6,0.0,26.2,June,2023
10406,Nalgonda,Peddavura,2023-06-26,0.0,26.5,33.4,56.7,100.0,0.0,31.8,June,2023
10407,Nalgonda,Peddavura,2023-06-27,0.0,25.4,32.9,57.2,100.0,0.0,30.6,June,2023
10408,Nalgonda,Peddavura,2023-06-28,0.0,26.8,34.3,50.2,100.0,0.0,28.1,June,2023
10409,Nalgonda,Peddavura,2023-06-29,0.2,25.9,35.3,46.9,100.0,0.0,27.1,June,2023
10410,Nalgonda,Peddavura,2023-06-30,0.0,26.7,36.2,45.3,100.0,0.0,33.5,June,2023
10411,Nalgonda,Saligouraram,2023-06-01,0.0,26.2,38.5,45.3,100.0,0.0,7.8,June,2023
10412,Nalgonda,Saligouraram,2023-06-02,2.8,25.3,40.5,41.3,78.8,0.0,15.8,June,2023
10413,Nalgonda,Saligouraram,2023-06-03,0.0,29.5,41.9,21.0,64.3,0.0,10.6,June,2023
10414,Nalgonda,Saligouraram,2023-06-04,0.0,27.7,42.0,23.1,67.5,0.0,11.0,June,2023
10415,Nalgonda,Saligouraram,2023-06-05,0.0,24.9,40.1,34.3,88.1,0.0,12.4,June,2023
10416,Nalgonda,Saligouraram,2023-06-06,0.0,27.2,37.9,36.0,78.2,0.0,6.9,June,2023
10417,Nalgonda,Saligouraram,2023-06-07,0.0,28.7,40.4,32.9,68.7,0.0,11.8,June,2023
10418,Nalgonda,Saligouraram,2023-06-08,0.0,28.7,42.3,28.2,63.1,0.0,14.0,June,2023
10419,Nalgonda,Saligouraram,2023-06-09,0.0,29.6,40.7,33.4,72.8,0.0,12.6,June,2023
10420,Nalgonda,Saligouraram,2023-06-10,2.8,28.1,40.6,29.8,72.7,0.0,13.5,June,2023
10421,Nalgonda,Saligouraram,2023-06-11,6.7,24.6,40.8,36.4,94.6,0.6,19.0,June,2023
10422,Nalgonda,Saligouraram,2023-06-12,0.0,28.3,38.5,50.8,80.2,0.0,12.9,June,2023
10423,Nalgonda,Saligouraram,2023-06-13,0.0,29.8,39.0,47.5,67.3,0.0,12.6,June,2023
10424,Nalgonda,Saligouraram,2023-06-14,0.0,29.4,40.4,33.3,61.6,0.0,9.8,June,2023
10425,Nalgonda,Saligouraram,2023-06-15,0.0,29.6,40.1,33.3,57.5,0.0,10.9,June,2023
10426,Nalgonda,Saligouraram,2023-06-16,0.0,29.4,40.5,31.9,56.9,0.0,13.6,June,2023
10427,Nalgonda,Saligouraram,2023-06-17,0.0,29.8,40.4,28.6,60.0,0.9,10.1,June,2023
10428,Nalgonda,Saligouraram,2023-06-18,0.0,29.4,40.1,34.8,50.6,0.0,11.1,June,2023
10429,Nalgonda,Saligouraram,2023-06-19,0.0,29.2,39.1,34.0,65.7,3.0,13.2,June,2023
10430,Nalgonda,Saligouraram,2023-06-20,0.0,28.2,42.0,31.5,73.3,0.0,16.7,June,2023
10431,Nalgonda,Saligouraram,2023-06-21,24.3,24.7,40.2,36.0,100.0,0.0,9.9,June,2023
10432,Nalgonda,Saligouraram,2023-06-22,0.0,25.8,34.7,57.9,93.0,0.0,7.2,June,2023
10433,Nalgonda,Saligouraram,2023-06-23,25.5,25.0,35.1,59.4,100.0,0.0,0.1,June,2023
10434,Nalgonda,Saligouraram,2023-06-24,42.9,23.0,31.8,62.5,100.0,0.0,1.2,June,2023
10435,Nalgonda,Saligouraram,2023-06-25,10.6,24.6,31.8,89.6,100.0,0.0,13.3,June,2023
10436,Nalgonda,Saligouraram,2023-06-26,0.0,25.2,32.5,70.3,100.0,0.0,11.9,June,2023
10437,Nalgonda,Saligouraram,2023-06-27,0.0,24.5,32.7,56.5,100.0,0.0,9.0,June,2023
10438,Nalgonda,Saligouraram,2023-06-28,9.6,24.7,34.4,64.7,99.9,1.2,9.3,June,2023
10439,Nalgonda,Saligouraram,2023-06-29,7.3,24.3,34.0,59.9,100.0,0.0,12.6,June,2023
10440,Nalgonda,Saligouraram,2023-06-30,5.9,25.4,32.8,59.2,100.0,0.0,10.2,June,2023
10441,Nalgonda,Thipparthi,2023-06-01,0.0,25.7,41.1,21.4,87.3,0.0,4.0,June,2023
10442,Nalgonda,Thipparthi,2023-06-02,0.3,28.2,43.1,17.7,70.2,0.0,7.2,June,2023
10443,Nalgonda,Thipparthi,2023-06-03,0.0,28.4,44.3,12.0,57.8,0.0,8.6,June,2023
10444,Nalgonda,Thipparthi,2023-06-04,0.6,26.9,44.9,17.7,65.0,0.0,8.6,June,2023
10445,Nalgonda,Thipparthi,2023-06-05,0.0,25.8,39.9,26.4,73.8,0.0,13.2,June,2023
10446,Nalgonda,Thipparthi,2023-06-06,0.0,26.5,41.0,20.7,64.3,0.0,9.5,June,2023
10447,Nalgonda,Thipparthi,2023-06-07,0.0,28.7,43.8,18.4,58.3,0.1,9.6,June,2023
10448,Nalgonda,Thipparthi,2023-06-08,0.0,29.3,44.5,19.0,64.2,1.9,13.2,June,2023
10449,Nalgonda,Thipparthi,2023-06-09,0.0,30.5,43.8,19.2,60.3,0.0,11.6,June,2023
10450,Nalgonda,Thipparthi,2023-06-10,19.2,24.7,44.2,16.2,84.8,0.0,12.8,June,2023
10451,Nalgonda,Thipparthi,2023-06-11,4.7,25.1,42.1,28.0,90.6,0.4,13.2,June,2023
10452,Nalgonda,Thipparthi,2023-06-12,0.0,28.3,40.5,29.7,71.2,0.5,10.3,June,2023
10453,Nalgonda,Thipparthi,2023-06-13,0.0,29.4,40.9,26.4,57.6,1.4,9.9,June,2023
10454,Nalgonda,Thipparthi,2023-06-14,0.0,30.2,42.1,21.4,58.9,0.7,12.0,June,2023
10455,Nalgonda,Thipparthi,2023-06-15,0.0,29.9,42.4,20.7,54.6,0.0,9.3,June,2023
10456,Nalgonda,Thipparthi,2023-06-16,0.0,28.9,42.2,19.0,53.7,0.0,10.3,June,2023
10457,Nalgonda,Thipparthi,2023-06-17,0.0,30.8,43.8,18.4,56.9,0.4,9.3,June,2023
10458,Nalgonda,Thipparthi,2023-06-18,0.0,30.7,42.6,22.8,57.1,0.9,12.2,June,2023
10459,Nalgonda,Thipparthi,2023-06-19,0.0,29.3,41.4,24.9,62.5,0.0,10.9,June,2023
10460,Nalgonda,Thipparthi,2023-06-20,0.0,28.0,42.1,22.8,69.1,0.0,8.5,June,2023
10461,Nalgonda,Thipparthi,2023-06-21,8.8,25.7,43.0,23.9,97.9,0.0,13.6,June,2023
10462,Nalgonda,Thipparthi,2023-06-22,28.5,24.0,39.1,39.8,100.0,0.0,12.6,June,2023
10463,Nalgonda,Thipparthi,2023-06-23,8.4,23.8,37.0,46.4,100.0,0.0,12.4,June,2023
10464,Nalgonda,Thipparthi,2023-06-24,26.3,23.0,32.7,63.9,100.0,0.0,12.4,June,2023
10465,Nalgonda,Thipparthi,2023-06-25,0.0,25.1,32.4,68.2,100.0,0.1,8.6,June,2023
10466,Nalgonda,Thipparthi,2023-06-26,4.9,25.0,34.2,55.7,100.0,0.2,10.7,June,2023
10467,Nalgonda,Thipparthi,2023-06-27,0.9,25.1,32.8,61.6,100.0,0.0,9.4,June,2023
10468,Nalgonda,Thipparthi,2023-06-28,12.8,24.2,33.6,53.8,100.0,0.0,9.7,June,2023
10469,Nalgonda,Thipparthi,2023-06-29,10.5,24.2,34.2,55.2,100.0,0.0,9.4,June,2023
10470,Nalgonda,Thipparthi,2023-06-30,2.9,26.1,34.2,59.9,100.0,0.0,8.2,June,2023
10471,Nalgonda,Thripuraram,2023-06-01,0.0,26.4,42.4,29.0,83.7,0.0,10.3,June,2023
10472,Nalgonda,Thripuraram,2023-06-02,1.8,28.6,42.3,25.0,79.3,0.0,15.6,June,2023
10473,Nalgonda,Thripuraram,2023-06-03,0.0,27.5,43.5,18.9,68.6,0.0,17.8,June,2023
10474,Nalgonda,Thripuraram,2023-06-04,0.0,27.7,43.2,24.9,64.9,0.0,16.9,June,2023
10475,Nalgonda,Thripuraram,2023-06-05,0.0,26.4,38.6,41.4,68.8,0.0,15.3,June,2023
10476,Nalgonda,Thripuraram,2023-06-06,0.0,27.3,40.0,27.1,67.0,0.0,14.4,June,2023
10477,Nalgonda,Thripuraram,2023-06-07,0.0,30.3,42.5,25.8,60.3,2.2,18.9,June,2023
10478,Nalgonda,Thripuraram,2023-06-08,0.0,29.1,43.9,21.8,67.3,1.4,20.6,June,2023
10479,Nalgonda,Thripuraram,2023-06-09,5.9,25.2,41.2,28.2,80.0,0.0,23.3,June,2023
10480,Nalgonda,Thripuraram,2023-06-10,2.4,25.6,42.9,23.8,90.9,5.3,21.6,June,2023
10481,Nalgonda,Thripuraram,2023-06-11,3.4,25.3,40.2,32.8,87.1,0.0,19.5,June,2023
10482,Nalgonda,Thripuraram,2023-06-12,0.0,28.3,40.3,31.5,72.1,2.0,20.8,June,2023
10483,Nalgonda,Thripuraram,2023-06-13,0.0,29.4,40.6,29.5,62.1,1.4,18.2,June,2023
10484,Nalgonda,Thripuraram,2023-06-14,0.0,30.0,41.8,23.6,58.2,3.2,19.3,June,2023
10485,Nalgonda,Thripuraram,2023-06-15,0.0,30.3,41.1,24.2,56.8,3.8,19.5,June,2023
10486,Nalgonda,Thripuraram,2023-06-16,0.0,29.8,41.8,23.6,56.1,0.0,21.0,June,2023
10487,Nalgonda,Thripuraram,2023-06-17,0.0,30.9,41.9,23.2,58.0,2.9,21.3,June,2023
10488,Nalgonda,Thripuraram,2023-06-18,0.0,29.7,42.9,23.8,59.6,0.0,20.7,June,2023
10489,Nalgonda,Thripuraram,2023-06-19,0.0,29.7,39.4,30.2,68.6,0.0,16.4,June,2023
10490,Nalgonda,Thripuraram,2023-06-20,0.0,28.7,40.9,28.9,71.3,1.5,14.8,June,2023
10491,Nalgonda,Thripuraram,2023-06-21,7.1,25.3,40.5,29.5,96.9,0.0,21.3,June,2023
10492,Nalgonda,Thripuraram,2023-06-22,20.4,24.0,39.2,38.5,100.0,0.0,14.7,June,2023
10493,Nalgonda,Thripuraram,2023-06-23,10.9,24.7,36.3,45.7,100.0,0.0,14.5,June,2023
10494,Nalgonda,Thripuraram,2023-06-24,3.9,24.0,34.2,60.2,100.0,0.0,10.9,June,2023
10495,Nalgonda,Thripuraram,2023-06-25,0.0,25.6,32.5,62.1,91.7,0.0,15.3,June,2023
10496,Nalgonda,Thripuraram,2023-06-26,0.0,26.9,34.2,49.2,86.2,0.9,19.8,June,2023
10497,Nalgonda,Thripuraram,2023-06-27,4.5,24.0,32.9,54.2,100.0,0.0,16.8,June,2023
10498,Nalgonda,Thripuraram,2023-06-28,1.3,24.8,34.4,47.0,99.1,0.0,18.3,June,2023
10499,Nalgonda,Thripuraram,2023-06-29,0.2,25.2,35.4,45.1,97.1,0.0,20.6,June,2023
10500,Nalgonda,Thripuraram,2023-06-30,0.0,26.6,35.8,46.9,78.4,0.0,17.8,June,2023
10501,Nalgonda,Tirumalagiri_Sagar,2023-06-01,0.0,29.4,39.4,30.2,79.5,0.0,0.3,June,2023
10502,Nalgonda,Tirumalagiri_Sagar,2023-06-02,0.0,31.5,41.6,25.8,55.8,0.0,0.5,June,2023
10503,Nalgonda,Tirumalagiri_Sagar,2023-06-03,0.0,32.1,42.3,18.9,51.2,0.0,0.8,June,2023
10504,Nalgonda,Tirumalagiri_Sagar,2023-06-04,0.0,31.8,42.5,22.3,48.6,0.0,1.5,June,2023
10505,Nalgonda,Tirumalagiri_Sagar,2023-06-05,0.0,28.7,36.9,42.8,60.3,0.0,0.9,June,2023
10506,Nalgonda,Tirumalagiri_Sagar,2023-06-06,0.0,30.9,39.6,25.2,52.2,0.0,0.2,June,2023
10507,Nalgonda,Tirumalagiri_Sagar,2023-06-07,0.0,31.4,40.8,28.4,51.7,0.0,0.4,June,2023
10508,Nalgonda,Tirumalagiri_Sagar,2023-06-08,0.0,30.5,41.7,30.9,59.0,0.0,0.3,June,2023
10509,Nalgonda,Tirumalagiri_Sagar,2023-06-09,0.0,30.4,40.8,30.2,61.3,0.0,1.5,June,2023
10510,Nalgonda,Tirumalagiri_Sagar,2023-06-10,0.0,29.7,41.1,27.7,64.4,0.0,1.5,June,2023
10511,Nalgonda,Tirumalagiri_Sagar,2023-06-11,0.0,30.4,40.3,32.2,59.5,0.0,1.0,June,2023
10512,Nalgonda,Tirumalagiri_Sagar,2023-06-12,0.0,30.5,38.5,35.0,60.4,0.0,5.5,June,2023
10513,Nalgonda,Tirumalagiri_Sagar,2023-06-13,0.0,30.7,39.2,30.0,55.8,0.0,0.5,June,2023
10514,Nalgonda,Tirumalagiri_Sagar,2023-06-14,0.0,30.8,40.0,27.7,53.6,0.0,0.8,June,2023
10515,Nalgonda,Tirumalagiri_Sagar,2023-06-15,0.0,31.2,40.0,29.0,50.8,0.0,0.6,June,2023
10516,Nalgonda,Tirumalagiri_Sagar,2023-06-16,0.0,31.2,40.4,25.2,51.8,0.0,1.0,June,2023
10517,Nalgonda,Tirumalagiri_Sagar,2023-06-17,0.0,31.1,40.2,27.5,54.9,0.0,1.1,June,2023
10518,Nalgonda,Tirumalagiri_Sagar,2023-06-18,0.0,31.3,40.6,29.6,55.4,0.0,2.4,June,2023
10519,Nalgonda,Tirumalagiri_Sagar,2023-06-19,0.0,30.4,39.6,30.9,60.4,0.0,0.8,June,2023
10520,Nalgonda,Tirumalagiri_Sagar,2023-06-20,0.0,30.3,39.9,30.9,63.1,0.0,0.7,June,2023
10521,Nalgonda,Tirumalagiri_Sagar,2023-06-21,0.0,27.7,39.3,32.8,83.0,0.0,1.4,June,2023
10522,Nalgonda,Tirumalagiri_Sagar,2023-06-22,4.6,26.7,38.1,38.2,90.0,0.0,0.5,June,2023
10523,Nalgonda,Tirumalagiri_Sagar,2023-06-23,38.4,25.2,36.6,47.4,97.7,0.0,1.8,June,2023
10524,Nalgonda,Tirumalagiri_Sagar,2023-06-24,0.6,24.7,33.7,55.8,91.7,0.0,17.9,June,2023
10525,Nalgonda,Tirumalagiri_Sagar,2023-06-25,0.0,26.0,32.0,63.1,75.6,0.0,13.6,June,2023
10526,Nalgonda,Tirumalagiri_Sagar,2023-06-26,0.0,27.2,33.0,61.2,86.4,0.0,16.1,June,2023
10527,Nalgonda,Tirumalagiri_Sagar,2023-06-27,3.6,27.1,33.0,52.2,80.3,0.0,0.5,June,2023
10528,Nalgonda,Tirumalagiri_Sagar,2023-06-28,0.0,28.3,34.5,46.3,74.1,0.0,0.3,June,2023
10529,Nalgonda,Tirumalagiri_Sagar,2023-06-29,0.0,26.7,34.9,44.2,92.1,0.0,0.3,June,2023
10530,Nalgonda,Tirumalagiri_Sagar,2023-06-30,0.0,28.4,35.2,46.3,73.7,0.0,17.5,June,2023
10531,Nalgonda,Vemulapalle,2023-06-01,0.0,25.9,41.2,27.9,87.3,0.0,6.4,June,2023
10532,Nalgonda,Vemulapalle,2023-06-02,0.0,28.6,42.1,24.3,63.1,0.0,5.8,June,2023
10533,Nalgonda,Vemulapalle,2023-06-03,0.0,28.6,43.8,20.0,58.3,0.0,3.8,June,2023
10534,Nalgonda,Vemulapalle,2023-06-04,0.4,27.7,42.4,27.9,71.8,0.0,5.7,June,2023
10535,Nalgonda,Vemulapalle,2023-06-05,0.0,26.2,38.8,40.2,73.9,0.0,14.2,June,2023
10536,Nalgonda,Vemulapalle,2023-06-06,0.0,26.5,40.3,27.3,68.2,0.0,7.4,June,2023
10537,Nalgonda,Vemulapalle,2023-06-07,0.0,29.4,43.1,26.5,62.3,0.0,6.5,June,2023
10538,Nalgonda,Vemulapalle,2023-06-08,0.0,28.9,43.5,27.0,67.3,0.0,10.8,June,2023
10539,Nalgonda,Vemulapalle,2023-06-09,0.0,29.6,42.8,27.6,62.3,0.0,20.2,June,2023
10540,Nalgonda,Vemulapalle,2023-06-10,0.5,26.7,43.1,26.3,75.5,0.0,21.5,June,2023
10541,Nalgonda,Vemulapalle,2023-06-11,1.3,25.9,41.7,31.6,89.7,0.0,8.1,June,2023
10542,Nalgonda,Vemulapalle,2023-06-12,0.0,28.2,40.8,34.1,73.9,0.0,7.4,June,2023
10543,Nalgonda,Vemulapalle,2023-06-13,0.0,28.4,41.0,34.7,61.3,0.0,7.9,June,2023
10544,Nalgonda,Vemulapalle,2023-06-14,0.0,30.2,42.1,29.2,57.0,1.6,12.4,June,2023
10545,Nalgonda,Vemulapalle,2023-06-15,0.0,30.0,41.3,29.2,54.8,0.0,9.4,June,2023
10546,Nalgonda,Vemulapalle,2023-06-16,0.0,29.9,41.5,26.7,53.5,0.0,7.2,June,2023
10547,Nalgonda,Vemulapalle,2023-06-17,0.0,30.5,43.3,26.3,57.0,0.0,8.6,June,2023
10548,Nalgonda,Vemulapalle,2023-06-18,0.0,29.4,42.2,30.4,59.6,0.0,6.9,June,2023
10549,Nalgonda,Vemulapalle,2023-06-19,0.0,29.5,39.6,33.4,66.2,0.0,5.9,June,2023
10550,Nalgonda,Vemulapalle,2023-06-20,0.0,28.5,40.9,32.2,74.1,0.0,3.8,June,2023
10551,Nalgonda,Vemulapalle,2023-06-21,7.3,25.9,40.1,34.1,95.0,0.0,21.3,June,2023
10552,Nalgonda,Vemulapalle,2023-06-22,28.0,24.3,39.2,41.5,99.3,0.0,6.4,June,2023
10553,Nalgonda,Vemulapalle,2023-06-23,5.7,25.6,37.0,48.9,96.3,0.0,5.1,June,2023
10554,Nalgonda,Vemulapalle,2023-06-24,8.4,23.7,33.2,61.4,99.2,0.0,7.3,June,2023
10555,Nalgonda,Vemulapalle,2023-06-25,0.0,26.1,32.3,65.9,89.3,0.0,7.7,June,2023
10556,Nalgonda,Vemulapalle,2023-06-26,0.0,26.9,34.9,50.1,86.5,0.0,9.2,June,2023
10557,Nalgonda,Vemulapalle,2023-06-27,7.4,24.0,32.4,57.9,98.8,0.0,11.2,June,2023
10558,Nalgonda,Vemulapalle,2023-06-28,1.5,25.0,34.5,52.1,97.1,0.0,7.7,June,2023
10559,Nalgonda,Vemulapalle,2023-06-29,3.8,25.1,37.3,44.8,97.1,0.0,6.7,June,2023
10560,Nalgonda,Vemulapalle,2023-06-30,0.0,26.4,36.5,50.0,81.6,0.0,7.4,June,2023
10561,Narayanpet,14,2023-06-01,0.0,26.3,38.4,24.1,65.8,0.0,11.2,June,2023
10562,Narayanpet,14,2023-06-02,0.0,26.3,38.6,20.1,74.0,0.0,7.8,June,2023
10563,Narayanpet,14,2023-06-03,0.0,29.2,39.3,13.4,52.2,0.0,12.3,June,2023
10564,Narayanpet,14,2023-06-04,0.0,28.5,38.9,16.0,75.1,0.0,9.4,June,2023
10565,Narayanpet,14,2023-06-05,2.0,22.8,36.0,39.6,93.0,0.0,17.1,June,2023
10566,Narayanpet,14,2023-06-06,0.0,27.6,35.4,32.9,77.7,0.0,11.5,June,2023
10567,Narayanpet,14,2023-06-07,0.0,25.9,36.9,32.5,69.9,0.0,13.5,June,2023
10568,Narayanpet,14,2023-06-08,1.0,24.0,36.9,33.2,92.1,0.0,8.7,June,2023
10569,Narayanpet,14,2023-06-09,0.0,25.4,36.1,36.3,82.5,0.0,4.4,June,2023
10570,Narayanpet,14,2023-06-10,0.0,24.9,36.1,38.5,89.8,0.0,11.2,June,2023
10571,Narayanpet,14,2023-06-11,0.0,25.2,34.4,47.1,79.7,0.0,12.8,June,2023
10572,Narayanpet,14,2023-06-12,0.0,26.0,35.1,39.9,83.2,0.0,17.1,June,2023
10573,Narayanpet,14,2023-06-13,0.0,24.9,35.4,35.4,73.8,0.0,9.9,June,2023
10574,Narayanpet,14,2023-06-14,0.0,25.9,36.8,24.5,73.6,0.0,14.0,June,2023
10575,Narayanpet,14,2023-06-15,0.0,25.7,35.4,31.5,73.1,0.0,15.2,June,2023
10576,Narayanpet,14,2023-06-16,0.0,26.0,36.1,25.2,67.2,0.0,12.0,June,2023
10577,Narayanpet,14,2023-06-17,0.0,26.2,36.4,27.8,71.8,0.0,12.5,June,2023
10578,Narayanpet,14,2023-06-18,0.0,27.0,35.8,32.2,68.6,0.0,14.6,June,2023
10579,Narayanpet,14,2023-06-19,0.0,27.8,36.0,31.2,65.8,0.0,12.4,June,2023
10580,Narayanpet,14,2023-06-20,0.0,28.1,35.6,30.2,60.5,0.0,13.5,June,2023
10581,Narayanpet,14,2023-06-21,0.0,27.9,37.2,27.6,62.0,0.0,12.4,June,2023
10582,Narayanpet,14,2023-06-22,0.0,25.2,36.1,33.5,90.6,0.0,10.5,June,2023
10583,Narayanpet,14,2023-06-23,0.0,25.1,33.4,44.3,100.0,0.0,11.0,June,2023
10584,Narayanpet,14,2023-06-24,0.0,24.6,32.5,51.8,98.0,0.0,9.7,June,2023
10585,Narayanpet,14,2023-06-25,0.0,23.6,31.9,66.4,100.0,0.0,15.2,June,2023
10586,Narayanpet,14,2023-06-26,0.0,24.0,31.0,71.4,100.0,0.0,11.3,June,2023
10587,Narayanpet,14,2023-06-27,0.0,23.6,30.5,73.3,92.9,0.0,12.1,June,2023
10588,Narayanpet,14,2023-06-28,0.0,25.0,31.5,64.5,82.5,0.0,10.1,June,2023
10589,Narayanpet,14,2023-06-29,0.0,24.0,32.9,55.2,83.4,0.0,15.5,June,2023
10590,Narayanpet,14,2023-06-30,0.0,24.4,32.5,56.6,80.6,0.0,15.5,June,2023
10591,Narayanpet,15,2023-06-01,5.8,24.5,41.4,27.3,85.7,0.0,13.3,June,2023
10592,Narayanpet,15,2023-06-02,0.0,26.5,40.5,29.2,76.3,0.0,12.4,June,2023
10593,Narayanpet,15,2023-06-03,0.0,27.8,43.1,21.1,55.1,0.0,12.3,June,2023
10594,Narayanpet,15,2023-06-04,0.0,28.1,41.9,23.4,73.2,0.0,14.3,June,2023
10595,Narayanpet,15,2023-06-05,14.3,22.1,39.2,36.2,97.6,0.0,9.1,June,2023
10596,Narayanpet,15,2023-06-06,0.0,27.0,38.6,34.7,80.2,0.0,15.5,June,2023
10597,Narayanpet,15,2023-06-07,9.3,24.8,39.5,35.6,80.4,0.0,34.5,June,2023
10598,Narayanpet,15,2023-06-08,9.8,23.0,38.1,39.1,93.3,0.0,16.7,June,2023
10599,Narayanpet,15,2023-06-09,0.0,26.0,37.6,39.6,79.8,0.3,17.3,June,2023
10600,Narayanpet,15,2023-06-10,0.5,25.4,38.6,38.6,87.1,0.0,21.3,June,2023
10601,Narayanpet,15,2023-06-11,0.0,25.5,38.0,42.4,77.8,0.8,16.2,June,2023
10602,Narayanpet,15,2023-06-12,6.0,24.2,37.2,40.7,99.5,0.0,14.3,June,2023
10603,Narayanpet,15,2023-06-13,0.0,25.4,37.7,38.0,75.2,0.0,19.9,June,2023
10604,Narayanpet,15,2023-06-14,0.0,25.9,38.8,33.4,74.5,0.0,23.0,June,2023
10605,Narayanpet,15,2023-06-15,0.0,25.4,37.3,36.9,74.8,0.0,20.5,June,2023
10606,Narayanpet,15,2023-06-16,0.0,26.3,38.1,33.4,68.0,0.0,22.6,June,2023
10607,Narayanpet,15,2023-06-17,0.0,26.3,38.9,32.1,72.3,0.0,17.8,June,2023
10608,Narayanpet,15,2023-06-18,0.0,27.0,36.8,39.1,70.2,0.0,17.5,June,2023
10609,Narayanpet,15,2023-06-19,0.0,27.9,37.7,36.9,66.7,0.0,15.1,June,2023
10610,Narayanpet,15,2023-06-20,0.0,28.0,37.2,36.6,64.4,0.0,18.1,June,2023
10611,Narayanpet,15,2023-06-21,0.0,27.7,38.0,36.4,65.8,0.0,15.7,June,2023
10612,Narayanpet,15,2023-06-22,9.0,24.6,37.9,38.0,93.7,0.0,12.8,June,2023
10613,Narayanpet,15,2023-06-23,6.8,24.8,34.2,47.4,95.6,0.0,17.2,June,2023
10614,Narayanpet,15,2023-06-24,0.8,24.8,33.1,50.7,90.2,0.9,14.5,June,2023
10615,Narayanpet,15,2023-06-25,1.3,23.7,33.0,56.5,96.1,0.0,13.3,June,2023
10616,Narayanpet,15,2023-06-26,0.0,24.3,32.4,57.0,91.5,0.0,20.5,June,2023
10617,Narayanpet,15,2023-06-27,0.0,24.0,31.5,63.5,85.7,0.0,17.2,June,2023
10618,Narayanpet,15,2023-06-28,0.0,25.2,31.9,56.1,81.3,3.3,20.2,June,2023
10619,Narayanpet,15,2023-06-29,0.8,23.8,34.0,50.1,91.9,0.0,21.8,June,2023
10620,Narayanpet,15,2023-06-30,1.5,24.1,33.6,51.8,84.8,0.0,19.5,June,2023
10621,Narayanpet,Damaragidda,2023-06-01,1.8,24.2,40.8,25.8,83.0,0.0,14.3,June,2023
10622,Narayanpet,Damaragidda,2023-06-02,0.2,25.3,40.9,28.1,79.4,0.0,7.7,June,2023
10623,Narayanpet,Damaragidda,2023-06-03,0.0,26.0,43.2,20.6,61.9,0.0,15.1,June,2023
10624,Narayanpet,Damaragidda,2023-06-04,1.6,22.4,42.8,20.6,75.5,0.0,13.0,June,2023
10625,Narayanpet,Damaragidda,2023-06-05,4.0,22.2,38.2,39.7,96.5,0.0,15.5,June,2023
10626,Narayanpet,Damaragidda,2023-06-06,0.0,26.6,39.0,30.5,74.4,0.0,15.1,June,2023
10627,Narayanpet,Damaragidda,2023-06-07,24.2,21.9,40.0,34.5,94.2,0.0,23.9,June,2023
10628,Narayanpet,Damaragidda,2023-06-08,38.1,20.7,37.8,41.1,97.2,0.0,10.0,June,2023
10629,Narayanpet,Damaragidda,2023-06-09,0.0,24.7,38.9,38.6,83.3,0.0,13.9,June,2023
10630,Narayanpet,Damaragidda,2023-06-10,14.6,22.1,38.1,44.3,98.2,0.0,16.4,June,2023
10631,Narayanpet,Damaragidda,2023-06-11,0.0,23.4,35.8,49.6,91.2,0.0,11.4,June,2023
10632,Narayanpet,Damaragidda,2023-06-12,0.2,24.4,36.0,43.9,84.4,0.0,16.8,June,2023
10633,Narayanpet,Damaragidda,2023-06-13,0.0,24.3,38.1,39.7,78.7,0.0,7.4,June,2023
10634,Narayanpet,Damaragidda,2023-06-14,0.0,24.6,37.7,34.7,81.0,0.0,12.3,June,2023
10635,Narayanpet,Damaragidda,2023-06-15,0.0,24.2,36.7,40.5,81.5,0.0,12.1,June,2023
10636,Narayanpet,Damaragidda,2023-06-16,0.0,24.5,38.2,35.5,74.7,0.0,15.2,June,2023
10637,Narayanpet,Damaragidda,2023-06-17,0.0,24.7,37.7,35.5,79.6,0.0,11.5,June,2023
10638,Narayanpet,Damaragidda,2023-06-18,0.0,25.7,36.8,38.9,76.2,0.0,15.4,June,2023
10639,Narayanpet,Damaragidda,2023-06-19,0.0,26.2,38.2,37.5,73.5,0.0,15.3,June,2023
10640,Narayanpet,Damaragidda,2023-06-20,0.0,26.7,38.0,37.2,68.5,0.0,15.2,June,2023
10641,Narayanpet,Damaragidda,2023-06-21,0.0,26.2,38.0,35.6,70.3,0.0,14.4,June,2023
10642,Narayanpet,Damaragidda,2023-06-22,0.0,24.1,37.7,39.3,86.1,0.0,18.0,June,2023
10643,Narayanpet,Damaragidda,2023-06-23,4.7,23.4,35.8,44.5,91.2,0.0,16.2,June,2023
10644,Narayanpet,Damaragidda,2023-06-24,8.7,22.6,33.8,49.3,98.5,0.0,10.4,June,2023
10645,Narayanpet,Damaragidda,2023-06-25,13.4,22.3,32.1,63.3,100.0,0.0,6.3,June,2023
10646,Narayanpet,Damaragidda,2023-06-26,0.0,23.5,31.5,63.4,97.5,0.0,14.6,June,2023
10647,Narayanpet,Damaragidda,2023-06-27,0.2,22.7,31.5,62.2,92.1,0.0,9.6,June,2023
10648,Narayanpet,Damaragidda,2023-06-28,0.0,23.6,31.5,60.2,89.3,0.0,9.4,June,2023
10649,Narayanpet,Damaragidda,2023-06-29,0.8,23.0,32.8,55.5,97.0,0.0,14.5,June,2023
10650,Narayanpet,Damaragidda,2023-06-30,0.0,23.1,32.8,55.7,87.9,0.0,8.4,June,2023
10651,Narayanpet,Dhanwada,2023-06-01,0.0,25.9,39.3,33.7,69.2,0.0,7.5,June,2023
10652,Narayanpet,Dhanwada,2023-06-02,0.0,26.1,38.5,33.1,78.3,0.0,9.9,June,2023
10653,Narayanpet,Dhanwada,2023-06-03,0.0,27.4,40.0,25.9,63.1,0.0,8.6,June,2023
10654,Narayanpet,Dhanwada,2023-06-04,0.0,27.7,40.5,27.1,72.6,0.0,8.5,June,2023
10655,Narayanpet,Dhanwada,2023-06-05,0.0,23.0,36.8,44.4,85.6,0.8,10.3,June,2023
10656,Narayanpet,Dhanwada,2023-06-06,0.0,26.9,37.1,35.3,72.7,0.0,11.3,June,2023
10657,Narayanpet,Dhanwada,2023-06-07,19.1,22.8,37.3,42.3,81.4,0.0,11.2,June,2023
10658,Narayanpet,Dhanwada,2023-06-08,0.8,24.6,36.7,44.2,89.2,0.1,14.6,June,2023
10659,Narayanpet,Dhanwada,2023-06-09,0.0,25.0,36.9,42.2,85.2,1.1,13.5,June,2023
10660,Narayanpet,Dhanwada,2023-06-10,0.5,25.0,36.7,43.5,86.6,0.1,11.1,June,2023
10661,Narayanpet,Dhanwada,2023-06-11,0.0,25.0,36.1,44.6,85.5,1.2,11.1,June,2023
10662,Narayanpet,Dhanwada,2023-06-12,0.0,25.6,35.8,49.5,81.1,0.0,15.2,June,2023
10663,Narayanpet,Dhanwada,2023-06-13,0.0,25.5,36.4,41.7,76.2,0.5,14.8,June,2023
10664,Narayanpet,Dhanwada,2023-06-14,0.0,25.7,37.1,38.3,75.1,2.7,13.4,June,2023
10665,Narayanpet,Dhanwada,2023-06-15,0.0,25.5,36.8,38.0,74.9,2.1,11.7,June,2023
10666,Narayanpet,Dhanwada,2023-06-16,0.0,25.8,37.2,36.7,69.5,1.4,15.0,June,2023
10667,Narayanpet,Dhanwada,2023-06-17,0.0,25.8,36.6,36.8,70.2,2.7,14.5,June,2023
10668,Narayanpet,Dhanwada,2023-06-18,0.0,26.9,36.6,39.7,71.9,0.9,12.1,June,2023
10669,Narayanpet,Dhanwada,2023-06-19,0.0,27.3,37.3,38.6,69.6,0.0,12.8,June,2023
10670,Narayanpet,Dhanwada,2023-06-20,0.0,28.0,37.1,39.6,68.3,0.0,8.0,June,2023
10671,Narayanpet,Dhanwada,2023-06-21,0.0,27.6,37.2,38.7,65.2,0.0,8.7,June,2023
10672,Narayanpet,Dhanwada,2023-06-22,0.0,24.7,36.7,41.8,89.0,0.0,9.9,June,2023
10673,Narayanpet,Dhanwada,2023-06-23,0.3,26.8,35.1,45.4,79.3,0.0,12.8,June,2023
10674,Narayanpet,Dhanwada,2023-06-24,5.0,23.5,34.2,50.6,90.4,2.3,12.3,June,2023
10675,Narayanpet,Dhanwada,2023-06-25,17.3,23.7,32.5,58.0,96.6,1.2,8.4,June,2023
10676,Narayanpet,Dhanwada,2023-06-26,4.4,24.1,31.5,62.2,96.0,0.0,13.6,June,2023
10677,Narayanpet,Dhanwada,2023-06-27,0.4,23.5,30.7,67.9,87.8,0.0,10.8,June,2023
10678,Narayanpet,Dhanwada,2023-06-28,0.0,24.5,31.9,58.8,85.7,0.9,12.9,June,2023
10679,Narayanpet,Dhanwada,2023-06-29,4.5,23.4,32.4,54.3,93.9,0.0,10.1,June,2023
10680,Narayanpet,Dhanwada,2023-06-30,0.5,23.9,32.8,55.5,84.6,0.9,12.5,June,2023
10681,Narayanpet,Kosgi,2023-06-01,0.0,25.1,38.2,20.2,76.6,0.0,13.1,June,2023
10682,Narayanpet,Kosgi,2023-06-02,0.0,24.4,39.0,17.5,61.6,0.0,8.4,June,2023
10683,Narayanpet,Kosgi,2023-06-03,0.0,28.0,40.9,11.1,56.8,0.0,12.7,June,2023
10684,Narayanpet,Kosgi,2023-06-04,0.0,29.1,40.8,13.2,65.2,0.0,14.1,June,2023
10685,Narayanpet,Kosgi,2023-06-05,0.3,22.4,37.3,27.4,68.2,0.0,16.7,June,2023
10686,Narayanpet,Kosgi,2023-06-06,0.0,25.0,36.5,23.6,61.1,0.0,14.6,June,2023
10687,Narayanpet,Kosgi,2023-06-07,0.0,26.1,36.6,25.7,71.3,0.0,12.1,June,2023
10688,Narayanpet,Kosgi,2023-06-08,8.4,22.5,37.1,26.5,84.5,0.0,10.2,June,2023
10689,Narayanpet,Kosgi,2023-06-09,0.0,25.3,37.4,25.3,62.8,0.0,12.5,June,2023
10690,Narayanpet,Kosgi,2023-06-10,3.2,25.0,37.4,27.2,68.5,0.0,12.3,June,2023
10691,Narayanpet,Kosgi,2023-06-11,0.0,24.7,35.7,29.6,64.8,1.9,12.8,June,2023
10692,Narayanpet,Kosgi,2023-06-12,0.0,26.1,36.3,28.2,86.6,0.0,13.3,June,2023
10693,Narayanpet,Kosgi,2023-06-13,0.0,25.3,36.8,24.1,57.1,1.1,12.1,June,2023
10694,Narayanpet,Kosgi,2023-06-14,0.0,25.4,37.8,17.3,58.0,0.7,12.4,June,2023
10695,Narayanpet,Kosgi,2023-06-15,0.0,25.2,37.2,23.1,57.5,0.6,16.1,June,2023
10696,Narayanpet,Kosgi,2023-06-16,0.0,25.7,37.3,20.2,52.3,0.3,13.3,June,2023
10697,Narayanpet,Kosgi,2023-06-17,0.0,26.0,38.0,19.5,56.0,1.8,9.4,June,2023
10698,Narayanpet,Kosgi,2023-06-18,0.0,26.8,36.8,23.1,53.3,0.0,12.0,June,2023
10699,Narayanpet,Kosgi,2023-06-19,8.3,24.9,37.1,22.4,74.0,0.0,11.0,June,2023
10700,Narayanpet,Kosgi,2023-06-20,0.0,27.0,36.3,24.3,51.7,0.0,11.8,June,2023
10701,Narayanpet,Kosgi,2023-06-21,0.0,27.6,37.8,21.6,48.9,0.0,13.4,June,2023
10702,Narayanpet,Kosgi,2023-06-22,3.4,24.8,35.4,28.6,70.6,0.0,25.2,June,2023
10703,Narayanpet,Kosgi,2023-06-23,10.0,24.2,35.5,28.6,91.3,0.0,13.0,June,2023
10704,Narayanpet,Kosgi,2023-06-24,1.0,24.6,32.8,33.3,82.9,0.4,12.0,June,2023
10705,Narayanpet,Kosgi,2023-06-25,7.6,22.7,32.1,43.7,96.6,0.0,10.7,June,2023
10706,Narayanpet,Kosgi,2023-06-26,0.3,24.5,31.1,50.5,81.9,0.0,3.3,June,2023
10707,Narayanpet,Kosgi,2023-06-27,0.3,23.3,32.4,70.4,76.5,0.0,3.1,June,2023
10708,Narayanpet,Kosgi,2023-06-28,0.0,25.0,32.1,40.1,65.2,0.0,8.2,June,2023
10709,Narayanpet,Kosgi,2023-06-29,1.4,23.7,32.5,35.9,82.9,0.0,9.8,June,2023
10710,Narayanpet,Kosgi,2023-06-30,0.0,23.9,32.3,37.1,68.2,3.6,12.8,June,2023
10711,Narayanpet,Krishna,2023-06-01,0.0,27.5,40.2,32.0,75.3,0.0,16.2,June,2023
10712,Narayanpet,Krishna,2023-06-02,0.0,26.5,38.8,33.4,82.9,0.9,15.7,June,2023
10713,Narayanpet,Krishna,2023-06-03,0.0,28.0,40.9,23.9,70.8,0.0,10.2,June,2023
10714,Narayanpet,Krishna,2023-06-04,0.0,28.2,40.6,21.7,71.8,0.0,15.0,June,2023
10715,Narayanpet,Krishna,2023-06-05,0.0,24.1,37.1,42.4,86.2,0.0,16.7,June,2023
10716,Narayanpet,Krishna,2023-06-06,0.0,28.0,37.9,28.8,70.5,0.0,10.6,June,2023
10717,Narayanpet,Krishna,2023-06-07,0.0,26.3,37.7,35.6,77.5,0.0,11.7,June,2023
10718,Narayanpet,Krishna,2023-06-08,0.0,25.6,38.6,34.6,93.6,0.0,13.8,June,2023
10719,Narayanpet,Krishna,2023-06-09,37.3,25.8,37.7,40.2,86.5,0.0,12.8,June,2023
10720,Narayanpet,Krishna,2023-06-10,3.0,26.1,37.9,35.4,86.1,0.0,26.1,June,2023
10721,Narayanpet,Krishna,2023-06-11,0.0,26.4,37.3,42.1,83.5,0.0,26.8,June,2023
10722,Narayanpet,Krishna,2023-06-12,0.0,25.9,36.8,43.8,82.8,0.0,16.8,June,2023
10723,Narayanpet,Krishna,2023-06-13,0.0,26.5,37.5,36.9,76.3,0.1,12.4,June,2023
10724,Narayanpet,Krishna,2023-06-14,0.0,26.6,37.9,34.4,76.4,0.3,15.7,June,2023
10725,Narayanpet,Krishna,2023-06-15,0.0,26.2,37.7,36.1,76.1,0.2,11.8,June,2023
10726,Narayanpet,Krishna,2023-06-16,0.0,27.0,38.3,32.4,70.0,0.0,15.2,June,2023
10727,Narayanpet,Krishna,2023-06-17,0.0,26.7,38.3,27.6,72.7,1.5,16.1,June,2023
10728,Narayanpet,Krishna,2023-06-18,0.0,27.6,37.3,38.2,86.8,2.2,11.6,June,2023
10729,Narayanpet,Krishna,2023-06-19,0.0,27.6,37.5,35.7,70.2,0.0,14.3,June,2023
10730,Narayanpet,Krishna,2023-06-20,0.0,28.4,37.0,38.2,63.2,1.6,8.9,June,2023
10731,Narayanpet,Krishna,2023-06-21,0.0,27.8,37.8,37.5,65.1,0.3,11.5,June,2023
10732,Narayanpet,Krishna,2023-06-22,0.0,25.5,36.6,36.5,87.0,2.2,20.3,June,2023
10733,Narayanpet,Krishna,2023-06-23,0.0,27.4,36.1,37.4,71.1,2.8,15.1,June,2023
10734,Narayanpet,Krishna,2023-06-24,0.3,24.5,34.3,47.0,96.5,5.1,14.6,June,2023
10735,Narayanpet,Krishna,2023-06-25,40.1,23.7,33.7,56.4,100.0,0.0,15.7,June,2023
10736,Narayanpet,Krishna,2023-06-26,25.3,24.2,31.9,76.8,100.0,0.0,14.5,June,2023
10737,Narayanpet,Krishna,2023-06-27,0.0,23.3,32.0,73.5,95.4,0.0,7.6,June,2023
10738,Narayanpet,Krishna,2023-06-28,0.0,24.4,32.6,56.1,84.7,0.0,9.7,June,2023
10739,Narayanpet,Krishna,2023-06-29,0.0,25.6,33.9,53.3,89.2,3.4,18.4,June,2023
10740,Narayanpet,Krishna,2023-06-30,0.0,24.9,34.1,42.2,84.7,3.0,15.9,June,2023
10741,Narayanpet,Maddur,2023-06-01,0.7,25.6,39.7,29.7,77.0,0.0,14.3,June,2023
10742,Narayanpet,Maddur,2023-06-02,0.0,25.9,40.7,29.7,75.6,0.0,7.7,June,2023
10743,Narayanpet,Maddur,2023-06-03,0.0,27.9,41.3,23.6,55.8,0.0,15.1,June,2023
10744,Narayanpet,Maddur,2023-06-04,0.3,25.6,41.8,22.9,78.0,0.0,13.0,June,2023
10745,Narayanpet,Maddur,2023-06-05,2.9,23.5,38.4,36.9,88.0,0.0,15.5,June,2023
10746,Narayanpet,Maddur,2023-06-06,0.0,27.7,37.9,34.4,69.3,0.0,15.1,June,2023
10747,Narayanpet,Maddur,2023-06-07,27.5,22.7,37.3,39.8,92.8,0.0,23.9,June,2023
10748,Narayanpet,Maddur,2023-06-08,21.9,22.1,38.5,43.8,92.0,0.0,10.0,June,2023
10749,Narayanpet,Maddur,2023-06-09,0.0,25.4,37.2,44.6,78.0,0.0,13.9,June,2023
10750,Narayanpet,Maddur,2023-06-10,3.1,22.4,37.1,44.0,89.6,0.0,16.4,June,2023
10751,Narayanpet,Maddur,2023-06-11,0.0,24.0,37.6,47.0,80.2,0.0,11.4,June,2023
10752,Narayanpet,Maddur,2023-06-12,0.0,25.1,35.9,46.4,79.2,0.0,16.8,June,2023
10753,Narayanpet,Maddur,2023-06-13,0.0,25.2,36.1,43.0,75.4,0.0,7.4,June,2023
10754,Narayanpet,Maddur,2023-06-14,0.0,25.4,37.9,36.9,75.9,0.0,12.3,June,2023
10755,Narayanpet,Maddur,2023-06-15,0.0,25.0,36.6,39.8,76.4,0.0,12.1,June,2023
10756,Narayanpet,Maddur,2023-06-16,0.0,25.5,37.9,35.1,71.7,0.0,15.2,June,2023
10757,Narayanpet,Maddur,2023-06-17,0.0,25.6,38.6,35.1,76.1,0.0,11.5,June,2023
10758,Narayanpet,Maddur,2023-06-18,0.0,26.3,36.9,38.7,74.2,0.0,15.4,June,2023
10759,Narayanpet,Maddur,2023-06-19,0.0,27.1,37.8,38.0,70.3,0.0,15.3,June,2023
10760,Narayanpet,Maddur,2023-06-20,0.0,27.4,37.2,38.7,67.4,0.0,15.2,June,2023
10761,Narayanpet,Maddur,2023-06-21,0.0,27.1,38.3,38.0,68.4,0.0,14.4,June,2023
10762,Narayanpet,Maddur,2023-06-22,0.0,25.0,37.6,40.4,80.7,0.0,18.0,June,2023
10763,Narayanpet,Maddur,2023-06-23,16.4,22.9,34.5,47.2,92.7,0.0,16.2,June,2023
10764,Narayanpet,Maddur,2023-06-24,1.5,23.9,33.1,55.6,88.5,0.0,10.4,June,2023
10765,Narayanpet,Maddur,2023-06-25,15.6,22.6,33.0,62.4,93.8,0.0,6.3,June,2023
10766,Narayanpet,Maddur,2023-06-26,0.3,23.6,31.2,66.5,87.5,0.0,14.6,June,2023
10767,Narayanpet,Maddur,2023-06-27,0.0,23.1,30.2,70.4,84.1,0.0,9.6,June,2023
10768,Narayanpet,Maddur,2023-06-28,0.0,24.2,31.2,64.0,81.2,0.0,9.4,June,2023
10769,Narayanpet,Maddur,2023-06-29,0.3,23.0,32.9,55.2,84.1,0.0,14.5,June,2023
10770,Narayanpet,Maddur,2023-06-30,0.0,23.6,33.4,56.1,80.2,0.0,8.4,June,2023
10771,Narayanpet,Maganoor,2023-06-01,7.2,24.8,40.6,36.2,90.0,0.0,14.9,June,2023
10772,Narayanpet,Maganoor,2023-06-02,0.0,26.3,39.8,35.6,83.5,0.0,14.3,June,2023
10773,Narayanpet,Maganoor,2023-06-03,0.0,28.0,41.9,24.8,74.2,0.0,15.7,June,2023
10774,Narayanpet,Maganoor,2023-06-04,0.0,27.2,41.6,27.3,76.6,0.0,15.8,June,2023
10775,Narayanpet,Maganoor,2023-06-05,0.0,23.8,37.0,44.0,86.7,0.0,18.8,June,2023
10776,Narayanpet,Maganoor,2023-06-06,0.0,27.7,37.7,23.7,71.3,0.0,19.3,June,2023
10777,Narayanpet,Maganoor,2023-06-07,2.7,25.1,37.8,40.0,74.1,0.0,20.4,June,2023
10778,Narayanpet,Maganoor,2023-06-08,8.2,24.5,39.0,39.1,96.1,0.0,16.0,June,2023
10779,Narayanpet,Maganoor,2023-06-09,2.0,23.6,38.1,40.3,87.1,0.0,15.4,June,2023
10780,Narayanpet,Maganoor,2023-06-10,0.4,25.6,38.0,35.4,86.4,0.0,17.3,June,2023
10781,Narayanpet,Maganoor,2023-06-11,0.0,26.2,37.5,43.5,82.1,0.0,17.1,June,2023
10782,Narayanpet,Maganoor,2023-06-12,0.0,25.3,36.4,44.6,84.3,0.0,19.2,June,2023
10783,Narayanpet,Maganoor,2023-06-13,0.0,26.2,37.5,38.2,76.9,0.0,15.5,June,2023
10784,Narayanpet,Maganoor,2023-06-14,0.0,26.3,38.0,35.6,78.3,0.0,21.7,June,2023
10785,Narayanpet,Maganoor,2023-06-15,0.0,25.9,37.8,37.8,77.7,0.0,22.8,June,2023
10786,Narayanpet,Maganoor,2023-06-16,0.0,26.4,38.6,36.2,72.6,0.0,23.3,June,2023
10787,Narayanpet,Maganoor,2023-06-17,0.0,26.7,38.1,33.6,75.0,0.0,19.1,June,2023
10788,Narayanpet,Maganoor,2023-06-18,2.5,25.1,37.7,31.9,89.5,0.0,19.2,June,2023
10789,Narayanpet,Maganoor,2023-06-19,0.0,27.2,38.2,38.5,73.6,0.0,14.6,June,2023
10790,Narayanpet,Maganoor,2023-06-20,0.0,27.6,37.6,31.2,69.4,0.0,17.7,June,2023
10791,Narayanpet,Maganoor,2023-06-21,0.0,27.6,38.8,37.9,67.5,0.0,18.3,June,2023
10792,Narayanpet,Maganoor,2023-06-22,0.0,25.1,36.5,41.1,92.3,0.0,15.1,June,2023
10793,Narayanpet,Maganoor,2023-06-23,0.0,27.4,35.7,41.7,73.6,0.0,16.3,June,2023
10794,Narayanpet,Maganoor,2023-06-24,18.7,22.4,35.0,45.4,100.0,0.0,17.8,June,2023
10795,Narayanpet,Maganoor,2023-06-25,18.3,23.7,32.9,56.5,100.0,0.0,15.4,June,2023
10796,Narayanpet,Maganoor,2023-06-26,2.6,24.2,30.7,82.2,100.0,0.0,15.1,June,2023
10797,Narayanpet,Maganoor,2023-06-27,0.3,23.3,31.1,70.9,100.0,0.0,15.9,June,2023
10798,Narayanpet,Maganoor,2023-06-28,0.8,24.4,32.3,53.6,89.0,0.0,19.8,June,2023
10799,Narayanpet,Maganoor,2023-06-29,0.3,24.5,33.5,53.4,86.0,0.0,16.5,June,2023
10800,Narayanpet,Maganoor,2023-06-30,0.0,24.5,33.5,42.2,84.3,0.0,20.8,June,2023
10801,Narayanpet,Makthal,2023-06-01,2.6,25.7,40.4,25.7,75.3,0.0,7.5,June,2023
10802,Narayanpet,Makthal,2023-06-02,0.0,26.2,38.4,28.0,82.2,0.0,9.9,June,2023
10803,Narayanpet,Makthal,2023-06-03,0.0,27.1,40.2,15.3,68.3,0.0,17.0,June,2023
10804,Narayanpet,Makthal,2023-06-04,0.0,27.5,40.5,14.0,71.3,0.0,14.4,June,2023
10805,Narayanpet,Makthal,2023-06-05,1.3,23.1,36.6,33.8,84.4,0.0,20.2,June,2023
10806,Narayanpet,Makthal,2023-06-06,0.0,27.2,37.6,23.0,70.7,0.0,15.0,June,2023
10807,Narayanpet,Makthal,2023-06-07,8.8,22.9,37.4,29.5,81.3,0.0,24.0,June,2023
10808,Narayanpet,Makthal,2023-06-08,11.9,24.3,38.1,28.9,96.1,0.0,20.6,June,2023
10809,Narayanpet,Makthal,2023-06-09,1.3,25.3,37.2,32.2,86.8,0.0,15.7,June,2023
10810,Narayanpet,Makthal,2023-06-10,0.2,25.0,36.9,32.8,85.6,0.0,24.2,June,2023
10811,Narayanpet,Makthal,2023-06-11,0.0,25.6,36.6,33.5,85.1,0.0,15.1,June,2023
10812,Narayanpet,Makthal,2023-06-12,0.5,25.4,36.7,34.8,81.9,0.0,20.6,June,2023
10813,Narayanpet,Makthal,2023-06-13,0.0,26.0,37.5,24.3,75.0,0.0,15.3,June,2023
10814,Narayanpet,Makthal,2023-06-14,0.0,26.0,38.0,26.9,76.4,0.0,21.3,June,2023
10815,Narayanpet,Makthal,2023-06-15,0.0,25.7,37.5,26.2,73.7,0.0,21.8,June,2023
10816,Narayanpet,Makthal,2023-06-16,0.0,26.2,37.4,25.6,68.5,0.0,22.2,June,2023
10817,Narayanpet,Makthal,2023-06-17,0.0,25.8,38.1,21.7,66.9,0.0,22.1,June,2023
10818,Narayanpet,Makthal,2023-06-18,8.7,26.0,37.0,28.2,84.0,0.0,21.9,June,2023
10819,Narayanpet,Makthal,2023-06-19,0.0,26.9,37.0,32.8,68.5,0.0,20.5,June,2023
10820,Narayanpet,Makthal,2023-06-20,0.0,27.9,36.6,31.2,67.0,0.0,17.6,June,2023
10821,Narayanpet,Makthal,2023-06-21,0.0,27.4,37.2,30.9,64.2,0.0,15.3,June,2023
10822,Narayanpet,Makthal,2023-06-22,2.8,24.8,36.9,31.9,92.8,0.0,16.4,June,2023
10823,Narayanpet,Makthal,2023-06-23,0.2,26.8,34.9,33.2,81.3,0.0,20.0,June,2023
10824,Narayanpet,Makthal,2023-06-24,24.0,22.7,34.1,45.2,100.0,0.0,33.8,June,2023
10825,Narayanpet,Makthal,2023-06-25,15.0,23.8,33.7,53.6,100.0,0.0,15.7,June,2023
10826,Narayanpet,Makthal,2023-06-26,4.6,24.0,31.2,62.0,100.0,0.0,18.5,June,2023
10827,Narayanpet,Makthal,2023-06-27,0.0,23.6,31.4,66.8,100.0,0.0,11.7,June,2023
10828,Narayanpet,Makthal,2023-06-28,0.0,24.4,32.1,53.6,89.0,0.0,17.4,June,2023
10829,Narayanpet,Makthal,2023-06-29,5.0,23.5,32.9,47.9,96.3,0.0,15.7,June,2023
10830,Narayanpet,Makthal,2023-06-30,0.2,23.9,33.8,42.2,85.1,0.0,23.6,June,2023
10831,Narayanpet,Marikal,2023-06-01,0.0,25.7,38.6,32.4,65.0,0.0,7.5,June,2023
10832,Narayanpet,Marikal,2023-06-02,0.0,26.3,38.4,31.1,76.0,0.0,9.9,June,2023
10833,Narayanpet,Marikal,2023-06-03,0.0,27.1,39.6,23.6,62.7,0.0,12.8,June,2023
10834,Narayanpet,Marikal,2023-06-04,0.0,27.8,40.1,25.1,69.8,0.0,11.1,June,2023
10835,Narayanpet,Marikal,2023-06-05,0.0,23.1,36.4,46.2,80.4,0.4,15.3,June,2023
10836,Narayanpet,Marikal,2023-06-06,0.0,27.2,37.3,33.9,69.3,0.0,12.9,June,2023
10837,Narayanpet,Marikal,2023-06-07,1.8,22.9,37.3,38.6,87.7,0.0,17.6,June,2023
10838,Narayanpet,Marikal,2023-06-08,1.0,24.3,36.6,42.0,87.7,0.1,17.6,June,2023
10839,Narayanpet,Marikal,2023-06-09,0.0,25.3,36.8,39.9,87.7,0.6,14.3,June,2023
10840,Narayanpet,Marikal,2023-06-10,3.2,25.0,36.7,42.0,87.7,0.1,17.7,June,2023
10841,Narayanpet,Marikal,2023-06-11,0.0,25.6,36.2,44.1,87.7,0.6,13.1,June,2023
10842,Narayanpet,Marikal,2023-06-12,10.5,25.8,35.8,48.3,89.9,0.0,17.2,June,2023
10843,Narayanpet,Marikal,2023-06-13,0.0,26.0,36.5,42.6,75.2,0.3,14.9,June,2023
10844,Narayanpet,Marikal,2023-06-14,0.0,26.0,37.0,39.4,73.9,1.4,13.0,June,2023
10845,Narayanpet,Marikal,2023-06-15,0.0,25.7,36.9,37.8,72.6,1.1,16.8,June,2023
10846,Narayanpet,Marikal,2023-06-16,0.0,26.2,37.4,36.7,68.5,0.7,15.2,June,2023
10847,Narayanpet,Marikal,2023-06-17,0.0,25.8,36.5,36.7,59.5,1.4,14.6,June,2023
10848,Narayanpet,Marikal,2023-06-18,0.0,27.7,37.4,39.4,70.2,0.5,17.0,June,2023
10849,Narayanpet,Marikal,2023-06-19,0.0,28.0,37.7,36.7,68.0,0.0,16.7,June,2023
10850,Narayanpet,Marikal,2023-06-20,0.0,28.5,36.9,39.4,66.8,0.0,12.8,June,2023
10851,Narayanpet,Marikal,2023-06-21,0.0,28.4,38.1,37.6,65.4,0.0,11.9,June,2023
10852,Narayanpet,Marikal,2023-06-22,1.9,24.8,37.2,40.9,89.9,0.0,13.2,June,2023
10853,Narayanpet,Marikal,2023-06-23,0.0,26.8,35.3,45.2,87.7,0.0,15.7,June,2023
10854,Narayanpet,Marikal,2023-06-24,0.5,23.7,34.1,56.5,87.7,1.2,14.2,June,2023
10855,Narayanpet,Marikal,2023-06-25,16.5,23.8,32.7,58.4,96.7,0.6,9.7,June,2023
10856,Narayanpet,Marikal,2023-06-26,8.7,24.0,32.2,60.5,96.7,0.0,16.1,June,2023
10857,Narayanpet,Marikal,2023-06-27,0.0,24.0,31.1,67.8,88.2,0.0,9.1,June,2023
10858,Narayanpet,Marikal,2023-06-28,0.0,24.9,32.5,59.1,84.6,0.5,13.9,June,2023
10859,Narayanpet,Marikal,2023-06-29,11.8,23.9,32.8,54.0,97.1,0.0,12.5,June,2023
10860,Narayanpet,Marikal,2023-06-30,0.0,24.3,33.0,58.1,83.3,0.5,11.8,June,2023
10861,Narayanpet,Narayanpet,2023-06-01,0.6,24.6,40.7,16.1,72.5,0.0,7.5,June,2023
10862,Narayanpet,Narayanpet,2023-06-02,0.0,25.8,39.1,19.9,80.4,0.0,9.9,June,2023
10863,Narayanpet,Narayanpet,2023-06-03,0.0,26.3,41.1,13.3,64.6,0.0,8.6,June,2023
10864,Narayanpet,Narayanpet,2023-06-04,0.6,26.9,41.4,13.3,76.3,0.0,8.5,June,2023
10865,Narayanpet,Narayanpet,2023-06-05,2.6,22.8,37.6,27.1,94.0,0.8,10.3,June,2023
10866,Narayanpet,Narayanpet,2023-06-06,0.0,26.4,37.4,21.9,76.7,0.0,11.3,June,2023
10867,Narayanpet,Narayanpet,2023-06-07,35.3,22.3,38.0,26.7,93.7,0.0,11.2,June,2023
10868,Narayanpet,Narayanpet,2023-06-08,11.0,23.6,37.6,31.4,91.6,0.1,44.4,June,2023
10869,Narayanpet,Narayanpet,2023-06-09,0.4,25.0,37.6,29.3,86.7,1.1,13.5,June,2023
10870,Narayanpet,Narayanpet,2023-06-10,9.1,23.3,37.6,30.7,90.4,0.1,11.1,June,2023
10871,Narayanpet,Narayanpet,2023-06-11,0.0,24.6,36.4,38.7,86.2,1.2,11.1,June,2023
10872,Narayanpet,Narayanpet,2023-06-12,1.0,24.8,36.3,34.4,83.1,0.0,15.2,June,2023
10873,Narayanpet,Narayanpet,2023-06-13,0.0,25.2,37.6,29.1,78.6,0.5,14.8,June,2023
10874,Narayanpet,Narayanpet,2023-06-14,0.0,25.3,37.4,25.1,77.2,2.7,13.4,June,2023
10875,Narayanpet,Narayanpet,2023-06-15,0.0,25.0,37.8,27.7,77.2,2.1,11.7,June,2023
10876,Narayanpet,Narayanpet,2023-06-16,0.0,25.7,37.6,25.1,72.3,1.4,15.0,June,2023
10877,Narayanpet,Narayanpet,2023-06-17,0.0,25.5,37.5,23.7,76.7,2.7,14.5,June,2023
10878,Narayanpet,Narayanpet,2023-06-18,0.0,26.3,36.9,27.7,73.8,0.9,12.1,June,2023
10879,Narayanpet,Narayanpet,2023-06-19,0.0,26.9,38.0,26.4,71.9,0.0,12.8,June,2023
10880,Narayanpet,Narayanpet,2023-06-20,0.0,27.6,38.4,26.0,70.9,0.0,8.0,June,2023
10881,Narayanpet,Narayanpet,2023-06-21,0.0,27.3,38.3,25.7,67.5,0.0,8.7,June,2023
10882,Narayanpet,Narayanpet,2023-06-22,0.1,25.0,36.6,30.4,87.2,0.0,9.9,June,2023
10883,Narayanpet,Narayanpet,2023-06-23,3.3,24.0,35.8,35.0,76.6,0.0,12.8,June,2023
10884,Narayanpet,Narayanpet,2023-06-24,9.1,23.3,34.7,39.2,94.5,2.3,12.3,June,2023
10885,Narayanpet,Narayanpet,2023-06-25,11.6,23.2,33.0,50.6,100.0,1.2,8.4,June,2023
10886,Narayanpet,Narayanpet,2023-06-26,0.0,23.9,32.4,51.7,100.0,0.0,13.6,June,2023
10887,Narayanpet,Narayanpet,2023-06-27,0.8,23.0,31.0,58.0,91.6,0.0,10.8,June,2023
10888,Narayanpet,Narayanpet,2023-06-28,0.0,24.2,32.4,47.8,85.9,0.9,12.9,June,2023
10889,Narayanpet,Narayanpet,2023-06-29,1.8,23.4,33.0,41.4,91.2,0.0,10.1,June,2023
10890,Narayanpet,Narayanpet,2023-06-30,0.0,23.9,33.9,40.9,86.2,0.9,12.5,June,2023
10891,Narayanpet,Narva,2023-06-01,0.0,28.0,40.2,31.0,63.3,0.0,10.2,June,2023
10892,Narayanpet,Narva,2023-06-02,0.0,26.0,39.4,37.0,75.1,0.9,14.8,June,2023
10893,Narayanpet,Narva,2023-06-03,0.0,28.5,42.0,22.0,68.8,0.0,11.8,June,2023
10894,Narayanpet,Narva,2023-06-04,0.0,28.7,41.9,23.7,68.0,0.0,17.7,June,2023
10895,Narayanpet,Narva,2023-06-05,0.4,24.9,36.9,41.6,73.1,0.0,23.1,June,2023
10896,Narayanpet,Narva,2023-06-06,0.0,28.2,38.5,32.0,67.6,0.0,12.1,June,2023
10897,Narayanpet,Narva,2023-06-07,2.1,25.3,39.0,38.4,71.8,0.0,23.2,June,2023
10898,Narayanpet,Narva,2023-06-08,7.1,24.0,38.6,38.1,80.7,1.1,18.8,June,2023
10899,Narayanpet,Narva,2023-06-09,0.0,24.5,38.1,39.2,75.3,1.1,19.9,June,2023
10900,Narayanpet,Narva,2023-06-10,0.0,26.3,38.1,40.3,77.2,0.0,21.6,June,2023
10901,Narayanpet,Narva,2023-06-11,0.0,26.2,38.0,42.0,75.5,2.6,20.2,June,2023
10902,Narayanpet,Narva,2023-06-12,0.0,25.8,37.0,41.2,82.9,0.0,18.7,June,2023
10903,Narayanpet,Narva,2023-06-13,0.0,25.7,37.7,35.9,72.9,1.6,15.3,June,2023
10904,Narayanpet,Narva,2023-06-14,0.0,26.4,38.2,33.1,69.8,1.2,17.7,June,2023
10905,Narayanpet,Narva,2023-06-15,0.0,26.1,38.0,34.7,68.6,2.7,22.9,June,2023
10906,Narayanpet,Narva,2023-06-16,0.0,26.4,38.0,32.2,65.7,0.8,17.4,June,2023
10907,Narayanpet,Narva,2023-06-17,0.0,26.8,37.5,32.6,69.1,3.0,15.2,June,2023
10908,Narayanpet,Narva,2023-06-18,0.0,27.0,36.7,36.4,69.9,1.0,19.9,June,2023
10909,Narayanpet,Narva,2023-06-19,0.0,27.3,37.1,35.7,67.9,0.6,19.6,June,2023
10910,Narayanpet,Narva,2023-06-20,0.0,27.5,36.3,36.5,67.9,0.8,18.2,June,2023
10911,Narayanpet,Narva,2023-06-21,0.0,27.4,37.8,35.7,66.9,1.7,15.9,June,2023
10912,Narayanpet,Narva,2023-06-22,6.6,24.2,36.2,40.3,93.6,0.6,16.5,June,2023
10913,Narayanpet,Narva,2023-06-23,0.0,26.6,34.6,45.3,76.7,0.0,18.6,June,2023
10914,Narayanpet,Narva,2023-06-24,27.4,25.5,33.7,48.9,87.3,2.5,17.2,June,2023
10915,Narayanpet,Narva,2023-06-25,20.3,23.9,32.5,56.1,95.2,0.8,15.0,June,2023
10916,Narayanpet,Narva,2023-06-26,23.3,24.4,32.4,58.1,92.4,1.4,19.1,June,2023
10917,Narayanpet,Narva,2023-06-27,0.0,23.5,31.3,61.2,84.9,1.4,11.1,June,2023
10918,Narayanpet,Narva,2023-06-28,0.0,25.0,32.1,53.7,81.2,0.1,13.3,June,2023
10919,Narayanpet,Narva,2023-06-29,0.0,24.3,33.0,50.5,83.2,0.9,10.4,June,2023
10920,Narayanpet,Narva,2023-06-30,0.0,24.4,33.7,47.3,80.3,1.1,14.8,June,2023
10921,Narayanpet,Utkoor,2023-06-01,0.0,26.0,41.8,33.7,76.7,0.0,7.5,June,2023
10922,Narayanpet,Utkoor,2023-06-02,0.0,26.6,39.9,32.3,84.7,0.0,9.9,June,2023
10923,Narayanpet,Utkoor,2023-06-03,0.0,27.4,41.9,25.5,70.9,0.0,12.8,June,2023
10924,Narayanpet,Utkoor,2023-06-04,1.1,28.1,41.6,25.5,77.4,0.0,11.1,June,2023
10925,Narayanpet,Utkoor,2023-06-05,7.9,23.4,39.7,40.4,97.0,0.4,15.3,June,2023
10926,Narayanpet,Utkoor,2023-06-06,0.0,27.5,39.4,33.3,78.5,0.0,12.9,June,2023
10927,Narayanpet,Utkoor,2023-06-07,27.1,23.2,39.3,40.4,90.8,0.0,17.6,June,2023
10928,Narayanpet,Utkoor,2023-06-08,9.6,24.6,39.6,43.2,91.9,0.1,44.4,June,2023
10929,Narayanpet,Utkoor,2023-06-09,0.8,25.6,38.7,40.9,90.8,0.6,14.3,June,2023
10930,Narayanpet,Utkoor,2023-06-10,1.6,25.3,39.8,41.5,90.8,0.1,17.7,June,2023
10931,Narayanpet,Utkoor,2023-06-11,0.0,25.9,38.7,42.0,90.3,0.6,13.1,June,2023
10932,Narayanpet,Utkoor,2023-06-12,0.0,26.1,38.7,43.9,85.1,0.0,17.2,June,2023
10933,Narayanpet,Utkoor,2023-06-13,0.0,26.3,38.7,38.9,83.3,0.3,14.9,June,2023
10934,Narayanpet,Utkoor,2023-06-14,0.0,26.3,39.1,35.8,78.9,1.4,13.0,June,2023
10935,Narayanpet,Utkoor,2023-06-15,0.0,26.0,38.8,36.4,83.3,1.1,16.8,June,2023
10936,Narayanpet,Utkoor,2023-06-16,0.0,26.5,39.8,35.8,76.4,0.7,15.2,June,2023
10937,Narayanpet,Utkoor,2023-06-17,0.0,26.1,39.7,34.6,83.4,1.4,14.6,June,2023
10938,Narayanpet,Utkoor,2023-06-18,0.0,27.1,38.7,37.6,76.4,0.5,17.0,June,2023
10939,Narayanpet,Utkoor,2023-06-19,0.0,27.5,39.3,38.7,76.6,0.0,16.7,June,2023
10940,Narayanpet,Utkoor,2023-06-20,0.0,28.2,38.7,38.4,70.7,0.0,12.8,June,2023
10941,Narayanpet,Utkoor,2023-06-21,0.0,28.0,39.4,37.6,70.4,0.0,11.9,June,2023
10942,Narayanpet,Utkoor,2023-06-22,0.0,24.9,38.8,39.8,90.9,0.0,13.2,June,2023
10943,Narayanpet,Utkoor,2023-06-23,0.0,27.1,38.7,42.8,74.9,0.0,15.7,June,2023
10944,Narayanpet,Utkoor,2023-06-24,1.7,24.0,36.6,45.6,93.1,1.2,14.2,June,2023
10945,Narayanpet,Utkoor,2023-06-25,30.6,23.6,36.1,54.8,99.9,0.6,9.7,June,2023
10946,Narayanpet,Utkoor,2023-06-26,0.7,24.2,33.6,63.5,95.9,0.0,16.1,June,2023
10947,Narayanpet,Utkoor,2023-06-27,0.0,23.2,33.6,65.9,90.8,0.0,9.1,June,2023
10948,Narayanpet,Utkoor,2023-06-28,0.0,24.3,34.0,57.3,87.0,0.5,13.9,June,2023
10949,Narayanpet,Utkoor,2023-06-29,1.5,23.5,36.1,51.9,95.5,0.0,12.5,June,2023
10950,Narayanpet,Utkoor,2023-06-30,0.0,24.1,36.1,53.9,90.2,0.5,11.8,June,2023
10951,Nirmal,Basar,2023-06-01,0.0,26.0,40.6,28.8,70.5,0.0,12.8,June,2023
10952,Nirmal,Basar,2023-06-02,0.0,27.0,42.0,20.4,47.6,0.0,8.3,June,2023
10953,Nirmal,Basar,2023-06-03,0.0,28.3,41.2,24.3,47.4,0.0,13.1,June,2023
10954,Nirmal,Basar,2023-06-04,0.0,29.3,42.0,24.3,54.9,0.0,6.0,June,2023
10955,Nirmal,Basar,2023-06-05,5.5,22.2,41.3,27.8,95.8,0.0,3.5,June,2023
10956,Nirmal,Basar,2023-06-06,0.0,26.9,38.8,35.8,71.0,0.0,3.7,June,2023
10957,Nirmal,Basar,2023-06-07,0.0,27.5,41.0,26.9,58.7,0.0,3.2,June,2023
10958,Nirmal,Basar,2023-06-08,0.0,29.3,41.5,24.5,61.1,0.0,7.3,June,2023
10959,Nirmal,Basar,2023-06-09,1.2,28.4,39.3,33.4,59.2,0.0,8.7,June,2023
10960,Nirmal,Basar,2023-06-10,0.0,30.3,41.5,25.2,60.6,0.0,5.3,June,2023
10961,Nirmal,Basar,2023-06-11,1.7,25.3,41.3,29.1,88.8,0.0,10.2,June,2023
10962,Nirmal,Basar,2023-06-12,0.0,26.9,39.9,34.6,73.6,0.0,6.0,June,2023
10963,Nirmal,Basar,2023-06-13,0.0,27.3,39.2,32.1,56.8,0.0,10.2,June,2023
10964,Nirmal,Basar,2023-06-14,0.0,29.1,40.9,23.6,62.9,0.0,4.0,June,2023
10965,Nirmal,Basar,2023-06-15,0.0,28.3,40.3,28.8,61.1,0.0,8.0,June,2023
10966,Nirmal,Basar,2023-06-16,0.0,29.3,40.2,27.5,58.2,0.0,5.0,June,2023
10967,Nirmal,Basar,2023-06-17,0.0,28.9,40.2,28.2,62.5,0.0,3.6,June,2023
10968,Nirmal,Basar,2023-06-18,0.0,29.4,39.5,34.0,62.0,0.0,10.1,June,2023
10969,Nirmal,Basar,2023-06-19,0.0,29.9,39.2,32.4,60.6,0.0,2.2,June,2023
10970,Nirmal,Basar,2023-06-20,0.0,30.2,38.9,32.7,57.8,0.0,3.7,June,2023
10971,Nirmal,Basar,2023-06-21,0.0,30.7,39.5,32.7,59.7,0.0,4.7,June,2023
10972,Nirmal,Basar,2023-06-22,0.0,30.0,39.1,35.3,63.9,0.0,4.7,June,2023
10973,Nirmal,Basar,2023-06-23,0.0,26.3,38.4,37.2,84.7,0.0,10.1,June,2023
10974,Nirmal,Basar,2023-06-24,7.2,23.7,34.9,50.6,93.3,0.0,10.0,June,2023
10975,Nirmal,Basar,2023-06-25,0.8,24.3,33.0,58.7,94.7,0.0,6.7,June,2023
10976,Nirmal,Basar,2023-06-26,5.6,24.8,33.0,56.8,97.2,0.0,1.7,June,2023
10977,Nirmal,Basar,2023-06-27,9.4,24.1,27.0,84.7,99.7,0.0,1.8,June,2023
10978,Nirmal,Basar,2023-06-28,12.8,23.5,29.2,77.8,99.7,0.0,5.1,June,2023
10979,Nirmal,Basar,2023-06-29,18.3,23.9,31.5,71.3,99.6,0.0,1.9,June,2023
10980,Nirmal,Basar,2023-06-30,0.0,25.0,33.5,55.9,85.7,0.0,2.5,June,2023
10981,Nirmal,Bhainsa,2023-06-01,0.0,25.7,42.6,23.6,63.1,0.0,8.4,June,2023
10982,Nirmal,Bhainsa,2023-06-02,0.0,25.1,43.6,17.1,59.7,0.0,8.2,June,2023
10983,Nirmal,Bhainsa,2023-06-03,0.0,27.0,42.9,20.8,57.4,0.0,8.4,June,2023
10984,Nirmal,Bhainsa,2023-06-04,1.1,27.9,43.9,21.6,61.7,0.0,11.9,June,2023
10985,Nirmal,Bhainsa,2023-06-05,0.0,21.7,41.2,28.1,83.6,0.0,13.4,June,2023
10986,Nirmal,Bhainsa,2023-06-06,0.0,26.7,40.4,27.8,63.0,0.0,6.1,June,2023
10987,Nirmal,Bhainsa,2023-06-07,0.0,27.2,41.7,24.4,60.7,0.0,10.4,June,2023
10988,Nirmal,Bhainsa,2023-06-08,0.0,29.5,42.6,22.1,59.8,0.0,9.7,June,2023
10989,Nirmal,Bhainsa,2023-06-09,1.0,28.1,42.2,25.8,58.8,0.0,9.6,June,2023
10990,Nirmal,Bhainsa,2023-06-10,0.0,29.9,41.9,24.4,59.3,0.0,12.6,June,2023
10991,Nirmal,Bhainsa,2023-06-11,6.7,25.1,41.7,25.8,89.4,0.0,16.1,June,2023
10992,Nirmal,Bhainsa,2023-06-12,0.0,27.1,39.9,32.3,75.9,0.0,11.0,June,2023
10993,Nirmal,Bhainsa,2023-06-13,0.0,28.4,40.9,28.8,60.3,0.0,12.1,June,2023
10994,Nirmal,Bhainsa,2023-06-14,0.0,28.6,40.7,25.8,63.3,0.0,12.7,June,2023
10995,Nirmal,Bhainsa,2023-06-15,1.5,27.4,40.2,28.6,72.2,4.6,15.1,June,2023
10996,Nirmal,Bhainsa,2023-06-16,0.0,28.5,40.2,26.3,60.3,0.0,11.6,June,2023
10997,Nirmal,Bhainsa,2023-06-17,0.0,28.9,40.3,25.8,63.3,4.2,13.5,June,2023
10998,Nirmal,Bhainsa,2023-06-18,0.0,29.0,40.0,31.5,61.7,0.0,14.9,June,2023
10999,Nirmal,Bhainsa,2023-06-19,0.0,29.5,40.0,29.3,59.3,0.0,10.1,June,2023
11000,Nirmal,Bhainsa,2023-06-20,0.0,30.1,40.0,28.6,61.7,0.0,11.1,June,2023
11001,Nirmal,Bhainsa,2023-06-21,0.0,30.1,40.0,31.5,61.7,0.0,9.6,June,2023
11002,Nirmal,Bhainsa,2023-06-22,0.0,29.3,39.6,32.3,66.9,0.0,9.6,June,2023
11003,Nirmal,Bhainsa,2023-06-23,19.5,23.2,38.5,33.0,100.0,0.0,9.6,June,2023
11004,Nirmal,Bhainsa,2023-06-24,0.0,24.2,34.0,56.2,93.3,0.0,9.3,June,2023
11005,Nirmal,Bhainsa,2023-06-25,0.0,24.7,33.2,56.2,92.8,0.0,8.2,June,2023
11006,Nirmal,Bhainsa,2023-06-26,36.1,23.5,32.9,56.8,100.0,0.0,12.7,June,2023
11007,Nirmal,Bhainsa,2023-06-27,11.9,23.1,27.0,76.0,100.0,0.0,9.5,June,2023
11008,Nirmal,Bhainsa,2023-06-28,19.7,22.9,27.7,77.8,100.0,0.0,11.2,June,2023
11009,Nirmal,Bhainsa,2023-06-29,1.7,24.0,31.6,69.2,100.0,0.0,8.4,June,2023
11010,Nirmal,Bhainsa,2023-06-30,0.0,24.4,33.0,59.3,96.9,0.0,11.0,June,2023
11011,Nirmal,Dastuarabad,2023-06-01,0.0,26.3,40.5,36.7,81.6,0.0,5.5,June,2023
11012,Nirmal,Dastuarabad,2023-06-02,0.0,27.0,43.5,20.9,70.0,0.1,7.4,June,2023
11013,Nirmal,Dastuarabad,2023-06-03,0.0,27.9,43.8,15.5,68.0,0.1,10.6,June,2023
11014,Nirmal,Dastuarabad,2023-06-04,0.0,27.9,43.1,27.8,69.9,0.2,6.1,June,2023
11015,Nirmal,Dastuarabad,2023-06-05,0.0,24.4,43.0,28.7,100.0,0.7,18.8,June,2023
11016,Nirmal,Dastuarabad,2023-06-06,0.0,27.8,41.6,29.2,80.0,0.0,11.0,June,2023
11017,Nirmal,Dastuarabad,2023-06-07,0.3,27.0,42.3,28.8,76.7,0.2,11.3,June,2023
11018,Nirmal,Dastuarabad,2023-06-08,0.0,28.0,43.6,28.0,100.0,0.0,10.1,June,2023
11019,Nirmal,Dastuarabad,2023-06-09,0.0,26.6,42.8,24.5,81.8,0.0,13.4,June,2023
11020,Nirmal,Dastuarabad,2023-06-10,1.5,27.4,42.9,28.0,83.6,0.0,16.4,June,2023
11021,Nirmal,Dastuarabad,2023-06-11,0.0,26.9,40.0,39.1,82.3,0.0,17.3,June,2023
11022,Nirmal,Dastuarabad,2023-06-12,0.0,27.6,40.9,38.5,82.0,0.5,13.5,June,2023
11023,Nirmal,Dastuarabad,2023-06-13,0.0,27.4,41.9,32.0,68.8,0.3,12.1,June,2023
11024,Nirmal,Dastuarabad,2023-06-14,0.0,27.5,42.5,24.0,66.8,0.3,14.5,June,2023
11025,Nirmal,Dastuarabad,2023-06-15,0.0,30.3,42.6,19.8,72.1,0.0,13.1,June,2023
11026,Nirmal,Dastuarabad,2023-06-16,0.0,30.2,43.3,21.1,54.3,0.0,12.9,June,2023
11027,Nirmal,Dastuarabad,2023-06-17,0.0,31.5,43.2,18.6,55.8,0.0,12.3,June,2023
11028,Nirmal,Dastuarabad,2023-06-18,0.0,31.5,43.0,23.1,53.3,0.0,14.4,June,2023
11029,Nirmal,Dastuarabad,2023-06-19,0.0,31.1,42.8,21.8,53.3,0.0,13.3,June,2023
11030,Nirmal,Dastuarabad,2023-06-20,0.0,30.1,42.9,21.8,56.9,0.0,15.1,June,2023
11031,Nirmal,Dastuarabad,2023-06-21,0.0,29.2,42.9,23.7,67.6,0.0,9.9,June,2023
11032,Nirmal,Dastuarabad,2023-06-22,0.0,28.5,43.2,24.3,77.1,0.0,13.6,June,2023
11033,Nirmal,Dastuarabad,2023-06-23,44.2,23.6,39.7,32.8,96.0,0.0,15.2,June,2023
11034,Nirmal,Dastuarabad,2023-06-24,1.1,24.0,28.8,80.7,96.0,0.0,7.1,June,2023
11035,Nirmal,Dastuarabad,2023-06-25,0.0,23.3,30.7,71.2,91.3,0.0,7.1,June,2023
11036,Nirmal,Dastuarabad,2023-06-26,6.2,24.5,32.2,59.4,95.5,0.0,12.8,June,2023
11037,Nirmal,Dastuarabad,2023-06-27,14.2,23.4,29.3,60.2,96.5,2.1,13.2,June,2023
11038,Nirmal,Dastuarabad,2023-06-28,7.8,24.0,28.1,85.6,96.5,0.7,15.8,June,2023
11039,Nirmal,Dastuarabad,2023-06-29,0.0,25.5,32.2,58.9,92.3,1.9,13.6,June,2023
11040,Nirmal,Dastuarabad,2023-06-30,0.0,26.3,34.5,46.3,82.9,0.0,15.4,June,2023
11041,Nirmal,Dilawarpur,2023-06-01,0.0,24.8,38.9,32.8,76.3,0.0,0.9,June,2023
11042,Nirmal,Dilawarpur,2023-06-02,0.0,25.2,42.1,16.9,58.2,0.0,9.7,June,2023
11043,Nirmal,Dilawarpur,2023-06-03,0.0,27.2,40.9,18.2,50.6,0.0,11.3,June,2023
11044,Nirmal,Dilawarpur,2023-06-04,0.0,29.3,41.7,21.8,53.5,0.0,10.3,June,2023
11045,Nirmal,Dilawarpur,2023-06-05,11.3,22.1,40.7,26.8,97.6,0.0,14.0,June,2023
11046,Nirmal,Dilawarpur,2023-06-06,0.0,27.2,38.4,31.2,63.7,0.0,9.7,June,2023
11047,Nirmal,Dilawarpur,2023-06-07,0.0,25.0,40.0,26.3,74.3,0.0,3.4,June,2023
11048,Nirmal,Dilawarpur,2023-06-08,0.0,28.1,40.7,21.2,59.2,0.0,9.1,June,2023
11049,Nirmal,Dilawarpur,2023-06-09,0.0,26.4,40.0,23.1,63.7,0.0,10.8,June,2023
11050,Nirmal,Dilawarpur,2023-06-10,0.0,26.9,39.7,24.1,65.9,0.0,14.4,June,2023
11051,Nirmal,Dilawarpur,2023-06-11,0.9,25.2,39.5,28.5,84.4,0.3,16.0,June,2023
11052,Nirmal,Dilawarpur,2023-06-12,0.0,26.3,38.4,36.6,72.8,0.0,12.3,June,2023
11053,Nirmal,Dilawarpur,2023-06-13,0.0,28.2,39.6,31.3,58.5,0.0,16.8,June,2023
11054,Nirmal,Dilawarpur,2023-06-14,0.0,28.4,40.0,21.3,59.0,0.0,14.9,June,2023
11055,Nirmal,Dilawarpur,2023-06-15,0.0,27.3,39.5,24.7,64.5,0.0,14.2,June,2023
11056,Nirmal,Dilawarpur,2023-06-16,0.0,28.1,39.5,24.0,53.6,0.0,15.8,June,2023
11057,Nirmal,Dilawarpur,2023-06-17,0.0,28.8,40.4,22.8,57.7,0.0,14.5,June,2023
11058,Nirmal,Dilawarpur,2023-06-18,0.0,29.2,39.0,29.2,54.7,0.4,14.5,June,2023
11059,Nirmal,Dilawarpur,2023-06-19,0.0,30.1,39.6,26.5,47.7,0.0,14.2,June,2023
11060,Nirmal,Dilawarpur,2023-06-20,0.0,29.9,39.2,25.1,53.4,1.2,14.1,June,2023
11061,Nirmal,Dilawarpur,2023-06-21,0.0,30.0,39.5,27.2,56.1,0.3,12.6,June,2023
11062,Nirmal,Dilawarpur,2023-06-22,0.0,28.0,37.5,34.6,72.9,0.0,14.2,June,2023
11063,Nirmal,Dilawarpur,2023-06-23,36.9,23.1,37.4,35.7,99.8,0.0,13.2,June,2023
11064,Nirmal,Dilawarpur,2023-06-24,10.7,23.6,31.0,77.6,97.0,0.0,2.1,June,2023
11065,Nirmal,Dilawarpur,2023-06-25,0.0,24.3,32.4,70.4,95.7,0.0,4.0,June,2023
11066,Nirmal,Dilawarpur,2023-06-26,7.7,23.9,30.1,78.6,97.9,0.0,1.7,June,2023
11067,Nirmal,Dilawarpur,2023-06-27,16.8,23.0,26.7,87.9,99.9,0.0,10.1,June,2023
11068,Nirmal,Dilawarpur,2023-06-28,15.6,22.8,27.0,90.3,100.0,0.0,0.1,June,2023
11069,Nirmal,Dilawarpur,2023-06-29,1.0,23.9,30.1,81.0,99.1,0.0,5.9,June,2023
11070,Nirmal,Dilawarpur,2023-06-30,0.0,24.4,32.1,64.1,93.6,0.0,12.7,June,2023
11071,Nirmal,Kaddampeddur,2023-06-01,0.0,26.3,42.8,24.7,72.3,0.0,9.9,June,2023
11072,Nirmal,Kaddampeddur,2023-06-02,0.0,25.4,44.1,14.8,63.2,0.0,10.8,June,2023
11073,Nirmal,Kaddampeddur,2023-06-03,0.0,25.5,44.3,15.4,61.1,0.0,15.4,June,2023
11074,Nirmal,Kaddampeddur,2023-06-04,0.0,26.7,43.6,22.2,72.4,0.0,8.7,June,2023
11075,Nirmal,Kaddampeddur,2023-06-05,0.0,23.2,42.9,21.2,78.7,0.0,18.0,June,2023
11076,Nirmal,Kaddampeddur,2023-06-06,0.0,27.1,41.8,22.2,61.6,0.0,12.1,June,2023
11077,Nirmal,Kaddampeddur,2023-06-07,0.0,26.1,42.1,22.8,72.8,0.0,12.8,June,2023
11078,Nirmal,Kaddampeddur,2023-06-08,0.3,27.6,43.3,24.7,58.5,0.0,10.9,June,2023
11079,Nirmal,Kaddampeddur,2023-06-09,0.0,25.8,43.3,21.4,63.7,0.0,12.9,June,2023
11080,Nirmal,Kaddampeddur,2023-06-10,0.7,25.3,43.0,24.0,81.2,0.0,15.5,June,2023
11081,Nirmal,Kaddampeddur,2023-06-11,14.0,26.3,41.9,30.9,87.2,0.0,21.4,June,2023
11082,Nirmal,Kaddampeddur,2023-06-12,0.0,28.4,40.1,34.9,73.2,0.0,14.8,June,2023
11083,Nirmal,Kaddampeddur,2023-06-13,0.0,29.4,42.0,24.0,65.1,0.0,10.6,June,2023
11084,Nirmal,Kaddampeddur,2023-06-14,0.0,29.7,42.6,20.3,55.7,0.0,13.1,June,2023
11085,Nirmal,Kaddampeddur,2023-06-15,0.0,29.4,42.0,21.6,58.1,0.0,9.9,June,2023
11086,Nirmal,Kaddampeddur,2023-06-16,0.0,29.8,41.8,22.2,51.1,0.0,12.4,June,2023
11087,Nirmal,Kaddampeddur,2023-06-17,0.0,30.6,41.8,19.1,54.2,0.0,11.8,June,2023
11088,Nirmal,Kaddampeddur,2023-06-18,0.0,30.6,41.3,24.0,58.0,0.0,15.5,June,2023
11089,Nirmal,Kaddampeddur,2023-06-19,0.0,30.2,41.8,21.6,53.3,0.0,12.7,June,2023
11090,Nirmal,Kaddampeddur,2023-06-20,0.0,28.4,41.5,22.8,56.3,0.0,14.9,June,2023
11091,Nirmal,Kaddampeddur,2023-06-21,0.0,28.9,41.8,24.7,66.4,0.0,11.0,June,2023
11092,Nirmal,Kaddampeddur,2023-06-22,0.5,28.4,40.6,28.4,79.7,0.0,15.2,June,2023
11093,Nirmal,Kaddampeddur,2023-06-23,44.3,24.0,38.8,30.0,100.0,0.0,18.3,June,2023
11094,Nirmal,Kaddampeddur,2023-06-24,0.3,24.5,30.8,84.5,100.0,0.0,7.7,June,2023
11095,Nirmal,Kaddampeddur,2023-06-25,0.0,24.8,31.3,74.9,96.6,0.0,0.3,June,2023
11096,Nirmal,Kaddampeddur,2023-06-26,3.4,24.2,32.6,66.0,100.0,0.0,6.1,June,2023
11097,Nirmal,Kaddampeddur,2023-06-27,15.7,23.5,28.0,82.5,100.0,0.0,9.0,June,2023
11098,Nirmal,Kaddampeddur,2023-06-28,8.5,23.8,27.8,90.7,100.0,0.0,9.2,June,2023
11099,Nirmal,Kaddampeddur,2023-06-29,0.0,25.1,32.6,67.4,99.9,0.0,8.3,June,2023
11100,Nirmal,Kaddampeddur,2023-06-30,0.0,25.9,34.2,49.7,82.4,0.0,7.6,June,2023
11101,Nirmal,Khanpur,2023-06-01,0.0,26.3,41.5,29.0,82.3,0.0,9.9,June,2023
11102,Nirmal,Khanpur,2023-06-02,0.0,26.4,42.7,21.8,73.1,0.0,9.8,June,2023
11103,Nirmal,Khanpur,2023-06-03,0.0,26.3,43.1,22.5,69.6,0.0,15.4,June,2023
11104,Nirmal,Khanpur,2023-06-04,2.2,27.1,42.5,31.1,73.7,0.0,4.4,June,2023
11105,Nirmal,Khanpur,2023-06-05,0.2,23.4,41.8,31.4,88.6,0.0,8.9,June,2023
11106,Nirmal,Khanpur,2023-06-06,0.0,26.4,40.7,32.4,76.1,0.0,12.1,June,2023
11107,Nirmal,Khanpur,2023-06-07,3.4,25.9,41.7,31.5,84.5,0.0,6.5,June,2023
11108,Nirmal,Khanpur,2023-06-08,2.3,28.1,40.6,35.9,70.6,0.0,3.5,June,2023
11109,Nirmal,Khanpur,2023-06-09,0.0,26.6,40.8,30.0,73.1,0.0,12.1,June,2023
11110,Nirmal,Khanpur,2023-06-10,4.4,29.0,41.5,30.8,71.6,0.0,7.9,June,2023
11111,Nirmal,Khanpur,2023-06-11,15.7,25.4,39.1,40.2,84.1,0.0,10.9,June,2023
11112,Nirmal,Khanpur,2023-06-12,0.0,28.8,40.1,39.6,68.9,0.0,12.7,June,2023
11113,Nirmal,Khanpur,2023-06-13,0.0,29.4,41.8,32.6,64.4,0.0,4.0,June,2023
11114,Nirmal,Khanpur,2023-06-14,0.0,30.0,42.1,27.8,59.7,0.0,13.7,June,2023
11115,Nirmal,Khanpur,2023-06-15,0.0,29.3,41.6,30.0,62.0,0.0,4.8,June,2023
11116,Nirmal,Khanpur,2023-06-16,0.0,30.0,41.4,30.8,55.5,0.0,11.5,June,2023
11117,Nirmal,Khanpur,2023-06-17,0.0,30.5,41.6,27.8,59.7,0.0,5.0,June,2023
11118,Nirmal,Khanpur,2023-06-18,0.0,30.9,41.2,33.2,58.3,0.0,5.2,June,2023
11119,Nirmal,Khanpur,2023-06-19,0.0,30.1,41.9,31.4,55.1,0.0,5.2,June,2023
11120,Nirmal,Khanpur,2023-06-20,0.0,28.2,41.1,31.1,63.0,0.0,7.6,June,2023
11121,Nirmal,Khanpur,2023-06-21,0.0,29.2,41.3,33.8,70.2,0.0,10.1,June,2023
11122,Nirmal,Khanpur,2023-06-22,0.0,29.2,40.0,39.1,68.9,0.0,7.9,June,2023
11123,Nirmal,Khanpur,2023-06-23,24.9,23.3,39.8,36.9,100.0,0.0,8.0,June,2023
11124,Nirmal,Khanpur,2023-06-24,0.3,24.1,30.9,78.6,100.0,0.0,7.7,June,2023
11125,Nirmal,Khanpur,2023-06-25,0.0,24.6,30.7,76.8,94.9,0.0,0.1,June,2023
11126,Nirmal,Khanpur,2023-06-26,14.7,24.0,31.8,71.3,100.0,0.0,0.1,June,2023
11127,Nirmal,Khanpur,2023-06-27,12.2,23.4,27.7,82.7,100.0,0.0,0.3,June,2023
11128,Nirmal,Khanpur,2023-06-28,7.5,23.5,27.4,87.6,100.0,0.0,10.4,June,2023
11129,Nirmal,Khanpur,2023-06-29,0.0,24.8,32.6,69.7,100.0,0.0,12.1,June,2023
11130,Nirmal,Khanpur,2023-06-30,0.7,26.0,33.4,64.0,85.4,0.0,13.3,June,2023
11131,Nirmal,Kubeer,2023-06-01,0.0,24.5,40.6,25.2,54.0,0.0,5.9,June,2023
11132,Nirmal,Kubeer,2023-06-02,0.0,24.8,42.2,17.9,47.0,0.0,6.2,June,2023
11133,Nirmal,Kubeer,2023-06-03,0.0,28.0,42.2,22.3,53.9,0.0,6.4,June,2023
11134,Nirmal,Kubeer,2023-06-04,4.3,21.9,40.6,24.5,76.9,0.0,14.7,June,2023
11135,Nirmal,Kubeer,2023-06-05,0.0,20.1,38.8,37.3,87.6,0.0,10.9,June,2023
11136,Nirmal,Kubeer,2023-06-06,0.0,25.6,39.4,31.2,60.1,0.0,7.9,June,2023
11137,Nirmal,Kubeer,2023-06-07,0.0,25.5,41.3,26.9,56.3,0.0,9.6,June,2023
11138,Nirmal,Kubeer,2023-06-08,0.0,27.0,42.0,19.2,52.5,0.0,12.5,June,2023
11139,Nirmal,Kubeer,2023-06-09,0.0,29.5,42.0,27.1,52.4,0.6,10.6,June,2023
11140,Nirmal,Kubeer,2023-06-10,0.0,30.0,41.1,25.8,53.9,0.0,14.5,June,2023
11141,Nirmal,Kubeer,2023-06-11,1.9,24.6,40.8,29.8,77.1,0.0,16.6,June,2023
11142,Nirmal,Kubeer,2023-06-12,0.0,25.4,39.1,34.1,65.3,0.0,15.7,June,2023
11143,Nirmal,Kubeer,2023-06-13,0.0,27.7,40.0,30.8,56.7,0.0,16.7,June,2023
11144,Nirmal,Kubeer,2023-06-14,0.0,28.0,40.3,24.3,58.7,0.0,15.5,June,2023
11145,Nirmal,Kubeer,2023-06-15,0.0,27.0,39.3,26.9,60.1,3.7,18.6,June,2023
11146,Nirmal,Kubeer,2023-06-16,0.0,28.2,39.9,27.5,55.8,0.0,16.2,June,2023
11147,Nirmal,Kubeer,2023-06-17,0.0,28.6,39.0,30.2,58.7,0.3,15.9,June,2023
11148,Nirmal,Kubeer,2023-06-18,0.0,28.5,38.9,30.2,57.7,2.2,14.8,June,2023
11149,Nirmal,Kubeer,2023-06-19,0.0,29.5,39.3,30.8,53.9,4.1,14.3,June,2023
11150,Nirmal,Kubeer,2023-06-20,0.0,29.7,39.0,30.2,56.7,0.1,15.2,June,2023
11151,Nirmal,Kubeer,2023-06-21,0.0,29.4,39.2,32.1,58.7,0.0,16.5,June,2023
11152,Nirmal,Kubeer,2023-06-22,0.0,30.3,38.9,31.5,56.7,0.0,12.7,June,2023
11153,Nirmal,Kubeer,2023-06-23,6.8,23.2,38.1,33.2,93.8,0.0,10.9,June,2023
11154,Nirmal,Kubeer,2023-06-24,0.3,24.6,34.1,51.8,88.8,0.0,4.5,June,2023
11155,Nirmal,Kubeer,2023-06-25,0.0,25.6,32.7,57.7,82.3,0.0,10.8,June,2023
11156,Nirmal,Kubeer,2023-06-26,0.0,24.7,32.8,59.1,81.1,0.0,19.6,June,2023
11157,Nirmal,Kubeer,2023-06-27,13.7,23.0,29.5,67.2,92.4,0.0,15.7,June,2023
11158,Nirmal,Kubeer,2023-06-28,11.2,22.8,26.1,83.2,92.9,0.0,12.7,June,2023
11159,Nirmal,Kubeer,2023-06-29,10.1,23.5,29.7,76.2,94.3,0.0,15.2,June,2023
11160,Nirmal,Kubeer,2023-06-30,0.0,23.9,32.5,65.9,88.8,0.0,15.4,June,2023
11161,Nirmal,Kuntala,2023-06-01,0.0,24.3,43.0,23.2,69.1,0.0,9.6,June,2023
11162,Nirmal,Kuntala,2023-06-02,0.0,23.7,44.3,18.2,57.8,0.0,9.0,June,2023
11163,Nirmal,Kuntala,2023-06-03,0.0,26.0,42.9,21.9,53.8,0.0,0.7,June,2023
11164,Nirmal,Kuntala,2023-06-04,0.0,28.2,43.4,25.7,50.6,0.0,1.1,June,2023
11165,Nirmal,Kuntala,2023-06-05,0.0,21.4,42.8,26.9,81.0,0.0,17.1,June,2023
11166,Nirmal,Kuntala,2023-06-06,0.0,26.6,40.3,29.8,55.6,0.0,0.7,June,2023
11167,Nirmal,Kuntala,2023-06-07,0.0,24.7,43.5,24.4,61.4,0.0,12.6,June,2023
11168,Nirmal,Kuntala,2023-06-08,0.0,28.0,43.4,21.9,58.3,0.0,3.0,June,2023
11169,Nirmal,Kuntala,2023-06-09,0.0,25.6,42.1,26.3,60.1,0.0,0.5,June,2023
11170,Nirmal,Kuntala,2023-06-10,0.0,28.9,43.6,22.5,57.4,0.0,4.0,June,2023
11171,Nirmal,Kuntala,2023-06-11,0.0,25.1,42.0,29.1,83.4,0.0,17.1,June,2023
11172,Nirmal,Kuntala,2023-06-12,0.0,26.0,40.6,32.9,68.0,0.0,3.7,June,2023
11173,Nirmal,Kuntala,2023-06-13,0.0,28.7,42.1,29.4,55.5,0.0,2.9,June,2023
11174,Nirmal,Kuntala,2023-06-14,0.0,28.3,42.4,23.7,59.9,0.0,6.2,June,2023
11175,Nirmal,Kuntala,2023-06-15,0.0,27.9,41.2,26.1,62.5,0.0,6.6,June,2023
11176,Nirmal,Kuntala,2023-06-16,0.0,28.1,41.5,26.6,56.0,0.0,7.7,June,2023
11177,Nirmal,Kuntala,2023-06-17,0.0,29.0,41.3,26.7,59.8,0.0,7.5,June,2023
11178,Nirmal,Kuntala,2023-06-18,0.0,29.0,41.1,31.4,58.0,0.0,10.0,June,2023
11179,Nirmal,Kuntala,2023-06-19,0.0,29.7,41.3,30.1,52.0,0.0,3.4,June,2023
11180,Nirmal,Kuntala,2023-06-20,0.0,30.1,40.1,29.7,55.5,0.0,9.6,June,2023
11181,Nirmal,Kuntala,2023-06-21,0.0,30.4,40.6,29.9,57.6,0.0,7.0,June,2023
11182,Nirmal,Kuntala,2023-06-22,0.3,28.1,40.0,35.5,71.6,0.0,6.8,June,2023
11183,Nirmal,Kuntala,2023-06-23,46.5,22.6,38.5,34.6,91.8,0.0,5.8,June,2023
11184,Nirmal,Kuntala,2023-06-24,0.0,24.8,32.5,64.2,89.4,0.0,9.5,June,2023
11185,Nirmal,Kuntala,2023-06-25,0.0,24.6,33.0,57.4,89.4,0.0,1.9,June,2023
11186,Nirmal,Kuntala,2023-06-26,29.6,23.6,31.8,66.5,92.9,0.0,3.0,June,2023
11187,Nirmal,Kuntala,2023-06-27,22.1,22.9,27.5,80.9,93.6,0.0,3.5,June,2023
11188,Nirmal,Kuntala,2023-06-28,10.9,23.2,27.0,84.7,94.6,0.0,3.4,June,2023
11189,Nirmal,Kuntala,2023-06-29,0.9,24.2,30.8,71.9,93.4,0.0,2.2,June,2023
11190,Nirmal,Kuntala,2023-06-30,0.0,24.4,32.6,60.1,91.3,0.0,7.7,June,2023
11191,Nirmal,Laxmanchanda,2023-06-01,0.0,24.8,40.8,27.0,89.6,0.0,6.5,June,2023
11192,Nirmal,Laxmanchanda,2023-06-02,0.0,25.7,41.9,19.5,67.3,0.0,12.1,June,2023
11193,Nirmal,Laxmanchanda,2023-06-03,0.0,25.6,42.5,19.5,64.4,0.0,11.9,June,2023
11194,Nirmal,Laxmanchanda,2023-06-04,0.0,28.2,43.6,23.2,63.9,0.0,8.5,June,2023
11195,Nirmal,Laxmanchanda,2023-06-05,0.0,22.5,42.3,26.6,89.2,0.0,23.3,June,2023
11196,Nirmal,Laxmanchanda,2023-06-06,0.0,26.9,40.5,26.3,71.6,0.0,10.8,June,2023
11197,Nirmal,Laxmanchanda,2023-06-07,0.0,26.0,40.3,31.3,71.6,0.0,41.9,June,2023
11198,Nirmal,Laxmanchanda,2023-06-08,0.0,28.7,42.7,22.3,63.8,1.2,11.7,June,2023
11199,Nirmal,Laxmanchanda,2023-06-09,0.3,26.5,43.2,23.0,70.6,0.0,14.0,June,2023
11200,Nirmal,Laxmanchanda,2023-06-10,0.0,30.1,42.4,24.2,58.4,1.0,15.2,June,2023
11201,Nirmal,Laxmanchanda,2023-06-11,1.8,24.9,41.5,27.3,85.3,2.4,25.0,June,2023
11202,Nirmal,Laxmanchanda,2023-06-12,0.0,28.1,40.0,34.1,71.2,0.0,14.3,June,2023
11203,Nirmal,Laxmanchanda,2023-06-13,0.0,28.9,41.5,28.5,59.3,0.0,15.7,June,2023
11204,Nirmal,Laxmanchanda,2023-06-14,0.0,29.2,41.5,24.2,61.1,0.0,16.4,June,2023
11205,Nirmal,Laxmanchanda,2023-06-15,0.0,28.5,40.8,25.8,62.0,0.4,17.3,June,2023
11206,Nirmal,Laxmanchanda,2023-06-16,0.0,29.4,40.7,25.6,55.2,1.4,16.0,June,2023
11207,Nirmal,Laxmanchanda,2023-06-17,0.0,29.5,41.1,26.3,60.2,0.0,16.0,June,2023
11208,Nirmal,Laxmanchanda,2023-06-18,0.0,29.8,40.3,31.3,57.5,0.0,15.4,June,2023
11209,Nirmal,Laxmanchanda,2023-06-19,0.0,30.2,40.6,29.8,54.8,0.0,14.7,June,2023
11210,Nirmal,Laxmanchanda,2023-06-20,0.0,29.4,39.7,29.1,59.3,0.0,13.3,June,2023
11211,Nirmal,Laxmanchanda,2023-06-21,0.0,28.6,41.1,30.6,66.1,0.0,16.7,June,2023
11212,Nirmal,Laxmanchanda,2023-06-22,0.0,28.7,39.7,35.8,69.9,0.0,15.4,June,2023
11213,Nirmal,Laxmanchanda,2023-06-23,16.7,22.7,38.7,35.5,97.6,1.9,12.1,June,2023
11214,Nirmal,Laxmanchanda,2023-06-24,21.3,22.6,31.5,69.2,98.7,0.3,9.5,June,2023
11215,Nirmal,Laxmanchanda,2023-06-25,0.1,24.3,32.6,64.9,94.3,0.0,10.3,June,2023
11216,Nirmal,Laxmanchanda,2023-06-26,10.7,24.6,31.4,68.3,97.0,0.0,13.5,June,2023
11217,Nirmal,Laxmanchanda,2023-06-27,10.6,23.5,27.2,80.2,98.2,4.5,12.7,June,2023
11218,Nirmal,Laxmanchanda,2023-06-28,11.1,23.2,27.5,84.0,98.6,3.0,61.8,June,2023
11219,Nirmal,Laxmanchanda,2023-06-29,2.2,25.0,31.7,68.8,97.6,0.0,14.3,June,2023
11220,Nirmal,Laxmanchanda,2023-06-30,0.0,25.3,33.1,57.1,88.0,0.0,16.0,June,2023
11221,Nirmal,Lokeswaram,2023-06-01,0.0,26.3,39.5,29.0,59.9,0.0,0.0,June,2023
11222,Nirmal,Lokeswaram,2023-06-02,0.0,27.3,41.8,19.5,42.6,0.0,0.2,June,2023
11223,Nirmal,Lokeswaram,2023-06-03,0.0,27.5,41.6,22.6,53.3,0.0,0.0,June,2023
11224,Nirmal,Lokeswaram,2023-06-04,3.6,27.4,40.1,28.4,64.0,0.0,0.0,June,2023
11225,Nirmal,Lokeswaram,2023-06-05,6.7,22.1,41.8,27.8,92.0,0.0,0.8,June,2023
11226,Nirmal,Lokeswaram,2023-06-06,0.0,26.8,38.2,34.7,72.0,0.0,0.0,June,2023
11227,Nirmal,Lokeswaram,2023-06-07,0.0,27.4,41.0,26.0,68.1,0.0,0.0,June,2023
11228,Nirmal,Lokeswaram,2023-06-08,0.0,28.8,41.1,26.6,60.9,0.0,6.6,June,2023
11229,Nirmal,Lokeswaram,2023-06-09,0.8,27.7,40.5,29.0,63.5,0.0,0.0,June,2023
11230,Nirmal,Lokeswaram,2023-06-10,0.0,29.6,40.8,24.7,59.4,0.0,0.0,June,2023
11231,Nirmal,Lokeswaram,2023-06-11,9.3,24.3,41.1,28.5,87.9,0.0,0.2,June,2023
11232,Nirmal,Lokeswaram,2023-06-12,0.0,26.4,38.7,36.1,73.4,0.0,0.2,June,2023
11233,Nirmal,Lokeswaram,2023-06-13,0.0,27.8,40.1,32.1,60.9,0.0,0.1,June,2023
11234,Nirmal,Lokeswaram,2023-06-14,0.0,28.4,40.5,28.1,62.5,0.0,11.8,June,2023
11235,Nirmal,Lokeswaram,2023-06-15,0.0,27.3,39.7,32.1,63.9,0.0,0.5,June,2023
11236,Nirmal,Lokeswaram,2023-06-16,0.0,28.3,39.6,26.7,57.3,0.0,0.2,June,2023
11237,Nirmal,Lokeswaram,2023-06-17,1.9,27.0,40.0,28.2,63.6,0.0,9.6,June,2023
11238,Nirmal,Lokeswaram,2023-06-18,0.0,28.8,39.0,33.1,60.9,0.0,0.1,June,2023
11239,Nirmal,Lokeswaram,2023-06-19,0.0,29.4,39.0,31.5,58.4,0.0,0.0,June,2023
11240,Nirmal,Lokeswaram,2023-06-20,0.0,29.0,39.0,30.5,57.9,0.0,0.0,June,2023
11241,Nirmal,Lokeswaram,2023-06-21,0.0,29.8,39.6,33.7,61.5,0.0,0.0,June,2023
11242,Nirmal,Lokeswaram,2023-06-22,0.0,29.2,38.4,28.7,65.1,0.0,0.0,June,2023
11243,Nirmal,Lokeswaram,2023-06-23,2.1,23.9,37.3,29.4,97.3,0.0,0.0,June,2023
11244,Nirmal,Lokeswaram,2023-06-24,20.5,23.0,33.3,57.8,93.6,0.0,0.0,June,2023
11245,Nirmal,Lokeswaram,2023-06-25,0.3,24.5,32.5,57.1,92.2,0.0,0.0,June,2023
11246,Nirmal,Lokeswaram,2023-06-26,18.7,23.6,32.8,52.5,99.5,0.0,0.2,June,2023
11247,Nirmal,Lokeswaram,2023-06-27,13.6,23.4,26.6,83.0,98.9,0.0,0.1,June,2023
11248,Nirmal,Lokeswaram,2023-06-28,13.7,22.7,28.5,79.3,100.0,0.0,0.6,June,2023
11249,Nirmal,Lokeswaram,2023-06-29,1.6,24.3,32.0,67.4,97.3,0.0,0.2,June,2023
11250,Nirmal,Lokeswaram,2023-06-30,0.0,24.5,32.8,52.5,87.1,0.0,0.0,June,2023
11251,Nirmal,Mamda,2023-06-01,0.0,26.9,40.8,19.1,76.9,0.0,8.1,June,2023
11252,Nirmal,Mamda,2023-06-02,0.0,26.4,43.0,10.6,60.0,0.0,14.0,June,2023
11253,Nirmal,Mamda,2023-06-03,0.0,26.8,43.7,10.6,60.9,0.0,12.8,June,2023
11254,Nirmal,Mamda,2023-06-04,0.0,29.0,42.6,21.6,56.6,0.0,8.7,June,2023
11255,Nirmal,Mamda,2023-06-05,0.0,23.4,42.9,19.1,85.5,0.0,38.5,June,2023
11256,Nirmal,Mamda,2023-06-06,0.0,27.5,40.7,18.4,65.3,0.0,11.8,June,2023
11257,Nirmal,Mamda,2023-06-07,9.8,26.4,41.6,17.3,78.8,0.0,12.7,June,2023
11258,Nirmal,Mamda,2023-06-08,0.0,28.3,41.7,11.8,64.0,0.0,15.6,June,2023
11259,Nirmal,Mamda,2023-06-09,0.1,26.8,41.7,14.6,72.0,0.0,13.4,June,2023
11260,Nirmal,Mamda,2023-06-10,0.0,29.6,42.9,15.1,57.3,0.0,16.0,June,2023
11261,Nirmal,Mamda,2023-06-11,0.0,25.4,41.0,20.5,77.4,0.0,25.7,June,2023
11262,Nirmal,Mamda,2023-06-12,0.0,28.4,39.5,33.1,67.4,0.0,18.6,June,2023
11263,Nirmal,Mamda,2023-06-13,0.0,29.1,40.6,20.5,55.5,7.7,19.1,June,2023
11264,Nirmal,Mamda,2023-06-14,0.0,29.0,41.6,20.5,58.2,0.7,17.4,June,2023
11265,Nirmal,Mamda,2023-06-15,0.0,27.8,41.1,16.9,61.4,0.0,17.6,June,2023
11266,Nirmal,Mamda,2023-06-16,0.0,28.5,41.1,14.4,53.7,2.8,17.2,June,2023
11267,Nirmal,Mamda,2023-06-17,0.0,28.7,40.7,16.4,58.7,0.0,18.8,June,2023
11268,Nirmal,Mamda,2023-06-18,0.0,29.0,40.3,21.2,57.3,0.0,17.0,June,2023
11269,Nirmal,Mamda,2023-06-19,0.0,29.9,41.9,20.5,50.8,0.0,15.8,June,2023
11270,Nirmal,Mamda,2023-06-20,0.0,28.6,40.7,18.4,58.7,0.0,15.0,June,2023
11271,Nirmal,Mamda,2023-06-21,0.0,28.0,40.3,22.5,66.0,0.0,16.2,June,2023
11272,Nirmal,Mamda,2023-06-22,1.6,26.0,39.6,27.2,77.4,0.0,11.5,June,2023
11273,Nirmal,Mamda,2023-06-23,27.6,21.7,40.7,29.0,100.0,0.0,14.2,June,2023
11274,Nirmal,Mamda,2023-06-24,6.3,22.8,31.3,72.4,100.0,0.0,7.1,June,2023
11275,Nirmal,Mamda,2023-06-25,0.0,23.9,31.9,67.5,100.0,0.0,7.4,June,2023
11276,Nirmal,Mamda,2023-06-26,11.3,23.5,30.5,73.1,100.0,0.0,21.9,June,2023
11277,Nirmal,Mamda,2023-06-27,13.2,22.6,27.8,85.9,100.0,0.0,16.3,June,2023
11278,Nirmal,Mamda,2023-06-28,9.2,22.5,27.9,87.0,100.0,0.0,15.1,June,2023
11279,Nirmal,Mamda,2023-06-29,2.2,23.9,32.7,68.8,100.0,0.0,12.8,June,2023
11280,Nirmal,Mamda,2023-06-30,0.0,24.3,33.0,61.1,94.7,0.0,18.0,June,2023
11281,Nirmal,Mudhole,2023-06-01,0.0,27.2,40.2,16.5,57.4,0.0,8.4,June,2023
11282,Nirmal,Mudhole,2023-06-02,0.0,28.5,41.7,9.8,45.5,0.0,3.8,June,2023
11283,Nirmal,Mudhole,2023-06-03,0.0,28.3,41.4,12.1,45.3,0.0,8.4,June,2023
11284,Nirmal,Mudhole,2023-06-04,2.0,25.5,42.0,14.6,76.8,0.0,11.9,June,2023
11285,Nirmal,Mudhole,2023-06-05,9.8,22.3,40.4,18.8,100.0,0.0,5.2,June,2023
11286,Nirmal,Mudhole,2023-06-06,0.0,26.6,38.4,27.9,69.7,0.0,6.1,June,2023
11287,Nirmal,Mudhole,2023-06-07,0.0,27.8,40.9,16.7,59.9,0.0,8.1,June,2023
11288,Nirmal,Mudhole,2023-06-08,0.0,28.0,41.1,18.1,58.2,0.0,9.7,June,2023
11289,Nirmal,Mudhole,2023-06-09,0.0,27.4,40.6,20.2,53.9,0.0,9.6,June,2023
11290,Nirmal,Mudhole,2023-06-10,0.0,29.3,41.1,15.3,57.2,0.0,12.6,June,2023
11291,Nirmal,Mudhole,2023-06-11,5.6,24.7,40.0,19.5,88.0,0.0,7.7,June,2023
11292,Nirmal,Mudhole,2023-06-12,0.0,26.1,38.5,29.9,74.1,0.0,7.9,June,2023
11293,Nirmal,Mudhole,2023-06-13,0.0,27.8,39.4,23.7,55.3,0.0,6.1,June,2023
11294,Nirmal,Mudhole,2023-06-14,0.0,28.1,40.2,20.2,59.6,0.0,12.7,June,2023
11295,Nirmal,Mudhole,2023-06-15,0.0,27.3,39.2,23.7,61.0,2.3,7.8,June,2023
11296,Nirmal,Mudhole,2023-06-16,0.0,27.7,39.6,16.0,54.8,0.0,5.9,June,2023
11297,Nirmal,Mudhole,2023-06-17,0.0,28.1,39.6,19.5,61.6,4.2,13.5,June,2023
11298,Nirmal,Mudhole,2023-06-18,0.0,28.3,39.0,24.3,59.2,0.0,7.5,June,2023
11299,Nirmal,Mudhole,2023-06-19,0.0,28.8,39.2,23.0,56.7,0.0,10.1,June,2023
11300,Nirmal,Mudhole,2023-06-20,0.0,28.8,38.6,21.3,54.8,0.0,11.1,June,2023
11301,Nirmal,Mudhole,2023-06-21,0.0,29.4,39.0,26.2,59.6,0.0,9.6,June,2023
11302,Nirmal,Mudhole,2023-06-22,0.0,29.1,38.4,25.0,60.6,0.0,9.6,June,2023
11303,Nirmal,Mudhole,2023-06-23,0.3,24.6,37.6,26.9,100.0,0.0,9.6,June,2023
11304,Nirmal,Mudhole,2023-06-24,32.7,23.2,34.2,54.3,100.0,0.0,9.5,June,2023
11305,Nirmal,Mudhole,2023-06-25,0.0,24.4,31.5,66.9,99.9,0.0,4.6,June,2023
11306,Nirmal,Mudhole,2023-06-26,31.3,23.6,32.9,53.8,100.0,0.0,4.7,June,2023
11307,Nirmal,Mudhole,2023-06-27,10.6,23.4,26.6,83.0,100.0,0.0,3.9,June,2023
11308,Nirmal,Mudhole,2023-06-28,18.3,22.8,28.0,82.1,100.0,0.0,5.9,June,2023
11309,Nirmal,Mudhole,2023-06-29,5.8,23.7,31.1,70.0,100.0,0.0,6.4,June,2023
11310,Nirmal,Mudhole,2023-06-30,0.0,24.0,32.5,58.2,89.4,0.0,7.3,June,2023
11311,Nirmal,Narsapur_G,2023-06-01,0.0,25.6,40.2,30.6,70.6,0.0,10.8,June,2023
11312,Nirmal,Narsapur_G,2023-06-02,0.0,26.1,43.9,20.6,50.9,0.0,12.9,June,2023
11313,Nirmal,Narsapur_G,2023-06-03,0.0,28.2,42.0,23.0,52.2,0.0,17.2,June,2023
11314,Nirmal,Narsapur_G,2023-06-04,0.0,29.9,42.8,25.7,49.2,0.0,14.6,June,2023
11315,Nirmal,Narsapur_G,2023-06-05,1.8,23.3,42.1,29.6,95.2,0.0,20.7,June,2023
11316,Nirmal,Narsapur_G,2023-06-06,0.0,26.6,40.0,30.0,59.6,0.0,15.2,June,2023
11317,Nirmal,Narsapur_G,2023-06-07,2.8,24.7,40.6,29.3,70.1,0.0,12.7,June,2023
11318,Nirmal,Narsapur_G,2023-06-08,0.0,28.5,42.1,23.0,60.0,0.0,18.1,June,2023
11319,Nirmal,Narsapur_G,2023-06-09,4.8,25.2,40.5,27.4,79.7,0.0,16.9,June,2023
11320,Nirmal,Narsapur_G,2023-06-10,0.0,27.5,41.1,26.1,64.1,0.0,18.7,June,2023
11321,Nirmal,Narsapur_G,2023-06-11,7.5,24.6,40.4,31.2,87.2,0.0,17.7,June,2023
11322,Nirmal,Narsapur_G,2023-06-12,0.0,26.6,39.0,36.5,74.2,0.0,14.1,June,2023
11323,Nirmal,Narsapur_G,2023-06-13,0.0,27.9,40.3,31.9,60.4,0.0,18.2,June,2023
11324,Nirmal,Narsapur_G,2023-06-14,0.0,28.7,41.0,27.4,61.4,0.0,17.6,June,2023
11325,Nirmal,Narsapur_G,2023-06-15,0.0,26.9,39.5,29.3,70.6,0.0,26.9,June,2023
11326,Nirmal,Narsapur_G,2023-06-16,0.0,28.4,40.4,29.3,57.7,0.0,18.5,June,2023
11327,Nirmal,Narsapur_G,2023-06-17,0.0,29.1,41.5,26.8,61.4,0.0,18.1,June,2023
11328,Nirmal,Narsapur_G,2023-06-18,0.0,29.2,40.2,34.4,58.6,0.0,20.6,June,2023
11329,Nirmal,Narsapur_G,2023-06-19,0.0,30.0,41.3,30.0,52.6,0.0,17.1,June,2023
11330,Nirmal,Narsapur_G,2023-06-20,0.0,30.3,39.5,31.0,57.7,0.0,19.1,June,2023
11331,Nirmal,Narsapur_G,2023-06-21,0.0,30.3,40.7,31.2,59.6,0.0,14.6,June,2023
11332,Nirmal,Narsapur_G,2023-06-22,0.0,29.2,38.5,37.8,68.1,0.0,14.2,June,2023
11333,Nirmal,Narsapur_G,2023-06-23,24.8,23.3,38.4,37.0,97.4,0.0,18.2,June,2023
11334,Nirmal,Narsapur_G,2023-06-24,0.8,24.0,32.4,67.8,91.3,0.0,10.4,June,2023
11335,Nirmal,Narsapur_G,2023-06-25,0.0,24.6,32.7,58.2,92.6,0.0,10.6,June,2023
11336,Nirmal,Narsapur_G,2023-06-26,5.7,23.9,31.8,69.1,96.5,0.0,24.3,June,2023
11337,Nirmal,Narsapur_G,2023-06-27,15.5,23.2,27.3,83.3,99.6,0.0,15.2,June,2023
11338,Nirmal,Narsapur_G,2023-06-28,20.2,22.9,27.2,86.7,100.0,0.0,14.3,June,2023
11339,Nirmal,Narsapur_G,2023-06-29,2.0,24.0,30.3,75.4,98.3,0.0,14.3,June,2023
11340,Nirmal,Narsapur_G,2023-06-30,0.0,24.5,32.7,61.0,93.4,0.0,17.4,June,2023
11341,Nirmal,Nirmal,2023-06-01,0.0,25.8,39.5,30.8,81.9,0.0,23.0,June,2023
11342,Nirmal,Nirmal,2023-06-02,0.0,26.6,40.9,13.2,54.1,0.0,26.2,June,2023
11343,Nirmal,Nirmal,2023-06-03,0.0,29.6,40.3,15.0,47.7,0.0,30.8,June,2023
11344,Nirmal,Nirmal,2023-06-04,0.0,29.7,40.5,22.2,51.8,0.0,23.8,June,2023
11345,Nirmal,Nirmal,2023-06-05,1.6,23.3,39.7,22.6,97.3,0.3,26.6,June,2023
11346,Nirmal,Nirmal,2023-06-06,0.0,26.7,37.8,32.1,70.0,0.0,22.3,June,2023
11347,Nirmal,Nirmal,2023-06-07,0.0,26.7,39.7,29.0,73.3,0.0,22.3,June,2023
11348,Nirmal,Nirmal,2023-06-08,0.0,28.7,40.1,23.9,51.2,2.4,23.9,June,2023
11349,Nirmal,Nirmal,2023-06-09,0.0,27.2,41.3,23.5,59.1,0.0,27.9,June,2023
11350,Nirmal,Nirmal,2023-06-10,0.0,29.3,39.7,23.9,55.0,0.0,24.6,June,2023
11351,Nirmal,Nirmal,2023-06-11,0.4,26.0,39.7,26.4,88.1,3.2,27.5,June,2023
11352,Nirmal,Nirmal,2023-06-12,0.0,27.2,38.3,39.6,76.7,0.0,29.8,June,2023
11353,Nirmal,Nirmal,2023-06-13,0.0,28.8,38.8,33.4,58.2,0.0,21.9,June,2023
11354,Nirmal,Nirmal,2023-06-14,0.0,28.7,39.4,19.4,58.2,0.0,23.5,June,2023
11355,Nirmal,Nirmal,2023-06-15,0.0,28.1,39.1,23.3,62.8,0.0,31.8,June,2023
11356,Nirmal,Nirmal,2023-06-16,0.0,28.8,38.5,22.6,53.1,3.4,30.2,June,2023
11357,Nirmal,Nirmal,2023-06-17,0.0,29.3,39.2,21.4,56.4,0.0,23.3,June,2023
11358,Nirmal,Nirmal,2023-06-18,0.0,29.6,38.3,27.7,53.6,0.0,30.3,June,2023
11359,Nirmal,Nirmal,2023-06-19,0.0,30.6,38.0,26.4,47.0,0.0,25.7,June,2023
11360,Nirmal,Nirmal,2023-06-20,0.0,30.7,38.3,25.1,51.7,4.5,32.6,June,2023
11361,Nirmal,Nirmal,2023-06-21,0.0,30.5,38.6,27.7,55.0,2.9,21.5,June,2023
11362,Nirmal,Nirmal,2023-06-22,0.0,28.7,38.4,32.1,69.1,0.0,22.0,June,2023
11363,Nirmal,Nirmal,2023-06-23,29.0,23.3,37.0,33.1,100.0,0.0,29.1,June,2023
11364,Nirmal,Nirmal,2023-06-24,7.4,24.4,30.2,76.7,99.5,0.7,20.6,June,2023
11365,Nirmal,Nirmal,2023-06-25,0.0,24.4,31.8,62.4,100.0,0.0,19.6,June,2023
11366,Nirmal,Nirmal,2023-06-26,11.0,24.3,29.8,79.7,97.9,0.0,28.0,June,2023
11367,Nirmal,Nirmal,2023-06-27,7.2,23.3,26.9,87.1,100.0,0.0,23.9,June,2023
11368,Nirmal,Nirmal,2023-06-28,3.6,23.0,27.0,83.7,100.0,2.8,23.1,June,2023
11369,Nirmal,Nirmal,2023-06-29,0.0,24.5,30.5,88.6,100.0,0.0,20.6,June,2023
11370,Nirmal,Nirmal,2023-06-30,0.0,24.7,32.4,65.4,100.0,0.0,18.6,June,2023
11371,Nirmal,Nirmal_Rural,2023-06-01,0.0,25.7,39.5,28.4,80.9,0.0,8.3,June,2023
11372,Nirmal,Nirmal_Rural,2023-06-02,0.0,27.3,41.7,16.2,57.4,0.0,4.0,June,2023
11373,Nirmal,Nirmal_Rural,2023-06-03,0.0,28.9,41.8,16.8,54.2,0.0,16.3,June,2023
11374,Nirmal,Nirmal_Rural,2023-06-04,0.0,30.0,41.8,24.4,54.1,0.0,5.8,June,2023
11375,Nirmal,Nirmal_Rural,2023-06-05,1.7,23.0,42.1,23.9,92.2,0.0,15.0,June,2023
11376,Nirmal,Nirmal_Rural,2023-06-06,0.0,27.1,39.6,25.5,64.2,0.0,13.6,June,2023
11377,Nirmal,Nirmal_Rural,2023-06-07,0.0,26.8,40.2,27.7,68.7,0.0,22.3,June,2023
11378,Nirmal,Nirmal_Rural,2023-06-08,0.0,29.1,41.7,21.4,55.8,2.4,23.9,June,2023
11379,Nirmal,Nirmal_Rural,2023-06-09,1.2,26.9,42.5,22.2,63.7,0.0,3.9,June,2023
11380,Nirmal,Nirmal_Rural,2023-06-10,0.0,29.4,41.7,22.7,54.1,0.0,12.5,June,2023
11381,Nirmal,Nirmal_Rural,2023-06-11,0.6,25.7,41.4,26.5,82.3,0.0,11.2,June,2023
11382,Nirmal,Nirmal_Rural,2023-06-12,0.0,27.3,40.4,32.1,71.1,0.0,10.1,June,2023
11383,Nirmal,Nirmal_Rural,2023-06-13,0.0,28.6,41.6,26.3,55.7,0.0,13.2,June,2023
11384,Nirmal,Nirmal_Rural,2023-06-14,0.0,28.7,41.7,21.2,57.0,0.0,11.6,June,2023
11385,Nirmal,Nirmal_Rural,2023-06-15,0.4,28.0,40.3,24.4,61.2,0.0,14.1,June,2023
11386,Nirmal,Nirmal_Rural,2023-06-16,0.0,28.1,39.9,23.2,53.0,3.4,30.2,June,2023
11387,Nirmal,Nirmal_Rural,2023-06-17,0.0,28.9,40.8,23.0,57.1,0.0,14.5,June,2023
11388,Nirmal,Nirmal_Rural,2023-06-18,0.0,29.5,39.9,27.6,54.2,0.0,13.8,June,2023
11389,Nirmal,Nirmal_Rural,2023-06-19,0.0,30.0,41.7,24.5,47.9,0.0,11.7,June,2023
11390,Nirmal,Nirmal_Rural,2023-06-20,0.0,28.9,40.3,23.9,53.1,0.0,10.0,June,2023
11391,Nirmal,Nirmal_Rural,2023-06-21,0.0,29.4,41.0,27.3,60.0,0.0,7.1,June,2023
11392,Nirmal,Nirmal_Rural,2023-06-22,0.3,28.4,39.0,33.0,67.9,0.0,8.2,June,2023
11393,Nirmal,Nirmal_Rural,2023-06-23,21.5,22.9,39.1,29.9,100.0,0.0,7.7,June,2023
11394,Nirmal,Nirmal_Rural,2023-06-24,21.6,22.9,31.7,64.9,100.0,0.0,15.9,June,2023
11395,Nirmal,Nirmal_Rural,2023-06-25,0.0,24.3,32.8,62.2,96.7,0.0,1.3,June,2023
11396,Nirmal,Nirmal_Rural,2023-06-26,12.1,24.0,32.1,64.5,97.7,0.0,11.0,June,2023
11397,Nirmal,Nirmal_Rural,2023-06-27,12.3,23.3,27.0,81.0,100.0,0.0,8.0,June,2023
11398,Nirmal,Nirmal_Rural,2023-06-28,12.3,22.9,28.1,83.5,100.0,0.9,12.4,June,2023
11399,Nirmal,Nirmal_Rural,2023-06-29,4.6,24.2,31.4,66.3,100.0,0.0,12.3,June,2023
11400,Nirmal,Nirmal_Rural,2023-06-30,0.0,24.9,32.9,54.8,90.3,0.0,8.9,June,2023
11401,Nirmal,Pembi,2023-06-01,0.0,26.3,40.2,21.6,75.6,0.0,8.1,June,2023
11402,Nirmal,Pembi,2023-06-02,0.0,24.1,42.4,10.8,65.2,0.0,14.0,June,2023
11403,Nirmal,Pembi,2023-06-03,0.0,26.6,42.1,12.2,44.4,0.0,12.8,June,2023
11404,Nirmal,Pembi,2023-06-04,7.5,25.4,40.7,20.9,63.9,0.0,4.4,June,2023
11405,Nirmal,Pembi,2023-06-05,3.0,22.4,40.1,20.9,100.0,0.0,19.3,June,2023
11406,Nirmal,Pembi,2023-06-06,0.0,25.8,40.0,19.6,79.8,0.0,11.8,June,2023
11407,Nirmal,Pembi,2023-06-07,1.7,24.9,39.8,23.7,81.0,0.0,6.5,June,2023
11408,Nirmal,Pembi,2023-06-08,0.0,28.5,42.0,14.9,55.2,0.0,4.5,June,2023
11409,Nirmal,Pembi,2023-06-09,0.0,25.9,41.7,16.8,61.7,0.0,8.0,June,2023
11410,Nirmal,Pembi,2023-06-10,0.0,28.3,42.4,16.3,64.2,0.0,8.1,June,2023
11411,Nirmal,Pembi,2023-06-11,12.1,26.3,40.0,25.8,95.1,0.0,8.6,June,2023
11412,Nirmal,Pembi,2023-06-12,8.4,27.1,39.8,26.5,83.8,0.0,18.6,June,2023
11413,Nirmal,Pembi,2023-06-13,0.0,28.1,40.4,22.3,65.3,0.0,9.7,June,2023
11414,Nirmal,Pembi,2023-06-14,0.0,30.6,40.8,16.1,44.4,0.0,17.4,June,2023
11415,Nirmal,Pembi,2023-06-15,0.0,30.3,40.9,17.5,45.6,0.0,7.5,June,2023
11416,Nirmal,Pembi,2023-06-16,0.0,30.9,40.7,15.4,38.7,0.0,13.9,June,2023
11417,Nirmal,Pembi,2023-06-17,0.0,31.1,41.0,16.1,43.6,0.0,9.3,June,2023
11418,Nirmal,Pembi,2023-06-18,0.0,30.7,40.6,20.2,45.0,0.0,5.5,June,2023
11419,Nirmal,Pembi,2023-06-19,0.0,30.6,40.8,19.6,43.3,0.0,8.0,June,2023
11420,Nirmal,Pembi,2023-06-20,0.0,31.5,40.9,18.9,41.3,0.0,7.5,June,2023
11421,Nirmal,Pembi,2023-06-21,0.0,28.7,41.0,21.8,59.7,0.0,16.2,June,2023
11422,Nirmal,Pembi,2023-06-22,5.8,27.8,39.9,25.8,81.2,0.0,5.9,June,2023
11423,Nirmal,Pembi,2023-06-23,7.5,23.6,38.0,26.9,100.0,0.0,5.1,June,2023
11424,Nirmal,Pembi,2023-06-24,0.2,24.8,30.0,77.7,96.9,0.0,3.5,June,2023
11425,Nirmal,Pembi,2023-06-25,0.0,24.7,30.1,75.6,92.3,0.0,6.9,June,2023
11426,Nirmal,Pembi,2023-06-26,6.9,24.5,31.3,74.1,100.0,0.0,3.2,June,2023
11427,Nirmal,Pembi,2023-06-27,23.7,23.5,27.5,85.1,97.6,0.0,7.7,June,2023
11428,Nirmal,Pembi,2023-06-28,12.7,23.9,26.7,88.2,97.5,0.0,8.5,June,2023
11429,Nirmal,Pembi,2023-06-29,0.0,25.1,31.3,71.2,100.0,0.0,12.7,June,2023
11430,Nirmal,Pembi,2023-06-30,0.0,26.4,33.1,53.6,100.0,0.0,15.1,June,2023
11431,Nirmal,Sarangapur,2023-06-01,0.0,23.1,40.6,33.1,88.1,0.0,8.1,June,2023
11432,Nirmal,Sarangapur,2023-06-02,0.0,23.4,42.6,12.6,75.6,0.0,13.9,June,2023
11433,Nirmal,Sarangapur,2023-06-03,0.0,25.3,42.6,13.3,68.3,0.0,10.2,June,2023
11434,Nirmal,Sarangapur,2023-06-04,0.7,26.2,41.1,17.8,59.8,0.0,8.4,June,2023
11435,Nirmal,Sarangapur,2023-06-05,2.5,20.6,41.3,23.9,100.0,0.0,7.0,June,2023
11436,Nirmal,Sarangapur,2023-06-06,0.0,25.5,40.4,31.8,72.9,0.0,11.4,June,2023
11437,Nirmal,Sarangapur,2023-06-07,0.0,23.5,42.0,23.3,85.3,0.0,10.1,June,2023
11438,Nirmal,Sarangapur,2023-06-08,0.0,26.4,42.8,15.7,69.6,0.0,6.3,June,2023
11439,Nirmal,Sarangapur,2023-06-09,0.0,25.2,42.4,18.3,69.0,0.0,7.2,June,2023
11440,Nirmal,Sarangapur,2023-06-10,1.7,26.8,43.4,20.8,67.8,0.0,14.3,June,2023
11441,Nirmal,Sarangapur,2023-06-11,0.0,25.4,42.0,25.8,83.1,0.0,13.6,June,2023
11442,Nirmal,Sarangapur,2023-06-12,0.0,25.6,39.6,36.3,77.0,0.0,14.6,June,2023
11443,Nirmal,Sarangapur,2023-06-13,0.0,26.9,40.5,30.2,64.6,0.0,16.7,June,2023
11444,Nirmal,Sarangapur,2023-06-14,0.0,28.2,42.2,13.9,63.7,0.0,16.3,June,2023
11445,Nirmal,Sarangapur,2023-06-15,0.0,27.1,41.2,18.9,66.9,0.0,19.2,June,2023
11446,Nirmal,Sarangapur,2023-06-16,0.0,28.1,41.3,18.9,59.4,0.0,10.8,June,2023
11447,Nirmal,Sarangapur,2023-06-17,0.0,28.8,40.6,18.3,63.7,0.0,11.5,June,2023
11448,Nirmal,Sarangapur,2023-06-18,0.0,29.1,40.6,25.1,61.8,0.1,18.4,June,2023
11449,Nirmal,Sarangapur,2023-06-19,0.0,28.5,41.4,23.3,56.5,0.0,14.5,June,2023
11450,Nirmal,Sarangapur,2023-06-20,0.0,28.1,40.9,20.1,59.9,0.0,15.2,June,2023
11451,Nirmal,Sarangapur,2023-06-21,0.0,29.2,41.1,22.0,63.7,0.0,10.8,June,2023
11452,Nirmal,Sarangapur,2023-06-22,4.9,26.4,40.5,30.8,86.7,0.0,14.3,June,2023
11453,Nirmal,Sarangapur,2023-06-23,17.1,22.7,37.2,40.2,100.0,0.0,17.1,June,2023
11454,Nirmal,Sarangapur,2023-06-24,0.0,24.2,31.6,74.7,100.0,0.2,9.9,June,2023
11455,Nirmal,Sarangapur,2023-06-25,0.0,23.7,32.7,68.9,100.0,0.0,5.7,June,2023
11456,Nirmal,Sarangapur,2023-06-26,4.8,23.9,29.5,80.1,100.0,0.0,10.2,June,2023
11457,Nirmal,Sarangapur,2023-06-27,9.2,22.6,27.4,86.0,100.0,0.0,10.6,June,2023
11458,Nirmal,Sarangapur,2023-06-28,14.3,23.0,27.1,93.8,100.0,0.0,8.4,June,2023
11459,Nirmal,Sarangapur,2023-06-29,0.0,24.2,32.7,71.7,100.0,0.0,6.7,June,2023
11460,Nirmal,Sarangapur,2023-06-30,0.0,23.9,32.9,60.4,100.0,0.0,10.3,June,2023
11461,Nirmal,Soan,2023-06-01,0.0,25.4,39.5,29.3,84.8,0.0,2.7,June,2023
11462,Nirmal,Soan,2023-06-02,0.0,26.0,41.7,21.2,68.2,0.0,8.1,June,2023
11463,Nirmal,Soan,2023-06-03,0.0,26.1,41.7,20.3,73.3,0.0,9.4,June,2023
11464,Nirmal,Soan,2023-06-04,0.0,29.0,41.4,28.2,77.0,0.0,5.4,June,2023
11465,Nirmal,Soan,2023-06-05,0.0,23.3,41.8,26.8,89.3,0.0,11.4,June,2023
11466,Nirmal,Soan,2023-06-06,0.0,27.2,40.2,28.6,76.1,0.0,9.9,June,2023
11467,Nirmal,Soan,2023-06-07,0.0,27.5,40.8,28.0,78.3,0.0,25.4,June,2023
11468,Nirmal,Soan,2023-06-08,0.0,29.1,41.9,23.3,62.3,1.2,11.7,June,2023
11469,Nirmal,Soan,2023-06-09,0.0,28.0,41.5,26.8,69.9,0.0,6.5,June,2023
11470,Nirmal,Soan,2023-06-10,0.0,28.1,41.1,26.6,62.3,0.5,13.9,June,2023
11471,Nirmal,Soan,2023-06-11,0.9,25.8,42.3,26.8,81.9,1.2,18.1,June,2023
11472,Nirmal,Soan,2023-06-12,0.0,28.2,40.5,30.7,66.3,0.0,10.0,June,2023
11473,Nirmal,Soan,2023-06-13,0.0,28.9,40.9,29.3,58.9,0.0,14.0,June,2023
11474,Nirmal,Soan,2023-06-14,0.0,28.7,41.8,24.7,61.8,0.0,14.0,June,2023
11475,Nirmal,Soan,2023-06-15,0.0,28.3,40.8,28.6,63.8,0.2,15.3,June,2023
11476,Nirmal,Soan,2023-06-16,0.0,29.0,40.3,23.1,57.9,1.4,16.0,June,2023
11477,Nirmal,Soan,2023-06-17,0.0,28.9,41.0,25.2,63.8,0.0,14.8,June,2023
11478,Nirmal,Soan,2023-06-18,0.0,29.5,40.2,30.7,57.3,0.0,10.4,June,2023
11479,Nirmal,Soan,2023-06-19,0.0,29.8,40.9,29.3,57.9,0.0,13.2,June,2023
11480,Nirmal,Soan,2023-06-20,0.0,29.1,40.5,27.3,64.3,0.0,8.9,June,2023
11481,Nirmal,Soan,2023-06-21,0.0,28.8,40.7,31.4,64.3,0.0,11.2,June,2023
11482,Nirmal,Soan,2023-06-22,0.0,29.0,40.3,34.2,66.8,0.0,8.4,June,2023
11483,Nirmal,Soan,2023-06-23,4.4,23.5,38.4,35.2,97.2,0.6,6.7,June,2023
11484,Nirmal,Soan,2023-06-24,29.0,23.7,31.4,67.7,89.2,0.1,7.2,June,2023
11485,Nirmal,Soan,2023-06-25,0.0,25.1,32.5,62.3,89.2,0.0,3.4,June,2023
11486,Nirmal,Soan,2023-06-26,0.9,24.5,31.9,63.3,93.0,0.0,8.3,June,2023
11487,Nirmal,Soan,2023-06-27,12.9,23.4,26.6,82.8,98.7,1.5,7.2,June,2023
11488,Nirmal,Soan,2023-06-28,12.4,23.0,27.7,83.7,100.0,0.8,37.1,June,2023
11489,Nirmal,Soan,2023-06-29,1.0,25.4,31.7,67.3,94.9,0.0,9.7,June,2023
11490,Nirmal,Soan,2023-06-30,0.0,25.6,32.9,57.8,84.6,0.0,7.3,June,2023
11491,Nirmal,Tanur,2023-06-01,0.0,29.5,43.5,20.8,62.7,0.0,0.0,June,2023
11492,Nirmal,Tanur,2023-06-02,0.0,26.9,43.1,16.0,47.6,0.0,0.0,June,2023
11493,Nirmal,Tanur,2023-06-03,0.0,27.7,42.1,19.4,43.5,0.0,0.0,June,2023
11494,Nirmal,Tanur,2023-06-04,7.2,23.5,42.4,19.2,78.3,0.0,0.0,June,2023
11495,Nirmal,Tanur,2023-06-05,5.7,22.5,41.1,22.7,93.3,0.0,10.8,June,2023
11496,Nirmal,Tanur,2023-06-06,0.0,25.5,38.9,29.0,66.8,0.0,6.0,June,2023
11497,Nirmal,Tanur,2023-06-07,0.0,27.9,41.8,21.5,52.7,0.0,0.0,June,2023
11498,Nirmal,Tanur,2023-06-08,0.0,27.8,41.7,21.3,55.1,0.0,0.0,June,2023
11499,Nirmal,Tanur,2023-06-09,1.0,27.1,41.1,25.5,54.2,0.0,0.0,June,2023
11500,Nirmal,Tanur,2023-06-10,0.0,29.6,41.7,20.8,54.1,0.0,0.0,June,2023
11501,Nirmal,Tanur,2023-06-11,1.5,24.7,41.9,24.1,83.7,0.0,0.0,June,2023
11502,Nirmal,Tanur,2023-06-12,0.0,27.4,39.8,31.0,65.6,0.0,4.7,June,2023
11503,Nirmal,Tanur,2023-06-13,0.0,28.3,40.6,26.2,53.6,0.0,0.0,June,2023
11504,Nirmal,Tanur,2023-06-14,0.0,28.2,41.4,24.1,58.1,0.0,0.0,June,2023
11505,Nirmal,Tanur,2023-06-15,0.0,27.0,39.7,29.6,63.0,0.0,0.0,June,2023
11506,Nirmal,Tanur,2023-06-16,0.0,28.1,39.3,26.2,53.1,0.0,0.0,June,2023
11507,Nirmal,Tanur,2023-06-17,0.0,28.4,40.5,24.8,59.1,0.0,0.0,June,2023
11508,Nirmal,Tanur,2023-06-18,0.0,28.6,39.8,29.0,57.6,0.0,0.0,June,2023
11509,Nirmal,Tanur,2023-06-19,0.0,29.2,39.5,29.0,55.6,0.0,0.0,June,2023
11510,Nirmal,Tanur,2023-06-20,0.0,29.0,39.0,26.9,53.6,0.0,0.0,June,2023
11511,Nirmal,Tanur,2023-06-21,0.0,29.7,39.2,30.8,57.6,0.0,0.0,June,2023
11512,Nirmal,Tanur,2023-06-22,0.0,30.1,39.4,30.8,55.6,0.0,0.0,June,2023
11513,Nirmal,Tanur,2023-06-23,0.3,25.3,38.5,30.8,81.4,0.0,0.0,June,2023
11514,Nirmal,Tanur,2023-06-24,0.0,25.2,36.7,54.3,87.7,0.0,9.5,June,2023
11515,Nirmal,Tanur,2023-06-25,0.0,25.8,32.7,58.1,81.2,0.0,10.8,June,2023
11516,Nirmal,Tanur,2023-06-26,34.6,23.7,33.7,57.0,95.1,0.0,11.4,June,2023
11517,Nirmal,Tanur,2023-06-27,10.5,23.5,26.6,81.7,97.5,0.9,15.3,June,2023
11518,Nirmal,Tanur,2023-06-28,14.9,22.9,28.2,78.0,97.9,2.5,14.6,June,2023
11519,Nirmal,Tanur,2023-06-29,7.6,23.7,30.9,69.3,97.0,0.0,14.2,June,2023
11520,Nirmal,Tanur,2023-06-30,0.0,24.2,32.5,58.6,89.1,0.4,17.1,June,2023
11521,Nizamabad,30,2023-06-01,0.0,25.5,37.3,34.5,65.4,0.0,1.9,June,2023
11522,Nizamabad,30,2023-06-02,0.0,27.6,39.5,22.8,57.0,0.0,1.5,June,2023
11523,Nizamabad,30,2023-06-03,0.0,27.4,40.6,23.5,52.4,0.0,10.4,June,2023
11524,Nizamabad,30,2023-06-04,0.0,28.8,40.2,28.0,56.5,0.0,14.6,June,2023
11525,Nizamabad,30,2023-06-05,7.8,23.2,39.4,33.3,96.7,0.0,15.7,June,2023
11526,Nizamabad,30,2023-06-06,0.0,26.8,37.3,33.7,65.6,0.0,2.9,June,2023
11527,Nizamabad,30,2023-06-07,1.3,27.8,38.8,34.5,65.0,0.0,13.1,June,2023
11528,Nizamabad,30,2023-06-08,0.0,28.2,39.5,28.7,63.6,0.0,7.8,June,2023
11529,Nizamabad,30,2023-06-09,0.0,28.0,40.2,28.1,56.9,0.0,11.9,June,2023
11530,Nizamabad,30,2023-06-10,0.0,28.5,39.9,26.4,64.1,0.0,13.1,June,2023
11531,Nizamabad,30,2023-06-11,0.0,25.7,39.3,32.4,83.0,0.0,16.7,June,2023
11532,Nizamabad,30,2023-06-12,0.0,27.3,38.0,33.8,65.3,0.0,15.2,June,2023
11533,Nizamabad,30,2023-06-13,0.0,27.5,39.6,32.0,60.1,0.0,10.2,June,2023
11534,Nizamabad,30,2023-06-14,0.0,28.0,39.6,26.6,62.2,0.0,13.3,June,2023
11535,Nizamabad,30,2023-06-15,0.0,27.0,39.4,29.5,63.5,0.0,14.5,June,2023
11536,Nizamabad,30,2023-06-16,0.0,28.2,38.7,28.4,56.9,0.0,12.3,June,2023
11537,Nizamabad,30,2023-06-17,3.3,27.2,39.9,26.4,65.4,0.0,9.6,June,2023
11538,Nizamabad,30,2023-06-18,0.0,28.5,38.1,34.0,61.7,0.0,12.1,June,2023
11539,Nizamabad,30,2023-06-19,0.0,29.3,38.5,33.3,60.0,0.0,15.2,June,2023
11540,Nizamabad,30,2023-06-20,0.0,28.4,38.4,32.7,60.1,0.0,11.9,June,2023
11541,Nizamabad,30,2023-06-21,0.0,29.4,38.5,34.1,61.2,0.0,8.1,June,2023
11542,Nizamabad,30,2023-06-22,0.0,28.4,38.1,38.2,64.9,0.0,5.9,June,2023
11543,Nizamabad,30,2023-06-23,2.5,24.5,36.5,30.7,96.3,0.0,3.0,June,2023
11544,Nizamabad,30,2023-06-24,1.8,24.9,32.5,65.2,94.4,0.0,1.2,June,2023
11545,Nizamabad,30,2023-06-25,15.5,23.9,32.0,56.5,99.8,0.0,8.3,June,2023
11546,Nizamabad,30,2023-06-26,3.8,24.8,32.7,65.7,98.9,0.0,11.7,June,2023
11547,Nizamabad,30,2023-06-27,12.3,23.7,26.4,87.0,100.0,0.0,7.1,June,2023
11548,Nizamabad,30,2023-06-28,7.0,23.1,28.3,83.2,100.0,0.0,10.6,June,2023
11549,Nizamabad,30,2023-06-29,2.5,24.2,30.1,72.8,100.0,0.0,8.7,June,2023
11550,Nizamabad,30,2023-06-30,0.5,24.7,32.4,67.6,85.1,0.0,9.1,June,2023
11551,Nizamabad,31,2023-06-01,0.0,25.5,37.9,32.4,93.3,0.0,10.6,June,2023
11552,Nizamabad,31,2023-06-02,0.0,27.3,39.5,30.4,61.5,0.0,3.7,June,2023
11553,Nizamabad,31,2023-06-03,0.0,27.3,40.7,26.1,52.3,0.0,10.3,June,2023
11554,Nizamabad,31,2023-06-04,0.0,27.9,40.4,31.5,67.7,0.0,8.1,June,2023
11555,Nizamabad,31,2023-06-05,3.3,22.9,40.2,32.5,100.0,0.0,16.8,June,2023
11556,Nizamabad,31,2023-06-06,0.0,26.9,38.1,42.9,84.2,0.0,10.2,June,2023
11557,Nizamabad,31,2023-06-07,1.3,27.4,38.6,44.1,74.4,0.0,1.5,June,2023
11558,Nizamabad,31,2023-06-08,0.0,28.6,40.8,28.9,62.6,0.0,6.6,June,2023
11559,Nizamabad,31,2023-06-09,1.0,27.5,40.3,30.4,64.7,0.0,0.3,June,2023
11560,Nizamabad,31,2023-06-10,0.0,29.2,41.1,27.5,61.6,0.0,7.4,June,2023
11561,Nizamabad,31,2023-06-11,0.5,25.4,40.9,31.8,98.6,0.0,16.1,June,2023
11562,Nizamabad,31,2023-06-12,0.0,27.0,39.4,44.4,91.6,0.0,8.5,June,2023
11563,Nizamabad,31,2023-06-13,0.0,28.3,40.1,42.0,64.2,0.0,12.3,June,2023
11564,Nizamabad,31,2023-06-14,0.0,28.2,40.6,28.9,63.1,0.0,11.9,June,2023
11565,Nizamabad,31,2023-06-15,0.0,28.3,40.1,31.8,60.0,0.0,11.3,June,2023
11566,Nizamabad,31,2023-06-16,0.0,28.3,39.5,29.7,57.5,0.0,9.6,June,2023
11567,Nizamabad,31,2023-06-17,0.0,27.9,40.5,29.7,64.7,0.0,10.2,June,2023
11568,Nizamabad,31,2023-06-18,0.0,28.6,39.8,35.3,60.5,0.0,8.1,June,2023
11569,Nizamabad,31,2023-06-19,0.0,29.6,39.2,35.3,57.4,0.0,5.9,June,2023
11570,Nizamabad,31,2023-06-20,0.0,28.6,39.6,33.7,57.5,0.0,3.1,June,2023
11571,Nizamabad,31,2023-06-21,0.0,29.4,39.2,34.3,62.1,0.0,4.5,June,2023
11572,Nizamabad,31,2023-06-22,0.0,28.5,37.9,40.4,68.1,0.0,11.9,June,2023
11573,Nizamabad,31,2023-06-23,3.8,23.8,37.6,38.7,100.0,0.0,12.7,June,2023
11574,Nizamabad,31,2023-06-24,10.3,23.2,31.9,62.1,100.0,0.0,8.8,June,2023
11575,Nizamabad,31,2023-06-25,0.8,24.2,32.0,57.7,100.0,0.0,12.4,June,2023
11576,Nizamabad,31,2023-06-26,14.8,23.9,32.3,61.0,100.0,0.0,12.5,June,2023
11577,Nizamabad,31,2023-06-27,12.8,23.5,26.6,87.1,100.0,0.0,4.5,June,2023
11578,Nizamabad,31,2023-06-28,11.3,22.9,28.1,95.7,100.0,0.0,2.3,June,2023
11579,Nizamabad,31,2023-06-29,5.0,24.2,30.5,66.9,100.0,0.0,13.5,June,2023
11580,Nizamabad,31,2023-06-30,0.0,24.4,32.4,61.4,100.0,0.0,0.0,June,2023
11581,Nizamabad,32,2023-06-01,0.0,25.1,41.4,23.4,68.5,0.0,16.7,June,2023
11582,Nizamabad,32,2023-06-02,0.0,25.3,42.4,15.8,54.7,0.0,14.8,June,2023
11583,Nizamabad,32,2023-06-03,0.0,26.9,42.3,15.6,49.2,0.0,14.0,June,2023
11584,Nizamabad,32,2023-06-04,0.0,28.5,40.8,23.4,53.4,0.0,15.2,June,2023
11585,Nizamabad,32,2023-06-05,2.8,21.5,41.8,26.8,96.9,0.0,23.6,June,2023
11586,Nizamabad,32,2023-06-06,0.0,26.0,36.9,31.2,74.5,0.0,12.2,June,2023
11587,Nizamabad,32,2023-06-07,0.0,27.3,42.5,23.4,66.8,0.0,14.0,June,2023
11588,Nizamabad,32,2023-06-08,0.0,26.6,42.0,23.6,62.6,0.0,16.5,June,2023
11589,Nizamabad,32,2023-06-09,0.0,26.9,41.7,23.6,60.2,0.0,13.5,June,2023
11590,Nizamabad,32,2023-06-10,1.3,27.4,40.5,23.6,71.8,0.0,23.0,June,2023
11591,Nizamabad,32,2023-06-11,1.3,23.7,39.4,31.4,97.1,1.1,17.8,June,2023
11592,Nizamabad,32,2023-06-12,3.5,25.0,40.0,31.4,78.4,0.0,24.0,June,2023
11593,Nizamabad,32,2023-06-13,0.0,26.4,42.1,26.3,66.5,3.1,15.4,June,2023
11594,Nizamabad,32,2023-06-14,0.0,27.1,42.3,23.4,69.4,4.6,15.5,June,2023
11595,Nizamabad,32,2023-06-15,0.0,26.4,39.5,25.0,68.6,2.9,18.0,June,2023
11596,Nizamabad,32,2023-06-16,0.0,27.2,39.0,25.6,59.2,1.5,15.6,June,2023
11597,Nizamabad,32,2023-06-17,0.0,26.9,39.8,23.4,58.7,2.5,15.4,June,2023
11598,Nizamabad,32,2023-06-18,0.0,28.7,39.6,25.6,61.2,3.6,20.6,June,2023
11599,Nizamabad,32,2023-06-19,0.0,28.7,38.9,26.3,62.2,0.0,14.6,June,2023
11600,Nizamabad,32,2023-06-20,0.0,28.2,38.9,25.1,56.2,0.0,15.5,June,2023
11601,Nizamabad,32,2023-06-21,0.0,29.4,39.4,24.5,60.9,0.0,14.0,June,2023
11602,Nizamabad,32,2023-06-22,0.0,28.7,38.4,31.2,62.6,0.0,14.5,June,2023
11603,Nizamabad,32,2023-06-23,0.0,26.4,40.0,31.2,85.0,0.0,20.2,June,2023
11604,Nizamabad,32,2023-06-24,2.0,24.9,34.6,35.4,96.4,3.1,20.2,June,2023
11605,Nizamabad,32,2023-06-25,4.0,23.8,32.8,52.0,98.7,0.0,15.0,June,2023
11606,Nizamabad,32,2023-06-26,2.0,25.0,33.4,46.5,100.0,0.7,13.3,June,2023
11607,Nizamabad,32,2023-06-27,13.3,22.8,28.2,87.3,100.0,0.0,11.4,June,2023
11608,Nizamabad,32,2023-06-28,4.3,23.0,29.3,80.6,96.3,2.4,19.6,June,2023
11609,Nizamabad,32,2023-06-29,12.3,24.1,31.6,73.9,96.4,1.8,14.5,June,2023
11610,Nizamabad,32,2023-06-30,0.0,24.6,33.3,60.0,100.0,8.3,15.8,June,2023
11611,Nizamabad,33,2023-06-01,0.0,26.3,38.8,38.0,70.0,0.0,14.7,June,2023
11612,Nizamabad,33,2023-06-02,0.0,26.5,40.0,28.8,49.6,0.0,3.3,June,2023
11613,Nizamabad,33,2023-06-03,0.0,29.0,41.0,17.9,44.3,0.0,7.3,June,2023
11614,Nizamabad,33,2023-06-04,0.0,28.3,42.1,18.3,47.9,0.0,8.9,June,2023
11615,Nizamabad,33,2023-06-05,0.0,23.1,39.5,-1.0,80.1,0.0,5.8,June,2023
11616,Nizamabad,33,2023-06-06,0.0,25.8,37.6,29.2,57.9,0.0,7.8,June,2023
11617,Nizamabad,33,2023-06-07,0.0,27.5,39.3,22.4,54.8,0.0,6.7,June,2023
11618,Nizamabad,33,2023-06-08,4.0,27.2,39.6,25.6,55.5,0.0,7.3,June,2023
11619,Nizamabad,33,2023-06-09,2.8,26.3,39.9,25.9,55.8,0.0,13.9,June,2023
11620,Nizamabad,33,2023-06-10,3.5,25.8,39.6,25.9,55.6,0.0,10.5,June,2023
11621,Nizamabad,33,2023-06-11,13.3,25.2,38.1,35.3,73.6,0.0,5.0,June,2023
11622,Nizamabad,33,2023-06-12,1.8,25.6,39.9,36.0,80.0,0.0,10.5,June,2023
11623,Nizamabad,33,2023-06-13,0.0,27.4,40.7,26.6,56.6,0.0,3.6,June,2023
11624,Nizamabad,33,2023-06-14,0.0,27.6,40.6,23.3,54.2,0.0,6.5,June,2023
11625,Nizamabad,33,2023-06-15,0.0,26.2,40.0,27.1,54.8,0.0,10.6,June,2023
11626,Nizamabad,33,2023-06-16,0.0,27.8,40.0,23.5,52.2,0.0,7.0,June,2023
11627,Nizamabad,33,2023-06-17,0.8,26.4,40.4,24.7,55.5,0.0,5.8,June,2023
11628,Nizamabad,33,2023-06-18,0.0,26.9,39.3,29.7,54.6,0.0,7.0,June,2023
11629,Nizamabad,33,2023-06-19,0.0,28.3,39.1,28.2,53.2,0.0,6.7,June,2023
11630,Nizamabad,33,2023-06-20,0.0,28.3,38.1,26.5,53.1,0.0,8.9,June,2023
11631,Nizamabad,33,2023-06-21,0.0,28.9,39.3,27.4,53.0,0.0,7.9,June,2023
11632,Nizamabad,33,2023-06-22,0.0,28.2,38.8,29.2,57.9,0.0,9.0,June,2023
11633,Nizamabad,33,2023-06-23,0.0,27.4,37.0,31.4,75.0,0.0,8.1,June,2023
11634,Nizamabad,33,2023-06-24,24.3,25.2,35.6,0.0,92.9,0.0,5.4,June,2023
11635,Nizamabad,33,2023-06-25,28.3,0.0,32.0,39.0,92.3,0.0,2.9,June,2023
11636,Nizamabad,33,2023-06-26,13.3,25.3,31.7,65.0,90.2,0.0,0.0,June,2023
11637,Nizamabad,33,2023-06-27,5.8,24.1,28.9,75.0,91.1,0.0,5.1,June,2023
11638,Nizamabad,33,2023-06-28,6.0,28.0,29.8,45.0,89.8,0.0,10.4,June,2023
11639,Nizamabad,33,2023-06-29,1.8,25.5,32.4,45.0,90.1,0.0,1.7,June,2023
11640,Nizamabad,33,2023-06-30,0.0,25.2,32.7,45.0,65.0,0.0,5.3,June,2023
11641,Nizamabad,Armur,2023-06-01,0.0,24.5,40.9,27.6,96.5,0.0,10.6,June,2023
11642,Nizamabad,Armur,2023-06-02,0.0,25.8,42.7,14.4,65.1,0.0,13.6,June,2023
11643,Nizamabad,Armur,2023-06-03,0.0,24.3,41.8,15.1,64.0,1.7,14.4,June,2023
11644,Nizamabad,Armur,2023-06-04,0.0,27.7,41.7,18.6,74.5,0.0,19.9,June,2023
11645,Nizamabad,Armur,2023-06-05,10.9,22.4,41.7,20.6,100.0,0.0,25.9,June,2023
11646,Nizamabad,Armur,2023-06-06,0.0,26.0,39.4,26.2,80.6,0.0,10.2,June,2023
11647,Nizamabad,Armur,2023-06-07,2.2,26.8,38.5,31.5,81.1,0.0,15.0,June,2023
11648,Nizamabad,Armur,2023-06-08,0.0,28.1,41.5,16.5,68.8,0.6,15.4,June,2023
11649,Nizamabad,Armur,2023-06-09,0.0,27.2,41.4,19.9,65.0,0.0,13.0,June,2023
11650,Nizamabad,Armur,2023-06-10,0.0,28.6,41.1,16.5,68.0,0.0,16.3,June,2023
11651,Nizamabad,Armur,2023-06-11,0.7,25.4,41.7,22.0,93.9,0.1,21.7,June,2023
11652,Nizamabad,Armur,2023-06-12,0.0,27.1,39.4,26.0,89.4,0.0,16.8,June,2023
11653,Nizamabad,Armur,2023-06-13,0.0,27.1,41.1,22.8,64.8,0.6,15.6,June,2023
11654,Nizamabad,Armur,2023-06-14,0.0,28.3,40.8,17.2,66.2,0.3,22.2,June,2023
11655,Nizamabad,Armur,2023-06-15,0.0,27.5,40.2,22.0,65.8,2.7,14.8,June,2023
11656,Nizamabad,Armur,2023-06-16,0.0,28.2,39.5,17.9,60.6,2.6,15.2,June,2023
11657,Nizamabad,Armur,2023-06-17,0.1,27.0,40.7,17.9,69.1,0.0,15.2,June,2023
11658,Nizamabad,Armur,2023-06-18,0.0,28.4,39.9,25.5,65.2,0.5,15.7,June,2023
11659,Nizamabad,Armur,2023-06-19,0.0,29.1,39.3,23.9,62.7,1.6,14.1,June,2023
11660,Nizamabad,Armur,2023-06-20,0.0,28.0,39.4,22.5,63.5,1.7,14.5,June,2023
11661,Nizamabad,Armur,2023-06-21,0.0,28.2,39.7,24.8,64.2,3.8,11.4,June,2023
11662,Nizamabad,Armur,2023-06-22,0.1,28.2,39.5,29.0,72.6,0.0,11.9,June,2023
11663,Nizamabad,Armur,2023-06-23,3.3,24.4,38.4,30.1,100.0,0.0,10.5,June,2023
11664,Nizamabad,Armur,2023-06-24,1.3,23.6,32.9,64.5,100.0,0.0,8.8,June,2023
11665,Nizamabad,Armur,2023-06-25,4.1,23.6,32.8,49.1,100.0,0.0,12.4,June,2023
11666,Nizamabad,Armur,2023-06-26,5.3,23.9,32.5,63.8,100.0,0.0,12.5,June,2023
11667,Nizamabad,Armur,2023-06-27,11.8,23.3,27.4,83.3,100.0,0.0,15.4,June,2023
11668,Nizamabad,Armur,2023-06-28,6.4,22.7,28.5,84.4,100.0,0.2,13.1,June,2023
11669,Nizamabad,Armur,2023-06-29,3.2,23.9,31.2,71.7,100.0,0.0,13.5,June,2023
11670,Nizamabad,Armur,2023-06-30,0.0,24.3,34.1,56.6,100.0,0.0,9.1,June,2023
11671,Nizamabad,Balkonda,2023-06-01,0.0,24.7,38.7,38.8,77.0,0.0,2.8,June,2023
11672,Nizamabad,Balkonda,2023-06-02,0.0,26.8,41.0,28.3,62.4,0.0,7.7,June,2023
11673,Nizamabad,Balkonda,2023-06-03,0.0,28.3,40.8,26.0,51.5,0.0,4.7,June,2023
11674,Nizamabad,Balkonda,2023-06-04,0.0,28.4,39.9,31.6,63.4,0.0,3.9,June,2023
11675,Nizamabad,Balkonda,2023-06-05,5.6,23.4,40.5,32.6,82.7,0.0,10.8,June,2023
11676,Nizamabad,Balkonda,2023-06-06,0.0,27.9,38.4,34.7,65.6,0.0,5.3,June,2023
11677,Nizamabad,Balkonda,2023-06-07,0.0,27.9,39.8,39.2,68.4,0.0,11.6,June,2023
11678,Nizamabad,Balkonda,2023-06-08,0.0,28.9,40.6,30.8,63.1,0.0,11.2,June,2023
11679,Nizamabad,Balkonda,2023-06-09,0.0,29.1,39.5,33.8,55.7,0.0,6.1,June,2023
11680,Nizamabad,Balkonda,2023-06-10,0.0,29.0,40.8,30.2,64.9,0.0,7.9,June,2023
11681,Nizamabad,Balkonda,2023-06-11,3.3,25.3,40.4,33.1,79.7,0.0,14.2,June,2023
11682,Nizamabad,Balkonda,2023-06-12,0.0,27.8,38.2,37.3,73.8,0.0,7.5,June,2023
11683,Nizamabad,Balkonda,2023-06-13,0.0,28.3,39.7,35.7,60.1,0.4,11.0,June,2023
11684,Nizamabad,Balkonda,2023-06-14,0.0,28.5,40.0,29.7,62.7,0.0,8.3,June,2023
11685,Nizamabad,Balkonda,2023-06-15,0.0,28.2,40.1,32.0,62.2,0.0,7.1,June,2023
11686,Nizamabad,Balkonda,2023-06-16,0.0,28.2,39.0,29.6,59.4,0.0,6.8,June,2023
11687,Nizamabad,Balkonda,2023-06-17,0.0,28.2,39.8,29.8,62.9,0.0,7.0,June,2023
11688,Nizamabad,Balkonda,2023-06-18,0.0,28.4,39.1,36.4,63.8,0.0,4.8,June,2023
11689,Nizamabad,Balkonda,2023-06-19,0.0,29.6,39.2,35.5,58.4,0.2,5.6,June,2023
11690,Nizamabad,Balkonda,2023-06-20,0.0,29.2,38.8,35.1,58.5,0.0,4.8,June,2023
11691,Nizamabad,Balkonda,2023-06-21,0.0,29.4,39.0,36.8,63.6,0.0,7.4,June,2023
11692,Nizamabad,Balkonda,2023-06-22,0.0,29.0,38.8,40.5,67.1,0.0,8.6,June,2023
11693,Nizamabad,Balkonda,2023-06-23,8.3,23.9,37.7,40.1,82.1,0.1,4.2,June,2023
11694,Nizamabad,Balkonda,2023-06-24,0.9,23.6,30.8,70.5,82.9,0.0,4.3,June,2023
11695,Nizamabad,Balkonda,2023-06-25,0.0,24.4,32.8,61.0,83.0,0.1,5.8,June,2023
11696,Nizamabad,Balkonda,2023-06-26,1.1,24.5,31.6,66.4,83.3,0.1,4.8,June,2023
11697,Nizamabad,Balkonda,2023-06-27,13.6,23.4,26.1,81.9,88.0,0.2,9.4,June,2023
11698,Nizamabad,Balkonda,2023-06-28,8.0,23.0,27.8,79.7,94.4,2.4,8.3,June,2023
11699,Nizamabad,Balkonda,2023-06-29,0.8,24.6,31.2,71.0,83.3,0.0,7.5,June,2023
11700,Nizamabad,Balkonda,2023-06-30,0.0,25.0,32.6,62.0,79.7,0.5,7.0,June,2023
11701,Nizamabad,Bheemgal,2023-06-01,0.0,25.6,40.4,23.6,82.2,0.0,8.4,June,2023
11702,Nizamabad,Bheemgal,2023-06-02,0.0,26.1,41.4,13.3,67.1,0.0,11.0,June,2023
11703,Nizamabad,Bheemgal,2023-06-03,0.0,26.6,41.6,12.1,52.6,0.0,13.8,June,2023
11704,Nizamabad,Bheemgal,2023-06-04,0.0,28.5,41.0,14.0,49.7,0.0,11.1,June,2023
11705,Nizamabad,Bheemgal,2023-06-05,37.8,22.8,41.8,17.6,100.0,0.0,13.4,June,2023
11706,Nizamabad,Bheemgal,2023-06-06,0.0,25.8,38.2,24.8,81.7,0.0,13.7,June,2023
11707,Nizamabad,Bheemgal,2023-06-07,0.1,25.7,37.7,30.6,81.3,0.0,15.5,June,2023
11708,Nizamabad,Bheemgal,2023-06-08,0.0,27.9,40.8,21.9,62.8,0.0,12.9,June,2023
11709,Nizamabad,Bheemgal,2023-06-09,2.2,26.6,40.1,18.0,72.5,0.0,12.4,June,2023
11710,Nizamabad,Bheemgal,2023-06-10,0.0,28.7,40.6,17.6,59.7,0.0,15.4,June,2023
11711,Nizamabad,Bheemgal,2023-06-11,0.8,25.6,40.6,23.6,86.4,1.4,15.7,June,2023
11712,Nizamabad,Bheemgal,2023-06-12,0.0,26.8,38.6,27.2,76.9,0.0,12.3,June,2023
11713,Nizamabad,Bheemgal,2023-06-13,0.0,27.8,40.3,23.0,55.7,0.0,14.9,June,2023
11714,Nizamabad,Bheemgal,2023-06-14,0.0,28.5,40.6,18.2,56.2,0.0,15.4,June,2023
11715,Nizamabad,Bheemgal,2023-06-15,0.0,28.3,40.1,19.3,54.3,0.0,14.2,June,2023
11716,Nizamabad,Bheemgal,2023-06-16,0.0,28.8,39.3,18.6,48.7,0.0,14.7,June,2023
11717,Nizamabad,Bheemgal,2023-06-17,0.0,28.8,40.6,16.8,54.3,0.0,13.3,June,2023
11718,Nizamabad,Bheemgal,2023-06-18,0.0,29.2,39.6,23.6,52.6,0.0,15.3,June,2023
11719,Nizamabad,Bheemgal,2023-06-19,0.0,30.0,39.0,23.0,50.2,0.0,14.6,June,2023
11720,Nizamabad,Bheemgal,2023-06-20,0.0,28.1,38.5,23.0,50.7,0.0,14.0,June,2023
11721,Nizamabad,Bheemgal,2023-06-21,0.0,29.5,39.8,23.6,53.9,0.0,14.8,June,2023
11722,Nizamabad,Bheemgal,2023-06-22,0.0,28.5,38.6,28.5,65.1,0.0,15.4,June,2023
11723,Nizamabad,Bheemgal,2023-06-23,1.0,25.1,38.0,30.3,100.0,0.0,31.9,June,2023
11724,Nizamabad,Bheemgal,2023-06-24,1.9,25.9,32.6,61.9,100.0,0.4,5.9,June,2023
11725,Nizamabad,Bheemgal,2023-06-25,0.3,24.2,32.7,73.3,100.0,0.5,9.4,June,2023
11726,Nizamabad,Bheemgal,2023-06-26,2.4,25.1,33.2,59.8,100.0,0.0,13.3,June,2023
11727,Nizamabad,Bheemgal,2023-06-27,8.1,23.7,27.9,82.3,100.0,0.0,12.7,June,2023
11728,Nizamabad,Bheemgal,2023-06-28,3.2,23.3,28.5,82.0,98.7,0.0,11.4,June,2023
11729,Nizamabad,Bheemgal,2023-06-29,13.5,24.0,32.3,66.6,100.0,0.0,14.3,June,2023
11730,Nizamabad,Bheemgal,2023-06-30,0.0,25.5,33.0,62.0,100.0,0.0,11.0,June,2023
11731,Nizamabad,Bodhan,2023-06-01,0.0,24.9,42.8,24.8,82.0,0.0,13.4,June,2023
11732,Nizamabad,Bodhan,2023-06-02,0.0,25.1,42.3,21.1,64.0,0.0,12.0,June,2023
11733,Nizamabad,Bodhan,2023-06-03,0.0,26.0,42.2,21.1,60.7,0.0,17.2,June,2023
11734,Nizamabad,Bodhan,2023-06-04,0.0,27.5,43.5,24.9,60.7,0.0,15.5,June,2023
11735,Nizamabad,Bodhan,2023-06-05,18.3,21.4,41.3,29.9,99.0,0.0,17.9,June,2023
11736,Nizamabad,Bodhan,2023-06-06,0.0,25.4,38.5,34.3,83.9,0.0,10.5,June,2023
11737,Nizamabad,Bodhan,2023-06-07,0.0,26.2,41.5,24.3,75.5,0.0,15.3,June,2023
11738,Nizamabad,Bodhan,2023-06-08,0.6,24.3,41.4,25.5,89.8,0.0,17.0,June,2023
11739,Nizamabad,Bodhan,2023-06-09,0.0,25.8,40.8,31.5,69.5,0.0,18.0,June,2023
11740,Nizamabad,Bodhan,2023-06-10,1.0,23.2,41.4,28.6,78.7,0.0,21.5,June,2023
11741,Nizamabad,Bodhan,2023-06-11,10.7,22.7,40.4,33.6,99.4,0.4,19.1,June,2023
11742,Nizamabad,Bodhan,2023-06-12,0.2,24.5,39.7,37.8,92.5,0.0,30.7,June,2023
11743,Nizamabad,Bodhan,2023-06-13,0.0,24.5,40.0,29.6,79.3,1.0,13.4,June,2023
11744,Nizamabad,Bodhan,2023-06-14,0.0,25.8,41.1,27.4,76.6,1.5,12.3,June,2023
11745,Nizamabad,Bodhan,2023-06-15,0.0,25.5,40.5,27.7,75.3,1.0,22.0,June,2023
11746,Nizamabad,Bodhan,2023-06-16,0.0,25.9,40.5,27.7,69.5,0.5,15.7,June,2023
11747,Nizamabad,Bodhan,2023-06-17,0.2,25.8,40.8,28.0,75.3,0.8,20.4,June,2023
11748,Nizamabad,Bodhan,2023-06-18,0.0,28.2,38.9,32.7,67.3,1.2,20.3,June,2023
11749,Nizamabad,Bodhan,2023-06-19,0.0,28.5,39.7,33.0,66.0,0.0,15.0,June,2023
11750,Nizamabad,Bodhan,2023-06-20,0.0,26.9,39.1,30.2,65.0,0.0,15.0,June,2023
11751,Nizamabad,Bodhan,2023-06-21,0.0,28.9,40.6,33.9,66.5,0.0,13.9,June,2023
11752,Nizamabad,Bodhan,2023-06-22,0.0,27.6,39.4,34.9,75.0,0.0,14.9,June,2023
11753,Nizamabad,Bodhan,2023-06-23,0.0,26.0,38.8,36.3,88.3,0.0,15.1,June,2023
11754,Nizamabad,Bodhan,2023-06-24,6.5,24.0,36.5,41.7,96.4,1.0,14.3,June,2023
11755,Nizamabad,Bodhan,2023-06-25,5.0,23.3,32.5,69.1,98.5,0.0,11.8,June,2023
11756,Nizamabad,Bodhan,2023-06-26,13.2,23.5,32.9,63.8,99.0,0.2,11.4,June,2023
11757,Nizamabad,Bodhan,2023-06-27,9.9,23.0,28.3,78.4,99.4,0.0,13.3,June,2023
11758,Nizamabad,Bodhan,2023-06-28,5.4,22.8,29.2,77.8,99.4,0.8,11.1,June,2023
11759,Nizamabad,Bodhan,2023-06-29,14.5,23.3,32.2,70.2,99.4,0.6,15.8,June,2023
11760,Nizamabad,Bodhan,2023-06-30,0.0,23.9,33.0,59.1,91.7,2.8,16.4,June,2023
11761,Nizamabad,Chandur,2023-06-01,0.0,24.5,39.8,37.1,66.1,0.0,11.0,June,2023
11762,Nizamabad,Chandur,2023-06-02,0.0,25.5,41.8,28.4,48.7,0.0,11.9,June,2023
11763,Nizamabad,Chandur,2023-06-03,0.0,25.9,40.3,24.2,60.4,0.0,16.4,June,2023
11764,Nizamabad,Chandur,2023-06-04,0.0,27.6,40.1,27.2,59.5,0.0,15.4,June,2023
11765,Nizamabad,Chandur,2023-06-05,3.9,22.0,39.0,33.9,97.2,0.0,19.3,June,2023
11766,Nizamabad,Chandur,2023-06-06,0.0,26.3,37.7,42.0,74.1,0.0,6.0,June,2023
11767,Nizamabad,Chandur,2023-06-07,0.0,27.0,40.4,36.1,62.1,0.0,6.2,June,2023
11768,Nizamabad,Chandur,2023-06-08,6.8,27.2,40.5,34.3,70.9,0.0,7.2,June,2023
11769,Nizamabad,Chandur,2023-06-09,0.0,27.3,40.3,37.7,64.3,0.0,19.8,June,2023
11770,Nizamabad,Chandur,2023-06-10,0.0,26.1,39.4,30.0,78.7,0.0,18.7,June,2023
11771,Nizamabad,Chandur,2023-06-11,13.0,23.6,38.3,39.3,97.8,0.0,20.6,June,2023
11772,Nizamabad,Chandur,2023-06-12,0.0,24.3,36.2,45.5,92.8,0.0,21.1,June,2023
11773,Nizamabad,Chandur,2023-06-13,0.0,27.1,37.7,42.6,67.3,0.0,5.0,June,2023
11774,Nizamabad,Chandur,2023-06-14,0.0,27.1,39.9,35.6,69.4,0.0,5.8,June,2023
11775,Nizamabad,Chandur,2023-06-15,0.0,26.8,39.0,39.8,69.0,0.0,6.9,June,2023
11776,Nizamabad,Chandur,2023-06-16,0.0,27.4,40.0,37.7,65.3,0.0,7.2,June,2023
11777,Nizamabad,Chandur,2023-06-17,0.0,27.2,39.5,36.1,68.6,0.0,10.8,June,2023
11778,Nizamabad,Chandur,2023-06-18,0.0,27.6,38.9,42.9,68.7,0.0,5.3,June,2023
11779,Nizamabad,Chandur,2023-06-19,0.0,28.1,39.2,41.3,67.9,0.0,7.3,June,2023
11780,Nizamabad,Chandur,2023-06-20,0.0,27.9,37.8,41.5,68.3,0.0,8.7,June,2023
11781,Nizamabad,Chandur,2023-06-21,0.0,28.3,39.3,41.9,68.7,0.0,6.0,June,2023
11782,Nizamabad,Chandur,2023-06-22,0.0,28.5,38.7,44.0,70.0,0.0,8.6,June,2023
11783,Nizamabad,Chandur,2023-06-23,0.0,27.4,36.3,47.3,75.5,0.0,9.0,June,2023
11784,Nizamabad,Chandur,2023-06-24,16.8,23.9,34.2,52.5,93.8,0.0,5.3,June,2023
11785,Nizamabad,Chandur,2023-06-25,23.0,23.0,31.8,71.4,95.2,0.0,6.7,June,2023
11786,Nizamabad,Chandur,2023-06-26,6.2,24.9,31.9,68.4,90.0,0.0,4.5,June,2023
11787,Nizamabad,Chandur,2023-06-27,7.8,23.3,27.9,76.2,96.2,0.0,6.7,June,2023
11788,Nizamabad,Chandur,2023-06-28,0.9,23.2,29.1,79.8,94.3,0.0,4.1,June,2023
11789,Nizamabad,Chandur,2023-06-29,10.7,24.5,30.9,73.8,96.8,0.0,3.6,June,2023
11790,Nizamabad,Chandur,2023-06-30,0.0,24.9,33.0,66.2,83.5,0.0,6.6,June,2023
11791,Nizamabad,Dharpalle,2023-06-01,0.0,24.8,38.5,37.8,80.5,0.0,15.6,June,2023
11792,Nizamabad,Dharpalle,2023-06-02,0.0,27.5,40.2,26.6,63.8,0.3,5.8,June,2023
11793,Nizamabad,Dharpalle,2023-06-03,0.0,27.0,40.7,26.6,53.6,0.0,13.4,June,2023
11794,Nizamabad,Dharpalle,2023-06-04,0.0,29.3,39.9,31.2,54.6,0.0,13.8,June,2023
11795,Nizamabad,Dharpalle,2023-06-05,2.2,22.7,40.3,31.9,95.4,0.0,17.5,June,2023
11796,Nizamabad,Dharpalle,2023-06-06,0.0,27.0,36.9,37.8,70.3,0.0,10.3,June,2023
11797,Nizamabad,Dharpalle,2023-06-07,0.0,29.4,38.6,38.6,57.5,0.0,17.5,June,2023
11798,Nizamabad,Dharpalle,2023-06-08,0.0,28.8,39.4,33.9,63.8,0.1,7.3,June,2023
11799,Nizamabad,Dharpalle,2023-06-09,0.0,28.3,40.3,31.9,57.0,0.0,19.8,June,2023
11800,Nizamabad,Dharpalle,2023-06-10,0.0,29.2,40.1,31.2,65.3,0.1,10.4,June,2023
11801,Nizamabad,Dharpalle,2023-06-11,1.3,24.5,38.8,35.2,86.0,0.0,13.3,June,2023
11802,Nizamabad,Dharpalle,2023-06-12,0.0,27.4,37.5,38.9,75.9,0.6,14.2,June,2023
11803,Nizamabad,Dharpalle,2023-06-13,0.0,26.6,38.2,37.2,64.7,0.0,9.6,June,2023
11804,Nizamabad,Dharpalle,2023-06-14,0.0,27.8,39.1,32.6,65.3,0.0,11.4,June,2023
11805,Nizamabad,Dharpalle,2023-06-15,0.0,27.7,38.8,33.9,64.7,1.1,7.7,June,2023
11806,Nizamabad,Dharpalle,2023-06-16,0.0,28.3,38.3,34.3,59.4,0.0,10.7,June,2023
11807,Nizamabad,Dharpalle,2023-06-17,0.0,28.2,38.9,32.6,63.3,0.0,9.0,June,2023
11808,Nizamabad,Dharpalle,2023-06-18,0.0,28.7,38.3,38.1,61.9,0.0,5.6,June,2023
11809,Nizamabad,Dharpalle,2023-06-19,0.0,29.2,37.7,37.8,62.4,0.0,11.7,June,2023
11810,Nizamabad,Dharpalle,2023-06-20,0.0,27.7,37.7,36.1,61.9,0.0,8.3,June,2023
11811,Nizamabad,Dharpalle,2023-06-21,0.0,29.3,38.2,37.2,65.3,0.0,9.9,June,2023
11812,Nizamabad,Dharpalle,2023-06-22,0.0,28.1,38.3,39.2,71.2,0.0,24.1,June,2023
11813,Nizamabad,Dharpalle,2023-06-23,0.0,26.5,36.0,42.3,86.8,0.0,13.3,June,2023
11814,Nizamabad,Dharpalle,2023-06-24,0.3,25.9,33.3,54.0,95.7,0.9,9.0,June,2023
11815,Nizamabad,Dharpalle,2023-06-25,17.6,23.2,31.7,66.3,99.4,0.0,13.0,June,2023
11816,Nizamabad,Dharpalle,2023-06-26,0.0,25.0,31.3,67.2,92.0,0.0,8.2,June,2023
11817,Nizamabad,Dharpalle,2023-06-27,4.6,23.0,28.6,75.9,100.0,0.0,7.1,June,2023
11818,Nizamabad,Dharpalle,2023-06-28,2.8,23.3,28.0,83.1,98.4,0.0,9.0,June,2023
11819,Nizamabad,Dharpalle,2023-06-29,5.0,24.3,31.1,69.6,100.0,0.0,13.3,June,2023
11820,Nizamabad,Dharpalle,2023-06-30,0.0,25.0,32.2,60.9,81.4,1.6,15.2,June,2023
11821,Nizamabad,Dichpalle,2023-06-01,0.0,24.5,38.6,32.0,78.5,0.0,10.2,June,2023
11822,Nizamabad,Dichpalle,2023-06-02,0.0,28.4,40.8,19.9,52.1,0.0,8.7,June,2023
11823,Nizamabad,Dichpalle,2023-06-03,0.0,27.5,41.8,20.8,48.2,0.0,8.6,June,2023
11824,Nizamabad,Dichpalle,2023-06-04,0.0,28.4,41.0,25.1,54.6,0.0,12.3,June,2023
11825,Nizamabad,Dichpalle,2023-06-05,6.7,22.8,41.0,28.0,93.3,0.0,15.5,June,2023
11826,Nizamabad,Dichpalle,2023-06-06,0.0,26.7,38.1,33.3,67.7,0.0,10.4,June,2023
11827,Nizamabad,Dichpalle,2023-06-07,4.3,28.8,38.9,33.3,58.4,0.0,10.5,June,2023
11828,Nizamabad,Dichpalle,2023-06-08,0.3,26.6,40.2,28.3,77.9,0.0,14.3,June,2023
11829,Nizamabad,Dichpalle,2023-06-09,0.0,28.5,39.7,30.4,55.1,0.0,14.6,June,2023
11830,Nizamabad,Dichpalle,2023-06-10,0.0,28.7,40.5,25.8,64.4,0.0,17.1,June,2023
11831,Nizamabad,Dichpalle,2023-06-11,1.8,24.1,39.1,32.3,91.6,0.0,34.4,June,2023
11832,Nizamabad,Dichpalle,2023-06-12,0.0,27.3,38.2,35.7,74.8,0.0,11.9,June,2023
11833,Nizamabad,Dichpalle,2023-06-13,0.0,26.7,39.3,30.9,61.6,0.0,16.5,June,2023
11834,Nizamabad,Dichpalle,2023-06-14,0.0,27.6,40.1,26.8,63.0,0.0,14.1,June,2023
11835,Nizamabad,Dichpalle,2023-06-15,0.0,27.5,39.4,28.3,62.0,0.9,17.2,June,2023
11836,Nizamabad,Dichpalle,2023-06-16,0.0,27.9,39.6,28.3,56.9,0.0,14.4,June,2023
11837,Nizamabad,Dichpalle,2023-06-17,0.0,28.0,39.9,26.4,61.1,0.0,13.2,June,2023
11838,Nizamabad,Dichpalle,2023-06-18,0.0,28.4,38.6,32.9,60.2,0.0,13.9,June,2023
11839,Nizamabad,Dichpalle,2023-06-19,0.0,29.0,38.8,32.0,61.6,0.3,14.0,June,2023
11840,Nizamabad,Dichpalle,2023-06-20,0.0,28.5,37.8,30.7,59.3,0.0,11.1,June,2023
11841,Nizamabad,Dichpalle,2023-06-21,0.0,29.1,38.8,32.6,60.9,0.0,9.6,June,2023
11842,Nizamabad,Dichpalle,2023-06-22,0.0,28.3,38.4,34.5,66.8,0.0,17.5,June,2023
11843,Nizamabad,Dichpalle,2023-06-23,0.0,25.4,36.6,37.9,88.0,0.0,18.4,June,2023
11844,Nizamabad,Dichpalle,2023-06-24,3.3,24.8,33.7,46.8,93.5,0.0,14.0,June,2023
11845,Nizamabad,Dichpalle,2023-06-25,12.6,22.6,32.0,61.2,95.9,0.0,14.1,June,2023
11846,Nizamabad,Dichpalle,2023-06-26,0.1,24.7,32.7,57.4,89.1,0.3,9.6,June,2023
11847,Nizamabad,Dichpalle,2023-06-27,5.7,22.9,28.1,73.9,96.6,0.0,7.8,June,2023
11848,Nizamabad,Dichpalle,2023-06-28,4.9,22.8,28.6,76.3,95.6,0.1,15.3,June,2023
11849,Nizamabad,Dichpalle,2023-06-29,14.2,24.0,31.7,63.5,96.7,0.0,7.6,June,2023
11850,Nizamabad,Dichpalle,2023-06-30,3.0,24.8,33.0,55.1,79.5,0.3,12.6,June,2023
11851,Nizamabad,Indalwai,2023-06-01,0.0,24.0,38.3,34.3,94.6,0.0,5.3,June,2023
11852,Nizamabad,Indalwai,2023-06-02,0.0,26.6,39.2,16.0,63.6,0.0,8.7,June,2023
11853,Nizamabad,Indalwai,2023-06-03,0.0,29.2,40.5,15.3,41.4,0.0,12.6,June,2023
11854,Nizamabad,Indalwai,2023-06-04,0.0,28.8,39.8,20.8,52.6,0.0,13.1,June,2023
11855,Nizamabad,Indalwai,2023-06-05,0.0,24.1,39.1,23.6,98.3,0.0,14.3,June,2023
11856,Nizamabad,Indalwai,2023-06-06,0.0,25.9,37.5,31.5,79.2,0.0,11.1,June,2023
11857,Nizamabad,Indalwai,2023-06-07,0.0,28.7,38.8,31.8,60.1,0.0,11.2,June,2023
11858,Nizamabad,Indalwai,2023-06-08,1.8,28.8,39.9,24.0,64.1,0.0,14.7,June,2023
11859,Nizamabad,Indalwai,2023-06-09,0.0,28.4,39.0,27.8,54.1,0.0,13.8,June,2023
11860,Nizamabad,Indalwai,2023-06-10,0.0,29.3,39.8,25.6,64.6,0.0,22.2,June,2023
11861,Nizamabad,Indalwai,2023-06-11,18.6,23.3,39.3,31.1,100.0,0.0,15.4,June,2023
11862,Nizamabad,Indalwai,2023-06-12,0.0,27.7,36.7,40.2,87.7,0.0,16.0,June,2023
11863,Nizamabad,Indalwai,2023-06-13,0.0,27.7,38.0,32.2,62.1,0.0,20.6,June,2023
11864,Nizamabad,Indalwai,2023-06-14,0.0,28.0,38.2,26.0,67.5,0.0,14.5,June,2023
11865,Nizamabad,Indalwai,2023-06-15,0.0,27.1,38.0,28.1,68.4,0.0,18.5,June,2023
11866,Nizamabad,Indalwai,2023-06-16,0.5,28.3,37.8,26.0,61.1,0.0,16.0,June,2023
11867,Nizamabad,Indalwai,2023-06-17,0.0,28.1,38.5,24.9,63.6,0.0,14.5,June,2023
11868,Nizamabad,Indalwai,2023-06-18,0.0,28.5,37.9,32.9,61.1,0.0,13.9,June,2023
11869,Nizamabad,Indalwai,2023-06-19,0.0,29.1,38.5,30.9,62.1,0.0,13.0,June,2023
11870,Nizamabad,Indalwai,2023-06-20,0.0,28.3,37.7,30.2,59.1,0.0,10.7,June,2023
11871,Nizamabad,Indalwai,2023-06-21,0.0,29.5,38.1,30.9,60.6,0.0,7.7,June,2023
11872,Nizamabad,Indalwai,2023-06-22,0.0,28.4,37.6,33.6,70.4,0.0,19.0,June,2023
11873,Nizamabad,Indalwai,2023-06-23,0.0,26.6,36.3,36.1,93.5,0.0,21.8,June,2023
11874,Nizamabad,Indalwai,2023-06-24,1.2,26.0,33.3,47.3,100.0,0.0,6.6,June,2023
11875,Nizamabad,Indalwai,2023-06-25,33.2,23.0,31.5,79.6,100.0,0.0,9.0,June,2023
11876,Nizamabad,Indalwai,2023-06-26,0.0,24.3,32.6,80.5,100.0,0.0,10.8,June,2023
11877,Nizamabad,Indalwai,2023-06-27,3.6,23.3,28.0,93.0,100.0,0.0,0.6,June,2023
11878,Nizamabad,Indalwai,2023-06-28,2.2,23.3,29.4,97.9,100.0,0.0,7.5,June,2023
11879,Nizamabad,Indalwai,2023-06-29,4.2,24.3,31.7,66.6,100.0,0.0,0.3,June,2023
11880,Nizamabad,Indalwai,2023-06-30,0.0,24.8,32.7,73.8,100.0,0.0,10.6,June,2023
11881,Nizamabad,Jakranpalle,2023-06-01,0.0,25.0,40.7,31.9,78.1,0.0,6.2,June,2023
11882,Nizamabad,Jakranpalle,2023-06-02,0.0,28.7,42.4,18.1,49.0,0.0,7.8,June,2023
11883,Nizamabad,Jakranpalle,2023-06-03,0.0,28.0,42.5,18.6,45.2,0.0,6.6,June,2023
11884,Nizamabad,Jakranpalle,2023-06-04,0.0,28.7,42.7,24.7,50.7,0.0,9.1,June,2023
11885,Nizamabad,Jakranpalle,2023-06-05,17.5,22.8,43.3,23.8,94.1,0.0,15.5,June,2023
11886,Nizamabad,Jakranpalle,2023-06-06,0.0,26.7,39.6,29.1,67.7,0.0,5.3,June,2023
11887,Nizamabad,Jakranpalle,2023-06-07,3.5,25.4,40.8,31.9,74.9,0.0,9.0,June,2023
11888,Nizamabad,Jakranpalle,2023-06-08,0.0,28.1,41.4,28.4,61.8,0.0,5.1,June,2023
11889,Nizamabad,Jakranpalle,2023-06-09,0.0,28.2,42.2,26.5,56.4,0.0,9.0,June,2023
11890,Nizamabad,Jakranpalle,2023-06-10,0.0,28.3,42.1,23.0,60.8,0.0,9.8,June,2023
11891,Nizamabad,Jakranpalle,2023-06-11,0.0,25.9,41.1,29.1,77.4,0.0,34.4,June,2023
11892,Nizamabad,Jakranpalle,2023-06-12,0.0,27.2,38.5,33.0,67.8,0.0,11.2,June,2023
11893,Nizamabad,Jakranpalle,2023-06-13,0.0,26.8,40.4,29.8,59.9,0.0,7.4,June,2023
11894,Nizamabad,Jakranpalle,2023-06-14,0.0,28.0,41.4,26.3,59.4,0.0,8.1,June,2023
11895,Nizamabad,Jakranpalle,2023-06-15,0.0,28.1,41.0,26.3,57.8,0.9,7.0,June,2023
11896,Nizamabad,Jakranpalle,2023-06-16,0.0,28.3,40.0,24.9,52.4,0.0,9.2,June,2023
11897,Nizamabad,Jakranpalle,2023-06-17,0.0,28.6,40.0,24.2,57.8,0.0,7.4,June,2023
11898,Nizamabad,Jakranpalle,2023-06-18,0.0,28.9,40.5,29.1,56.8,0.0,8.0,June,2023
11899,Nizamabad,Jakranpalle,2023-06-19,0.0,29.6,40.3,29.1,55.3,0.3,6.4,June,2023
11900,Nizamabad,Jakranpalle,2023-06-20,0.0,29.4,39.6,29.1,53.4,0.0,7.9,June,2023
11901,Nizamabad,Jakranpalle,2023-06-21,0.0,29.6,40.3,30.5,57.8,0.0,6.8,June,2023
11902,Nizamabad,Jakranpalle,2023-06-22,0.0,28.5,40.1,32.3,64.8,0.0,15.4,June,2023
11903,Nizamabad,Jakranpalle,2023-06-23,0.0,24.7,38.9,31.9,90.0,0.0,5.8,June,2023
11904,Nizamabad,Jakranpalle,2023-06-24,2.2,24.5,33.8,49.3,91.3,0.0,6.6,June,2023
11905,Nizamabad,Jakranpalle,2023-06-25,2.2,23.7,32.6,61.9,93.1,0.0,14.1,June,2023
11906,Nizamabad,Jakranpalle,2023-06-26,0.0,24.4,34.3,50.4,89.5,0.3,6.9,June,2023
11907,Nizamabad,Jakranpalle,2023-06-27,8.2,23.2,28.6,70.4,95.0,0.0,5.5,June,2023
11908,Nizamabad,Jakranpalle,2023-06-28,4.4,22.8,29.0,75.3,94.6,0.1,9.7,June,2023
11909,Nizamabad,Jakranpalle,2023-06-29,4.2,24.2,32.2,61.4,94.1,0.0,6.7,June,2023
11910,Nizamabad,Jakranpalle,2023-06-30,0.0,25.1,33.6,52.2,78.1,0.3,12.6,June,2023
11911,Nizamabad,Kammarpalle,2023-06-01,0.0,25.8,39.2,30.1,81.0,0.0,8.6,June,2023
11912,Nizamabad,Kammarpalle,2023-06-02,0.0,25.6,41.8,19.2,67.5,0.0,11.1,June,2023
11913,Nizamabad,Kammarpalle,2023-06-03,0.0,26.7,42.0,17.4,54.9,0.0,12.1,June,2023
11914,Nizamabad,Kammarpalle,2023-06-04,0.0,28.4,41.7,21.5,56.5,0.0,10.2,June,2023
11915,Nizamabad,Kammarpalle,2023-06-05,7.9,22.8,41.8,23.7,96.8,0.0,12.9,June,2023
11916,Nizamabad,Kammarpalle,2023-06-06,0.0,26.0,38.7,28.8,77.1,0.0,10.5,June,2023
11917,Nizamabad,Kammarpalle,2023-06-07,0.0,26.1,39.2,33.6,74.4,0.0,16.4,June,2023
11918,Nizamabad,Kammarpalle,2023-06-08,0.0,28.1,41.4,25.0,65.8,0.0,11.8,June,2023
11919,Nizamabad,Kammarpalle,2023-06-09,2.6,26.4,41.5,24.7,71.4,0.0,23.2,June,2023
11920,Nizamabad,Kammarpalle,2023-06-10,0.7,28.3,41.2,22.4,66.9,1.1,13.7,June,2023
11921,Nizamabad,Kammarpalle,2023-06-11,1.7,24.6,41.4,27.5,87.5,0.5,14.6,June,2023
11922,Nizamabad,Kammarpalle,2023-06-12,7.1,26.9,39.0,30.9,76.2,0.0,14.2,June,2023
11923,Nizamabad,Kammarpalle,2023-06-13,0.0,27.8,40.4,28.0,60.4,0.0,13.9,June,2023
11924,Nizamabad,Kammarpalle,2023-06-14,0.0,28.3,40.9,23.8,62.9,0.0,13.2,June,2023
11925,Nizamabad,Kammarpalle,2023-06-15,0.0,27.7,40.0,25.9,64.9,0.0,16.3,June,2023
11926,Nizamabad,Kammarpalle,2023-06-16,0.0,28.4,39.3,23.9,57.0,0.0,15.4,June,2023
11927,Nizamabad,Kammarpalle,2023-06-17,0.0,28.1,40.5,23.3,64.4,0.0,12.7,June,2023
11928,Nizamabad,Kammarpalle,2023-06-18,0.0,28.8,39.6,29.3,61.4,0.0,15.9,June,2023
11929,Nizamabad,Kammarpalle,2023-06-19,0.0,29.1,39.7,28.5,59.9,0.0,14.4,June,2023
11930,Nizamabad,Kammarpalle,2023-06-20,0.0,28.0,39.1,28.3,60.9,0.0,14.4,June,2023
11931,Nizamabad,Kammarpalle,2023-06-21,0.0,28.5,39.9,29.1,68.3,0.0,13.4,June,2023
11932,Nizamabad,Kammarpalle,2023-06-22,0.0,28.1,39.2,34.1,70.5,0.0,15.9,June,2023
11933,Nizamabad,Kammarpalle,2023-06-23,0.5,24.2,36.9,35.5,100.0,0.0,20.7,June,2023
11934,Nizamabad,Kammarpalle,2023-06-24,5.7,24.4,30.9,69.2,100.0,0.1,7.9,June,2023
11935,Nizamabad,Kammarpalle,2023-06-25,0.2,24.1,31.3,69.7,93.6,0.4,10.3,June,2023
11936,Nizamabad,Kammarpalle,2023-06-26,2.8,24.5,32.4,61.6,98.6,0.0,13.6,June,2023
11937,Nizamabad,Kammarpalle,2023-06-27,10.3,23.3,26.9,83.7,100.0,1.7,11.4,June,2023
11938,Nizamabad,Kammarpalle,2023-06-28,5.0,22.7,28.0,87.9,100.0,1.3,13.1,June,2023
11939,Nizamabad,Kammarpalle,2023-06-29,3.3,23.9,31.9,71.6,99.6,0.0,9.7,June,2023
11940,Nizamabad,Kammarpalle,2023-06-30,0.0,25.4,33.0,58.6,83.3,0.0,11.4,June,2023
11941,Nizamabad,Kotgiri,2023-06-01,0.0,24.6,39.2,32.3,76.4,0.0,5.2,June,2023
11942,Nizamabad,Kotgiri,2023-06-02,1.5,25.2,40.5,21.2,55.4,0.0,9.0,June,2023
11943,Nizamabad,Kotgiri,2023-06-03,0.0,25.7,41.1,20.8,57.8,0.0,10.8,June,2023
11944,Nizamabad,Kotgiri,2023-06-04,0.0,27.2,40.9,25.4,57.4,0.0,10.9,June,2023
11945,Nizamabad,Kotgiri,2023-06-05,12.7,21.1,40.4,31.0,99.0,0.0,9.0,June,2023
11946,Nizamabad,Kotgiri,2023-06-06,0.0,25.9,36.8,27.2,64.4,0.0,5.9,June,2023
11947,Nizamabad,Kotgiri,2023-06-07,0.0,27.4,40.3,31.0,63.5,0.0,12.1,June,2023
11948,Nizamabad,Kotgiri,2023-06-08,0.0,26.7,40.4,29.2,66.5,0.0,13.6,June,2023
11949,Nizamabad,Kotgiri,2023-06-09,3.2,27.0,40.4,29.9,60.0,0.0,15.2,June,2023
11950,Nizamabad,Kotgiri,2023-06-10,4.0,26.5,39.7,28.1,78.2,0.0,12.7,June,2023
11951,Nizamabad,Kotgiri,2023-06-11,6.3,23.9,38.7,36.9,99.0,0.0,12.1,June,2023
11952,Nizamabad,Kotgiri,2023-06-12,21.3,24.2,36.7,41.6,94.4,0.0,10.4,June,2023
11953,Nizamabad,Kotgiri,2023-06-13,0.0,24.6,39.9,35.1,75.7,0.0,10.0,June,2023
11954,Nizamabad,Kotgiri,2023-06-14,0.0,26.9,40.7,20.7,59.8,0.0,9.1,June,2023
11955,Nizamabad,Kotgiri,2023-06-15,0.0,25.2,39.1,28.1,58.8,0.0,14.0,June,2023
11956,Nizamabad,Kotgiri,2023-06-16,0.0,26.6,39.5,23.3,53.7,0.0,13.9,June,2023
11957,Nizamabad,Kotgiri,2023-06-17,2.7,25.5,40.2,24.0,55.2,0.0,17.8,June,2023
11958,Nizamabad,Kotgiri,2023-06-18,0.0,29.1,38.9,32.3,59.5,0.0,10.8,June,2023
11959,Nizamabad,Kotgiri,2023-06-19,0.0,28.6,39.0,28.1,56.2,0.0,7.3,June,2023
11960,Nizamabad,Kotgiri,2023-06-20,0.0,28.0,38.6,27.5,56.7,0.0,13.0,June,2023
11961,Nizamabad,Kotgiri,2023-06-21,0.0,29.4,38.9,27.5,55.7,0.0,10.5,June,2023
11962,Nizamabad,Kotgiri,2023-06-22,0.0,29.0,38.8,29.5,62.3,0.0,6.3,June,2023
11963,Nizamabad,Kotgiri,2023-06-23,0.0,27.7,37.7,30.2,82.7,0.0,14.8,June,2023
11964,Nizamabad,Kotgiri,2023-06-24,23.2,24.6,35.2,37.2,90.7,0.0,7.9,June,2023
11965,Nizamabad,Kotgiri,2023-06-25,45.2,23.3,32.0,67.2,98.3,0.0,14.7,June,2023
11966,Nizamabad,Kotgiri,2023-06-26,10.0,24.0,32.8,56.1,99.5,0.4,11.6,June,2023
11967,Nizamabad,Kotgiri,2023-06-27,5.2,23.3,28.5,64.8,100.0,0.0,8.6,June,2023
11968,Nizamabad,Kotgiri,2023-06-28,6.1,23.1,29.9,68.7,99.0,0.0,7.7,June,2023
11969,Nizamabad,Kotgiri,2023-06-29,2.5,23.4,31.9,61.3,98.8,0.0,7.0,June,2023
11970,Nizamabad,Kotgiri,2023-06-30,0.0,24.1,32.2,64.8,100.0,4.2,17.0,June,2023
11971,Nizamabad,Makloor,2023-06-01,0.0,25.4,38.9,28.2,80.1,0.0,15.1,June,2023
11972,Nizamabad,Makloor,2023-06-02,0.0,27.3,41.4,19.8,64.3,0.0,8.7,June,2023
11973,Nizamabad,Makloor,2023-06-03,0.0,27.2,41.8,20.6,69.9,0.9,12.4,June,2023
11974,Nizamabad,Makloor,2023-06-04,2.6,27.9,41.4,25.2,74.6,0.0,17.3,June,2023
11975,Nizamabad,Makloor,2023-06-05,23.7,22.6,41.4,31.3,99.9,0.0,20.8,June,2023
11976,Nizamabad,Makloor,2023-06-06,0.0,25.8,38.8,35.0,90.8,0.0,9.6,June,2023
11977,Nizamabad,Makloor,2023-06-07,0.8,27.4,39.7,30.3,85.5,0.0,14.1,June,2023
11978,Nizamabad,Makloor,2023-06-08,0.0,28.3,40.3,29.9,73.3,0.3,13.9,June,2023
11979,Nizamabad,Makloor,2023-06-09,0.0,27.4,39.5,31.3,76.4,0.0,15.3,June,2023
11980,Nizamabad,Makloor,2023-06-10,0.0,28.5,40.2,26.5,71.8,0.0,14.7,June,2023
11981,Nizamabad,Makloor,2023-06-11,2.3,25.3,40.4,31.9,90.4,0.1,19.2,June,2023
11982,Nizamabad,Makloor,2023-06-12,0.0,26.7,38.9,34.0,83.8,0.0,16.0,June,2023
11983,Nizamabad,Makloor,2023-06-13,0.0,28.0,40.3,31.9,69.9,0.3,12.9,June,2023
11984,Nizamabad,Makloor,2023-06-14,0.0,27.7,40.0,25.2,70.4,0.2,17.8,June,2023
11985,Nizamabad,Makloor,2023-06-15,0.0,27.4,39.9,29.6,70.4,1.4,15.9,June,2023
11986,Nizamabad,Makloor,2023-06-16,0.0,28.4,39.5,27.9,63.1,1.3,13.8,June,2023
11987,Nizamabad,Makloor,2023-06-17,0.0,28.0,39.9,27.2,70.4,0.0,12.4,June,2023
11988,Nizamabad,Makloor,2023-06-18,0.0,28.4,39.6,33.3,70.4,0.3,13.9,June,2023
11989,Nizamabad,Makloor,2023-06-19,0.0,28.9,39.0,30.8,70.4,0.8,14.9,June,2023
11990,Nizamabad,Makloor,2023-06-20,0.0,28.6,39.0,29.3,66.3,0.9,13.2,June,2023
11991,Nizamabad,Makloor,2023-06-21,0.0,29.3,39.4,31.5,70.4,1.9,11.4,June,2023
11992,Nizamabad,Makloor,2023-06-22,0.0,28.8,39.4,33.2,71.6,0.0,15.9,June,2023
11993,Nizamabad,Makloor,2023-06-23,0.4,24.6,37.4,36.1,97.2,0.0,14.9,June,2023
11994,Nizamabad,Makloor,2023-06-24,11.9,24.4,34.0,44.7,97.9,0.0,21.3,June,2023
11995,Nizamabad,Makloor,2023-06-25,15.9,23.0,32.9,67.5,100.0,0.0,12.7,June,2023
11996,Nizamabad,Makloor,2023-06-26,3.0,24.0,33.0,60.4,98.9,0.0,12.1,June,2023
11997,Nizamabad,Makloor,2023-06-27,14.1,22.9,29.8,84.8,100.0,0.0,15.0,June,2023
11998,Nizamabad,Makloor,2023-06-28,5.7,22.9,29.9,82.0,100.0,0.1,15.3,June,2023
11999,Nizamabad,Makloor,2023-06-29,6.0,23.9,32.7,74.3,100.0,0.0,14.9,June,2023
12000,Nizamabad,Makloor,2023-06-30,0.4,24.6,32.4,67.5,86.4,0.0,11.5,June,2023
12001,Nizamabad,Mendora,2023-06-01,0.0,25.6,40.2,29.8,94.8,0.0,0.5,June,2023
12002,Nizamabad,Mendora,2023-06-02,0.0,25.9,42.6,20.2,80.4,0.0,7.7,June,2023
12003,Nizamabad,Mendora,2023-06-03,0.0,26.1,43.6,21.6,62.4,0.0,4.7,June,2023
12004,Nizamabad,Mendora,2023-06-04,0.0,28.3,43.2,26.5,70.2,0.0,1.8,June,2023
12005,Nizamabad,Mendora,2023-06-05,0.8,23.8,42.8,23.7,95.3,0.0,7.7,June,2023
12006,Nizamabad,Mendora,2023-06-06,0.0,26.8,40.5,29.8,82.2,0.0,5.3,June,2023
12007,Nizamabad,Mendora,2023-06-07,0.0,27.4,40.6,36.8,81.3,0.0,8.9,June,2023
12008,Nizamabad,Mendora,2023-06-08,0.0,29.0,42.1,27.0,67.9,0.0,11.2,June,2023
12009,Nizamabad,Mendora,2023-06-09,5.5,24.6,42.0,27.9,65.2,0.0,3.5,June,2023
12010,Nizamabad,Mendora,2023-06-10,0.0,28.0,42.0,28.3,69.6,0.0,7.9,June,2023
12011,Nizamabad,Mendora,2023-06-11,1.2,24.5,41.7,31.4,93.4,0.0,14.2,June,2023
12012,Nizamabad,Mendora,2023-06-12,0.0,28.2,40.7,35.4,72.1,0.0,5.6,June,2023
12013,Nizamabad,Mendora,2023-06-13,0.0,29.0,41.8,31.4,63.4,0.0,13.9,June,2023
12014,Nizamabad,Mendora,2023-06-14,0.0,29.0,42.1,27.9,65.5,0.0,8.3,June,2023
12015,Nizamabad,Mendora,2023-06-15,0.0,28.5,41.3,30.5,66.9,0.0,7.1,June,2023
12016,Nizamabad,Mendora,2023-06-16,0.0,29.0,41.1,27.0,60.9,0.0,6.8,June,2023
12017,Nizamabad,Mendora,2023-06-17,0.0,29.2,41.9,26.5,67.9,0.0,7.0,June,2023
12018,Nizamabad,Mendora,2023-06-18,0.0,29.4,40.5,33.9,62.9,0.0,2.5,June,2023
12019,Nizamabad,Mendora,2023-06-19,0.0,29.9,40.9,32.5,62.9,0.2,5.6,June,2023
12020,Nizamabad,Mendora,2023-06-20,0.0,28.1,40.5,30.5,70.6,0.0,3.5,June,2023
12021,Nizamabad,Mendora,2023-06-21,0.0,28.1,41.0,33.2,73.8,0.0,9.7,June,2023
12022,Nizamabad,Mendora,2023-06-22,0.0,28.4,41.4,35.4,73.0,0.0,1.7,June,2023
12023,Nizamabad,Mendora,2023-06-23,5.1,23.8,40.1,36.0,100.0,0.0,0.3,June,2023
12024,Nizamabad,Mendora,2023-06-24,18.5,23.0,31.5,68.2,100.0,0.0,0.3,June,2023
12025,Nizamabad,Mendora,2023-06-25,0.0,24.4,32.5,68.4,100.0,0.0,1.3,June,2023
12026,Nizamabad,Mendora,2023-06-26,0.0,25.2,32.6,67.5,98.6,0.0,0.3,June,2023
12027,Nizamabad,Mendora,2023-06-27,14.8,23.3,26.3,94.0,100.0,0.0,8.7,June,2023
12028,Nizamabad,Mendora,2023-06-28,9.3,23.1,27.6,93.3,100.0,2.4,8.3,June,2023
12029,Nizamabad,Mendora,2023-06-29,0.9,24.9,32.5,75.6,100.0,0.0,5.2,June,2023
12030,Nizamabad,Mendora,2023-06-30,0.0,25.0,32.9,63.9,92.0,0.0,5.6,June,2023
12031,Nizamabad,Mortad,2023-06-01,0.0,25.6,39.2,32.0,83.3,0.0,6.7,June,2023
12032,Nizamabad,Mortad,2023-06-02,0.0,25.1,40.9,22.3,69.7,0.0,13.6,June,2023
12033,Nizamabad,Mortad,2023-06-03,0.0,26.1,43.0,19.9,59.9,0.0,10.8,June,2023
12034,Nizamabad,Mortad,2023-06-04,0.0,28.5,42.0,23.6,57.2,0.0,8.1,June,2023
12035,Nizamabad,Mortad,2023-06-05,20.9,22.6,42.6,25.8,94.0,0.0,12.5,June,2023
12036,Nizamabad,Mortad,2023-06-06,0.0,25.7,39.5,29.4,80.8,0.0,7.8,June,2023
12037,Nizamabad,Mortad,2023-06-07,0.0,26.2,39.4,33.3,77.0,0.0,9.2,June,2023
12038,Nizamabad,Mortad,2023-06-08,0.0,28.1,41.1,25.5,61.8,0.0,11.4,June,2023
12039,Nizamabad,Mortad,2023-06-09,6.2,25.4,41.1,26.2,78.1,0.0,15.8,June,2023
12040,Nizamabad,Mortad,2023-06-10,0.0,28.3,41.6,24.3,62.3,0.0,12.8,June,2023
12041,Nizamabad,Mortad,2023-06-11,0.0,26.6,41.7,28.8,76.3,0.0,14.2,June,2023
12042,Nizamabad,Mortad,2023-06-12,0.0,27.5,41.0,29.4,64.6,0.0,6.5,June,2023
12043,Nizamabad,Mortad,2023-06-13,0.0,28.5,42.1,28.1,55.8,0.0,11.0,June,2023
12044,Nizamabad,Mortad,2023-06-14,0.0,28.9,42.6,24.5,58.1,0.0,7.2,June,2023
12045,Nizamabad,Mortad,2023-06-15,0.0,28.1,41.2,27.5,59.5,0.0,10.2,June,2023
12046,Nizamabad,Mortad,2023-06-16,0.0,28.9,40.3,24.9,53.5,0.0,13.6,June,2023
12047,Nizamabad,Mortad,2023-06-17,0.0,28.8,42.2,25.1,59.0,0.0,10.5,June,2023
12048,Nizamabad,Mortad,2023-06-18,0.0,29.2,41.0,30.1,57.7,0.0,17.0,June,2023
12049,Nizamabad,Mortad,2023-06-19,0.0,29.6,40.2,29.4,55.8,0.0,15.2,June,2023
12050,Nizamabad,Mortad,2023-06-20,0.0,27.8,40.3,28.8,58.6,0.0,13.5,June,2023
12051,Nizamabad,Mortad,2023-06-21,0.0,29.1,40.8,30.7,61.8,0.0,15.4,June,2023
12052,Nizamabad,Mortad,2023-06-22,0.0,28.2,39.1,35.5,66.8,0.0,17.4,June,2023
12053,Nizamabad,Mortad,2023-06-23,5.9,24.0,37.6,35.8,93.9,0.0,13.4,June,2023
12054,Nizamabad,Mortad,2023-06-24,0.8,24.5,31.2,66.5,93.1,0.0,10.7,June,2023
12055,Nizamabad,Mortad,2023-06-25,0.0,24.4,32.9,63.3,88.0,0.6,6.8,June,2023
12056,Nizamabad,Mortad,2023-06-26,5.5,24.4,33.3,56.7,94.8,0.0,7.3,June,2023
12057,Nizamabad,Mortad,2023-06-27,9.7,23.5,27.1,79.4,97.5,0.0,11.3,June,2023
12058,Nizamabad,Mortad,2023-06-28,7.2,23.0,28.6,78.5,97.5,0.0,15.4,June,2023
12059,Nizamabad,Mortad,2023-06-29,2.3,24.1,32.9,61.0,95.7,0.0,6.0,June,2023
12060,Nizamabad,Mortad,2023-06-30,0.0,25.3,34.8,52.0,79.5,0.0,8.1,June,2023
12061,Nizamabad,Mosra,2023-06-01,0.0,28.1,37.2,34.3,81.6,0.0,4.6,June,2023
12062,Nizamabad,Mosra,2023-06-02,0.0,27.2,41.7,17.8,73.7,0.0,5.5,June,2023
12063,Nizamabad,Mosra,2023-06-03,0.0,27.5,42.9,16.0,51.1,0.0,8.2,June,2023
12064,Nizamabad,Mosra,2023-06-04,0.0,28.2,41.3,23.3,0.0,0.0,6.0,June,2023
12065,Nizamabad,Mosra,2023-06-05,18.2,25.9,34.7,45.3,82.6,0.4,8.5,June,2023
12066,Nizamabad,Mosra,2023-06-06,0.0,25.3,37.9,31.8,80.0,0.0,3.5,June,2023
12067,Nizamabad,Mosra,2023-06-07,0.0,28.7,36.8,28.8,76.7,0.1,7.7,June,2023
12068,Nizamabad,Mosra,2023-06-08,8.0,27.2,37.5,52.4,82.1,0.3,9.2,June,2023
12069,Nizamabad,Mosra,2023-06-09,0.0,26.6,41.4,26.9,78.9,0.0,6.4,June,2023
12070,Nizamabad,Mosra,2023-06-10,3.7,23.8,41.3,22.8,74.4,0.0,8.3,June,2023
12071,Nizamabad,Mosra,2023-06-11,11.5,23.2,39.0,29.1,91.9,0.0,9.6,June,2023
12072,Nizamabad,Mosra,2023-06-12,0.0,26.3,38.8,33.4,70.0,0.0,8.4,June,2023
12073,Nizamabad,Mosra,2023-06-13,0.0,26.7,38.8,29.3,57.0,0.0,6.8,June,2023
12074,Nizamabad,Mosra,2023-06-14,0.0,26.8,39.6,25.3,59.4,0.0,7.6,June,2023
12075,Nizamabad,Mosra,2023-06-15,0.0,26.9,39.6,25.3,57.0,0.0,7.3,June,2023
12076,Nizamabad,Mosra,2023-06-16,1.2,26.7,40.2,24.6,54.5,0.0,6.9,June,2023
12077,Nizamabad,Mosra,2023-06-17,0.0,26.9,39.8,23.9,57.0,0.0,7.2,June,2023
12078,Nizamabad,Mosra,2023-06-18,0.0,27.1,38.6,28.7,57.0,0.0,6.5,June,2023
12079,Nizamabad,Mosra,2023-06-19,0.0,27.7,39.7,28.0,56.0,0.0,10.3,June,2023
12080,Nizamabad,Mosra,2023-06-20,0.0,27.1,39.0,25.7,57.4,0.0,5.7,June,2023
12081,Nizamabad,Mosra,2023-06-21,0.0,28.4,39.6,28.0,55.0,0.0,9.6,June,2023
12082,Nizamabad,Mosra,2023-06-22,1.0,28.3,40.0,28.0,57.4,0.0,6.2,June,2023
12083,Nizamabad,Mosra,2023-06-23,0.0,26.9,38.5,31.1,87.1,0.0,9.0,June,2023
12084,Nizamabad,Mosra,2023-06-24,5.4,24.5,34.8,38.3,86.4,0.0,8.3,June,2023
12085,Nizamabad,Mosra,2023-06-25,5.0,23.6,32.6,59.4,91.0,0.0,7.1,June,2023
12086,Nizamabad,Mosra,2023-06-26,0.8,24.8,32.7,56.9,83.1,0.0,7.1,June,2023
12087,Nizamabad,Mosra,2023-06-27,12.7,23.2,29.4,67.2,97.4,0.0,5.4,June,2023
12088,Nizamabad,Mosra,2023-06-28,2.8,23.1,28.8,81.2,96.9,0.0,7.4,June,2023
12089,Nizamabad,Mosra,2023-06-29,9.2,24.2,32.0,75.3,97.9,0.0,5.5,June,2023
12090,Nizamabad,Mosra,2023-06-30,0.0,24.8,33.3,51.3,81.2,0.0,9.0,June,2023
12091,Nizamabad,Mugpal,2023-06-01,0.0,25.1,39.3,23.6,74.9,0.0,0.2,June,2023
12092,Nizamabad,Mugpal,2023-06-02,0.0,27.3,42.3,11.2,50.9,0.0,2.1,June,2023
12093,Nizamabad,Mugpal,2023-06-03,0.0,27.2,42.0,11.2,51.9,0.0,2.0,June,2023
12094,Nizamabad,Mugpal,2023-06-04,0.0,28.4,42.3,15.2,48.1,0.0,4.9,June,2023
12095,Nizamabad,Mugpal,2023-06-05,6.0,23.6,41.7,19.2,100.0,0.0,4.7,June,2023
12096,Nizamabad,Mugpal,2023-06-06,0.0,26.6,39.0,31.0,67.3,0.0,4.0,June,2023
12097,Nizamabad,Mugpal,2023-06-07,0.0,29.3,42.2,22.6,57.7,0.0,7.7,June,2023
12098,Nizamabad,Mugpal,2023-06-08,0.0,28.9,42.2,17.0,59.6,0.0,7.4,June,2023
12099,Nizamabad,Mugpal,2023-06-09,0.0,27.7,42.8,18.0,53.8,0.0,6.3,June,2023
12100,Nizamabad,Mugpal,2023-06-10,0.0,28.5,43.4,16.7,61.6,0.0,9.2,June,2023
12101,Nizamabad,Mugpal,2023-06-11,0.0,23.5,41.4,19.9,100.0,0.0,11.1,June,2023
12102,Nizamabad,Mugpal,2023-06-12,0.0,27.3,40.3,32.0,75.5,0.0,9.7,June,2023
12103,Nizamabad,Mugpal,2023-06-13,0.0,27.4,41.7,24.6,59.6,0.0,6.8,June,2023
12104,Nizamabad,Mugpal,2023-06-14,0.0,27.7,42.0,17.2,62.5,0.0,8.7,June,2023
12105,Nizamabad,Mugpal,2023-06-15,0.0,25.4,41.7,19.9,58.4,0.0,10.1,June,2023
12106,Nizamabad,Mugpal,2023-06-16,0.0,28.0,41.2,19.9,74.8,0.0,8.6,June,2023
12107,Nizamabad,Mugpal,2023-06-17,0.0,27.8,42.0,17.8,61.6,0.0,7.1,June,2023
12108,Nizamabad,Mugpal,2023-06-18,0.0,28.5,40.9,25.2,56.2,0.0,6.5,June,2023
12109,Nizamabad,Mugpal,2023-06-19,0.0,29.1,40.3,23.2,56.2,0.0,5.9,June,2023
12110,Nizamabad,Mugpal,2023-06-20,0.0,29.0,40.0,21.2,54.3,0.0,8.4,June,2023
12111,Nizamabad,Mugpal,2023-06-21,0.0,29.3,41.5,23.2,55.2,0.0,6.0,June,2023
12112,Nizamabad,Mugpal,2023-06-22,0.0,28.8,41.3,23.9,61.6,0.0,7.9,June,2023
12113,Nizamabad,Mugpal,2023-06-23,0.0,27.6,37.4,30.3,79.2,0.0,5.7,June,2023
12114,Nizamabad,Mugpal,2023-06-24,6.7,24.7,34.5,42.1,100.0,0.0,5.9,June,2023
12115,Nizamabad,Mugpal,2023-06-25,8.3,22.6,32.5,74.5,100.0,0.0,8.6,June,2023
12116,Nizamabad,Mugpal,2023-06-26,0.0,24.6,32.9,64.6,100.0,0.0,6.8,June,2023
12117,Nizamabad,Mugpal,2023-06-27,1.6,23.2,29.5,78.9,100.0,0.0,9.1,June,2023
12118,Nizamabad,Mugpal,2023-06-28,1.5,23.1,30.3,87.0,98.2,0.0,7.5,June,2023
12119,Nizamabad,Mugpal,2023-06-29,9.4,23.6,31.7,68.2,100.0,0.0,9.0,June,2023
12120,Nizamabad,Mugpal,2023-06-30,0.0,24.8,33.3,61.6,100.0,0.3,9.0,June,2023
12121,Nizamabad,Mupkal,2023-06-01,0.0,25.5,41.0,30.2,79.1,0.0,5.0,June,2023
12122,Nizamabad,Mupkal,2023-06-02,0.0,26.6,43.9,19.5,70.0,0.0,7.7,June,2023
12123,Nizamabad,Mupkal,2023-06-03,0.0,26.7,44.2,18.8,61.2,0.0,5.6,June,2023
12124,Nizamabad,Mupkal,2023-06-04,0.0,28.7,43.3,25.4,60.1,0.0,5.9,June,2023
12125,Nizamabad,Mupkal,2023-06-05,2.1,23.4,43.3,26.1,90.8,0.0,13.9,June,2023
12126,Nizamabad,Mupkal,2023-06-06,0.0,27.2,41.1,26.8,70.0,0.0,5.3,June,2023
12127,Nizamabad,Mupkal,2023-06-07,0.0,27.4,42.4,30.2,71.9,0.0,14.3,June,2023
12128,Nizamabad,Mupkal,2023-06-08,0.0,28.9,43.4,24.8,62.2,0.0,11.2,June,2023
12129,Nizamabad,Mupkal,2023-06-09,0.0,28.1,42.6,26.1,64.7,0.0,8.8,June,2023
12130,Nizamabad,Mupkal,2023-06-10,0.0,28.4,43.8,24.1,63.2,0.0,9.6,June,2023
12131,Nizamabad,Mupkal,2023-06-11,3.6,25.6,43.1,25.4,83.4,0.0,14.2,June,2023
12132,Nizamabad,Mupkal,2023-06-12,0.0,27.8,41.1,31.3,71.5,0.0,9.3,June,2023
12133,Nizamabad,Mupkal,2023-06-13,0.0,27.7,42.5,28.2,61.2,0.7,8.1,June,2023
12134,Nizamabad,Mupkal,2023-06-14,0.0,28.6,42.7,25.4,61.7,0.0,9.1,June,2023
12135,Nizamabad,Mupkal,2023-06-15,0.0,28.6,41.9,28.2,61.2,0.0,7.5,June,2023
12136,Nizamabad,Mupkal,2023-06-16,0.0,27.9,42.0,23.4,59.8,0.0,7.6,June,2023
12137,Nizamabad,Mupkal,2023-06-17,0.0,28.0,42.1,24.8,66.7,0.0,8.2,June,2023
12138,Nizamabad,Mupkal,2023-06-18,0.0,29.3,41.7,30.2,61.2,0.0,8.4,June,2023
12139,Nizamabad,Mupkal,2023-06-19,0.0,29.7,41.5,28.9,59.1,0.2,6.9,June,2023
12140,Nizamabad,Mupkal,2023-06-20,0.0,28.7,41.5,28.6,60.1,0.0,6.6,June,2023
12141,Nizamabad,Mupkal,2023-06-21,0.0,28.8,41.7,30.2,64.7,0.0,6.4,June,2023
12142,Nizamabad,Mupkal,2023-06-22,0.0,28.4,40.8,33.6,67.2,0.0,15.4,June,2023
12143,Nizamabad,Mupkal,2023-06-23,6.3,23.8,40.4,32.7,97.5,0.1,8.0,June,2023
12144,Nizamabad,Mupkal,2023-06-24,3.2,23.0,32.0,66.6,98.0,0.0,8.2,June,2023
12145,Nizamabad,Mupkal,2023-06-25,0.7,24.4,33.6,54.3,90.4,0.1,10.2,June,2023
12146,Nizamabad,Mupkal,2023-06-26,1.1,24.4,32.8,60.7,94.1,0.1,9.6,June,2023
12147,Nizamabad,Mupkal,2023-06-27,10.3,23.5,26.4,84.1,98.5,0.4,10.1,June,2023
12148,Nizamabad,Mupkal,2023-06-28,11.0,23.0,29.2,75.7,100.0,2.4,8.6,June,2023
12149,Nizamabad,Mupkal,2023-06-29,5.0,24.8,32.8,62.7,95.6,0.0,9.7,June,2023
12150,Nizamabad,Mupkal,2023-06-30,0.0,24.9,33.3,55.8,83.4,1.0,11.9,June,2023
12151,Nizamabad,Nandipet,2023-06-01,0.0,24.8,39.7,31.2,68.7,0.0,0.0,June,2023
12152,Nizamabad,Nandipet,2023-06-02,0.0,24.8,41.0,21.4,57.9,0.0,2.0,June,2023
12153,Nizamabad,Nandipet,2023-06-03,0.0,25.5,41.5,21.4,46.9,0.0,10.3,June,2023
12154,Nizamabad,Nandipet,2023-06-04,0.0,27.7,41.1,27.2,67.4,0.0,8.1,June,2023
12155,Nizamabad,Nandipet,2023-06-05,5.2,22.2,41.7,26.7,85.0,0.0,6.0,June,2023
12156,Nizamabad,Nandipet,2023-06-06,0.0,25.3,39.7,31.2,71.4,0.0,0.0,June,2023
12157,Nizamabad,Nandipet,2023-06-07,0.0,25.7,40.1,29.9,72.3,0.0,1.5,June,2023
12158,Nizamabad,Nandipet,2023-06-08,0.0,28.1,41.2,26.1,54.1,0.0,6.6,June,2023
12159,Nizamabad,Nandipet,2023-06-09,0.0,26.4,40.2,27.8,57.0,0.0,0.3,June,2023
12160,Nizamabad,Nandipet,2023-06-10,0.0,29.4,41.3,24.1,50.1,0.0,7.4,June,2023
12161,Nizamabad,Nandipet,2023-06-11,7.4,24.4,41.0,28.1,79.7,0.0,8.2,June,2023
12162,Nizamabad,Nandipet,2023-06-12,0.0,25.9,39.9,33.9,67.4,0.0,0.2,June,2023
12163,Nizamabad,Nandipet,2023-06-13,0.0,27.2,41.1,30.8,51.2,0.0,9.6,June,2023
12164,Nizamabad,Nandipet,2023-06-14,0.0,27.9,41.1,25.4,53.6,0.0,11.8,June,2023
12165,Nizamabad,Nandipet,2023-06-15,0.0,27.7,40.9,28.5,52.7,0.0,9.0,June,2023
12166,Nizamabad,Nandipet,2023-06-16,0.0,26.7,39.3,27.2,52.2,0.0,4.9,June,2023
12167,Nizamabad,Nandipet,2023-06-17,0.0,26.4,41.0,27.2,61.7,0.0,9.6,June,2023
12168,Nizamabad,Nandipet,2023-06-18,0.0,28.0,40.5,30.5,52.7,0.0,4.1,June,2023
12169,Nizamabad,Nandipet,2023-06-19,0.0,28.8,40.6,29.9,48.4,0.0,5.9,June,2023
12170,Nizamabad,Nandipet,2023-06-20,0.0,27.3,40.6,29.2,53.2,0.0,3.1,June,2023
12171,Nizamabad,Nandipet,2023-06-21,0.0,28.7,39.5,31.2,52.6,0.0,4.5,June,2023
12172,Nizamabad,Nandipet,2023-06-22,0.0,27.1,37.7,38.3,65.1,0.0,0.0,June,2023
12173,Nizamabad,Nandipet,2023-06-23,2.4,23.4,37.6,35.5,84.9,0.0,12.7,June,2023
12174,Nizamabad,Nandipet,2023-06-24,12.7,22.9,32.7,51.0,86.5,0.0,0.0,June,2023
12175,Nizamabad,Nandipet,2023-06-25,0.0,24.2,32.5,52.1,82.7,0.0,0.0,June,2023
12176,Nizamabad,Nandipet,2023-06-26,7.9,24.0,32.9,48.2,87.1,0.0,0.2,June,2023
12177,Nizamabad,Nandipet,2023-06-27,10.3,23.7,27.0,73.6,87.5,0.0,2.3,June,2023
12178,Nizamabad,Nandipet,2023-06-28,10.2,23.0,28.4,67.4,88.4,0.0,1.5,June,2023
12179,Nizamabad,Nandipet,2023-06-29,8.7,24.2,32.4,56.9,87.5,0.0,0.2,June,2023
12180,Nizamabad,Nandipet,2023-06-30,0.0,24.6,32.9,50.5,77.6,0.0,0.0,June,2023
12181,Nizamabad,Navipet,2023-06-01,0.0,26.7,38.9,33.4,67.3,0.0,12.8,June,2023
12182,Nizamabad,Navipet,2023-06-02,0.0,27.8,42.0,24.0,58.1,0.0,8.3,June,2023
12183,Nizamabad,Navipet,2023-06-03,0.0,27.8,41.6,23.3,52.2,0.0,13.1,June,2023
12184,Nizamabad,Navipet,2023-06-04,0.0,29.1,42.5,26.1,56.1,0.0,6.0,June,2023
12185,Nizamabad,Navipet,2023-06-05,7.3,23.4,41.0,30.2,95.3,0.0,5.5,June,2023
12186,Nizamabad,Navipet,2023-06-06,0.0,27.3,36.8,36.8,77.6,0.0,1.3,June,2023
12187,Nizamabad,Navipet,2023-06-07,0.0,28.3,40.5,32.7,68.3,0.0,3.2,June,2023
12188,Nizamabad,Navipet,2023-06-08,0.0,28.3,39.8,27.2,66.0,0.0,7.3,June,2023
12189,Nizamabad,Navipet,2023-06-09,4.7,27.9,38.6,36.0,67.4,0.0,8.7,June,2023
12190,Nizamabad,Navipet,2023-06-10,0.0,28.3,39.8,28.5,68.8,0.0,5.3,June,2023
12191,Nizamabad,Navipet,2023-06-11,0.0,25.3,40.5,35.0,85.6,0.0,10.2,June,2023
12192,Nizamabad,Navipet,2023-06-12,0.0,27.6,39.1,35.4,73.0,0.0,7.3,June,2023
12193,Nizamabad,Navipet,2023-06-13,0.0,27.5,41.5,32.0,61.6,0.0,10.2,June,2023
12194,Nizamabad,Navipet,2023-06-14,0.0,27.9,39.4,29.2,64.5,0.0,4.0,June,2023
12195,Nizamabad,Navipet,2023-06-15,0.0,27.6,39.7,27.9,64.0,0.0,8.0,June,2023
12196,Nizamabad,Navipet,2023-06-16,0.0,28.4,38.7,29.2,59.1,0.0,5.0,June,2023
12197,Nizamabad,Navipet,2023-06-17,0.0,28.6,39.8,28.5,63.0,0.0,0.1,June,2023
12198,Nizamabad,Navipet,2023-06-18,0.0,28.4,39.3,34.8,63.5,0.0,10.1,June,2023
12199,Nizamabad,Navipet,2023-06-19,0.0,29.2,37.7,35.7,62.5,0.0,2.2,June,2023
12200,Nizamabad,Navipet,2023-06-20,0.0,29.0,37.5,35.1,61.1,0.0,3.7,June,2023
12201,Nizamabad,Navipet,2023-06-21,0.0,29.2,38.4,35.4,63.5,0.0,4.7,June,2023
12202,Nizamabad,Navipet,2023-06-22,0.0,29.1,38.7,38.0,67.0,0.0,4.7,June,2023
12203,Nizamabad,Navipet,2023-06-23,1.7,25.0,36.9,39.8,95.2,0.0,10.1,June,2023
12204,Nizamabad,Navipet,2023-06-24,12.6,24.4,33.5,49.7,97.1,0.0,10.0,June,2023
12205,Nizamabad,Navipet,2023-06-25,4.4,24.1,32.2,61.6,96.2,0.0,12.5,June,2023
12206,Nizamabad,Navipet,2023-06-26,0.0,24.8,33.0,61.1,95.8,0.0,2.0,June,2023
12207,Nizamabad,Navipet,2023-06-27,22.9,23.5,27.0,82.9,98.6,0.0,1.4,June,2023
12208,Nizamabad,Navipet,2023-06-28,8.2,23.1,28.2,81.8,98.6,0.0,4.3,June,2023
12209,Nizamabad,Navipet,2023-06-29,14.4,23.9,30.8,73.1,99.5,0.0,0.1,June,2023
12210,Nizamabad,Navipet,2023-06-30,0.0,24.7,32.4,63.5,85.3,0.0,1.3,June,2023
12211,Nizamabad,Nizamabad_North,2023-06-01,0.0,24.7,40.6,31.8,78.4,0.0,16.6,June,2023
12212,Nizamabad,Nizamabad_North,2023-06-02,0.0,26.4,43.0,22.7,61.5,0.0,14.6,June,2023
12213,Nizamabad,Nizamabad_North,2023-06-03,0.0,25.4,42.7,23.8,64.1,0.0,6.3,June,2023
12214,Nizamabad,Nizamabad_North,2023-06-04,0.0,28.2,42.5,28.8,59.9,0.0,14.9,June,2023
12215,Nizamabad,Nizamabad_North,2023-06-05,48.0,23.1,42.2,29.8,100.0,0.0,8.3,June,2023
12216,Nizamabad,Nizamabad_North,2023-06-06,0.0,24.3,38.2,37.0,93.4,0.0,5.3,June,2023
12217,Nizamabad,Nizamabad_North,2023-06-07,0.0,26.2,41.2,33.1,83.0,0.0,9.9,June,2023
12218,Nizamabad,Nizamabad_North,2023-06-08,0.0,28.5,41.4,31.0,65.7,0.0,10.2,June,2023
12219,Nizamabad,Nizamabad_North,2023-06-09,0.5,26.2,40.3,35.4,76.6,0.0,10.3,June,2023
12220,Nizamabad,Nizamabad_North,2023-06-10,0.0,28.3,41.1,30.3,66.5,0.0,10.8,June,2023
12221,Nizamabad,Nizamabad_North,2023-06-11,0.4,25.1,40.2,34.7,82.5,0.1,14.0,June,2023
12222,Nizamabad,Nizamabad_North,2023-06-12,0.0,27.4,39.0,38.3,76.7,0.0,7.6,June,2023
12223,Nizamabad,Nizamabad_North,2023-06-13,0.0,28.2,39.6,35.4,62.5,0.0,9.2,June,2023
12224,Nizamabad,Nizamabad_North,2023-06-14,0.0,28.1,40.6,29.5,65.6,0.0,8.5,June,2023
12225,Nizamabad,Nizamabad_North,2023-06-15,0.0,28.1,40.5,30.7,64.3,0.0,10.1,June,2023
12226,Nizamabad,Nizamabad_North,2023-06-16,0.0,28.3,40.1,31.7,59.3,0.0,12.8,June,2023
12227,Nizamabad,Nizamabad_North,2023-06-17,0.0,28.6,40.7,29.5,63.8,0.1,10.8,June,2023
12228,Nizamabad,Nizamabad_North,2023-06-18,0.0,29.0,40.3,35.4,62.5,0.6,8.2,June,2023
12229,Nizamabad,Nizamabad_North,2023-06-19,0.0,29.4,40.2,35.4,62.9,0.6,11.7,June,2023
12230,Nizamabad,Nizamabad_North,2023-06-20,0.0,27.3,39.4,33.7,61.1,0.0,8.1,June,2023
12231,Nizamabad,Nizamabad_North,2023-06-21,0.0,29.7,40.0,35.4,62.5,0.0,7.5,June,2023
12232,Nizamabad,Nizamabad_North,2023-06-22,0.0,26.7,39.9,37.3,64.3,0.0,9.5,June,2023
12233,Nizamabad,Nizamabad_North,2023-06-23,0.2,25.3,38.5,37.3,92.7,0.0,13.6,June,2023
12234,Nizamabad,Nizamabad_North,2023-06-24,3.2,24.3,35.1,46.0,97.3,0.0,12.4,June,2023
12235,Nizamabad,Nizamabad_North,2023-06-25,8.3,23.3,32.7,63.9,97.5,0.0,9.2,June,2023
12236,Nizamabad,Nizamabad_North,2023-06-26,0.0,25.5,34.6,59.4,90.7,0.0,6.0,June,2023
12237,Nizamabad,Nizamabad_North,2023-06-27,14.5,22.8,28.8,74.7,100.0,0.0,9.5,June,2023
12238,Nizamabad,Nizamabad_North,2023-06-28,5.4,23.0,28.0,83.5,100.0,0.8,10.1,June,2023
12239,Nizamabad,Nizamabad_North,2023-06-29,4.1,24.5,32.3,68.3,100.0,0.0,10.5,June,2023
12240,Nizamabad,Nizamabad_North,2023-06-30,1.6,25.0,33.0,61.9,87.1,0.0,8.2,June,2023
12241,Nizamabad,Nizamabad_Rural,2023-06-01,0.0,24.7,41.2,30.1,79.1,0.0,7.1,June,2023
12242,Nizamabad,Nizamabad_Rural,2023-06-02,0.0,26.9,41.9,21.3,57.5,0.0,14.6,June,2023
12243,Nizamabad,Nizamabad_Rural,2023-06-03,0.0,25.6,41.6,20.6,63.6,0.0,17.4,June,2023
12244,Nizamabad,Nizamabad_Rural,2023-06-04,1.5,26.3,40.2,28.5,62.0,0.0,16.0,June,2023
12245,Nizamabad,Nizamabad_Rural,2023-06-05,27.2,22.9,40.9,29.2,100.0,0.0,13.9,June,2023
12246,Nizamabad,Nizamabad_Rural,2023-06-06,0.0,25.1,38.4,33.9,86.9,0.0,13.3,June,2023
12247,Nizamabad,Nizamabad_Rural,2023-06-07,0.0,26.8,39.5,32.9,70.5,0.0,14.2,June,2023
12248,Nizamabad,Nizamabad_Rural,2023-06-08,0.0,27.7,40.4,25.8,71.6,0.0,15.1,June,2023
12249,Nizamabad,Nizamabad_Rural,2023-06-09,6.2,25.9,40.4,31.6,79.4,0.0,39.0,June,2023
12250,Nizamabad,Nizamabad_Rural,2023-06-10,0.0,28.0,40.8,25.6,73.1,0.0,13.5,June,2023
12251,Nizamabad,Nizamabad_Rural,2023-06-11,0.0,24.9,39.4,35.5,90.8,0.0,19.3,June,2023
12252,Nizamabad,Nizamabad_Rural,2023-06-12,1.4,24.7,38.9,35.8,90.2,0.0,9.1,June,2023
12253,Nizamabad,Nizamabad_Rural,2023-06-13,0.0,27.3,39.8,34.2,66.0,0.0,10.5,June,2023
12254,Nizamabad,Nizamabad_Rural,2023-06-14,0.0,27.4,40.4,28.5,69.4,0.0,12.2,June,2023
12255,Nizamabad,Nizamabad_Rural,2023-06-15,0.0,27.8,39.8,30.2,67.1,0.0,14.4,June,2023
12256,Nizamabad,Nizamabad_Rural,2023-06-16,0.0,27.7,39.3,27.6,60.2,0.0,17.4,June,2023
12257,Nizamabad,Nizamabad_Rural,2023-06-17,0.0,28.4,40.0,28.5,65.6,0.0,13.6,June,2023
12258,Nizamabad,Nizamabad_Rural,2023-06-18,0.0,28.7,39.0,32.6,63.2,0.0,17.6,June,2023
12259,Nizamabad,Nizamabad_Rural,2023-06-19,0.0,29.3,38.9,34.6,63.6,0.1,18.1,June,2023
12260,Nizamabad,Nizamabad_Rural,2023-06-20,0.0,27.5,38.3,31.9,60.7,0.6,22.1,June,2023
12261,Nizamabad,Nizamabad_Rural,2023-06-21,0.0,29.8,39.7,34.6,62.7,0.0,16.6,June,2023
12262,Nizamabad,Nizamabad_Rural,2023-06-22,0.0,28.9,39.4,35.8,69.4,0.0,19.6,June,2023
12263,Nizamabad,Nizamabad_Rural,2023-06-23,1.1,24.8,37.4,37.8,100.0,0.0,17.1,June,2023
12264,Nizamabad,Nizamabad_Rural,2023-06-24,9.7,23.6,34.6,49.9,100.0,0.0,17.9,June,2023
12265,Nizamabad,Nizamabad_Rural,2023-06-25,1.2,24.1,32.8,68.1,99.2,0.0,7.7,June,2023
12266,Nizamabad,Nizamabad_Rural,2023-06-26,0.5,24.5,32.8,62.3,97.5,0.1,14.2,June,2023
12267,Nizamabad,Nizamabad_Rural,2023-06-27,17.4,23.0,27.4,81.6,100.0,0.0,14.6,June,2023
12268,Nizamabad,Nizamabad_Rural,2023-06-28,5.8,22.7,28.2,83.8,100.0,0.0,14.5,June,2023
12269,Nizamabad,Nizamabad_Rural,2023-06-29,9.8,24.1,31.1,72.0,100.0,0.0,9.6,June,2023
12270,Nizamabad,Nizamabad_Rural,2023-06-30,0.0,24.6,32.7,64.8,89.4,0.0,10.4,June,2023
12271,Nizamabad,Nizamabad_South,2023-06-01,0.0,26.5,38.7,20.7,70.0,0.0,3.0,June,2023
12272,Nizamabad,Nizamabad_South,2023-06-02,0.0,27.6,41.3,12.8,58.4,0.0,2.8,June,2023
12273,Nizamabad,Nizamabad_South,2023-06-03,0.0,27.8,39.7,14.2,36.2,0.0,4.6,June,2023
12274,Nizamabad,Nizamabad_South,2023-06-04,0.0,28.8,40.4,18.5,58.6,0.0,11.5,June,2023
12275,Nizamabad,Nizamabad_South,2023-06-05,30.8,23.5,40.2,18.5,100.0,0.0,6.0,June,2023
12276,Nizamabad,Nizamabad_South,2023-06-06,0.0,26.2,36.0,30.7,75.1,0.0,0.9,June,2023
12277,Nizamabad,Nizamabad_South,2023-06-07,0.0,28.1,39.6,22.9,72.0,0.0,10.0,June,2023
12278,Nizamabad,Nizamabad_South,2023-06-08,0.0,28.3,40.7,20.0,46.7,0.0,5.8,June,2023
12279,Nizamabad,Nizamabad_South,2023-06-09,5.5,27.2,39.8,22.7,51.5,0.0,5.2,June,2023
12280,Nizamabad,Nizamabad_South,2023-06-10,0.0,28.4,40.1,19.3,48.5,0.0,3.9,June,2023
12281,Nizamabad,Nizamabad_South,2023-06-11,0.0,24.1,39.7,23.6,74.0,0.1,3.0,June,2023
12282,Nizamabad,Nizamabad_South,2023-06-12,0.0,27.0,37.8,28.5,64.1,0.0,4.3,June,2023
12283,Nizamabad,Nizamabad_South,2023-06-13,0.0,27.7,39.7,24.4,66.8,0.0,6.1,June,2023
12284,Nizamabad,Nizamabad_South,2023-06-14,0.0,27.6,40.3,18.5,47.5,0.0,3.4,June,2023
12285,Nizamabad,Nizamabad_South,2023-06-15,0.0,27.4,39.8,20.0,44.9,0.0,3.8,June,2023
12286,Nizamabad,Nizamabad_South,2023-06-16,0.0,28.2,39.1,18.5,40.1,0.0,12.8,June,2023
12287,Nizamabad,Nizamabad_South,2023-06-17,0.0,28.0,40.1,18.5,67.1,0.1,4.0,June,2023
12288,Nizamabad,Nizamabad_South,2023-06-18,0.0,28.6,39.2,23.6,41.9,0.2,1.3,June,2023
12289,Nizamabad,Nizamabad_South,2023-06-19,0.0,29.1,39.2,22.9,41.9,1.2,8.5,June,2023
12290,Nizamabad,Nizamabad_South,2023-06-20,0.0,28.8,38.2,21.9,41.3,0.0,0.5,June,2023
12291,Nizamabad,Nizamabad_South,2023-06-21,0.0,29.5,39.4,23.6,65.7,0.0,3.6,June,2023
12292,Nizamabad,Nizamabad_South,2023-06-22,0.0,29.0,38.7,25.8,68.7,0.0,3.0,June,2023
12293,Nizamabad,Nizamabad_South,2023-06-23,0.0,26.1,38.1,27.3,77.1,0.0,6.9,June,2023
12294,Nizamabad,Nizamabad_South,2023-06-24,2.0,24.6,34.2,34.7,99.7,0.0,3.5,June,2023
12295,Nizamabad,Nizamabad_South,2023-06-25,7.8,23.6,32.8,53.4,100.0,0.0,5.7,June,2023
12296,Nizamabad,Nizamabad_South,2023-06-26,0.0,25.5,33.4,50.6,96.2,0.0,2.1,June,2023
12297,Nizamabad,Nizamabad_South,2023-06-27,3.5,22.7,28.5,80.5,100.0,0.0,4.0,June,2023
12298,Nizamabad,Nizamabad_South,2023-06-28,3.5,22.7,28.0,86.8,100.0,0.0,4.6,June,2023
12299,Nizamabad,Nizamabad_South,2023-06-29,2.3,23.5,31.3,72.8,100.0,0.0,6.1,June,2023
12300,Nizamabad,Nizamabad_South,2023-06-30,0.0,24.9,32.8,47.1,80.9,0.0,2.9,June,2023
12301,Nizamabad,Ranjal,2023-06-01,0.0,25.6,40.0,33.9,73.4,0.0,12.8,June,2023
12302,Nizamabad,Ranjal,2023-06-02,0.0,27.5,42.4,24.0,63.6,0.0,8.3,June,2023
12303,Nizamabad,Ranjal,2023-06-03,0.0,27.0,42.2,23.3,62.6,0.0,13.1,June,2023
12304,Nizamabad,Ranjal,2023-06-04,1.2,29.0,42.5,25.9,70.5,0.0,6.0,June,2023
12305,Nizamabad,Ranjal,2023-06-05,17.4,22.5,42.5,28.0,97.2,0.0,5.5,June,2023
12306,Nizamabad,Ranjal,2023-06-06,0.0,26.5,38.8,41.6,83.7,0.0,1.3,June,2023
12307,Nizamabad,Ranjal,2023-06-07,0.0,27.7,40.1,40.5,76.9,0.0,3.2,June,2023
12308,Nizamabad,Ranjal,2023-06-08,0.0,27.6,40.2,24.7,72.2,0.0,7.3,June,2023
12309,Nizamabad,Ranjal,2023-06-09,5.9,27.3,41.9,41.2,77.4,0.0,8.7,June,2023
12310,Nizamabad,Ranjal,2023-06-10,0.0,27.1,40.1,31.1,76.9,0.0,5.3,June,2023
12311,Nizamabad,Ranjal,2023-06-11,0.0,24.5,42.2,38.4,91.8,0.0,10.2,June,2023
12312,Nizamabad,Ranjal,2023-06-12,0.0,26.0,39.0,42.0,83.8,0.0,7.3,June,2023
12313,Nizamabad,Ranjal,2023-06-13,0.0,27.0,42.2,35.9,70.4,0.0,10.2,June,2023
12314,Nizamabad,Ranjal,2023-06-14,0.0,27.8,41.4,33.3,72.3,0.0,4.0,June,2023
12315,Nizamabad,Ranjal,2023-06-15,0.0,27.9,39.2,29.5,71.4,0.0,8.0,June,2023
12316,Nizamabad,Ranjal,2023-06-16,0.0,27.9,42.3,29.2,65.3,0.0,5.0,June,2023
12317,Nizamabad,Ranjal,2023-06-17,0.0,27.9,42.5,27.8,70.6,0.0,7.1,June,2023
12318,Nizamabad,Ranjal,2023-06-18,0.0,28.4,38.6,32.9,70.4,0.0,10.1,June,2023
12319,Nizamabad,Ranjal,2023-06-19,0.0,28.9,42.1,36.3,70.4,0.0,2.2,June,2023
12320,Nizamabad,Ranjal,2023-06-20,0.0,28.9,38.2,34.2,70.4,0.0,3.7,June,2023
12321,Nizamabad,Ranjal,2023-06-21,0.0,29.8,42.2,33.5,70.5,0.0,4.7,June,2023
12322,Nizamabad,Ranjal,2023-06-22,0.0,28.6,41.4,38.4,76.9,0.0,4.7,June,2023
12323,Nizamabad,Ranjal,2023-06-23,0.3,25.5,37.2,37.1,97.6,0.0,10.1,June,2023
12324,Nizamabad,Ranjal,2023-06-24,11.0,24.2,36.8,51.4,97.9,0.0,10.0,June,2023
12325,Nizamabad,Ranjal,2023-06-25,3.4,23.6,33.9,73.4,97.0,0.0,12.5,June,2023
12326,Nizamabad,Ranjal,2023-06-26,0.3,24.7,32.7,71.4,97.3,0.0,2.0,June,2023
12327,Nizamabad,Ranjal,2023-06-27,26.3,23.1,30.5,83.9,98.9,0.0,1.4,June,2023
12328,Nizamabad,Ranjal,2023-06-28,7.9,22.9,29.9,84.5,98.8,0.0,4.3,June,2023
12329,Nizamabad,Ranjal,2023-06-29,15.8,24.1,30.0,76.5,97.6,0.0,1.4,June,2023
12330,Nizamabad,Ranjal,2023-06-30,0.0,24.4,33.3,62.6,88.0,0.0,1.3,June,2023
12331,Nizamabad,Rudrur,2023-06-01,0.0,24.6,38.8,37.7,71.2,0.0,15.1,June,2023
12332,Nizamabad,Rudrur,2023-06-02,0.0,25.2,40.2,27.9,51.0,0.0,12.1,June,2023
12333,Nizamabad,Rudrur,2023-06-03,0.0,25.7,40.5,25.9,60.7,0.0,17.2,June,2023
12334,Nizamabad,Rudrur,2023-06-04,0.0,27.2,40.9,27.3,60.7,0.0,15.5,June,2023
12335,Nizamabad,Rudrur,2023-06-05,13.0,21.1,39.7,33.0,99.0,0.0,17.9,June,2023
12336,Nizamabad,Rudrur,2023-06-06,0.0,26.7,37.4,37.8,66.0,0.0,14.9,June,2023
12337,Nizamabad,Rudrur,2023-06-07,0.0,28.4,39.6,28.4,65.6,0.0,13.7,June,2023
12338,Nizamabad,Rudrur,2023-06-08,0.0,28.6,39.9,30.4,53.9,0.0,16.5,June,2023
12339,Nizamabad,Rudrur,2023-06-09,0.0,27.9,39.8,31.7,53.3,0.0,16.2,June,2023
12340,Nizamabad,Rudrur,2023-06-10,1.3,26.4,40.3,11.5,78.5,0.0,21.5,June,2023
12341,Nizamabad,Rudrur,2023-06-11,2.4,24.9,37.8,16.2,99.4,0.0,19.1,June,2023
12342,Nizamabad,Rudrur,2023-06-12,20.0,24.2,37.0,26.3,92.1,0.0,30.7,June,2023
12343,Nizamabad,Rudrur,2023-06-13,0.0,25.5,38.0,40.3,72.9,0.0,14.5,June,2023
12344,Nizamabad,Rudrur,2023-06-14,0.0,26.3,39.8,30.4,68.5,0.0,15.1,June,2023
12345,Nizamabad,Rudrur,2023-06-15,0.0,25.8,39.0,34.4,65.8,0.0,18.9,June,2023
12346,Nizamabad,Rudrur,2023-06-16,0.0,26.8,39.1,32.3,62.8,0.0,16.4,June,2023
12347,Nizamabad,Rudrur,2023-06-17,0.0,26.2,39.5,30.9,65.0,0.0,18.1,June,2023
12348,Nizamabad,Rudrur,2023-06-18,0.0,27.7,38.3,40.9,66.1,0.0,15.3,June,2023
12349,Nizamabad,Rudrur,2023-06-19,0.0,28.2,38.5,35.7,63.4,0.0,16.0,June,2023
12350,Nizamabad,Rudrur,2023-06-20,0.0,27.6,38.1,34.8,63.2,0.0,16.5,June,2023
12351,Nizamabad,Rudrur,2023-06-21,0.0,28.7,38.9,36.2,63.3,0.0,14.6,June,2023
12352,Nizamabad,Rudrur,2023-06-22,0.0,28.3,38.7,38.4,68.2,0.0,14.2,June,2023
12353,Nizamabad,Rudrur,2023-06-23,0.9,27.2,36.6,39.4,74.8,0.0,16.0,June,2023
12354,Nizamabad,Rudrur,2023-06-24,6.0,24.8,34.5,45.2,92.0,0.0,13.5,June,2023
12355,Nizamabad,Rudrur,2023-06-25,24.5,22.9,31.1,76.1,96.6,0.0,14.3,June,2023
12356,Nizamabad,Rudrur,2023-06-26,10.2,24.2,32.1,67.2,94.5,0.0,9.9,June,2023
12357,Nizamabad,Rudrur,2023-06-27,5.8,22.9,27.7,77.7,98.4,0.0,15.1,June,2023
12358,Nizamabad,Rudrur,2023-06-28,3.0,22.8,29.1,77.0,97.5,0.0,17.1,June,2023
12359,Nizamabad,Rudrur,2023-06-29,3.6,23.6,31.4,70.0,97.7,0.0,13.9,June,2023
12360,Nizamabad,Rudrur,2023-06-30,0.0,24.3,32.0,68.5,86.0,0.0,18.1,June,2023
12361,Nizamabad,Sirkonda,2023-06-01,0.0,23.8,38.6,33.1,73.7,0.0,15.6,June,2023
12362,Nizamabad,Sirkonda,2023-06-02,0.0,25.4,40.0,24.2,65.7,0.3,5.8,June,2023
12363,Nizamabad,Sirkonda,2023-06-03,0.0,24.3,40.4,23.4,62.8,0.0,13.4,June,2023
12364,Nizamabad,Sirkonda,2023-06-04,0.0,27.8,40.4,26.1,61.1,0.0,13.8,June,2023
12365,Nizamabad,Sirkonda,2023-06-05,5.5,21.2,40.9,30.9,91.7,0.0,17.5,June,2023
12366,Nizamabad,Sirkonda,2023-06-06,0.0,23.4,37.4,34.8,73.3,0.0,10.3,June,2023
12367,Nizamabad,Sirkonda,2023-06-07,0.0,27.2,39.0,35.1,64.9,0.0,17.5,June,2023
12368,Nizamabad,Sirkonda,2023-06-08,0.0,28.4,39.4,32.4,65.4,0.1,7.3,June,2023
12369,Nizamabad,Sirkonda,2023-06-09,0.0,27.0,39.6,26.5,68.7,0.0,19.8,June,2023
12370,Nizamabad,Sirkonda,2023-06-10,0.0,28.5,40.5,29.8,64.2,0.1,10.4,June,2023
12371,Nizamabad,Sirkonda,2023-06-11,0.0,25.2,39.4,36.2,77.6,0.0,13.3,June,2023
12372,Nizamabad,Sirkonda,2023-06-12,0.0,26.3,38.5,38.2,68.1,0.6,14.2,June,2023
12373,Nizamabad,Sirkonda,2023-06-13,0.0,27.7,39.1,36.7,65.0,0.0,9.6,June,2023
12374,Nizamabad,Sirkonda,2023-06-14,0.0,27.7,39.6,30.0,65.4,0.0,11.4,June,2023
12375,Nizamabad,Sirkonda,2023-06-15,0.0,27.6,40.1,33.1,65.9,1.1,21.3,June,2023
12376,Nizamabad,Sirkonda,2023-06-16,0.0,28.0,39.2,31.8,60.8,0.0,24.8,June,2023
12377,Nizamabad,Sirkonda,2023-06-17,0.0,28.1,39.3,30.6,64.5,0.0,22.2,June,2023
12378,Nizamabad,Sirkonda,2023-06-18,0.0,28.5,39.1,37.9,62.7,0.0,17.0,June,2023
12379,Nizamabad,Sirkonda,2023-06-19,0.0,28.3,38.7,37.0,61.8,0.0,22.0,June,2023
12380,Nizamabad,Sirkonda,2023-06-20,0.0,25.9,38.9,36.5,64.3,0.0,15.9,June,2023
12381,Nizamabad,Sirkonda,2023-06-21,0.0,27.5,38.5,36.5,69.6,0.0,14.5,June,2023
12382,Nizamabad,Sirkonda,2023-06-22,0.0,27.3,38.6,38.0,71.8,0.0,24.4,June,2023
12383,Nizamabad,Sirkonda,2023-06-23,0.0,25.8,36.0,42.0,86.1,0.0,24.9,June,2023
12384,Nizamabad,Sirkonda,2023-06-24,0.3,25.0,33.3,55.0,93.1,0.9,9.0,June,2023
12385,Nizamabad,Sirkonda,2023-06-25,3.7,23.6,32.5,62.7,98.6,0.0,16.7,June,2023
12386,Nizamabad,Sirkonda,2023-06-26,1.0,24.7,32.8,60.6,89.6,0.0,14.4,June,2023
12387,Nizamabad,Sirkonda,2023-06-27,6.6,22.9,30.1,65.3,98.6,0.0,25.7,June,2023
12388,Nizamabad,Sirkonda,2023-06-28,1.5,22.7,29.7,68.0,96.8,0.0,24.8,June,2023
12389,Nizamabad,Sirkonda,2023-06-29,10.3,23.7,32.9,62.8,99.5,0.0,23.3,June,2023
12390,Nizamabad,Sirkonda,2023-06-30,0.0,24.6,33.4,59.0,82.2,1.6,20.6,June,2023
12391,Nizamabad,Vailpur,2023-06-01,0.0,24.8,40.8,33.2,86.3,0.0,4.4,June,2023
12392,Nizamabad,Vailpur,2023-06-02,0.0,24.5,42.5,22.0,77.1,0.0,8.4,June,2023
12393,Nizamabad,Vailpur,2023-06-03,0.0,26.0,42.4,22.5,65.5,0.0,9.0,June,2023
12394,Nizamabad,Vailpur,2023-06-04,0.0,28.2,42.2,27.2,60.9,0.0,7.8,June,2023
12395,Nizamabad,Vailpur,2023-06-05,28.2,22.7,42.7,26.1,97.5,0.0,6.8,June,2023
12396,Nizamabad,Vailpur,2023-06-06,0.0,25.8,39.4,31.9,85.4,0.0,6.6,June,2023
12397,Nizamabad,Vailpur,2023-06-07,6.5,25.1,40.5,34.6,89.4,0.0,14.2,June,2023
12398,Nizamabad,Vailpur,2023-06-08,0.0,28.0,41.2,29.2,71.0,0.0,11.3,June,2023
12399,Nizamabad,Vailpur,2023-06-09,0.0,27.0,41.4,28.5,69.2,0.0,14.5,June,2023
12400,Nizamabad,Vailpur,2023-06-10,0.0,28.1,42.0,26.1,66.1,0.0,10.4,June,2023
12401,Nizamabad,Vailpur,2023-06-11,3.5,24.4,41.6,31.9,89.8,0.0,13.3,June,2023
12402,Nizamabad,Vailpur,2023-06-12,0.0,26.8,39.6,33.2,72.4,0.0,9.6,June,2023
12403,Nizamabad,Vailpur,2023-06-13,0.0,27.6,40.9,33.2,62.3,0.0,8.3,June,2023
12404,Nizamabad,Vailpur,2023-06-14,0.0,28.4,41.2,27.9,62.3,0.0,9.8,June,2023
12405,Nizamabad,Vailpur,2023-06-15,0.0,28.0,40.0,29.9,62.3,0.0,12.0,June,2023
12406,Nizamabad,Vailpur,2023-06-16,0.0,28.5,40.2,29.2,57.5,0.0,7.9,June,2023
12407,Nizamabad,Vailpur,2023-06-17,0.0,28.0,41.5,26.5,64.7,0.0,8.1,June,2023
12408,Nizamabad,Vailpur,2023-06-18,0.0,29.0,40.2,33.9,61.4,0.0,8.3,June,2023
12409,Nizamabad,Vailpur,2023-06-19,0.0,29.7,40.8,31.9,57.0,0.0,7.7,June,2023
12410,Nizamabad,Vailpur,2023-06-20,0.0,28.1,39.9,30.6,59.4,0.0,8.8,June,2023
12411,Nizamabad,Vailpur,2023-06-21,0.0,27.5,40.1,33.9,70.1,0.0,6.9,June,2023
12412,Nizamabad,Vailpur,2023-06-22,0.0,27.5,39.6,36.4,72.4,0.0,14.3,June,2023
12413,Nizamabad,Vailpur,2023-06-23,1.7,24.7,39.1,37.3,96.6,0.0,10.8,June,2023
12414,Nizamabad,Vailpur,2023-06-24,0.8,24.9,32.5,66.2,95.2,0.0,4.0,June,2023
12415,Nizamabad,Vailpur,2023-06-25,0.3,24.6,32.0,67.5,90.7,0.0,12.3,June,2023
12416,Nizamabad,Vailpur,2023-06-26,0.3,25.1,34.4,52.0,91.1,0.0,8.0,June,2023
12417,Nizamabad,Vailpur,2023-06-27,9.8,23.5,27.0,80.9,99.3,0.0,7.4,June,2023
12418,Nizamabad,Vailpur,2023-06-28,3.9,23.2,28.9,78.6,99.3,0.0,10.3,June,2023
12419,Nizamabad,Vailpur,2023-06-29,2.2,24.5,32.9,63.8,97.9,0.0,7.7,June,2023
12420,Nizamabad,Vailpur,2023-06-30,0.0,25.2,33.1,58.0,83.7,0.0,8.5,June,2023
12421,Nizamabad,Varni,2023-06-01,0.0,26.6,42.1,33.0,76.9,0.0,8.9,June,2023
12422,Nizamabad,Varni,2023-06-02,0.0,28.1,44.0,31.5,69.9,0.0,9.5,June,2023
12423,Nizamabad,Varni,2023-06-03,0.0,29.5,44.3,31.0,57.0,0.0,7.1,June,2023
12424,Nizamabad,Varni,2023-06-04,0.0,27.8,42.2,28.1,63.2,0.0,7.7,June,2023
12425,Nizamabad,Varni,2023-06-05,9.1,23.9,42.4,40.7,97.1,1.4,14.6,June,2023
12426,Nizamabad,Varni,2023-06-06,0.0,27.0,39.0,41.6,84.4,0.0,7.8,June,2023
12427,Nizamabad,Varni,2023-06-07,0.0,27.4,42.1,35.0,77.6,0.0,8.1,June,2023
12428,Nizamabad,Varni,2023-06-08,0.7,26.4,39.8,33.3,76.6,0.8,13.2,June,2023
12429,Nizamabad,Varni,2023-06-09,0.9,27.2,41.6,36.4,64.2,0.0,9.7,June,2023
12430,Nizamabad,Varni,2023-06-10,0.8,27.1,42.0,40.0,79.4,0.0,14.7,June,2023
12431,Nizamabad,Varni,2023-06-11,12.4,26.6,42.1,43.0,99.4,0.0,16.4,June,2023
12432,Nizamabad,Varni,2023-06-12,23.3,27.3,41.7,48.8,97.2,0.0,15.9,June,2023
12433,Nizamabad,Varni,2023-06-13,0.0,28.3,41.8,46.8,72.7,0.0,10.3,June,2023
12434,Nizamabad,Varni,2023-06-14,0.0,29.0,41.9,40.5,73.5,0.0,13.6,June,2023
12435,Nizamabad,Varni,2023-06-15,0.0,26.8,39.9,34.8,76.4,0.0,11.0,June,2023
12436,Nizamabad,Varni,2023-06-16,0.0,27.1,42.0,25.8,71.4,0.0,9.8,June,2023
12437,Nizamabad,Varni,2023-06-17,0.0,27.3,37.4,27.1,73.9,2.5,12.8,June,2023
12438,Nizamabad,Varni,2023-06-18,0.0,28.3,39.6,35.6,72.6,0.0,13.0,June,2023
12439,Nizamabad,Varni,2023-06-19,0.0,26.7,41.6,25.5,71.1,0.0,10.4,June,2023
12440,Nizamabad,Varni,2023-06-20,0.0,28.1,39.9,33.4,63.8,0.0,9.9,June,2023
12441,Nizamabad,Varni,2023-06-21,0.0,27.5,41.5,34.5,70.4,0.0,7.0,June,2023
12442,Nizamabad,Varni,2023-06-22,0.0,23.2,40.0,41.8,93.7,0.6,12.1,June,2023
12443,Nizamabad,Varni,2023-06-23,1.4,25.9,38.4,47.5,85.9,0.0,16.4,June,2023
12444,Nizamabad,Varni,2023-06-24,4.4,23.5,36.9,51.3,97.6,0.0,6.1,June,2023
12445,Nizamabad,Varni,2023-06-25,30.0,21.9,36.3,71.4,99.9,0.2,7.2,June,2023
12446,Nizamabad,Varni,2023-06-26,6.7,23.9,34.1,71.4,98.0,0.0,10.6,June,2023
12447,Nizamabad,Varni,2023-06-27,3.7,23.7,30.4,77.1,99.9,0.0,8.2,June,2023
12448,Nizamabad,Varni,2023-06-28,1.9,23.5,32.2,66.7,99.9,0.0,7.1,June,2023
12449,Nizamabad,Varni,2023-06-29,14.0,23.7,31.6,57.1,99.9,0.0,9.9,June,2023
12450,Nizamabad,Varni,2023-06-30,0.0,23.5,33.8,60.3,91.3,4.4,11.4,June,2023
12451,Nizamabad,Yeda_Palle,2023-06-01,0.0,25.4,42.0,30.2,79.9,0.0,12.8,June,2023
12452,Nizamabad,Yeda_Palle,2023-06-02,0.0,26.0,44.2,17.8,62.2,0.0,8.3,June,2023
12453,Nizamabad,Yeda_Palle,2023-06-03,0.0,25.7,44.2,18.9,62.6,0.0,13.1,June,2023
12454,Nizamabad,Yeda_Palle,2023-06-04,0.0,28.0,42.1,19.6,55.7,0.0,6.0,June,2023
12455,Nizamabad,Yeda_Palle,2023-06-05,20.4,22.5,41.5,22.9,100.0,0.0,6.0,June,2023
12456,Nizamabad,Yeda_Palle,2023-06-06,0.0,26.1,38.6,38.3,82.5,0.0,1.3,June,2023
12457,Nizamabad,Yeda_Palle,2023-06-07,0.0,27.4,41.8,17.5,75.8,0.0,10.0,June,2023
12458,Nizamabad,Yeda_Palle,2023-06-08,1.7,24.8,41.4,20.1,100.0,0.0,7.3,June,2023
12459,Nizamabad,Yeda_Palle,2023-06-09,2.0,25.8,40.3,31.9,79.8,0.0,8.7,June,2023
12460,Nizamabad,Yeda_Palle,2023-06-10,0.9,24.9,41.0,29.5,74.2,0.0,5.3,June,2023
12461,Nizamabad,Yeda_Palle,2023-06-11,8.8,23.0,40.3,37.5,100.0,0.1,10.2,June,2023
12462,Nizamabad,Yeda_Palle,2023-06-12,0.0,25.4,39.4,39.3,82.8,0.0,7.3,June,2023
12463,Nizamabad,Yeda_Palle,2023-06-13,0.0,26.4,39.3,35.7,77.7,0.0,10.2,June,2023
12464,Nizamabad,Yeda_Palle,2023-06-14,0.0,27.0,40.7,21.5,70.6,0.0,4.0,June,2023
12465,Nizamabad,Yeda_Palle,2023-06-15,0.0,26.9,40.7,22.9,68.3,0.0,8.0,June,2023
12466,Nizamabad,Yeda_Palle,2023-06-16,0.0,27.2,40.3,25.0,62.7,0.0,5.0,June,2023
12467,Nizamabad,Yeda_Palle,2023-06-17,0.0,27.1,40.1,22.2,67.9,0.1,7.1,June,2023
12468,Nizamabad,Yeda_Palle,2023-06-18,0.0,28.2,40.1,28.2,63.7,0.2,10.1,June,2023
12469,Nizamabad,Yeda_Palle,2023-06-19,0.0,28.6,40.2,27.5,65.2,1.2,8.5,June,2023
12470,Nizamabad,Yeda_Palle,2023-06-20,0.0,27.0,39.3,25.4,65.7,0.0,3.7,June,2023
12471,Nizamabad,Yeda_Palle,2023-06-21,0.0,29.1,40.2,28.4,64.2,0.0,4.7,June,2023
12472,Nizamabad,Yeda_Palle,2023-06-22,0.0,28.2,39.7,30.5,74.6,0.0,4.7,June,2023
12473,Nizamabad,Yeda_Palle,2023-06-23,0.0,25.3,38.5,32.3,100.0,0.0,10.1,June,2023
12474,Nizamabad,Yeda_Palle,2023-06-24,6.5,23.9,35.1,45.0,100.0,0.0,10.0,June,2023
12475,Nizamabad,Yeda_Palle,2023-06-25,0.0,24.0,32.4,68.2,100.0,0.0,12.5,June,2023
12476,Nizamabad,Yeda_Palle,2023-06-26,0.5,25.1,32.7,59.7,100.0,0.0,2.1,June,2023
12477,Nizamabad,Yeda_Palle,2023-06-27,7.2,23.0,28.0,78.4,100.0,0.0,4.0,June,2023
12478,Nizamabad,Yeda_Palle,2023-06-28,4.1,22.6,28.9,84.4,100.0,0.0,4.6,June,2023
12479,Nizamabad,Yeda_Palle,2023-06-29,11.3,24.1,31.5,69.2,100.0,0.0,3.1,June,2023
12480,Nizamabad,Yeda_Palle,2023-06-30,0.2,24.7,32.8,62.7,100.0,0.0,2.9,June,2023
12481,Nizamabad,Yergatla,2023-06-01,0.0,25.5,39.6,25.7,88.2,0.0,5.3,June,2023
12482,Nizamabad,Yergatla,2023-06-02,0.0,27.1,41.6,15.0,59.6,0.0,11.1,June,2023
12483,Nizamabad,Yergatla,2023-06-03,0.0,27.3,41.6,13.7,52.7,0.0,11.3,June,2023
12484,Nizamabad,Yergatla,2023-06-04,0.0,28.3,41.4,17.7,50.1,0.0,6.7,June,2023
12485,Nizamabad,Yergatla,2023-06-05,0.3,23.5,40.5,20.5,90.0,0.0,11.0,June,2023
12486,Nizamabad,Yergatla,2023-06-06,0.0,27.5,39.3,20.9,66.9,0.0,9.0,June,2023
12487,Nizamabad,Yergatla,2023-06-07,0.0,27.4,39.9,25.7,65.0,0.0,11.5,June,2023
12488,Nizamabad,Yergatla,2023-06-08,0.0,28.3,41.2,17.5,53.2,0.0,11.3,June,2023
12489,Nizamabad,Yergatla,2023-06-09,1.8,27.3,41.6,18.6,61.1,0.0,14.2,June,2023
12490,Nizamabad,Yergatla,2023-06-10,0.0,29.6,40.2,20.3,56.1,0.6,12.9,June,2023
12491,Nizamabad,Yergatla,2023-06-11,0.4,25.1,40.4,21.8,81.1,0.0,14.1,June,2023
12492,Nizamabad,Yergatla,2023-06-12,0.0,28.4,38.8,27.0,65.0,0.0,8.8,June,2023
12493,Nizamabad,Yergatla,2023-06-13,0.0,27.6,40.3,23.9,52.7,0.0,12.9,June,2023
12494,Nizamabad,Yergatla,2023-06-14,0.0,29.1,40.7,20.3,51.7,0.0,10.2,June,2023
12495,Nizamabad,Yergatla,2023-06-15,0.0,28.8,39.9,22.3,51.7,0.0,13.3,June,2023
12496,Nizamabad,Yergatla,2023-06-16,0.0,28.3,39.6,16.8,49.6,0.0,14.5,June,2023
12497,Nizamabad,Yergatla,2023-06-17,0.0,28.7,40.5,17.7,55.7,0.0,11.6,June,2023
12498,Nizamabad,Yergatla,2023-06-18,0.0,29.9,39.0,25.0,49.5,0.0,11.7,June,2023
12499,Nizamabad,Yergatla,2023-06-19,0.0,30.2,39.1,24.3,48.3,0.0,14.4,June,2023
12500,Nizamabad,Yergatla,2023-06-20,0.0,28.8,38.8,23.0,50.6,0.0,10.5,June,2023
12501,Nizamabad,Yergatla,2023-06-21,0.0,28.5,39.2,25.3,58.1,0.0,11.7,June,2023
12502,Nizamabad,Yergatla,2023-06-22,0.0,28.5,39.8,27.3,59.6,0.0,11.4,June,2023
12503,Nizamabad,Yergatla,2023-06-23,7.3,24.0,38.2,28.4,100.0,0.0,10.1,June,2023
12504,Nizamabad,Yergatla,2023-06-24,10.4,23.2,31.5,69.7,100.0,0.0,6.0,June,2023
12505,Nizamabad,Yergatla,2023-06-25,0.0,24.4,31.3,67.6,100.0,0.2,6.1,June,2023
12506,Nizamabad,Yergatla,2023-06-26,0.3,24.5,31.2,63.9,100.0,0.0,7.1,June,2023
12507,Nizamabad,Yergatla,2023-06-27,12.6,23.6,26.8,87.2,99.2,0.6,10.1,June,2023
12508,Nizamabad,Yergatla,2023-06-28,9.4,23.0,27.3,86.6,99.2,0.7,14.0,June,2023
12509,Nizamabad,Yergatla,2023-06-29,0.0,24.2,31.1,69.4,100.0,0.0,6.7,June,2023
12510,Nizamabad,Yergatla,2023-06-30,0.0,25.0,32.6,63.6,95.7,0.0,8.4,June,2023
12511,Peddapalli,Antargoan,2023-06-01,0.0,26.8,41.5,42.6,90.8,0.0,5.6,June,2023
12512,Peddapalli,Antargoan,2023-06-02,0.0,27.4,44.6,32.2,84.2,0.0,9.7,June,2023
12513,Peddapalli,Antargoan,2023-06-03,0.0,28.5,44.3,31.7,74.5,0.0,10.7,June,2023
12514,Peddapalli,Antargoan,2023-06-04,0.0,28.7,44.5,35.1,73.4,0.0,10.4,June,2023
12515,Peddapalli,Antargoan,2023-06-05,0.0,24.7,44.5,40.3,86.4,0.0,16.1,June,2023
12516,Peddapalli,Antargoan,2023-06-06,0.0,27.8,42.1,38.8,75.2,0.0,9.4,June,2023
12517,Peddapalli,Antargoan,2023-06-07,0.0,27.5,41.6,40.5,93.4,0.0,13.8,June,2023
12518,Peddapalli,Antargoan,2023-06-08,0.4,28.0,44.3,38.9,73.5,0.0,12.4,June,2023
12519,Peddapalli,Antargoan,2023-06-09,0.0,28.7,44.4,34.4,70.4,0.0,14.1,June,2023
12520,Peddapalli,Antargoan,2023-06-10,0.0,28.3,44.5,33.9,70.1,0.0,13.5,June,2023
12521,Peddapalli,Antargoan,2023-06-11,0.0,27.0,42.2,42.1,92.6,0.0,14.3,June,2023
12522,Peddapalli,Antargoan,2023-06-12,0.0,27.8,41.8,44.7,74.4,0.0,14.1,June,2023
12523,Peddapalli,Antargoan,2023-06-13,0.0,28.3,42.2,37.4,71.9,0.0,18.1,June,2023
12524,Peddapalli,Antargoan,2023-06-14,0.0,28.5,44.7,38.0,61.1,0.0,15.3,June,2023
12525,Peddapalli,Antargoan,2023-06-15,0.0,28.4,41.8,39.7,63.9,0.0,16.7,June,2023
12526,Peddapalli,Antargoan,2023-06-16,0.0,28.6,42.3,29.7,66.3,0.0,8.1,June,2023
12527,Peddapalli,Antargoan,2023-06-17,0.0,31.2,44.8,33.9,67.4,0.0,14.1,June,2023
12528,Peddapalli,Antargoan,2023-06-18,0.0,31.2,42.8,40.3,72.4,0.0,13.9,June,2023
12529,Peddapalli,Antargoan,2023-06-19,0.0,29.2,44.4,40.3,66.7,0.0,14.3,June,2023
12530,Peddapalli,Antargoan,2023-06-20,0.0,29.2,42.8,40.2,61.2,0.0,15.1,June,2023
12531,Peddapalli,Antargoan,2023-06-21,0.0,27.6,44.3,33.1,84.3,5.3,9.2,June,2023
12532,Peddapalli,Antargoan,2023-06-22,0.0,26.5,39.2,48.2,91.0,0.0,13.3,June,2023
12533,Peddapalli,Antargoan,2023-06-23,5.6,25.3,37.8,47.3,97.7,0.0,12.9,June,2023
12534,Peddapalli,Antargoan,2023-06-24,1.8,25.9,31.1,76.3,95.8,0.0,4.2,June,2023
12535,Peddapalli,Antargoan,2023-06-25,0.0,25.0,31.4,74.6,95.5,0.0,8.1,June,2023
12536,Peddapalli,Antargoan,2023-06-26,6.5,24.7,34.6,57.2,97.9,0.0,11.6,June,2023
12537,Peddapalli,Antargoan,2023-06-27,8.3,23.5,27.2,84.1,100.0,0.0,14.1,June,2023
12538,Peddapalli,Antargoan,2023-06-28,2.0,24.3,29.1,80.9,98.2,0.0,13.1,June,2023
12539,Peddapalli,Antargoan,2023-06-29,8.5,24.7,32.9,63.2,98.9,0.0,12.5,June,2023
12540,Peddapalli,Antargoan,2023-06-30,0.0,26.4,34.9,57.5,81.5,0.0,10.6,June,2023
12541,Peddapalli,Dharmaram,2023-06-01,0.0,27.2,39.8,44.8,92.1,0.0,5.4,June,2023
12542,Peddapalli,Dharmaram,2023-06-02,0.0,27.3,41.9,32.4,67.9,1.5,5.2,June,2023
12543,Peddapalli,Dharmaram,2023-06-03,0.0,28.5,44.3,27.5,74.2,3.9,12.2,June,2023
12544,Peddapalli,Dharmaram,2023-06-04,0.0,29.7,44.9,40.4,81.4,0.0,9.8,June,2023
12545,Peddapalli,Dharmaram,2023-06-05,0.0,24.4,42.5,40.5,85.9,0.0,12.4,June,2023
12546,Peddapalli,Dharmaram,2023-06-06,0.0,28.3,41.6,37.9,70.3,0.0,11.1,June,2023
12547,Peddapalli,Dharmaram,2023-06-07,0.0,27.9,41.7,40.5,71.1,6.6,11.1,June,2023
12548,Peddapalli,Dharmaram,2023-06-08,0.0,28.0,44.6,40.6,66.3,0.0,10.8,June,2023
12549,Peddapalli,Dharmaram,2023-06-09,0.0,28.3,42.3,32.4,73.6,0.0,13.0,June,2023
12550,Peddapalli,Dharmaram,2023-06-10,0.0,28.5,43.7,40.4,78.3,0.8,31.3,June,2023
12551,Peddapalli,Dharmaram,2023-06-11,0.0,27.0,42.1,44.0,78.2,0.0,15.2,June,2023
12552,Peddapalli,Dharmaram,2023-06-12,0.0,28.3,42.2,47.9,77.9,0.0,17.3,June,2023
12553,Peddapalli,Dharmaram,2023-06-13,0.0,29.0,41.8,41.7,63.1,0.0,10.8,June,2023
12554,Peddapalli,Dharmaram,2023-06-14,0.0,30.6,41.9,38.5,63.1,0.0,17.9,June,2023
12555,Peddapalli,Dharmaram,2023-06-15,0.0,29.5,42.4,34.9,63.3,0.0,14.2,June,2023
12556,Peddapalli,Dharmaram,2023-06-16,0.0,30.0,41.3,37.9,64.2,0.0,16.1,June,2023
12557,Peddapalli,Dharmaram,2023-06-17,0.0,28.8,42.6,40.0,63.1,0.0,14.0,June,2023
12558,Peddapalli,Dharmaram,2023-06-18,0.0,30.0,41.7,44.0,63.1,0.0,15.9,June,2023
12559,Peddapalli,Dharmaram,2023-06-19,0.0,29.2,42.3,41.8,70.9,0.0,13.9,June,2023
12560,Peddapalli,Dharmaram,2023-06-20,0.0,29.2,41.6,39.1,70.7,2.2,7.2,June,2023
12561,Peddapalli,Dharmaram,2023-06-21,0.0,28.0,42.3,41.0,77.1,0.0,11.7,June,2023
12562,Peddapalli,Dharmaram,2023-06-22,0.0,26.6,41.1,49.7,90.8,0.0,12.8,June,2023
12563,Peddapalli,Dharmaram,2023-06-23,2.0,25.5,37.8,48.1,100.0,0.0,9.3,June,2023
12564,Peddapalli,Dharmaram,2023-06-24,4.3,25.8,30.5,76.9,100.0,0.5,7.1,June,2023
12565,Peddapalli,Dharmaram,2023-06-25,0.0,25.7,31.0,74.6,90.8,2.5,3.2,June,2023
12566,Peddapalli,Dharmaram,2023-06-26,13.9,24.3,33.0,65.6,100.0,0.0,12.9,June,2023
12567,Peddapalli,Dharmaram,2023-06-27,12.0,23.7,26.8,85.2,100.0,0.0,13.1,June,2023
12568,Peddapalli,Dharmaram,2023-06-28,1.1,24.6,28.8,80.7,95.0,0.0,12.7,June,2023
12569,Peddapalli,Dharmaram,2023-06-29,9.5,24.7,33.2,62.3,100.0,0.0,13.5,June,2023
12570,Peddapalli,Dharmaram,2023-06-30,0.0,26.6,35.4,57.0,80.7,0.0,12.4,June,2023
12571,Peddapalli,Elgaid,2023-06-01,0.0,26.9,39.4,44.7,98.3,0.0,10.3,June,2023
12572,Peddapalli,Elgaid,2023-06-02,0.0,27.4,40.8,26.1,78.7,0.0,4.3,June,2023
12573,Peddapalli,Elgaid,2023-06-03,0.0,25.4,41.2,21.4,75.1,0.0,6.5,June,2023
12574,Peddapalli,Elgaid,2023-06-04,0.0,29.4,41.8,31.5,70.4,0.0,11.2,June,2023
12575,Peddapalli,Elgaid,2023-06-05,9.8,23.6,41.4,23.1,100.0,0.0,10.2,June,2023
12576,Peddapalli,Elgaid,2023-06-06,0.0,25.5,38.6,34.3,80.0,3.0,5.8,June,2023
12577,Peddapalli,Elgaid,2023-06-07,0.0,26.8,40.5,44.5,83.8,0.0,13.5,June,2023
12578,Peddapalli,Elgaid,2023-06-08,0.0,28.3,40.5,34.2,76.9,0.0,9.1,June,2023
12579,Peddapalli,Elgaid,2023-06-09,0.0,28.6,41.7,34.1,70.4,0.0,10.8,June,2023
12580,Peddapalli,Elgaid,2023-06-10,0.0,28.3,41.4,28.2,64.5,0.0,8.2,June,2023
12581,Peddapalli,Elgaid,2023-06-11,0.5,29.0,40.8,40.4,84.3,0.0,15.5,June,2023
12582,Peddapalli,Elgaid,2023-06-12,0.0,30.4,39.9,40.9,72.5,0.0,10.4,June,2023
12583,Peddapalli,Elgaid,2023-06-13,0.0,30.7,40.7,32.4,66.4,0.0,12.1,June,2023
12584,Peddapalli,Elgaid,2023-06-14,0.0,30.0,42.1,32.5,64.2,0.0,8.6,June,2023
12585,Peddapalli,Elgaid,2023-06-15,0.0,29.6,41.8,30.6,65.5,0.0,12.0,June,2023
12586,Peddapalli,Elgaid,2023-06-16,0.0,28.4,39.8,33.7,62.6,0.0,9.6,June,2023
12587,Peddapalli,Elgaid,2023-06-17,0.0,30.0,41.9,26.6,63.4,0.0,6.5,June,2023
12588,Peddapalli,Elgaid,2023-06-18,0.0,30.5,41.7,38.0,63.1,0.0,8.9,June,2023
12589,Peddapalli,Elgaid,2023-06-19,0.0,30.5,39.6,38.3,62.8,0.0,12.0,June,2023
12590,Peddapalli,Elgaid,2023-06-20,0.0,29.6,39.8,35.8,76.4,0.0,9.0,June,2023
12591,Peddapalli,Elgaid,2023-06-21,0.0,27.6,40.5,35.0,83.8,0.0,9.6,June,2023
12592,Peddapalli,Elgaid,2023-06-22,0.0,26.6,39.4,55.8,93.1,0.0,9.2,June,2023
12593,Peddapalli,Elgaid,2023-06-23,0.0,25.9,36.3,50.7,96.4,0.0,7.9,June,2023
12594,Peddapalli,Elgaid,2023-06-24,0.0,26.1,31.8,75.2,100.0,0.0,4.6,June,2023
12595,Peddapalli,Elgaid,2023-06-25,0.0,25.1,31.3,79.6,97.5,0.0,5.1,June,2023
12596,Peddapalli,Elgaid,2023-06-26,5.7,24.5,33.0,74.2,100.0,0.0,7.3,June,2023
12597,Peddapalli,Elgaid,2023-06-27,2.8,23.8,28.1,86.3,96.6,0.0,2.3,June,2023
12598,Peddapalli,Elgaid,2023-06-28,5.3,23.6,30.7,81.1,100.0,0.0,7.5,June,2023
12599,Peddapalli,Elgaid,2023-06-29,27.0,24.4,32.8,74.2,100.0,0.0,4.0,June,2023
12600,Peddapalli,Elgaid,2023-06-30,3.1,25.7,32.9,80.1,100.0,0.0,5.6,June,2023
12601,Peddapalli,Julapalle,2023-06-01,0.0,26.0,39.3,42.6,99.9,0.0,8.0,June,2023
12602,Peddapalli,Julapalle,2023-06-02,0.0,26.6,42.5,26.7,85.5,0.0,10.2,June,2023
12603,Peddapalli,Julapalle,2023-06-03,0.0,25.6,42.2,23.6,83.7,0.0,14.7,June,2023
12604,Peddapalli,Julapalle,2023-06-04,1.2,28.8,42.1,26.2,85.2,0.0,14.2,June,2023
12605,Peddapalli,Julapalle,2023-06-05,0.0,23.2,41.7,25.8,99.9,0.0,13.1,June,2023
12606,Peddapalli,Julapalle,2023-06-06,0.0,26.0,39.8,32.6,78.4,1.0,10.0,June,2023
12607,Peddapalli,Julapalle,2023-06-07,0.0,26.8,42.1,31.5,79.0,0.0,15.6,June,2023
12608,Peddapalli,Julapalle,2023-06-08,0.0,28.4,41.3,31.7,70.9,0.0,13.9,June,2023
12609,Peddapalli,Julapalle,2023-06-09,0.0,29.3,42.3,26.4,70.0,0.0,13.9,June,2023
12610,Peddapalli,Julapalle,2023-06-10,0.0,29.8,41.9,28.4,63.1,0.0,11.7,June,2023
12611,Peddapalli,Julapalle,2023-06-11,0.9,29.3,41.4,31.4,79.8,0.0,15.6,June,2023
12612,Peddapalli,Julapalle,2023-06-12,0.0,30.3,39.9,39.7,66.8,0.0,14.0,June,2023
12613,Peddapalli,Julapalle,2023-06-13,0.0,31.3,41.1,34.8,55.4,0.0,12.3,June,2023
12614,Peddapalli,Julapalle,2023-06-14,0.0,29.9,40.9,31.4,58.7,0.0,11.8,June,2023
12615,Peddapalli,Julapalle,2023-06-15,0.0,29.6,40.8,31.4,62.7,0.0,13.8,June,2023
12616,Peddapalli,Julapalle,2023-06-16,0.0,29.7,39.9,30.7,55.5,0.0,13.1,June,2023
12617,Peddapalli,Julapalle,2023-06-17,0.0,29.9,41.7,26.5,62.6,0.0,11.0,June,2023
12618,Peddapalli,Julapalle,2023-06-18,0.0,30.6,39.8,34.6,62.7,0.0,14.0,June,2023
12619,Peddapalli,Julapalle,2023-06-19,0.0,30.9,39.0,35.3,55.0,0.0,15.3,June,2023
12620,Peddapalli,Julapalle,2023-06-20,0.0,27.8,39.8,33.1,72.3,0.0,13.0,June,2023
12621,Peddapalli,Julapalle,2023-06-21,0.0,27.9,40.5,35.0,78.5,0.0,12.8,June,2023
12622,Peddapalli,Julapalle,2023-06-22,0.0,27.2,40.0,41.7,83.9,0.0,13.8,June,2023
12623,Peddapalli,Julapalle,2023-06-23,1.0,25.6,36.8,44.1,100.0,0.0,10.3,June,2023
12624,Peddapalli,Julapalle,2023-06-24,0.4,26.1,31.4,75.1,100.0,0.0,3.6,June,2023
12625,Peddapalli,Julapalle,2023-06-25,0.0,25.7,31.5,80.0,95.5,0.0,6.5,June,2023
12626,Peddapalli,Julapalle,2023-06-26,15.7,24.7,32.9,71.6,100.0,0.0,8.9,June,2023
12627,Peddapalli,Julapalle,2023-06-27,2.5,24.0,28.5,75.2,100.0,0.0,6.8,June,2023
12628,Peddapalli,Julapalle,2023-06-28,2.1,24.3,29.7,95.6,100.0,0.0,12.3,June,2023
12629,Peddapalli,Julapalle,2023-06-29,9.8,24.4,32.2,85.4,100.0,0.0,7.1,June,2023
12630,Peddapalli,Julapalle,2023-06-30,0.0,25.9,32.8,68.2,100.0,0.6,7.8,June,2023
12631,Peddapalli,Kamanpur,2023-06-01,0.0,27.2,41.6,40.5,92.1,0.0,2.2,June,2023
12632,Peddapalli,Kamanpur,2023-06-02,0.0,27.3,44.4,31.7,98.0,0.0,14.7,June,2023
12633,Peddapalli,Kamanpur,2023-06-03,0.0,28.5,44.6,26.7,83.1,0.0,7.9,June,2023
12634,Peddapalli,Kamanpur,2023-06-04,0.0,29.0,44.1,31.9,77.2,0.0,8.5,June,2023
12635,Peddapalli,Kamanpur,2023-06-05,1.4,24.7,44.4,33.1,99.9,0.0,9.2,June,2023
12636,Peddapalli,Kamanpur,2023-06-06,0.0,27.8,39.5,33.6,78.5,0.0,6.9,June,2023
12637,Peddapalli,Kamanpur,2023-06-07,0.0,28.2,42.4,32.6,77.1,0.0,8.2,June,2023
12638,Peddapalli,Kamanpur,2023-06-08,0.0,28.5,45.0,32.3,69.9,0.0,6.8,June,2023
12639,Peddapalli,Kamanpur,2023-06-09,0.0,28.7,42.6,31.7,62.6,0.0,7.7,June,2023
12640,Peddapalli,Kamanpur,2023-06-10,0.0,28.3,43.9,31.7,72.6,0.0,7.8,June,2023
12641,Peddapalli,Kamanpur,2023-06-11,0.0,27.0,42.7,40.5,94.4,0.0,14.1,June,2023
12642,Peddapalli,Kamanpur,2023-06-12,0.0,27.8,42.2,40.6,72.5,0.0,7.7,June,2023
12643,Peddapalli,Kamanpur,2023-06-13,0.0,28.5,42.6,34.0,63.5,0.0,7.8,June,2023
12644,Peddapalli,Kamanpur,2023-06-14,0.0,28.5,42.4,31.7,63.0,0.0,10.2,June,2023
12645,Peddapalli,Kamanpur,2023-06-15,0.0,28.4,41.8,35.8,65.0,0.0,9.6,June,2023
12646,Peddapalli,Kamanpur,2023-06-16,0.0,28.6,42.3,31.9,56.7,0.0,7.9,June,2023
12647,Peddapalli,Kamanpur,2023-06-17,0.0,31.9,42.5,31.7,72.3,0.0,7.6,June,2023
12648,Peddapalli,Kamanpur,2023-06-18,0.0,30.9,42.2,40.2,63.5,0.0,8.8,June,2023
12649,Peddapalli,Kamanpur,2023-06-19,0.0,29.6,41.5,40.2,63.1,0.0,6.4,June,2023
12650,Peddapalli,Kamanpur,2023-06-20,0.0,28.6,42.3,33.9,70.9,0.0,7.6,June,2023
12651,Peddapalli,Kamanpur,2023-06-21,0.0,27.6,44.5,34.3,83.7,0.0,9.3,June,2023
12652,Peddapalli,Kamanpur,2023-06-22,0.0,26.5,39.2,43.2,92.1,0.0,6.7,June,2023
12653,Peddapalli,Kamanpur,2023-06-23,14.2,25.1,37.1,46.5,98.0,0.0,7.3,June,2023
12654,Peddapalli,Kamanpur,2023-06-24,0.0,26.0,31.6,73.0,93.7,0.0,2.9,June,2023
12655,Peddapalli,Kamanpur,2023-06-25,0.0,25.0,32.8,64.5,93.3,0.0,1.9,June,2023
12656,Peddapalli,Kamanpur,2023-06-26,3.7,25.3,34.2,56.4,97.5,0.0,0.3,June,2023
12657,Peddapalli,Kamanpur,2023-06-27,8.4,24.2,27.7,79.2,96.1,0.0,5.0,June,2023
12658,Peddapalli,Kamanpur,2023-06-28,2.7,25.0,30.4,71.5,100.0,0.0,5.0,June,2023
12659,Peddapalli,Kamanpur,2023-06-29,10.5,25.1,34.9,52.4,97.1,0.0,7.3,June,2023
12660,Peddapalli,Kamanpur,2023-06-30,0.0,27.1,34.5,52.4,75.9,0.1,5.4,June,2023
12661,Peddapalli,Manthani,2023-06-01,0.0,25.9,40.2,36.8,89.6,0.9,8.8,June,2023
12662,Peddapalli,Manthani,2023-06-02,0.0,25.5,41.7,25.9,79.4,0.0,12.1,June,2023
12663,Peddapalli,Manthani,2023-06-03,0.0,25.5,43.6,23.1,74.8,0.0,17.8,June,2023
12664,Peddapalli,Manthani,2023-06-04,0.0,28.4,43.3,23.7,72.1,0.0,22.3,June,2023
12665,Peddapalli,Manthani,2023-06-05,0.0,25.8,43.0,27.3,86.4,0.0,15.3,June,2023
12666,Peddapalli,Manthani,2023-06-06,0.0,26.9,40.2,31.3,77.8,0.0,11.4,June,2023
12667,Peddapalli,Manthani,2023-06-07,0.0,26.7,42.4,26.9,76.4,0.0,23.1,June,2023
12668,Peddapalli,Manthani,2023-06-08,0.7,28.9,44.4,26.9,64.9,0.0,16.4,June,2023
12669,Peddapalli,Manthani,2023-06-09,0.0,28.9,43.9,26.2,62.6,0.0,17.6,June,2023
12670,Peddapalli,Manthani,2023-06-10,0.0,31.1,42.7,27.2,57.0,0.0,14.7,June,2023
12671,Peddapalli,Manthani,2023-06-11,0.3,27.7,42.6,36.3,85.8,1.4,19.8,June,2023
12672,Peddapalli,Manthani,2023-06-12,0.0,30.5,41.7,37.1,65.6,0.0,14.0,June,2023
12673,Peddapalli,Manthani,2023-06-13,0.0,31.3,44.2,32.3,58.0,0.0,15.3,June,2023
12674,Peddapalli,Manthani,2023-06-14,0.0,31.4,44.3,29.7,55.3,0.0,20.6,June,2023
12675,Peddapalli,Manthani,2023-06-15,0.0,30.3,42.5,30.8,57.0,0.0,18.4,June,2023
12676,Peddapalli,Manthani,2023-06-16,0.0,28.9,40.5,29.6,55.5,0.0,20.3,June,2023
12677,Peddapalli,Manthani,2023-06-17,0.0,29.7,41.5,28.5,58.7,0.0,19.3,June,2023
12678,Peddapalli,Manthani,2023-06-18,0.0,30.2,41.3,32.2,59.2,2.8,19.1,June,2023
12679,Peddapalli,Manthani,2023-06-19,0.0,30.3,41.6,31.9,57.9,0.0,19.1,June,2023
12680,Peddapalli,Manthani,2023-06-20,0.0,30.0,40.6,31.6,67.2,0.0,14.2,June,2023
12681,Peddapalli,Manthani,2023-06-21,0.0,27.2,42.2,33.2,80.8,0.0,20.1,June,2023
12682,Peddapalli,Manthani,2023-06-22,2.1,26.5,39.0,43.3,90.8,0.0,10.4,June,2023
12683,Peddapalli,Manthani,2023-06-23,2.9,24.8,38.9,49.3,99.9,0.0,12.4,June,2023
12684,Peddapalli,Manthani,2023-06-24,0.2,25.6,32.7,73.2,97.8,0.4,6.0,June,2023
12685,Peddapalli,Manthani,2023-06-25,3.1,23.6,30.7,73.5,98.5,0.0,11.2,June,2023
12686,Peddapalli,Manthani,2023-06-26,5.3,25.0,34.2,55.3,98.7,0.0,17.3,June,2023
12687,Peddapalli,Manthani,2023-06-27,11.6,23.7,27.4,82.0,100.0,0.0,12.2,June,2023
12688,Peddapalli,Manthani,2023-06-28,7.1,24.4,29.6,75.2,94.6,0.0,15.4,June,2023
12689,Peddapalli,Manthani,2023-06-29,5.0,25.3,33.0,57.5,97.4,1.0,14.3,June,2023
12690,Peddapalli,Manthani,2023-06-30,0.0,26.6,33.7,59.9,88.3,0.0,12.5,June,2023
12691,Peddapalli,Mutharam_Manthani,2023-06-01,0.0,27.9,43.8,43.1,97.6,0.0,9.9,June,2023
12692,Peddapalli,Mutharam_Manthani,2023-06-02,0.0,29.5,45.0,30.6,85.8,0.0,8.2,June,2023
12693,Peddapalli,Mutharam_Manthani,2023-06-03,0.0,28.1,46.4,31.9,78.1,0.0,0.9,June,2023
12694,Peddapalli,Mutharam_Manthani,2023-06-04,0.0,32.0,45.0,31.9,70.6,0.0,7.1,June,2023
12695,Peddapalli,Mutharam_Manthani,2023-06-05,0.0,28.0,45.1,35.3,84.9,0.0,9.9,June,2023
12696,Peddapalli,Mutharam_Manthani,2023-06-06,0.0,29.5,43.8,38.8,78.4,0.0,6.4,June,2023
12697,Peddapalli,Mutharam_Manthani,2023-06-07,0.0,29.5,44.9,36.9,77.9,0.0,15.7,June,2023
12698,Peddapalli,Mutharam_Manthani,2023-06-08,0.0,32.0,44.8,37.0,70.4,0.0,9.0,June,2023
12699,Peddapalli,Mutharam_Manthani,2023-06-09,0.0,32.0,43.8,34.0,65.1,0.0,10.3,June,2023
12700,Peddapalli,Mutharam_Manthani,2023-06-10,0.0,32.1,44.9,35.8,66.4,0.0,13.1,June,2023
12701,Peddapalli,Mutharam_Manthani,2023-06-11,7.9,29.5,43.8,43.2,90.8,0.0,11.6,June,2023
12702,Peddapalli,Mutharam_Manthani,2023-06-12,0.0,32.4,43.8,49.2,72.8,0.0,8.5,June,2023
12703,Peddapalli,Mutharam_Manthani,2023-06-13,0.0,33.6,43.8,41.9,70.9,0.0,11.0,June,2023
12704,Peddapalli,Mutharam_Manthani,2023-06-14,0.0,32.4,43.8,40.5,63.7,0.0,11.3,June,2023
12705,Peddapalli,Mutharam_Manthani,2023-06-15,0.0,32.3,43.8,40.6,70.5,0.0,11.0,June,2023
12706,Peddapalli,Mutharam_Manthani,2023-06-16,0.0,32.0,42.2,40.3,62.6,0.0,13.4,June,2023
12707,Peddapalli,Mutharam_Manthani,2023-06-17,0.0,32.0,43.8,36.0,63.8,0.0,12.0,June,2023
12708,Peddapalli,Mutharam_Manthani,2023-06-18,0.0,32.0,43.8,41.1,70.4,0.0,11.6,June,2023
12709,Peddapalli,Mutharam_Manthani,2023-06-19,0.0,32.8,43.8,40.6,64.9,0.0,9.0,June,2023
12710,Peddapalli,Mutharam_Manthani,2023-06-20,0.0,32.0,43.8,40.7,77.1,0.0,12.9,June,2023
12711,Peddapalli,Mutharam_Manthani,2023-06-21,0.0,29.7,43.8,43.1,90.7,0.0,19.7,June,2023
12712,Peddapalli,Mutharam_Manthani,2023-06-22,4.4,29.5,41.4,51.7,92.4,0.0,10.8,June,2023
12713,Peddapalli,Mutharam_Manthani,2023-06-23,0.7,27.8,36.9,61.3,99.9,0.0,8.9,June,2023
12714,Peddapalli,Mutharam_Manthani,2023-06-24,0.0,28.0,33.6,77.2,97.9,0.0,11.2,June,2023
12715,Peddapalli,Mutharam_Manthani,2023-06-25,47.6,26.9,33.6,77.5,100.0,0.0,6.2,June,2023
12716,Peddapalli,Mutharam_Manthani,2023-06-26,3.7,27.3,34.3,77.7,100.0,0.0,8.6,June,2023
12717,Peddapalli,Mutharam_Manthani,2023-06-27,3.9,24.4,32.0,86.0,99.9,0.0,9.3,June,2023
12718,Peddapalli,Mutharam_Manthani,2023-06-28,10.6,26.9,32.7,79.6,99.9,0.0,12.6,June,2023
12719,Peddapalli,Mutharam_Manthani,2023-06-29,4.5,27.5,36.1,71.1,99.9,0.0,9.9,June,2023
12720,Peddapalli,Mutharam_Manthani,2023-06-30,0.0,29.5,36.6,68.4,91.3,0.0,12.0,June,2023
12721,Peddapalli,Odela,2023-06-01,0.0,25.2,39.9,41.0,92.2,0.0,0.1,June,2023
12722,Peddapalli,Odela,2023-06-02,0.0,24.6,42.3,28.2,83.7,0.0,2.2,June,2023
12723,Peddapalli,Odela,2023-06-03,0.0,24.9,44.9,25.4,83.7,0.0,0.2,June,2023
12724,Peddapalli,Odela,2023-06-04,0.0,27.7,44.6,28.2,72.4,0.0,7.8,June,2023
12725,Peddapalli,Odela,2023-06-05,5.9,25.3,43.6,30.7,98.2,0.0,27.0,June,2023
12726,Peddapalli,Odela,2023-06-06,0.0,27.9,41.3,40.2,84.4,0.0,7.2,June,2023
12727,Peddapalli,Odela,2023-06-07,0.0,25.1,43.3,26.3,85.4,0.0,15.3,June,2023
12728,Peddapalli,Odela,2023-06-08,0.3,28.3,43.3,34.9,77.5,0.0,13.0,June,2023
12729,Peddapalli,Odela,2023-06-09,0.0,27.1,43.7,35.2,72.0,0.0,18.1,June,2023
12730,Peddapalli,Odela,2023-06-10,0.0,30.1,44.2,34.5,65.8,0.0,8.0,June,2023
12731,Peddapalli,Odela,2023-06-11,0.5,28.8,44.5,42.0,83.8,0.0,13.5,June,2023
12732,Peddapalli,Odela,2023-06-12,0.0,31.1,40.3,45.2,70.5,0.0,12.8,June,2023
12733,Peddapalli,Odela,2023-06-13,0.0,31.3,42.7,41.7,63.1,0.0,23.5,June,2023
12734,Peddapalli,Odela,2023-06-14,0.0,30.8,44.3,31.0,63.1,0.0,27.8,June,2023
12735,Peddapalli,Odela,2023-06-15,0.0,30.3,44.0,37.4,63.1,0.0,19.9,June,2023
12736,Peddapalli,Odela,2023-06-16,0.0,29.6,40.2,34.5,62.7,0.0,16.7,June,2023
12737,Peddapalli,Odela,2023-06-17,0.0,28.8,43.9,28.4,63.2,0.0,5.5,June,2023
12738,Peddapalli,Odela,2023-06-18,0.0,29.8,39.8,39.9,65.1,0.0,14.1,June,2023
12739,Peddapalli,Odela,2023-06-19,0.0,29.2,39.4,27.2,63.2,0.0,8.2,June,2023
12740,Peddapalli,Odela,2023-06-20,0.0,28.9,41.1,30.3,76.9,0.0,14.3,June,2023
12741,Peddapalli,Odela,2023-06-21,0.0,27.6,41.8,39.9,83.7,0.0,11.3,June,2023
12742,Peddapalli,Odela,2023-06-22,0.0,26.5,39.6,47.2,90.8,0.0,15.6,June,2023
12743,Peddapalli,Odela,2023-06-23,3.1,25.5,37.2,48.6,95.2,0.0,15.1,June,2023
12744,Peddapalli,Odela,2023-06-24,0.4,25.2,32.0,66.4,91.7,0.0,4.6,June,2023
12745,Peddapalli,Odela,2023-06-25,19.7,24.4,31.0,72.5,97.9,0.0,5.0,June,2023
12746,Peddapalli,Odela,2023-06-26,1.8,25.2,32.6,66.4,94.9,0.0,16.1,June,2023
12747,Peddapalli,Odela,2023-06-27,3.3,24.4,28.8,78.3,95.4,0.0,11.3,June,2023
12748,Peddapalli,Odela,2023-06-28,9.5,24.7,31.3,66.9,96.4,0.0,13.6,June,2023
12749,Peddapalli,Odela,2023-06-29,0.0,25.2,32.9,61.1,93.7,0.0,5.9,June,2023
12750,Peddapalli,Odela,2023-06-30,0.4,26.5,33.7,57.8,81.8,0.0,7.9,June,2023
12751,Peddapalli,Palakurthy,2023-06-01,0.0,26.8,41.6,43.7,90.8,0.0,5.6,June,2023
12752,Peddapalli,Palakurthy,2023-06-02,0.0,27.7,44.9,32.8,83.2,0.0,9.7,June,2023
12753,Peddapalli,Palakurthy,2023-06-03,0.0,28.5,44.3,31.7,83.7,0.0,4.1,June,2023
12754,Peddapalli,Palakurthy,2023-06-04,0.0,28.7,44.5,35.1,76.9,0.0,5.1,June,2023
12755,Peddapalli,Palakurthy,2023-06-05,0.0,24.7,44.6,40.5,85.8,0.0,7.3,June,2023
12756,Peddapalli,Palakurthy,2023-06-06,0.0,27.8,40.1,35.8,83.7,0.0,5.4,June,2023
12757,Peddapalli,Palakurthy,2023-06-07,0.0,27.8,38.9,40.5,83.9,0.0,8.4,June,2023
12758,Peddapalli,Palakurthy,2023-06-08,0.0,28.0,44.4,40.5,70.4,0.0,4.1,June,2023
12759,Peddapalli,Palakurthy,2023-06-09,0.0,28.7,45.1,35.5,70.0,0.0,4.8,June,2023
12760,Peddapalli,Palakurthy,2023-06-10,0.0,28.3,44.8,33.9,63.9,0.0,6.5,June,2023
12761,Peddapalli,Palakurthy,2023-06-11,0.6,27.0,45.0,40.9,87.5,0.0,11.0,June,2023
12762,Peddapalli,Palakurthy,2023-06-12,0.0,27.8,44.4,44.7,71.4,0.0,8.1,June,2023
12763,Peddapalli,Palakurthy,2023-06-13,0.0,28.3,41.9,40.3,70.9,0.0,9.4,June,2023
12764,Peddapalli,Palakurthy,2023-06-14,0.0,28.5,39.6,34.6,70.4,0.0,7.9,June,2023
12765,Peddapalli,Palakurthy,2023-06-15,0.0,28.4,41.7,40.3,70.5,0.0,9.6,June,2023
12766,Peddapalli,Palakurthy,2023-06-16,0.0,28.6,42.3,34.0,70.7,0.0,7.3,June,2023
12767,Peddapalli,Palakurthy,2023-06-17,0.0,31.2,45.1,34.2,70.4,0.0,8.5,June,2023
12768,Peddapalli,Palakurthy,2023-06-18,0.0,31.2,42.1,40.5,76.9,0.0,8.0,June,2023
12769,Peddapalli,Palakurthy,2023-06-19,0.0,29.2,44.8,40.6,70.9,0.0,5.2,June,2023
12770,Peddapalli,Palakurthy,2023-06-20,0.0,29.2,42.3,40.4,77.9,0.0,9.3,June,2023
12771,Peddapalli,Palakurthy,2023-06-21,0.0,27.6,44.6,40.6,84.4,0.0,7.7,June,2023
12772,Peddapalli,Palakurthy,2023-06-22,1.2,26.5,39.2,48.2,97.6,0.0,5.2,June,2023
12773,Peddapalli,Palakurthy,2023-06-23,4.9,25.3,39.5,45.8,96.5,0.0,6.9,June,2023
12774,Peddapalli,Palakurthy,2023-06-24,0.7,26.1,31.9,73.6,93.7,0.0,6.6,June,2023
12775,Peddapalli,Palakurthy,2023-06-25,0.9,25.1,32.5,68.5,94.2,0.0,3.4,June,2023
12776,Peddapalli,Palakurthy,2023-06-26,7.2,24.3,34.6,58.1,96.6,0.0,7.5,June,2023
12777,Peddapalli,Palakurthy,2023-06-27,12.1,23.7,27.2,82.6,100.0,0.0,5.8,June,2023
12778,Peddapalli,Palakurthy,2023-06-28,0.2,24.5,30.0,74.5,96.5,0.0,4.0,June,2023
12779,Peddapalli,Palakurthy,2023-06-29,5.7,24.8,33.5,60.1,93.7,0.0,8.8,June,2023
12780,Peddapalli,Palakurthy,2023-06-30,0.0,27.1,36.9,51.8,75.3,0.0,6.5,June,2023
12781,Peddapalli,Peddapalle,2023-06-01,0.0,26.3,42.0,32.0,99.9,0.0,13.5,June,2023
12782,Peddapalli,Peddapalle,2023-06-02,0.0,27.3,44.3,31.6,78.0,0.0,14.6,June,2023
12783,Peddapalli,Peddapalle,2023-06-03,0.0,28.5,44.7,26.6,83.7,0.0,17.1,June,2023
12784,Peddapalli,Peddapalle,2023-06-04,0.0,28.7,45.1,28.7,75.4,0.0,14.6,June,2023
12785,Peddapalli,Peddapalle,2023-06-05,0.0,24.4,44.6,26.3,96.6,0.0,12.6,June,2023
12786,Peddapalli,Peddapalle,2023-06-06,0.0,27.8,42.1,34.0,77.5,0.0,9.0,June,2023
12787,Peddapalli,Peddapalle,2023-06-07,0.0,27.5,42.1,33.2,83.7,0.0,17.5,June,2023
12788,Peddapalli,Peddapalle,2023-06-08,0.0,28.0,43.8,32.8,66.8,0.0,25.8,June,2023
12789,Peddapalli,Peddapalle,2023-06-09,0.0,28.2,44.2,30.9,66.3,0.0,19.4,June,2023
12790,Peddapalli,Peddapalle,2023-06-10,0.0,28.3,44.5,32.3,63.3,0.0,20.3,June,2023
12791,Peddapalli,Peddapalle,2023-06-11,1.5,27.0,42.2,37.6,79.8,0.0,50.9,June,2023
12792,Peddapalli,Peddapalle,2023-06-12,0.0,27.8,44.1,42.0,66.9,0.0,40.1,June,2023
12793,Peddapalli,Peddapalle,2023-06-13,0.0,28.3,42.0,36.7,63.0,0.0,15.5,June,2023
12794,Peddapalli,Peddapalle,2023-06-14,0.0,28.5,44.7,24.2,60.9,0.0,15.3,June,2023
12795,Peddapalli,Peddapalle,2023-06-15,0.0,28.4,42.3,33.6,62.8,0.0,19.6,June,2023
12796,Peddapalli,Peddapalle,2023-06-16,0.0,28.6,41.5,30.7,63.5,0.0,14.3,June,2023
12797,Peddapalli,Peddapalle,2023-06-17,0.0,29.4,44.3,29.6,60.7,0.0,14.6,June,2023
12798,Peddapalli,Peddapalle,2023-06-18,0.0,29.4,44.0,39.0,70.8,0.0,13.1,June,2023
12799,Peddapalli,Peddapalle,2023-06-19,0.0,29.2,44.5,38.0,63.0,0.0,13.0,June,2023
12800,Peddapalli,Peddapalle,2023-06-20,0.0,28.6,42.1,31.5,73.7,0.0,10.2,June,2023
12801,Peddapalli,Peddapalle,2023-06-21,0.0,27.6,44.3,38.9,80.8,0.0,13.7,June,2023
12802,Peddapalli,Peddapalle,2023-06-22,0.1,26.5,39.7,35.5,94.2,0.0,14.7,June,2023
12803,Peddapalli,Peddapalle,2023-06-23,0.6,25.5,38.7,41.7,95.5,0.0,14.3,June,2023
12804,Peddapalli,Peddapalle,2023-06-24,0.0,25.8,32.9,61.8,96.9,0.0,9.0,June,2023
12805,Peddapalli,Peddapalle,2023-06-25,1.2,24.3,31.7,70.0,100.0,0.0,10.8,June,2023
12806,Peddapalli,Peddapalle,2023-06-26,6.8,24.4,33.1,60.2,100.0,0.0,14.3,June,2023
12807,Peddapalli,Peddapalle,2023-06-27,4.2,23.6,29.2,87.3,100.0,0.0,4.1,June,2023
12808,Peddapalli,Peddapalle,2023-06-28,1.7,24.2,30.7,66.6,100.0,0.0,13.7,June,2023
12809,Peddapalli,Peddapalle,2023-06-29,10.6,24.4,32.7,52.7,100.0,0.0,4.5,June,2023
12810,Peddapalli,Peddapalle,2023-06-30,0.5,25.9,33.5,54.7,100.0,0.0,4.7,June,2023
12811,Peddapalli,Ramagiri,2023-06-01,0.0,26.5,39.8,50.3,99.9,0.0,8.5,June,2023
12812,Peddapalli,Ramagiri,2023-06-02,0.0,28.2,44.1,31.5,98.0,0.0,14.8,June,2023
12813,Peddapalli,Ramagiri,2023-06-03,0.0,28.5,44.1,23.6,91.4,0.0,14.7,June,2023
12814,Peddapalli,Ramagiri,2023-06-04,0.0,29.4,44.0,31.5,91.4,0.0,13.4,June,2023
12815,Peddapalli,Ramagiri,2023-06-05,0.0,24.7,44.7,31.7,99.9,0.0,14.8,June,2023
12816,Peddapalli,Ramagiri,2023-06-06,0.0,27.9,39.4,37.3,84.9,0.0,9.6,June,2023
12817,Peddapalli,Ramagiri,2023-06-07,0.0,28.7,43.2,31.7,84.3,0.0,16.3,June,2023
12818,Peddapalli,Ramagiri,2023-06-08,0.0,29.0,44.5,35.5,70.4,0.0,16.4,June,2023
12819,Peddapalli,Ramagiri,2023-06-09,0.0,28.2,42.0,32.3,56.5,0.0,0.3,June,2023
12820,Peddapalli,Ramagiri,2023-06-10,0.0,28.3,42.9,31.7,72.6,0.0,1.1,June,2023
12821,Peddapalli,Ramagiri,2023-06-11,4.7,27.0,42.0,43.0,98.3,0.0,3.2,June,2023
12822,Peddapalli,Ramagiri,2023-06-12,0.0,27.8,41.2,47.8,86.6,0.0,0.1,June,2023
12823,Peddapalli,Ramagiri,2023-06-13,0.0,28.3,43.7,34.3,71.0,0.0,2.8,June,2023
12824,Peddapalli,Ramagiri,2023-06-14,0.0,29.0,42.5,35.9,72.4,0.0,2.5,June,2023
12825,Peddapalli,Ramagiri,2023-06-15,0.0,28.9,42.1,40.3,77.6,0.0,2.8,June,2023
12826,Peddapalli,Ramagiri,2023-06-16,0.0,29.6,39.5,35.6,71.0,0.0,0.3,June,2023
12827,Peddapalli,Ramagiri,2023-06-17,0.0,28.8,42.3,34.7,72.5,0.0,13.0,June,2023
12828,Peddapalli,Ramagiri,2023-06-18,0.0,31.4,39.7,40.7,77.2,0.0,14.4,June,2023
12829,Peddapalli,Ramagiri,2023-06-19,0.0,29.6,41.5,42.6,77.5,0.0,12.7,June,2023
12830,Peddapalli,Ramagiri,2023-06-20,0.0,28.6,42.0,40.2,73.6,0.0,11.6,June,2023
12831,Peddapalli,Ramagiri,2023-06-21,0.0,27.6,44.2,41.4,97.7,0.0,15.1,June,2023
12832,Peddapalli,Ramagiri,2023-06-22,5.2,26.5,39.6,51.1,99.9,0.0,0.1,June,2023
12833,Peddapalli,Ramagiri,2023-06-23,1.9,26.1,36.7,57.4,100.0,0.0,12.1,June,2023
12834,Peddapalli,Ramagiri,2023-06-24,0.0,27.3,31.0,76.8,96.5,0.0,3.0,June,2023
12835,Peddapalli,Ramagiri,2023-06-25,1.5,25.8,31.9,75.9,100.0,0.0,9.6,June,2023
12836,Peddapalli,Ramagiri,2023-06-26,7.5,25.8,33.0,58.3,100.0,0.0,0.1,June,2023
12837,Peddapalli,Ramagiri,2023-06-27,6.9,24.8,28.9,84.2,98.1,0.0,9.4,June,2023
12838,Peddapalli,Ramagiri,2023-06-28,0.8,26.1,30.3,69.1,100.0,0.0,11.9,June,2023
12839,Peddapalli,Ramagiri,2023-06-29,3.8,26.1,33.0,60.1,100.0,0.0,0.3,June,2023
12840,Peddapalli,Ramagiri,2023-06-30,0.0,28.1,33.7,63.1,100.0,0.0,0.1,June,2023
12841,Peddapalli,Ramagundam,2023-06-01,0.0,26.8,41.9,43.3,92.2,0.0,7.4,June,2023
12842,Peddapalli,Ramagundam,2023-06-02,0.0,27.2,44.6,24.1,90.8,0.0,8.4,June,2023
12843,Peddapalli,Ramagundam,2023-06-03,0.0,27.5,44.6,17.9,74.7,0.3,5.4,June,2023
12844,Peddapalli,Ramagundam,2023-06-04,0.0,28.4,44.5,18.8,73.4,0.0,8.8,June,2023
12845,Peddapalli,Ramagundam,2023-06-05,0.0,24.7,44.5,30.0,90.3,0.0,11.4,June,2023
12846,Peddapalli,Ramagundam,2023-06-06,0.0,27.8,42.1,27.7,75.2,0.0,6.4,June,2023
12847,Peddapalli,Ramagundam,2023-06-07,0.5,26.8,42.3,23.9,100.0,0.0,10.1,June,2023
12848,Peddapalli,Ramagundam,2023-06-08,0.0,28.0,44.3,35.2,76.5,0.0,12.6,June,2023
12849,Peddapalli,Ramagundam,2023-06-09,0.0,28.7,44.3,25.5,70.9,0.0,8.1,June,2023
12850,Peddapalli,Ramagundam,2023-06-10,0.0,28.3,44.5,16.6,77.1,0.0,9.4,June,2023
12851,Peddapalli,Ramagundam,2023-06-11,15.6,27.0,44.1,40.5,99.5,0.0,12.5,June,2023
12852,Peddapalli,Ramagundam,2023-06-12,0.0,26.4,41.8,44.7,84.3,0.0,9.9,June,2023
12853,Peddapalli,Ramagundam,2023-06-13,0.0,28.3,42.5,37.3,73.0,0.0,11.6,June,2023
12854,Peddapalli,Ramagundam,2023-06-14,0.0,28.5,44.7,28.7,64.5,0.0,10.5,June,2023
12855,Peddapalli,Ramagundam,2023-06-15,0.0,28.4,41.8,34.1,65.6,0.0,11.4,June,2023
12856,Peddapalli,Ramagundam,2023-06-16,0.0,28.6,42.6,29.7,66.3,0.0,8.9,June,2023
12857,Peddapalli,Ramagundam,2023-06-17,0.0,31.2,44.8,35.2,70.6,0.0,10.0,June,2023
12858,Peddapalli,Ramagundam,2023-06-18,0.0,31.0,43.2,36.1,77.2,0.0,10.2,June,2023
12859,Peddapalli,Ramagundam,2023-06-19,0.0,29.2,44.4,40.3,70.4,0.0,8.6,June,2023
12860,Peddapalli,Ramagundam,2023-06-20,0.0,29.2,42.2,40.3,61.2,2.5,10.1,June,2023
12861,Peddapalli,Ramagundam,2023-06-21,0.0,27.6,44.3,33.0,84.3,2.7,11.6,June,2023
12862,Peddapalli,Ramagundam,2023-06-22,0.0,26.5,40.4,43.4,100.0,1.0,7.1,June,2023
12863,Peddapalli,Ramagundam,2023-06-23,7.2,25.3,37.5,46.3,100.0,0.0,15.0,June,2023
12864,Peddapalli,Ramagundam,2023-06-24,0.6,25.9,31.7,75.3,99.1,0.0,4.1,June,2023
12865,Peddapalli,Ramagundam,2023-06-25,0.5,25.0,31.4,73.3,99.1,0.0,7.0,June,2023
12866,Peddapalli,Ramagundam,2023-06-26,4.7,24.7,35.2,55.2,100.0,0.0,11.2,June,2023
12867,Peddapalli,Ramagundam,2023-06-27,8.3,23.5,28.1,81.7,100.0,0.0,7.7,June,2023
12868,Peddapalli,Ramagundam,2023-06-28,0.7,24.2,29.2,80.2,100.0,0.0,7.0,June,2023
12869,Peddapalli,Ramagundam,2023-06-29,5.4,24.6,32.5,62.5,100.0,0.0,10.3,June,2023
12870,Peddapalli,Ramagundam,2023-06-30,0.0,26.6,34.9,57.5,80.7,0.8,8.7,June,2023
12871,Peddapalli,Srirampur,2023-06-01,0.0,25.2,42.1,42.6,99.9,0.0,9.9,June,2023
12872,Peddapalli,Srirampur,2023-06-02,0.0,24.6,44.3,31.4,84.3,0.0,15.0,June,2023
12873,Peddapalli,Srirampur,2023-06-03,0.0,24.9,44.4,26.9,76.9,0.0,19.0,June,2023
12874,Peddapalli,Srirampur,2023-06-04,0.4,28.0,44.6,32.4,78.9,0.0,17.2,June,2023
12875,Peddapalli,Srirampur,2023-06-05,0.0,25.6,44.0,33.3,99.9,0.0,22.6,June,2023
12876,Peddapalli,Srirampur,2023-06-06,0.0,27.9,41.9,40.3,85.3,0.0,12.8,June,2023
12877,Peddapalli,Srirampur,2023-06-07,0.0,25.9,42.6,33.4,84.3,0.0,23.2,June,2023
12878,Peddapalli,Srirampur,2023-06-08,0.0,28.3,44.5,38.0,78.7,0.0,16.7,June,2023
12879,Peddapalli,Srirampur,2023-06-09,0.0,27.1,43.7,35.1,77.5,0.0,18.9,June,2023
12880,Peddapalli,Srirampur,2023-06-10,0.3,30.1,44.5,27.9,79.8,0.0,20.3,June,2023
12881,Peddapalli,Srirampur,2023-06-11,2.4,28.8,44.5,36.9,99.2,0.0,17.5,June,2023
12882,Peddapalli,Srirampur,2023-06-12,0.0,30.5,43.5,46.5,76.8,0.0,17.5,June,2023
12883,Peddapalli,Srirampur,2023-06-13,0.0,30.6,43.5,37.5,77.5,0.0,22.2,June,2023
12884,Peddapalli,Srirampur,2023-06-14,0.0,30.8,44.3,35.5,78.4,0.0,23.1,June,2023
12885,Peddapalli,Srirampur,2023-06-15,0.0,31.1,43.4,37.3,84.4,0.0,18.9,June,2023
12886,Peddapalli,Srirampur,2023-06-16,0.0,27.5,41.9,38.3,76.9,0.0,20.6,June,2023
12887,Peddapalli,Srirampur,2023-06-17,0.0,28.8,43.5,35.2,77.5,0.0,16.7,June,2023
12888,Peddapalli,Srirampur,2023-06-18,0.0,29.4,43.5,35.3,78.2,0.0,21.3,June,2023
12889,Peddapalli,Srirampur,2023-06-19,0.0,29.6,43.5,38.5,77.5,0.0,18.8,June,2023
12890,Peddapalli,Srirampur,2023-06-20,0.0,28.9,43.5,37.0,86.4,0.0,17.0,June,2023
12891,Peddapalli,Srirampur,2023-06-21,0.0,27.6,43.5,42.0,98.3,0.0,22.4,June,2023
12892,Peddapalli,Srirampur,2023-06-22,1.2,26.5,41.1,50.1,99.9,0.1,15.3,June,2023
12893,Peddapalli,Srirampur,2023-06-23,1.7,25.3,38.5,53.4,100.0,0.3,14.8,June,2023
12894,Peddapalli,Srirampur,2023-06-24,0.9,25.5,31.7,70.3,100.0,0.0,11.7,June,2023
12895,Peddapalli,Srirampur,2023-06-25,19.9,24.4,31.6,75.2,100.0,0.0,16.0,June,2023
12896,Peddapalli,Srirampur,2023-06-26,3.7,24.9,33.0,67.1,100.0,0.0,16.6,June,2023
12897,Peddapalli,Srirampur,2023-06-27,3.4,24.1,29.4,78.8,100.0,0.0,19.2,June,2023
12898,Peddapalli,Srirampur,2023-06-28,12.6,24.4,30.6,70.8,100.0,0.0,17.1,June,2023
12899,Peddapalli,Srirampur,2023-06-29,0.3,24.9,34.3,61.1,99.7,0.0,7.0,June,2023
12900,Peddapalli,Srirampur,2023-06-30,0.0,26.3,33.5,58.5,100.0,0.0,8.5,June,2023
12901,Peddapalli,Sultanabad,2023-06-01,0.0,26.0,41.7,32.0,83.7,0.0,3.9,June,2023
12902,Peddapalli,Sultanabad,2023-06-02,0.0,27.3,42.9,31.5,72.3,0.0,4.6,June,2023
12903,Peddapalli,Sultanabad,2023-06-03,0.0,27.1,44.4,24.0,69.9,0.0,4.8,June,2023
12904,Peddapalli,Sultanabad,2023-06-04,0.2,28.6,44.8,28.7,70.6,0.0,8.7,June,2023
12905,Peddapalli,Sultanabad,2023-06-05,4.5,23.5,44.6,31.9,96.6,0.0,18.3,June,2023
12906,Peddapalli,Sultanabad,2023-06-06,0.0,27.2,39.4,29.4,72.8,0.0,8.0,June,2023
12907,Peddapalli,Sultanabad,2023-06-07,0.0,28.0,41.8,26.3,70.4,0.0,12.3,June,2023
12908,Peddapalli,Sultanabad,2023-06-08,0.0,28.0,44.1,34.3,65.7,0.0,11.8,June,2023
12909,Peddapalli,Sultanabad,2023-06-09,0.0,28.5,43.7,31.7,63.1,0.0,12.9,June,2023
12910,Peddapalli,Sultanabad,2023-06-10,0.2,28.3,42.6,32.3,63.1,0.0,10.2,June,2023
12911,Peddapalli,Sultanabad,2023-06-11,1.6,27.0,42.1,38.7,78.6,0.0,13.4,June,2023
12912,Peddapalli,Sultanabad,2023-06-12,0.0,27.8,39.4,36.1,63.5,0.0,12.6,June,2023
12913,Peddapalli,Sultanabad,2023-06-13,0.0,28.8,42.3,35.1,56.8,0.0,16.1,June,2023
12914,Peddapalli,Sultanabad,2023-06-14,0.0,29.0,43.7,24.2,62.8,0.0,16.3,June,2023
12915,Peddapalli,Sultanabad,2023-06-15,0.0,28.4,42.0,34.1,62.8,0.0,15.3,June,2023
12916,Peddapalli,Sultanabad,2023-06-16,0.0,28.6,40.2,26.7,56.7,0.0,11.1,June,2023
12917,Peddapalli,Sultanabad,2023-06-17,0.0,29.7,43.8,31.9,58.6,0.0,7.7,June,2023
12918,Peddapalli,Sultanabad,2023-06-18,0.0,29.8,42.0,35.5,58.1,0.0,11.7,June,2023
12919,Peddapalli,Sultanabad,2023-06-19,0.0,29.2,41.9,33.5,62.7,0.0,8.1,June,2023
12920,Peddapalli,Sultanabad,2023-06-20,0.0,28.2,41.8,31.5,70.6,0.0,9.1,June,2023
12921,Peddapalli,Sultanabad,2023-06-21,0.0,26.6,41.3,31.0,78.5,0.0,10.2,June,2023
12922,Peddapalli,Sultanabad,2023-06-22,0.0,26.5,39.9,35.5,87.2,0.0,15.3,June,2023
12923,Peddapalli,Sultanabad,2023-06-23,0.0,25.6,38.7,40.9,89.1,0.0,11.3,June,2023
12924,Peddapalli,Sultanabad,2023-06-24,2.0,25.8,31.8,63.6,91.7,0.0,5.1,June,2023
12925,Peddapalli,Sultanabad,2023-06-25,4.8,24.5,31.7,67.1,95.9,0.0,9.6,June,2023
12926,Peddapalli,Sultanabad,2023-06-26,7.1,24.4,32.8,60.2,93.1,0.0,11.0,June,2023
12927,Peddapalli,Sultanabad,2023-06-27,4.2,23.9,29.1,72.6,96.6,0.0,9.4,June,2023
12928,Peddapalli,Sultanabad,2023-06-28,7.8,24.2,31.1,62.2,94.1,0.0,12.0,June,2023
12929,Peddapalli,Sultanabad,2023-06-29,5.9,24.6,33.0,52.7,94.1,0.0,6.9,June,2023
12930,Peddapalli,Sultanabad,2023-06-30,1.0,26.2,34.0,52.1,81.5,0.0,8.3,June,2023
12931,Rajanna Sircilla,Boinpalle,2023-06-01,0.0,27.4,39.6,30.3,67.2,0.0,15.1,June,2023
12932,Rajanna Sircilla,Boinpalle,2023-06-02,0.0,26.2,41.6,23.0,56.8,0.0,16.9,June,2023
12933,Rajanna Sircilla,Boinpalle,2023-06-03,0.0,28.3,42.4,19.0,46.1,0.0,21.6,June,2023
12934,Rajanna Sircilla,Boinpalle,2023-06-04,0.0,29.7,42.3,25.6,59.7,0.0,0.1,June,2023
12935,Rajanna Sircilla,Boinpalle,2023-06-05,1.8,23.9,43.1,24.1,86.2,0.0,4.4,June,2023
12936,Rajanna Sircilla,Boinpalle,2023-06-06,0.0,27.3,39.4,29.1,63.1,0.0,4.0,June,2023
12937,Rajanna Sircilla,Boinpalle,2023-06-07,9.2,27.3,40.4,30.4,73.0,0.0,0.2,June,2023
12938,Rajanna Sircilla,Boinpalle,2023-06-08,0.0,29.3,40.5,29.7,55.3,0.0,30.5,June,2023
12939,Rajanna Sircilla,Boinpalle,2023-06-09,0.0,28.8,41.1,23.6,53.8,2.8,49.8,June,2023
12940,Rajanna Sircilla,Boinpalle,2023-06-10,0.0,29.7,41.6,27.5,54.3,0.0,14.7,June,2023
12941,Rajanna Sircilla,Boinpalle,2023-06-11,0.0,29.2,41.5,26.6,62.9,0.0,23.2,June,2023
12942,Rajanna Sircilla,Boinpalle,2023-06-12,0.0,30.5,39.3,31.7,57.3,0.0,34.4,June,2023
12943,Rajanna Sircilla,Boinpalle,2023-06-13,0.0,30.7,41.5,29.2,48.5,0.0,26.5,June,2023
12944,Rajanna Sircilla,Boinpalle,2023-06-14,0.0,30.6,41.4,23.3,51.5,0.0,34.2,June,2023
12945,Rajanna Sircilla,Boinpalle,2023-06-15,0.0,30.5,41.1,26.4,51.7,0.0,37.4,June,2023
12946,Rajanna Sircilla,Boinpalle,2023-06-16,0.0,30.0,40.2,27.1,47.4,0.0,25.0,June,2023
12947,Rajanna Sircilla,Boinpalle,2023-06-17,0.0,31.0,41.6,24.2,50.3,0.0,9.9,June,2023
12948,Rajanna Sircilla,Boinpalle,2023-06-18,0.0,31.3,40.2,29.9,51.0,0.0,2.6,June,2023
12949,Rajanna Sircilla,Boinpalle,2023-06-19,0.0,31.7,40.0,29.9,46.8,0.0,1.8,June,2023
12950,Rajanna Sircilla,Boinpalle,2023-06-20,0.0,28.3,39.9,28.9,51.8,0.0,10.3,June,2023
12951,Rajanna Sircilla,Boinpalle,2023-06-21,0.0,29.6,40.5,29.8,63.2,0.0,6.2,June,2023
12952,Rajanna Sircilla,Boinpalle,2023-06-22,0.0,28.4,39.4,32.3,70.1,2.1,17.2,June,2023
12953,Rajanna Sircilla,Boinpalle,2023-06-23,0.0,27.9,38.1,35.5,75.5,0.0,21.2,June,2023
12954,Rajanna Sircilla,Boinpalle,2023-06-24,1.2,26.2,32.9,54.4,82.4,0.0,0.7,June,2023
12955,Rajanna Sircilla,Boinpalle,2023-06-25,1.5,23.6,32.4,64.3,100.0,0.0,2.0,June,2023
12956,Rajanna Sircilla,Boinpalle,2023-06-26,2.6,24.2,32.6,64.1,100.0,0.0,27.7,June,2023
12957,Rajanna Sircilla,Boinpalle,2023-06-27,2.1,23.9,29.9,87.9,100.0,0.0,32.7,June,2023
12958,Rajanna Sircilla,Boinpalle,2023-06-28,4.1,24.5,30.8,72.4,100.0,0.0,37.1,June,2023
12959,Rajanna Sircilla,Boinpalle,2023-06-29,4.5,23.6,32.7,52.5,100.0,0.0,32.6,June,2023
12960,Rajanna Sircilla,Boinpalle,2023-06-30,0.7,25.3,32.7,53.5,89.0,0.0,27.7,June,2023
12961,Rajanna Sircilla,Chandurthi,2023-06-01,0.0,26.3,39.4,41.9,99.9,0.0,15.1,June,2023
12962,Rajanna Sircilla,Chandurthi,2023-06-02,0.0,27.6,41.8,31.4,76.3,0.0,12.3,June,2023
12963,Rajanna Sircilla,Chandurthi,2023-06-03,0.0,28.5,42.9,31.4,65.2,0.0,14.1,June,2023
12964,Rajanna Sircilla,Chandurthi,2023-06-04,0.0,29.0,41.1,31.4,77.5,0.0,13.8,June,2023
12965,Rajanna Sircilla,Chandurthi,2023-06-05,1.0,24.7,42.1,31.4,99.9,0.0,23.3,June,2023
12966,Rajanna Sircilla,Chandurthi,2023-06-06,0.0,27.5,39.2,31.4,80.2,0.0,14.7,June,2023
12967,Rajanna Sircilla,Chandurthi,2023-06-07,0.0,28.2,42.0,31.4,73.4,0.0,17.1,June,2023
12968,Rajanna Sircilla,Chandurthi,2023-06-08,0.0,28.0,41.8,31.4,64.4,0.0,16.3,June,2023
12969,Rajanna Sircilla,Chandurthi,2023-06-09,0.0,28.5,42.4,31.4,64.4,0.0,16.7,June,2023
12970,Rajanna Sircilla,Chandurthi,2023-06-10,0.0,28.5,41.4,31.4,64.4,0.0,22.8,June,2023
12971,Rajanna Sircilla,Chandurthi,2023-06-11,0.0,27.1,42.3,31.4,80.8,0.0,19.2,June,2023
12972,Rajanna Sircilla,Chandurthi,2023-06-12,0.0,27.8,41.3,45.4,66.3,0.0,20.0,June,2023
12973,Rajanna Sircilla,Chandurthi,2023-06-13,0.0,28.3,41.8,31.4,64.4,0.0,19.6,June,2023
12974,Rajanna Sircilla,Chandurthi,2023-06-14,0.0,28.5,42.2,31.4,64.4,0.0,18.9,June,2023
12975,Rajanna Sircilla,Chandurthi,2023-06-15,0.0,28.4,39.0,31.4,64.4,0.0,24.3,June,2023
12976,Rajanna Sircilla,Chandurthi,2023-06-16,0.0,29.1,41.5,31.4,64.4,0.0,18.2,June,2023
12977,Rajanna Sircilla,Chandurthi,2023-06-17,0.0,28.8,39.7,31.4,64.4,0.0,15.4,June,2023
12978,Rajanna Sircilla,Chandurthi,2023-06-18,0.0,29.4,39.3,43.5,63.7,0.0,21.7,June,2023
12979,Rajanna Sircilla,Chandurthi,2023-06-19,0.0,29.8,41.4,42.2,63.2,0.0,15.0,June,2023
12980,Rajanna Sircilla,Chandurthi,2023-06-20,0.0,28.6,40.2,42.1,69.0,0.0,21.8,June,2023
12981,Rajanna Sircilla,Chandurthi,2023-06-21,0.0,27.6,39.4,31.4,81.3,0.0,15.0,June,2023
12982,Rajanna Sircilla,Chandurthi,2023-06-22,0.0,26.5,40.2,43.7,99.9,0.0,19.9,June,2023
12983,Rajanna Sircilla,Chandurthi,2023-06-23,0.7,25.7,36.9,47.7,99.9,0.0,17.6,June,2023
12984,Rajanna Sircilla,Chandurthi,2023-06-24,6.5,24.9,33.4,58.9,99.9,0.0,8.7,June,2023
12985,Rajanna Sircilla,Chandurthi,2023-06-25,0.7,24.5,34.6,56.9,100.0,0.0,10.0,June,2023
12986,Rajanna Sircilla,Chandurthi,2023-06-26,22.1,24.3,34.4,45.5,93.1,0.0,11.8,June,2023
12987,Rajanna Sircilla,Chandurthi,2023-06-27,5.6,23.4,32.1,76.9,96.0,0.0,15.3,June,2023
12988,Rajanna Sircilla,Chandurthi,2023-06-28,4.1,24.4,32.1,71.5,93.5,0.0,13.4,June,2023
12989,Rajanna Sircilla,Chandurthi,2023-06-29,30.5,23.7,32.7,42.3,97.2,0.0,15.3,June,2023
12990,Rajanna Sircilla,Chandurthi,2023-06-30,0.0,25.2,33.3,60.3,80.2,0.0,15.5,June,2023
12991,Rajanna Sircilla,Ellanthakunta,2023-06-01,0.0,25.5,41.5,31.4,91.6,0.0,5.2,June,2023
12992,Rajanna Sircilla,Ellanthakunta,2023-06-02,0.0,26.8,42.3,24.6,83.7,0.0,7.7,June,2023
12993,Rajanna Sircilla,Ellanthakunta,2023-06-03,0.0,26.4,44.0,23.6,76.6,0.0,10.9,June,2023
12994,Rajanna Sircilla,Ellanthakunta,2023-06-04,1.9,28.6,42.5,26.8,84.3,0.0,10.1,June,2023
12995,Rajanna Sircilla,Ellanthakunta,2023-06-05,8.1,23.0,44.2,24.7,96.9,0.0,22.0,June,2023
12996,Rajanna Sircilla,Ellanthakunta,2023-06-06,0.0,27.3,40.1,30.8,73.6,0.0,8.4,June,2023
12997,Rajanna Sircilla,Ellanthakunta,2023-06-07,0.5,27.4,41.8,30.2,84.3,0.0,25.8,June,2023
12998,Rajanna Sircilla,Ellanthakunta,2023-06-08,0.0,28.0,42.5,31.4,70.4,0.0,11.4,June,2023
12999,Rajanna Sircilla,Ellanthakunta,2023-06-09,0.0,28.2,42.5,26.7,70.4,0.0,12.0,June,2023
13000,Rajanna Sircilla,Ellanthakunta,2023-06-10,0.0,29.1,42.4,24.7,71.1,0.0,15.2,June,2023
13001,Rajanna Sircilla,Ellanthakunta,2023-06-11,6.8,24.5,42.5,31.5,89.1,0.0,14.5,June,2023
13002,Rajanna Sircilla,Ellanthakunta,2023-06-12,0.0,28.0,41.4,39.9,77.1,0.0,10.8,June,2023
13003,Rajanna Sircilla,Ellanthakunta,2023-06-13,0.0,28.3,42.0,31.4,65.2,0.0,13.0,June,2023
13004,Rajanna Sircilla,Ellanthakunta,2023-06-14,0.0,28.5,42.2,24.6,66.6,0.0,13.0,June,2023
13005,Rajanna Sircilla,Ellanthakunta,2023-06-15,0.0,29.4,41.7,26.1,70.4,0.0,12.3,June,2023
13006,Rajanna Sircilla,Ellanthakunta,2023-06-16,0.0,28.6,42.2,26.1,70.4,0.0,14.2,June,2023
13007,Rajanna Sircilla,Ellanthakunta,2023-06-17,0.0,29.7,42.3,23.9,70.5,0.0,10.4,June,2023
13008,Rajanna Sircilla,Ellanthakunta,2023-06-18,0.0,30.2,42.2,30.5,70.5,0.0,13.1,June,2023
13009,Rajanna Sircilla,Ellanthakunta,2023-06-19,0.0,29.8,42.0,31.4,70.6,0.0,10.6,June,2023
13010,Rajanna Sircilla,Ellanthakunta,2023-06-20,0.0,28.4,42.2,30.7,73.9,0.0,9.9,June,2023
13011,Rajanna Sircilla,Ellanthakunta,2023-06-21,0.0,27.8,41.7,31.4,76.9,0.0,9.6,June,2023
13012,Rajanna Sircilla,Ellanthakunta,2023-06-22,8.6,23.5,41.8,36.0,92.5,0.0,19.1,June,2023
13013,Rajanna Sircilla,Ellanthakunta,2023-06-23,2.6,25.7,37.5,47.2,98.9,0.0,10.0,June,2023
13014,Rajanna Sircilla,Ellanthakunta,2023-06-24,7.3,24.9,34.1,57.0,99.9,0.0,3.9,June,2023
13015,Rajanna Sircilla,Ellanthakunta,2023-06-25,7.7,23.6,32.3,55.0,98.7,0.0,20.7,June,2023
13016,Rajanna Sircilla,Ellanthakunta,2023-06-26,5.5,23.9,32.8,53.2,97.8,0.0,15.2,June,2023
13017,Rajanna Sircilla,Ellanthakunta,2023-06-27,0.6,23.5,29.7,60.1,98.3,0.0,8.5,June,2023
13018,Rajanna Sircilla,Ellanthakunta,2023-06-28,3.0,24.2,31.1,56.0,98.2,0.0,9.9,June,2023
13019,Rajanna Sircilla,Ellanthakunta,2023-06-29,9.6,24.1,32.9,49.7,100.0,1.5,8.6,June,2023
13020,Rajanna Sircilla,Ellanthakunta,2023-06-30,0.0,24.8,34.9,43.2,86.4,0.0,11.4,June,2023
13021,Rajanna Sircilla,Gambhiraopeta,2023-06-01,0.0,24.5,40.6,29.4,70.7,0.0,10.5,June,2023
13022,Rajanna Sircilla,Gambhiraopeta,2023-06-02,0.0,25.2,42.4,20.4,65.6,0.0,13.8,June,2023
13023,Rajanna Sircilla,Gambhiraopeta,2023-06-03,0.0,28.3,42.8,19.1,49.0,0.1,14.0,June,2023
13024,Rajanna Sircilla,Gambhiraopeta,2023-06-04,0.0,27.3,44.0,21.3,62.6,0.0,11.6,June,2023
13025,Rajanna Sircilla,Gambhiraopeta,2023-06-05,0.0,23.2,43.5,24.7,80.4,0.5,16.7,June,2023
13026,Rajanna Sircilla,Gambhiraopeta,2023-06-06,0.0,24.0,40.1,27.7,72.4,0.0,13.7,June,2023
13027,Rajanna Sircilla,Gambhiraopeta,2023-06-07,0.0,27.4,41.0,30.5,62.6,0.0,14.7,June,2023
13028,Rajanna Sircilla,Gambhiraopeta,2023-06-08,0.0,28.1,41.9,27.4,70.4,1.4,15.1,June,2023
13029,Rajanna Sircilla,Gambhiraopeta,2023-06-09,0.0,27.1,42.5,24.4,64.1,0.8,13.2,June,2023
13030,Rajanna Sircilla,Gambhiraopeta,2023-06-10,0.0,28.4,42.1,24.9,70.4,1.0,14.5,June,2023
13031,Rajanna Sircilla,Gambhiraopeta,2023-06-11,0.0,25.5,41.4,30.0,79.1,1.3,16.1,June,2023
13032,Rajanna Sircilla,Gambhiraopeta,2023-06-12,0.0,27.8,39.1,32.5,70.4,0.7,14.9,June,2023
13033,Rajanna Sircilla,Gambhiraopeta,2023-06-13,0.0,27.4,40.9,30.0,62.6,0.9,14.6,June,2023
13034,Rajanna Sircilla,Gambhiraopeta,2023-06-14,0.0,28.2,41.2,26.3,70.4,1.1,18.1,June,2023
13035,Rajanna Sircilla,Gambhiraopeta,2023-06-15,0.0,27.4,40.5,26.4,64.0,1.2,15.1,June,2023
13036,Rajanna Sircilla,Gambhiraopeta,2023-06-16,0.0,27.9,40.4,26.9,62.6,0.0,13.1,June,2023
13037,Rajanna Sircilla,Gambhiraopeta,2023-06-17,0.0,28.6,42.0,25.7,64.8,0.1,13.2,June,2023
13038,Rajanna Sircilla,Gambhiraopeta,2023-06-18,0.0,28.9,39.7,31.2,62.8,0.0,14.6,June,2023
13039,Rajanna Sircilla,Gambhiraopeta,2023-06-19,0.0,28.9,40.3,31.7,65.2,0.0,14.7,June,2023
13040,Rajanna Sircilla,Gambhiraopeta,2023-06-20,0.0,26.7,39.9,31.3,70.4,0.0,11.1,June,2023
13041,Rajanna Sircilla,Gambhiraopeta,2023-06-21,0.0,27.6,40.4,31.2,72.5,0.0,12.0,June,2023
13042,Rajanna Sircilla,Gambhiraopeta,2023-06-22,0.0,26.7,40.1,31.9,76.5,0.9,16.0,June,2023
13043,Rajanna Sircilla,Gambhiraopeta,2023-06-23,0.0,26.7,39.0,36.0,76.6,0.0,15.9,June,2023
13044,Rajanna Sircilla,Gambhiraopeta,2023-06-24,8.5,24.9,34.2,49.0,99.9,0.0,9.9,June,2023
13045,Rajanna Sircilla,Gambhiraopeta,2023-06-25,7.9,22.7,31.2,59.2,97.7,0.0,9.3,June,2023
13046,Rajanna Sircilla,Gambhiraopeta,2023-06-26,3.7,23.6,31.4,67.2,100.0,0.0,11.7,June,2023
13047,Rajanna Sircilla,Gambhiraopeta,2023-06-27,1.1,23.3,29.6,74.2,100.0,0.6,12.8,June,2023
13048,Rajanna Sircilla,Gambhiraopeta,2023-06-28,7.3,23.6,30.8,68.4,98.0,0.0,14.4,June,2023
13049,Rajanna Sircilla,Gambhiraopeta,2023-06-29,16.3,23.4,33.1,61.1,99.5,0.0,11.0,June,2023
13050,Rajanna Sircilla,Gambhiraopeta,2023-06-30,0.4,23.9,33.3,59.1,91.6,0.0,12.6,June,2023
13051,Rajanna Sircilla,Konaraopeta,2023-06-01,0.0,26.3,42.2,31.4,83.7,0.0,12.4,June,2023
13052,Rajanna Sircilla,Konaraopeta,2023-06-02,0.0,27.5,43.9,23.8,76.4,0.0,6.2,June,2023
13053,Rajanna Sircilla,Konaraopeta,2023-06-03,0.0,28.5,44.7,23.6,69.9,0.0,6.4,June,2023
13054,Rajanna Sircilla,Konaraopeta,2023-06-04,0.0,28.7,44.0,26.1,75.7,0.0,7.3,June,2023
13055,Rajanna Sircilla,Konaraopeta,2023-06-05,0.7,24.7,44.2,26.5,90.4,0.0,14.2,June,2023
13056,Rajanna Sircilla,Konaraopeta,2023-06-06,0.0,26.9,41.4,27.0,88.1,0.0,6.7,June,2023
13057,Rajanna Sircilla,Konaraopeta,2023-06-07,0.0,28.2,42.5,31.5,70.4,0.0,9.0,June,2023
13058,Rajanna Sircilla,Konaraopeta,2023-06-08,0.0,28.0,44.2,26.1,63.4,0.0,7.0,June,2023
13059,Rajanna Sircilla,Konaraopeta,2023-06-09,0.0,28.2,44.2,25.7,58.0,0.0,7.2,June,2023
13060,Rajanna Sircilla,Konaraopeta,2023-06-10,0.0,28.3,42.3,24.2,68.3,0.0,10.1,June,2023
13061,Rajanna Sircilla,Konaraopeta,2023-06-11,0.0,27.1,42.4,31.5,88.2,0.0,10.1,June,2023
13062,Rajanna Sircilla,Konaraopeta,2023-06-12,0.0,27.8,42.2,32.3,66.2,0.0,7.2,June,2023
13063,Rajanna Sircilla,Konaraopeta,2023-06-13,0.0,28.3,42.5,31.5,64.4,0.0,7.4,June,2023
13064,Rajanna Sircilla,Konaraopeta,2023-06-14,0.0,28.5,44.3,23.6,64.6,0.0,8.5,June,2023
13065,Rajanna Sircilla,Konaraopeta,2023-06-15,0.0,28.4,42.5,31.4,65.2,0.0,13.1,June,2023
13066,Rajanna Sircilla,Konaraopeta,2023-06-16,0.0,28.6,41.9,24.4,62.7,0.0,7.2,June,2023
13067,Rajanna Sircilla,Konaraopeta,2023-06-17,0.0,28.8,41.5,26.0,64.2,0.0,6.2,June,2023
13068,Rajanna Sircilla,Konaraopeta,2023-06-18,0.0,30.0,40.2,31.4,65.1,0.0,11.5,June,2023
13069,Rajanna Sircilla,Konaraopeta,2023-06-19,0.0,29.8,42.2,31.4,63.1,0.0,5.2,June,2023
13070,Rajanna Sircilla,Konaraopeta,2023-06-20,0.0,28.9,42.1,31.4,67.2,0.0,7.6,June,2023
13071,Rajanna Sircilla,Konaraopeta,2023-06-21,0.0,27.8,42.1,31.7,85.1,0.0,10.2,June,2023
13072,Rajanna Sircilla,Konaraopeta,2023-06-22,0.0,26.5,41.8,32.2,86.6,0.0,10.9,June,2023
13073,Rajanna Sircilla,Konaraopeta,2023-06-23,0.0,26.0,37.4,39.9,91.8,0.0,7.2,June,2023
13074,Rajanna Sircilla,Konaraopeta,2023-06-24,12.7,24.9,34.2,55.1,99.9,0.0,0.7,June,2023
13075,Rajanna Sircilla,Konaraopeta,2023-06-25,3.3,23.6,34.9,45.9,97.9,0.0,13.3,June,2023
13076,Rajanna Sircilla,Konaraopeta,2023-06-26,5.8,24.1,34.5,51.0,99.5,0.0,21.7,June,2023
13077,Rajanna Sircilla,Konaraopeta,2023-06-27,4.7,23.4,32.9,78.4,98.0,0.0,12.7,June,2023
13078,Rajanna Sircilla,Konaraopeta,2023-06-28,0.6,24.1,31.9,73.1,97.2,0.0,20.8,June,2023
13079,Rajanna Sircilla,Konaraopeta,2023-06-29,4.3,23.8,32.9,46.0,100.0,0.0,14.1,June,2023
13080,Rajanna Sircilla,Konaraopeta,2023-06-30,0.0,25.2,34.6,44.9,86.6,0.0,15.5,June,2023
13081,Rajanna Sircilla,Mustabad,2023-06-01,0.0,25.7,41.6,32.2,83.2,0.0,10.7,June,2023
13082,Rajanna Sircilla,Mustabad,2023-06-02,0.0,27.5,42.0,23.9,69.9,0.0,8.7,June,2023
13083,Rajanna Sircilla,Mustabad,2023-06-03,0.0,28.5,42.2,17.0,58.4,0.0,14.6,June,2023
13084,Rajanna Sircilla,Mustabad,2023-06-04,0.0,28.7,41.5,26.3,70.0,0.0,8.6,June,2023
13085,Rajanna Sircilla,Mustabad,2023-06-05,0.0,24.6,42.1,26.1,83.1,0.0,10.5,June,2023
13086,Rajanna Sircilla,Mustabad,2023-06-06,0.0,27.8,39.5,31.2,71.2,0.0,10.3,June,2023
13087,Rajanna Sircilla,Mustabad,2023-06-07,0.0,29.8,41.8,31.2,69.9,0.0,16.9,June,2023
13088,Rajanna Sircilla,Mustabad,2023-06-08,0.0,29.9,42.0,26.4,64.6,0.1,18.7,June,2023
13089,Rajanna Sircilla,Mustabad,2023-06-09,0.0,28.7,41.6,23.4,59.5,1.1,16.9,June,2023
13090,Rajanna Sircilla,Mustabad,2023-06-10,0.0,28.9,42.4,24.0,63.3,1.5,18.9,June,2023
13091,Rajanna Sircilla,Mustabad,2023-06-11,0.0,28.7,40.5,31.4,72.6,0.0,8.5,June,2023
13092,Rajanna Sircilla,Mustabad,2023-06-12,0.0,29.7,40.3,33.3,67.7,2.4,8.0,June,2023
13093,Rajanna Sircilla,Mustabad,2023-06-13,0.0,29.5,41.4,31.4,58.0,0.2,23.2,June,2023
13094,Rajanna Sircilla,Mustabad,2023-06-14,0.0,29.7,41.5,25.3,61.5,1.1,12.6,June,2023
13095,Rajanna Sircilla,Mustabad,2023-06-15,0.0,29.5,41.2,25.0,59.9,0.0,20.6,June,2023
13096,Rajanna Sircilla,Mustabad,2023-06-16,0.0,30.1,40.8,26.3,54.6,0.0,9.4,June,2023
13097,Rajanna Sircilla,Mustabad,2023-06-17,0.0,29.9,41.1,23.4,59.5,0.0,14.1,June,2023
13098,Rajanna Sircilla,Mustabad,2023-06-18,0.0,31.2,40.3,31.4,55.9,0.0,10.5,June,2023
13099,Rajanna Sircilla,Mustabad,2023-06-19,0.0,30.1,41.2,31.2,56.2,0.0,15.1,June,2023
13100,Rajanna Sircilla,Mustabad,2023-06-20,0.0,28.5,40.5,31.2,62.2,0.0,14.3,June,2023
13101,Rajanna Sircilla,Mustabad,2023-06-21,0.0,29.7,41.3,31.2,70.9,1.7,17.4,June,2023
13102,Rajanna Sircilla,Mustabad,2023-06-22,0.0,27.5,39.7,34.5,74.5,1.6,15.3,June,2023
13103,Rajanna Sircilla,Mustabad,2023-06-23,0.0,28.5,37.3,39.8,70.7,0.0,15.4,June,2023
13104,Rajanna Sircilla,Mustabad,2023-06-24,18.8,25.2,34.4,47.4,99.9,0.0,9.8,June,2023
13105,Rajanna Sircilla,Mustabad,2023-06-25,28.7,23.5,32.2,54.9,99.4,0.0,9.3,June,2023
13106,Rajanna Sircilla,Mustabad,2023-06-26,1.3,24.2,31.9,58.4,98.6,1.3,28.7,June,2023
13107,Rajanna Sircilla,Mustabad,2023-06-27,1.2,24.0,29.1,64.3,100.0,0.0,31.2,June,2023
13108,Rajanna Sircilla,Mustabad,2023-06-28,11.2,23.8,31.4,58.9,100.0,0.0,20.9,June,2023
13109,Rajanna Sircilla,Mustabad,2023-06-29,21.0,24.1,33.0,50.8,100.0,1.4,9.8,June,2023
13110,Rajanna Sircilla,Mustabad,2023-06-30,0.0,25.3,33.5,47.4,96.5,1.4,12.3,June,2023
13111,Rajanna Sircilla,Rudrangi,2023-06-01,0.0,26.0,39.7,35.8,90.4,0.0,15.1,June,2023
13112,Rajanna Sircilla,Rudrangi,2023-06-02,0.0,26.5,42.2,28.9,76.4,0.0,10.2,June,2023
13113,Rajanna Sircilla,Rudrangi,2023-06-03,0.0,27.6,44.8,22.5,69.9,0.0,10.8,June,2023
13114,Rajanna Sircilla,Rudrangi,2023-06-04,0.0,27.6,44.8,27.4,76.4,0.0,13.8,June,2023
13115,Rajanna Sircilla,Rudrangi,2023-06-05,4.6,23.3,44.3,30.7,94.3,0.0,12.5,June,2023
13116,Rajanna Sircilla,Rudrangi,2023-06-06,0.0,24.5,39.8,37.3,83.1,0.0,11.3,June,2023
13117,Rajanna Sircilla,Rudrangi,2023-06-07,0.0,28.1,41.8,40.1,76.4,0.0,7.9,June,2023
13118,Rajanna Sircilla,Rudrangi,2023-06-08,0.0,28.0,42.5,31.5,63.8,0.0,13.9,June,2023
13119,Rajanna Sircilla,Rudrangi,2023-06-09,0.9,27.8,39.7,28.2,76.9,0.0,10.9,June,2023
13120,Rajanna Sircilla,Rudrangi,2023-06-10,0.0,28.5,41.6,31.2,71.9,0.0,10.8,June,2023
13121,Rajanna Sircilla,Rudrangi,2023-06-11,0.2,25.8,39.6,40.2,86.7,0.0,13.6,June,2023
13122,Rajanna Sircilla,Rudrangi,2023-06-12,0.0,28.8,39.2,37.3,70.4,0.0,10.9,June,2023
13123,Rajanna Sircilla,Rudrangi,2023-06-13,0.0,28.7,42.0,34.6,64.4,0.0,15.0,June,2023
13124,Rajanna Sircilla,Rudrangi,2023-06-14,0.0,28.8,41.1,31.3,65.3,0.0,13.0,June,2023
13125,Rajanna Sircilla,Rudrangi,2023-06-15,0.0,27.7,42.2,28.9,63.2,0.0,13.4,June,2023
13126,Rajanna Sircilla,Rudrangi,2023-06-16,0.0,27.7,41.8,30.2,63.5,0.0,12.0,June,2023
13127,Rajanna Sircilla,Rudrangi,2023-06-17,0.0,29.2,39.9,30.4,65.5,0.0,12.3,June,2023
13128,Rajanna Sircilla,Rudrangi,2023-06-18,0.0,29.6,41.5,40.0,65.4,0.0,12.1,June,2023
13129,Rajanna Sircilla,Rudrangi,2023-06-19,0.0,28.9,42.3,34.7,64.0,0.0,11.8,June,2023
13130,Rajanna Sircilla,Rudrangi,2023-06-20,0.0,27.9,39.7,34.2,64.4,0.0,11.0,June,2023
13131,Rajanna Sircilla,Rudrangi,2023-06-21,0.0,27.6,42.6,35.9,76.4,0.0,10.7,June,2023
13132,Rajanna Sircilla,Rudrangi,2023-06-22,0.0,26.5,39.6,40.0,86.4,0.0,12.9,June,2023
13133,Rajanna Sircilla,Rudrangi,2023-06-23,0.0,26.0,37.4,34.7,91.6,0.0,10.5,June,2023
13134,Rajanna Sircilla,Rudrangi,2023-06-24,1.7,25.2,33.0,63.0,99.6,0.0,5.7,June,2023
13135,Rajanna Sircilla,Rudrangi,2023-06-25,16.0,22.9,32.6,57.5,96.5,0.0,8.4,June,2023
13136,Rajanna Sircilla,Rudrangi,2023-06-26,6.9,23.5,33.0,58.4,96.9,0.0,10.6,June,2023
13137,Rajanna Sircilla,Rudrangi,2023-06-27,3.5,22.8,27.0,73.2,96.5,0.2,12.2,June,2023
13138,Rajanna Sircilla,Rudrangi,2023-06-28,1.3,22.5,29.1,75.1,92.7,0.0,9.7,June,2023
13139,Rajanna Sircilla,Rudrangi,2023-06-29,13.3,23.4,32.8,58.4,97.4,0.0,8.7,June,2023
13140,Rajanna Sircilla,Rudrangi,2023-06-30,0.0,24.5,35.1,50.7,80.6,0.0,8.9,June,2023
13141,Rajanna Sircilla,Sirsilla,2023-06-01,0.0,26.5,41.9,31.8,83.7,0.0,9.6,June,2023
13142,Rajanna Sircilla,Sirsilla,2023-06-02,0.0,26.2,43.6,22.4,73.0,0.0,8.3,June,2023
13143,Rajanna Sircilla,Sirsilla,2023-06-03,0.0,29.5,44.7,18.8,63.0,0.0,14.6,June,2023
13144,Rajanna Sircilla,Sirsilla,2023-06-04,0.0,28.7,43.7,31.5,70.6,0.0,12.7,June,2023
13145,Rajanna Sircilla,Sirsilla,2023-06-05,3.4,24.7,44.5,23.6,92.0,0.0,29.2,June,2023
13146,Rajanna Sircilla,Sirsilla,2023-06-06,0.0,27.5,41.1,33.2,72.5,0.0,9.4,June,2023
13147,Rajanna Sircilla,Sirsilla,2023-06-07,0.0,28.2,42.2,33.2,72.2,0.0,14.2,June,2023
13148,Rajanna Sircilla,Sirsilla,2023-06-08,0.0,28.0,43.9,32.7,70.4,0.1,13.4,June,2023
13149,Rajanna Sircilla,Sirsilla,2023-06-09,0.0,28.2,43.9,25.4,70.4,1.1,13.8,June,2023
13150,Rajanna Sircilla,Sirsilla,2023-06-10,0.0,28.3,42.4,28.2,70.5,1.5,15.3,June,2023
13151,Rajanna Sircilla,Sirsilla,2023-06-11,0.0,27.5,42.1,34.0,76.9,0.0,13.5,June,2023
13152,Rajanna Sircilla,Sirsilla,2023-06-12,0.0,27.8,41.7,35.5,72.9,4.8,12.7,June,2023
13153,Rajanna Sircilla,Sirsilla,2023-06-13,0.0,28.3,42.2,28.6,62.6,0.2,14.1,June,2023
13154,Rajanna Sircilla,Sirsilla,2023-06-14,0.0,28.5,42.4,26.6,66.1,2.1,13.5,June,2023
13155,Rajanna Sircilla,Sirsilla,2023-06-15,0.0,28.4,41.9,25.9,65.9,0.0,14.3,June,2023
13156,Rajanna Sircilla,Sirsilla,2023-06-16,0.0,28.6,42.2,28.0,62.6,0.0,15.1,June,2023
13157,Rajanna Sircilla,Sirsilla,2023-06-17,0.0,30.8,41.9,26.4,64.3,0.0,12.6,June,2023
13158,Rajanna Sircilla,Sirsilla,2023-06-18,0.0,30.2,41.3,33.3,58.0,0.0,11.7,June,2023
13159,Rajanna Sircilla,Sirsilla,2023-06-19,0.0,30.1,42.1,25.9,63.1,0.0,14.5,June,2023
13160,Rajanna Sircilla,Sirsilla,2023-06-20,0.0,28.9,41.8,30.9,66.0,0.0,12.1,June,2023
13161,Rajanna Sircilla,Sirsilla,2023-06-21,0.0,28.0,42.1,27.9,76.9,1.7,11.6,June,2023
13162,Rajanna Sircilla,Sirsilla,2023-06-22,0.7,26.5,41.7,33.3,85.3,1.6,24.2,June,2023
13163,Rajanna Sircilla,Sirsilla,2023-06-23,0.0,27.2,37.4,47.5,83.8,0.0,15.0,June,2023
13164,Rajanna Sircilla,Sirsilla,2023-06-24,3.0,24.9,34.5,58.6,99.9,0.0,10.5,June,2023
13165,Rajanna Sircilla,Sirsilla,2023-06-25,9.1,23.5,33.2,59.1,100.0,0.0,28.0,June,2023
13166,Rajanna Sircilla,Sirsilla,2023-06-26,5.2,24.3,32.9,59.1,99.9,2.5,12.9,June,2023
13167,Rajanna Sircilla,Sirsilla,2023-06-27,1.9,24.2,29.8,68.3,100.0,0.0,14.1,June,2023
13168,Rajanna Sircilla,Sirsilla,2023-06-28,1.2,24.2,31.9,62.3,98.6,0.0,13.7,June,2023
13169,Rajanna Sircilla,Sirsilla,2023-06-29,8.5,23.9,33.4,54.0,97.5,1.7,11.5,June,2023
13170,Rajanna Sircilla,Sirsilla,2023-06-30,0.0,25.8,33.9,53.7,84.4,2.8,12.2,June,2023
13171,Rajanna Sircilla,Thangallapalle,2023-06-01,0.0,27.1,39.9,42.3,83.1,0.0,9.6,June,2023
13172,Rajanna Sircilla,Thangallapalle,2023-06-02,0.0,27.6,42.0,36.3,76.0,0.0,8.3,June,2023
13173,Rajanna Sircilla,Thangallapalle,2023-06-03,0.0,29.6,44.0,28.4,64.6,0.0,14.6,June,2023
13174,Rajanna Sircilla,Thangallapalle,2023-06-04,0.8,28.7,42.2,40.5,70.4,0.0,12.7,June,2023
13175,Rajanna Sircilla,Thangallapalle,2023-06-05,3.8,24.4,44.2,40.3,83.1,0.0,23.7,June,2023
13176,Rajanna Sircilla,Thangallapalle,2023-06-06,0.0,28.6,39.8,40.4,76.4,0.0,9.4,June,2023
13177,Rajanna Sircilla,Thangallapalle,2023-06-07,0.0,28.4,41.5,40.9,76.4,0.0,7.2,June,2023
13178,Rajanna Sircilla,Thangallapalle,2023-06-08,0.0,28.0,42.1,34.2,70.4,0.1,13.4,June,2023
13179,Rajanna Sircilla,Thangallapalle,2023-06-09,0.4,28.2,41.9,33.2,76.4,0.6,7.2,June,2023
13180,Rajanna Sircilla,Thangallapalle,2023-06-10,0.0,29.1,42.2,33.6,70.9,1.5,15.3,June,2023
13181,Rajanna Sircilla,Thangallapalle,2023-06-11,0.0,27.2,42.2,44.4,76.7,0.0,6.8,June,2023
13182,Rajanna Sircilla,Thangallapalle,2023-06-12,0.0,28.0,41.4,42.1,73.6,2.4,6.5,June,2023
13183,Rajanna Sircilla,Thangallapalle,2023-06-13,0.0,28.3,41.2,41.3,64.8,0.2,14.1,June,2023
13184,Rajanna Sircilla,Thangallapalle,2023-06-14,0.0,28.5,42.1,32.7,70.4,2.1,13.5,June,2023
13185,Rajanna Sircilla,Thangallapalle,2023-06-15,0.0,29.4,41.6,40.1,70.4,0.0,7.7,June,2023
13186,Rajanna Sircilla,Thangallapalle,2023-06-16,0.0,28.6,41.8,40.0,62.8,0.0,15.1,June,2023
13187,Rajanna Sircilla,Thangallapalle,2023-06-17,0.0,30.8,41.5,32.9,70.4,0.0,12.6,June,2023
13188,Rajanna Sircilla,Thangallapalle,2023-06-18,0.0,30.2,41.0,42.3,64.5,0.0,6.5,June,2023
13189,Rajanna Sircilla,Thangallapalle,2023-06-19,0.0,30.1,41.6,40.3,63.1,0.0,14.5,June,2023
13190,Rajanna Sircilla,Thangallapalle,2023-06-20,0.0,28.6,39.4,40.3,70.0,0.0,12.1,June,2023
13191,Rajanna Sircilla,Thangallapalle,2023-06-21,0.0,27.8,41.8,46.4,75.2,1.7,11.6,June,2023
13192,Rajanna Sircilla,Thangallapalle,2023-06-22,6.8,26.5,39.5,42.3,90.2,0.8,19.8,June,2023
13193,Rajanna Sircilla,Thangallapalle,2023-06-23,0.0,25.7,37.4,47.6,83.7,0.0,9.0,June,2023
13194,Rajanna Sircilla,Thangallapalle,2023-06-24,5.7,24.9,34.2,70.9,96.1,0.0,10.5,June,2023
13195,Rajanna Sircilla,Thangallapalle,2023-06-25,32.3,22.8,32.3,61.4,92.3,0.0,21.4,June,2023
13196,Rajanna Sircilla,Thangallapalle,2023-06-26,1.6,24.9,31.9,66.3,86.3,1.3,6.9,June,2023
13197,Rajanna Sircilla,Thangallapalle,2023-06-27,1.4,24.0,28.9,68.5,88.5,0.0,5.4,June,2023
13198,Rajanna Sircilla,Thangallapalle,2023-06-28,4.4,23.9,30.3,66.7,92.7,0.0,7.8,June,2023
13199,Rajanna Sircilla,Thangallapalle,2023-06-29,12.9,23.9,32.5,63.4,95.0,0.9,7.9,June,2023
13200,Rajanna Sircilla,Thangallapalle,2023-06-30,0.0,25.0,34.0,59.5,80.6,0.9,5.6,June,2023
13201,Rajanna Sircilla,Veernapalle,2023-06-01,0.0,24.5,42.9,40.3,77.8,0.0,10.2,June,2023
13202,Rajanna Sircilla,Veernapalle,2023-06-02,0.0,26.4,43.7,34.0,67.8,0.0,8.4,June,2023
13203,Rajanna Sircilla,Veernapalle,2023-06-03,0.0,29.2,43.9,31.7,57.5,0.0,10.4,June,2023
13204,Rajanna Sircilla,Veernapalle,2023-06-04,0.0,27.8,41.5,35.8,67.4,0.0,4.2,June,2023
13205,Rajanna Sircilla,Veernapalle,2023-06-05,0.7,24.4,41.2,38.9,80.0,0.0,6.8,June,2023
13206,Rajanna Sircilla,Veernapalle,2023-06-06,0.0,25.2,38.3,42.3,73.1,0.0,9.1,June,2023
13207,Rajanna Sircilla,Veernapalle,2023-06-07,0.0,27.7,40.1,44.3,70.2,0.0,10.2,June,2023
13208,Rajanna Sircilla,Veernapalle,2023-06-08,0.0,29.0,40.4,40.3,69.0,0.0,14.9,June,2023
13209,Rajanna Sircilla,Veernapalle,2023-06-09,0.0,28.9,41.2,35.2,63.7,0.0,9.7,June,2023
13210,Rajanna Sircilla,Veernapalle,2023-06-10,0.0,29.4,40.8,38.3,70.3,0.0,13.4,June,2023
13211,Rajanna Sircilla,Veernapalle,2023-06-11,0.0,27.4,39.7,42.2,76.9,0.0,14.6,June,2023
13212,Rajanna Sircilla,Veernapalle,2023-06-12,0.0,28.7,38.7,44.5,70.2,0.0,12.0,June,2023
13213,Rajanna Sircilla,Veernapalle,2023-06-13,0.0,28.7,39.8,43.6,64.8,0.0,14.6,June,2023
13214,Rajanna Sircilla,Veernapalle,2023-06-14,0.0,28.4,39.8,38.8,70.0,0.0,10.7,June,2023
13215,Rajanna Sircilla,Veernapalle,2023-06-15,0.0,28.2,39.4,42.6,69.2,0.0,34.9,June,2023
13216,Rajanna Sircilla,Veernapalle,2023-06-16,0.0,28.3,39.2,39.9,63.4,0.0,38.8,June,2023
13217,Rajanna Sircilla,Veernapalle,2023-06-17,0.0,28.7,39.9,38.1,67.8,0.0,35.3,June,2023
13218,Rajanna Sircilla,Veernapalle,2023-06-18,0.0,29.3,39.3,44.9,66.6,0.0,28.3,June,2023
13219,Rajanna Sircilla,Veernapalle,2023-06-19,0.0,29.6,38.6,44.1,65.1,0.0,32.3,June,2023
13220,Rajanna Sircilla,Veernapalle,2023-06-20,0.0,28.2,37.9,44.4,64.9,0.0,23.4,June,2023
13221,Rajanna Sircilla,Veernapalle,2023-06-21,0.0,27.4,38.5,44.8,75.8,0.0,19.0,June,2023
13222,Rajanna Sircilla,Veernapalle,2023-06-22,0.0,27.6,38.8,45.4,77.5,0.0,24.6,June,2023
13223,Rajanna Sircilla,Veernapalle,2023-06-23,0.0,27.2,36.6,48.2,78.8,0.0,36.5,June,2023
13224,Rajanna Sircilla,Veernapalle,2023-06-24,11.8,24.3,33.6,51.1,80.1,0.0,2.9,June,2023
13225,Rajanna Sircilla,Veernapalle,2023-06-25,0.4,23.7,31.4,63.9,97.0,0.0,20.4,June,2023
13226,Rajanna Sircilla,Veernapalle,2023-06-26,7.9,24.3,31.6,63.5,94.8,0.0,20.5,June,2023
13227,Rajanna Sircilla,Veernapalle,2023-06-27,1.4,23.3,28.3,78.6,99.3,0.0,44.3,June,2023
13228,Rajanna Sircilla,Veernapalle,2023-06-28,0.3,23.2,28.7,76.3,98.4,0.0,40.6,June,2023
13229,Rajanna Sircilla,Veernapalle,2023-06-29,16.0,23.8,31.8,64.1,99.8,0.0,33.2,June,2023
13230,Rajanna Sircilla,Veernapalle,2023-06-30,0.0,24.8,33.1,58.0,88.8,0.0,25.9,June,2023
13231,Rajanna Sircilla,Vemulawada,2023-06-01,0.0,26.6,41.0,23.0,73.0,0.0,9.6,June,2023
13232,Rajanna Sircilla,Vemulawada,2023-06-02,0.0,26.5,41.8,16.0,60.6,0.0,3.2,June,2023
13233,Rajanna Sircilla,Vemulawada,2023-06-03,0.0,29.3,42.3,10.6,63.6,0.0,2.6,June,2023
13234,Rajanna Sircilla,Vemulawada,2023-06-04,0.0,29.7,42.4,23.6,62.7,0.0,4.1,June,2023
13235,Rajanna Sircilla,Vemulawada,2023-06-05,0.0,24.9,44.2,23.6,90.5,0.0,16.1,June,2023
13236,Rajanna Sircilla,Vemulawada,2023-06-06,0.0,27.3,40.2,26.0,73.4,0.0,2.8,June,2023
13237,Rajanna Sircilla,Vemulawada,2023-06-07,0.0,28.2,41.7,23.9,68.3,0.0,3.3,June,2023
13238,Rajanna Sircilla,Vemulawada,2023-06-08,0.0,29.8,43.9,17.3,52.0,0.0,0.3,June,2023
13239,Rajanna Sircilla,Vemulawada,2023-06-09,0.0,29.8,41.8,15.4,48.9,0.0,1.8,June,2023
13240,Rajanna Sircilla,Vemulawada,2023-06-10,0.0,29.6,41.8,15.4,51.5,0.0,1.1,June,2023
13241,Rajanna Sircilla,Vemulawada,2023-06-11,0.0,28.7,41.5,19.2,60.7,0.0,0.1,June,2023
13242,Rajanna Sircilla,Vemulawada,2023-06-12,0.0,29.5,39.4,24.2,52.0,0.0,0.2,June,2023
13243,Rajanna Sircilla,Vemulawada,2023-06-13,0.0,29.8,40.0,22.3,45.8,0.0,1.9,June,2023
13244,Rajanna Sircilla,Vemulawada,2023-06-14,0.0,29.8,41.0,14.1,48.4,0.0,0.9,June,2023
13245,Rajanna Sircilla,Vemulawada,2023-06-15,0.0,29.7,40.6,19.8,48.4,0.0,0.1,June,2023
13246,Rajanna Sircilla,Vemulawada,2023-06-16,0.0,30.0,40.2,17.3,42.7,0.0,1.8,June,2023
13247,Rajanna Sircilla,Vemulawada,2023-06-17,0.0,30.6,40.8,15.4,45.3,0.0,1.6,June,2023
13248,Rajanna Sircilla,Vemulawada,2023-06-18,0.0,30.4,40.1,23.0,45.8,0.0,4.6,June,2023
13249,Rajanna Sircilla,Vemulawada,2023-06-19,0.0,30.8,40.1,20.5,42.7,0.0,0.1,June,2023
13250,Rajanna Sircilla,Vemulawada,2023-06-20,0.0,29.1,40.0,21.1,65.7,0.0,0.5,June,2023
13251,Rajanna Sircilla,Vemulawada,2023-06-21,0.0,28.5,40.0,24.2,62.0,0.0,5.9,June,2023
13252,Rajanna Sircilla,Vemulawada,2023-06-22,0.0,27.7,39.7,24.9,66.1,0.0,12.3,June,2023
13253,Rajanna Sircilla,Vemulawada,2023-06-23,0.0,27.4,37.8,29.7,76.8,0.0,0.7,June,2023
13254,Rajanna Sircilla,Vemulawada,2023-06-24,0.9,25.9,34.1,49.8,93.1,0.0,0.1,June,2023
13255,Rajanna Sircilla,Vemulawada,2023-06-25,3.9,23.9,32.7,58.9,100.0,0.0,0.1,June,2023
13256,Rajanna Sircilla,Vemulawada,2023-06-26,7.7,24.5,32.9,55.2,100.0,0.0,1.6,June,2023
13257,Rajanna Sircilla,Vemulawada,2023-06-27,1.9,23.6,29.8,87.3,100.0,0.0,2.0,June,2023
13258,Rajanna Sircilla,Vemulawada,2023-06-28,0.7,24.8,31.1,67.9,100.0,0.0,1.0,June,2023
13259,Rajanna Sircilla,Vemulawada,2023-06-29,12.9,24.2,33.6,49.7,100.0,0.0,4.3,June,2023
13260,Rajanna Sircilla,Vemulawada,2023-06-30,0.0,26.0,33.5,51.3,100.0,0.0,5.4,June,2023
13261,Rajanna Sircilla,Vemulawada_Rural,2023-06-01,0.0,26.3,40.0,40.2,83.7,0.0,9.6,June,2023
13262,Rajanna Sircilla,Vemulawada_Rural,2023-06-02,0.0,26.2,42.1,25.2,76.4,0.0,12.5,June,2023
13263,Rajanna Sircilla,Vemulawada_Rural,2023-06-03,0.0,28.0,44.4,21.8,70.8,0.0,4.9,June,2023
13264,Rajanna Sircilla,Vemulawada_Rural,2023-06-04,0.0,29.0,42.0,29.3,84.9,0.0,8.0,June,2023
13265,Rajanna Sircilla,Vemulawada_Rural,2023-06-05,2.4,23.6,42.8,31.2,96.9,0.0,27.4,June,2023
13266,Rajanna Sircilla,Vemulawada_Rural,2023-06-06,0.0,27.3,39.5,36.1,76.4,0.0,5.4,June,2023
13267,Rajanna Sircilla,Vemulawada_Rural,2023-06-07,0.0,27.0,42.3,40.1,76.5,0.0,9.4,June,2023
13268,Rajanna Sircilla,Vemulawada_Rural,2023-06-08,0.0,29.0,42.1,25.0,70.5,0.0,12.4,June,2023
13269,Rajanna Sircilla,Vemulawada_Rural,2023-06-09,0.0,28.7,43.0,25.3,70.6,0.0,23.6,June,2023
13270,Rajanna Sircilla,Vemulawada_Rural,2023-06-10,0.0,29.3,41.7,23.4,70.4,0.0,5.7,June,2023
13271,Rajanna Sircilla,Vemulawada_Rural,2023-06-11,0.0,28.4,42.6,29.1,77.7,0.0,32.1,June,2023
13272,Rajanna Sircilla,Vemulawada_Rural,2023-06-12,0.0,29.2,41.7,40.8,70.5,0.0,7.1,June,2023
13273,Rajanna Sircilla,Vemulawada_Rural,2023-06-13,0.0,29.5,42.1,36.8,70.4,0.0,30.4,June,2023
13274,Rajanna Sircilla,Vemulawada_Rural,2023-06-14,0.0,29.5,42.5,25.5,70.4,0.0,29.1,June,2023
13275,Rajanna Sircilla,Vemulawada_Rural,2023-06-15,0.0,29.4,40.8,30.6,70.4,0.0,24.8,June,2023
13276,Rajanna Sircilla,Vemulawada_Rural,2023-06-16,0.0,29.7,41.8,24.3,66.2,0.0,19.2,June,2023
13277,Rajanna Sircilla,Vemulawada_Rural,2023-06-17,0.0,30.3,41.3,24.7,66.5,0.0,1.4,June,2023
13278,Rajanna Sircilla,Vemulawada_Rural,2023-06-18,0.0,30.1,39.9,40.2,63.3,0.0,19.2,June,2023
13279,Rajanna Sircilla,Vemulawada_Rural,2023-06-19,0.0,31.2,42.0,40.2,63.4,0.0,5.7,June,2023
13280,Rajanna Sircilla,Vemulawada_Rural,2023-06-20,0.0,28.5,41.6,40.2,70.0,0.0,11.3,June,2023
13281,Rajanna Sircilla,Vemulawada_Rural,2023-06-21,0.0,28.8,40.2,30.5,79.8,0.0,3.4,June,2023
13282,Rajanna Sircilla,Vemulawada_Rural,2023-06-22,0.0,27.4,40.4,36.1,83.0,0.0,12.1,June,2023
13283,Rajanna Sircilla,Vemulawada_Rural,2023-06-23,0.0,27.1,37.8,43.5,90.8,0.0,14.6,June,2023
13284,Rajanna Sircilla,Vemulawada_Rural,2023-06-24,1.6,24.9,33.7,63.9,97.6,0.0,8.7,June,2023
13285,Rajanna Sircilla,Vemulawada_Rural,2023-06-25,4.3,23.9,36.0,58.4,99.4,0.0,8.6,June,2023
13286,Rajanna Sircilla,Vemulawada_Rural,2023-06-26,7.3,24.2,36.1,59.0,98.9,0.0,0.9,June,2023
13287,Rajanna Sircilla,Vemulawada_Rural,2023-06-27,2.5,23.4,33.9,72.8,99.5,0.0,17.2,June,2023
13288,Rajanna Sircilla,Vemulawada_Rural,2023-06-28,0.0,24.4,32.3,68.6,97.1,0.0,6.9,June,2023
13289,Rajanna Sircilla,Vemulawada_Rural,2023-06-29,8.6,23.6,33.5,55.2,100.0,0.0,6.3,June,2023
13290,Rajanna Sircilla,Vemulawada_Rural,2023-06-30,0.0,25.2,33.8,53.6,82.1,0.0,27.7,June,2023
13291,Rajanna Sircilla,Yellareddypeta,2023-06-01,0.0,26.1,42.3,31.1,72.9,0.0,10.2,June,2023
13292,Rajanna Sircilla,Yellareddypeta,2023-06-02,0.0,25.2,42.4,23.4,62.6,0.0,8.4,June,2023
13293,Rajanna Sircilla,Yellareddypeta,2023-06-03,0.0,29.1,42.5,14.2,49.8,0.0,10.4,June,2023
13294,Rajanna Sircilla,Yellareddypeta,2023-06-04,0.0,27.1,42.4,25.9,58.4,0.0,1.8,June,2023
13295,Rajanna Sircilla,Yellareddypeta,2023-06-05,0.0,24.2,43.2,23.6,77.6,0.0,2.8,June,2023
13296,Rajanna Sircilla,Yellareddypeta,2023-06-06,0.0,24.5,39.9,26.1,64.5,0.0,9.1,June,2023
13297,Rajanna Sircilla,Yellareddypeta,2023-06-07,0.0,29.0,41.5,26.7,62.6,0.0,10.2,June,2023
13298,Rajanna Sircilla,Yellareddypeta,2023-06-08,0.0,29.0,42.1,24.4,62.7,0.0,14.9,June,2023
13299,Rajanna Sircilla,Yellareddypeta,2023-06-09,0.0,28.5,42.2,23.4,57.8,0.0,9.7,June,2023
13300,Rajanna Sircilla,Yellareddypeta,2023-06-10,0.0,28.9,42.0,23.4,62.6,0.0,13.4,June,2023
13301,Rajanna Sircilla,Yellareddypeta,2023-06-11,0.0,27.7,42.1,24.2,73.5,0.0,9.0,June,2023
13302,Rajanna Sircilla,Yellareddypeta,2023-06-12,0.0,28.9,39.9,31.4,66.0,0.0,7.7,June,2023
13303,Rajanna Sircilla,Yellareddypeta,2023-06-13,0.0,28.7,42.1,26.4,54.6,0.0,14.6,June,2023
13304,Rajanna Sircilla,Yellareddypeta,2023-06-14,0.0,28.9,42.2,23.4,59.0,0.0,3.2,June,2023
13305,Rajanna Sircilla,Yellareddypeta,2023-06-15,0.0,28.6,40.5,23.4,57.5,0.0,15.1,June,2023
13306,Rajanna Sircilla,Yellareddypeta,2023-06-16,0.0,28.6,40.1,23.4,51.8,0.0,2.4,June,2023
13307,Rajanna Sircilla,Yellareddypeta,2023-06-17,0.0,29.2,41.1,23.4,55.0,0.0,2.7,June,2023
13308,Rajanna Sircilla,Yellareddypeta,2023-06-18,0.0,31.2,39.6,26.3,54.7,0.0,2.8,June,2023
13309,Rajanna Sircilla,Yellareddypeta,2023-06-19,0.0,28.6,41.6,26.3,52.7,0.0,14.7,June,2023
13310,Rajanna Sircilla,Yellareddypeta,2023-06-20,0.0,27.4,40.0,25.7,59.1,0.0,7.5,June,2023
13311,Rajanna Sircilla,Yellareddypeta,2023-06-21,0.0,28.8,40.3,26.2,70.4,0.0,6.5,June,2023
13312,Rajanna Sircilla,Yellareddypeta,2023-06-22,0.0,27.8,39.6,31.4,72.5,0.0,16.0,June,2023
13313,Rajanna Sircilla,Yellareddypeta,2023-06-23,0.0,28.2,37.5,34.4,76.9,0.0,13.6,June,2023
13314,Rajanna Sircilla,Yellareddypeta,2023-06-24,4.5,25.8,33.9,46.3,99.9,0.0,9.1,June,2023
13315,Rajanna Sircilla,Yellareddypeta,2023-06-25,3.7,23.8,32.5,63.2,100.0,0.0,3.8,June,2023
13316,Rajanna Sircilla,Yellareddypeta,2023-06-26,5.4,24.0,32.7,62.8,100.0,0.0,39.5,June,2023
13317,Rajanna Sircilla,Yellareddypeta,2023-06-27,1.3,24.2,29.9,77.3,100.0,0.0,44.2,June,2023
13318,Rajanna Sircilla,Yellareddypeta,2023-06-28,1.7,23.9,31.3,72.8,100.0,0.0,43.3,June,2023
13319,Rajanna Sircilla,Yellareddypeta,2023-06-29,21.5,24.2,33.7,60.8,100.0,2.4,10.2,June,2023
13320,Rajanna Sircilla,Yellareddypeta,2023-06-30,0.0,25.6,34.6,56.2,100.0,0.0,5.6,June,2023
13321,Rangareddy,Abdullapurmet,2023-06-01,1.1,24.0,40.3,25.4,85.1,0.0,18.9,June,2023
13322,Rangareddy,Abdullapurmet,2023-06-02,0.0,25.6,40.2,23.2,67.9,0.9,10.0,June,2023
13323,Rangareddy,Abdullapurmet,2023-06-03,0.0,28.4,41.2,12.4,55.3,1.0,13.2,June,2023
13324,Rangareddy,Abdullapurmet,2023-06-04,0.0,27.7,41.1,18.1,55.3,0.0,65.1,June,2023
13325,Rangareddy,Abdullapurmet,2023-06-05,0.0,23.4,37.4,29.5,84.3,1.6,65.1,June,2023
13326,Rangareddy,Abdullapurmet,2023-06-06,0.0,26.0,37.8,28.0,67.4,0.0,65.1,June,2023
13327,Rangareddy,Abdullapurmet,2023-06-07,0.0,28.2,39.3,27.3,67.1,0.0,65.1,June,2023
13328,Rangareddy,Abdullapurmet,2023-06-08,0.1,26.3,41.2,22.5,72.2,1.7,65.1,June,2023
13329,Rangareddy,Abdullapurmet,2023-06-09,1.4,26.8,39.4,25.1,72.0,0.0,33.4,June,2023
13330,Rangareddy,Abdullapurmet,2023-06-10,0.0,26.8,40.1,25.4,71.2,5.4,24.1,June,2023
13331,Rangareddy,Abdullapurmet,2023-06-11,0.0,25.8,38.5,31.5,74.6,3.8,31.9,June,2023
13332,Rangareddy,Abdullapurmet,2023-06-12,0.0,26.5,37.1,35.6,81.3,4.0,20.6,June,2023
13333,Rangareddy,Abdullapurmet,2023-06-13,0.0,26.6,38.3,29.9,66.9,2.4,23.0,June,2023
13334,Rangareddy,Abdullapurmet,2023-06-14,0.0,26.5,39.1,24.5,69.8,3.9,22.9,June,2023
13335,Rangareddy,Abdullapurmet,2023-06-15,0.0,26.7,38.6,27.3,66.9,2.9,31.8,June,2023
13336,Rangareddy,Abdullapurmet,2023-06-16,0.0,27.0,38.5,24.4,61.4,3.4,27.2,June,2023
13337,Rangareddy,Abdullapurmet,2023-06-17,0.0,26.9,39.3,23.2,68.4,1.8,26.1,June,2023
13338,Rangareddy,Abdullapurmet,2023-06-18,0.0,28.0,39.6,27.7,63.4,1.7,24.8,June,2023
13339,Rangareddy,Abdullapurmet,2023-06-19,0.4,26.6,39.3,25.1,72.0,1.2,24.5,June,2023
13340,Rangareddy,Abdullapurmet,2023-06-20,0.0,27.8,38.3,30.7,58.9,0.0,16.3,June,2023
13341,Rangareddy,Abdullapurmet,2023-06-21,1.0,25.7,39.8,28.8,75.7,1.3,16.7,June,2023
13342,Rangareddy,Abdullapurmet,2023-06-22,7.9,23.9,39.0,28.9,100.0,2.2,24.9,June,2023
13343,Rangareddy,Abdullapurmet,2023-06-23,0.9,23.5,35.2,39.9,96.4,3.0,15.7,June,2023
13344,Rangareddy,Abdullapurmet,2023-06-24,17.0,22.6,33.8,44.6,100.0,0.1,12.5,June,2023
13345,Rangareddy,Abdullapurmet,2023-06-25,17.7,22.1,32.7,53.4,100.0,1.4,14.0,June,2023
13346,Rangareddy,Abdullapurmet,2023-06-26,0.0,24.5,32.1,54.4,92.7,3.4,30.5,June,2023
13347,Rangareddy,Abdullapurmet,2023-06-27,0.8,23.5,31.3,55.9,99.1,3.4,16.3,June,2023
13348,Rangareddy,Abdullapurmet,2023-06-28,0.8,24.7,31.8,55.4,92.2,2.2,16.6,June,2023
13349,Rangareddy,Abdullapurmet,2023-06-29,1.1,23.9,34.0,45.4,100.0,0.8,17.1,June,2023
13350,Rangareddy,Abdullapurmet,2023-06-30,2.8,23.7,33.2,46.4,93.6,0.0,16.8,June,2023
13351,Rangareddy,Amangal,2023-06-01,2.8,24.2,37.6,37.3,80.0,0.0,12.7,June,2023
13352,Rangareddy,Amangal,2023-06-02,8.5,25.6,40.8,24.4,74.4,0.0,5.3,June,2023
13353,Rangareddy,Amangal,2023-06-03,0.0,28.6,39.1,14.8,64.4,0.0,3.4,June,2023
13354,Rangareddy,Amangal,2023-06-04,0.0,29.0,41.0,19.0,54.2,0.0,5.0,June,2023
13355,Rangareddy,Amangal,2023-06-05,0.0,23.3,32.8,50.5,85.6,0.0,4.0,June,2023
13356,Rangareddy,Amangal,2023-06-06,0.0,26.9,36.7,28.1,76.5,0.0,7.3,June,2023
13357,Rangareddy,Amangal,2023-06-07,0.0,28.1,38.0,26.9,59.2,0.0,5.7,June,2023
13358,Rangareddy,Amangal,2023-06-08,0.0,26.5,38.1,33.7,83.8,0.0,8.2,June,2023
13359,Rangareddy,Amangal,2023-06-09,0.0,26.1,37.0,26.1,82.3,0.0,14.2,June,2023
13360,Rangareddy,Amangal,2023-06-10,0.0,26.9,37.2,38.5,82.7,0.0,9.6,June,2023
13361,Rangareddy,Amangal,2023-06-11,0.0,26.7,36.0,39.1,79.2,0.0,13.6,June,2023
13362,Rangareddy,Amangal,2023-06-12,32.1,23.8,35.8,44.9,89.5,0.0,11.6,June,2023
13363,Rangareddy,Amangal,2023-06-13,0.0,26.4,35.1,52.2,70.4,0.0,8.9,June,2023
13364,Rangareddy,Amangal,2023-06-14,0.0,26.7,36.0,41.5,77.4,0.0,14.6,June,2023
13365,Rangareddy,Amangal,2023-06-15,0.0,26.6,35.6,41.9,75.4,0.0,11.1,June,2023
13366,Rangareddy,Amangal,2023-06-16,0.0,27.0,36.3,36.3,68.1,0.0,11.6,June,2023
13367,Rangareddy,Amangal,2023-06-17,0.0,27.2,36.8,35.8,74.4,0.0,11.5,June,2023
13368,Rangareddy,Amangal,2023-06-18,0.0,28.0,36.3,40.4,69.1,0.0,15.2,June,2023
13369,Rangareddy,Amangal,2023-06-19,0.0,27.5,37.2,40.1,81.9,0.0,12.2,June,2023
13370,Rangareddy,Amangal,2023-06-20,0.0,28.3,36.8,44.1,65.5,0.0,10.6,June,2023
13371,Rangareddy,Amangal,2023-06-21,0.0,26.3,39.3,38.6,87.0,0.0,2.8,June,2023
13372,Rangareddy,Amangal,2023-06-22,6.2,24.6,37.4,44.7,100.0,0.0,5.3,June,2023
13373,Rangareddy,Amangal,2023-06-23,49.8,23.7,33.4,61.2,100.0,0.0,12.0,June,2023
13374,Rangareddy,Amangal,2023-06-24,6.0,24.7,32.6,59.6,100.0,0.0,7.9,June,2023
13375,Rangareddy,Amangal,2023-06-25,1.4,23.5,30.1,74.8,100.0,0.0,7.8,June,2023
13376,Rangareddy,Amangal,2023-06-26,0.0,24.7,31.6,83.3,100.0,0.0,11.1,June,2023
13377,Rangareddy,Amangal,2023-06-27,0.0,24.4,29.5,72.6,100.0,0.0,5.6,June,2023
13378,Rangareddy,Amangal,2023-06-28,0.0,25.3,30.9,80.1,100.0,0.0,8.7,June,2023
13379,Rangareddy,Amangal,2023-06-29,23.5,23.5,32.8,71.8,100.0,0.0,9.0,June,2023
13380,Rangareddy,Amangal,2023-06-30,0.0,24.2,32.5,63.5,100.0,0.0,9.9,June,2023
13381,Rangareddy,Balapur,2023-06-01,0.0,24.5,38.8,34.5,78.3,0.0,7.8,June,2023
13382,Rangareddy,Balapur,2023-06-02,0.0,26.8,39.1,21.6,71.1,0.0,7.3,June,2023
13383,Rangareddy,Balapur,2023-06-03,0.0,28.2,38.9,14.1,47.0,0.0,5.5,June,2023
13384,Rangareddy,Balapur,2023-06-04,0.0,27.1,39.9,18.0,53.3,0.0,7.6,June,2023
13385,Rangareddy,Balapur,2023-06-05,0.0,22.7,35.5,39.6,93.5,0.0,10.8,June,2023
13386,Rangareddy,Balapur,2023-06-06,0.0,25.6,35.4,37.8,73.6,0.0,7.8,June,2023
13387,Rangareddy,Balapur,2023-06-07,0.0,27.1,37.6,37.0,72.4,0.0,9.2,June,2023
13388,Rangareddy,Balapur,2023-06-08,0.0,25.5,39.0,32.6,82.4,0.0,11.8,June,2023
13389,Rangareddy,Balapur,2023-06-09,0.0,26.1,37.6,41.2,82.7,0.0,9.7,June,2023
13390,Rangareddy,Balapur,2023-06-10,0.0,25.8,36.7,41.9,83.9,2.2,12.7,June,2023
13391,Rangareddy,Balapur,2023-06-11,0.3,23.7,36.5,45.1,95.1,0.0,9.6,June,2023
13392,Rangareddy,Balapur,2023-06-12,0.8,23.8,36.1,50.1,95.1,0.0,11.1,June,2023
13393,Rangareddy,Balapur,2023-06-13,0.0,25.7,36.3,42.9,79.0,0.0,9.6,June,2023
13394,Rangareddy,Balapur,2023-06-14,0.0,25.8,37.0,29.6,80.7,0.0,9.3,June,2023
13395,Rangareddy,Balapur,2023-06-15,0.0,25.7,36.7,36.8,74.7,0.0,12.8,June,2023
13396,Rangareddy,Balapur,2023-06-16,0.0,25.8,37.0,31.7,67.9,0.0,12.5,June,2023
13397,Rangareddy,Balapur,2023-06-17,0.0,26.0,36.5,33.5,76.5,2.0,13.3,June,2023
13398,Rangareddy,Balapur,2023-06-18,0.0,27.0,36.1,37.5,68.7,0.2,15.3,June,2023
13399,Rangareddy,Balapur,2023-06-19,0.0,26.7,36.8,34.9,75.3,0.0,11.5,June,2023
13400,Rangareddy,Balapur,2023-06-20,0.0,26.9,35.8,39.0,62.8,0.0,11.3,June,2023
13401,Rangareddy,Balapur,2023-06-21,0.0,25.9,37.4,37.2,84.8,0.0,10.0,June,2023
13402,Rangareddy,Balapur,2023-06-22,7.7,23.4,36.5,46.6,100.0,0.0,10.5,June,2023
13403,Rangareddy,Balapur,2023-06-23,8.9,22.3,33.1,64.8,100.0,0.0,10.6,June,2023
13404,Rangareddy,Balapur,2023-06-24,31.0,22.6,31.5,57.2,100.0,0.0,10.9,June,2023
13405,Rangareddy,Balapur,2023-06-25,21.4,22.0,31.9,73.3,100.0,0.0,12.1,June,2023
13406,Rangareddy,Balapur,2023-06-26,0.0,23.7,31.2,61.6,84.5,2.4,13.5,June,2023
13407,Rangareddy,Balapur,2023-06-27,1.3,23.1,30.1,64.2,82.5,1.1,13.7,June,2023
13408,Rangareddy,Balapur,2023-06-28,0.5,23.8,30.0,68.7,100.0,1.0,12.9,June,2023
13409,Rangareddy,Balapur,2023-06-29,0.0,23.4,32.8,61.6,100.0,0.6,13.0,June,2023
13410,Rangareddy,Balapur,2023-06-30,2.0,23.0,32.8,74.6,100.0,0.5,12.7,June,2023
13411,Rangareddy,Chevella,2023-06-01,0.0,26.0,38.1,23.7,81.2,0.0,22.6,June,2023
13412,Rangareddy,Chevella,2023-06-02,0.0,26.1,39.2,20.4,71.2,0.0,12.9,June,2023
13413,Rangareddy,Chevella,2023-06-03,0.0,27.7,39.6,18.9,45.9,0.0,20.0,June,2023
13414,Rangareddy,Chevella,2023-06-04,4.8,24.9,38.6,24.6,65.5,0.0,13.5,June,2023
13415,Rangareddy,Chevella,2023-06-05,7.6,20.6,36.6,36.3,97.8,0.0,14.7,June,2023
13416,Rangareddy,Chevella,2023-06-06,0.0,24.5,35.3,36.0,74.2,0.0,14.1,June,2023
13417,Rangareddy,Chevella,2023-06-07,3.2,26.0,38.6,36.0,73.6,0.0,15.0,June,2023
13418,Rangareddy,Chevella,2023-06-08,1.4,23.2,37.3,30.3,100.0,0.0,14.2,June,2023
13419,Rangareddy,Chevella,2023-06-09,1.1,25.2,36.8,33.2,79.5,0.0,13.5,June,2023
13420,Rangareddy,Chevella,2023-06-10,13.4,24.5,37.8,34.1,82.8,0.0,14.4,June,2023
13421,Rangareddy,Chevella,2023-06-11,0.0,24.3,36.6,37.4,85.3,0.0,17.0,June,2023
13422,Rangareddy,Chevella,2023-06-12,0.0,25.7,36.4,39.4,76.2,4.2,14.5,June,2023
13423,Rangareddy,Chevella,2023-06-13,0.0,24.9,36.2,34.1,74.2,0.0,15.8,June,2023
13424,Rangareddy,Chevella,2023-06-14,0.0,25.2,38.0,25.6,75.4,0.0,15.0,June,2023
13425,Rangareddy,Chevella,2023-06-15,0.0,25.2,36.5,34.1,73.0,2.8,15.3,June,2023
13426,Rangareddy,Chevella,2023-06-16,0.0,25.1,37.1,26.2,66.1,0.0,14.4,June,2023
13427,Rangareddy,Chevella,2023-06-17,0.0,25.3,37.1,25.6,75.3,0.0,13.1,June,2023
13428,Rangareddy,Chevella,2023-06-18,0.0,26.2,36.9,30.0,66.1,0.0,14.3,June,2023
13429,Rangareddy,Chevella,2023-06-19,2.9,25.4,37.1,26.2,84.1,3.0,13.3,June,2023
13430,Rangareddy,Chevella,2023-06-20,0.0,26.3,36.2,29.0,59.7,0.0,10.5,June,2023
13431,Rangareddy,Chevella,2023-06-21,0.0,26.3,37.9,25.2,74.0,0.0,14.4,June,2023
13432,Rangareddy,Chevella,2023-06-22,7.3,24.2,35.7,39.6,91.9,0.0,14.7,June,2023
13433,Rangareddy,Chevella,2023-06-23,17.7,22.5,35.2,42.2,100.0,0.6,12.6,June,2023
13434,Rangareddy,Chevella,2023-06-24,23.1,23.0,32.6,52.4,100.0,0.7,10.2,June,2023
13435,Rangareddy,Chevella,2023-06-25,27.6,21.8,30.9,64.8,100.0,0.0,14.7,June,2023
13436,Rangareddy,Chevella,2023-06-26,0.0,23.5,30.6,63.5,100.0,1.4,13.6,June,2023
13437,Rangareddy,Chevella,2023-06-27,3.9,22.4,29.8,66.5,100.0,0.7,13.7,June,2023
13438,Rangareddy,Chevella,2023-06-28,0.0,23.5,30.7,63.9,100.0,0.4,15.2,June,2023
13439,Rangareddy,Chevella,2023-06-29,0.0,23.0,31.9,55.6,100.0,0.5,15.0,June,2023
13440,Rangareddy,Chevella,2023-06-30,0.8,22.6,32.3,53.3,100.0,1.8,14.9,June,2023
13441,Rangareddy,Chowdergudem,2023-06-01,0.0,22.1,36.6,30.3,72.9,0.0,9.6,June,2023
13442,Rangareddy,Chowdergudem,2023-06-02,0.0,25.2,38.6,23.7,82.9,0.0,10.9,June,2023
13443,Rangareddy,Chowdergudem,2023-06-03,0.0,24.4,38.7,18.9,55.0,0.0,8.3,June,2023
13444,Rangareddy,Chowdergudem,2023-06-04,0.0,24.0,37.4,24.2,69.6,0.0,5.9,June,2023
13445,Rangareddy,Chowdergudem,2023-06-05,4.3,21.6,33.2,59.1,100.0,0.0,13.5,June,2023
13446,Rangareddy,Chowdergudem,2023-06-06,0.0,23.9,34.0,41.1,76.7,0.0,9.7,June,2023
13447,Rangareddy,Chowdergudem,2023-06-07,0.0,25.5,35.5,30.0,74.5,0.0,10.7,June,2023
13448,Rangareddy,Chowdergudem,2023-06-08,2.4,24.1,36.0,44.9,92.6,4.6,15.2,June,2023
13449,Rangareddy,Chowdergudem,2023-06-09,0.0,24.8,35.2,41.7,85.5,0.0,11.9,June,2023
13450,Rangareddy,Chowdergudem,2023-06-10,0.9,23.7,35.5,40.5,88.2,3.3,13.4,June,2023
13451,Rangareddy,Chowdergudem,2023-06-11,0.0,24.0,33.8,47.4,93.5,5.1,15.0,June,2023
13452,Rangareddy,Chowdergudem,2023-06-12,0.0,23.3,34.2,45.7,92.8,0.0,15.5,June,2023
13453,Rangareddy,Chowdergudem,2023-06-13,0.0,24.5,34.0,38.8,80.6,0.0,15.2,June,2023
13454,Rangareddy,Chowdergudem,2023-06-14,0.0,24.9,34.8,28.7,81.9,1.5,14.3,June,2023
13455,Rangareddy,Chowdergudem,2023-06-15,0.0,24.4,34.4,33.5,79.8,2.9,12.7,June,2023
13456,Rangareddy,Chowdergudem,2023-06-16,0.0,25.0,35.2,30.7,71.7,0.0,15.1,June,2023
13457,Rangareddy,Chowdergudem,2023-06-17,0.0,25.1,34.6,33.5,79.1,2.6,12.6,June,2023
13458,Rangareddy,Chowdergudem,2023-06-18,0.0,26.2,34.5,37.1,71.7,0.0,12.3,June,2023
13459,Rangareddy,Chowdergudem,2023-06-19,0.0,24.5,35.0,35.4,82.9,0.0,11.1,June,2023
13460,Rangareddy,Chowdergudem,2023-06-20,0.0,25.3,34.5,35.9,69.6,0.0,9.6,June,2023
13461,Rangareddy,Chowdergudem,2023-06-21,0.0,26.2,35.6,34.8,74.9,0.0,8.0,June,2023
13462,Rangareddy,Chowdergudem,2023-06-22,0.3,24.6,35.2,35.4,99.7,0.0,10.2,June,2023
13463,Rangareddy,Chowdergudem,2023-06-23,1.5,23.1,33.8,42.2,100.0,0.0,11.3,June,2023
13464,Rangareddy,Chowdergudem,2023-06-24,7.6,23.4,32.2,60.6,100.0,0.0,9.4,June,2023
13465,Rangareddy,Chowdergudem,2023-06-25,23.4,22.0,30.0,67.4,100.0,0.9,11.1,June,2023
13466,Rangareddy,Chowdergudem,2023-06-26,7.1,23.7,29.6,69.8,100.0,0.0,10.5,June,2023
13467,Rangareddy,Chowdergudem,2023-06-27,0.3,22.7,29.1,72.0,94.5,0.0,12.0,June,2023
13468,Rangareddy,Chowdergudem,2023-06-28,0.4,23.8,29.4,65.0,100.0,0.0,12.6,June,2023
13469,Rangareddy,Chowdergudem,2023-06-29,2.1,23.0,31.6,70.0,100.0,2.8,10.2,June,2023
13470,Rangareddy,Chowdergudem,2023-06-30,0.5,22.9,30.2,74.1,100.0,4.1,12.1,June,2023
13471,Rangareddy,Farooqnagar,2023-06-01,0.0,23.8,40.4,25.9,79.1,0.0,15.1,June,2023
13472,Rangareddy,Farooqnagar,2023-06-02,0.0,25.9,40.8,18.7,79.8,0.0,12.7,June,2023
13473,Rangareddy,Farooqnagar,2023-06-03,0.0,27.3,41.1,15.3,55.7,0.0,25.0,June,2023
13474,Rangareddy,Farooqnagar,2023-06-04,2.8,24.7,39.1,24.2,73.0,0.1,21.7,June,2023
13475,Rangareddy,Farooqnagar,2023-06-05,2.8,20.9,35.5,47.8,100.0,0.0,22.1,June,2023
13476,Rangareddy,Farooqnagar,2023-06-06,0.0,23.5,35.2,41.0,75.1,0.0,20.7,June,2023
13477,Rangareddy,Farooqnagar,2023-06-07,4.5,24.1,36.7,37.0,86.0,0.0,20.9,June,2023
13478,Rangareddy,Farooqnagar,2023-06-08,34.0,21.4,34.9,46.9,100.0,0.1,35.1,June,2023
13479,Rangareddy,Farooqnagar,2023-06-09,0.0,24.5,38.1,36.0,82.8,0.0,22.3,June,2023
13480,Rangareddy,Farooqnagar,2023-06-10,22.9,22.4,38.9,36.0,89.4,1.3,23.6,June,2023
13481,Rangareddy,Farooqnagar,2023-06-11,0.0,24.7,37.4,39.6,92.7,0.3,27.2,June,2023
13482,Rangareddy,Farooqnagar,2023-06-12,0.4,25.3,37.0,38.3,93.2,0.7,20.1,June,2023
13483,Rangareddy,Farooqnagar,2023-06-13,0.0,24.8,38.2,38.2,83.2,0.0,21.9,June,2023
13484,Rangareddy,Farooqnagar,2023-06-14,0.0,25.3,38.9,37.2,84.8,0.3,21.7,June,2023
13485,Rangareddy,Farooqnagar,2023-06-15,0.0,24.9,38.5,30.9,80.9,4.9,22.4,June,2023
13486,Rangareddy,Farooqnagar,2023-06-16,0.0,25.0,38.7,29.0,70.7,0.4,24.6,June,2023
13487,Rangareddy,Farooqnagar,2023-06-17,0.0,25.6,39.3,29.8,81.1,0.0,21.5,June,2023
13488,Rangareddy,Farooqnagar,2023-06-18,0.0,26.6,37.4,33.4,71.9,0.3,25.0,June,2023
13489,Rangareddy,Farooqnagar,2023-06-19,0.0,25.3,38.3,32.8,80.0,0.1,19.2,June,2023
13490,Rangareddy,Farooqnagar,2023-06-20,0.0,26.9,37.8,36.0,68.8,0.0,20.5,June,2023
13491,Rangareddy,Farooqnagar,2023-06-21,0.0,26.1,38.1,46.4,92.6,0.2,17.5,June,2023
13492,Rangareddy,Farooqnagar,2023-06-22,3.8,24.2,36.6,49.6,100.0,0.1,22.9,June,2023
13493,Rangareddy,Farooqnagar,2023-06-23,2.7,23.1,36.3,38.9,97.9,0.4,19.3,June,2023
13494,Rangareddy,Farooqnagar,2023-06-24,11.8,23.3,33.3,47.8,100.0,1.2,16.8,June,2023
13495,Rangareddy,Farooqnagar,2023-06-25,13.5,22.1,32.7,53.3,100.0,0.2,21.7,June,2023
13496,Rangareddy,Farooqnagar,2023-06-26,1.4,23.8,33.2,55.2,98.8,6.4,23.3,June,2023
13497,Rangareddy,Farooqnagar,2023-06-27,5.1,21.0,30.5,61.5,100.0,0.0,22.6,June,2023
13498,Rangareddy,Farooqnagar,2023-06-28,2.7,24.0,32.4,53.2,93.5,0.4,20.0,June,2023
13499,Rangareddy,Farooqnagar,2023-06-29,1.1,23.3,33.6,51.2,97.0,0.8,19.2,June,2023
13500,Rangareddy,Farooqnagar,2023-06-30,0.0,23.2,33.5,50.5,93.7,0.7,21.0,June,2023
13501,Rangareddy,Gandipet,2023-06-01,10.0,24.9,40.1,20.0,84.3,0.0,2.5,June,2023
13502,Rangareddy,Gandipet,2023-06-02,0.0,28.6,40.3,16.9,55.7,0.0,2.5,June,2023
13503,Rangareddy,Gandipet,2023-06-03,0.0,30.5,40.1,13.1,34.3,0.0,3.0,June,2023
13504,Rangareddy,Gandipet,2023-06-04,0.3,28.6,40.3,15.6,58.0,0.1,2.0,June,2023
13505,Rangareddy,Gandipet,2023-06-05,3.0,25.0,38.9,27.6,83.0,0.2,5.3,June,2023
13506,Rangareddy,Gandipet,2023-06-06,0.0,28.3,36.6,25.5,62.1,0.0,2.1,June,2023
13507,Rangareddy,Gandipet,2023-06-07,0.0,28.9,38.1,27.0,56.2,0.2,3.4,June,2023
13508,Rangareddy,Gandipet,2023-06-08,0.0,27.3,40.1,21.3,64.3,0.4,3.0,June,2023
13509,Rangareddy,Gandipet,2023-06-09,0.0,27.5,38.3,24.6,63.0,0.1,3.2,June,2023
13510,Rangareddy,Gandipet,2023-06-10,0.0,27.2,39.4,24.4,65.7,0.3,3.4,June,2023
13511,Rangareddy,Gandipet,2023-06-11,5.7,25.3,38.1,29.2,91.1,0.4,2.5,June,2023
13512,Rangareddy,Gandipet,2023-06-12,0.0,27.7,37.5,35.9,65.7,0.1,2.5,June,2023
13513,Rangareddy,Gandipet,2023-06-13,0.0,27.3,38.4,25.7,58.4,0.1,2.7,June,2023
13514,Rangareddy,Gandipet,2023-06-14,0.0,27.4,39.8,20.7,62.0,0.2,2.9,June,2023
13515,Rangareddy,Gandipet,2023-06-15,0.0,27.5,38.6,23.8,57.5,0.3,2.8,June,2023
13516,Rangareddy,Gandipet,2023-06-16,0.0,27.7,39.3,20.7,50.1,0.0,7.8,June,2023
13517,Rangareddy,Gandipet,2023-06-17,0.0,27.8,40.3,20.7,59.3,0.9,10.4,June,2023
13518,Rangareddy,Gandipet,2023-06-18,0.0,28.5,38.7,25.7,54.3,0.0,12.7,June,2023
13519,Rangareddy,Gandipet,2023-06-19,0.0,29.3,38.4,25.1,51.6,0.0,13.4,June,2023
13520,Rangareddy,Gandipet,2023-06-20,0.0,29.5,36.7,31.1,44.3,0.0,11.9,June,2023
13521,Rangareddy,Gandipet,2023-06-21,2.5,28.0,38.5,27.0,66.2,0.2,11.8,June,2023
13522,Rangareddy,Gandipet,2023-06-22,10.5,24.6,37.7,29.2,99.0,1.0,11.1,June,2023
13523,Rangareddy,Gandipet,2023-06-23,0.0,26.3,35.9,36.5,82.8,0.0,10.5,June,2023
13524,Rangareddy,Gandipet,2023-06-24,16.0,23.9,33.7,49.3,100.0,0.0,9.1,June,2023
13525,Rangareddy,Gandipet,2023-06-25,41.6,22.5,33.6,57.1,100.0,0.3,8.1,June,2023
13526,Rangareddy,Gandipet,2023-06-26,0.0,24.9,31.6,82.9,100.0,0.6,10.1,June,2023
13527,Rangareddy,Gandipet,2023-06-27,0.0,24.5,31.8,75.5,95.6,0.4,11.4,June,2023
13528,Rangareddy,Gandipet,2023-06-28,0.4,25.2,32.3,69.4,91.6,0.0,9.0,June,2023
13529,Rangareddy,Gandipet,2023-06-29,0.0,24.9,32.9,54.7,83.9,0.1,10.5,June,2023
13530,Rangareddy,Gandipet,2023-06-30,0.0,24.6,32.9,56.6,90.3,0.6,12.2,June,2023
13531,Rangareddy,Hayathnagar,2023-06-01,1.1,24.6,40.4,29.4,83.3,0.0,17.3,June,2023
13532,Rangareddy,Hayathnagar,2023-06-02,0.0,28.0,40.1,27.4,65.8,0.9,14.9,June,2023
13533,Rangareddy,Hayathnagar,2023-06-03,0.0,28.5,40.9,19.3,60.4,0.0,18.1,June,2023
13534,Rangareddy,Hayathnagar,2023-06-04,0.0,28.1,40.3,23.9,60.7,0.0,15.7,June,2023
13535,Rangareddy,Hayathnagar,2023-06-05,0.0,24.5,38.7,35.4,88.4,1.5,22.0,June,2023
13536,Rangareddy,Hayathnagar,2023-06-06,0.0,27.9,36.7,30.9,66.6,0.0,17.5,June,2023
13537,Rangareddy,Hayathnagar,2023-06-07,0.1,28.1,38.9,34.7,75.8,0.0,17.7,June,2023
13538,Rangareddy,Hayathnagar,2023-06-08,0.0,26.9,40.2,29.5,73.6,3.2,12.4,June,2023
13539,Rangareddy,Hayathnagar,2023-06-09,0.0,27.6,39.1,31.1,85.0,0.0,20.4,June,2023
13540,Rangareddy,Hayathnagar,2023-06-10,0.0,27.4,39.2,25.1,68.4,2.9,14.8,June,2023
13541,Rangareddy,Hayathnagar,2023-06-11,0.0,25.8,38.1,31.9,78.6,1.6,14.2,June,2023
13542,Rangareddy,Hayathnagar,2023-06-12,0.0,27.0,38.5,35.1,71.5,1.8,14.3,June,2023
13543,Rangareddy,Hayathnagar,2023-06-13,0.0,26.8,38.2,28.7,64.8,1.2,16.5,June,2023
13544,Rangareddy,Hayathnagar,2023-06-14,0.0,26.9,38.9,23.6,64.9,1.4,19.4,June,2023
13545,Rangareddy,Hayathnagar,2023-06-15,0.0,27.1,38.0,28.7,62.5,4.7,17.6,June,2023
13546,Rangareddy,Hayathnagar,2023-06-16,0.0,27.4,38.2,24.3,57.8,1.5,21.0,June,2023
13547,Rangareddy,Hayathnagar,2023-06-17,0.0,27.5,38.8,25.5,62.9,5.6,13.7,June,2023
13548,Rangareddy,Hayathnagar,2023-06-18,0.0,28.1,38.5,28.7,61.2,3.3,15.3,June,2023
13549,Rangareddy,Hayathnagar,2023-06-19,0.0,28.6,38.4,26.8,59.5,0.5,13.7,June,2023
13550,Rangareddy,Hayathnagar,2023-06-20,0.0,29.5,37.7,30.6,53.0,0.2,13.8,June,2023
13551,Rangareddy,Hayathnagar,2023-06-21,0.0,27.3,38.8,29.3,69.9,0.8,10.5,June,2023
13552,Rangareddy,Hayathnagar,2023-06-22,7.5,24.1,38.5,30.6,94.6,1.2,12.9,June,2023
13553,Rangareddy,Hayathnagar,2023-06-23,0.5,24.2,35.0,39.1,86.7,1.4,13.5,June,2023
13554,Rangareddy,Hayathnagar,2023-06-24,8.3,24.2,32.8,47.3,91.3,1.5,10.9,June,2023
13555,Rangareddy,Hayathnagar,2023-06-25,20.6,22.7,32.6,54.8,98.3,0.7,14.0,June,2023
13556,Rangareddy,Hayathnagar,2023-06-26,0.0,24.8,31.6,55.3,87.6,0.0,12.1,June,2023
13557,Rangareddy,Hayathnagar,2023-06-27,0.0,24.2,31.3,57.7,82.7,1.5,10.2,June,2023
13558,Rangareddy,Hayathnagar,2023-06-28,1.2,25.1,31.2,57.7,83.0,0.2,12.4,June,2023
13559,Rangareddy,Hayathnagar,2023-06-29,0.0,24.7,33.4,46.6,84.9,0.0,12.0,June,2023
13560,Rangareddy,Hayathnagar,2023-06-30,2.9,24.4,33.0,50.5,94.6,0.0,12.2,June,2023
13561,Rangareddy,Ibrahimpatnam,2023-06-01,0.9,22.3,41.0,24.4,89.2,0.0,10.2,June,2023
13562,Rangareddy,Ibrahimpatnam,2023-06-02,0.0,26.2,40.9,19.3,67.7,0.0,7.3,June,2023
13563,Rangareddy,Ibrahimpatnam,2023-06-03,0.0,26.7,41.1,12.0,57.8,0.0,9.9,June,2023
13564,Rangareddy,Ibrahimpatnam,2023-06-04,0.1,28.2,41.5,17.5,52.5,0.0,10.0,June,2023
13565,Rangareddy,Ibrahimpatnam,2023-06-05,0.0,21.7,39.2,30.4,83.4,0.0,11.7,June,2023
13566,Rangareddy,Ibrahimpatnam,2023-06-06,0.0,24.4,38.2,20.8,69.6,0.0,9.0,June,2023
13567,Rangareddy,Ibrahimpatnam,2023-06-07,0.2,27.5,39.7,20.8,62.6,0.0,12.1,June,2023
13568,Rangareddy,Ibrahimpatnam,2023-06-08,0.1,26.0,41.2,16.2,71.0,0.9,10.8,June,2023
13569,Rangareddy,Ibrahimpatnam,2023-06-09,0.0,26.3,40.3,20.3,70.7,0.0,12.3,June,2023
13570,Rangareddy,Ibrahimpatnam,2023-06-10,0.0,26.2,40.8,18.9,70.7,2.4,12.2,June,2023
13571,Rangareddy,Ibrahimpatnam,2023-06-11,1.3,23.3,38.9,24.5,82.2,0.4,11.3,June,2023
13572,Rangareddy,Ibrahimpatnam,2023-06-12,0.0,25.2,38.1,32.5,84.1,0.1,11.1,June,2023
13573,Rangareddy,Ibrahimpatnam,2023-06-13,0.0,25.9,39.1,25.3,66.3,1.2,13.1,June,2023
13574,Rangareddy,Ibrahimpatnam,2023-06-14,0.0,26.0,39.3,19.4,69.1,1.1,12.6,June,2023
13575,Rangareddy,Ibrahimpatnam,2023-06-15,0.0,26.1,38.7,23.5,65.8,1.5,13.2,June,2023
13576,Rangareddy,Ibrahimpatnam,2023-06-16,0.0,26.3,39.2,19.4,62.7,0.7,11.7,June,2023
13577,Rangareddy,Ibrahimpatnam,2023-06-17,0.0,26.3,39.8,18.9,67.9,0.9,10.8,June,2023
13578,Rangareddy,Ibrahimpatnam,2023-06-18,0.0,27.4,39.2,30.2,62.3,0.9,12.1,June,2023
13579,Rangareddy,Ibrahimpatnam,2023-06-19,0.0,26.0,38.4,25.6,72.0,0.4,15.0,June,2023
13580,Rangareddy,Ibrahimpatnam,2023-06-20,0.0,27.0,37.3,31.7,54.9,0.0,16.0,June,2023
13581,Rangareddy,Ibrahimpatnam,2023-06-21,0.2,25.4,39.8,28.8,75.7,0.2,23.1,June,2023
13582,Rangareddy,Ibrahimpatnam,2023-06-22,9.3,23.6,38.1,32.0,100.0,0.4,23.8,June,2023
13583,Rangareddy,Ibrahimpatnam,2023-06-23,19.5,22.9,35.3,43.9,98.7,1.2,18.1,June,2023
13584,Rangareddy,Ibrahimpatnam,2023-06-24,24.5,22.8,32.8,52.3,100.0,0.0,17.8,June,2023
13585,Rangareddy,Ibrahimpatnam,2023-06-25,10.4,22.0,32.7,57.8,100.0,1.1,22.0,June,2023
13586,Rangareddy,Ibrahimpatnam,2023-06-26,0.0,24.1,31.8,60.3,94.7,7.1,22.9,June,2023
13587,Rangareddy,Ibrahimpatnam,2023-06-27,0.6,23.4,31.4,62.2,94.4,3.4,19.7,June,2023
13588,Rangareddy,Ibrahimpatnam,2023-06-28,0.7,24.2,31.1,62.2,91.2,0.1,24.4,June,2023
13589,Rangareddy,Ibrahimpatnam,2023-06-29,14.2,23.1,33.3,52.3,100.0,0.3,21.3,June,2023
13590,Rangareddy,Ibrahimpatnam,2023-06-30,0.0,23.3,32.4,55.8,100.0,1.5,21.3,June,2023
13591,Rangareddy,Kadthal,2023-06-01,3.8,22.5,37.7,30.7,81.7,0.0,16.3,June,2023
13592,Rangareddy,Kadthal,2023-06-02,0.0,24.6,38.4,24.7,75.8,0.0,15.0,June,2023
13593,Rangareddy,Kadthal,2023-06-03,0.0,27.3,40.0,19.8,52.0,0.0,23.4,June,2023
13594,Rangareddy,Kadthal,2023-06-04,0.0,27.2,40.2,25.1,56.0,0.0,20.9,June,2023
13595,Rangareddy,Kadthal,2023-06-05,0.2,22.3,32.7,49.2,80.0,1.7,17.3,June,2023
13596,Rangareddy,Kadthal,2023-06-06,0.0,25.6,36.2,31.7,67.4,0.0,21.3,June,2023
13597,Rangareddy,Kadthal,2023-06-07,0.0,26.2,37.8,32.4,62.7,0.0,17.9,June,2023
13598,Rangareddy,Kadthal,2023-06-08,0.0,24.9,38.0,32.7,75.8,0.0,20.7,June,2023
13599,Rangareddy,Kadthal,2023-06-09,0.0,24.8,37.3,33.3,76.7,1.1,21.9,June,2023
13600,Rangareddy,Kadthal,2023-06-10,0.0,25.0,37.7,35.9,78.0,8.2,21.3,June,2023
13601,Rangareddy,Kadthal,2023-06-11,0.0,25.1,36.8,37.1,75.8,4.9,22.0,June,2023
13602,Rangareddy,Kadthal,2023-06-12,0.3,24.9,36.3,39.7,89.4,2.7,29.6,June,2023
13603,Rangareddy,Kadthal,2023-06-13,0.0,24.9,36.6,33.1,70.0,1.7,21.7,June,2023
13604,Rangareddy,Kadthal,2023-06-14,0.0,24.9,37.3,26.5,72.7,1.7,20.6,June,2023
13605,Rangareddy,Kadthal,2023-06-15,0.0,24.7,36.7,31.0,70.9,2.8,21.4,June,2023
13606,Rangareddy,Kadthal,2023-06-16,0.0,24.9,37.0,29.2,66.5,2.5,24.9,June,2023
13607,Rangareddy,Kadthal,2023-06-17,0.0,25.1,37.3,30.6,72.2,2.9,20.8,June,2023
13608,Rangareddy,Kadthal,2023-06-18,0.0,26.3,36.8,33.5,67.0,0.2,21.0,June,2023
13609,Rangareddy,Kadthal,2023-06-19,3.4,22.8,37.1,34.9,72.4,0.1,21.7,June,2023
13610,Rangareddy,Kadthal,2023-06-20,0.0,25.9,36.9,36.7,65.1,0.0,17.3,June,2023
13611,Rangareddy,Kadthal,2023-06-21,0.3,24.2,37.7,35.2,90.4,0.2,15.1,June,2023
13612,Rangareddy,Kadthal,2023-06-22,2.1,23.7,36.8,38.3,94.5,0.3,17.6,June,2023
13613,Rangareddy,Kadthal,2023-06-23,35.6,21.9,33.2,50.6,100.0,0.0,17.1,June,2023
13614,Rangareddy,Kadthal,2023-06-24,5.7,22.6,32.1,57.2,99.5,0.0,14.4,June,2023
13615,Rangareddy,Kadthal,2023-06-25,0.6,21.4,30.5,69.8,98.6,0.0,15.0,June,2023
13616,Rangareddy,Kadthal,2023-06-26,1.2,23.2,31.5,61.4,95.9,2.9,19.0,June,2023
13617,Rangareddy,Kadthal,2023-06-27,1.6,20.5,29.6,64.6,95.0,1.8,29.3,June,2023
13618,Rangareddy,Kadthal,2023-06-28,0.6,23.3,31.0,59.2,93.1,2.3,17.4,June,2023
13619,Rangareddy,Kadthal,2023-06-29,6.1,22.0,32.7,54.0,100.0,0.3,14.1,June,2023
13620,Rangareddy,Kadthal,2023-06-30,0.0,22.5,32.1,59.1,88.7,3.4,13.9,June,2023
13621,Rangareddy,Kandukur,2023-06-01,11.8,22.3,39.4,21.6,86.7,0.0,13.5,June,2023
13622,Rangareddy,Kandukur,2023-06-02,0.0,25.7,39.1,19.6,65.4,0.3,14.6,June,2023
13623,Rangareddy,Kandukur,2023-06-03,0.0,26.0,41.2,15.1,65.4,0.0,17.7,June,2023
13624,Rangareddy,Kandukur,2023-06-04,0.0,26.9,41.1,18.3,52.7,0.0,15.5,June,2023
13625,Rangareddy,Kandukur,2023-06-05,0.0,21.1,37.0,38.3,83.2,0.9,23.7,June,2023
13626,Rangareddy,Kandukur,2023-06-06,0.0,23.9,37.1,25.3,69.3,0.0,17.9,June,2023
13627,Rangareddy,Kandukur,2023-06-07,0.0,26.7,39.4,22.9,60.3,0.3,18.5,June,2023
13628,Rangareddy,Kandukur,2023-06-08,0.1,25.5,38.4,27.8,63.5,2.4,23.0,June,2023
13629,Rangareddy,Kandukur,2023-06-09,0.0,25.5,39.7,24.2,65.4,0.0,22.4,June,2023
13630,Rangareddy,Kandukur,2023-06-10,0.0,25.4,38.6,28.8,66.3,6.1,19.6,June,2023
13631,Rangareddy,Kandukur,2023-06-11,0.0,25.5,38.5,29.1,65.4,10.1,25.0,June,2023
13632,Rangareddy,Kandukur,2023-06-12,0.4,24.3,38.2,33.3,87.5,2.3,21.9,June,2023
13633,Rangareddy,Kandukur,2023-06-13,0.0,25.1,38.3,27.2,61.7,0.9,19.9,June,2023
13634,Rangareddy,Kandukur,2023-06-14,0.0,25.3,40.0,22.9,62.6,4.0,25.3,June,2023
13635,Rangareddy,Kandukur,2023-06-15,0.0,25.2,38.8,25.3,60.7,5.9,20.3,June,2023
13636,Rangareddy,Kandukur,2023-06-16,0.0,25.2,38.4,22.2,61.7,1.0,11.4,June,2023
13637,Rangareddy,Kandukur,2023-06-17,0.0,25.4,40.4,21.6,66.0,0.5,11.2,June,2023
13638,Rangareddy,Kandukur,2023-06-18,0.0,26.5,38.0,26.6,61.2,0.1,13.8,June,2023
13639,Rangareddy,Kandukur,2023-06-19,0.0,25.8,39.1,24.2,71.0,0.1,12.1,June,2023
13640,Rangareddy,Kandukur,2023-06-20,0.0,25.6,38.3,28.8,56.3,0.0,11.1,June,2023
13641,Rangareddy,Kandukur,2023-06-21,0.0,24.7,40.2,26.2,77.9,1.7,16.8,June,2023
13642,Rangareddy,Kandukur,2023-06-22,1.0,23.5,38.5,30.1,98.2,1.2,23.1,June,2023
13643,Rangareddy,Kandukur,2023-06-23,7.3,21.9,34.8,40.1,100.0,0.0,22.2,June,2023
13644,Rangareddy,Kandukur,2023-06-24,8.2,22.4,32.7,50.5,100.0,0.0,14.7,June,2023
13645,Rangareddy,Kandukur,2023-06-25,1.5,21.4,33.2,53.1,100.0,0.7,21.9,June,2023
13646,Rangareddy,Kandukur,2023-06-26,0.0,23.3,32.3,56.0,94.6,4.5,24.0,June,2023
13647,Rangareddy,Kandukur,2023-06-27,3.2,21.6,30.3,62.2,93.7,4.8,23.4,June,2023
13648,Rangareddy,Kandukur,2023-06-28,0.6,23.3,31.3,57.0,100.0,0.8,20.6,June,2023
13649,Rangareddy,Kandukur,2023-06-29,7.3,21.9,32.9,51.6,100.0,1.0,17.1,June,2023
13650,Rangareddy,Kandukur,2023-06-30,0.0,22.5,32.8,55.0,88.2,6.1,18.9,June,2023
13651,Rangareddy,Keshampeta,2023-06-01,0.0,22.3,39.1,22.5,83.5,0.0,15.2,June,2023
13652,Rangareddy,Keshampeta,2023-06-02,0.0,23.9,39.9,15.8,83.2,0.0,7.1,June,2023
13653,Rangareddy,Keshampeta,2023-06-03,0.0,25.8,40.9,11.9,59.5,0.0,6.4,June,2023
13654,Rangareddy,Keshampeta,2023-06-04,0.4,25.5,40.3,18.5,71.9,0.0,14.4,June,2023
13655,Rangareddy,Keshampeta,2023-06-05,0.5,21.0,35.2,41.9,89.0,0.0,9.0,June,2023
13656,Rangareddy,Keshampeta,2023-06-06,0.0,23.5,36.2,29.6,77.8,0.0,11.5,June,2023
13657,Rangareddy,Keshampeta,2023-06-07,0.4,25.5,38.3,30.3,75.2,0.0,14.6,June,2023
13658,Rangareddy,Keshampeta,2023-06-08,2.9,24.8,38.3,36.9,77.3,0.0,15.0,June,2023
13659,Rangareddy,Keshampeta,2023-06-09,0.9,24.6,37.5,31.7,78.0,0.0,22.2,June,2023
13660,Rangareddy,Keshampeta,2023-06-10,1.5,23.5,37.0,34.6,81.3,0.0,12.7,June,2023
13661,Rangareddy,Keshampeta,2023-06-11,0.0,25.0,36.3,34.3,78.5,0.0,13.1,June,2023
13662,Rangareddy,Keshampeta,2023-06-12,0.0,25.4,36.5,38.3,80.3,0.0,13.9,June,2023
13663,Rangareddy,Keshampeta,2023-06-13,0.0,25.1,36.9,27.6,70.8,0.0,12.1,June,2023
13664,Rangareddy,Keshampeta,2023-06-14,0.0,25.2,37.2,23.0,72.9,0.0,16.4,June,2023
13665,Rangareddy,Keshampeta,2023-06-15,0.0,25.2,36.8,27.6,71.3,0.0,14.1,June,2023
13666,Rangareddy,Keshampeta,2023-06-16,0.0,25.3,37.0,25.2,65.0,0.0,13.0,June,2023
13667,Rangareddy,Keshampeta,2023-06-17,0.0,25.7,37.8,25.9,71.0,0.0,8.9,June,2023
13668,Rangareddy,Keshampeta,2023-06-18,0.0,26.6,37.0,27.6,66.4,0.0,15.1,June,2023
13669,Rangareddy,Keshampeta,2023-06-19,7.7,25.1,37.5,27.2,85.6,0.0,8.9,June,2023
13670,Rangareddy,Keshampeta,2023-06-20,0.0,25.8,36.5,34.9,71.0,0.0,4.3,June,2023
13671,Rangareddy,Keshampeta,2023-06-21,4.2,23.8,36.9,32.9,90.2,0.0,4.7,June,2023
13672,Rangareddy,Keshampeta,2023-06-22,0.2,24.1,35.8,37.2,92.2,0.0,12.2,June,2023
13673,Rangareddy,Keshampeta,2023-06-23,5.4,23.2,34.4,43.6,100.0,0.0,10.4,June,2023
13674,Rangareddy,Keshampeta,2023-06-24,22.7,22.5,32.8,51.4,100.0,0.0,7.3,June,2023
13675,Rangareddy,Keshampeta,2023-06-25,9.0,22.1,30.9,65.8,100.0,0.0,6.0,June,2023
13676,Rangareddy,Keshampeta,2023-06-26,0.9,23.5,31.1,61.5,100.0,0.0,15.1,June,2023
13677,Rangareddy,Keshampeta,2023-06-27,0.5,21.0,29.8,65.0,92.5,0.0,14.3,June,2023
13678,Rangareddy,Keshampeta,2023-06-28,0.0,23.7,30.6,60.0,86.9,0.0,13.2,June,2023
13679,Rangareddy,Keshampeta,2023-06-29,5.1,22.6,32.5,53.5,99.4,0.0,3.3,June,2023
13680,Rangareddy,Keshampeta,2023-06-30,0.0,22.7,32.1,58.0,88.5,0.0,14.9,June,2023
13681,Rangareddy,Kondurg,2023-06-01,0.0,24.9,38.8,29.3,77.9,0.0,11.5,June,2023
13682,Rangareddy,Kondurg,2023-06-02,0.0,25.5,40.3,24.5,79.8,0.0,13.9,June,2023
13683,Rangareddy,Kondurg,2023-06-03,0.0,27.5,39.6,19.7,55.1,0.0,8.1,June,2023
13684,Rangareddy,Kondurg,2023-06-04,0.8,26.1,38.1,27.1,73.5,0.1,7.8,June,2023
13685,Rangareddy,Kondurg,2023-06-05,9.0,22.1,34.2,52.9,95.4,0.0,13.1,June,2023
13686,Rangareddy,Kondurg,2023-06-06,0.0,25.6,35.6,38.3,79.3,0.0,11.7,June,2023
13687,Rangareddy,Kondurg,2023-06-07,0.0,25.0,37.1,35.1,77.2,0.0,11.4,June,2023
13688,Rangareddy,Kondurg,2023-06-08,15.0,24.7,34.9,49.4,87.1,2.4,14.3,June,2023
13689,Rangareddy,Kondurg,2023-06-09,0.0,24.5,36.8,40.0,86.9,0.0,10.7,June,2023
13690,Rangareddy,Kondurg,2023-06-10,10.8,23.9,37.1,39.1,89.7,1.7,14.1,June,2023
13691,Rangareddy,Kondurg,2023-06-11,0.0,25.0,35.1,47.1,90.5,2.9,11.4,June,2023
13692,Rangareddy,Kondurg,2023-06-12,0.0,25.3,36.2,42.0,93.4,0.7,12.7,June,2023
13693,Rangareddy,Kondurg,2023-06-13,0.0,24.9,38.6,41.0,78.4,0.0,11.2,June,2023
13694,Rangareddy,Kondurg,2023-06-14,0.0,25.4,37.2,44.0,77.1,1.1,12.9,June,2023
13695,Rangareddy,Kondurg,2023-06-15,0.0,25.5,36.8,33.2,74.6,1.6,12.6,June,2023
13696,Rangareddy,Kondurg,2023-06-16,0.0,25.7,37.2,31.5,69.2,0.0,15.3,June,2023
13697,Rangareddy,Kondurg,2023-06-17,0.0,25.6,37.1,32.8,74.6,1.3,10.4,June,2023
13698,Rangareddy,Kondurg,2023-06-18,0.0,26.7,36.3,35.4,80.1,0.3,13.8,June,2023
13699,Rangareddy,Kondurg,2023-06-19,0.0,25.8,36.9,35.1,78.0,0.1,11.2,June,2023
13700,Rangareddy,Kondurg,2023-06-20,0.0,27.0,36.2,37.0,74.3,0.0,9.9,June,2023
13701,Rangareddy,Kondurg,2023-06-21,0.0,26.3,37.6,40.3,83.3,0.2,12.6,June,2023
13702,Rangareddy,Kondurg,2023-06-22,4.6,24.5,37.8,35.5,94.4,0.1,11.9,June,2023
13703,Rangareddy,Kondurg,2023-06-23,2.1,25.0,35.5,40.6,89.0,0.4,12.8,June,2023
13704,Rangareddy,Kondurg,2023-06-24,6.8,24.7,33.0,53.7,87.9,1.2,9.2,June,2023
13705,Rangareddy,Kondurg,2023-06-25,18.4,23.0,31.1,75.0,98.9,0.6,10.4,June,2023
13706,Rangareddy,Kondurg,2023-06-26,1.0,24.0,32.4,73.6,100.0,0.2,9.8,June,2023
13707,Rangareddy,Kondurg,2023-06-27,2.5,23.0,30.5,76.6,94.8,0.0,11.4,June,2023
13708,Rangareddy,Kondurg,2023-06-28,0.5,24.4,31.9,69.9,89.7,0.4,10.3,June,2023
13709,Rangareddy,Kondurg,2023-06-29,5.6,23.7,33.4,58.4,89.9,2.2,11.2,June,2023
13710,Rangareddy,Kondurg,2023-06-30,0.0,23.5,32.8,58.5,90.6,2.7,11.3,June,2023
13711,Rangareddy,Kothur,2023-06-01,0.0,24.1,37.7,49.5,69.7,0.0,14.7,June,2023
13712,Rangareddy,Kothur,2023-06-02,0.0,27.7,38.7,20.4,76.4,0.0,12.2,June,2023
13713,Rangareddy,Kothur,2023-06-03,0.0,27.5,39.0,19.2,57.9,0.0,19.9,June,2023
13714,Rangareddy,Kothur,2023-06-04,0.0,28.3,39.2,25.9,55.4,0.0,18.9,June,2023
13715,Rangareddy,Kothur,2023-06-05,2.4,21.6,34.8,44.3,100.0,0.0,18.8,June,2023
13716,Rangareddy,Kothur,2023-06-06,0.0,25.5,36.9,40.1,74.9,0.0,17.9,June,2023
13717,Rangareddy,Kothur,2023-06-07,0.0,27.1,38.3,36.1,71.2,0.0,16.0,June,2023
13718,Rangareddy,Kothur,2023-06-08,0.0,26.0,37.3,59.3,97.4,0.0,28.1,June,2023
13719,Rangareddy,Kothur,2023-06-09,4.2,25.7,38.0,41.7,78.3,0.0,21.1,June,2023
13720,Rangareddy,Kothur,2023-06-10,0.0,26.2,37.2,44.8,86.5,0.7,20.2,June,2023
13721,Rangareddy,Kothur,2023-06-11,0.0,25.9,36.6,45.6,83.6,0.2,22.0,June,2023
13722,Rangareddy,Kothur,2023-06-12,3.6,26.5,36.5,44.3,88.5,0.0,19.8,June,2023
13723,Rangareddy,Kothur,2023-06-13,0.0,25.8,37.0,41.8,76.9,0.0,19.5,June,2023
13724,Rangareddy,Kothur,2023-06-14,0.0,26.4,37.9,36.7,76.6,0.0,21.7,June,2023
13725,Rangareddy,Kothur,2023-06-15,0.0,26.2,36.4,38.1,74.7,4.9,22.4,June,2023
13726,Rangareddy,Kothur,2023-06-16,0.0,26.5,38.0,37.3,71.1,0.4,24.6,June,2023
13727,Rangareddy,Kothur,2023-06-17,0.0,26.7,36.5,39.1,78.0,0.0,21.5,June,2023
13728,Rangareddy,Kothur,2023-06-18,0.0,27.5,36.7,43.1,73.7,0.0,25.0,June,2023
13729,Rangareddy,Kothur,2023-06-19,2.6,26.0,37.5,41.0,82.5,0.0,19.2,June,2023
13730,Rangareddy,Kothur,2023-06-20,0.0,27.6,37.0,43.0,63.6,0.0,20.5,June,2023
13731,Rangareddy,Kothur,2023-06-21,11.0,24.9,37.0,45.3,90.4,0.0,17.5,June,2023
13732,Rangareddy,Kothur,2023-06-22,7.6,23.2,37.1,49.1,100.0,0.0,22.9,June,2023
13733,Rangareddy,Kothur,2023-06-23,5.1,23.3,34.6,46.6,100.0,0.0,18.0,June,2023
13734,Rangareddy,Kothur,2023-06-24,10.1,24.1,32.5,57.5,100.0,0.0,14.8,June,2023
13735,Rangareddy,Kothur,2023-06-25,38.4,22.9,31.8,59.2,100.0,0.0,21.0,June,2023
13736,Rangareddy,Kothur,2023-06-26,0.0,25.0,31.5,73.4,100.0,3.2,21.3,June,2023
13737,Rangareddy,Kothur,2023-06-27,3.8,21.9,29.3,69.9,100.0,0.0,19.6,June,2023
13738,Rangareddy,Kothur,2023-06-28,5.6,24.5,30.7,58.8,100.0,0.0,18.6,June,2023
13739,Rangareddy,Kothur,2023-06-29,0.0,24.2,32.8,56.7,100.0,0.0,18.3,June,2023
13740,Rangareddy,Kothur,2023-06-30,0.0,23.9,31.8,63.3,100.0,0.0,17.6,June,2023
13741,Rangareddy,Madgul,2023-06-01,0.0,24.8,40.1,28.4,73.0,0.0,12.4,June,2023
13742,Rangareddy,Madgul,2023-06-02,0.2,26.5,39.5,28.8,70.1,0.0,13.6,June,2023
13743,Rangareddy,Madgul,2023-06-03,0.0,28.0,41.0,18.4,50.2,0.0,17.7,June,2023
13744,Rangareddy,Madgul,2023-06-04,0.0,29.6,42.0,21.5,55.3,0.0,17.4,June,2023
13745,Rangareddy,Madgul,2023-06-05,0.0,23.3,34.1,44.1,80.0,0.6,15.6,June,2023
13746,Rangareddy,Madgul,2023-06-06,0.0,26.6,37.9,28.0,64.8,1.0,18.4,June,2023
13747,Rangareddy,Madgul,2023-06-07,0.0,28.8,40.6,25.8,69.4,0.0,16.3,June,2023
13748,Rangareddy,Madgul,2023-06-08,0.0,26.8,40.8,28.4,74.0,2.0,20.5,June,2023
13749,Rangareddy,Madgul,2023-06-09,0.8,26.7,39.0,35.8,73.2,0.6,18.6,June,2023
13750,Rangareddy,Madgul,2023-06-10,0.0,26.9,40.2,32.7,73.8,5.2,18.5,June,2023
13751,Rangareddy,Madgul,2023-06-11,0.0,27.4,39.1,32.0,68.4,3.8,18.3,June,2023
13752,Rangareddy,Madgul,2023-06-12,0.0,26.6,38.0,36.3,79.2,3.4,22.2,June,2023
13753,Rangareddy,Madgul,2023-06-13,0.0,27.2,38.6,32.6,63.7,2.2,18.2,June,2023
13754,Rangareddy,Madgul,2023-06-14,0.0,27.7,39.4,29.4,62.5,2.2,17.9,June,2023
13755,Rangareddy,Madgul,2023-06-15,0.0,27.2,38.5,31.4,63.9,1.8,20.5,June,2023
13756,Rangareddy,Madgul,2023-06-16,0.0,27.8,39.5,26.3,57.9,2.4,21.0,June,2023
13757,Rangareddy,Madgul,2023-06-17,0.0,27.6,39.6,27.7,63.9,2.9,18.0,June,2023
13758,Rangareddy,Madgul,2023-06-18,0.0,28.6,39.0,30.0,59.8,1.1,18.2,June,2023
13759,Rangareddy,Madgul,2023-06-19,1.7,26.7,39.5,30.3,76.2,1.6,18.2,June,2023
13760,Rangareddy,Madgul,2023-06-20,0.0,28.0,38.5,33.9,62.4,0.0,16.2,June,2023
13761,Rangareddy,Madgul,2023-06-21,8.1,24.6,38.8,33.3,93.0,0.0,15.0,June,2023
13762,Rangareddy,Madgul,2023-06-22,21.7,23.7,35.9,42.5,99.2,0.0,14.9,June,2023
13763,Rangareddy,Madgul,2023-06-23,29.7,23.3,35.3,45.8,100.0,0.0,15.2,June,2023
13764,Rangareddy,Madgul,2023-06-24,4.6,23.3,32.4,58.0,97.4,0.0,12.1,June,2023
13765,Rangareddy,Madgul,2023-06-25,0.2,24.2,31.0,67.2,92.1,0.4,14.4,June,2023
13766,Rangareddy,Madgul,2023-06-26,0.0,24.9,32.3,55.6,91.3,3.5,16.2,June,2023
13767,Rangareddy,Madgul,2023-06-27,0.9,23.6,30.7,61.2,90.4,2.1,22.1,June,2023
13768,Rangareddy,Madgul,2023-06-28,0.0,24.9,32.4,56.5,90.0,1.2,15.1,June,2023
13769,Rangareddy,Madgul,2023-06-29,10.5,23.7,33.4,49.7,100.0,0.3,12.8,June,2023
13770,Rangareddy,Madgul,2023-06-30,1.6,24.1,33.0,54.6,86.0,2.6,15.0,June,2023
13771,Rangareddy,Maheshwaram,2023-06-01,0.0,25.0,38.8,29.4,74.7,0.0,14.3,June,2023
13772,Rangareddy,Maheshwaram,2023-06-02,0.0,26.2,40.7,21.7,68.3,0.0,11.7,June,2023
13773,Rangareddy,Maheshwaram,2023-06-03,0.0,28.2,40.2,18.0,49.5,0.0,14.7,June,2023
13774,Rangareddy,Maheshwaram,2023-06-04,0.0,27.6,41.4,20.3,62.1,0.0,16.1,June,2023
13775,Rangareddy,Maheshwaram,2023-06-05,1.6,21.1,36.2,31.4,100.0,0.0,15.4,June,2023
13776,Rangareddy,Maheshwaram,2023-06-06,0.0,26.2,36.7,33.6,80.2,0.0,15.0,June,2023
13777,Rangareddy,Maheshwaram,2023-06-07,0.0,26.7,39.2,31.7,72.3,0.0,11.1,June,2023
13778,Rangareddy,Maheshwaram,2023-06-08,0.0,25.5,38.1,32.7,77.5,0.0,21.1,June,2023
13779,Rangareddy,Maheshwaram,2023-06-09,0.0,25.8,39.2,30.5,77.8,0.0,19.8,June,2023
13780,Rangareddy,Maheshwaram,2023-06-10,0.5,25.6,37.5,40.2,82.6,1.6,16.8,June,2023
13781,Rangareddy,Maheshwaram,2023-06-11,0.0,25.1,37.3,37.2,84.1,0.1,16.8,June,2023
13782,Rangareddy,Maheshwaram,2023-06-12,20.3,22.7,36.2,38.2,95.1,0.0,19.5,June,2023
13783,Rangareddy,Maheshwaram,2023-06-13,0.0,25.3,36.6,38.7,76.3,0.0,17.1,June,2023
13784,Rangareddy,Maheshwaram,2023-06-14,0.0,25.5,38.5,29.5,70.2,0.0,13.2,June,2023
13785,Rangareddy,Maheshwaram,2023-06-15,0.0,25.5,36.1,35.2,71.5,1.2,14.9,June,2023
13786,Rangareddy,Maheshwaram,2023-06-16,0.0,25.7,39.3,32.4,75.3,0.0,13.0,June,2023
13787,Rangareddy,Maheshwaram,2023-06-17,0.0,25.8,39.7,34.9,80.4,1.5,14.6,June,2023
13788,Rangareddy,Maheshwaram,2023-06-18,0.0,26.9,39.0,40.1,81.0,0.0,12.7,June,2023
13789,Rangareddy,Maheshwaram,2023-06-19,0.0,26.3,38.8,35.3,85.0,0.2,13.9,June,2023
13790,Rangareddy,Maheshwaram,2023-06-20,0.0,26.9,38.5,39.5,67.9,0.0,12.4,June,2023
13791,Rangareddy,Maheshwaram,2023-06-21,0.0,25.4,38.7,37.5,91.8,0.9,10.8,June,2023
13792,Rangareddy,Maheshwaram,2023-06-22,0.3,23.5,37.1,46.6,100.0,0.3,13.5,June,2023
13793,Rangareddy,Maheshwaram,2023-06-23,15.0,22.2,34.5,53.0,100.0,0.0,16.7,June,2023
13794,Rangareddy,Maheshwaram,2023-06-24,17.7,22.4,32.2,69.8,100.0,0.0,12.7,June,2023
13795,Rangareddy,Maheshwaram,2023-06-25,16.1,21.7,31.6,56.7,100.0,0.0,20.2,June,2023
13796,Rangareddy,Maheshwaram,2023-06-26,0.1,23.5,31.6,60.4,97.6,0.4,19.2,June,2023
13797,Rangareddy,Maheshwaram,2023-06-27,0.8,22.7,29.5,66.2,97.6,0.0,16.5,June,2023
13798,Rangareddy,Maheshwaram,2023-06-28,6.5,23.6,30.7,56.7,100.0,0.0,17.1,June,2023
13799,Rangareddy,Maheshwaram,2023-06-29,5.2,23.2,32.4,56.7,100.0,0.0,17.3,June,2023
13800,Rangareddy,Maheshwaram,2023-06-30,0.0,22.8,33.1,56.7,100.0,0.6,14.2,June,2023
13801,Rangareddy,Manchal,2023-06-01,0.0,25.3,38.8,27.8,73.2,0.0,9.3,June,2023
13802,Rangareddy,Manchal,2023-06-02,0.0,26.9,40.6,23.0,67.7,0.0,11.3,June,2023
13803,Rangareddy,Manchal,2023-06-03,0.0,28.1,40.0,13.2,41.2,0.0,12.1,June,2023
13804,Rangareddy,Manchal,2023-06-04,0.0,29.8,40.6,20.2,43.9,0.0,13.3,June,2023
13805,Rangareddy,Manchal,2023-06-05,0.0,23.1,35.7,33.9,79.2,0.0,13.4,June,2023
13806,Rangareddy,Manchal,2023-06-06,0.0,26.4,38.1,33.0,67.4,0.0,8.5,June,2023
13807,Rangareddy,Manchal,2023-06-07,0.0,27.9,39.0,30.5,64.5,0.0,13.9,June,2023
13808,Rangareddy,Manchal,2023-06-08,0.0,26.0,39.7,31.4,72.2,1.7,15.2,June,2023
13809,Rangareddy,Manchal,2023-06-09,1.3,26.5,39.6,35.6,71.2,0.0,14.1,June,2023
13810,Rangareddy,Manchal,2023-06-10,0.0,26.5,39.8,32.0,71.2,5.6,14.9,June,2023
13811,Rangareddy,Manchal,2023-06-11,0.0,25.5,38.5,38.7,74.6,1.7,16.3,June,2023
13812,Rangareddy,Manchal,2023-06-12,0.0,26.2,37.7,40.5,81.3,0.1,15.2,June,2023
13813,Rangareddy,Manchal,2023-06-13,0.0,26.3,38.8,34.0,66.9,2.4,16.9,June,2023
13814,Rangareddy,Manchal,2023-06-14,0.0,26.2,39.6,31.3,69.8,2.1,19.4,June,2023
13815,Rangareddy,Manchal,2023-06-15,0.0,26.4,39.0,32.0,66.9,2.9,19.6,June,2023
13816,Rangareddy,Manchal,2023-06-16,0.0,26.7,39.3,32.3,61.4,1.3,17.3,June,2023
13817,Rangareddy,Manchal,2023-06-17,0.0,26.6,39.7,31.3,68.4,1.8,15.0,June,2023
13818,Rangareddy,Manchal,2023-06-18,0.0,27.7,38.2,36.9,58.8,1.7,13.5,June,2023
13819,Rangareddy,Manchal,2023-06-19,0.0,26.5,37.5,31.1,54.7,1.2,10.8,June,2023
13820,Rangareddy,Manchal,2023-06-20,0.0,27.5,37.8,39.9,54.7,0.0,10.0,June,2023
13821,Rangareddy,Manchal,2023-06-21,4.7,26.3,37.6,32.4,76.4,0.7,13.5,June,2023
13822,Rangareddy,Manchal,2023-06-22,5.1,23.2,36.5,38.1,100.0,0.0,11.7,June,2023
13823,Rangareddy,Manchal,2023-06-23,55.2,22.7,34.2,48.3,100.0,0.0,11.3,June,2023
13824,Rangareddy,Manchal,2023-06-24,9.5,22.6,32.4,68.7,100.0,0.0,9.1,June,2023
13825,Rangareddy,Manchal,2023-06-25,1.1,22.9,32.7,73.6,100.0,1.0,15.3,June,2023
13826,Rangareddy,Manchal,2023-06-26,0.0,24.5,32.0,70.1,98.3,4.2,12.4,June,2023
13827,Rangareddy,Manchal,2023-06-27,0.0,24.0,30.3,76.3,94.6,1.2,14.5,June,2023
13828,Rangareddy,Manchal,2023-06-28,3.7,23.9,31.0,70.5,100.0,1.2,17.1,June,2023
13829,Rangareddy,Manchal,2023-06-29,8.7,23.1,32.9,65.2,100.0,0.8,14.1,June,2023
13830,Rangareddy,Manchal,2023-06-30,0.0,23.5,32.6,63.2,100.0,1.5,16.3,June,2023
13831,Rangareddy,Moinabad,2023-06-01,0.0,23.7,41.1,24.5,69.4,0.0,13.7,June,2023
13832,Rangareddy,Moinabad,2023-06-02,0.0,26.7,40.8,19.8,63.1,0.0,9.1,June,2023
13833,Rangareddy,Moinabad,2023-06-03,0.0,27.3,42.5,15.7,46.6,0.0,14.2,June,2023
13834,Rangareddy,Moinabad,2023-06-04,0.0,26.4,41.0,19.1,60.7,0.0,9.7,June,2023
13835,Rangareddy,Moinabad,2023-06-05,11.6,20.3,36.6,34.7,100.0,0.0,11.9,June,2023
13836,Rangareddy,Moinabad,2023-06-06,0.0,24.8,38.0,33.0,71.6,0.0,10.5,June,2023
13837,Rangareddy,Moinabad,2023-06-07,0.0,26.3,39.7,28.5,73.0,0.0,11.1,June,2023
13838,Rangareddy,Moinabad,2023-06-08,2.8,24.4,39.4,26.3,78.3,1.8,13.2,June,2023
13839,Rangareddy,Moinabad,2023-06-09,0.0,25.3,40.2,27.7,73.9,0.0,12.4,June,2023
13840,Rangareddy,Moinabad,2023-06-10,0.0,24.7,37.7,30.4,80.7,2.6,12.2,June,2023
13841,Rangareddy,Moinabad,2023-06-11,0.4,24.7,39.2,31.5,80.3,1.3,14.8,June,2023
13842,Rangareddy,Moinabad,2023-06-12,1.1,25.8,37.6,37.6,71.0,2.1,13.6,June,2023
13843,Rangareddy,Moinabad,2023-06-13,0.0,25.0,37.8,30.2,69.3,1.5,13.0,June,2023
13844,Rangareddy,Moinabad,2023-06-14,0.0,25.2,38.7,23.9,70.7,2.4,14.4,June,2023
13845,Rangareddy,Moinabad,2023-06-15,0.0,25.1,38.1,27.6,68.1,3.4,13.0,June,2023
13846,Rangareddy,Moinabad,2023-06-16,0.0,25.6,38.6,24.8,60.4,2.6,13.3,June,2023
13847,Rangareddy,Moinabad,2023-06-17,0.0,25.6,37.8,25.7,65.2,2.6,11.9,June,2023
13848,Rangareddy,Moinabad,2023-06-18,0.0,26.5,37.8,29.9,61.3,2.4,13.3,June,2023
13849,Rangareddy,Moinabad,2023-06-19,0.0,25.9,38.7,27.6,73.5,1.5,10.9,June,2023
13850,Rangareddy,Moinabad,2023-06-20,0.0,26.8,37.6,33.4,55.8,0.0,9.2,June,2023
13851,Rangareddy,Moinabad,2023-06-21,1.3,25.9,39.1,29.7,73.0,0.3,10.4,June,2023
13852,Rangareddy,Moinabad,2023-06-22,3.5,24.2,37.6,33.2,96.2,0.8,11.8,June,2023
13853,Rangareddy,Moinabad,2023-06-23,9.2,22.2,35.2,39.6,98.2,1.7,14.7,June,2023
13854,Rangareddy,Moinabad,2023-06-24,26.9,22.9,32.7,50.4,100.0,2.0,14.1,June,2023
13855,Rangareddy,Moinabad,2023-06-25,34.9,21.6,32.6,60.1,100.0,1.3,13.6,June,2023
13856,Rangareddy,Moinabad,2023-06-26,0.3,23.3,31.6,70.9,100.0,4.1,14.0,June,2023
13857,Rangareddy,Moinabad,2023-06-27,1.2,22.1,30.8,79.6,100.0,2.1,16.0,June,2023
13858,Rangareddy,Moinabad,2023-06-28,0.6,23.2,31.0,76.7,99.6,1.6,13.9,June,2023
13859,Rangareddy,Moinabad,2023-06-29,0.3,22.7,32.4,55.4,100.0,1.7,14.5,June,2023
13860,Rangareddy,Moinabad,2023-06-30,3.5,22.7,32.9,54.0,100.0,5.3,14.9,June,2023
13861,Rangareddy,Nandigam,2023-06-01,0.0,24.9,38.5,26.9,68.8,0.0,14.7,June,2023
13862,Rangareddy,Nandigam,2023-06-02,0.0,27.0,39.6,18.3,67.6,0.0,12.2,June,2023
13863,Rangareddy,Nandigam,2023-06-03,0.0,27.9,39.7,19.7,54.1,0.0,19.9,June,2023
13864,Rangareddy,Nandigam,2023-06-04,0.0,27.3,38.4,26.9,57.9,0.0,18.9,June,2023
13865,Rangareddy,Nandigam,2023-06-05,2.6,22.2,35.2,43.5,89.6,0.0,18.8,June,2023
13866,Rangareddy,Nandigam,2023-06-06,0.0,25.5,35.5,34.6,69.4,0.0,17.9,June,2023
13867,Rangareddy,Nandigam,2023-06-07,0.0,26.1,37.6,30.9,67.6,0.0,16.0,June,2023
13868,Rangareddy,Nandigam,2023-06-08,4.0,24.5,37.5,36.9,75.8,0.0,28.1,June,2023
13869,Rangareddy,Nandigam,2023-06-09,14.1,22.6,36.3,39.1,78.3,0.0,21.1,June,2023
13870,Rangareddy,Nandigam,2023-06-10,27.7,22.1,37.0,39.1,87.6,0.7,20.2,June,2023
13871,Rangareddy,Nandigam,2023-06-11,0.0,25.0,35.3,41.9,78.2,0.2,22.0,June,2023
13872,Rangareddy,Nandigam,2023-06-12,0.9,25.5,34.6,43.2,79.5,0.0,19.8,June,2023
13873,Rangareddy,Nandigam,2023-06-13,0.0,24.9,35.4,37.7,72.5,0.0,19.5,June,2023
13874,Rangareddy,Nandigam,2023-06-14,0.0,25.3,36.0,33.7,74.7,0.0,21.7,June,2023
13875,Rangareddy,Nandigam,2023-06-15,0.0,25.2,34.9,34.9,71.6,4.9,22.4,June,2023
13876,Rangareddy,Nandigam,2023-06-16,0.0,25.4,36.0,33.3,67.2,0.4,24.6,June,2023
13877,Rangareddy,Nandigam,2023-06-17,0.0,25.6,36.3,33.9,72.5,0.0,21.5,June,2023
13878,Rangareddy,Nandigam,2023-06-18,0.0,26.5,36.0,37.5,66.3,0.0,25.0,June,2023
13879,Rangareddy,Nandigam,2023-06-19,0.3,25.3,36.1,36.3,80.0,0.0,19.2,June,2023
13880,Rangareddy,Nandigam,2023-06-20,0.0,27.0,35.9,37.7,58.3,0.0,20.5,June,2023
13881,Rangareddy,Nandigam,2023-06-21,17.7,24.8,36.4,38.5,86.9,0.0,17.5,June,2023
13882,Rangareddy,Nandigam,2023-06-22,5.0,24.2,35.7,41.3,88.4,0.0,22.9,June,2023
13883,Rangareddy,Nandigam,2023-06-23,2.3,23.2,34.2,45.4,95.9,0.0,18.0,June,2023
13884,Rangareddy,Nandigam,2023-06-24,13.9,23.0,32.3,53.5,99.5,0.0,14.8,June,2023
13885,Rangareddy,Nandigam,2023-06-25,30.8,21.9,30.3,64.5,100.0,0.0,21.0,June,2023
13886,Rangareddy,Nandigam,2023-06-26,5.1,23.8,30.8,61.2,97.7,3.2,21.3,June,2023
13887,Rangareddy,Nandigam,2023-06-27,13.3,20.7,29.2,67.3,100.0,0.0,19.6,June,2023
13888,Rangareddy,Nandigam,2023-06-28,2.1,23.6,29.4,63.1,93.1,0.0,18.6,June,2023
13889,Rangareddy,Nandigam,2023-06-29,0.5,23.1,32.5,56.9,94.0,0.0,18.3,June,2023
13890,Rangareddy,Nandigam,2023-06-30,0.0,23.0,31.1,58.8,87.5,0.0,17.6,June,2023
13891,Rangareddy,Rajendranagar,2023-06-01,0.0,24.9,39.1,28.9,73.9,0.0,10.8,June,2023
13892,Rangareddy,Rajendranagar,2023-06-02,0.0,27.1,40.3,21.0,65.7,0.0,11.6,June,2023
13893,Rangareddy,Rajendranagar,2023-06-03,0.0,29.1,40.5,17.9,44.9,0.0,14.8,June,2023
13894,Rangareddy,Rajendranagar,2023-06-04,0.4,26.2,40.6,20.9,66.7,0.0,14.9,June,2023
13895,Rangareddy,Rajendranagar,2023-06-05,0.1,23.0,37.2,36.1,84.7,2.8,20.6,June,2023
13896,Rangareddy,Rajendranagar,2023-06-06,0.0,25.9,36.5,30.9,64.5,0.0,16.7,June,2023
13897,Rangareddy,Rajendranagar,2023-06-07,0.0,27.7,38.2,26.9,62.5,2.9,16.3,June,2023
13898,Rangareddy,Rajendranagar,2023-06-08,0.0,26.1,39.6,29.1,100.0,4.0,15.4,June,2023
13899,Rangareddy,Rajendranagar,2023-06-09,0.0,26.5,38.4,31.0,71.1,1.6,20.9,June,2023
13900,Rangareddy,Rajendranagar,2023-06-10,0.0,26.4,40.3,26.1,71.3,5.1,20.3,June,2023
13901,Rangareddy,Rajendranagar,2023-06-11,16.1,23.1,40.0,29.2,86.4,3.8,23.1,June,2023
13902,Rangareddy,Rajendranagar,2023-06-12,0.5,26.3,36.4,37.7,72.7,1.6,18.1,June,2023
13903,Rangareddy,Rajendranagar,2023-06-13,0.0,26.2,39.5,26.7,62.8,0.1,19.9,June,2023
13904,Rangareddy,Rajendranagar,2023-06-14,0.0,26.2,40.5,21.7,64.6,4.4,19.3,June,2023
13905,Rangareddy,Rajendranagar,2023-06-15,0.0,26.5,38.4,28.0,64.2,4.6,19.8,June,2023
13906,Rangareddy,Rajendranagar,2023-06-16,0.0,26.5,39.9,23.0,61.6,3.4,19.6,June,2023
13907,Rangareddy,Rajendranagar,2023-06-17,0.0,26.7,40.3,24.2,66.3,0.9,22.1,June,2023
13908,Rangareddy,Rajendranagar,2023-06-18,0.0,27.5,39.9,30.4,63.2,0.0,19.9,June,2023
13909,Rangareddy,Rajendranagar,2023-06-19,0.0,27.6,40.4,26.7,65.4,2.5,18.1,June,2023
13910,Rangareddy,Rajendranagar,2023-06-20,0.0,27.2,39.6,31.7,56.8,0.0,15.4,June,2023
13911,Rangareddy,Rajendranagar,2023-06-21,0.0,26.4,39.3,29.8,72.8,1.2,16.4,June,2023
13912,Rangareddy,Rajendranagar,2023-06-22,3.8,23.8,39.1,31.7,96.5,0.0,14.8,June,2023
13913,Rangareddy,Rajendranagar,2023-06-23,4.4,22.8,34.3,43.6,100.0,0.4,14.2,June,2023
13914,Rangareddy,Rajendranagar,2023-06-24,69.8,23.3,33.0,47.5,100.0,9.3,26.6,June,2023
13915,Rangareddy,Rajendranagar,2023-06-25,31.7,21.9,34.9,52.6,100.0,2.8,17.7,June,2023
13916,Rangareddy,Rajendranagar,2023-06-26,0.0,24.2,32.0,55.7,91.2,7.8,21.5,June,2023
13917,Rangareddy,Rajendranagar,2023-06-27,0.0,23.7,31.7,56.6,89.8,2.3,15.2,June,2023
13918,Rangareddy,Rajendranagar,2023-06-28,0.8,24.3,31.4,56.5,87.6,1.1,18.8,June,2023
13919,Rangareddy,Rajendranagar,2023-06-29,0.1,23.9,33.6,46.8,86.8,2.2,16.6,June,2023
13920,Rangareddy,Rajendranagar,2023-06-30,3.9,23.5,33.3,48.3,93.5,2.5,18.1,June,2023
13921,Rangareddy,Saroornagar,2023-06-01,0.0,25.8,38.8,31.4,68.3,0.0,1.2,June,2023
13922,Rangareddy,Saroornagar,2023-06-02,0.0,27.3,40.5,27.7,61.2,0.1,5.5,June,2023
13923,Rangareddy,Saroornagar,2023-06-03,0.0,28.5,40.8,20.9,58.3,2.0,8.2,June,2023
13924,Rangareddy,Saroornagar,2023-06-04,0.0,28.7,40.9,27.3,55.5,0.0,6.0,June,2023
13925,Rangareddy,Saroornagar,2023-06-05,0.3,24.4,37.9,38.6,82.1,0.3,2.1,June,2023
13926,Rangareddy,Saroornagar,2023-06-06,0.0,26.9,38.0,33.9,84.5,0.0,3.5,June,2023
13927,Rangareddy,Saroornagar,2023-06-07,0.0,28.2,41.9,25.1,79.3,0.2,3.0,June,2023
13928,Rangareddy,Saroornagar,2023-06-08,0.8,27.3,42.2,22.7,82.6,0.5,2.3,June,2023
13929,Rangareddy,Saroornagar,2023-06-09,0.0,27.1,40.5,25.8,80.3,0.2,6.4,June,2023
13930,Rangareddy,Saroornagar,2023-06-10,0.0,26.8,41.4,24.4,67.5,0.5,8.3,June,2023
13931,Rangareddy,Saroornagar,2023-06-11,0.0,25.5,40.9,29.1,75.2,0.7,9.6,June,2023
13932,Rangareddy,Saroornagar,2023-06-12,0.0,26.9,39.7,33.1,67.6,0.3,8.4,June,2023
13933,Rangareddy,Saroornagar,2023-06-13,0.0,27.0,39.8,26.4,63.7,0.3,6.8,June,2023
13934,Rangareddy,Saroornagar,2023-06-14,0.0,27.0,40.7,23.7,72.2,0.1,12.1,June,2023
13935,Rangareddy,Saroornagar,2023-06-15,0.0,27.2,38.3,25.1,63.2,1.7,13.3,June,2023
13936,Rangareddy,Saroornagar,2023-06-16,0.0,27.2,40.5,21.1,60.7,0.2,11.9,June,2023
13937,Rangareddy,Saroornagar,2023-06-17,0.0,27.3,40.1,18.6,64.8,0.2,11.4,June,2023
13938,Rangareddy,Saroornagar,2023-06-18,0.0,27.9,40.6,26.4,61.2,0.0,10.7,June,2023
13939,Rangareddy,Saroornagar,2023-06-19,0.0,28.5,40.4,25.8,61.2,0.0,10.3,June,2023
13940,Rangareddy,Saroornagar,2023-06-20,0.0,28.6,38.8,29.1,56.5,0.0,9.3,June,2023
13941,Rangareddy,Saroornagar,2023-06-21,0.0,27.7,40.5,28.4,67.3,0.0,9.6,June,2023
13942,Rangareddy,Saroornagar,2023-06-22,6.1,23.7,40.9,24.3,89.0,0.5,9.2,June,2023
13943,Rangareddy,Saroornagar,2023-06-23,0.3,23.6,36.5,37.9,92.6,0.1,9.0,June,2023
13944,Rangareddy,Saroornagar,2023-06-24,5.7,24.1,34.3,44.0,94.8,0.1,9.3,June,2023
13945,Rangareddy,Saroornagar,2023-06-25,8.6,22.5,33.8,50.3,98.2,0.1,9.7,June,2023
13946,Rangareddy,Saroornagar,2023-06-26,0.0,24.8,32.6,58.8,89.4,0.0,9.1,June,2023
13947,Rangareddy,Saroornagar,2023-06-27,0.0,24.3,32.6,52.9,86.6,1.0,10.3,June,2023
13948,Rangareddy,Saroornagar,2023-06-28,2.8,24.5,32.1,50.8,91.6,0.8,9.6,June,2023
13949,Rangareddy,Saroornagar,2023-06-29,0.2,24.4,33.9,40.7,85.5,0.1,9.5,June,2023
13950,Rangareddy,Saroornagar,2023-06-30,7.0,24.2,34.3,45.1,92.1,0.0,12.1,June,2023
13951,Rangareddy,Serilingampally,2023-06-01,2.3,23.2,39.4,22.9,83.5,0.0,22.6,June,2023
13952,Rangareddy,Serilingampally,2023-06-02,0.0,26.8,40.8,19.6,65.4,0.1,25.6,June,2023
13953,Rangareddy,Serilingampally,2023-06-03,0.0,28.4,42.3,13.1,46.8,0.0,12.7,June,2023
13954,Rangareddy,Serilingampally,2023-06-04,0.0,26.7,41.9,15.6,57.8,0.1,15.0,June,2023
13955,Rangareddy,Serilingampally,2023-06-05,9.0,21.4,38.6,35.1,96.8,0.3,19.7,June,2023
13956,Rangareddy,Serilingampally,2023-06-06,0.0,25.1,38.0,30.6,79.5,0.0,14.1,June,2023
13957,Rangareddy,Serilingampally,2023-06-07,0.0,27.0,40.5,31.3,65.5,0.3,12.6,June,2023
13958,Rangareddy,Serilingampally,2023-06-08,0.0,25.7,40.0,28.4,72.4,1.3,65.1,June,2023
13959,Rangareddy,Serilingampally,2023-06-09,0.0,25.9,40.7,27.8,72.5,0.2,11.4,June,2023
13960,Rangareddy,Serilingampally,2023-06-10,0.0,25.9,41.0,27.5,73.8,1.0,14.0,June,2023
13961,Rangareddy,Serilingampally,2023-06-11,0.4,25.4,39.6,33.5,75.6,0.7,26.6,June,2023
13962,Rangareddy,Serilingampally,2023-06-12,1.2,25.7,38.8,36.1,82.9,1.1,14.6,June,2023
13963,Rangareddy,Serilingampally,2023-06-13,0.0,25.6,37.9,31.7,75.5,0.4,12.3,June,2023
13964,Rangareddy,Serilingampally,2023-06-14,0.0,26.1,40.2,25.4,76.6,0.4,7.8,June,2023
13965,Rangareddy,Serilingampally,2023-06-15,0.0,25.7,39.0,27.0,68.8,2.2,11.8,June,2023
13966,Rangareddy,Serilingampally,2023-06-16,0.0,25.9,39.1,24.9,63.1,0.7,14.3,June,2023
13967,Rangareddy,Serilingampally,2023-06-17,0.0,26.2,39.1,24.3,69.9,2.4,14.2,June,2023
13968,Rangareddy,Serilingampally,2023-06-18,0.0,27.0,39.1,27.7,65.8,3.1,15.2,June,2023
13969,Rangareddy,Serilingampally,2023-06-19,0.0,27.8,40.4,27.3,63.8,1.9,15.1,June,2023
13970,Rangareddy,Serilingampally,2023-06-20,0.0,26.7,38.1,31.3,62.0,0.0,14.9,June,2023
13971,Rangareddy,Serilingampally,2023-06-21,0.0,26.8,40.7,29.2,72.7,0.7,14.7,June,2023
13972,Rangareddy,Serilingampally,2023-06-22,24.0,23.1,39.4,31.1,97.7,1.9,13.2,June,2023
13973,Rangareddy,Serilingampally,2023-06-23,0.0,24.8,36.5,36.6,86.7,0.9,14.3,June,2023
13974,Rangareddy,Serilingampally,2023-06-24,22.6,23.1,33.5,46.3,99.1,0.0,14.3,June,2023
13975,Rangareddy,Serilingampally,2023-06-25,27.7,21.7,32.9,56.3,100.0,0.9,13.4,June,2023
13976,Rangareddy,Serilingampally,2023-06-26,0.4,23.7,32.3,55.0,91.1,3.5,13.7,June,2023
13977,Rangareddy,Serilingampally,2023-06-27,0.0,23.2,31.6,57.1,92.5,2.6,14.5,June,2023
13978,Rangareddy,Serilingampally,2023-06-28,1.1,23.3,31.6,58.1,95.3,0.6,13.4,June,2023
13979,Rangareddy,Serilingampally,2023-06-29,0.0,23.4,33.0,47.4,86.2,1.9,12.5,June,2023
13980,Rangareddy,Serilingampally,2023-06-30,2.1,23.1,33.5,46.4,99.9,1.6,14.5,June,2023
13981,Rangareddy,Shabad,2023-06-01,0.0,22.3,40.5,23.6,87.4,0.0,9.8,June,2023
13982,Rangareddy,Shabad,2023-06-02,0.0,26.2,40.8,16.3,75.3,0.0,10.2,June,2023
13983,Rangareddy,Shabad,2023-06-03,0.0,24.8,41.5,13.6,49.4,0.0,11.1,June,2023
13984,Rangareddy,Shabad,2023-06-04,6.4,24.0,41.2,19.2,74.5,0.0,10.0,June,2023
13985,Rangareddy,Shabad,2023-06-05,3.9,20.5,38.0,29.6,100.0,0.0,6.5,June,2023
13986,Rangareddy,Shabad,2023-06-06,0.0,23.0,36.6,32.0,86.7,0.0,8.6,June,2023
13987,Rangareddy,Shabad,2023-06-07,4.4,23.8,39.8,25.8,81.6,0.0,11.2,June,2023
13988,Rangareddy,Shabad,2023-06-08,4.8,22.4,38.0,30.3,100.0,0.0,8.7,June,2023
13989,Rangareddy,Shabad,2023-06-09,0.1,24.8,37.9,33.2,84.4,0.0,8.1,June,2023
13990,Rangareddy,Shabad,2023-06-10,3.4,23.3,38.8,34.2,87.9,0.0,9.7,June,2023
13991,Rangareddy,Shabad,2023-06-11,0.0,24.0,37.9,33.7,88.6,0.0,11.5,June,2023
13992,Rangareddy,Shabad,2023-06-12,0.0,25.2,36.2,34.2,78.1,2.1,9.6,June,2023
13993,Rangareddy,Shabad,2023-06-13,0.0,24.3,38.0,28.7,76.3,0.0,10.1,June,2023
13994,Rangareddy,Shabad,2023-06-14,0.0,24.8,38.3,22.0,77.6,0.0,11.0,June,2023
13995,Rangareddy,Shabad,2023-06-15,0.0,24.6,37.5,28.3,74.2,1.4,10.2,June,2023
13996,Rangareddy,Shabad,2023-06-16,0.0,24.8,38.3,24.9,68.1,0.0,10.8,June,2023
13997,Rangareddy,Shabad,2023-06-17,0.0,25.0,38.8,25.6,75.3,0.0,9.4,June,2023
13998,Rangareddy,Shabad,2023-06-18,0.0,25.9,37.1,29.6,67.1,0.0,8.7,June,2023
13999,Rangareddy,Shabad,2023-06-19,0.6,25.4,38.5,26.2,84.6,1.5,9.6,June,2023
14000,Rangareddy,Shabad,2023-06-20,0.0,26.1,37.4,29.0,58.7,0.0,7.5,June,2023
14001,Rangareddy,Shabad,2023-06-21,0.0,25.8,38.2,25.2,69.2,0.0,9.7,June,2023
14002,Rangareddy,Shabad,2023-06-22,10.7,23.6,35.6,33.2,99.4,0.0,10.0,June,2023
14003,Rangareddy,Shabad,2023-06-23,29.2,22.2,35.6,37.5,100.0,0.0,6.9,June,2023
14004,Rangareddy,Shabad,2023-06-24,9.5,22.9,32.9,50.8,100.0,0.0,5.9,June,2023
14005,Rangareddy,Shabad,2023-06-25,50.4,21.7,32.8,54.5,100.0,0.0,12.9,June,2023
14006,Rangareddy,Shabad,2023-06-26,0.6,23.2,31.2,60.1,100.0,0.0,8.3,June,2023
14007,Rangareddy,Shabad,2023-06-27,17.4,20.2,30.0,70.5,100.0,0.0,9.4,June,2023
14008,Rangareddy,Shabad,2023-06-28,2.4,23.2,30.7,61.2,100.0,0.0,10.1,June,2023
14009,Rangareddy,Shabad,2023-06-29,0.9,22.3,32.1,55.0,100.0,0.0,9.3,June,2023
14010,Rangareddy,Shabad,2023-06-30,0.5,22.4,31.7,58.1,100.0,0.0,8.6,June,2023
14011,Rangareddy,Shamshabad,2023-06-01,1.7,25.0,40.0,28.4,65.0,0.0,11.3,June,2023
14012,Rangareddy,Shamshabad,2023-06-02,0.5,26.7,40.9,21.3,67.5,0.1,11.5,June,2023
14013,Rangareddy,Shamshabad,2023-06-03,0.0,27.7,41.2,19.7,44.7,0.0,14.6,June,2023
14014,Rangareddy,Shamshabad,2023-06-04,0.3,26.7,41.2,23.3,60.9,0.0,9.6,June,2023
14015,Rangareddy,Shamshabad,2023-06-05,0.0,20.8,34.3,43.0,93.3,0.0,12.7,June,2023
14016,Rangareddy,Shamshabad,2023-06-06,0.0,25.6,36.5,37.1,82.0,0.0,10.9,June,2023
14017,Rangareddy,Shamshabad,2023-06-07,0.0,26.5,37.5,31.5,66.9,0.0,13.3,June,2023
14018,Rangareddy,Shamshabad,2023-06-08,0.0,25.2,39.5,33.1,74.0,4.0,14.3,June,2023
14019,Rangareddy,Shamshabad,2023-06-09,0.0,25.7,38.6,31.8,72.7,0.0,14.2,June,2023
14020,Rangareddy,Shamshabad,2023-06-10,3.7,21.4,37.9,38.6,86.4,2.7,13.5,June,2023
14021,Rangareddy,Shamshabad,2023-06-11,1.2,24.8,37.2,38.8,78.3,1.3,11.4,June,2023
14022,Rangareddy,Shamshabad,2023-06-12,0.0,25.7,36.0,40.5,78.1,1.9,11.9,June,2023
14023,Rangareddy,Shamshabad,2023-06-13,0.0,25.2,37.6,33.5,70.3,0.0,14.5,June,2023
14024,Rangareddy,Shamshabad,2023-06-14,0.0,25.5,38.1,29.5,71.9,0.0,13.2,June,2023
14025,Rangareddy,Shamshabad,2023-06-15,0.0,25.4,37.3,33.5,75.4,1.2,14.9,June,2023
14026,Rangareddy,Shamshabad,2023-06-16,0.0,25.3,37.6,30.8,67.9,0.0,13.0,June,2023
14027,Rangareddy,Shamshabad,2023-06-17,0.0,25.9,37.6,31.5,69.6,1.5,14.6,June,2023
14028,Rangareddy,Shamshabad,2023-06-18,0.0,26.7,37.1,36.6,70.8,0.0,12.7,June,2023
14029,Rangareddy,Shamshabad,2023-06-19,0.0,26.3,38.9,32.4,71.8,0.2,13.9,June,2023
14030,Rangareddy,Shamshabad,2023-06-20,0.0,26.7,37.5,36.0,69.5,0.0,12.4,June,2023
14031,Rangareddy,Shamshabad,2023-06-21,0.9,24.3,37.4,36.0,85.7,0.9,10.8,June,2023
14032,Rangareddy,Shamshabad,2023-06-22,3.6,22.4,36.2,42.8,94.5,0.3,12.1,June,2023
14033,Rangareddy,Shamshabad,2023-06-23,5.9,21.7,33.0,53.0,99.7,0.0,11.9,June,2023
14034,Rangareddy,Shamshabad,2023-06-24,12.9,22.9,32.9,58.8,99.2,0.0,9.1,June,2023
14035,Rangareddy,Shamshabad,2023-06-25,14.7,21.8,31.9,62.2,99.7,0.1,11.4,June,2023
14036,Rangareddy,Shamshabad,2023-06-26,0.0,23.5,30.8,64.6,95.1,1.3,13.1,June,2023
14037,Rangareddy,Shamshabad,2023-06-27,0.0,22.6,30.0,68.3,95.1,0.0,14.6,June,2023
14038,Rangareddy,Shamshabad,2023-06-28,0.3,23.4,30.7,64.1,93.8,0.0,10.8,June,2023
14039,Rangareddy,Shamshabad,2023-06-29,0.0,22.9,32.3,57.9,92.8,0.0,15.5,June,2023
14040,Rangareddy,Shamshabad,2023-06-30,0.8,22.7,32.0,58.8,88.8,2.2,10.8,June,2023
14041,Rangareddy,Shankarpalle,2023-06-01,0.0,25.8,38.6,24.0,60.8,0.0,11.4,June,2023
14042,Rangareddy,Shankarpalle,2023-06-02,0.0,27.0,40.3,16.8,68.7,0.0,5.0,June,2023
14043,Rangareddy,Shankarpalle,2023-06-03,0.0,27.4,40.3,12.2,49.2,0.0,9.9,June,2023
14044,Rangareddy,Shankarpalle,2023-06-04,1.5,25.0,40.8,14.8,63.2,0.0,11.4,June,2023
14045,Rangareddy,Shankarpalle,2023-06-05,2.9,20.7,36.5,34.4,97.3,0.0,13.6,June,2023
14046,Rangareddy,Shankarpalle,2023-06-06,0.0,25.4,36.2,30.7,70.4,0.0,8.7,June,2023
14047,Rangareddy,Shankarpalle,2023-06-07,2.6,25.8,38.9,26.9,73.0,0.0,8.9,June,2023
14048,Rangareddy,Shankarpalle,2023-06-08,0.0,25.2,39.3,25.6,78.3,0.0,15.0,June,2023
14049,Rangareddy,Shankarpalle,2023-06-09,0.0,25.8,38.4,24.4,75.2,0.0,14.6,June,2023
14050,Rangareddy,Shankarpalle,2023-06-10,1.2,25.3,37.2,33.4,77.9,0.0,14.4,June,2023
14051,Rangareddy,Shankarpalle,2023-06-11,0.0,24.9,36.8,33.8,81.4,0.0,13.4,June,2023
14052,Rangareddy,Shankarpalle,2023-06-12,0.0,25.8,36.4,35.9,77.7,0.0,13.9,June,2023
14053,Rangareddy,Shankarpalle,2023-06-13,0.0,25.4,36.3,31.4,72.8,0.0,16.2,June,2023
14054,Rangareddy,Shankarpalle,2023-06-14,0.0,25.6,37.0,23.1,73.7,0.0,13.7,June,2023
14055,Rangareddy,Shankarpalle,2023-06-15,0.0,25.4,36.7,29.8,71.2,0.0,15.2,June,2023
14056,Rangareddy,Shankarpalle,2023-06-16,0.0,25.7,37.7,23.3,67.4,0.0,14.5,June,2023
14057,Rangareddy,Shankarpalle,2023-06-17,0.0,25.8,37.5,23.3,73.2,0.0,11.9,June,2023
14058,Rangareddy,Shankarpalle,2023-06-18,0.0,26.6,36.7,31.7,68.7,0.0,15.2,June,2023
14059,Rangareddy,Shankarpalle,2023-06-19,0.0,26.7,38.3,25.3,68.7,0.0,11.9,June,2023
14060,Rangareddy,Shankarpalle,2023-06-20,0.0,26.8,36.7,31.4,60.4,0.0,9.5,June,2023
14061,Rangareddy,Shankarpalle,2023-06-21,0.0,27.3,37.6,28.0,64.6,0.0,11.5,June,2023
14062,Rangareddy,Shankarpalle,2023-06-22,0.0,25.2,36.6,34.1,83.7,0.0,13.0,June,2023
14063,Rangareddy,Shankarpalle,2023-06-23,0.6,23.9,35.5,35.0,83.9,0.0,12.2,June,2023
14064,Rangareddy,Shankarpalle,2023-06-24,32.8,23.2,33.1,49.1,100.0,0.0,7.6,June,2023
14065,Rangareddy,Shankarpalle,2023-06-25,35.5,22.1,30.5,70.7,100.0,0.0,10.8,June,2023
14066,Rangareddy,Shankarpalle,2023-06-26,0.0,23.6,30.8,70.2,100.0,0.0,13.5,June,2023
14067,Rangareddy,Shankarpalle,2023-06-27,0.2,22.9,30.4,69.3,100.0,0.0,12.7,June,2023
14068,Rangareddy,Shankarpalle,2023-06-28,0.0,23.7,30.7,66.6,98.2,0.0,12.6,June,2023
14069,Rangareddy,Shankarpalle,2023-06-29,0.0,23.3,32.2,57.5,92.6,0.0,14.7,June,2023
14070,Rangareddy,Shankarpalle,2023-06-30,3.5,22.8,32.9,57.5,94.1,0.0,12.7,June,2023
14071,Rangareddy,Talakondapalle,2023-06-01,3.3,22.5,39.8,31.2,90.5,0.0,10.2,June,2023
14072,Rangareddy,Talakondapalle,2023-06-02,0.0,23.2,39.7,29.2,80.6,0.0,7.0,June,2023
14073,Rangareddy,Talakondapalle,2023-06-03,0.0,24.2,39.5,22.7,65.3,0.0,8.8,June,2023
14074,Rangareddy,Talakondapalle,2023-06-04,0.3,26.4,40.8,25.4,73.4,0.0,7.7,June,2023
14075,Rangareddy,Talakondapalle,2023-06-05,0.0,20.9,33.0,51.9,87.6,0.9,10.7,June,2023
14076,Rangareddy,Talakondapalle,2023-06-06,0.0,22.8,37.4,33.3,83.5,0.0,10.1,June,2023
14077,Rangareddy,Talakondapalle,2023-06-07,1.5,26.1,38.5,33.3,82.9,0.0,9.8,June,2023
14078,Rangareddy,Talakondapalle,2023-06-08,0.0,25.9,39.4,34.2,79.6,0.0,5.5,June,2023
14079,Rangareddy,Talakondapalle,2023-06-09,0.0,24.8,38.8,34.3,81.1,0.0,13.7,June,2023
14080,Rangareddy,Talakondapalle,2023-06-10,0.0,25.9,39.3,36.1,80.7,0.8,10.7,June,2023
14081,Rangareddy,Talakondapalle,2023-06-11,0.0,25.9,37.5,35.8,78.4,1.6,14.1,June,2023
14082,Rangareddy,Talakondapalle,2023-06-12,0.3,24.8,37.6,39.9,91.7,0.8,13.4,June,2023
14083,Rangareddy,Talakondapalle,2023-06-13,0.0,25.8,37.3,36.4,74.0,0.9,10.4,June,2023
14084,Rangareddy,Talakondapalle,2023-06-14,0.0,26.0,37.5,33.9,74.8,0.9,12.5,June,2023
14085,Rangareddy,Talakondapalle,2023-06-15,0.0,26.0,37.4,33.9,68.0,1.4,10.5,June,2023
14086,Rangareddy,Talakondapalle,2023-06-16,0.0,26.0,38.0,29.2,62.8,1.0,13.0,June,2023
14087,Rangareddy,Talakondapalle,2023-06-17,0.0,26.0,38.2,27.6,70.1,0.5,11.6,June,2023
14088,Rangareddy,Talakondapalle,2023-06-18,0.0,27.1,38.5,32.7,67.5,0.1,15.6,June,2023
14089,Rangareddy,Talakondapalle,2023-06-19,4.0,25.8,38.2,30.6,86.4,0.1,12.3,June,2023
14090,Rangareddy,Talakondapalle,2023-06-20,0.0,24.9,37.5,37.8,72.5,0.0,12.6,June,2023
14091,Rangareddy,Talakondapalle,2023-06-21,0.0,24.7,38.3,35.8,86.7,0.1,9.0,June,2023
14092,Rangareddy,Talakondapalle,2023-06-22,1.9,23.9,37.6,38.1,93.9,0.2,10.1,June,2023
14093,Rangareddy,Talakondapalle,2023-06-23,30.7,22.3,34.4,45.2,100.0,0.0,10.8,June,2023
14094,Rangareddy,Talakondapalle,2023-06-24,3.8,23.9,32.7,57.5,98.6,0.0,10.9,June,2023
14095,Rangareddy,Talakondapalle,2023-06-25,3.6,22.1,30.2,70.0,99.3,0.0,10.6,June,2023
14096,Rangareddy,Talakondapalle,2023-06-26,0.0,23.6,31.2,65.0,97.9,0.8,10.8,June,2023
14097,Rangareddy,Talakondapalle,2023-06-27,0.0,23.0,29.7,70.2,96.3,0.8,7.9,June,2023
14098,Rangareddy,Talakondapalle,2023-06-28,1.3,24.0,31.2,60.8,92.1,0.8,9.2,June,2023
14099,Rangareddy,Talakondapalle,2023-06-29,13.3,22.5,32.8,58.4,98.5,0.2,10.2,June,2023
14100,Rangareddy,Talakondapalle,2023-06-30,0.0,23.1,32.4,62.9,92.0,1.1,9.7,June,2023
14101,Rangareddy,Yacharam,2023-06-01,0.1,22.4,38.8,28.6,86.9,0.0,11.3,June,2023
14102,Rangareddy,Yacharam,2023-06-02,0.0,24.6,39.3,25.0,73.5,0.0,15.5,June,2023
14103,Rangareddy,Yacharam,2023-06-03,0.0,25.2,40.5,16.7,68.3,0.0,14.9,June,2023
14104,Rangareddy,Yacharam,2023-06-04,1.7,25.4,39.8,22.2,65.1,0.0,17.6,June,2023
14105,Rangareddy,Yacharam,2023-06-05,0.0,20.8,34.7,38.5,78.1,0.1,16.5,June,2023
14106,Rangareddy,Yacharam,2023-06-06,0.0,24.1,36.1,28.6,73.1,1.4,16.2,June,2023
14107,Rangareddy,Yacharam,2023-06-07,0.0,26.9,38.6,23.1,63.8,0.0,20.6,June,2023
14108,Rangareddy,Yacharam,2023-06-08,0.0,25.8,39.7,27.8,72.4,3.2,21.2,June,2023
14109,Rangareddy,Yacharam,2023-06-09,0.0,26.1,39.6,28.9,72.8,1.4,20.5,June,2023
14110,Rangareddy,Yacharam,2023-06-10,0.0,26.0,39.8,30.9,73.7,11.1,23.1,June,2023
14111,Rangareddy,Yacharam,2023-06-11,0.0,25.8,38.5,33.7,72.8,3.4,20.1,June,2023
14112,Rangareddy,Yacharam,2023-06-12,0.3,26.0,37.7,36.8,78.8,4.4,19.8,June,2023
14113,Rangareddy,Yacharam,2023-06-13,0.0,25.7,38.8,30.6,66.9,1.8,23.1,June,2023
14114,Rangareddy,Yacharam,2023-06-14,0.0,25.9,39.6,27.7,69.9,2.5,24.8,June,2023
14115,Rangareddy,Yacharam,2023-06-15,0.0,25.8,39.0,28.3,67.7,4.0,25.2,June,2023
14116,Rangareddy,Yacharam,2023-06-16,0.0,26.0,39.3,26.8,63.8,0.0,24.3,June,2023
14117,Rangareddy,Yacharam,2023-06-17,0.0,26.0,39.7,27.8,69.4,4.2,19.1,June,2023
14118,Rangareddy,Yacharam,2023-06-18,0.0,27.1,39.0,33.4,64.8,2.7,19.8,June,2023
14119,Rangareddy,Yacharam,2023-06-19,0.3,26.0,38.8,30.6,77.3,1.6,19.4,June,2023
14120,Rangareddy,Yacharam,2023-06-20,0.0,27.5,38.5,36.7,63.2,0.0,19.1,June,2023
14121,Rangareddy,Yacharam,2023-06-21,4.1,23.4,38.7,35.9,93.9,3.1,19.3,June,2023
14122,Rangareddy,Yacharam,2023-06-22,2.3,22.8,37.1,38.3,96.3,5.0,17.0,June,2023
14123,Rangareddy,Yacharam,2023-06-23,29.1,22.1,34.5,48.1,100.0,0.0,19.3,June,2023
14124,Rangareddy,Yacharam,2023-06-24,5.1,22.4,32.1,54.5,98.0,0.0,14.1,June,2023
14125,Rangareddy,Yacharam,2023-06-25,0.9,22.6,32.0,60.4,100.0,0.0,17.7,June,2023
14126,Rangareddy,Yacharam,2023-06-26,0.0,24.0,32.2,54.5,92.3,5.3,20.0,June,2023
14127,Rangareddy,Yacharam,2023-06-27,2.4,21.2,30.2,60.9,94.4,1.5,19.5,June,2023
14128,Rangareddy,Yacharam,2023-06-28,2.2,23.3,32.0,55.5,96.7,2.4,18.6,June,2023
14129,Rangareddy,Yacharam,2023-06-29,8.4,22.9,32.9,51.5,99.3,0.0,15.7,June,2023
14130,Rangareddy,Yacharam,2023-06-30,0.0,23.3,33.1,53.0,86.9,2.9,22.7,June,2023
14131,Sangareddy,28,2023-06-01,0.0,23.9,39.6,26.9,77.7,0.0,8.5,June,2023
14132,Sangareddy,28,2023-06-02,0.0,25.4,40.4,20.2,66.7,0.0,7.1,June,2023
14133,Sangareddy,28,2023-06-03,0.0,27.0,41.6,20.4,48.2,0.0,11.5,June,2023
14134,Sangareddy,28,2023-06-04,2.8,23.8,41.4,23.4,88.4,0.0,9.4,June,2023
14135,Sangareddy,28,2023-06-05,0.0,20.6,39.1,31.1,92.7,0.0,10.5,June,2023
14136,Sangareddy,28,2023-06-06,0.0,25.4,38.4,30.7,68.8,0.0,8.6,June,2023
14137,Sangareddy,28,2023-06-07,6.8,23.6,40.1,26.2,80.0,0.0,9.3,June,2023
14138,Sangareddy,28,2023-06-08,0.0,26.9,39.4,32.1,66.7,0.0,8.4,June,2023
14139,Sangareddy,28,2023-06-09,0.0,27.7,40.0,29.2,58.8,0.0,9.5,June,2023
14140,Sangareddy,28,2023-06-10,0.0,27.1,40.6,26.2,66.2,0.0,10.3,June,2023
14141,Sangareddy,28,2023-06-11,0.0,24.5,39.1,33.3,85.8,0.5,8.9,June,2023
14142,Sangareddy,28,2023-06-12,0.0,26.1,37.3,38.6,68.2,0.0,6.9,June,2023
14143,Sangareddy,28,2023-06-13,0.0,26.5,41.0,26.2,62.5,0.0,6.6,June,2023
14144,Sangareddy,28,2023-06-14,0.0,26.5,41.2,21.7,66.7,0.0,8.5,June,2023
14145,Sangareddy,28,2023-06-15,0.0,26.5,40.8,26.2,63.6,0.0,10.3,June,2023
14146,Sangareddy,28,2023-06-16,0.0,26.9,40.3,24.7,57.7,0.0,9.9,June,2023
14147,Sangareddy,28,2023-06-17,0.0,27.3,40.9,24.7,61.4,0.0,6.4,June,2023
14148,Sangareddy,28,2023-06-18,0.0,28.0,39.6,28.4,57.1,0.0,9.2,June,2023
14149,Sangareddy,28,2023-06-19,0.0,27.8,39.4,29.9,57.6,0.0,10.9,June,2023
14150,Sangareddy,28,2023-06-20,0.0,26.9,38.9,31.1,55.4,0.0,8.2,June,2023
14151,Sangareddy,28,2023-06-21,0.0,28.7,39.3,28.4,54.9,0.0,9.1,June,2023
14152,Sangareddy,28,2023-06-22,2.0,26.3,38.3,34.1,78.9,0.0,11.5,June,2023
14153,Sangareddy,28,2023-06-23,10.3,23.8,36.9,35.5,98.0,0.0,9.3,June,2023
14154,Sangareddy,28,2023-06-24,15.3,23.7,33.4,45.1,97.4,0.0,8.0,June,2023
14155,Sangareddy,28,2023-06-25,2.3,23.6,32.9,57.5,95.7,0.0,7.4,June,2023
14156,Sangareddy,28,2023-06-26,8.0,23.6,33.0,54.7,97.4,0.0,6.9,June,2023
14157,Sangareddy,28,2023-06-27,0.0,23.7,30.2,66.8,96.3,0.0,6.7,June,2023
14158,Sangareddy,28,2023-06-28,12.3,23.3,31.6,60.3,100.0,0.0,7.2,June,2023
14159,Sangareddy,28,2023-06-29,1.3,23.4,33.2,54.2,98.0,0.0,4.9,June,2023
14160,Sangareddy,28,2023-06-30,0.0,24.6,32.4,53.7,79.2,0.0,7.9,June,2023
14161,Sangareddy,Ameenapur,2023-06-01,0.0,25.0,38.1,24.7,77.5,0.0,6.4,June,2023
14162,Sangareddy,Ameenapur,2023-06-02,0.0,27.4,39.9,17.9,58.6,0.0,5.9,June,2023
14163,Sangareddy,Ameenapur,2023-06-03,0.0,28.5,40.6,14.0,40.0,0.0,12.9,June,2023
14164,Sangareddy,Ameenapur,2023-06-04,0.8,25.4,40.5,16.7,57.8,0.0,9.8,June,2023
14165,Sangareddy,Ameenapur,2023-06-05,11.1,22.0,37.7,28.8,100.0,1.0,5.8,June,2023
14166,Sangareddy,Ameenapur,2023-06-06,0.0,24.6,36.7,26.8,77.5,0.0,11.3,June,2023
14167,Sangareddy,Ameenapur,2023-06-07,0.0,28.0,38.0,28.8,57.1,0.4,10.2,June,2023
14168,Sangareddy,Ameenapur,2023-06-08,0.0,24.0,38.2,26.1,65.6,0.0,9.3,June,2023
14169,Sangareddy,Ameenapur,2023-06-09,0.0,26.5,37.9,26.1,65.6,0.0,12.3,June,2023
14170,Sangareddy,Ameenapur,2023-06-10,0.0,26.6,38.5,23.4,67.0,0.0,14.9,June,2023
14171,Sangareddy,Ameenapur,2023-06-11,0.0,25.9,39.3,29.1,69.7,0.0,15.3,June,2023
14172,Sangareddy,Ameenapur,2023-06-12,0.0,27.0,38.7,26.8,65.8,0.6,13.6,June,2023
14173,Sangareddy,Ameenapur,2023-06-13,0.0,26.5,38.9,24.0,62.0,0.0,13.7,June,2023
14174,Sangareddy,Ameenapur,2023-06-14,0.0,26.7,38.9,19.9,64.1,0.6,16.4,June,2023
14175,Sangareddy,Ameenapur,2023-06-15,0.0,26.3,38.5,24.0,61.6,1.3,15.3,June,2023
14176,Sangareddy,Ameenapur,2023-06-16,0.0,26.7,39.2,22.0,58.4,0.0,13.2,June,2023
14177,Sangareddy,Ameenapur,2023-06-17,0.0,27.0,39.7,20.2,62.7,0.0,13.8,June,2023
14178,Sangareddy,Ameenapur,2023-06-18,0.0,27.7,38.5,27.5,60.4,0.0,15.0,June,2023
14179,Sangareddy,Ameenapur,2023-06-19,0.0,28.4,39.5,24.3,60.5,0.0,12.9,June,2023
14180,Sangareddy,Ameenapur,2023-06-20,0.0,27.7,37.8,28.1,55.6,0.0,9.8,June,2023
14181,Sangareddy,Ameenapur,2023-06-21,0.0,27.2,38.4,24.7,72.4,0.1,10.7,June,2023
14182,Sangareddy,Ameenapur,2023-06-22,14.0,23.1,37.9,28.8,100.0,0.6,12.4,June,2023
14183,Sangareddy,Ameenapur,2023-06-23,0.0,24.9,35.2,41.2,85.1,0.0,11.4,June,2023
14184,Sangareddy,Ameenapur,2023-06-24,41.6,23.5,32.9,46.9,100.0,0.2,11.1,June,2023
14185,Sangareddy,Ameenapur,2023-06-25,24.0,21.9,31.4,65.2,100.0,0.3,8.5,June,2023
14186,Sangareddy,Ameenapur,2023-06-26,0.0,24.2,31.4,63.1,100.0,0.0,10.2,June,2023
14187,Sangareddy,Ameenapur,2023-06-27,0.8,23.8,30.6,67.6,100.0,0.3,8.9,June,2023
14188,Sangareddy,Ameenapur,2023-06-28,6.2,23.2,31.3,61.6,100.0,0.3,10.3,June,2023
14189,Sangareddy,Ameenapur,2023-06-29,0.0,23.7,32.6,55.8,99.8,0.1,10.9,June,2023
14190,Sangareddy,Ameenapur,2023-06-30,0.4,23.4,32.5,58.4,88.5,0.8,10.2,June,2023
14191,Sangareddy,Andhole,2023-06-01,0.0,22.6,39.9,24.0,80.3,0.0,13.3,June,2023
14192,Sangareddy,Andhole,2023-06-02,0.0,26.0,39.9,13.9,70.1,0.0,13.3,June,2023
14193,Sangareddy,Andhole,2023-06-03,0.0,25.2,41.4,12.5,54.3,0.0,14.3,June,2023
14194,Sangareddy,Andhole,2023-06-04,0.0,27.2,40.7,18.9,73.5,0.0,9.9,June,2023
14195,Sangareddy,Andhole,2023-06-05,0.4,20.6,38.7,33.8,100.0,0.0,14.1,June,2023
14196,Sangareddy,Andhole,2023-06-06,0.0,24.9,37.7,33.1,79.2,0.0,11.3,June,2023
14197,Sangareddy,Andhole,2023-06-07,0.0,26.4,39.6,30.0,70.6,0.0,11.9,June,2023
14198,Sangareddy,Andhole,2023-06-08,0.0,25.5,39.2,33.7,100.0,0.0,15.1,June,2023
14199,Sangareddy,Andhole,2023-06-09,0.0,26.7,40.4,29.2,74.5,0.0,14.2,June,2023
14200,Sangareddy,Andhole,2023-06-10,3.8,25.8,38.7,35.6,93.5,0.2,14.2,June,2023
14201,Sangareddy,Andhole,2023-06-11,2.5,25.4,38.5,33.7,100.0,0.0,15.0,June,2023
14202,Sangareddy,Andhole,2023-06-12,0.0,26.3,37.8,40.3,92.0,0.7,14.5,June,2023
14203,Sangareddy,Andhole,2023-06-13,0.0,26.4,38.5,33.7,73.9,0.0,12.7,June,2023
14204,Sangareddy,Andhole,2023-06-14,0.0,26.2,38.9,27.3,78.8,0.0,14.7,June,2023
14205,Sangareddy,Andhole,2023-06-15,0.0,26.1,37.6,34.2,76.5,1.7,15.5,June,2023
14206,Sangareddy,Andhole,2023-06-16,0.0,26.2,37.9,30.8,71.4,1.8,15.1,June,2023
14207,Sangareddy,Andhole,2023-06-17,0.0,26.6,38.7,26.6,80.4,0.5,13.8,June,2023
14208,Sangareddy,Andhole,2023-06-18,0.0,27.7,37.9,36.4,71.7,0.0,15.1,June,2023
14209,Sangareddy,Andhole,2023-06-19,3.9,24.3,39.5,29.7,72.0,0.0,14.5,June,2023
14210,Sangareddy,Andhole,2023-06-20,0.0,26.7,38.6,32.3,67.3,0.0,11.9,June,2023
14211,Sangareddy,Andhole,2023-06-21,0.0,27.8,38.8,30.2,66.4,0.0,13.4,June,2023
14212,Sangareddy,Andhole,2023-06-22,5.6,24.1,37.4,35.1,100.0,0.0,13.7,June,2023
14213,Sangareddy,Andhole,2023-06-23,17.5,23.1,35.6,42.6,100.0,0.0,15.2,June,2023
14214,Sangareddy,Andhole,2023-06-24,7.2,24.7,32.8,54.9,100.0,0.0,11.3,June,2023
14215,Sangareddy,Andhole,2023-06-25,16.2,22.8,30.6,70.9,99.5,0.0,13.7,June,2023
14216,Sangareddy,Andhole,2023-06-26,0.9,24.2,32.4,66.9,100.0,2.7,13.2,June,2023
14217,Sangareddy,Andhole,2023-06-27,4.9,23.1,29.8,83.1,100.0,0.0,16.5,June,2023
14218,Sangareddy,Andhole,2023-06-28,18.2,23.1,30.9,68.6,100.0,0.9,11.4,June,2023
14219,Sangareddy,Andhole,2023-06-29,5.6,23.1,32.0,66.8,100.0,0.0,12.9,June,2023
14220,Sangareddy,Andhole,2023-06-30,0.2,23.7,32.7,62.0,100.0,0.6,15.5,June,2023
14221,Sangareddy,Chowtakur,2023-06-01,0.0,26.9,38.2,32.6,62.3,0.0,6.5,June,2023
14222,Sangareddy,Chowtakur,2023-06-02,0.0,28.4,39.6,27.3,58.3,0.0,6.0,June,2023
14223,Sangareddy,Chowtakur,2023-06-03,0.0,29.8,39.7,23.0,44.3,0.0,9.0,June,2023
14224,Sangareddy,Chowtakur,2023-06-04,0.0,28.5,39.4,27.6,56.7,0.0,8.8,June,2023
14225,Sangareddy,Chowtakur,2023-06-05,0.5,24.4,37.1,38.8,71.6,0.1,9.2,June,2023
14226,Sangareddy,Chowtakur,2023-06-06,0.0,27.7,35.8,34.2,58.5,0.0,8.3,June,2023
14227,Sangareddy,Chowtakur,2023-06-07,0.0,27.9,37.5,35.5,71.5,0.0,10.4,June,2023
14228,Sangareddy,Chowtakur,2023-06-08,2.4,26.6,38.6,34.0,64.1,1.2,9.0,June,2023
14229,Sangareddy,Chowtakur,2023-06-09,0.0,27.0,37.4,36.2,63.4,0.0,9.0,June,2023
14230,Sangareddy,Chowtakur,2023-06-10,45.1,27.0,37.3,37.3,64.8,0.1,10.0,June,2023
14231,Sangareddy,Chowtakur,2023-06-11,0.0,26.4,36.3,40.3,65.7,1.2,9.9,June,2023
14232,Sangareddy,Chowtakur,2023-06-12,0.0,27.3,35.7,40.7,64.4,0.1,8.7,June,2023
14233,Sangareddy,Chowtakur,2023-06-13,0.0,26.7,38.0,42.6,81.8,0.0,8.9,June,2023
14234,Sangareddy,Chowtakur,2023-06-14,0.0,26.9,38.0,39.5,82.3,0.0,17.8,June,2023
14235,Sangareddy,Chowtakur,2023-06-15,0.0,26.7,36.9,31.4,62.1,1.1,13.8,June,2023
14236,Sangareddy,Chowtakur,2023-06-16,0.0,27.1,36.8,31.3,57.0,0.0,13.2,June,2023
14237,Sangareddy,Chowtakur,2023-06-17,0.0,27.2,37.1,31.1,61.3,0.0,13.3,June,2023
14238,Sangareddy,Chowtakur,2023-06-18,0.0,28.0,36.7,36.1,58.7,0.0,14.1,June,2023
14239,Sangareddy,Chowtakur,2023-06-19,0.0,25.3,37.3,31.3,75.7,0.0,12.8,June,2023
14240,Sangareddy,Chowtakur,2023-06-20,0.0,28.4,36.3,37.8,59.4,0.0,10.0,June,2023
14241,Sangareddy,Chowtakur,2023-06-21,0.0,27.5,37.9,35.4,66.4,0.0,10.5,June,2023
14242,Sangareddy,Chowtakur,2023-06-22,0.5,23.1,36.8,37.2,93.1,0.0,11.0,June,2023
14243,Sangareddy,Chowtakur,2023-06-23,10.5,25.9,34.2,49.0,74.9,0.0,11.2,June,2023
14244,Sangareddy,Chowtakur,2023-06-24,4.6,23.3,32.4,55.8,92.7,0.0,9.7,June,2023
14245,Sangareddy,Chowtakur,2023-06-25,16.8,22.0,31.0,64.0,94.0,0.0,8.7,June,2023
14246,Sangareddy,Chowtakur,2023-06-26,0.0,24.1,30.5,62.8,92.8,0.0,10.4,June,2023
14247,Sangareddy,Chowtakur,2023-06-27,1.2,24.0,30.1,65.0,85.0,0.4,9.9,June,2023
14248,Sangareddy,Chowtakur,2023-06-28,7.2,24.1,30.7,63.1,87.9,0.0,13.5,June,2023
14249,Sangareddy,Chowtakur,2023-06-29,2.1,23.9,31.7,59.4,78.6,0.0,12.3,June,2023
14250,Sangareddy,Chowtakur,2023-06-30,0.0,23.6,31.4,61.1,85.3,0.2,11.4,June,2023
14251,Sangareddy,Gummadidala,2023-06-01,0.0,23.2,38.2,31.9,78.7,0.0,9.7,June,2023
14252,Sangareddy,Gummadidala,2023-06-02,0.0,25.1,39.7,25.4,68.1,0.0,10.3,June,2023
14253,Sangareddy,Gummadidala,2023-06-03,0.0,27.3,40.3,20.6,48.9,0.0,15.2,June,2023
14254,Sangareddy,Gummadidala,2023-06-04,0.0,26.2,41.1,22.6,66.6,0.0,12.3,June,2023
14255,Sangareddy,Gummadidala,2023-06-05,0.0,21.2,38.5,33.3,85.0,0.0,16.7,June,2023
14256,Sangareddy,Gummadidala,2023-06-06,0.0,23.7,37.4,30.6,73.1,0.0,14.3,June,2023
14257,Sangareddy,Gummadidala,2023-06-07,0.0,24.4,39.5,32.6,79.8,0.0,15.4,June,2023
14258,Sangareddy,Gummadidala,2023-06-08,0.0,24.8,39.3,29.2,75.3,1.5,13.3,June,2023
14259,Sangareddy,Gummadidala,2023-06-09,0.0,25.1,39.1,29.9,72.2,0.0,13.9,June,2023
14260,Sangareddy,Gummadidala,2023-06-10,0.0,25.5,39.3,33.7,72.2,0.0,15.0,June,2023
14261,Sangareddy,Gummadidala,2023-06-11,0.0,24.9,38.8,36.0,78.0,2.2,16.6,June,2023
14262,Sangareddy,Gummadidala,2023-06-12,0.0,25.4,37.1,36.5,78.5,0.0,16.4,June,2023
14263,Sangareddy,Gummadidala,2023-06-13,0.0,25.1,38.0,34.0,69.5,1.8,14.6,June,2023
14264,Sangareddy,Gummadidala,2023-06-14,0.0,25.2,39.1,26.7,70.4,0.8,16.8,June,2023
14265,Sangareddy,Gummadidala,2023-06-15,0.0,25.4,37.9,33.5,70.0,0.0,8.4,June,2023
14266,Sangareddy,Gummadidala,2023-06-16,0.0,25.5,38.3,27.2,64.0,1.7,12.7,June,2023
14267,Sangareddy,Gummadidala,2023-06-17,0.0,26.0,38.8,27.8,66.4,2.1,15.4,June,2023
14268,Sangareddy,Gummadidala,2023-06-18,0.0,26.8,38.2,34.6,64.1,0.0,18.8,June,2023
14269,Sangareddy,Gummadidala,2023-06-19,0.8,26.3,38.6,29.5,71.7,0.0,15.9,June,2023
14270,Sangareddy,Gummadidala,2023-06-20,0.0,26.3,36.9,36.5,68.3,0.0,14.6,June,2023
14271,Sangareddy,Gummadidala,2023-06-21,0.0,25.7,38.2,32.6,72.2,0.3,14.6,June,2023
14272,Sangareddy,Gummadidala,2023-06-22,4.2,23.3,37.7,34.0,94.2,4.6,14.8,June,2023
14273,Sangareddy,Gummadidala,2023-06-23,4.9,22.6,34.3,45.3,100.0,1.2,15.2,June,2023
14274,Sangareddy,Gummadidala,2023-06-24,26.7,23.0,33.0,52.7,100.0,0.0,12.6,June,2023
14275,Sangareddy,Gummadidala,2023-06-25,23.1,21.5,29.6,72.3,100.0,1.7,11.7,June,2023
14276,Sangareddy,Gummadidala,2023-06-26,0.0,22.8,30.7,64.2,99.2,5.0,14.4,June,2023
14277,Sangareddy,Gummadidala,2023-06-27,3.1,22.4,29.3,76.4,100.0,1.5,10.1,June,2023
14278,Sangareddy,Gummadidala,2023-06-28,12.3,22.0,31.0,64.2,100.0,1.5,13.2,June,2023
14279,Sangareddy,Gummadidala,2023-06-29,10.7,21.4,31.9,60.3,100.0,0.4,12.7,June,2023
14280,Sangareddy,Gummadidala,2023-06-30,0.0,22.5,32.2,59.8,91.4,3.9,13.1,June,2023
14281,Sangareddy,Hathanoora,2023-06-01,0.0,23.5,40.3,22.4,79.3,0.6,12.8,June,2023
14282,Sangareddy,Hathanoora,2023-06-02,0.0,25.8,41.0,16.6,64.3,1.5,13.3,June,2023
14283,Sangareddy,Hathanoora,2023-06-03,0.0,25.9,40.7,12.2,48.2,0.4,14.3,June,2023
14284,Sangareddy,Hathanoora,2023-06-04,0.0,25.8,41.5,16.0,71.4,0.0,15.2,June,2023
14285,Sangareddy,Hathanoora,2023-06-05,0.6,20.9,39.6,26.9,100.0,0.0,14.1,June,2023
14286,Sangareddy,Hathanoora,2023-06-06,0.0,23.9,38.1,22.8,77.5,0.0,11.3,June,2023
14287,Sangareddy,Hathanoora,2023-06-07,0.3,26.3,39.2,28.8,64.3,0.0,11.9,June,2023
14288,Sangareddy,Hathanoora,2023-06-08,1.8,24.6,40.4,23.0,77.4,7.1,19.6,June,2023
14289,Sangareddy,Hathanoora,2023-06-09,1.1,25.2,38.8,27.5,71.5,1.6,9.4,June,2023
14290,Sangareddy,Hathanoora,2023-06-10,2.7,24.8,37.9,30.5,83.4,10.9,24.9,June,2023
14291,Sangareddy,Hathanoora,2023-06-11,2.0,24.8,38.9,25.6,82.5,6.4,15.1,June,2023
14292,Sangareddy,Hathanoora,2023-06-12,0.0,25.5,37.7,31.1,78.4,0.0,14.9,June,2023
14293,Sangareddy,Hathanoora,2023-06-13,0.0,25.3,38.1,26.7,64.4,0.0,13.7,June,2023
14294,Sangareddy,Hathanoora,2023-06-14,0.0,25.7,38.8,19.0,69.9,9.6,15.9,June,2023
14295,Sangareddy,Hathanoora,2023-06-15,0.0,25.8,38.9,21.5,67.5,5.3,17.4,June,2023
14296,Sangareddy,Hathanoora,2023-06-16,0.0,25.8,39.8,19.9,63.3,0.7,15.8,June,2023
14297,Sangareddy,Hathanoora,2023-06-17,0.0,26.9,39.9,18.6,67.1,0.0,14.7,June,2023
14298,Sangareddy,Hathanoora,2023-06-18,0.0,27.5,38.7,24.7,62.8,0.0,14.0,June,2023
14299,Sangareddy,Hathanoora,2023-06-19,0.0,27.6,39.3,22.4,64.3,0.0,11.6,June,2023
14300,Sangareddy,Hathanoora,2023-06-20,0.0,26.2,39.6,23.7,62.3,0.9,19.0,June,2023
14301,Sangareddy,Hathanoora,2023-06-21,0.0,27.3,39.5,21.8,63.8,4.9,14.9,June,2023
14302,Sangareddy,Hathanoora,2023-06-22,1.9,24.3,39.6,23.0,95.1,4.0,14.5,June,2023
14303,Sangareddy,Hathanoora,2023-06-23,10.1,23.2,38.0,33.0,100.0,2.2,11.7,June,2023
14304,Sangareddy,Hathanoora,2023-06-24,9.6,23.9,34.0,45.9,100.0,10.0,12.9,June,2023
14305,Sangareddy,Hathanoora,2023-06-25,14.5,22.4,31.8,75.1,100.0,0.7,15.2,June,2023
14306,Sangareddy,Hathanoora,2023-06-26,0.0,24.1,32.3,61.8,98.5,5.4,15.0,June,2023
14307,Sangareddy,Hathanoora,2023-06-27,0.7,23.3,30.1,69.9,100.0,0.3,15.4,June,2023
14308,Sangareddy,Hathanoora,2023-06-28,10.2,22.9,31.0,62.8,100.0,0.5,16.3,June,2023
14309,Sangareddy,Hathanoora,2023-06-29,12.2,23.1,32.5,61.3,100.0,0.4,14.8,June,2023
14310,Sangareddy,Hathanoora,2023-06-30,0.0,23.4,32.7,58.0,93.2,4.4,17.1,June,2023
14311,Sangareddy,Jharasangam,2023-06-01,0.0,26.1,37.2,35.9,61.8,0.0,6.0,June,2023
14312,Sangareddy,Jharasangam,2023-06-02,0.0,26.8,38.5,28.6,63.3,0.0,8.4,June,2023
14313,Sangareddy,Jharasangam,2023-06-03,0.0,28.1,39.5,26.5,52.6,0.0,8.4,June,2023
14314,Sangareddy,Jharasangam,2023-06-04,5.9,22.8,40.5,29.4,84.2,0.0,6.5,June,2023
14315,Sangareddy,Jharasangam,2023-06-05,10.6,21.4,37.2,37.4,84.7,0.0,11.3,June,2023
14316,Sangareddy,Jharasangam,2023-06-06,0.0,25.6,35.4,41.8,65.9,0.0,5.8,June,2023
14317,Sangareddy,Jharasangam,2023-06-07,0.0,26.9,37.9,36.2,63.3,0.0,7.8,June,2023
14318,Sangareddy,Jharasangam,2023-06-08,0.0,25.1,38.5,38.5,69.2,0.0,13.1,June,2023
14319,Sangareddy,Jharasangam,2023-06-09,0.0,25.8,37.8,39.2,66.3,0.0,12.0,June,2023
14320,Sangareddy,Jharasangam,2023-06-10,0.9,25.2,38.2,39.8,72.5,3.4,14.6,June,2023
14321,Sangareddy,Jharasangam,2023-06-11,9.3,22.2,37.3,36.5,85.7,0.0,11.8,June,2023
14322,Sangareddy,Jharasangam,2023-06-12,0.0,25.1,35.3,47.7,73.9,0.0,13.6,June,2023
14323,Sangareddy,Jharasangam,2023-06-13,0.0,24.8,35.8,41.2,69.2,0.0,12.9,June,2023
14324,Sangareddy,Jharasangam,2023-06-14,0.0,24.4,36.6,35.9,73.4,0.0,12.4,June,2023
14325,Sangareddy,Jharasangam,2023-06-15,0.0,24.6,36.5,37.6,71.1,0.0,13.5,June,2023
14326,Sangareddy,Jharasangam,2023-06-16,0.0,25.0,37.5,36.8,66.8,0.0,11.8,June,2023
14327,Sangareddy,Jharasangam,2023-06-17,0.0,25.1,36.5,37.6,70.6,0.0,12.1,June,2023
14328,Sangareddy,Jharasangam,2023-06-18,0.0,25.8,35.6,42.4,68.2,0.0,8.4,June,2023
14329,Sangareddy,Jharasangam,2023-06-19,0.5,26.3,37.1,38.2,69.2,0.0,6.1,June,2023
14330,Sangareddy,Jharasangam,2023-06-20,0.0,26.7,36.1,40.0,63.8,0.0,8.8,June,2023
14331,Sangareddy,Jharasangam,2023-06-21,0.0,27.2,36.9,35.3,64.9,0.0,9.4,June,2023
14332,Sangareddy,Jharasangam,2023-06-22,0.0,26.8,37.2,38.5,68.3,0.0,9.9,June,2023
14333,Sangareddy,Jharasangam,2023-06-23,2.3,23.3,35.8,44.1,88.5,0.0,11.1,June,2023
14334,Sangareddy,Jharasangam,2023-06-24,20.1,23.6,33.5,50.2,90.8,0.0,8.5,June,2023
14335,Sangareddy,Jharasangam,2023-06-25,43.2,22.1,32.7,63.4,90.0,0.0,9.0,June,2023
14336,Sangareddy,Jharasangam,2023-06-26,1.8,23.2,31.1,63.8,87.1,2.7,11.0,June,2023
14337,Sangareddy,Jharasangam,2023-06-27,0.0,22.8,30.7,63.9,85.5,0.0,9.7,June,2023
14338,Sangareddy,Jharasangam,2023-06-28,12.4,22.4,31.1,63.4,91.0,0.0,12.1,June,2023
14339,Sangareddy,Jharasangam,2023-06-29,11.6,22.3,31.8,62.8,91.0,0.0,10.5,June,2023
14340,Sangareddy,Jharasangam,2023-06-30,0.0,22.4,31.0,62.8,83.2,0.0,12.4,June,2023
14341,Sangareddy,Jinnaram,2023-06-01,10.1,22.5,37.9,30.5,81.3,0.0,4.0,June,2023
14342,Sangareddy,Jinnaram,2023-06-02,0.0,24.0,41.1,23.5,79.6,0.0,7.6,June,2023
14343,Sangareddy,Jinnaram,2023-06-03,0.0,24.0,40.8,19.2,64.8,0.0,8.6,June,2023
14344,Sangareddy,Jinnaram,2023-06-04,1.4,23.4,41.5,20.9,82.3,0.0,6.1,June,2023
14345,Sangareddy,Jinnaram,2023-06-05,0.8,20.4,39.2,34.4,95.6,0.0,8.8,June,2023
14346,Sangareddy,Jinnaram,2023-06-06,0.0,22.4,36.9,29.8,85.1,0.0,6.7,June,2023
14347,Sangareddy,Jinnaram,2023-06-07,0.4,25.1,39.1,29.3,71.6,0.0,7.3,June,2023
14348,Sangareddy,Jinnaram,2023-06-08,0.7,23.9,40.1,28.6,76.9,0.0,8.5,June,2023
14349,Sangareddy,Jinnaram,2023-06-09,0.0,25.3,39.8,27.2,70.6,0.0,9.4,June,2023
14350,Sangareddy,Jinnaram,2023-06-10,0.0,25.8,38.9,29.8,71.2,0.0,6.8,June,2023
14351,Sangareddy,Jinnaram,2023-06-11,0.0,24.7,39.8,30.1,78.4,0.0,9.6,June,2023
14352,Sangareddy,Jinnaram,2023-06-12,0.0,26.1,37.3,36.7,71.7,0.0,10.0,June,2023
14353,Sangareddy,Jinnaram,2023-06-13,0.0,25.0,38.6,30.5,68.2,0.0,11.6,June,2023
14354,Sangareddy,Jinnaram,2023-06-14,0.0,26.1,38.7,25.8,57.0,0.0,9.9,June,2023
14355,Sangareddy,Jinnaram,2023-06-15,0.0,26.0,37.7,30.0,66.5,0.0,8.4,June,2023
14356,Sangareddy,Jinnaram,2023-06-16,0.0,25.6,39.2,25.0,62.7,0.0,7.0,June,2023
14357,Sangareddy,Jinnaram,2023-06-17,0.0,26.2,39.3,25.5,66.8,0.0,11.6,June,2023
14358,Sangareddy,Jinnaram,2023-06-18,0.0,26.4,38.5,30.5,67.3,0.0,10.6,June,2023
14359,Sangareddy,Jinnaram,2023-06-19,0.0,27.0,39.8,27.2,62.7,0.0,7.7,June,2023
14360,Sangareddy,Jinnaram,2023-06-20,0.0,24.8,39.3,30.1,69.7,0.0,6.3,June,2023
14361,Sangareddy,Jinnaram,2023-06-21,0.0,26.0,39.9,29.3,70.3,0.0,6.7,June,2023
14362,Sangareddy,Jinnaram,2023-06-22,9.3,23.2,39.6,31.5,92.3,0.0,14.6,June,2023
14363,Sangareddy,Jinnaram,2023-06-23,12.7,23.2,33.8,47.2,93.7,0.0,12.7,June,2023
14364,Sangareddy,Jinnaram,2023-06-24,27.0,23.3,33.0,52.7,97.0,0.0,10.0,June,2023
14365,Sangareddy,Jinnaram,2023-06-25,13.6,21.9,30.1,71.3,96.2,0.0,5.7,June,2023
14366,Sangareddy,Jinnaram,2023-06-26,0.0,23.4,31.7,61.1,90.3,0.0,7.8,June,2023
14367,Sangareddy,Jinnaram,2023-06-27,0.0,22.8,30.3,67.4,94.3,0.0,9.9,June,2023
14368,Sangareddy,Jinnaram,2023-06-28,6.2,22.7,29.7,67.9,96.5,0.0,9.0,June,2023
14369,Sangareddy,Jinnaram,2023-06-29,3.2,22.6,32.0,62.2,94.3,0.0,8.6,June,2023
14370,Sangareddy,Jinnaram,2023-06-30,0.0,22.9,32.6,58.0,85.3,0.0,7.1,June,2023
14371,Sangareddy,Kalher,2023-06-01,0.0,27.7,41.7,23.6,62.7,0.0,10.7,June,2023
14372,Sangareddy,Kalher,2023-06-02,0.0,30.3,43.8,16.9,54.6,0.0,10.9,June,2023
14373,Sangareddy,Kalher,2023-06-03,0.0,30.2,43.8,22.4,54.6,0.0,14.5,June,2023
14374,Sangareddy,Kalher,2023-06-04,0.0,30.7,42.3,23.4,56.7,0.0,12.2,June,2023
14375,Sangareddy,Kalher,2023-06-05,1.1,24.4,38.8,31.4,83.4,0.0,16.9,June,2023
14376,Sangareddy,Kalher,2023-06-06,0.0,29.5,39.3,31.2,62.6,0.0,15.7,June,2023
14377,Sangareddy,Kalher,2023-06-07,0.7,29.7,41.8,26.2,62.9,0.0,15.0,June,2023
14378,Sangareddy,Kalher,2023-06-08,3.2,27.9,41.7,25.5,69.6,0.8,21.4,June,2023
14379,Sangareddy,Kalher,2023-06-09,0.0,30.3,41.8,31.3,58.6,0.0,23.4,June,2023
14380,Sangareddy,Kalher,2023-06-10,0.0,30.3,42.0,26.9,63.5,1.4,12.8,June,2023
14381,Sangareddy,Kalher,2023-06-11,18.0,26.9,39.8,32.2,99.9,0.0,16.2,June,2023
14382,Sangareddy,Kalher,2023-06-12,7.9,26.9,37.4,40.2,85.9,0.5,11.7,June,2023
14383,Sangareddy,Kalher,2023-06-13,0.0,29.5,39.7,32.0,62.2,0.0,1.8,June,2023
14384,Sangareddy,Kalher,2023-06-14,0.0,29.5,39.7,25.4,64.7,0.0,8.5,June,2023
14385,Sangareddy,Kalher,2023-06-15,0.0,29.5,39.9,30.0,63.8,0.0,7.9,June,2023
14386,Sangareddy,Kalher,2023-06-16,0.0,29.5,40.0,26.1,58.1,0.0,6.6,June,2023
14387,Sangareddy,Kalher,2023-06-17,0.0,29.8,39.8,26.0,64.2,0.0,8.8,June,2023
14388,Sangareddy,Kalher,2023-06-18,0.0,30.4,39.9,31.3,59.9,0.0,9.3,June,2023
14389,Sangareddy,Kalher,2023-06-19,0.0,32.0,39.7,30.2,56.8,0.0,7.9,June,2023
14390,Sangareddy,Kalher,2023-06-20,0.0,32.0,39.5,31.2,54.6,0.0,8.5,June,2023
14391,Sangareddy,Kalher,2023-06-21,0.0,29.5,39.9,30.4,56.9,0.0,11.9,June,2023
14392,Sangareddy,Kalher,2023-06-22,0.0,30.2,39.4,34.5,65.9,0.0,12.4,June,2023
14393,Sangareddy,Kalher,2023-06-23,34.3,26.9,38.7,39.7,99.9,0.0,14.2,June,2023
14394,Sangareddy,Kalher,2023-06-24,10.0,26.9,34.3,44.8,99.8,0.0,8.5,June,2023
14395,Sangareddy,Kalher,2023-06-25,2.9,26.9,33.6,70.9,90.1,0.0,9.4,June,2023
14396,Sangareddy,Kalher,2023-06-26,0.7,24.6,34.1,61.7,88.9,0.0,5.6,June,2023
14397,Sangareddy,Kalher,2023-06-27,0.0,24.2,32.0,63.5,99.1,0.0,6.2,June,2023
14398,Sangareddy,Kalher,2023-06-28,6.2,26.9,33.6,63.9,99.9,0.0,9.3,June,2023
14399,Sangareddy,Kalher,2023-06-29,2.9,26.9,33.6,65.2,99.6,0.0,9.8,June,2023
14400,Sangareddy,Kalher,2023-06-30,0.0,24.7,34.2,56.9,77.8,0.0,10.1,June,2023
14401,Sangareddy,Kandi,2023-06-01,0.0,25.6,38.7,32.8,68.7,0.3,6.5,June,2023
14402,Sangareddy,Kandi,2023-06-02,0.0,27.3,39.1,29.1,64.9,0.8,6.3,June,2023
14403,Sangareddy,Kandi,2023-06-03,0.0,28.1,39.8,24.7,49.6,0.2,6.3,June,2023
14404,Sangareddy,Kandi,2023-06-04,2.4,25.9,39.3,29.9,76.2,0.0,15.2,June,2023
14405,Sangareddy,Kandi,2023-06-05,25.5,21.8,37.8,39.2,95.5,0.0,6.0,June,2023
14406,Sangareddy,Kandi,2023-06-06,0.0,25.8,35.6,38.7,72.1,0.0,4.7,June,2023
14407,Sangareddy,Kandi,2023-06-07,0.0,27.0,37.9,36.8,67.5,0.0,0.0,June,2023
14408,Sangareddy,Kandi,2023-06-08,0.3,25.4,37.3,40.1,78.4,3.6,8.3,June,2023
14409,Sangareddy,Kandi,2023-06-09,0.9,25.7,37.6,40.1,74.1,0.0,0.4,June,2023
14410,Sangareddy,Kandi,2023-06-10,0.0,25.7,36.5,36.9,77.3,5.5,12.7,June,2023
14411,Sangareddy,Kandi,2023-06-11,0.0,25.3,36.6,43.5,78.7,3.2,7.4,June,2023
14412,Sangareddy,Kandi,2023-06-12,0.0,26.2,36.4,45.4,77.6,0.0,1.0,June,2023
14413,Sangareddy,Kandi,2023-06-13,0.0,25.5,37.0,41.0,72.8,0.0,0.3,June,2023
14414,Sangareddy,Kandi,2023-06-14,0.0,25.9,37.5,36.0,74.6,4.8,8.3,June,2023
14415,Sangareddy,Kandi,2023-06-15,0.0,25.7,36.4,39.3,73.0,2.7,5.3,June,2023
14416,Sangareddy,Kandi,2023-06-16,0.0,25.7,36.9,35.7,69.0,0.0,0.3,June,2023
14417,Sangareddy,Kandi,2023-06-17,0.0,26.2,37.7,36.3,73.0,0.0,0.1,June,2023
14418,Sangareddy,Kandi,2023-06-18,0.0,27.1,35.9,42.6,68.1,0.0,0.3,June,2023
14419,Sangareddy,Kandi,2023-06-19,0.0,27.5,37.9,38.3,66.7,0.0,0.2,June,2023
14420,Sangareddy,Kandi,2023-06-20,0.0,27.2,36.6,43.3,62.8,0.5,9.6,June,2023
14421,Sangareddy,Kandi,2023-06-21,0.0,27.9,37.1,38.6,64.7,2.5,8.0,June,2023
14422,Sangareddy,Kandi,2023-06-22,7.7,24.5,36.7,42.4,95.4,2.0,7.5,June,2023
14423,Sangareddy,Kandi,2023-06-23,0.0,24.3,32.8,54.7,91.7,1.1,3.1,June,2023
14424,Sangareddy,Kandi,2023-06-24,13.5,24.0,33.0,56.7,98.6,10.0,12.9,June,2023
14425,Sangareddy,Kandi,2023-06-25,8.9,21.8,31.3,71.0,100.0,0.4,7.7,June,2023
14426,Sangareddy,Kandi,2023-06-26,0.0,23.9,30.8,70.3,93.8,2.7,7.7,June,2023
14427,Sangareddy,Kandi,2023-06-27,0.0,23.4,30.7,68.8,98.6,0.2,7.9,June,2023
14428,Sangareddy,Kandi,2023-06-28,7.3,22.6,30.6,68.7,100.0,0.0,8.3,June,2023
14429,Sangareddy,Kandi,2023-06-29,2.8,23.3,31.1,68.5,100.0,0.2,7.7,June,2023
14430,Sangareddy,Kandi,2023-06-30,0.0,23.3,31.6,65.5,91.0,2.2,9.7,June,2023
14431,Sangareddy,Kangti,2023-06-01,0.0,25.8,38.5,30.7,57.1,0.0,10.8,June,2023
14432,Sangareddy,Kangti,2023-06-02,0.0,29.0,39.2,24.7,52.2,0.0,12.8,June,2023
14433,Sangareddy,Kangti,2023-06-03,0.0,28.5,39.2,25.3,50.6,0.0,13.6,June,2023
14434,Sangareddy,Kangti,2023-06-04,0.0,28.2,40.5,27.6,55.1,0.0,10.9,June,2023
14435,Sangareddy,Kangti,2023-06-05,0.7,23.9,38.2,35.4,80.3,0.0,15.4,June,2023
14436,Sangareddy,Kangti,2023-06-06,0.0,28.9,37.0,35.1,57.1,0.0,10.9,June,2023
14437,Sangareddy,Kangti,2023-06-07,0.0,29.5,39.2,30.3,54.1,0.6,14.9,June,2023
14438,Sangareddy,Kangti,2023-06-08,0.0,27.3,39.0,33.4,64.4,1.3,15.6,June,2023
14439,Sangareddy,Kangti,2023-06-09,0.0,27.5,38.9,28.7,59.6,0.0,14.3,June,2023
14440,Sangareddy,Kangti,2023-06-10,0.0,27.2,39.7,31.4,67.7,1.0,14.0,June,2023
14441,Sangareddy,Kangti,2023-06-11,0.0,24.3,37.7,38.5,83.1,0.0,14.3,June,2023
14442,Sangareddy,Kangti,2023-06-12,0.0,26.4,37.4,39.4,68.2,0.5,11.8,June,2023
14443,Sangareddy,Kangti,2023-06-13,0.0,26.2,37.6,35.4,65.4,1.2,10.2,June,2023
14444,Sangareddy,Kangti,2023-06-14,0.0,26.3,38.1,28.7,69.0,1.3,12.9,June,2023
14445,Sangareddy,Kangti,2023-06-15,0.0,26.1,37.6,34.1,67.3,1.5,10.9,June,2023
14446,Sangareddy,Kangti,2023-06-16,0.0,26.4,37.8,32.7,61.5,0.3,12.4,June,2023
14447,Sangareddy,Kangti,2023-06-17,0.0,26.8,37.6,31.4,66.3,2.1,12.7,June,2023
14448,Sangareddy,Kangti,2023-06-18,0.0,27.3,37.4,36.0,62.5,1.5,11.0,June,2023
14449,Sangareddy,Kangti,2023-06-19,0.0,27.7,37.8,34.1,62.5,0.0,14.4,June,2023
14450,Sangareddy,Kangti,2023-06-20,0.0,28.5,37.0,35.1,59.0,0.0,12.7,June,2023
14451,Sangareddy,Kangti,2023-06-21,0.0,28.7,37.8,32.5,60.0,0.0,14.2,June,2023
14452,Sangareddy,Kangti,2023-06-22,3.6,26.3,36.5,37.3,74.0,0.3,13.6,June,2023
14453,Sangareddy,Kangti,2023-06-23,11.7,24.5,35.8,39.0,85.9,0.0,13.7,June,2023
14454,Sangareddy,Kangti,2023-06-24,8.7,24.2,34.4,43.0,89.7,0.2,9.6,June,2023
14455,Sangareddy,Kangti,2023-06-25,18.0,23.4,30.3,72.5,91.5,0.0,10.5,June,2023
14456,Sangareddy,Kangti,2023-06-26,10.8,24.4,32.8,54.6,86.8,0.5,8.4,June,2023
14457,Sangareddy,Kangti,2023-06-27,0.0,23.9,28.9,68.2,91.5,0.0,12.4,June,2023
14458,Sangareddy,Kangti,2023-06-28,14.8,23.4,31.0,61.0,93.4,0.0,8.2,June,2023
14459,Sangareddy,Kangti,2023-06-29,3.4,23.4,31.9,62.0,91.0,0.0,11.5,June,2023
14460,Sangareddy,Kangti,2023-06-30,0.0,23.6,32.8,58.5,82.2,2.0,24.9,June,2023
14461,Sangareddy,Kohir,2023-06-01,0.0,23.1,37.7,25.6,68.2,0.0,6.1,June,2023
14462,Sangareddy,Kohir,2023-06-02,0.0,24.8,39.1,16.4,69.7,0.0,4.6,June,2023
14463,Sangareddy,Kohir,2023-06-03,0.0,26.2,39.4,17.1,51.9,0.0,4.7,June,2023
14464,Sangareddy,Kohir,2023-06-04,2.6,23.9,40.8,17.1,82.3,0.0,4.9,June,2023
14465,Sangareddy,Kohir,2023-06-05,20.5,20.7,38.8,30.6,97.2,0.0,6.0,June,2023
14466,Sangareddy,Kohir,2023-06-06,0.0,25.0,35.9,35.3,75.7,0.0,1.9,June,2023
14467,Sangareddy,Kohir,2023-06-07,0.8,22.6,39.1,27.9,70.9,0.0,3.1,June,2023
14468,Sangareddy,Kohir,2023-06-08,0.6,24.1,38.4,35.6,79.3,0.0,5.9,June,2023
14469,Sangareddy,Kohir,2023-06-09,0.0,24.3,38.1,33.7,75.0,0.0,7.7,June,2023
14470,Sangareddy,Kohir,2023-06-10,0.0,24.3,38.3,30.3,76.8,0.0,10.0,June,2023
14471,Sangareddy,Kohir,2023-06-11,4.8,21.2,37.3,37.3,100.0,0.0,8.1,June,2023
14472,Sangareddy,Kohir,2023-06-12,0.2,23.7,37.0,43.0,81.4,0.0,14.7,June,2023
14473,Sangareddy,Kohir,2023-06-13,0.0,24.6,37.1,35.0,77.9,0.0,7.7,June,2023
14474,Sangareddy,Kohir,2023-06-14,0.0,24.7,37.4,31.0,77.9,0.0,22.7,June,2023
14475,Sangareddy,Kohir,2023-06-15,0.0,24.4,37.1,33.0,75.9,0.0,7.1,June,2023
14476,Sangareddy,Kohir,2023-06-16,0.0,24.7,36.9,32.4,72.0,0.0,6.1,June,2023
14477,Sangareddy,Kohir,2023-06-17,0.0,25.1,37.1,28.3,75.6,0.0,8.4,June,2023
14478,Sangareddy,Kohir,2023-06-18,0.0,25.6,36.6,35.6,71.5,0.0,2.7,June,2023
14479,Sangareddy,Kohir,2023-06-19,0.0,26.6,37.8,32.4,68.3,0.0,4.2,June,2023
14480,Sangareddy,Kohir,2023-06-20,0.0,25.3,37.8,32.4,68.7,0.0,2.4,June,2023
14481,Sangareddy,Kohir,2023-06-21,0.0,26.7,37.1,28.7,68.3,0.0,4.0,June,2023
14482,Sangareddy,Kohir,2023-06-22,0.0,25.4,37.1,32.4,74.7,0.0,4.0,June,2023
14483,Sangareddy,Kohir,2023-06-23,1.5,23.0,36.1,38.4,100.0,0.0,7.3,June,2023
14484,Sangareddy,Kohir,2023-06-24,8.6,23.5,34.5,44.1,100.0,0.0,4.0,June,2023
14485,Sangareddy,Kohir,2023-06-25,40.0,21.7,31.0,62.3,100.0,0.0,4.6,June,2023
14486,Sangareddy,Kohir,2023-06-26,0.6,22.5,30.7,64.2,100.0,0.0,4.1,June,2023
14487,Sangareddy,Kohir,2023-06-27,3.2,22.5,30.7,61.4,100.0,0.0,3.2,June,2023
14488,Sangareddy,Kohir,2023-06-28,13.5,22.1,30.1,64.7,100.0,0.0,4.0,June,2023
14489,Sangareddy,Kohir,2023-06-29,0.7,22.1,31.7,62.2,100.0,0.0,14.8,June,2023
14490,Sangareddy,Kohir,2023-06-30,0.3,22.2,32.1,55.3,100.0,0.0,6.2,June,2023
14491,Sangareddy,Kondapur,2023-06-01,0.0,26.2,39.1,32.4,60.5,0.0,8.4,June,2023
14492,Sangareddy,Kondapur,2023-06-02,0.0,27.1,40.0,24.5,62.1,0.0,9.9,June,2023
14493,Sangareddy,Kondapur,2023-06-03,0.0,27.5,40.6,23.8,49.2,0.0,9.5,June,2023
14494,Sangareddy,Kondapur,2023-06-04,2.2,23.6,39.6,29.2,82.4,0.1,5.9,June,2023
14495,Sangareddy,Kondapur,2023-06-05,13.4,21.4,38.0,41.0,97.6,0.0,15.7,June,2023
14496,Sangareddy,Kondapur,2023-06-06,0.0,25.8,35.3,43.3,70.9,0.0,4.4,June,2023
14497,Sangareddy,Kondapur,2023-06-07,0.0,26.5,37.3,41.4,68.9,0.2,9.5,June,2023
14498,Sangareddy,Kondapur,2023-06-08,1.4,23.6,36.8,43.9,86.6,1.5,8.4,June,2023
14499,Sangareddy,Kondapur,2023-06-09,0.0,25.8,36.7,45.0,69.7,0.4,11.7,June,2023
14500,Sangareddy,Kondapur,2023-06-10,1.8,24.0,36.3,45.5,85.2,2.0,15.1,June,2023
14501,Sangareddy,Kondapur,2023-06-11,0.0,24.2,36.0,47.5,80.2,0.3,12.4,June,2023
14502,Sangareddy,Kondapur,2023-06-12,1.3,26.0,35.9,46.7,75.1,0.0,17.2,June,2023
14503,Sangareddy,Kondapur,2023-06-13,0.0,25.3,36.9,42.9,70.0,0.0,9.5,June,2023
14504,Sangareddy,Kondapur,2023-06-14,0.0,25.7,37.6,34.3,71.7,1.5,9.3,June,2023
14505,Sangareddy,Kondapur,2023-06-15,0.0,25.8,36.4,38.0,67.8,2.5,12.7,June,2023
14506,Sangareddy,Kondapur,2023-06-16,0.0,26.0,37.5,33.5,64.0,2.9,11.0,June,2023
14507,Sangareddy,Kondapur,2023-06-17,0.0,26.6,37.1,34.9,71.5,1.1,10.8,June,2023
14508,Sangareddy,Kondapur,2023-06-18,0.0,27.5,36.0,41.3,66.5,1.4,9.6,June,2023
14509,Sangareddy,Kondapur,2023-06-19,0.0,28.0,37.0,38.3,64.1,0.0,10.0,June,2023
14510,Sangareddy,Kondapur,2023-06-20,0.0,27.7,37.4,39.2,60.8,0.0,5.9,June,2023
14511,Sangareddy,Kondapur,2023-06-21,0.0,28.7,38.3,36.1,56.4,0.1,9.1,June,2023
14512,Sangareddy,Kondapur,2023-06-22,0.4,25.4,36.8,37.4,81.8,0.0,12.8,June,2023
14513,Sangareddy,Kondapur,2023-06-23,0.4,24.2,34.1,50.0,100.0,0.0,9.1,June,2023
14514,Sangareddy,Kondapur,2023-06-24,16.4,23.9,34.4,52.5,93.3,0.0,7.4,June,2023
14515,Sangareddy,Kondapur,2023-06-25,17.9,22.0,31.8,68.3,97.3,0.0,11.7,June,2023
14516,Sangareddy,Kondapur,2023-06-26,0.0,24.1,30.9,68.7,88.0,0.0,11.3,June,2023
14517,Sangareddy,Kondapur,2023-06-27,0.0,23.7,30.4,67.1,91.6,0.0,9.9,June,2023
14518,Sangareddy,Kondapur,2023-06-28,2.8,22.7,29.9,69.9,97.5,0.1,10.5,June,2023
14519,Sangareddy,Kondapur,2023-06-29,3.4,23.0,31.5,67.1,95.2,0.0,11.8,June,2023
14520,Sangareddy,Kondapur,2023-06-30,3.9,23.0,32.0,62.9,86.7,0.0,10.8,June,2023
14521,Sangareddy,Manoor,2023-06-01,0.0,26.0,39.0,27.2,58.0,0.0,11.2,June,2023
14522,Sangareddy,Manoor,2023-06-02,0.0,27.6,39.2,23.6,57.0,0.0,8.8,June,2023
14523,Sangareddy,Manoor,2023-06-03,0.0,26.3,39.9,20.7,50.0,0.0,7.5,June,2023
14524,Sangareddy,Manoor,2023-06-04,0.0,25.3,38.5,27.1,71.3,0.0,8.5,June,2023
14525,Sangareddy,Manoor,2023-06-05,14.0,21.6,38.0,33.8,90.2,0.0,6.7,June,2023
14526,Sangareddy,Manoor,2023-06-06,0.0,25.1,35.9,35.9,71.3,0.0,5.3,June,2023
14527,Sangareddy,Manoor,2023-06-07,0.0,27.0,38.1,29.7,63.1,0.0,6.7,June,2023
14528,Sangareddy,Manoor,2023-06-08,26.7,22.9,38.6,33.7,89.1,0.0,17.7,June,2023
14529,Sangareddy,Manoor,2023-06-09,3.9,25.1,37.3,38.5,72.8,0.0,7.7,June,2023
14530,Sangareddy,Manoor,2023-06-10,0.0,25.0,37.9,34.7,76.3,0.0,11.4,June,2023
14531,Sangareddy,Manoor,2023-06-11,0.0,23.9,37.7,35.5,87.2,0.0,12.7,June,2023
14532,Sangareddy,Manoor,2023-06-12,0.0,25.8,37.0,38.2,72.8,0.0,7.5,June,2023
14533,Sangareddy,Manoor,2023-06-13,0.0,25.1,38.3,32.8,69.1,0.0,7.9,June,2023
14534,Sangareddy,Manoor,2023-06-14,0.9,25.2,38.9,27.7,84.7,0.0,6.8,June,2023
14535,Sangareddy,Manoor,2023-06-15,0.0,25.8,38.0,31.4,68.1,0.0,6.7,June,2023
14536,Sangareddy,Manoor,2023-06-16,0.0,26.1,38.0,25.8,63.1,0.2,11.8,June,2023
14537,Sangareddy,Manoor,2023-06-17,0.0,25.9,38.9,27.7,80.6,0.0,9.9,June,2023
14538,Sangareddy,Manoor,2023-06-18,0.0,26.8,37.5,33.4,61.7,0.0,7.3,June,2023
14539,Sangareddy,Manoor,2023-06-19,0.0,27.3,38.1,28.5,61.7,0.0,14.0,June,2023
14540,Sangareddy,Manoor,2023-06-20,0.0,26.8,37.8,28.8,58.8,0.0,14.5,June,2023
14541,Sangareddy,Manoor,2023-06-21,0.0,28.4,38.2,30.0,57.3,0.0,14.3,June,2023
14542,Sangareddy,Manoor,2023-06-22,0.0,26.7,37.7,34.8,71.0,0.0,9.0,June,2023
14543,Sangareddy,Manoor,2023-06-23,14.5,23.2,35.0,37.9,95.7,0.0,5.6,June,2023
14544,Sangareddy,Manoor,2023-06-24,3.6,24.3,32.8,50.5,95.3,0.0,8.3,June,2023
14545,Sangareddy,Manoor,2023-06-25,4.9,22.8,31.4,67.1,99.2,0.0,6.1,June,2023
14546,Sangareddy,Manoor,2023-06-26,7.9,23.9,32.0,57.2,87.8,0.5,6.3,June,2023
14547,Sangareddy,Manoor,2023-06-27,1.7,23.1,28.9,70.7,96.4,0.0,8.4,June,2023
14548,Sangareddy,Manoor,2023-06-28,31.5,22.8,30.0,64.4,99.5,0.0,7.4,June,2023
14549,Sangareddy,Manoor,2023-06-29,6.2,22.9,32.4,60.4,100.0,0.0,8.2,June,2023
14550,Sangareddy,Manoor,2023-06-30,1.0,23.2,32.0,58.2,85.1,0.0,7.3,June,2023
14551,Sangareddy,Mogdampalle,2023-06-01,0.0,24.8,37.3,30.4,69.5,0.0,9.6,June,2023
14552,Sangareddy,Mogdampalle,2023-06-02,0.0,24.8,38.6,24.4,71.8,0.0,10.6,June,2023
14553,Sangareddy,Mogdampalle,2023-06-03,0.0,26.7,38.5,23.6,53.0,0.0,16.1,June,2023
14554,Sangareddy,Mogdampalle,2023-06-04,0.8,23.1,38.9,27.2,88.4,0.0,18.5,June,2023
14555,Sangareddy,Mogdampalle,2023-06-05,1.6,21.5,37.3,35.1,90.1,0.0,10.9,June,2023
14556,Sangareddy,Mogdampalle,2023-06-06,0.0,25.2,35.5,35.7,67.7,0.0,13.9,June,2023
14557,Sangareddy,Mogdampalle,2023-06-07,0.0,25.1,38.1,30.0,74.8,0.0,14.8,June,2023
14558,Sangareddy,Mogdampalle,2023-06-08,0.0,24.6,37.7,35.3,78.8,2.4,18.6,June,2023
14559,Sangareddy,Mogdampalle,2023-06-09,0.9,24.9,37.6,31.5,77.4,0.0,16.5,June,2023
14560,Sangareddy,Mogdampalle,2023-06-10,14.6,24.0,35.2,46.1,84.5,3.8,13.7,June,2023
14561,Sangareddy,Mogdampalle,2023-06-11,63.2,21.5,36.0,40.4,98.5,4.0,14.2,June,2023
14562,Sangareddy,Mogdampalle,2023-06-12,6.1,23.5,34.3,48.2,90.3,0.0,14.7,June,2023
14563,Sangareddy,Mogdampalle,2023-06-13,0.0,24.1,35.0,41.9,78.4,0.0,12.2,June,2023
14564,Sangareddy,Mogdampalle,2023-06-14,0.0,24.3,35.1,38.7,82.4,5.3,18.6,June,2023
14565,Sangareddy,Mogdampalle,2023-06-15,0.0,24.1,35.0,39.6,80.1,4.8,15.5,June,2023
14566,Sangareddy,Mogdampalle,2023-06-16,0.0,24.3,35.1,36.5,75.7,3.1,17.8,June,2023
14567,Sangareddy,Mogdampalle,2023-06-17,0.0,24.8,35.2,38.4,79.3,3.6,15.3,June,2023
14568,Sangareddy,Mogdampalle,2023-06-18,0.0,25.2,35.1,42.7,76.4,3.1,15.1,June,2023
14569,Sangareddy,Mogdampalle,2023-06-19,0.0,26.0,35.5,39.5,71.1,3.0,14.8,June,2023
14570,Sangareddy,Mogdampalle,2023-06-20,0.0,25.6,35.5,37.6,71.1,0.0,12.8,June,2023
14571,Sangareddy,Mogdampalle,2023-06-21,0.0,26.5,35.8,32.6,71.1,0.0,15.4,June,2023
14572,Sangareddy,Mogdampalle,2023-06-22,0.0,26.7,35.5,38.9,72.6,2.4,15.9,June,2023
14573,Sangareddy,Mogdampalle,2023-06-23,11.4,23.5,34.4,45.2,93.2,2.7,15.2,June,2023
14574,Sangareddy,Mogdampalle,2023-06-24,7.4,23.7,33.1,47.6,95.0,4.4,11.2,June,2023
14575,Sangareddy,Mogdampalle,2023-06-25,66.5,22.0,30.4,68.7,100.0,3.1,12.5,June,2023
14576,Sangareddy,Mogdampalle,2023-06-26,0.0,22.8,30.4,68.4,97.1,4.4,15.3,June,2023
14577,Sangareddy,Mogdampalle,2023-06-27,13.5,21.3,30.4,64.0,97.3,1.9,14.6,June,2023
14578,Sangareddy,Mogdampalle,2023-06-28,12.1,22.0,29.1,71.9,98.3,0.0,14.5,June,2023
14579,Sangareddy,Mogdampalle,2023-06-29,20.2,21.5,30.7,67.0,98.0,0.0,12.3,June,2023
14580,Sangareddy,Mogdampalle,2023-06-30,0.0,21.6,30.3,65.9,94.9,5.2,17.1,June,2023
14581,Sangareddy,Munipalli,2023-06-01,0.0,25.0,38.8,22.0,61.0,0.0,6.1,June,2023
14582,Sangareddy,Munipalli,2023-06-02,0.0,25.8,39.6,12.8,63.5,0.0,4.6,June,2023
14583,Sangareddy,Munipalli,2023-06-03,0.0,27.5,39.6,13.5,44.3,0.0,4.7,June,2023
14584,Sangareddy,Munipalli,2023-06-04,0.3,25.8,39.7,18.6,68.8,0.0,4.9,June,2023
14585,Sangareddy,Munipalli,2023-06-05,31.4,21.4,37.9,22.6,100.0,0.0,0.2,June,2023
14586,Sangareddy,Munipalli,2023-06-06,0.0,26.2,35.2,37.8,70.2,0.0,1.9,June,2023
14587,Sangareddy,Munipalli,2023-06-07,0.0,26.2,36.1,36.9,74.3,0.0,18.3,June,2023
14588,Sangareddy,Munipalli,2023-06-08,12.5,24.1,37.2,37.8,97.4,0.0,14.1,June,2023
14589,Sangareddy,Munipalli,2023-06-09,0.4,25.0,37.6,34.7,78.9,0.0,18.5,June,2023
14590,Sangareddy,Munipalli,2023-06-10,3.6,24.6,36.5,41.2,88.3,1.2,18.1,June,2023
14591,Sangareddy,Munipalli,2023-06-11,2.4,22.6,36.6,38.7,100.0,0.0,18.8,June,2023
14592,Sangareddy,Munipalli,2023-06-12,0.0,25.0,34.6,45.6,88.6,0.0,20.9,June,2023
14593,Sangareddy,Munipalli,2023-06-13,0.0,24.9,36.1,33.0,74.3,0.0,23.1,June,2023
14594,Sangareddy,Munipalli,2023-06-14,0.3,24.8,36.4,27.3,78.9,4.8,23.2,June,2023
14595,Sangareddy,Munipalli,2023-06-15,0.0,24.7,36.0,31.1,75.2,3.6,23.9,June,2023
14596,Sangareddy,Munipalli,2023-06-16,0.0,25.0,36.7,30.0,68.4,4.2,24.8,June,2023
14597,Sangareddy,Munipalli,2023-06-17,0.0,25.4,37.0,28.7,74.3,0.0,17.0,June,2023
14598,Sangareddy,Munipalli,2023-06-18,0.0,26.0,36.3,33.7,69.7,0.0,21.9,June,2023
14599,Sangareddy,Munipalli,2023-06-19,0.0,26.9,37.3,31.1,64.4,0.0,13.8,June,2023
14600,Sangareddy,Munipalli,2023-06-20,0.0,27.0,35.8,33.0,60.4,0.0,11.4,June,2023
14601,Sangareddy,Munipalli,2023-06-21,0.0,27.3,37.3,26.4,63.6,0.0,18.1,June,2023
14602,Sangareddy,Munipalli,2023-06-22,0.3,26.0,37.1,29.3,77.0,0.0,15.4,June,2023
14603,Sangareddy,Munipalli,2023-06-23,15.4,23.1,34.6,39.5,100.0,0.0,14.2,June,2023
14604,Sangareddy,Munipalli,2023-06-24,15.1,23.5,33.4,46.1,100.0,0.0,11.0,June,2023
14605,Sangareddy,Munipalli,2023-06-25,51.5,21.8,31.7,69.5,100.0,0.0,16.7,June,2023
14606,Sangareddy,Munipalli,2023-06-26,0.0,23.3,30.5,71.7,100.0,4.6,22.4,June,2023
14607,Sangareddy,Munipalli,2023-06-27,0.2,22.7,30.1,70.9,100.0,0.0,17.9,June,2023
14608,Sangareddy,Munipalli,2023-06-28,14.6,22.4,30.2,71.9,100.0,0.0,18.3,June,2023
14609,Sangareddy,Munipalli,2023-06-29,2.3,22.5,30.8,70.1,100.0,2.6,19.9,June,2023
14610,Sangareddy,Munipalli,2023-06-30,0.0,22.5,31.6,65.9,100.0,0.0,6.2,June,2023
14611,Sangareddy,Nagalgidda,2023-06-01,0.0,25.4,44.1,18.5,60.9,0.0,11.1,June,2023
14612,Sangareddy,Nagalgidda,2023-06-02,0.0,26.6,40.2,15.0,57.0,0.2,11.3,June,2023
14613,Sangareddy,Nagalgidda,2023-06-03,0.0,26.0,40.8,16.4,51.0,0.0,14.6,June,2023
14614,Sangareddy,Nagalgidda,2023-06-04,0.0,26.2,41.6,19.9,68.7,0.1,11.8,June,2023
14615,Sangareddy,Nagalgidda,2023-06-05,53.4,21.7,39.6,27.3,91.5,0.4,15.7,June,2023
14616,Sangareddy,Nagalgidda,2023-06-06,0.0,25.5,36.6,28.9,74.4,0.0,11.3,June,2023
14617,Sangareddy,Nagalgidda,2023-06-07,0.2,25.8,39.1,25.8,74.4,0.3,13.4,June,2023
14618,Sangareddy,Nagalgidda,2023-06-08,6.0,24.9,39.0,27.9,100.0,1.2,16.1,June,2023
14619,Sangareddy,Nagalgidda,2023-06-09,0.0,26.1,38.0,33.2,66.9,0.2,13.7,June,2023
14620,Sangareddy,Nagalgidda,2023-06-10,0.0,24.7,38.6,29.5,80.2,1.6,13.2,June,2023
14621,Sangareddy,Nagalgidda,2023-06-11,1.3,24.4,38.1,32.0,87.7,1.7,13.7,June,2023
14622,Sangareddy,Nagalgidda,2023-06-12,0.0,26.2,37.4,30.7,70.6,1.4,12.3,June,2023
14623,Sangareddy,Nagalgidda,2023-06-13,0.0,25.5,37.8,27.1,67.3,5.0,10.5,June,2023
14624,Sangareddy,Nagalgidda,2023-06-14,0.9,25.5,38.8,22.2,76.9,0.8,14.0,June,2023
14625,Sangareddy,Nagalgidda,2023-06-15,0.0,25.2,37.6,27.1,68.3,2.0,10.0,June,2023
14626,Sangareddy,Nagalgidda,2023-06-16,0.0,25.6,38.1,23.6,63.1,0.6,13.6,June,2023
14627,Sangareddy,Nagalgidda,2023-06-17,0.0,26.0,38.2,25.2,67.4,0.8,12.3,June,2023
14628,Sangareddy,Nagalgidda,2023-06-18,0.0,26.7,37.5,29.5,63.1,0.5,10.8,June,2023
14629,Sangareddy,Nagalgidda,2023-06-19,0.0,27.4,38.0,28.9,61.9,0.0,15.1,June,2023
14630,Sangareddy,Nagalgidda,2023-06-20,0.0,27.8,37.2,27.1,58.8,0.0,13.7,June,2023
14631,Sangareddy,Nagalgidda,2023-06-21,0.0,28.1,38.3,24.8,59.9,0.0,13.4,June,2023
14632,Sangareddy,Nagalgidda,2023-06-22,0.0,27.2,37.1,30.1,68.4,0.2,14.4,June,2023
14633,Sangareddy,Nagalgidda,2023-06-23,13.4,23.2,35.3,33.2,98.1,0.3,12.7,June,2023
14634,Sangareddy,Nagalgidda,2023-06-24,4.6,23.5,33.5,45.0,96.4,0.3,8.5,June,2023
14635,Sangareddy,Nagalgidda,2023-06-25,54.8,22.2,31.7,57.6,100.0,0.0,13.3,June,2023
14636,Sangareddy,Nagalgidda,2023-06-26,0.0,24.1,32.3,53.6,90.1,1.2,14.9,June,2023
14637,Sangareddy,Nagalgidda,2023-06-27,4.0,23.2,29.0,69.8,98.2,2.1,12.9,June,2023
14638,Sangareddy,Nagalgidda,2023-06-28,15.2,22.7,30.6,62.1,100.0,0.3,13.4,June,2023
14639,Sangareddy,Nagalgidda,2023-06-29,1.7,22.9,32.7,53.6,97.7,0.3,12.7,June,2023
14640,Sangareddy,Nagalgidda,2023-06-30,0.0,23.4,32.8,50.7,84.2,0.8,14.7,June,2023
14641,Sangareddy,Narayankhed,2023-06-01,0.0,25.7,38.5,30.9,64.7,0.0,11.2,June,2023
14642,Sangareddy,Narayankhed,2023-06-02,0.0,28.9,38.9,24.7,56.3,0.0,8.8,June,2023
14643,Sangareddy,Narayankhed,2023-06-03,0.0,29.0,39.6,25.3,49.8,0.0,14.8,June,2023
14644,Sangareddy,Narayankhed,2023-06-04,0.0,27.8,38.7,27.8,61.7,0.0,11.4,June,2023
14645,Sangareddy,Narayankhed,2023-06-05,5.3,23.0,37.6,34.7,85.4,0.0,13.2,June,2023
14646,Sangareddy,Narayankhed,2023-06-06,0.0,27.4,36.4,35.5,61.2,0.0,10.5,June,2023
14647,Sangareddy,Narayankhed,2023-06-07,6.1,22.5,37.4,31.5,70.5,0.0,12.9,June,2023
14648,Sangareddy,Narayankhed,2023-06-08,6.2,24.2,36.9,38.1,83.3,0.0,10.7,June,2023
14649,Sangareddy,Narayankhed,2023-06-09,0.0,26.7,38.1,35.3,65.7,0.0,12.0,June,2023
14650,Sangareddy,Narayankhed,2023-06-10,1.3,25.6,37.5,35.3,77.2,0.0,13.0,June,2023
14651,Sangareddy,Narayankhed,2023-06-11,0.0,24.2,37.3,36.8,87.4,0.0,13.1,June,2023
14652,Sangareddy,Narayankhed,2023-06-12,0.0,26.9,37.3,38.4,70.3,0.0,13.5,June,2023
14653,Sangareddy,Narayankhed,2023-06-13,0.0,26.4,37.9,32.8,66.0,0.0,10.8,June,2023
14654,Sangareddy,Narayankhed,2023-06-14,1.1,26.2,39.1,25.3,73.0,0.0,11.8,June,2023
14655,Sangareddy,Narayankhed,2023-06-15,0.0,26.1,37.6,32.2,68.1,0.0,11.6,June,2023
14656,Sangareddy,Narayankhed,2023-06-16,0.0,26.5,38.3,28.4,62.9,0.2,11.8,June,2023
14657,Sangareddy,Narayankhed,2023-06-17,0.0,26.9,37.9,29.7,67.4,0.0,9.9,June,2023
14658,Sangareddy,Narayankhed,2023-06-18,0.0,27.4,37.9,34.0,63.4,0.0,12.0,June,2023
14659,Sangareddy,Narayankhed,2023-06-19,0.0,28.1,38.6,31.5,61.7,0.0,14.0,June,2023
14660,Sangareddy,Narayankhed,2023-06-20,0.0,28.6,37.1,34.4,58.1,0.0,14.5,June,2023
14661,Sangareddy,Narayankhed,2023-06-21,0.0,28.7,38.1,30.7,59.4,0.0,14.3,June,2023
14662,Sangareddy,Narayankhed,2023-06-22,0.0,27.7,36.1,37.6,67.8,0.0,13.3,June,2023
14663,Sangareddy,Narayankhed,2023-06-23,23.3,23.4,35.0,39.7,98.3,0.0,10.9,June,2023
14664,Sangareddy,Narayankhed,2023-06-24,3.9,24.5,33.1,50.8,96.6,0.0,8.3,June,2023
14665,Sangareddy,Narayankhed,2023-06-25,6.4,23.1,31.7,67.1,99.2,0.0,9.0,June,2023
14666,Sangareddy,Narayankhed,2023-06-26,0.0,24.8,32.3,57.2,87.8,1.0,10.2,June,2023
14667,Sangareddy,Narayankhed,2023-06-27,8.0,23.4,29.2,70.7,95.7,0.0,8.4,June,2023
14668,Sangareddy,Narayankhed,2023-06-28,13.2,23.2,30.3,64.4,99.5,0.0,10.2,June,2023
14669,Sangareddy,Narayankhed,2023-06-29,2.2,23.3,32.7,60.0,100.0,0.0,12.1,June,2023
14670,Sangareddy,Narayankhed,2023-06-30,0.0,24.1,32.3,58.2,83.7,0.0,11.8,June,2023
14671,Sangareddy,Naykal,2023-06-01,0.0,25.6,38.1,23.9,60.0,0.0,6.0,June,2023
14672,Sangareddy,Naykal,2023-06-02,0.0,27.2,39.1,16.9,59.5,0.0,8.4,June,2023
14673,Sangareddy,Naykal,2023-06-03,0.0,28.8,39.0,17.1,44.4,0.0,8.4,June,2023
14674,Sangareddy,Naykal,2023-06-04,13.2,21.9,39.0,19.0,87.6,0.0,6.5,June,2023
14675,Sangareddy,Naykal,2023-06-05,19.6,22.6,36.6,34.7,89.7,0.0,11.3,June,2023
14676,Sangareddy,Naykal,2023-06-06,0.0,25.7,35.4,33.8,70.7,0.0,5.8,June,2023
14677,Sangareddy,Naykal,2023-06-07,0.0,26.3,37.4,30.2,69.4,0.0,7.8,June,2023
14678,Sangareddy,Naykal,2023-06-08,0.7,24.9,36.0,35.5,79.2,0.0,13.1,June,2023
14679,Sangareddy,Naykal,2023-06-09,0.0,25.4,37.1,34.7,72.0,0.0,12.0,June,2023
14680,Sangareddy,Naykal,2023-06-10,0.0,25.6,37.3,32.8,75.7,3.4,14.6,June,2023
14681,Sangareddy,Naykal,2023-06-11,12.4,22.5,36.3,35.0,100.0,0.0,11.8,June,2023
14682,Sangareddy,Naykal,2023-06-12,0.0,24.9,34.6,45.7,82.7,0.0,6.9,June,2023
14683,Sangareddy,Naykal,2023-06-13,0.0,24.6,35.2,31.9,74.4,0.0,12.9,June,2023
14684,Sangareddy,Naykal,2023-06-14,0.0,25.0,36.1,29.4,77.5,0.0,12.4,June,2023
14685,Sangareddy,Naykal,2023-06-15,0.0,24.6,35.6,33.2,75.3,0.0,13.5,June,2023
14686,Sangareddy,Naykal,2023-06-16,0.0,25.2,36.4,28.4,68.9,0.0,11.8,June,2023
14687,Sangareddy,Naykal,2023-06-17,0.0,25.5,36.6,27.7,73.1,0.0,12.1,June,2023
14688,Sangareddy,Naykal,2023-06-18,0.0,26.0,35.5,34.4,69.0,0.0,8.4,June,2023
14689,Sangareddy,Naykal,2023-06-19,0.0,27.0,36.8,31.3,62.8,0.0,6.1,June,2023
14690,Sangareddy,Naykal,2023-06-20,0.0,27.6,36.3,32.5,59.1,0.0,8.8,June,2023
14691,Sangareddy,Naykal,2023-06-21,0.0,27.8,36.4,24.9,60.5,0.0,9.4,June,2023
14692,Sangareddy,Naykal,2023-06-22,0.0,27.0,36.2,30.0,68.1,0.0,9.9,June,2023
14693,Sangareddy,Naykal,2023-06-23,9.1,23.2,34.4,37.1,100.0,0.0,11.1,June,2023
14694,Sangareddy,Naykal,2023-06-24,11.6,23.6,32.8,46.9,100.0,0.0,8.5,June,2023
14695,Sangareddy,Naykal,2023-06-25,47.2,22.5,30.2,85.0,100.0,0.0,9.0,June,2023
14696,Sangareddy,Naykal,2023-06-26,0.3,23.6,30.4,82.8,100.0,1.4,5.6,June,2023
14697,Sangareddy,Naykal,2023-06-27,5.0,23.0,29.3,85.0,100.0,0.0,4.9,June,2023
14698,Sangareddy,Naykal,2023-06-28,9.4,22.6,30.0,81.9,100.0,0.0,12.1,June,2023
14699,Sangareddy,Naykal,2023-06-29,36.7,22.2,31.4,67.4,100.0,0.0,10.5,June,2023
14700,Sangareddy,Naykal,2023-06-30,0.0,22.5,31.3,64.7,100.0,0.0,12.4,June,2023
14701,Sangareddy,Patancheruvu,2023-06-01,0.0,24.6,40.2,28.7,74.8,0.0,4.8,June,2023
14702,Sangareddy,Patancheruvu,2023-06-02,0.0,26.7,39.9,26.1,69.8,0.0,8.6,June,2023
14703,Sangareddy,Patancheruvu,2023-06-03,0.0,27.0,40.4,19.5,62.8,0.0,10.9,June,2023
14704,Sangareddy,Patancheruvu,2023-06-04,0.0,25.3,41.2,23.6,84.1,0.0,15.2,June,2023
14705,Sangareddy,Patancheruvu,2023-06-05,14.6,21.7,38.5,28.1,100.0,0.3,11.7,June,2023
14706,Sangareddy,Patancheruvu,2023-06-06,0.0,25.5,36.5,29.5,73.3,0.0,8.7,June,2023
14707,Sangareddy,Patancheruvu,2023-06-07,0.0,26.7,38.1,30.1,67.5,0.0,10.9,June,2023
14708,Sangareddy,Patancheruvu,2023-06-08,1.9,25.3,38.4,32.9,81.7,1.1,12.5,June,2023
14709,Sangareddy,Patancheruvu,2023-06-09,0.8,25.7,38.4,31.2,77.7,0.0,12.8,June,2023
14710,Sangareddy,Patancheruvu,2023-06-10,0.0,25.8,38.8,25.6,79.5,0.3,12.7,June,2023
14711,Sangareddy,Patancheruvu,2023-06-11,0.0,25.6,38.0,36.5,81.7,0.0,11.6,June,2023
14712,Sangareddy,Patancheruvu,2023-06-12,0.0,26.4,37.5,35.0,77.7,0.9,11.0,June,2023
14713,Sangareddy,Patancheruvu,2023-06-13,0.0,25.4,38.2,33.8,74.0,0.6,12.2,June,2023
14714,Sangareddy,Patancheruvu,2023-06-14,0.0,26.0,38.3,26.0,75.9,1.5,13.0,June,2023
14715,Sangareddy,Patancheruvu,2023-06-15,0.0,25.6,37.7,27.1,74.6,0.2,11.8,June,2023
14716,Sangareddy,Patancheruvu,2023-06-16,0.0,26.3,38.1,25.4,70.7,0.0,10.5,June,2023
14717,Sangareddy,Patancheruvu,2023-06-17,0.0,26.0,39.2,24.4,74.6,0.0,12.1,June,2023
14718,Sangareddy,Patancheruvu,2023-06-18,0.0,27.5,37.4,30.7,69.8,0.3,10.6,June,2023
14719,Sangareddy,Patancheruvu,2023-06-19,0.0,27.3,39.0,28.9,69.3,0.0,8.9,June,2023
14720,Sangareddy,Patancheruvu,2023-06-20,0.0,27.0,38.2,30.7,65.4,0.0,8.8,June,2023
14721,Sangareddy,Patancheruvu,2023-06-21,0.0,26.8,38.5,30.5,69.0,0.6,8.6,June,2023
14722,Sangareddy,Patancheruvu,2023-06-22,21.3,23.5,38.0,34.0,93.9,0.4,9.3,June,2023
14723,Sangareddy,Patancheruvu,2023-06-23,0.0,24.8,34.0,46.2,90.3,0.0,10.2,June,2023
14724,Sangareddy,Patancheruvu,2023-06-24,35.2,23.8,33.7,57.0,97.3,10.0,12.9,June,2023
14725,Sangareddy,Patancheruvu,2023-06-25,14.3,21.9,32.1,66.6,100.0,0.0,10.5,June,2023
14726,Sangareddy,Patancheruvu,2023-06-26,0.0,24.0,31.8,67.9,95.3,0.7,10.5,June,2023
14727,Sangareddy,Patancheruvu,2023-06-27,0.5,23.5,31.6,68.7,99.7,0.6,10.9,June,2023
14728,Sangareddy,Patancheruvu,2023-06-28,5.8,22.8,31.2,67.8,100.0,0.0,12.9,June,2023
14729,Sangareddy,Patancheruvu,2023-06-29,0.3,23.6,33.0,66.7,100.0,0.1,10.5,June,2023
14730,Sangareddy,Patancheruvu,2023-06-30,0.0,23.4,32.4,64.1,92.1,0.0,11.7,June,2023
14731,Sangareddy,Pulkal,2023-06-01,0.0,24.6,39.4,26.3,73.2,0.0,9.1,June,2023
14732,Sangareddy,Pulkal,2023-06-02,0.0,27.7,40.9,18.8,61.2,0.0,12.4,June,2023
14733,Sangareddy,Pulkal,2023-06-03,0.0,27.8,41.1,18.8,49.5,0.0,11.6,June,2023
14734,Sangareddy,Pulkal,2023-06-04,3.3,26.7,40.3,22.3,70.7,0.0,11.8,June,2023
14735,Sangareddy,Pulkal,2023-06-05,2.5,21.7,38.3,30.4,94.1,0.0,18.5,June,2023
14736,Sangareddy,Pulkal,2023-06-06,0.0,26.1,37.0,31.2,68.8,0.0,10.2,June,2023
14737,Sangareddy,Pulkal,2023-06-07,0.0,27.5,38.5,30.0,60.9,0.0,18.3,June,2023
14738,Sangareddy,Pulkal,2023-06-08,11.9,23.9,38.6,30.1,90.7,0.0,20.4,June,2023
14739,Sangareddy,Pulkal,2023-06-09,0.0,26.0,37.7,31.9,70.2,0.0,18.5,June,2023
14740,Sangareddy,Pulkal,2023-06-10,0.0,25.8,39.7,29.3,81.0,1.2,18.1,June,2023
14741,Sangareddy,Pulkal,2023-06-11,0.0,24.7,38.8,31.7,83.4,0.0,18.8,June,2023
14742,Sangareddy,Pulkal,2023-06-12,0.0,25.9,37.3,34.9,74.8,0.0,20.9,June,2023
14743,Sangareddy,Pulkal,2023-06-13,0.0,26.2,38.1,28.4,65.5,0.0,23.1,June,2023
14744,Sangareddy,Pulkal,2023-06-14,0.0,25.9,38.4,25.3,71.2,4.8,23.2,June,2023
14745,Sangareddy,Pulkal,2023-06-15,0.0,26.0,37.8,25.6,68.8,3.6,23.9,June,2023
14746,Sangareddy,Pulkal,2023-06-16,0.0,26.3,38.4,27.2,63.2,4.2,24.8,June,2023
14747,Sangareddy,Pulkal,2023-06-17,0.0,26.6,38.4,27.0,67.9,0.0,17.0,June,2023
14748,Sangareddy,Pulkal,2023-06-18,0.0,27.2,37.7,32.1,65.6,0.0,21.9,June,2023
14749,Sangareddy,Pulkal,2023-06-19,0.0,27.9,37.8,31.9,63.4,0.0,13.8,June,2023
14750,Sangareddy,Pulkal,2023-06-20,0.0,27.6,37.5,32.5,59.9,0.0,11.4,June,2023
14751,Sangareddy,Pulkal,2023-06-21,0.0,28.3,37.7,29.1,60.4,0.0,18.1,June,2023
14752,Sangareddy,Pulkal,2023-06-22,0.3,24.9,37.5,32.5,88.5,0.0,15.4,June,2023
14753,Sangareddy,Pulkal,2023-06-23,16.1,23.3,35.2,38.2,98.4,0.0,14.2,June,2023
14754,Sangareddy,Pulkal,2023-06-24,7.8,24.1,33.2,49.5,96.3,0.0,11.0,June,2023
14755,Sangareddy,Pulkal,2023-06-25,38.6,22.4,30.8,66.7,98.9,0.0,16.7,June,2023
14756,Sangareddy,Pulkal,2023-06-26,0.0,24.0,31.8,60.8,91.7,4.6,22.4,June,2023
14757,Sangareddy,Pulkal,2023-06-27,0.9,23.4,30.5,65.0,98.4,0.0,17.9,June,2023
14758,Sangareddy,Pulkal,2023-06-28,9.1,22.9,30.9,60.7,98.6,0.0,18.3,June,2023
14759,Sangareddy,Pulkal,2023-06-29,0.3,22.7,31.5,60.8,95.3,2.6,19.9,June,2023
14760,Sangareddy,Pulkal,2023-06-30,0.0,23.1,32.9,54.8,95.1,2.0,13.2,June,2023
14761,Sangareddy,Raikode,2023-06-01,0.0,25.9,38.5,30.3,61.1,0.0,9.1,June,2023
14762,Sangareddy,Raikode,2023-06-02,0.0,27.9,39.7,22.6,61.6,0.0,11.4,June,2023
14763,Sangareddy,Raikode,2023-06-03,0.0,28.6,40.8,24.0,46.1,0.0,10.3,June,2023
14764,Sangareddy,Raikode,2023-06-04,1.7,24.9,40.2,26.6,76.7,0.0,9.9,June,2023
14765,Sangareddy,Raikode,2023-06-05,0.4,22.2,38.9,35.2,87.7,0.0,12.1,June,2023
14766,Sangareddy,Raikode,2023-06-06,0.0,26.3,37.3,33.7,62.5,0.0,7.2,June,2023
14767,Sangareddy,Raikode,2023-06-07,0.0,27.9,39.3,30.6,61.1,0.0,10.5,June,2023
14768,Sangareddy,Raikode,2023-06-08,6.8,24.1,38.6,34.3,85.9,0.0,16.3,June,2023
14769,Sangareddy,Raikode,2023-06-09,3.5,25.5,37.3,36.6,72.5,1.6,14.7,June,2023
14770,Sangareddy,Raikode,2023-06-10,11.2,25.1,38.2,36.6,65.4,3.4,12.5,June,2023
14771,Sangareddy,Raikode,2023-06-11,2.6,23.0,38.5,35.6,91.1,2.2,13.6,June,2023
14772,Sangareddy,Raikode,2023-06-12,0.0,25.5,36.9,42.8,78.7,0.0,13.6,June,2023
14773,Sangareddy,Raikode,2023-06-13,0.0,25.2,37.9,31.0,71.5,0.0,12.9,June,2023
14774,Sangareddy,Raikode,2023-06-14,0.0,25.4,38.2,30.3,75.8,0.0,12.4,June,2023
14775,Sangareddy,Raikode,2023-06-15,0.0,25.0,37.6,35.6,74.1,7.1,13.9,June,2023
14776,Sangareddy,Raikode,2023-06-16,0.0,25.5,38.6,31.9,68.5,2.0,13.3,June,2023
14777,Sangareddy,Raikode,2023-06-17,0.0,25.8,38.3,31.7,72.5,1.0,13.2,June,2023
14778,Sangareddy,Raikode,2023-06-18,0.0,26.6,37.4,36.6,68.5,0.0,8.4,June,2023
14779,Sangareddy,Raikode,2023-06-19,8.4,24.4,38.2,34.9,83.3,0.0,6.1,June,2023
14780,Sangareddy,Raikode,2023-06-20,0.0,26.7,37.7,35.6,62.5,0.0,8.8,June,2023
14781,Sangareddy,Raikode,2023-06-21,0.0,28.1,37.9,31.7,61.1,0.0,9.4,June,2023
14782,Sangareddy,Raikode,2023-06-22,0.0,26.3,38.4,34.3,77.4,0.0,9.9,June,2023
14783,Sangareddy,Raikode,2023-06-23,6.1,23.2,36.1,39.7,96.9,0.7,10.1,June,2023
14784,Sangareddy,Raikode,2023-06-24,7.6,24.2,33.2,50.2,92.4,0.0,8.5,June,2023
14785,Sangareddy,Raikode,2023-06-25,51.4,22.0,31.7,65.0,97.4,0.0,11.6,June,2023
14786,Sangareddy,Raikode,2023-06-26,0.7,23.8,31.9,60.6,91.9,3.8,12.7,June,2023
14787,Sangareddy,Raikode,2023-06-27,3.4,23.1,29.5,70.8,96.4,0.0,13.8,June,2023
14788,Sangareddy,Raikode,2023-06-28,8.4,22.7,31.5,61.6,98.7,0.0,13.7,June,2023
14789,Sangareddy,Raikode,2023-06-29,18.6,22.6,33.0,58.3,99.2,0.0,12.2,June,2023
14790,Sangareddy,Raikode,2023-06-30,0.0,23.1,32.8,59.7,88.5,0.0,13.4,June,2023
14791,Sangareddy,Ramachandrapuram,2023-06-01,0.0,22.8,40.2,27.4,85.5,0.0,7.4,June,2023
14792,Sangareddy,Ramachandrapuram,2023-06-02,0.0,25.1,41.2,20.6,74.8,0.0,9.3,June,2023
14793,Sangareddy,Ramachandrapuram,2023-06-03,0.0,27.2,41.6,18.2,57.6,0.0,11.3,June,2023
14794,Sangareddy,Ramachandrapuram,2023-06-04,0.0,27.2,41.4,21.2,62.1,0.0,9.8,June,2023
14795,Sangareddy,Ramachandrapuram,2023-06-05,20.3,22.1,39.2,31.1,97.0,0.3,9.9,June,2023
14796,Sangareddy,Ramachandrapuram,2023-06-06,0.0,25.7,36.4,32.0,88.5,0.0,9.0,June,2023
14797,Sangareddy,Ramachandrapuram,2023-06-07,0.0,26.1,36.7,32.7,69.0,0.0,9.8,June,2023
14798,Sangareddy,Ramachandrapuram,2023-06-08,0.0,25.7,38.9,29.6,73.1,1.2,13.8,June,2023
14799,Sangareddy,Ramachandrapuram,2023-06-09,0.0,26.4,38.8,31.4,80.7,0.0,16.3,June,2023
14800,Sangareddy,Ramachandrapuram,2023-06-10,0.0,26.1,38.2,28.4,73.8,0.3,14.4,June,2023
14801,Sangareddy,Ramachandrapuram,2023-06-11,0.0,25.2,38.0,34.5,75.3,0.1,10.6,June,2023
14802,Sangareddy,Ramachandrapuram,2023-06-12,0.0,26.1,36.5,34.5,73.6,0.6,12.9,June,2023
14803,Sangareddy,Ramachandrapuram,2023-06-13,0.0,25.6,38.1,27.8,69.8,0.4,10.6,June,2023
14804,Sangareddy,Ramachandrapuram,2023-06-14,0.0,26.1,38.7,23.7,70.4,0.8,13.2,June,2023
14805,Sangareddy,Ramachandrapuram,2023-06-15,0.0,25.8,38.6,25.5,69.1,1.0,14.8,June,2023
14806,Sangareddy,Ramachandrapuram,2023-06-16,0.0,25.7,37.8,25.3,65.3,0.0,12.5,June,2023
14807,Sangareddy,Ramachandrapuram,2023-06-17,0.0,26.1,38.9,26.7,70.4,0.0,15.3,June,2023
14808,Sangareddy,Ramachandrapuram,2023-06-18,0.0,27.7,39.2,28.0,66.6,0.3,13.5,June,2023
14809,Sangareddy,Ramachandrapuram,2023-06-19,0.0,27.7,38.1,29.2,64.8,0.0,13.4,June,2023
14810,Sangareddy,Ramachandrapuram,2023-06-20,0.0,25.0,37.4,32.7,71.9,0.0,11.6,June,2023
14811,Sangareddy,Ramachandrapuram,2023-06-21,0.0,25.7,38.2,30.8,76.5,0.6,12.4,June,2023
14812,Sangareddy,Ramachandrapuram,2023-06-22,31.5,23.2,37.1,33.3,95.0,0.0,11.6,June,2023
14813,Sangareddy,Ramachandrapuram,2023-06-23,0.0,24.7,33.6,44.0,86.3,0.0,15.2,June,2023
14814,Sangareddy,Ramachandrapuram,2023-06-24,50.8,23.3,33.0,47.1,99.2,0.3,8.0,June,2023
14815,Sangareddy,Ramachandrapuram,2023-06-25,20.5,22.2,32.8,60.0,99.2,0.0,11.4,June,2023
14816,Sangareddy,Ramachandrapuram,2023-06-26,0.3,24.0,31.3,59.0,90.6,1.7,9.3,June,2023
14817,Sangareddy,Ramachandrapuram,2023-06-27,0.2,23.2,31.1,57.7,93.6,0.6,10.0,June,2023
14818,Sangareddy,Ramachandrapuram,2023-06-28,4.3,23.3,31.3,59.5,95.5,0.0,13.0,June,2023
14819,Sangareddy,Ramachandrapuram,2023-06-29,0.0,23.5,32.8,51.3,87.2,0.1,12.2,June,2023
14820,Sangareddy,Ramachandrapuram,2023-06-30,1.3,23.3,32.3,52.3,90.2,1.4,11.4,June,2023
14821,Sangareddy,Sadasivpet,2023-06-01,0.0,25.6,39.7,29.8,60.2,0.0,8.2,June,2023
14822,Sangareddy,Sadasivpet,2023-06-02,0.0,26.8,41.6,23.2,59.7,0.0,7.4,June,2023
14823,Sangareddy,Sadasivpet,2023-06-03,0.0,26.3,41.5,22.1,51.6,0.0,9.6,June,2023
14824,Sangareddy,Sadasivpet,2023-06-04,0.0,24.8,40.5,29.8,68.1,0.1,6.5,June,2023
14825,Sangareddy,Sadasivpet,2023-06-05,33.1,21.4,40.0,36.9,95.1,0.0,10.8,June,2023
14826,Sangareddy,Sadasivpet,2023-06-06,0.0,25.5,35.6,44.8,70.0,0.0,5.0,June,2023
14827,Sangareddy,Sadasivpet,2023-06-07,0.0,25.9,37.2,44.0,69.5,0.1,8.4,June,2023
14828,Sangareddy,Sadasivpet,2023-06-08,1.3,23.0,37.4,43.4,88.3,0.8,7.6,June,2023
14829,Sangareddy,Sadasivpet,2023-06-09,0.0,25.4,37.9,46.3,77.2,0.2,8.6,June,2023
14830,Sangareddy,Sadasivpet,2023-06-10,9.8,22.3,37.0,45.7,86.8,1.0,11.8,June,2023
14831,Sangareddy,Sadasivpet,2023-06-11,0.6,22.8,36.4,47.1,80.1,0.2,11.1,June,2023
14832,Sangareddy,Sadasivpet,2023-06-12,0.0,25.3,36.5,48.3,88.6,0.0,11.8,June,2023
14833,Sangareddy,Sadasivpet,2023-06-13,0.0,25.0,38.0,44.0,73.5,0.0,9.6,June,2023
14834,Sangareddy,Sadasivpet,2023-06-14,0.0,25.4,38.4,33.0,69.6,0.8,9.7,June,2023
14835,Sangareddy,Sadasivpet,2023-06-15,0.0,25.9,38.2,38.0,67.2,2.0,11.7,June,2023
14836,Sangareddy,Sadasivpet,2023-06-16,0.0,26.0,39.0,31.9,60.7,1.5,10.5,June,2023
14837,Sangareddy,Sadasivpet,2023-06-17,0.0,25.2,36.7,28.2,73.3,0.6,10.6,June,2023
14838,Sangareddy,Sadasivpet,2023-06-18,0.0,26.2,36.4,33.3,67.1,0.7,9.3,June,2023
14839,Sangareddy,Sadasivpet,2023-06-19,0.0,26.5,37.2,30.9,64.0,0.0,10.7,June,2023
14840,Sangareddy,Sadasivpet,2023-06-20,0.0,26.2,38.5,35.4,55.6,0.0,6.9,June,2023
14841,Sangareddy,Sadasivpet,2023-06-21,0.0,27.2,39.6,33.4,51.0,0.1,8.8,June,2023
14842,Sangareddy,Sadasivpet,2023-06-22,0.0,25.5,37.8,35.1,71.5,0.0,9.7,June,2023
14843,Sangareddy,Sadasivpet,2023-06-23,0.0,23.1,35.7,45.9,81.3,0.0,9.7,June,2023
14844,Sangareddy,Sadasivpet,2023-06-24,5.6,23.2,35.9,47.7,86.6,0.0,7.4,June,2023
14845,Sangareddy,Sadasivpet,2023-06-25,13.9,21.7,32.9,66.3,94.6,0.0,8.3,June,2023
14846,Sangareddy,Sadasivpet,2023-06-26,0.0,23.2,31.9,66.3,85.2,0.0,10.6,June,2023
14847,Sangareddy,Sadasivpet,2023-06-27,0.0,22.4,31.0,65.3,85.7,0.0,5.7,June,2023
14848,Sangareddy,Sadasivpet,2023-06-28,9.4,22.3,30.4,68.7,94.9,0.1,7.7,June,2023
14849,Sangareddy,Sadasivpet,2023-06-29,0.8,22.9,32.5,65.8,90.5,0.0,11.8,June,2023
14850,Sangareddy,Sadasivpet,2023-06-30,0.0,22.9,32.7,61.2,83.5,0.0,10.8,June,2023
14851,Sangareddy,Sangareddy,2023-06-01,0.0,27.3,39.8,33.2,61.7,0.6,12.8,June,2023
14852,Sangareddy,Sangareddy,2023-06-02,0.0,28.0,40.1,25.7,64.6,1.5,12.5,June,2023
14853,Sangareddy,Sangareddy,2023-06-03,0.0,29.3,40.3,25.2,50.0,0.4,11.9,June,2023
14854,Sangareddy,Sangareddy,2023-06-04,13.0,22.6,40.6,27.9,80.9,0.0,15.2,June,2023
14855,Sangareddy,Sangareddy,2023-06-05,48.8,21.4,38.0,45.0,100.0,0.0,11.8,June,2023
14856,Sangareddy,Sangareddy,2023-06-06,0.0,26.5,36.3,41.9,74.2,0.0,4.7,June,2023
14857,Sangareddy,Sangareddy,2023-06-07,0.6,27.6,38.3,38.3,70.1,0.2,9.5,June,2023
14858,Sangareddy,Sangareddy,2023-06-08,1.1,24.9,37.1,44.5,84.8,7.1,16.4,June,2023
14859,Sangareddy,Sangareddy,2023-06-09,0.6,26.1,37.5,41.7,74.2,0.2,6.1,June,2023
14860,Sangareddy,Sangareddy,2023-06-10,5.5,23.0,36.3,39.1,80.7,10.9,24.9,June,2023
14861,Sangareddy,Sangareddy,2023-06-11,0.0,25.3,36.5,47.4,80.3,6.4,14.4,June,2023
14862,Sangareddy,Sangareddy,2023-06-12,0.0,26.4,36.4,45.2,78.0,0.0,9.1,June,2023
14863,Sangareddy,Sangareddy,2023-06-13,0.0,26.2,36.6,41.9,71.9,0.0,4.9,June,2023
14864,Sangareddy,Sangareddy,2023-06-14,0.0,26.5,37.6,35.5,73.7,9.6,15.9,June,2023
14865,Sangareddy,Sangareddy,2023-06-15,0.0,26.4,36.6,38.0,71.5,5.3,10.4,June,2023
14866,Sangareddy,Sangareddy,2023-06-16,0.0,26.5,37.2,35.2,67.4,1.5,5.7,June,2023
14867,Sangareddy,Sangareddy,2023-06-17,0.0,26.9,37.4,34.9,71.5,0.6,5.5,June,2023
14868,Sangareddy,Sangareddy,2023-06-18,0.0,27.8,36.3,41.3,66.5,0.7,5.0,June,2023
14869,Sangareddy,Sangareddy,2023-06-19,0.0,28.3,37.3,38.3,64.1,0.0,5.1,June,2023
14870,Sangareddy,Sangareddy,2023-06-20,0.0,28.0,37.0,42.8,60.8,0.9,19.0,June,2023
14871,Sangareddy,Sangareddy,2023-06-21,0.0,29.0,37.6,36.9,61.7,4.9,14.9,June,2023
14872,Sangareddy,Sangareddy,2023-06-22,15.4,24.2,36.6,38.6,100.0,4.0,14.5,June,2023
14873,Sangareddy,Sangareddy,2023-06-23,0.0,24.4,33.5,54.0,93.1,2.2,5.9,June,2023
14874,Sangareddy,Sangareddy,2023-06-24,12.5,24.2,33.6,56.4,100.0,10.0,12.9,June,2023
14875,Sangareddy,Sangareddy,2023-06-25,13.4,22.3,31.3,70.2,100.0,0.7,15.2,June,2023
14876,Sangareddy,Sangareddy,2023-06-26,0.0,24.4,30.5,71.1,92.2,5.4,15.0,June,2023
14877,Sangareddy,Sangareddy,2023-06-27,0.6,23.9,30.3,68.9,97.5,0.3,15.4,June,2023
14878,Sangareddy,Sangareddy,2023-06-28,13.1,23.0,30.6,68.9,100.0,0.0,16.3,June,2023
14879,Sangareddy,Sangareddy,2023-06-29,3.1,23.7,31.1,68.4,100.0,0.4,14.8,June,2023
14880,Sangareddy,Sangareddy,2023-06-30,0.0,23.7,31.8,64.6,89.9,4.4,17.1,June,2023
14881,Sangareddy,Sirgapoor,2023-06-01,0.0,25.0,39.1,31.0,72.5,0.0,11.0,June,2023
14882,Sangareddy,Sirgapoor,2023-06-02,0.0,28.8,40.2,23.4,57.6,0.0,13.7,June,2023
14883,Sangareddy,Sirgapoor,2023-06-03,0.0,27.8,39.8,20.3,51.5,0.0,14.5,June,2023
14884,Sangareddy,Sirgapoor,2023-06-04,0.0,28.3,39.9,26.8,61.9,0.0,12.1,June,2023
14885,Sangareddy,Sirgapoor,2023-06-05,2.6,22.0,38.5,32.3,85.2,0.4,18.1,June,2023
14886,Sangareddy,Sirgapoor,2023-06-06,0.0,27.3,37.0,35.5,63.0,0.0,12.1,June,2023
14887,Sangareddy,Sirgapoor,2023-06-07,1.9,25.1,38.9,30.4,84.2,0.0,13.8,June,2023
14888,Sangareddy,Sirgapoor,2023-06-08,5.3,26.5,40.0,35.0,73.6,2.3,21.5,June,2023
14889,Sangareddy,Sirgapoor,2023-06-09,0.0,27.7,38.7,34.3,85.0,0.0,15.3,June,2023
14890,Sangareddy,Sirgapoor,2023-06-10,0.7,27.4,38.8,28.2,68.4,2.0,14.7,June,2023
14891,Sangareddy,Sirgapoor,2023-06-11,2.9,24.0,38.1,35.0,91.1,2.0,15.4,June,2023
14892,Sangareddy,Sirgapoor,2023-06-12,0.0,27.0,38.5,36.9,71.5,1.4,14.9,June,2023
14893,Sangareddy,Sirgapoor,2023-06-13,0.0,26.7,38.6,32.0,65.6,3.4,15.4,June,2023
14894,Sangareddy,Sirgapoor,2023-06-14,0.0,26.0,39.2,26.7,73.1,2.7,16.1,June,2023
14895,Sangareddy,Sirgapoor,2023-06-15,0.0,26.4,38.3,29.9,68.7,1.9,13.9,June,2023
14896,Sangareddy,Sirgapoor,2023-06-16,0.0,26.8,38.2,26.0,63.3,2.3,15.4,June,2023
14897,Sangareddy,Sirgapoor,2023-06-17,0.0,27.3,39.1,27.0,66.5,2.2,15.1,June,2023
14898,Sangareddy,Sirgapoor,2023-06-18,0.0,27.7,38.4,31.9,62.8,1.3,15.2,June,2023
14899,Sangareddy,Sirgapoor,2023-06-19,0.0,28.4,38.3,31.5,62.8,1.5,16.1,June,2023
14900,Sangareddy,Sirgapoor,2023-06-20,0.0,28.8,37.7,31.6,60.0,0.0,13.7,June,2023
14901,Sangareddy,Sirgapoor,2023-06-21,0.0,28.4,38.8,31.0,61.3,0.0,12.5,June,2023
14902,Sangareddy,Sirgapoor,2023-06-22,0.0,26.0,37.7,36.7,76.4,0.4,15.4,June,2023
14903,Sangareddy,Sirgapoor,2023-06-23,31.1,23.6,36.4,37.8,97.4,0.0,14.5,June,2023
14904,Sangareddy,Sirgapoor,2023-06-24,27.1,23.5,34.6,45.7,98.3,0.6,10.6,June,2023
14905,Sangareddy,Sirgapoor,2023-06-25,7.5,23.0,31.9,61.6,98.8,1.5,12.4,June,2023
14906,Sangareddy,Sirgapoor,2023-06-26,6.5,24.2,33.0,57.6,96.5,1.4,11.8,June,2023
14907,Sangareddy,Sirgapoor,2023-06-27,1.3,24.0,29.4,68.8,94.7,0.0,12.1,June,2023
14908,Sangareddy,Sirgapoor,2023-06-28,14.0,23.1,31.4,62.9,100.0,0.0,12.5,June,2023
14909,Sangareddy,Sirgapoor,2023-06-29,2.3,23.8,32.3,61.5,95.6,0.3,14.1,June,2023
14910,Sangareddy,Sirgapoor,2023-06-30,0.0,24.2,32.6,57.7,81.7,2.8,13.7,June,2023
14911,Sangareddy,Watpalle,2023-06-01,0.0,25.2,39.2,27.7,71.5,0.0,12.2,June,2023
14912,Sangareddy,Watpalle,2023-06-02,0.0,27.7,39.9,21.5,61.9,0.0,14.4,June,2023
14913,Sangareddy,Watpalle,2023-06-03,0.0,27.3,40.2,17.0,49.7,0.0,12.2,June,2023
14914,Sangareddy,Watpalle,2023-06-04,2.8,22.8,40.4,21.2,87.4,0.0,13.3,June,2023
14915,Sangareddy,Watpalle,2023-06-05,0.0,21.8,37.8,33.5,84.8,0.2,12.9,June,2023
14916,Sangareddy,Watpalle,2023-06-06,0.0,26.1,36.8,31.3,64.9,0.0,8.5,June,2023
14917,Sangareddy,Watpalle,2023-06-07,0.0,27.9,38.5,28.2,62.9,0.0,13.1,June,2023
14918,Sangareddy,Watpalle,2023-06-08,9.4,23.0,38.8,28.9,86.1,0.2,19.4,June,2023
14919,Sangareddy,Watpalle,2023-06-09,0.0,26.8,38.5,29.2,68.1,3.1,17.3,June,2023
14920,Sangareddy,Watpalle,2023-06-10,0.0,26.6,38.2,31.4,70.9,3.4,10.4,June,2023
14921,Sangareddy,Watpalle,2023-06-11,0.0,25.9,38.6,36.4,74.7,4.4,15.4,June,2023
14922,Sangareddy,Watpalle,2023-06-12,0.0,27.0,37.7,36.5,72.4,0.3,8.7,June,2023
14923,Sangareddy,Watpalle,2023-06-13,0.0,26.6,38.5,23.6,70.6,0.0,7.3,June,2023
14924,Sangareddy,Watpalle,2023-06-14,0.6,26.6,39.6,23.4,76.4,0.0,8.5,June,2023
14925,Sangareddy,Watpalle,2023-06-15,0.0,26.4,38.5,27.6,67.8,14.2,14.3,June,2023
14926,Sangareddy,Watpalle,2023-06-16,0.0,26.9,38.2,30.9,63.1,4.0,14.7,June,2023
14927,Sangareddy,Watpalle,2023-06-17,0.0,26.3,38.7,30.7,69.8,2.0,14.2,June,2023
14928,Sangareddy,Watpalle,2023-06-18,0.0,26.5,39.0,31.0,63.1,0.1,7.6,June,2023
14929,Sangareddy,Watpalle,2023-06-19,0.0,25.4,39.2,20.9,71.5,0.0,6.4,June,2023
14930,Sangareddy,Watpalle,2023-06-20,0.0,28.0,39.2,37.4,55.0,0.0,6.3,June,2023
14931,Sangareddy,Watpalle,2023-06-21,0.0,27.8,39.2,25.6,58.7,0.0,6.6,June,2023
14932,Sangareddy,Watpalle,2023-06-22,0.0,23.2,39.5,35.3,87.5,0.0,6.7,June,2023
14933,Sangareddy,Watpalle,2023-06-23,11.3,23.9,35.4,42.1,72.6,1.4,9.0,June,2023
14934,Sangareddy,Watpalle,2023-06-24,4.2,23.3,34.6,52.0,99.9,0.0,5.1,June,2023
14935,Sangareddy,Watpalle,2023-06-25,23.7,22.1,31.6,68.9,99.9,0.2,14.1,June,2023
14936,Sangareddy,Watpalle,2023-06-26,0.3,23.8,31.5,62.4,90.8,4.9,14.4,June,2023
14937,Sangareddy,Watpalle,2023-06-27,6.1,23.3,29.1,70.8,96.2,0.3,17.8,June,2023
14938,Sangareddy,Watpalle,2023-06-28,7.7,22.6,31.2,65.3,97.2,0.0,15.3,June,2023
14939,Sangareddy,Watpalle,2023-06-29,15.7,22.6,32.5,60.5,97.6,0.0,13.8,June,2023
14940,Sangareddy,Watpalle,2023-06-30,0.0,23.3,32.0,60.0,87.0,0.0,14.3,June,2023
14941,Sangareddy,Zahirabad,2023-06-01,0.0,23.1,38.5,17.3,72.4,0.0,14.4,June,2023
14942,Sangareddy,Zahirabad,2023-06-02,0.0,23.9,39.2,11.0,73.5,0.0,14.6,June,2023
14943,Sangareddy,Zahirabad,2023-06-03,0.0,26.2,40.3,11.0,52.5,0.0,15.3,June,2023
14944,Sangareddy,Zahirabad,2023-06-04,0.6,22.3,41.2,13.6,84.7,0.0,15.3,June,2023
14945,Sangareddy,Zahirabad,2023-06-05,10.9,20.0,39.2,22.9,94.7,0.0,17.1,June,2023
14946,Sangareddy,Zahirabad,2023-06-06,0.0,23.6,36.8,24.7,77.1,0.0,13.0,June,2023
14947,Sangareddy,Zahirabad,2023-06-07,0.0,25.0,38.3,21.6,72.3,0.0,13.9,June,2023
14948,Sangareddy,Zahirabad,2023-06-08,2.8,23.5,38.2,26.7,82.9,1.5,15.1,June,2023
14949,Sangareddy,Zahirabad,2023-06-09,0.3,24.2,38.3,24.0,73.6,0.0,14.9,June,2023
14950,Sangareddy,Zahirabad,2023-06-10,1.9,23.1,37.4,25.3,86.9,2.8,12.4,June,2023
14951,Sangareddy,Zahirabad,2023-06-11,18.8,21.0,36.5,35.1,100.0,2.0,14.8,June,2023
14952,Sangareddy,Zahirabad,2023-06-12,3.4,23.1,36.6,37.5,93.5,0.0,15.1,June,2023
14953,Sangareddy,Zahirabad,2023-06-13,0.0,23.7,36.6,28.0,79.1,0.0,12.3,June,2023
14954,Sangareddy,Zahirabad,2023-06-14,0.0,23.8,37.8,24.0,82.0,3.1,15.0,June,2023
14955,Sangareddy,Zahirabad,2023-06-15,0.0,23.7,37.1,27.7,78.4,3.7,14.6,June,2023
14956,Sangareddy,Zahirabad,2023-06-16,0.0,24.2,37.7,24.7,72.8,1.8,14.6,June,2023
14957,Sangareddy,Zahirabad,2023-06-17,0.0,24.5,37.8,24.0,77.1,1.8,13.4,June,2023
14958,Sangareddy,Zahirabad,2023-06-18,0.0,24.8,37.2,26.7,73.6,1.6,15.2,June,2023
14959,Sangareddy,Zahirabad,2023-06-19,0.0,25.7,38.2,26.7,69.9,1.5,13.5,June,2023
14960,Sangareddy,Zahirabad,2023-06-20,0.0,25.4,37.4,25.7,69.0,0.0,10.8,June,2023
14961,Sangareddy,Zahirabad,2023-06-21,0.0,26.4,38.0,18.7,68.5,0.0,12.6,June,2023
14962,Sangareddy,Zahirabad,2023-06-22,0.0,25.0,38.1,24.7,74.9,1.2,13.9,June,2023
14963,Sangareddy,Zahirabad,2023-06-23,1.2,23.1,36.8,30.6,100.0,1.4,13.1,June,2023
14964,Sangareddy,Zahirabad,2023-06-24,12.1,23.1,35.6,34.3,100.0,2.2,14.3,June,2023
14965,Sangareddy,Zahirabad,2023-06-25,45.1,21.6,31.7,58.4,100.0,1.6,14.8,June,2023
14966,Sangareddy,Zahirabad,2023-06-26,0.7,22.6,31.8,57.0,100.0,2.2,14.2,June,2023
14967,Sangareddy,Zahirabad,2023-06-27,2.5,21.8,31.5,56.4,100.0,0.6,14.7,June,2023
14968,Sangareddy,Zahirabad,2023-06-28,14.0,21.9,30.4,66.0,100.0,0.9,12.4,June,2023
14969,Sangareddy,Zahirabad,2023-06-29,6.3,21.5,32.0,65.1,100.0,0.0,12.3,June,2023
14970,Sangareddy,Zahirabad,2023-06-30,0.0,21.7,31.3,61.8,100.0,3.0,15.2,June,2023
14971,Siddipet,25,2023-06-01,0.0,23.9,41.7,31.4,82.8,0.0,8.4,June,2023
14972,Siddipet,25,2023-06-02,0.0,26.5,41.6,26.6,64.3,0.0,9.8,June,2023
14973,Siddipet,25,2023-06-03,0.0,27.0,42.2,19.1,54.3,0.0,5.9,June,2023
14974,Siddipet,25,2023-06-04,0.0,28.4,41.8,23.8,55.6,0.0,7.7,June,2023
14975,Siddipet,25,2023-06-05,14.8,22.7,42.3,25.3,90.1,0.0,7.8,June,2023
14976,Siddipet,25,2023-06-06,0.0,25.1,36.8,31.4,75.8,0.0,7.1,June,2023
14977,Siddipet,25,2023-06-07,0.0,27.9,41.7,30.8,64.1,0.0,9.5,June,2023
14978,Siddipet,25,2023-06-08,0.0,27.3,42.5,26.0,68.9,0.0,6.3,June,2023
14979,Siddipet,25,2023-06-09,0.0,27.5,38.9,27.9,57.7,0.0,3.8,June,2023
14980,Siddipet,25,2023-06-10,0.0,27.7,39.9,26.6,63.6,0.0,9.6,June,2023
14981,Siddipet,25,2023-06-11,0.0,25.9,39.9,33.4,75.9,0.0,4.6,June,2023
14982,Siddipet,25,2023-06-12,0.0,27.2,41.9,34.1,72.1,0.0,5.7,June,2023
14983,Siddipet,25,2023-06-13,0.0,26.9,43.9,31.5,62.2,0.0,7.4,June,2023
14984,Siddipet,25,2023-06-14,0.0,28.0,44.4,26.3,62.6,0.0,4.0,June,2023
14985,Siddipet,25,2023-06-15,0.0,27.6,42.4,26.9,62.2,0.0,4.6,June,2023
14986,Siddipet,25,2023-06-16,0.0,27.4,42.1,29.0,57.6,0.0,3.3,June,2023
14987,Siddipet,25,2023-06-17,0.0,27.6,44.6,25.0,62.9,0.0,4.3,June,2023
14988,Siddipet,25,2023-06-18,0.0,28.4,42.1,31.7,62.6,0.0,2.4,June,2023
14989,Siddipet,25,2023-06-19,0.0,28.4,41.9,31.5,57.0,0.0,3.9,June,2023
14990,Siddipet,25,2023-06-20,0.0,27.4,37.2,31.7,65.1,0.0,5.5,June,2023
14991,Siddipet,25,2023-06-21,0.0,28.1,42.4,31.7,65.8,0.0,6.5,June,2023
14992,Siddipet,25,2023-06-22,1.0,25.2,39.9,33.5,88.0,0.0,10.2,June,2023
14993,Siddipet,25,2023-06-23,8.5,25.2,33.9,43.7,84.3,0.0,13.9,June,2023
14994,Siddipet,25,2023-06-24,0.8,23.9,34.6,50.2,97.3,0.0,0.9,June,2023
14995,Siddipet,25,2023-06-25,14.3,22.0,30.2,58.2,100.0,0.0,7.6,June,2023
14996,Siddipet,25,2023-06-26,35.0,23.1,30.4,63.5,99.9,0.0,5.9,June,2023
14997,Siddipet,25,2023-06-27,0.0,23.2,30.4,81.0,99.9,0.0,2.6,June,2023
14998,Siddipet,25,2023-06-28,10.8,22.8,32.6,77.1,99.9,0.0,4.0,June,2023
14999,Siddipet,25,2023-06-29,28.5,22.7,32.3,80.3,99.9,0.0,7.0,June,2023
15000,Siddipet,25,2023-06-30,0.0,23.6,32.7,57.4,92.1,0.0,8.5,June,2023
15001,Siddipet,26,2023-06-01,0.0,24.0,40.0,26.3,87.9,0.0,5.8,June,2023
15002,Siddipet,26,2023-06-02,0.0,25.3,40.4,24.3,76.2,0.0,5.5,June,2023
15003,Siddipet,26,2023-06-03,0.0,26.0,42.7,15.8,59.1,0.0,12.8,June,2023
15004,Siddipet,26,2023-06-04,0.0,28.4,42.0,22.8,62.5,0.0,9.2,June,2023
15005,Siddipet,26,2023-06-05,4.9,22.6,41.8,26.5,100.0,0.0,8.4,June,2023
15006,Siddipet,26,2023-06-06,0.0,23.9,39.6,26.8,79.2,0.0,7.2,June,2023
15007,Siddipet,26,2023-06-07,0.0,26.6,41.0,28.1,67.6,0.0,6.9,June,2023
15008,Siddipet,26,2023-06-08,0.0,26.4,41.7,23.9,69.0,0.0,10.6,June,2023
15009,Siddipet,26,2023-06-09,0.0,26.7,42.4,24.9,66.7,0.0,8.5,June,2023
15010,Siddipet,26,2023-06-10,0.0,26.9,42.5,22.8,70.3,0.0,10.8,June,2023
15011,Siddipet,26,2023-06-11,0.0,25.8,41.1,29.1,76.2,0.0,9.4,June,2023
15012,Siddipet,26,2023-06-12,1.5,23.5,38.3,29.5,86.8,0.0,12.3,June,2023
15013,Siddipet,26,2023-06-13,0.0,26.7,40.4,29.0,65.3,0.0,9.6,June,2023
15014,Siddipet,26,2023-06-14,0.0,27.0,41.1,24.9,68.6,0.0,9.8,June,2023
15015,Siddipet,26,2023-06-15,0.0,26.9,39.8,25.6,63.5,0.0,10.2,June,2023
15016,Siddipet,26,2023-06-16,0.0,27.1,40.1,24.0,57.2,0.0,11.5,June,2023
15017,Siddipet,26,2023-06-17,0.0,27.3,41.6,22.9,63.0,0.0,12.1,June,2023
15018,Siddipet,26,2023-06-18,0.0,28.1,41.7,29.6,59.5,0.0,13.9,June,2023
15019,Siddipet,26,2023-06-19,0.0,28.4,40.8,26.9,58.0,0.0,13.5,June,2023
15020,Siddipet,26,2023-06-20,0.0,27.1,40.1,28.3,62.5,0.0,10.7,June,2023
15021,Siddipet,26,2023-06-21,0.0,25.5,40.8,28.3,79.8,0.0,12.3,June,2023
15022,Siddipet,26,2023-06-22,5.2,23.3,40.2,33.0,100.0,0.0,14.5,June,2023
15023,Siddipet,26,2023-06-23,3.2,23.8,36.1,41.2,100.0,0.0,16.4,June,2023
15024,Siddipet,26,2023-06-24,35.8,23.3,33.2,52.4,100.0,0.0,10.9,June,2023
15025,Siddipet,26,2023-06-25,3.4,22.6,31.9,64.5,100.0,0.0,15.3,June,2023
15026,Siddipet,26,2023-06-26,10.7,22.7,31.9,65.5,100.0,0.0,14.5,June,2023
15027,Siddipet,26,2023-06-27,2.1,22.9,29.0,74.7,95.4,0.0,13.9,June,2023
15028,Siddipet,26,2023-06-28,2.4,22.8,31.4,62.5,100.0,0.0,14.2,June,2023
15029,Siddipet,26,2023-06-29,9.8,22.7,32.2,62.0,100.0,0.0,13.8,June,2023
15030,Siddipet,26,2023-06-30,0.3,23.2,32.9,58.0,98.1,0.0,12.7,June,2023
15031,Siddipet,Anthakkapeta,2023-06-01,0.0,24.2,41.9,22.1,69.3,0.0,6.9,June,2023
15032,Siddipet,Anthakkapeta,2023-06-02,0.0,25.6,42.4,17.8,57.5,0.0,8.4,June,2023
15033,Siddipet,Anthakkapeta,2023-06-03,0.0,27.4,44.7,11.6,52.6,0.0,8.4,June,2023
15034,Siddipet,Anthakkapeta,2023-06-04,0.2,27.9,44.1,16.7,47.6,0.0,14.9,June,2023
15035,Siddipet,Anthakkapeta,2023-06-05,0.0,22.5,44.7,16.9,84.6,0.0,15.1,June,2023
15036,Siddipet,Anthakkapeta,2023-06-06,0.0,27.2,40.4,21.8,55.1,0.0,10.8,June,2023
15037,Siddipet,Anthakkapeta,2023-06-07,0.0,28.1,41.8,20.7,52.8,0.5,13.3,June,2023
15038,Siddipet,Anthakkapeta,2023-06-08,0.0,28.1,43.7,18.7,51.0,0.0,20.8,June,2023
15039,Siddipet,Anthakkapeta,2023-06-09,0.0,28.1,44.6,14.9,51.9,0.0,18.9,June,2023
15040,Siddipet,Anthakkapeta,2023-06-10,0.0,28.3,44.0,14.7,51.5,0.0,19.2,June,2023
15041,Siddipet,Anthakkapeta,2023-06-11,0.0,27.3,43.0,22.7,65.0,1.8,15.4,June,2023
15042,Siddipet,Anthakkapeta,2023-06-12,0.0,28.3,41.5,26.1,57.8,0.7,13.1,June,2023
15043,Siddipet,Anthakkapeta,2023-06-13,0.0,28.2,41.3,24.1,52.6,1.5,17.4,June,2023
15044,Siddipet,Anthakkapeta,2023-06-14,0.0,28.2,42.4,18.7,48.8,0.1,17.4,June,2023
15045,Siddipet,Anthakkapeta,2023-06-15,0.0,28.3,41.2,20.7,50.3,0.4,17.7,June,2023
15046,Siddipet,Anthakkapeta,2023-06-16,0.0,28.4,40.9,20.5,51.3,0.0,19.5,June,2023
15047,Siddipet,Anthakkapeta,2023-06-17,0.0,28.4,42.3,18.0,46.0,0.6,15.6,June,2023
15048,Siddipet,Anthakkapeta,2023-06-18,0.0,29.5,41.0,23.8,49.6,0.8,15.6,June,2023
15049,Siddipet,Anthakkapeta,2023-06-19,0.0,29.5,41.8,24.1,50.0,0.0,14.9,June,2023
15050,Siddipet,Anthakkapeta,2023-06-20,0.0,26.5,41.8,22.1,56.3,0.0,13.4,June,2023
15051,Siddipet,Anthakkapeta,2023-06-21,0.0,26.2,41.7,24.1,70.1,0.0,15.4,June,2023
15052,Siddipet,Anthakkapeta,2023-06-22,18.5,24.2,41.8,25.4,92.9,1.4,13.5,June,2023
15053,Siddipet,Anthakkapeta,2023-06-23,2.6,24.5,36.1,42.7,90.4,0.0,11.7,June,2023
15054,Siddipet,Anthakkapeta,2023-06-24,20.6,22.8,32.9,53.8,94.6,0.0,7.4,June,2023
15055,Siddipet,Anthakkapeta,2023-06-25,1.0,23.3,32.2,58.2,89.0,0.2,11.7,June,2023
15056,Siddipet,Anthakkapeta,2023-06-26,1.2,23.7,32.4,60.2,85.7,0.3,15.5,June,2023
15057,Siddipet,Anthakkapeta,2023-06-27,0.0,23.8,31.2,60.2,80.0,0.0,14.8,June,2023
15058,Siddipet,Anthakkapeta,2023-06-28,0.8,23.6,32.2,54.8,85.5,0.0,16.0,June,2023
15059,Siddipet,Anthakkapeta,2023-06-29,1.4,24.1,32.6,53.4,85.7,0.0,14.6,June,2023
15060,Siddipet,Anthakkapeta,2023-06-30,0.0,24.9,34.8,48.5,85.3,1.7,16.1,June,2023
15061,Siddipet,Bejjanki,2023-06-01,0.0,26.2,39.7,33.9,75.9,0.0,5.6,June,2023
15062,Siddipet,Bejjanki,2023-06-02,0.0,26.7,40.9,29.7,72.3,0.0,10.5,June,2023
15063,Siddipet,Bejjanki,2023-06-03,0.0,28.2,43.2,20.9,60.7,0.0,10.4,June,2023
15064,Siddipet,Bejjanki,2023-06-04,0.0,28.7,43.3,24.2,65.0,0.0,12.5,June,2023
15065,Siddipet,Bejjanki,2023-06-05,6.2,23.3,42.3,26.8,94.9,0.0,14.0,June,2023
15066,Siddipet,Bejjanki,2023-06-06,0.0,29.6,38.9,32.9,59.3,0.0,7.9,June,2023
15067,Siddipet,Bejjanki,2023-06-07,0.0,29.6,41.7,28.6,59.7,0.0,11.1,June,2023
15068,Siddipet,Bejjanki,2023-06-08,0.0,29.4,41.7,30.2,61.2,0.4,14.1,June,2023
15069,Siddipet,Bejjanki,2023-06-09,0.0,30.0,42.1,27.5,56.4,0.0,12.0,June,2023
15070,Siddipet,Bejjanki,2023-06-10,0.0,29.4,42.0,26.6,62.1,0.0,18.3,June,2023
15071,Siddipet,Bejjanki,2023-06-11,9.7,24.8,41.1,33.5,76.2,0.0,9.8,June,2023
15072,Siddipet,Bejjanki,2023-06-12,0.0,29.0,39.7,37.5,71.5,0.0,13.3,June,2023
15073,Siddipet,Bejjanki,2023-06-13,0.0,29.5,41.5,31.5,56.8,0.0,8.3,June,2023
15074,Siddipet,Bejjanki,2023-06-14,0.0,29.8,41.8,27.5,61.2,0.0,6.6,June,2023
15075,Siddipet,Bejjanki,2023-06-15,0.0,29.4,40.9,29.9,58.8,0.0,8.0,June,2023
15076,Siddipet,Bejjanki,2023-06-16,0.0,30.0,41.1,28.2,53.5,0.0,8.6,June,2023
15077,Siddipet,Bejjanki,2023-06-17,0.0,30.1,42.1,26.8,57.8,0.0,6.0,June,2023
15078,Siddipet,Bejjanki,2023-06-18,0.0,30.6,41.7,31.5,54.9,0.0,8.1,June,2023
15079,Siddipet,Bejjanki,2023-06-19,0.0,30.7,40.4,33.9,54.4,0.0,10.6,June,2023
15080,Siddipet,Bejjanki,2023-06-20,0.0,28.5,40.5,32.6,57.8,0.0,6.8,June,2023
15081,Siddipet,Bejjanki,2023-06-21,0.0,28.4,41.6,33.5,70.6,0.0,6.5,June,2023
15082,Siddipet,Bejjanki,2023-06-22,12.9,23.8,41.0,35.2,97.9,0.0,14.1,June,2023
15083,Siddipet,Bejjanki,2023-06-23,0.0,26.2,36.3,47.2,85.0,0.0,5.8,June,2023
15084,Siddipet,Bejjanki,2023-06-24,0.0,25.5,33.0,61.2,93.8,0.0,4.5,June,2023
15085,Siddipet,Bejjanki,2023-06-25,0.0,25.2,32.0,61.7,87.8,0.0,13.8,June,2023
15086,Siddipet,Bejjanki,2023-06-26,3.5,24.6,32.5,59.8,95.4,0.0,15.2,June,2023
15087,Siddipet,Bejjanki,2023-06-27,0.9,24.1,29.9,67.4,95.9,0.0,8.4,June,2023
15088,Siddipet,Bejjanki,2023-06-28,17.0,23.7,31.7,61.2,100.0,0.0,9.6,June,2023
15089,Siddipet,Bejjanki,2023-06-29,6.4,24.1,32.9,60.2,100.0,0.8,9.8,June,2023
15090,Siddipet,Bejjanki,2023-06-30,0.0,26.0,34.4,58.8,79.5,0.0,7.5,June,2023
15091,Siddipet,Cheriyal,2023-06-01,0.0,24.9,40.4,24.5,80.6,0.0,6.9,June,2023
15092,Siddipet,Cheriyal,2023-06-02,0.0,25.9,40.5,21.0,68.9,0.0,10.0,June,2023
15093,Siddipet,Cheriyal,2023-06-03,0.0,28.2,42.7,14.2,48.8,0.0,12.0,June,2023
15094,Siddipet,Cheriyal,2023-06-04,0.0,27.7,43.1,16.1,62.1,0.0,10.3,June,2023
15095,Siddipet,Cheriyal,2023-06-05,0.5,22.1,42.9,20.8,89.1,0.0,15.4,June,2023
15096,Siddipet,Cheriyal,2023-06-06,0.0,26.0,40.2,19.0,66.6,0.0,11.6,June,2023
15097,Siddipet,Cheriyal,2023-06-07,0.0,27.6,42.2,21.6,60.1,0.0,13.0,June,2023
15098,Siddipet,Cheriyal,2023-06-08,0.0,27.5,42.5,19.8,65.6,0.0,13.0,June,2023
15099,Siddipet,Cheriyal,2023-06-09,0.0,27.7,42.2,17.3,63.1,0.0,14.0,June,2023
15100,Siddipet,Cheriyal,2023-06-10,0.0,27.9,42.6,17.9,67.0,1.4,18.1,June,2023
15101,Siddipet,Cheriyal,2023-06-11,0.0,26.4,41.8,21.6,71.2,3.2,14.8,June,2023
15102,Siddipet,Cheriyal,2023-06-12,0.0,27.9,39.0,23.3,67.6,1.6,13.6,June,2023
15103,Siddipet,Cheriyal,2023-06-13,0.0,27.7,42.0,23.3,61.6,0.0,16.5,June,2023
15104,Siddipet,Cheriyal,2023-06-14,0.0,27.8,41.6,18.6,64.6,2.2,18.7,June,2023
15105,Siddipet,Cheriyal,2023-06-15,0.0,27.7,40.9,19.6,61.6,0.1,17.1,June,2023
15106,Siddipet,Cheriyal,2023-06-16,0.0,28.1,41.0,19.0,55.7,0.0,16.7,June,2023
15107,Siddipet,Cheriyal,2023-06-17,0.0,28.1,43.0,16.7,61.6,1.6,15.0,June,2023
15108,Siddipet,Cheriyal,2023-06-18,0.0,28.9,41.6,21.6,59.1,0.0,16.4,June,2023
15109,Siddipet,Cheriyal,2023-06-19,0.0,29.0,41.2,22.0,58.6,0.0,15.2,June,2023
15110,Siddipet,Cheriyal,2023-06-20,0.0,26.9,40.6,22.0,62.1,0.0,9.9,June,2023
15111,Siddipet,Cheriyal,2023-06-21,0.0,26.1,42.9,22.8,78.3,0.9,14.4,June,2023
15112,Siddipet,Cheriyal,2023-06-22,6.0,23.3,39.4,28.2,100.0,1.1,21.1,June,2023
15113,Siddipet,Cheriyal,2023-06-23,8.5,22.7,35.4,39.3,100.0,0.0,14.2,June,2023
15114,Siddipet,Cheriyal,2023-06-24,45.6,22.5,32.9,62.1,100.0,0.0,10.3,June,2023
15115,Siddipet,Cheriyal,2023-06-25,34.4,22.2,30.8,68.7,100.0,0.0,15.7,June,2023
15116,Siddipet,Cheriyal,2023-06-26,1.4,23.5,30.6,70.4,100.0,0.0,23.1,June,2023
15117,Siddipet,Cheriyal,2023-06-27,3.4,23.5,29.8,69.0,100.0,0.0,10.6,June,2023
15118,Siddipet,Cheriyal,2023-06-28,0.8,23.4,31.0,65.6,100.0,0.0,11.0,June,2023
15119,Siddipet,Cheriyal,2023-06-29,3.9,23.4,32.8,61.1,100.0,0.0,10.5,June,2023
15120,Siddipet,Cheriyal,2023-06-30,0.0,24.4,34.6,55.0,100.0,0.0,9.2,June,2023
15121,Siddipet,Chinnakodur,2023-06-01,0.0,26.4,42.1,28.1,70.4,0.0,4.4,June,2023
15122,Siddipet,Chinnakodur,2023-06-02,0.0,27.2,39.9,36.7,64.7,0.0,6.9,June,2023
15123,Siddipet,Chinnakodur,2023-06-03,0.0,28.4,43.3,16.0,54.8,0.0,6.7,June,2023
15124,Siddipet,Chinnakodur,2023-06-04,0.7,29.9,42.4,29.1,62.6,0.0,4.6,June,2023
15125,Siddipet,Chinnakodur,2023-06-05,1.3,24.0,41.4,23.2,79.5,0.1,6.9,June,2023
15126,Siddipet,Chinnakodur,2023-06-06,0.0,27.2,39.7,33.4,63.1,0.0,5.6,June,2023
15127,Siddipet,Chinnakodur,2023-06-07,0.0,27.6,41.2,36.3,62.7,0.0,6.4,June,2023
15128,Siddipet,Chinnakodur,2023-06-08,0.0,27.7,41.6,25.4,70.0,1.6,8.7,June,2023
15129,Siddipet,Chinnakodur,2023-06-09,0.0,28.0,42.4,40.2,63.1,0.0,6.0,June,2023
15130,Siddipet,Chinnakodur,2023-06-10,0.0,27.7,41.9,37.0,70.4,0.3,7.7,June,2023
15131,Siddipet,Chinnakodur,2023-06-11,0.0,26.6,40.7,28.8,73.2,0.0,7.8,June,2023
15132,Siddipet,Chinnakodur,2023-06-12,0.0,27.6,39.2,35.6,72.4,1.0,8.8,June,2023
15133,Siddipet,Chinnakodur,2023-06-13,0.0,27.4,41.4,42.6,63.1,0.0,8.2,June,2023
15134,Siddipet,Chinnakodur,2023-06-14,0.0,27.6,41.8,22.5,65.6,0.0,8.8,June,2023
15135,Siddipet,Chinnakodur,2023-06-15,0.0,27.7,40.6,35.6,64.2,0.0,8.1,June,2023
15136,Siddipet,Chinnakodur,2023-06-16,0.0,27.6,39.7,29.1,62.6,0.0,9.2,June,2023
15137,Siddipet,Chinnakodur,2023-06-17,0.0,28.4,40.9,30.4,62.8,0.0,5.7,June,2023
15138,Siddipet,Chinnakodur,2023-06-18,0.0,28.7,40.1,36.5,63.1,0.0,9.9,June,2023
15139,Siddipet,Chinnakodur,2023-06-19,0.0,29.0,40.4,43.2,62.6,0.0,6.5,June,2023
15140,Siddipet,Chinnakodur,2023-06-20,0.0,27.9,39.8,28.1,62.7,0.0,5.6,June,2023
15141,Siddipet,Chinnakodur,2023-06-21,0.0,27.3,41.4,35.3,72.8,0.0,6.6,June,2023
15142,Siddipet,Chinnakodur,2023-06-22,2.8,23.2,39.6,39.3,83.9,0.0,7.4,June,2023
15143,Siddipet,Chinnakodur,2023-06-23,0.0,24.7,37.0,55.6,86.0,0.0,7.8,June,2023
15144,Siddipet,Chinnakodur,2023-06-24,26.6,25.2,33.7,51.3,97.3,0.0,3.4,June,2023
15145,Siddipet,Chinnakodur,2023-06-25,8.1,22.9,30.7,68.0,91.4,0.0,6.6,June,2023
15146,Siddipet,Chinnakodur,2023-06-26,18.7,23.3,32.4,74.0,94.3,0.0,4.1,June,2023
15147,Siddipet,Chinnakodur,2023-06-27,0.7,23.1,28.6,70.9,90.4,0.0,2.5,June,2023
15148,Siddipet,Chinnakodur,2023-06-28,9.8,22.6,30.3,71.2,91.6,0.0,7.4,June,2023
15149,Siddipet,Chinnakodur,2023-06-29,12.0,22.9,32.7,73.4,92.1,0.0,5.5,June,2023
15150,Siddipet,Chinnakodur,2023-06-30,0.0,24.0,32.5,62.3,83.9,0.0,3.7,June,2023
15151,Siddipet,Dhoolmitta,2023-06-01,0.0,22.8,39.5,31.8,88.7,0.0,5.6,June,2023
15152,Siddipet,Dhoolmitta,2023-06-02,0.0,23.8,39.0,31.4,81.1,0.0,7.7,June,2023
15153,Siddipet,Dhoolmitta,2023-06-03,0.0,27.5,41.8,21.8,63.2,0.0,5.8,June,2023
15154,Siddipet,Dhoolmitta,2023-06-04,0.0,27.2,41.9,23.4,65.1,0.0,8.7,June,2023
15155,Siddipet,Dhoolmitta,2023-06-05,0.5,21.8,41.4,26.1,88.4,0.0,16.0,June,2023
15156,Siddipet,Dhoolmitta,2023-06-06,0.0,24.8,39.6,29.2,70.4,0.0,7.1,June,2023
15157,Siddipet,Dhoolmitta,2023-06-07,0.0,28.0,39.7,29.0,56.9,0.0,10.2,June,2023
15158,Siddipet,Dhoolmitta,2023-06-08,0.0,28.3,40.0,28.0,55.6,0.0,13.2,June,2023
15159,Siddipet,Dhoolmitta,2023-06-09,0.0,26.8,38.4,39.8,62.7,0.0,12.8,June,2023
15160,Siddipet,Dhoolmitta,2023-06-10,0.0,28.3,41.7,24.6,56.9,0.0,14.2,June,2023
15161,Siddipet,Dhoolmitta,2023-06-11,0.0,26.0,38.1,44.2,68.9,0.0,11.6,June,2023
15162,Siddipet,Dhoolmitta,2023-06-12,0.0,27.0,37.5,43.0,65.1,0.9,11.0,June,2023
15163,Siddipet,Dhoolmitta,2023-06-13,0.0,26.7,37.9,42.2,61.4,0.6,12.2,June,2023
15164,Siddipet,Dhoolmitta,2023-06-14,0.0,28.4,38.4,27.0,58.7,1.6,13.3,June,2023
15165,Siddipet,Dhoolmitta,2023-06-15,0.0,28.2,39.5,26.5,56.6,0.0,13.3,June,2023
15166,Siddipet,Dhoolmitta,2023-06-16,0.0,26.3,40.2,25.1,58.2,0.0,11.5,June,2023
15167,Siddipet,Dhoolmitta,2023-06-17,0.0,28.5,41.1,23.9,55.6,0.0,12.5,June,2023
15168,Siddipet,Dhoolmitta,2023-06-18,0.0,28.8,39.7,29.4,54.5,0.0,11.0,June,2023
15169,Siddipet,Dhoolmitta,2023-06-19,0.0,29.5,40.1,28.0,53.5,0.0,7.3,June,2023
15170,Siddipet,Dhoolmitta,2023-06-20,0.0,26.6,40.6,28.3,67.5,0.0,7.7,June,2023
15171,Siddipet,Dhoolmitta,2023-06-21,0.0,26.2,40.6,29.0,74.9,0.0,9.4,June,2023
15172,Siddipet,Dhoolmitta,2023-06-22,12.9,23.1,40.4,32.6,90.1,0.7,7.2,June,2023
15173,Siddipet,Dhoolmitta,2023-06-23,0.9,24.0,33.6,49.8,90.6,0.0,9.6,June,2023
15174,Siddipet,Dhoolmitta,2023-06-24,13.2,23.2,32.3,59.2,96.0,0.0,4.3,June,2023
15175,Siddipet,Dhoolmitta,2023-06-25,13.6,23.2,30.5,69.6,94.1,0.0,10.8,June,2023
15176,Siddipet,Dhoolmitta,2023-06-26,2.6,24.1,30.9,66.6,91.1,0.0,10.6,June,2023
15177,Siddipet,Dhoolmitta,2023-06-27,0.4,23.6,29.6,69.1,92.0,0.0,11.7,June,2023
15178,Siddipet,Dhoolmitta,2023-06-28,0.8,23.9,30.6,62.9,92.0,0.0,11.2,June,2023
15179,Siddipet,Dhoolmitta,2023-06-29,0.3,23.8,32.8,59.2,93.6,0.0,11.2,June,2023
15180,Siddipet,Dhoolmitta,2023-06-30,0.0,25.0,33.6,52.2,80.8,0.0,12.0,June,2023
15181,Siddipet,Doultabad,2023-06-01,0.0,27.3,38.3,27.4,59.1,0.0,12.2,June,2023
15182,Siddipet,Doultabad,2023-06-02,0.0,27.4,38.8,26.4,58.7,0.0,12.1,June,2023
15183,Siddipet,Doultabad,2023-06-03,0.0,27.5,40.1,18.3,46.2,0.0,11.7,June,2023
15184,Siddipet,Doultabad,2023-06-04,0.9,25.9,38.9,25.1,59.2,0.0,14.3,June,2023
15185,Siddipet,Doultabad,2023-06-05,0.0,23.5,38.5,27.0,74.4,0.0,17.1,June,2023
15186,Siddipet,Doultabad,2023-06-06,0.0,26.8,36.6,28.4,57.6,0.0,14.2,June,2023
15187,Siddipet,Doultabad,2023-06-07,0.0,27.8,38.0,29.5,58.2,0.0,14.7,June,2023
15188,Siddipet,Doultabad,2023-06-08,0.0,26.6,38.8,26.4,62.9,0.3,12.9,June,2023
15189,Siddipet,Doultabad,2023-06-09,0.0,27.2,38.6,25.8,60.6,1.6,18.4,June,2023
15190,Siddipet,Doultabad,2023-06-10,0.0,27.0,38.1,27.8,64.6,4.1,18.8,June,2023
15191,Siddipet,Doultabad,2023-06-11,0.0,25.8,36.9,33.0,70.1,0.0,21.0,June,2023
15192,Siddipet,Doultabad,2023-06-12,1.4,26.1,36.9,34.3,71.3,2.2,15.6,June,2023
15193,Siddipet,Doultabad,2023-06-13,0.0,26.8,37.0,31.0,59.8,0.0,18.5,June,2023
15194,Siddipet,Doultabad,2023-06-14,0.0,26.8,37.7,26.0,63.7,0.0,21.9,June,2023
15195,Siddipet,Doultabad,2023-06-15,0.0,27.4,36.9,27.3,59.3,0.3,17.5,June,2023
15196,Siddipet,Doultabad,2023-06-16,0.0,27.3,37.0,26.2,55.4,0.0,20.3,June,2023
15197,Siddipet,Doultabad,2023-06-17,0.0,27.3,37.2,26.5,59.5,0.0,18.4,June,2023
15198,Siddipet,Doultabad,2023-06-18,0.0,28.2,37.2,31.8,57.0,0.0,16.3,June,2023
15199,Siddipet,Doultabad,2023-06-19,0.0,28.5,36.7,29.6,56.0,0.0,12.1,June,2023
15200,Siddipet,Doultabad,2023-06-20,0.0,28.7,36.6,32.3,52.9,0.0,11.5,June,2023
15201,Siddipet,Doultabad,2023-06-21,0.0,27.3,37.6,32.1,67.7,0.0,13.2,June,2023
15202,Siddipet,Doultabad,2023-06-22,0.7,24.7,35.9,34.2,75.5,3.0,13.6,June,2023
15203,Siddipet,Doultabad,2023-06-23,1.5,23.6,34.4,40.9,76.4,0.0,15.5,June,2023
15204,Siddipet,Doultabad,2023-06-24,15.3,23.2,32.4,49.9,76.0,0.0,11.4,June,2023
15205,Siddipet,Doultabad,2023-06-25,2.6,22.6,30.0,64.0,92.4,0.0,16.4,June,2023
15206,Siddipet,Doultabad,2023-06-26,23.9,23.3,29.8,63.8,91.8,0.0,17.9,June,2023
15207,Siddipet,Doultabad,2023-06-27,2.1,23.4,28.6,63.8,94.6,0.0,15.6,June,2023
15208,Siddipet,Doultabad,2023-06-28,1.4,23.4,29.5,61.9,81.6,0.0,17.4,June,2023
15209,Siddipet,Doultabad,2023-06-29,13.4,23.1,29.3,67.7,88.5,0.0,14.5,June,2023
15210,Siddipet,Doultabad,2023-06-30,0.0,23.5,31.1,58.9,87.1,0.0,15.3,June,2023
15211,Siddipet,Dubbak,2023-06-01,0.0,23.3,39.5,30.9,82.3,0.0,10.7,June,2023
15212,Siddipet,Dubbak,2023-06-02,0.0,25.4,40.2,29.7,66.1,0.0,9.7,June,2023
15213,Siddipet,Dubbak,2023-06-03,0.0,25.2,42.7,19.0,53.8,0.0,9.2,June,2023
15214,Siddipet,Dubbak,2023-06-04,0.0,27.9,40.5,26.8,57.6,0.0,15.3,June,2023
15215,Siddipet,Dubbak,2023-06-05,0.0,22.0,42.1,26.4,90.6,0.0,15.0,June,2023
15216,Siddipet,Dubbak,2023-06-06,0.0,23.8,38.9,29.5,75.3,0.0,10.3,June,2023
15217,Siddipet,Dubbak,2023-06-07,0.5,25.2,40.7,28.8,70.0,0.0,16.9,June,2023
15218,Siddipet,Dubbak,2023-06-08,0.0,26.7,41.2,27.5,67.4,0.0,18.7,June,2023
15219,Siddipet,Dubbak,2023-06-09,0.0,27.3,41.5,26.8,62.8,0.0,16.9,June,2023
15220,Siddipet,Dubbak,2023-06-10,0.0,27.3,41.5,25.1,68.8,0.0,18.9,June,2023
15221,Siddipet,Dubbak,2023-06-11,0.0,26.1,40.2,31.2,78.2,0.0,18.1,June,2023
15222,Siddipet,Dubbak,2023-06-12,0.0,27.1,39.0,32.9,71.0,0.0,18.6,June,2023
15223,Siddipet,Dubbak,2023-06-13,0.0,26.9,41.0,30.9,63.8,0.0,23.2,June,2023
15224,Siddipet,Dubbak,2023-06-14,0.0,27.4,41.1,26.2,66.1,0.0,22.0,June,2023
15225,Siddipet,Dubbak,2023-06-15,0.0,27.1,40.8,26.8,64.7,0.0,20.6,June,2023
15226,Siddipet,Dubbak,2023-06-16,0.0,27.2,39.9,28.2,59.9,0.0,16.4,June,2023
15227,Siddipet,Dubbak,2023-06-17,0.0,27.3,40.9,26.8,64.2,0.0,25.4,June,2023
15228,Siddipet,Dubbak,2023-06-18,0.0,28.2,40.1,32.2,61.4,0.0,18.1,June,2023
15229,Siddipet,Dubbak,2023-06-19,0.0,28.1,40.1,31.5,60.4,0.0,15.1,June,2023
15230,Siddipet,Dubbak,2023-06-20,0.0,26.0,39.3,32.9,63.3,0.0,14.3,June,2023
15231,Siddipet,Dubbak,2023-06-21,0.0,26.9,40.1,31.5,74.1,0.0,17.4,June,2023
15232,Siddipet,Dubbak,2023-06-22,1.9,23.4,39.6,36.6,97.3,1.1,14.4,June,2023
15233,Siddipet,Dubbak,2023-06-23,0.3,24.7,35.1,44.9,89.3,0.0,15.4,June,2023
15234,Siddipet,Dubbak,2023-06-24,1.2,24.2,32.9,46.2,95.5,0.0,9.6,June,2023
15235,Siddipet,Dubbak,2023-06-25,26.7,22.0,32.6,61.9,100.0,0.0,14.4,June,2023
15236,Siddipet,Dubbak,2023-06-26,8.4,22.6,31.0,71.2,100.0,0.0,17.9,June,2023
15237,Siddipet,Dubbak,2023-06-27,0.0,23.0,29.4,68.4,99.6,0.0,18.1,June,2023
15238,Siddipet,Dubbak,2023-06-28,14.1,22.7,30.7,66.7,100.0,0.0,25.0,June,2023
15239,Siddipet,Dubbak,2023-06-29,29.6,22.3,33.0,69.5,100.0,0.0,14.6,June,2023
15240,Siddipet,Dubbak,2023-06-30,0.6,23.6,32.8,60.9,89.7,0.0,18.9,June,2023
15241,Siddipet,Gajwel,2023-06-01,0.0,23.9,39.4,26.8,82.6,0.2,14.4,June,2023
15242,Siddipet,Gajwel,2023-06-02,0.1,26.6,40.2,20.9,73.3,0.4,14.6,June,2023
15243,Siddipet,Gajwel,2023-06-03,0.0,27.5,41.2,11.7,53.5,0.0,15.3,June,2023
15244,Siddipet,Gajwel,2023-06-04,2.2,25.8,39.8,18.8,65.8,0.0,15.9,June,2023
15245,Siddipet,Gajwel,2023-06-05,0.6,22.8,38.7,28.7,100.0,0.8,15.9,June,2023
15246,Siddipet,Gajwel,2023-06-06,0.0,24.8,37.0,26.1,69.6,2.8,17.9,June,2023
15247,Siddipet,Gajwel,2023-06-07,0.0,26.9,38.2,27.6,64.2,0.0,22.7,June,2023
15248,Siddipet,Gajwel,2023-06-08,0.0,26.3,39.6,24.5,72.2,1.7,23.2,June,2023
15249,Siddipet,Gajwel,2023-06-09,0.0,26.8,39.0,22.4,68.3,2.8,22.8,June,2023
15250,Siddipet,Gajwel,2023-06-10,0.7,26.0,38.9,25.8,75.2,6.3,24.3,June,2023
15251,Siddipet,Gajwel,2023-06-11,3.3,25.4,38.8,32.3,80.1,2.8,20.3,June,2023
15252,Siddipet,Gajwel,2023-06-12,9.6,23.9,36.8,36.2,89.4,5.9,23.1,June,2023
15253,Siddipet,Gajwel,2023-06-13,0.0,25.7,37.5,34.5,76.7,3.5,22.5,June,2023
15254,Siddipet,Gajwel,2023-06-14,0.0,26.0,38.0,22.4,71.8,5.0,23.4,June,2023
15255,Siddipet,Gajwel,2023-06-15,0.0,25.9,38.1,25.8,67.3,5.2,23.4,June,2023
15256,Siddipet,Gajwel,2023-06-16,0.0,26.3,38.1,24.3,59.8,0.0,23.3,June,2023
15257,Siddipet,Gajwel,2023-06-17,0.0,26.4,38.7,23.9,65.8,4.2,17.2,June,2023
15258,Siddipet,Gajwel,2023-06-18,0.0,27.4,38.5,28.9,60.5,5.3,19.7,June,2023
15259,Siddipet,Gajwel,2023-06-19,0.0,27.6,38.7,25.8,61.3,0.0,21.3,June,2023
15260,Siddipet,Gajwel,2023-06-20,0.0,27.6,38.0,30.1,61.0,0.0,21.6,June,2023
15261,Siddipet,Gajwel,2023-06-21,0.3,25.9,38.9,28.2,78.6,2.8,20.4,June,2023
15262,Siddipet,Gajwel,2023-06-22,2.8,23.6,37.9,33.3,100.0,6.5,18.5,June,2023
15263,Siddipet,Gajwel,2023-06-23,0.1,23.9,34.1,44.0,100.0,0.0,23.3,June,2023
15264,Siddipet,Gajwel,2023-06-24,20.3,23.1,32.8,55.2,100.0,0.0,14.1,June,2023
15265,Siddipet,Gajwel,2023-06-25,6.5,23.0,30.7,71.9,100.0,0.0,19.5,June,2023
15266,Siddipet,Gajwel,2023-06-26,2.7,23.3,30.6,73.0,100.0,0.0,21.3,June,2023
15267,Siddipet,Gajwel,2023-06-27,2.1,23.1,28.1,80.5,100.0,0.5,23.2,June,2023
15268,Siddipet,Gajwel,2023-06-28,5.6,23.1,30.2,67.0,100.0,0.0,20.2,June,2023
15269,Siddipet,Gajwel,2023-06-29,9.4,22.7,31.3,69.4,100.0,0.0,15.2,June,2023
15270,Siddipet,Gajwel,2023-06-30,0.5,23.0,32.2,64.5,100.0,1.2,22.7,June,2023
15271,Siddipet,Husnabad,2023-06-01,0.0,25.0,39.5,34.5,86.1,0.0,6.6,June,2023
15272,Siddipet,Husnabad,2023-06-02,0.0,26.7,41.6,25.1,76.4,0.0,0.8,June,2023
15273,Siddipet,Husnabad,2023-06-03,0.0,26.9,42.2,16.4,62.2,0.0,1.4,June,2023
15274,Siddipet,Husnabad,2023-06-04,0.0,28.8,41.9,23.6,62.6,0.0,10.8,June,2023
15275,Siddipet,Husnabad,2023-06-05,0.0,23.0,41.2,22.2,96.9,0.0,4.6,June,2023
15276,Siddipet,Husnabad,2023-06-06,0.0,27.6,39.6,39.9,70.4,0.0,2.6,June,2023
15277,Siddipet,Husnabad,2023-06-07,0.0,28.3,41.8,28.1,65.3,0.0,3.4,June,2023
15278,Siddipet,Husnabad,2023-06-08,0.0,28.7,41.7,27.5,70.4,0.0,7.8,June,2023
15279,Siddipet,Husnabad,2023-06-09,0.0,29.4,42.1,23.5,62.6,0.0,7.1,June,2023
15280,Siddipet,Husnabad,2023-06-10,0.0,29.1,41.7,23.5,63.9,0.0,5.5,June,2023
15281,Siddipet,Husnabad,2023-06-11,8.0,28.2,40.0,32.8,86.1,0.0,3.3,June,2023
15282,Siddipet,Husnabad,2023-06-12,0.0,28.8,39.0,32.9,76.9,0.0,3.3,June,2023
15283,Siddipet,Husnabad,2023-06-13,0.0,29.3,40.4,32.6,62.8,0.0,8.5,June,2023
15284,Siddipet,Husnabad,2023-06-14,0.0,29.5,41.4,25.5,70.4,0.0,3.9,June,2023
15285,Siddipet,Husnabad,2023-06-15,0.0,29.3,40.4,25.7,63.4,0.0,3.8,June,2023
15286,Siddipet,Husnabad,2023-06-16,0.0,29.5,39.9,26.4,58.2,0.0,4.2,June,2023
15287,Siddipet,Husnabad,2023-06-17,0.0,30.3,40.8,21.7,62.7,0.0,1.3,June,2023
15288,Siddipet,Husnabad,2023-06-18,0.0,30.5,40.1,27.5,56.7,0.0,3.3,June,2023
15289,Siddipet,Husnabad,2023-06-19,0.0,30.6,40.0,29.1,56.5,0.0,1.7,June,2023
15290,Siddipet,Husnabad,2023-06-20,0.0,28.2,39.7,28.8,76.6,0.0,2.2,June,2023
15291,Siddipet,Husnabad,2023-06-21,0.0,27.3,40.0,31.0,83.9,0.0,0.5,June,2023
15292,Siddipet,Husnabad,2023-06-22,57.0,24.1,39.0,34.3,99.9,0.0,6.6,June,2023
15293,Siddipet,Husnabad,2023-06-23,0.0,25.8,36.2,44.8,99.9,0.0,8.6,June,2023
15294,Siddipet,Husnabad,2023-06-24,7.4,24.6,32.2,62.7,100.0,0.0,3.5,June,2023
15295,Siddipet,Husnabad,2023-06-25,0.9,24.5,30.7,77.8,95.7,0.0,4.1,June,2023
15296,Siddipet,Husnabad,2023-06-26,2.5,24.3,30.7,64.5,94.5,0.0,5.9,June,2023
15297,Siddipet,Husnabad,2023-06-27,0.0,24.5,28.8,85.0,100.0,0.0,4.6,June,2023
15298,Siddipet,Husnabad,2023-06-28,7.0,24.4,30.2,65.6,96.1,0.0,4.9,June,2023
15299,Siddipet,Husnabad,2023-06-29,2.6,24.8,31.5,65.6,93.3,0.0,3.0,June,2023
15300,Siddipet,Husnabad,2023-06-30,0.0,25.7,32.9,78.2,100.0,0.0,2.9,June,2023
15301,Siddipet,Jagadevpur,2023-06-01,0.0,24.9,36.8,32.1,74.2,0.0,8.4,June,2023
15302,Siddipet,Jagadevpur,2023-06-02,0.0,26.5,37.3,23.9,67.7,0.0,15.3,June,2023
15303,Siddipet,Jagadevpur,2023-06-03,0.0,27.3,39.2,16.0,47.8,0.0,15.0,June,2023
15304,Siddipet,Jagadevpur,2023-06-04,0.0,28.9,38.7,22.1,53.7,0.0,16.0,June,2023
15305,Siddipet,Jagadevpur,2023-06-05,3.9,22.3,40.2,22.2,92.0,0.1,17.0,June,2023
15306,Siddipet,Jagadevpur,2023-06-06,0.0,25.5,36.8,28.2,64.6,0.0,18.0,June,2023
15307,Siddipet,Jagadevpur,2023-06-07,0.0,27.3,37.9,31.3,61.3,0.0,18.5,June,2023
15308,Siddipet,Jagadevpur,2023-06-08,0.0,26.3,39.9,30.1,67.5,4.4,19.1,June,2023
15309,Siddipet,Jagadevpur,2023-06-09,0.0,26.6,39.4,24.4,65.9,0.0,19.3,June,2023
15310,Siddipet,Jagadevpur,2023-06-10,0.0,26.8,40.5,22.6,68.6,2.8,24.7,June,2023
15311,Siddipet,Jagadevpur,2023-06-11,0.0,25.4,38.9,30.4,74.2,6.3,21.3,June,2023
15312,Siddipet,Jagadevpur,2023-06-12,0.0,26.3,37.2,32.5,71.3,3.1,19.2,June,2023
15313,Siddipet,Jagadevpur,2023-06-13,0.0,26.4,37.3,32.5,62.5,0.0,24.0,June,2023
15314,Siddipet,Jagadevpur,2023-06-14,0.0,27.0,39.0,25.1,66.1,4.3,28.3,June,2023
15315,Siddipet,Jagadevpur,2023-06-15,0.0,26.9,37.8,27.4,62.1,2.7,26.0,June,2023
15316,Siddipet,Jagadevpur,2023-06-16,0.0,27.0,37.8,22.4,59.6,0.0,23.6,June,2023
15317,Siddipet,Jagadevpur,2023-06-17,0.0,27.3,38.9,23.3,61.0,4.1,21.0,June,2023
15318,Siddipet,Jagadevpur,2023-06-18,0.0,28.3,38.7,31.3,59.0,0.0,19.9,June,2023
15319,Siddipet,Jagadevpur,2023-06-19,0.0,28.6,39.4,28.2,59.6,0.0,18.3,June,2023
15320,Siddipet,Jagadevpur,2023-06-20,0.0,27.7,37.9,29.2,59.6,0.0,16.5,June,2023
15321,Siddipet,Jagadevpur,2023-06-21,0.0,25.7,38.0,32.0,81.9,3.4,18.2,June,2023
15322,Siddipet,Jagadevpur,2023-06-22,5.0,23.7,37.0,36.8,100.0,3.4,15.8,June,2023
15323,Siddipet,Jagadevpur,2023-06-23,17.5,24.0,33.2,50.2,100.0,0.0,16.2,June,2023
15324,Siddipet,Jagadevpur,2023-06-24,14.4,23.9,32.3,65.5,100.0,0.0,14.0,June,2023
15325,Siddipet,Jagadevpur,2023-06-25,12.8,23.0,30.2,67.4,100.0,0.0,19.8,June,2023
15326,Siddipet,Jagadevpur,2023-06-26,2.7,23.1,29.6,69.2,100.0,0.0,18.8,June,2023
15327,Siddipet,Jagadevpur,2023-06-27,3.2,23.2,27.6,71.1,100.0,2.1,15.7,June,2023
15328,Siddipet,Jagadevpur,2023-06-28,5.2,23.1,30.1,72.7,100.0,1.5,16.4,June,2023
15329,Siddipet,Jagadevpur,2023-06-29,0.9,23.3,31.6,73.5,100.0,0.0,14.6,June,2023
15330,Siddipet,Jagadevpur,2023-06-30,1.3,23.8,32.5,72.5,99.8,0.0,12.7,June,2023
15331,Siddipet,Koheda,2023-06-01,0.0,24.4,39.6,35.6,82.0,0.0,6.6,June,2023
15332,Siddipet,Koheda,2023-06-02,0.0,27.6,39.7,30.2,65.4,0.0,13.2,June,2023
15333,Siddipet,Koheda,2023-06-03,0.0,27.5,41.9,21.0,57.3,0.0,9.8,June,2023
15334,Siddipet,Koheda,2023-06-04,0.6,28.9,42.6,25.8,62.8,0.0,14.9,June,2023
15335,Siddipet,Koheda,2023-06-05,2.2,22.8,42.8,29.3,85.6,0.0,13.3,June,2023
15336,Siddipet,Koheda,2023-06-06,0.0,28.1,38.8,33.1,62.8,0.0,8.2,June,2023
15337,Siddipet,Koheda,2023-06-07,0.0,29.4,40.5,32.3,60.5,0.0,12.6,June,2023
15338,Siddipet,Koheda,2023-06-08,0.0,29.0,41.7,30.1,63.7,0.7,16.7,June,2023
15339,Siddipet,Koheda,2023-06-09,0.0,29.4,41.5,27.0,59.9,0.0,11.9,June,2023
15340,Siddipet,Koheda,2023-06-10,0.0,29.0,41.9,26.1,65.6,0.0,21.3,June,2023
15341,Siddipet,Koheda,2023-06-11,0.4,28.0,40.4,34.6,71.2,0.0,7.4,June,2023
15342,Siddipet,Koheda,2023-06-12,0.0,28.7,39.6,38.1,68.1,0.0,15.7,June,2023
15343,Siddipet,Koheda,2023-06-13,0.0,29.2,41.5,32.7,59.3,0.0,6.9,June,2023
15344,Siddipet,Koheda,2023-06-14,0.0,29.3,40.9,28.2,63.8,0.0,8.6,June,2023
15345,Siddipet,Koheda,2023-06-15,0.0,29.1,41.5,29.1,61.8,0.0,5.7,June,2023
15346,Siddipet,Koheda,2023-06-16,0.0,29.4,40.1,28.8,57.3,0.0,6.5,June,2023
15347,Siddipet,Koheda,2023-06-17,0.0,29.4,41.5,26.2,60.3,0.0,7.8,June,2023
15348,Siddipet,Koheda,2023-06-18,0.0,30.4,41.1,32.3,58.8,0.0,6.7,June,2023
15349,Siddipet,Koheda,2023-06-19,0.0,30.2,40.3,32.8,57.4,0.0,10.6,June,2023
15350,Siddipet,Koheda,2023-06-20,0.0,28.3,39.8,33.2,67.0,0.0,5.8,June,2023
15351,Siddipet,Koheda,2023-06-21,0.0,27.5,40.3,33.9,71.3,0.0,6.7,June,2023
15352,Siddipet,Koheda,2023-06-22,7.2,23.9,39.2,39.7,91.8,0.0,14.3,June,2023
15353,Siddipet,Koheda,2023-06-23,0.0,25.9,36.5,47.6,81.3,0.0,9.8,June,2023
15354,Siddipet,Koheda,2023-06-24,15.6,23.8,33.0,57.0,94.3,0.0,5.0,June,2023
15355,Siddipet,Koheda,2023-06-25,4.9,24.6,32.6,63.3,87.0,0.0,14.2,June,2023
15356,Siddipet,Koheda,2023-06-26,1.9,25.2,32.6,62.8,86.3,0.0,9.5,June,2023
15357,Siddipet,Koheda,2023-06-27,0.3,24.1,30.7,63.8,87.6,0.0,8.2,June,2023
15358,Siddipet,Koheda,2023-06-28,13.1,24.0,32.4,61.8,92.5,0.0,9.3,June,2023
15359,Siddipet,Koheda,2023-06-29,6.6,24.2,32.4,64.2,91.1,0.0,11.0,June,2023
15360,Siddipet,Koheda,2023-06-30,0.0,25.7,35.6,58.3,79.9,0.0,5.3,June,2023
15361,Siddipet,Komaravelly,2023-06-01,0.0,25.3,38.8,32.7,71.5,0.0,0.0,June,2023
15362,Siddipet,Komaravelly,2023-06-02,0.0,26.5,39.9,30.7,64.5,0.0,0.0,June,2023
15363,Siddipet,Komaravelly,2023-06-03,0.0,27.3,42.0,19.5,49.2,0.0,0.0,June,2023
15364,Siddipet,Komaravelly,2023-06-04,0.0,28.5,42.0,26.1,55.0,0.0,0.0,June,2023
15365,Siddipet,Komaravelly,2023-06-05,0.9,22.6,42.0,27.5,84.1,0.0,0.0,June,2023
15366,Siddipet,Komaravelly,2023-06-06,0.0,26.0,39.5,27.9,63.0,0.0,0.0,June,2023
15367,Siddipet,Komaravelly,2023-06-07,0.0,27.7,40.6,29.1,59.8,0.0,0.0,June,2023
15368,Siddipet,Komaravelly,2023-06-08,0.0,26.7,41.8,27.8,66.2,0.0,0.0,June,2023
15369,Siddipet,Komaravelly,2023-06-09,0.0,26.9,42.0,26.0,63.0,0.0,0.0,June,2023
15370,Siddipet,Komaravelly,2023-06-10,0.0,27.1,42.2,25.4,67.4,0.0,0.0,June,2023
15371,Siddipet,Komaravelly,2023-06-11,0.0,26.0,41.2,30.9,71.8,0.0,0.0,June,2023
15372,Siddipet,Komaravelly,2023-06-12,0.0,26.5,38.0,31.4,73.9,0.0,0.0,June,2023
15373,Siddipet,Komaravelly,2023-06-13,0.0,27.0,40.0,30.7,60.9,0.0,6.6,June,2023
15374,Siddipet,Komaravelly,2023-06-14,0.0,27.2,40.5,26.4,63.8,0.0,9.6,June,2023
15375,Siddipet,Komaravelly,2023-06-15,0.0,27.1,39.8,28.3,59.9,0.1,12.2,June,2023
15376,Siddipet,Komaravelly,2023-06-16,0.0,27.4,39.5,26.0,55.0,0.0,11.6,June,2023
15377,Siddipet,Komaravelly,2023-06-17,0.0,27.4,40.6,25.0,56.2,0.0,11.2,June,2023
15378,Siddipet,Komaravelly,2023-06-18,0.0,28.3,40.4,30.3,57.7,0.0,10.5,June,2023
15379,Siddipet,Komaravelly,2023-06-19,0.0,28.5,39.6,29.7,56.6,0.0,10.5,June,2023
15380,Siddipet,Komaravelly,2023-06-20,0.0,27.2,39.2,30.3,59.7,0.0,9.9,June,2023
15381,Siddipet,Komaravelly,2023-06-21,0.0,26.0,40.4,31.0,76.1,0.0,11.5,June,2023
15382,Siddipet,Komaravelly,2023-06-22,15.7,23.1,38.1,35.8,96.1,0.4,15.5,June,2023
15383,Siddipet,Komaravelly,2023-06-23,1.9,23.6,34.4,45.8,93.3,0.0,12.4,June,2023
15384,Siddipet,Komaravelly,2023-06-24,45.7,23.3,32.5,57.2,97.2,0.0,7.9,June,2023
15385,Siddipet,Komaravelly,2023-06-25,39.6,22.4,30.8,69.3,97.8,0.0,11.0,June,2023
15386,Siddipet,Komaravelly,2023-06-26,4.3,22.9,30.3,67.4,96.0,0.0,9.9,June,2023
15387,Siddipet,Komaravelly,2023-06-27,5.9,23.1,27.8,70.3,94.1,0.0,10.0,June,2023
15388,Siddipet,Komaravelly,2023-06-28,1.7,23.0,30.7,62.4,96.2,0.0,11.3,June,2023
15389,Siddipet,Komaravelly,2023-06-29,3.6,23.0,31.8,62.4,97.9,0.0,10.4,June,2023
15390,Siddipet,Komaravelly,2023-06-30,0.0,23.6,32.4,58.5,85.2,0.0,9.8,June,2023
15391,Siddipet,Kondapak,2023-06-01,0.0,25.3,38.8,32.7,71.5,0.0,0.0,June,2023
15392,Siddipet,Kondapak,2023-06-02,0.0,26.5,39.9,30.7,64.5,0.0,0.0,June,2023
15393,Siddipet,Kondapak,2023-06-03,0.0,27.3,42.0,19.5,49.2,0.0,0.0,June,2023
15394,Siddipet,Kondapak,2023-06-04,0.0,28.5,42.0,26.1,55.0,0.0,0.0,June,2023
15395,Siddipet,Kondapak,2023-06-05,0.3,22.6,42.0,27.5,84.1,0.0,0.0,June,2023
15396,Siddipet,Kondapak,2023-06-06,0.0,26.0,39.5,27.9,63.0,0.0,0.0,June,2023
15397,Siddipet,Kondapak,2023-06-07,0.0,27.7,40.6,29.1,59.8,0.0,0.0,June,2023
15398,Siddipet,Kondapak,2023-06-08,0.0,26.7,41.8,27.8,66.2,0.0,0.0,June,2023
15399,Siddipet,Kondapak,2023-06-09,0.4,26.9,42.0,26.0,63.0,0.0,0.0,June,2023
15400,Siddipet,Kondapak,2023-06-10,0.0,27.1,42.2,25.4,67.4,0.0,0.0,June,2023
15401,Siddipet,Kondapak,2023-06-11,0.0,26.0,41.2,30.9,71.8,0.0,0.0,June,2023
15402,Siddipet,Kondapak,2023-06-12,0.0,26.5,38.0,31.4,73.9,0.0,0.0,June,2023
15403,Siddipet,Kondapak,2023-06-13,0.0,27.4,39.1,29.7,58.0,0.0,6.6,June,2023
15404,Siddipet,Kondapak,2023-06-14,0.0,27.6,39.7,25.0,61.0,0.0,9.8,June,2023
15405,Siddipet,Kondapak,2023-06-15,0.0,27.6,39.6,26.8,57.1,0.0,9.0,June,2023
15406,Siddipet,Kondapak,2023-06-16,0.0,27.8,38.6,25.7,52.2,0.0,9.0,June,2023
15407,Siddipet,Kondapak,2023-06-17,0.0,27.4,39.7,24.3,45.1,0.0,11.3,June,2023
15408,Siddipet,Kondapak,2023-06-18,0.0,28.8,39.3,29.0,55.1,0.0,9.6,June,2023
15409,Siddipet,Kondapak,2023-06-19,0.0,28.9,39.3,28.4,53.6,0.0,10.5,June,2023
15410,Siddipet,Kondapak,2023-06-20,0.0,26.2,38.7,29.0,62.9,0.0,10.0,June,2023
15411,Siddipet,Kondapak,2023-06-21,0.0,26.5,39.0,29.7,73.6,0.0,7.7,June,2023
15412,Siddipet,Kondapak,2023-06-22,27.0,23.4,37.6,34.8,96.3,0.0,10.9,June,2023
15413,Siddipet,Kondapak,2023-06-23,0.0,23.8,33.9,44.7,93.7,0.0,6.5,June,2023
15414,Siddipet,Kondapak,2023-06-24,40.8,24.1,32.8,54.1,96.7,0.0,7.6,June,2023
15415,Siddipet,Kondapak,2023-06-25,2.4,23.2,31.2,65.9,98.3,0.0,6.2,June,2023
15416,Siddipet,Kondapak,2023-06-26,5.5,23.5,31.1,64.0,96.3,0.0,6.9,June,2023
15417,Siddipet,Kondapak,2023-06-27,0.3,23.5,28.7,67.3,92.8,0.0,7.5,June,2023
15418,Siddipet,Kondapak,2023-06-28,0.4,23.8,31.1,59.0,94.2,0.0,8.6,June,2023
15419,Siddipet,Kondapak,2023-06-29,4.9,23.6,32.6,57.5,98.8,0.0,6.9,June,2023
15420,Siddipet,Kondapak,2023-06-30,0.0,24.2,32.8,56.5,83.3,0.0,7.4,June,2023
15421,Siddipet,Maddur,2023-06-01,0.0,23.2,40.1,27.7,88.3,0.0,5.3,June,2023
15422,Siddipet,Maddur,2023-06-02,0.0,25.4,41.2,29.6,70.0,0.0,4.7,June,2023
15423,Siddipet,Maddur,2023-06-03,0.0,27.8,42.3,19.1,53.9,0.0,9.0,June,2023
15424,Siddipet,Maddur,2023-06-04,0.0,26.5,42.2,22.2,62.6,0.0,6.3,June,2023
15425,Siddipet,Maddur,2023-06-05,0.0,21.7,41.7,26.0,92.7,0.0,14.5,June,2023
15426,Siddipet,Maddur,2023-06-06,0.0,25.4,39.9,24.5,63.9,0.0,5.1,June,2023
15427,Siddipet,Maddur,2023-06-07,0.0,27.7,41.8,25.4,59.9,0.0,11.3,June,2023
15428,Siddipet,Maddur,2023-06-08,0.0,27.8,42.2,25.4,62.1,0.0,9.8,June,2023
15429,Siddipet,Maddur,2023-06-09,0.0,27.7,42.2,21.0,60.3,0.0,8.7,June,2023
15430,Siddipet,Maddur,2023-06-10,0.0,28.3,43.0,21.0,63.1,0.0,11.4,June,2023
15431,Siddipet,Maddur,2023-06-11,0.0,26.6,41.8,26.0,67.9,0.0,8.3,June,2023
15432,Siddipet,Maddur,2023-06-12,0.0,28.1,40.9,27.9,63.5,0.0,8.0,June,2023
15433,Siddipet,Maddur,2023-06-13,0.0,27.8,40.6,28.3,58.5,0.0,8.9,June,2023
15434,Siddipet,Maddur,2023-06-14,0.0,28.0,42.8,22.2,61.2,0.0,9.0,June,2023
15435,Siddipet,Maddur,2023-06-15,0.0,27.8,41.4,26.0,58.5,0.0,8.2,June,2023
15436,Siddipet,Maddur,2023-06-16,0.0,26.9,41.1,23.3,58.9,0.0,9.7,June,2023
15437,Siddipet,Maddur,2023-06-17,0.0,28.2,41.2,23.5,58.5,0.0,8.5,June,2023
15438,Siddipet,Maddur,2023-06-18,0.0,28.8,42.0,26.0,55.8,0.0,9.6,June,2023
15439,Siddipet,Maddur,2023-06-19,0.0,29.2,40.8,27.7,54.4,0.0,7.3,June,2023
15440,Siddipet,Maddur,2023-06-20,0.0,25.9,41.3,26.7,72.2,0.0,4.9,June,2023
15441,Siddipet,Maddur,2023-06-21,0.0,25.9,42.9,26.0,79.0,1.8,7.3,June,2023
15442,Siddipet,Maddur,2023-06-22,36.7,23.4,38.7,35.2,97.7,0.3,12.1,June,2023
15443,Siddipet,Maddur,2023-06-23,14.4,23.6,34.6,49.4,96.8,0.0,7.1,June,2023
15444,Siddipet,Maddur,2023-06-24,16.7,23.2,32.2,59.9,98.7,0.0,5.1,June,2023
15445,Siddipet,Maddur,2023-06-25,13.6,23.1,30.7,72.1,99.7,0.0,7.1,June,2023
15446,Siddipet,Maddur,2023-06-26,0.0,24.0,30.3,77.5,94.2,0.0,13.1,June,2023
15447,Siddipet,Maddur,2023-06-27,0.9,23.5,31.0,66.4,96.8,0.0,4.4,June,2023
15448,Siddipet,Maddur,2023-06-28,0.7,23.9,31.0,64.5,97.3,0.0,6.4,June,2023
15449,Siddipet,Maddur,2023-06-29,3.5,23.9,32.8,58.1,98.7,0.0,5.7,June,2023
15450,Siddipet,Maddur,2023-06-30,0.0,24.5,34.0,53.9,88.6,0.0,8.1,June,2023
15451,Siddipet,Markook,2023-06-01,0.0,23.6,37.3,34.6,82.6,0.0,8.1,June,2023
15452,Siddipet,Markook,2023-06-02,0.0,26.3,38.1,33.3,84.6,0.0,12.5,June,2023
15453,Siddipet,Markook,2023-06-03,0.0,27.2,39.4,34.7,50.7,0.0,13.0,June,2023
15454,Siddipet,Markook,2023-06-04,1.9,28.6,39.4,31.7,57.9,0.0,16.0,June,2023
15455,Siddipet,Markook,2023-06-05,0.5,23.1,38.4,45.3,88.3,0.1,17.0,June,2023
15456,Siddipet,Markook,2023-06-06,0.0,26.1,35.8,28.8,59.5,0.0,14.5,June,2023
15457,Siddipet,Markook,2023-06-07,0.0,27.5,36.7,31.3,57.7,0.0,18.5,June,2023
15458,Siddipet,Markook,2023-06-08,0.0,26.2,38.1,28.8,64.6,4.4,19.1,June,2023
15459,Siddipet,Markook,2023-06-09,0.0,26.5,38.2,26.6,62.6,0.0,18.1,June,2023
15460,Siddipet,Markook,2023-06-10,1.2,26.8,37.7,29.4,69.7,0.9,21.8,June,2023
15461,Siddipet,Markook,2023-06-11,0.0,25.5,38.5,35.6,75.3,0.0,19.9,June,2023
15462,Siddipet,Markook,2023-06-12,0.3,26.3,36.5,36.2,73.0,2.8,16.4,June,2023
15463,Siddipet,Markook,2023-06-13,0.0,26.4,37.2,36.8,63.5,0.0,21.7,June,2023
15464,Siddipet,Markook,2023-06-14,0.0,26.8,37.7,38.5,64.6,0.0,17.6,June,2023
15465,Siddipet,Markook,2023-06-15,0.0,26.6,37.4,45.8,60.9,2.7,21.7,June,2023
15466,Siddipet,Markook,2023-06-16,0.0,26.7,37.6,27.9,57.3,0.0,20.9,June,2023
15467,Siddipet,Markook,2023-06-17,0.0,27.0,38.1,25.4,60.5,4.1,21.0,June,2023
15468,Siddipet,Markook,2023-06-18,0.0,28.0,37.5,29.7,56.8,0.0,19.9,June,2023
15469,Siddipet,Markook,2023-06-19,0.0,28.3,38.1,28.5,55.0,0.0,17.5,June,2023
15470,Siddipet,Markook,2023-06-20,0.0,27.5,36.9,30.3,57.3,0.0,16.5,June,2023
15471,Siddipet,Markook,2023-06-21,0.0,26.3,37.9,29.7,72.3,3.4,18.2,June,2023
15472,Siddipet,Markook,2023-06-22,4.0,23.5,37.3,31.6,94.8,3.4,15.5,June,2023
15473,Siddipet,Markook,2023-06-23,0.3,23.8,33.2,43.0,91.3,0.0,15.3,June,2023
15474,Siddipet,Markook,2023-06-24,21.5,23.6,32.1,48.7,95.7,0.0,14.0,June,2023
15475,Siddipet,Markook,2023-06-25,0.0,22.9,30.7,65.5,94.3,0.0,16.7,June,2023
15476,Siddipet,Markook,2023-06-26,3.0,23.3,29.9,64.1,95.7,0.0,18.6,June,2023
15477,Siddipet,Markook,2023-06-27,4.9,23.0,28.1,70.6,94.8,2.1,15.7,June,2023
15478,Siddipet,Markook,2023-06-28,7.3,23.1,30.0,61.4,98.6,1.5,16.4,June,2023
15479,Siddipet,Markook,2023-06-29,2.9,22.8,31.1,58.7,97.2,0.0,14.6,June,2023
15480,Siddipet,Markook,2023-06-30,0.0,23.5,31.7,56.0,78.8,0.0,22.7,June,2023
15481,Siddipet,Mirdoddi,2023-06-01,0.0,23.4,37.9,27.4,78.2,0.0,8.0,June,2023
15482,Siddipet,Mirdoddi,2023-06-02,0.0,26.2,39.5,24.9,63.2,0.0,10.5,June,2023
15483,Siddipet,Mirdoddi,2023-06-03,0.0,25.6,41.9,12.9,50.0,0.0,13.3,June,2023
15484,Siddipet,Mirdoddi,2023-06-04,0.0,28.7,39.9,18.2,52.0,0.0,14.8,June,2023
15485,Siddipet,Mirdoddi,2023-06-05,8.3,22.2,39.2,22.9,95.1,0.0,10.3,June,2023
15486,Siddipet,Mirdoddi,2023-06-06,0.0,23.8,37.2,27.4,77.3,0.0,7.7,June,2023
15487,Siddipet,Mirdoddi,2023-06-07,0.0,26.9,39.3,24.9,59.8,0.0,8.4,June,2023
15488,Siddipet,Mirdoddi,2023-06-08,0.0,26.5,39.1,23.6,60.8,0.0,13.9,June,2023
15489,Siddipet,Mirdoddi,2023-06-09,0.0,28.0,39.3,22.0,54.5,0.0,12.4,June,2023
15490,Siddipet,Mirdoddi,2023-06-10,0.0,27.7,39.1,20.9,62.3,0.0,12.2,June,2023
15491,Siddipet,Mirdoddi,2023-06-11,0.0,26.7,38.2,29.3,69.3,0.0,10.6,June,2023
15492,Siddipet,Mirdoddi,2023-06-12,0.0,27.3,36.8,30.0,66.5,0.0,6.0,June,2023
15493,Siddipet,Mirdoddi,2023-06-13,0.0,27.4,38.1,28.0,55.4,0.0,5.6,June,2023
15494,Siddipet,Mirdoddi,2023-06-14,0.0,27.7,38.9,21.3,58.9,0.0,8.3,June,2023
15495,Siddipet,Mirdoddi,2023-06-15,0.0,27.2,38.0,24.7,56.4,0.0,9.0,June,2023
15496,Siddipet,Mirdoddi,2023-06-16,0.0,27.6,38.1,23.3,49.9,0.0,10.5,June,2023
15497,Siddipet,Mirdoddi,2023-06-17,0.0,27.8,38.7,22.0,55.0,0.0,6.5,June,2023
15498,Siddipet,Mirdoddi,2023-06-18,0.0,28.6,38.4,28.7,53.0,0.0,8.7,June,2023
15499,Siddipet,Mirdoddi,2023-06-19,0.0,28.7,37.7,26.0,52.0,0.0,10.9,June,2023
15500,Siddipet,Mirdoddi,2023-06-20,0.0,26.3,37.5,28.7,60.3,0.0,9.4,June,2023
15501,Siddipet,Mirdoddi,2023-06-21,0.0,27.1,36.9,26.7,68.4,0.0,11.4,June,2023
15502,Siddipet,Mirdoddi,2023-06-22,7.7,24.0,36.3,31.4,100.0,0.0,12.1,June,2023
15503,Siddipet,Mirdoddi,2023-06-23,0.0,24.4,35.0,43.4,96.4,0.0,11.0,June,2023
15504,Siddipet,Mirdoddi,2023-06-24,2.6,24.6,32.2,56.4,100.0,0.0,9.9,June,2023
15505,Siddipet,Mirdoddi,2023-06-25,5.5,23.2,31.0,90.2,100.0,0.0,6.5,June,2023
15506,Siddipet,Mirdoddi,2023-06-26,35.5,22.9,29.7,91.8,100.0,0.0,8.4,June,2023
15507,Siddipet,Mirdoddi,2023-06-27,0.0,23.7,29.0,91.3,100.0,0.0,7.7,June,2023
15508,Siddipet,Mirdoddi,2023-06-28,12.1,23.2,29.8,89.4,100.0,0.0,6.2,June,2023
15509,Siddipet,Mirdoddi,2023-06-29,11.9,23.3,30.3,67.0,100.0,0.0,2.2,June,2023
15510,Siddipet,Mirdoddi,2023-06-30,0.4,24.1,30.6,66.3,98.5,0.0,2.8,June,2023
15511,Siddipet,Mulug,2023-06-01,0.0,24.2,38.9,25.6,83.1,0.0,6.5,June,2023
15512,Siddipet,Mulug,2023-06-02,0.3,26.8,39.7,24.4,76.4,0.0,9.8,June,2023
15513,Siddipet,Mulug,2023-06-03,0.0,28.4,41.4,16.6,57.4,0.0,11.8,June,2023
15514,Siddipet,Mulug,2023-06-04,0.0,28.7,39.7,23.4,62.8,0.0,16.0,June,2023
15515,Siddipet,Mulug,2023-06-05,7.3,23.1,38.7,29.4,89.6,0.0,11.2,June,2023
15516,Siddipet,Mulug,2023-06-06,0.0,25.0,36.9,28.3,78.6,0.0,11.6,June,2023
15517,Siddipet,Mulug,2023-06-07,0.3,27.9,38.7,29.8,70.2,0.0,14.3,June,2023
15518,Siddipet,Mulug,2023-06-08,1.2,26.0,39.5,29.4,76.4,0.0,15.2,June,2023
15519,Siddipet,Mulug,2023-06-09,3.8,26.2,39.4,29.2,76.8,0.0,17.3,June,2023
15520,Siddipet,Mulug,2023-06-10,0.0,26.5,38.9,24.7,76.7,0.0,18.1,June,2023
15521,Siddipet,Mulug,2023-06-11,0.8,25.1,38.7,30.3,83.3,0.0,18.1,June,2023
15522,Siddipet,Mulug,2023-06-12,5.0,23.8,37.1,34.3,91.7,0.0,13.8,June,2023
15523,Siddipet,Mulug,2023-06-13,0.0,26.2,38.7,31.4,73.6,0.0,15.2,June,2023
15524,Siddipet,Mulug,2023-06-14,0.0,26.4,38.8,23.7,76.4,0.0,19.4,June,2023
15525,Siddipet,Mulug,2023-06-15,0.0,26.3,38.7,26.7,76.4,0.0,16.7,June,2023
15526,Siddipet,Mulug,2023-06-16,0.0,26.6,38.7,25.0,71.1,0.0,17.0,June,2023
15527,Siddipet,Mulug,2023-06-17,0.0,26.8,38.7,26.1,76.4,0.0,15.5,June,2023
15528,Siddipet,Mulug,2023-06-18,0.0,27.6,38.7,30.3,70.4,0.0,18.1,June,2023
15529,Siddipet,Mulug,2023-06-19,0.0,27.8,38.7,29.0,71.3,0.0,16.4,June,2023
15530,Siddipet,Mulug,2023-06-20,0.0,27.9,38.7,32.5,72.6,0.0,13.6,June,2023
15531,Siddipet,Mulug,2023-06-21,0.0,25.9,38.9,28.5,83.7,0.0,13.0,June,2023
15532,Siddipet,Mulug,2023-06-22,5.9,22.9,38.7,33.8,96.9,0.5,18.4,June,2023
15533,Siddipet,Mulug,2023-06-23,0.8,23.6,34.4,41.2,92.9,0.0,14.5,June,2023
15534,Siddipet,Mulug,2023-06-24,13.1,23.0,33.7,53.7,99.4,0.0,12.7,June,2023
15535,Siddipet,Mulug,2023-06-25,3.4,22.5,32.0,72.3,99.8,0.0,7.6,June,2023
15536,Siddipet,Mulug,2023-06-26,3.1,23.5,32.0,65.5,97.0,0.0,14.3,June,2023
15537,Siddipet,Mulug,2023-06-27,8.7,23.0,30.3,75.3,97.4,0.0,14.0,June,2023
15538,Siddipet,Mulug,2023-06-28,6.1,23.0,32.0,61.9,99.8,0.0,15.3,June,2023
15539,Siddipet,Mulug,2023-06-29,0.3,23.2,32.2,60.0,96.9,0.0,14.7,June,2023
15540,Siddipet,Mulug,2023-06-30,0.0,23.5,33.6,55.5,90.1,2.5,14.1,June,2023
15541,Siddipet,Nanganur,2023-06-01,0.0,23.4,37.3,27.0,80.3,0.0,4.8,June,2023
15542,Siddipet,Nanganur,2023-06-02,0.0,24.6,37.7,27.7,84.0,0.0,5.2,June,2023
15543,Siddipet,Nanganur,2023-06-03,0.0,26.1,40.1,14.5,74.4,0.0,5.8,June,2023
15544,Siddipet,Nanganur,2023-06-04,0.0,27.0,39.8,18.3,67.3,0.0,4.2,June,2023
15545,Siddipet,Nanganur,2023-06-05,0.5,22.1,39.6,21.7,97.4,0.0,8.6,June,2023
15546,Siddipet,Nanganur,2023-06-06,0.0,24.6,37.2,24.4,74.9,0.0,7.2,June,2023
15547,Siddipet,Nanganur,2023-06-07,0.0,27.8,38.8,22.4,55.3,0.0,5.8,June,2023
15548,Siddipet,Nanganur,2023-06-08,0.0,28.4,39.2,21.7,52.4,0.0,9.2,June,2023
15549,Siddipet,Nanganur,2023-06-09,0.0,28.9,39.0,18.3,48.1,0.0,7.5,June,2023
15550,Siddipet,Nanganur,2023-06-10,0.0,28.6,40.0,20.3,53.8,0.0,8.3,June,2023
15551,Siddipet,Nanganur,2023-06-11,0.0,27.6,39.2,25.0,58.2,0.0,7.4,June,2023
15552,Siddipet,Nanganur,2023-06-12,0.0,28.5,38.3,25.7,53.8,0.0,7.6,June,2023
15553,Siddipet,Nanganur,2023-06-13,0.0,28.5,39.5,23.7,47.0,0.0,6.9,June,2023
15554,Siddipet,Nanganur,2023-06-14,0.0,28.7,40.0,19.0,50.3,0.0,16.9,June,2023
15555,Siddipet,Nanganur,2023-06-15,0.0,28.7,39.4,19.7,47.4,0.0,17.1,June,2023
15556,Siddipet,Nanganur,2023-06-16,0.0,26.3,38.9,19.7,53.8,0.0,16.5,June,2023
15557,Siddipet,Nanganur,2023-06-17,0.0,28.8,40.0,17.9,48.1,0.0,17.3,June,2023
15558,Siddipet,Nanganur,2023-06-18,0.0,30.0,39.1,23.0,45.8,0.0,14.3,June,2023
15559,Siddipet,Nanganur,2023-06-19,0.0,29.8,39.2,22.4,46.9,0.0,18.5,June,2023
15560,Siddipet,Nanganur,2023-06-20,0.0,26.8,38.7,24.4,60.1,0.0,15.1,June,2023
15561,Siddipet,Nanganur,2023-06-21,0.0,26.9,40.1,23.7,63.5,0.1,16.7,June,2023
15562,Siddipet,Nanganur,2023-06-22,4.1,23.9,37.6,30.4,94.7,1.5,16.6,June,2023
15563,Siddipet,Nanganur,2023-06-23,0.0,25.0,34.2,40.4,89.6,0.0,15.0,June,2023
15564,Siddipet,Nanganur,2023-06-24,31.7,22.6,32.6,53.7,100.0,0.0,8.6,June,2023
15565,Siddipet,Nanganur,2023-06-25,9.9,23.4,32.4,88.7,100.0,0.0,16.5,June,2023
15566,Siddipet,Nanganur,2023-06-26,1.3,24.9,31.1,89.3,100.0,0.0,15.5,June,2023
15567,Siddipet,Nanganur,2023-06-27,0.0,24.2,29.9,93.1,100.0,0.0,15.3,June,2023
15568,Siddipet,Nanganur,2023-06-28,4.2,23.9,31.1,87.4,100.0,0.0,17.4,June,2023
15569,Siddipet,Nanganur,2023-06-29,1.9,24.1,31.9,87.9,100.0,0.0,14.2,June,2023
15570,Siddipet,Nanganur,2023-06-30,0.0,25.3,32.9,62.6,100.0,2.8,19.1,June,2023
15571,Siddipet,Narayanraopet,2023-06-01,0.0,24.5,39.4,30.6,75.0,0.0,2.5,June,2023
15572,Siddipet,Narayanraopet,2023-06-02,0.0,27.3,41.1,30.8,60.6,0.0,12.3,June,2023
15573,Siddipet,Narayanraopet,2023-06-03,0.0,28.3,40.5,22.6,53.9,0.0,13.9,June,2023
15574,Siddipet,Narayanraopet,2023-06-04,0.0,27.0,39.1,30.8,62.9,0.0,14.4,June,2023
15575,Siddipet,Narayanraopet,2023-06-05,0.9,24.0,40.2,29.4,77.9,1.0,14.1,June,2023
15576,Siddipet,Narayanraopet,2023-06-06,0.0,25.3,37.3,32.6,69.3,0.0,7.7,June,2023
15577,Siddipet,Narayanraopet,2023-06-07,0.0,27.5,39.0,32.4,60.8,0.0,12.4,June,2023
15578,Siddipet,Narayanraopet,2023-06-08,0.0,27.9,39.4,30.1,63.4,3.4,15.0,June,2023
15579,Siddipet,Narayanraopet,2023-06-09,0.0,28.3,40.2,27.8,58.7,0.0,16.5,June,2023
15580,Siddipet,Narayanraopet,2023-06-10,0.0,28.0,39.1,28.7,64.8,0.9,15.3,June,2023
15581,Siddipet,Narayanraopet,2023-06-11,1.8,26.5,38.4,36.2,74.8,0.0,14.2,June,2023
15582,Siddipet,Narayanraopet,2023-06-12,0.0,28.0,37.5,35.1,68.5,1.7,15.4,June,2023
15583,Siddipet,Narayanraopet,2023-06-13,0.0,27.9,37.5,35.2,58.7,1.2,17.6,June,2023
15584,Siddipet,Narayanraopet,2023-06-14,0.0,27.9,39.1,31.1,65.0,2.3,18.5,June,2023
15585,Siddipet,Narayanraopet,2023-06-15,0.0,27.8,37.7,30.9,63.5,0.6,13.7,June,2023
15586,Siddipet,Narayanraopet,2023-06-16,0.0,27.0,38.4,29.0,61.8,0.0,13.9,June,2023
15587,Siddipet,Narayanraopet,2023-06-17,0.0,28.3,39.6,29.2,60.1,0.0,15.5,June,2023
15588,Siddipet,Narayanraopet,2023-06-18,0.0,28.8,37.5,35.1,58.2,1.0,12.4,June,2023
15589,Siddipet,Narayanraopet,2023-06-19,0.0,28.1,38.1,34.4,66.3,0.0,9.6,June,2023
15590,Siddipet,Narayanraopet,2023-06-20,0.0,25.4,37.9,35.7,71.1,0.0,9.0,June,2023
15591,Siddipet,Narayanraopet,2023-06-21,0.0,27.1,38.3,37.9,72.0,1.9,8.9,June,2023
15592,Siddipet,Narayanraopet,2023-06-22,0.4,24.7,37.2,40.7,87.2,0.0,11.3,June,2023
15593,Siddipet,Narayanraopet,2023-06-23,6.4,25.2,33.2,47.6,84.9,0.0,11.0,June,2023
15594,Siddipet,Narayanraopet,2023-06-24,15.7,24.3,32.4,57.7,91.5,0.0,7.8,June,2023
15595,Siddipet,Narayanraopet,2023-06-25,8.9,23.3,32.5,61.6,95.0,0.0,15.0,June,2023
15596,Siddipet,Narayanraopet,2023-06-26,0.0,24.5,30.4,66.8,89.4,2.2,13.8,June,2023
15597,Siddipet,Narayanraopet,2023-06-27,0.0,23.6,29.2,68.6,91.2,1.9,15.2,June,2023
15598,Siddipet,Narayanraopet,2023-06-28,11.9,23.8,29.7,64.9,95.9,0.0,21.2,June,2023
15599,Siddipet,Narayanraopet,2023-06-29,29.9,23.3,32.0,63.2,96.4,0.2,13.0,June,2023
15600,Siddipet,Narayanraopet,2023-06-30,0.0,24.5,32.4,59.2,83.4,0.0,14.2,June,2023
15601,Siddipet,Rayapole,2023-06-01,0.0,23.5,38.5,29.7,77.0,0.3,8.4,June,2023
15602,Siddipet,Rayapole,2023-06-02,0.3,24.0,38.8,29.1,75.8,0.8,9.0,June,2023
15603,Siddipet,Rayapole,2023-06-03,0.0,26.7,39.8,14.7,61.3,0.0,13.6,June,2023
15604,Siddipet,Rayapole,2023-06-04,5.1,24.3,39.9,20.3,68.2,0.0,11.9,June,2023
15605,Siddipet,Rayapole,2023-06-05,0.0,22.5,38.1,28.5,80.0,1.6,14.6,June,2023
15606,Siddipet,Rayapole,2023-06-06,0.0,23.6,36.5,29.5,75.8,0.0,10.2,June,2023
15607,Siddipet,Rayapole,2023-06-07,0.0,26.8,37.6,30.7,63.9,0.0,11.1,June,2023
15608,Siddipet,Rayapole,2023-06-08,0.2,25.5,38.9,29.7,71.7,3.3,13.3,June,2023
15609,Siddipet,Rayapole,2023-06-09,0.0,26.2,38.6,27.6,68.8,0.0,10.6,June,2023
15610,Siddipet,Rayapole,2023-06-10,0.1,26.4,39.2,25.4,70.4,4.0,14.5,June,2023
15611,Siddipet,Rayapole,2023-06-11,4.4,24.5,38.3,29.7,92.5,0.0,16.0,June,2023
15612,Siddipet,Rayapole,2023-06-12,1.0,24.3,36.2,42.5,83.9,2.1,12.4,June,2023
15613,Siddipet,Rayapole,2023-06-13,0.0,25.7,37.2,33.8,67.9,2.2,13.8,June,2023
15614,Siddipet,Rayapole,2023-06-14,0.0,26.4,37.8,25.7,68.8,2.9,15.5,June,2023
15615,Siddipet,Rayapole,2023-06-15,0.0,26.0,37.7,29.5,66.9,3.2,11.6,June,2023
15616,Siddipet,Rayapole,2023-06-16,0.0,26.3,37.7,30.1,63.1,0.0,12.3,June,2023
15617,Siddipet,Rayapole,2023-06-17,0.0,26.7,38.4,27.0,66.6,1.5,11.4,June,2023
15618,Siddipet,Rayapole,2023-06-18,0.0,27.5,37.1,32.6,63.1,2.4,12.4,June,2023
15619,Siddipet,Rayapole,2023-06-19,0.0,28.0,37.2,30.1,65.9,0.0,9.5,June,2023
15620,Siddipet,Rayapole,2023-06-20,0.0,26.5,36.9,33.2,70.4,0.0,9.2,June,2023
15621,Siddipet,Rayapole,2023-06-21,0.0,26.0,37.8,32.6,73.9,2.9,9.1,June,2023
15622,Siddipet,Rayapole,2023-06-22,3.7,23.6,36.3,36.7,97.2,2.9,13.9,June,2023
15623,Siddipet,Rayapole,2023-06-23,2.8,23.0,34.4,47.9,95.2,0.0,15.1,June,2023
15624,Siddipet,Rayapole,2023-06-24,21.4,22.8,32.5,56.8,99.5,0.0,9.6,June,2023
15625,Siddipet,Rayapole,2023-06-25,2.8,22.5,32.0,67.7,100.0,0.0,17.3,June,2023
15626,Siddipet,Rayapole,2023-06-26,6.0,22.9,29.9,68.5,100.0,0.0,12.7,June,2023
15627,Siddipet,Rayapole,2023-06-27,3.6,22.8,27.3,77.2,100.0,0.7,11.4,June,2023
15628,Siddipet,Rayapole,2023-06-28,8.0,22.7,30.3,67.6,100.0,0.0,10.8,June,2023
15629,Siddipet,Rayapole,2023-06-29,10.2,22.6,30.3,69.3,100.0,0.0,12.7,June,2023
15630,Siddipet,Rayapole,2023-06-30,0.3,22.9,31.3,65.8,92.5,2.4,16.0,June,2023
15631,Siddipet,Siddipet_Rural,2023-06-01,0.0,24.4,40.4,28.1,72.7,0.0,4.4,June,2023
15632,Siddipet,Siddipet_Rural,2023-06-02,0.0,26.4,39.8,30.7,63.5,0.0,6.9,June,2023
15633,Siddipet,Siddipet_Rural,2023-06-03,0.0,26.7,42.9,18.7,49.8,0.0,6.7,June,2023
15634,Siddipet,Siddipet_Rural,2023-06-04,0.0,28.8,41.2,25.3,57.0,0.0,4.6,June,2023
15635,Siddipet,Siddipet_Rural,2023-06-05,0.0,22.9,41.6,24.8,81.9,0.1,6.9,June,2023
15636,Siddipet,Siddipet_Rural,2023-06-06,0.0,25.4,39.2,27.5,63.2,0.0,5.6,June,2023
15637,Siddipet,Siddipet_Rural,2023-06-07,0.0,26.3,40.6,27.0,62.8,0.0,6.4,June,2023
15638,Siddipet,Siddipet_Rural,2023-06-08,0.0,27.1,41.3,27.8,66.4,1.6,8.7,June,2023
15639,Siddipet,Siddipet_Rural,2023-06-09,0.0,27.6,41.6,29.4,60.2,0.0,6.0,June,2023
15640,Siddipet,Siddipet_Rural,2023-06-10,0.0,27.5,41.2,29.4,66.9,0.3,7.7,June,2023
15641,Siddipet,Siddipet_Rural,2023-06-11,0.0,26.2,39.6,30.4,73.5,0.0,7.8,June,2023
15642,Siddipet,Siddipet_Rural,2023-06-12,0.0,27.0,38.8,31.1,68.0,1.0,8.8,June,2023
15643,Siddipet,Siddipet_Rural,2023-06-13,0.0,27.0,40.3,33.8,60.5,0.0,8.2,June,2023
15644,Siddipet,Siddipet_Rural,2023-06-14,0.0,27.3,41.1,23.9,64.1,0.0,8.8,June,2023
15645,Siddipet,Siddipet_Rural,2023-06-15,0.0,27.8,40.6,29.7,61.7,0.0,8.1,June,2023
15646,Siddipet,Siddipet_Rural,2023-06-16,0.0,27.2,39.6,26.0,57.2,0.0,9.2,June,2023
15647,Siddipet,Siddipet_Rural,2023-06-17,0.0,27.0,40.8,29.8,61.3,0.0,5.7,June,2023
15648,Siddipet,Siddipet_Rural,2023-06-18,0.0,28.3,39.9,32.2,59.7,0.0,9.9,June,2023
15649,Siddipet,Siddipet_Rural,2023-06-19,0.0,28.3,40.1,34.7,58.8,0.0,6.5,June,2023
15650,Siddipet,Siddipet_Rural,2023-06-20,0.0,27.3,39.4,30.2,57.2,0.0,5.6,June,2023
15651,Siddipet,Siddipet_Rural,2023-06-21,0.0,27.0,40.8,27.0,69.9,0.0,6.6,June,2023
15652,Siddipet,Siddipet_Rural,2023-06-22,9.8,23.3,41.1,29.7,93.4,0.0,7.4,June,2023
15653,Siddipet,Siddipet_Rural,2023-06-23,3.4,25.2,35.8,38.7,84.7,0.0,7.8,June,2023
15654,Siddipet,Siddipet_Rural,2023-06-24,13.5,24.7,32.8,49.3,96.3,0.0,3.4,June,2023
15655,Siddipet,Siddipet_Rural,2023-06-25,16.6,22.5,31.9,61.2,99.5,0.0,6.6,June,2023
15656,Siddipet,Siddipet_Rural,2023-06-26,18.8,23.2,30.9,63.2,99.5,0.0,7.2,June,2023
15657,Siddipet,Siddipet_Rural,2023-06-27,0.9,23.3,29.5,69.9,95.8,0.0,4.9,June,2023
15658,Siddipet,Siddipet_Rural,2023-06-28,7.6,22.6,30.7,59.7,95.8,0.0,7.4,June,2023
15659,Siddipet,Siddipet_Rural,2023-06-29,2.7,22.6,32.1,68.2,96.5,0.0,5.5,June,2023
15660,Siddipet,Siddipet_Rural,2023-06-30,0.0,24.1,32.1,63.8,83.5,0.0,7.3,June,2023
15661,Siddipet,Siddipet_Urban,2023-06-01,0.0,26.0,42.4,25.4,65.9,0.0,4.4,June,2023
15662,Siddipet,Siddipet_Urban,2023-06-02,0.0,27.5,40.2,26.6,59.8,0.0,6.9,June,2023
15663,Siddipet,Siddipet_Urban,2023-06-03,0.0,28.7,43.6,15.3,44.2,0.0,6.7,June,2023
15664,Siddipet,Siddipet_Urban,2023-06-04,0.0,29.5,42.0,23.7,51.3,0.0,4.6,June,2023
15665,Siddipet,Siddipet_Urban,2023-06-05,0.0,24.3,41.7,23.2,73.7,0.1,6.9,June,2023
15666,Siddipet,Siddipet_Urban,2023-06-06,0.0,27.5,40.0,23.7,54.5,0.0,5.6,June,2023
15667,Siddipet,Siddipet_Urban,2023-06-07,0.0,27.9,41.5,25.2,56.6,0.0,6.4,June,2023
15668,Siddipet,Siddipet_Urban,2023-06-08,0.0,27.5,42.0,23.2,61.8,1.6,8.7,June,2023
15669,Siddipet,Siddipet_Urban,2023-06-09,0.0,28.3,42.4,21.1,55.6,0.0,6.0,June,2023
15670,Siddipet,Siddipet_Urban,2023-06-10,0.0,27.9,41.8,21.6,62.9,0.3,7.7,June,2023
15671,Siddipet,Siddipet_Urban,2023-06-11,0.0,26.8,40.1,26.6,68.9,0.0,7.8,June,2023
15672,Siddipet,Siddipet_Urban,2023-06-12,0.0,27.5,39.5,26.6,64.9,1.0,8.8,June,2023
15673,Siddipet,Siddipet_Urban,2023-06-13,0.0,27.7,41.1,26.6,56.6,0.0,8.2,June,2023
15674,Siddipet,Siddipet_Urban,2023-06-14,0.0,27.9,42.1,21.6,61.3,0.0,8.8,June,2023
15675,Siddipet,Siddipet_Urban,2023-06-15,0.0,27.8,40.9,22.3,58.2,0.0,8.1,June,2023
15676,Siddipet,Siddipet_Urban,2023-06-16,0.0,27.9,40.0,23.7,53.0,0.0,9.2,June,2023
15677,Siddipet,Siddipet_Urban,2023-06-17,0.0,28.0,41.2,22.3,57.1,0.0,5.7,June,2023
15678,Siddipet,Siddipet_Urban,2023-06-18,0.0,29.0,40.4,26.6,55.0,0.0,9.9,June,2023
15679,Siddipet,Siddipet_Urban,2023-06-19,0.0,29.0,40.7,26.6,53.4,0.0,6.5,June,2023
15680,Siddipet,Siddipet_Urban,2023-06-20,0.0,28.8,40.1,27.3,52.9,0.0,5.6,June,2023
15681,Siddipet,Siddipet_Urban,2023-06-21,0.0,26.9,40.1,29.5,70.9,0.0,6.6,June,2023
15682,Siddipet,Siddipet_Urban,2023-06-22,8.8,23.5,38.4,35.0,95.0,0.0,7.4,June,2023
15683,Siddipet,Siddipet_Urban,2023-06-23,0.0,24.8,35.1,40.1,85.4,0.0,7.8,June,2023
15684,Siddipet,Siddipet_Urban,2023-06-24,15.4,24.1,32.5,53.3,95.5,0.0,3.4,June,2023
15685,Siddipet,Siddipet_Urban,2023-06-25,22.8,22.4,30.8,66.5,96.6,0.0,6.6,June,2023
15686,Siddipet,Siddipet_Urban,2023-06-26,4.9,23.3,30.2,67.5,96.1,0.0,7.2,June,2023
15687,Siddipet,Siddipet_Urban,2023-06-27,1.7,23.4,28.0,72.3,93.6,0.0,4.9,June,2023
15688,Siddipet,Siddipet_Urban,2023-06-28,9.0,22.9,30.4,60.7,97.4,0.0,7.4,June,2023
15689,Siddipet,Siddipet_Urban,2023-06-29,6.7,23.2,31.8,61.8,97.4,0.0,5.5,June,2023
15690,Siddipet,Siddipet_Urban,2023-06-30,0.0,23.9,32.5,55.4,85.4,0.0,7.3,June,2023
15691,Siddipet,Thoguta,2023-06-01,0.0,22.3,39.8,29.1,86.0,0.0,6.9,June,2023
15692,Siddipet,Thoguta,2023-06-02,0.0,24.6,40.0,28.1,81.5,0.0,8.0,June,2023
15693,Siddipet,Thoguta,2023-06-03,0.0,24.4,42.6,12.7,69.4,0.0,13.1,June,2023
15694,Siddipet,Thoguta,2023-06-04,0.0,27.8,43.6,18.2,63.4,0.0,12.0,June,2023
15695,Siddipet,Thoguta,2023-06-05,5.4,21.6,42.2,23.0,92.9,0.0,9.4,June,2023
15696,Siddipet,Thoguta,2023-06-06,0.0,23.6,39.9,25.6,79.8,0.0,7.5,June,2023
15697,Siddipet,Thoguta,2023-06-07,0.0,26.5,42.4,24.5,70.0,0.0,7.7,June,2023
15698,Siddipet,Thoguta,2023-06-08,0.0,26.7,43.0,23.3,71.8,0.0,12.3,June,2023
15699,Siddipet,Thoguta,2023-06-09,0.0,27.3,42.2,23.3,69.9,0.0,10.5,June,2023
15700,Siddipet,Thoguta,2023-06-10,0.0,27.4,41.5,22.0,71.1,0.0,11.5,June,2023
15701,Siddipet,Thoguta,2023-06-11,0.0,26.2,39.9,30.5,76.4,0.0,10.0,June,2023
15702,Siddipet,Thoguta,2023-06-12,0.0,26.8,40.0,26.2,76.4,0.0,12.3,June,2023
15703,Siddipet,Thoguta,2023-06-13,0.0,26.9,39.9,29.1,69.9,0.0,9.6,June,2023
15704,Siddipet,Thoguta,2023-06-14,0.0,27.2,41.4,22.0,70.4,0.0,9.0,June,2023
15705,Siddipet,Thoguta,2023-06-15,0.0,27.1,39.6,25.6,69.9,0.0,10.2,June,2023
15706,Siddipet,Thoguta,2023-06-16,0.0,27.4,40.2,23.7,62.8,0.0,11.5,June,2023
15707,Siddipet,Thoguta,2023-06-17,0.0,27.4,40.9,23.0,69.9,0.0,10.2,June,2023
15708,Siddipet,Thoguta,2023-06-18,0.0,28.3,39.8,29.8,70.0,0.0,9.1,June,2023
15709,Siddipet,Thoguta,2023-06-19,0.0,28.5,40.3,26.8,65.7,0.0,10.3,June,2023
15710,Siddipet,Thoguta,2023-06-20,0.0,25.1,39.1,29.8,76.4,0.0,7.2,June,2023
15711,Siddipet,Thoguta,2023-06-21,0.0,26.8,39.9,28.1,77.6,0.0,10.3,June,2023
15712,Siddipet,Thoguta,2023-06-22,9.3,23.2,39.5,32.7,100.0,0.0,11.5,June,2023
15713,Siddipet,Thoguta,2023-06-23,0.0,23.2,36.8,44.9,100.0,0.0,10.6,June,2023
15714,Siddipet,Thoguta,2023-06-24,55.4,23.4,33.4,52.0,100.0,0.0,9.8,June,2023
15715,Siddipet,Thoguta,2023-06-25,30.3,22.6,31.2,66.9,100.0,0.0,13.2,June,2023
15716,Siddipet,Thoguta,2023-06-26,26.9,22.5,32.6,66.9,98.1,0.0,6.8,June,2023
15717,Siddipet,Thoguta,2023-06-27,0.1,23.3,32.0,66.9,95.9,0.0,9.2,June,2023
15718,Siddipet,Thoguta,2023-06-28,4.4,23.0,33.0,64.9,100.0,0.0,9.2,June,2023
15719,Siddipet,Thoguta,2023-06-29,15.8,22.5,32.6,64.4,100.0,0.0,9.0,June,2023
15720,Siddipet,Thoguta,2023-06-30,0.0,23.6,34.4,60.3,100.0,5.9,8.7,June,2023
15721,Siddipet,Wargal,2023-06-01,0.0,23.3,37.5,19.6,67.4,0.0,6.5,June,2023
15722,Siddipet,Wargal,2023-06-02,1.6,25.2,39.1,17.8,57.3,0.0,9.8,June,2023
15723,Siddipet,Wargal,2023-06-03,0.0,26.4,41.6,8.4,37.0,0.0,11.8,June,2023
15724,Siddipet,Wargal,2023-06-04,0.3,27.2,39.9,15.2,49.2,0.0,16.0,June,2023
15725,Siddipet,Wargal,2023-06-05,17.3,21.7,38.5,20.4,81.2,0.0,11.2,June,2023
15726,Siddipet,Wargal,2023-06-06,0.0,23.5,36.9,19.6,65.6,0.0,11.6,June,2023
15727,Siddipet,Wargal,2023-06-07,0.0,26.4,37.9,21.1,49.2,0.0,13.9,June,2023
15728,Siddipet,Wargal,2023-06-08,0.0,25.5,37.2,20.9,54.1,0.0,14.7,June,2023
15729,Siddipet,Wargal,2023-06-09,3.6,25.3,37.8,23.2,55.0,0.0,16.2,June,2023
15730,Siddipet,Wargal,2023-06-10,0.0,26.2,40.0,17.8,54.1,0.0,16.2,June,2023
15731,Siddipet,Wargal,2023-06-11,0.9,24.2,39.1,21.1,64.3,0.0,17.0,June,2023
15732,Siddipet,Wargal,2023-06-12,0.0,24.8,37.3,26.7,67.5,0.0,12.6,June,2023
15733,Siddipet,Wargal,2023-06-13,0.0,25.9,38.1,21.1,49.5,0.0,14.2,June,2023
15734,Siddipet,Wargal,2023-06-14,0.0,26.4,38.2,15.9,51.7,0.0,18.3,June,2023
15735,Siddipet,Wargal,2023-06-15,0.0,26.0,38.4,19.8,48.7,0.0,16.1,June,2023
15736,Siddipet,Wargal,2023-06-16,0.0,26.2,38.2,18.5,44.8,0.0,16.1,June,2023
15737,Siddipet,Wargal,2023-06-17,0.0,26.6,38.7,17.8,48.0,0.0,15.3,June,2023
15738,Siddipet,Wargal,2023-06-18,0.0,27.5,38.2,22.1,46.4,0.0,16.6,June,2023
15739,Siddipet,Wargal,2023-06-19,0.0,27.4,38.1,19.8,45.0,0.0,15.5,June,2023
15740,Siddipet,Wargal,2023-06-20,0.0,26.0,37.3,22.8,52.2,0.0,13.5,June,2023
15741,Siddipet,Wargal,2023-06-21,0.0,25.5,38.2,21.7,63.4,0.0,13.0,June,2023
15742,Siddipet,Wargal,2023-06-22,11.5,22.6,38.0,23.0,99.3,0.3,11.0,June,2023
15743,Siddipet,Wargal,2023-06-23,0.0,24.4,33.6,34.1,75.0,0.0,13.0,June,2023
15744,Siddipet,Wargal,2023-06-24,23.5,22.9,33.4,39.8,100.0,0.0,12.7,June,2023
15745,Siddipet,Wargal,2023-06-25,4.4,21.9,30.6,92.8,100.0,0.0,4.3,June,2023
15746,Siddipet,Wargal,2023-06-26,3.8,22.5,30.3,78.3,100.0,0.0,14.2,June,2023
15747,Siddipet,Wargal,2023-06-27,12.0,22.6,27.2,92.0,100.0,0.0,14.0,June,2023
15748,Siddipet,Wargal,2023-06-28,8.0,22.1,29.7,78.7,100.0,0.0,14.9,June,2023
15749,Siddipet,Wargal,2023-06-29,5.1,22.5,31.2,74.0,100.0,0.0,12.6,June,2023
15750,Siddipet,Wargal,2023-06-30,0.0,23.0,32.5,51.0,100.0,1.3,12.6,June,2023
15751,Suryapet,Ananthagiri,2023-06-01,0.0,25.7,38.8,42.7,99.5,0.0,4.3,June,2023
15752,Suryapet,Ananthagiri,2023-06-02,0.0,25.7,42.8,34.6,85.3,0.0,4.3,June,2023
15753,Suryapet,Ananthagiri,2023-06-03,0.0,25.5,44.2,28.3,77.9,0.0,5.7,June,2023
15754,Suryapet,Ananthagiri,2023-06-04,0.0,27.6,45.0,28.6,73.1,0.0,7.3,June,2023
15755,Suryapet,Ananthagiri,2023-06-05,0.0,25.7,42.9,35.8,87.7,0.0,12.5,June,2023
15756,Suryapet,Ananthagiri,2023-06-06,0.0,26.0,41.1,33.2,80.6,0.0,8.2,June,2023
15757,Suryapet,Ananthagiri,2023-06-07,0.0,29.1,42.2,31.9,69.4,0.0,5.9,June,2023
15758,Suryapet,Ananthagiri,2023-06-08,0.0,29.3,44.4,31.6,66.5,0.0,2.5,June,2023
15759,Suryapet,Ananthagiri,2023-06-09,0.0,30.2,42.7,34.4,64.3,2.2,12.8,June,2023
15760,Suryapet,Ananthagiri,2023-06-10,0.0,30.3,44.5,31.0,65.6,1.2,13.1,June,2023
15761,Suryapet,Ananthagiri,2023-06-11,10.0,23.9,42.4,36.8,99.6,0.0,13.4,June,2023
15762,Suryapet,Ananthagiri,2023-06-12,0.0,29.0,40.1,44.4,75.5,0.0,11.7,June,2023
15763,Suryapet,Ananthagiri,2023-06-13,0.0,30.0,40.6,41.8,65.9,0.0,9.5,June,2023
15764,Suryapet,Ananthagiri,2023-06-14,0.0,29.7,43.0,34.7,61.6,0.0,12.6,June,2023
15765,Suryapet,Ananthagiri,2023-06-15,0.0,29.8,42.6,37.2,62.5,0.0,11.1,June,2023
15766,Suryapet,Ananthagiri,2023-06-16,0.0,29.5,42.6,35.4,60.8,0.0,9.6,June,2023
15767,Suryapet,Ananthagiri,2023-06-17,0.0,31.5,43.4,33.0,60.1,0.0,12.7,June,2023
15768,Suryapet,Ananthagiri,2023-06-18,0.0,30.1,41.9,37.3,59.8,0.0,11.4,June,2023
15769,Suryapet,Ananthagiri,2023-06-19,0.0,29.3,42.4,42.5,70.9,0.0,7.6,June,2023
15770,Suryapet,Ananthagiri,2023-06-20,0.0,27.2,42.5,38.2,87.1,0.0,7.7,June,2023
15771,Suryapet,Ananthagiri,2023-06-21,0.6,26.1,38.3,48.6,94.8,0.0,11.2,June,2023
15772,Suryapet,Ananthagiri,2023-06-22,0.0,26.6,38.8,50.0,94.7,0.0,12.0,June,2023
15773,Suryapet,Ananthagiri,2023-06-23,0.0,25.8,37.9,52.6,96.7,0.0,11.8,June,2023
15774,Suryapet,Ananthagiri,2023-06-24,12.4,22.7,34.4,62.7,100.0,0.0,2.7,June,2023
15775,Suryapet,Ananthagiri,2023-06-25,0.0,25.3,31.7,73.2,100.0,0.0,9.2,June,2023
15776,Suryapet,Ananthagiri,2023-06-26,3.8,25.3,35.3,57.9,100.0,0.0,11.3,June,2023
15777,Suryapet,Ananthagiri,2023-06-27,1.1,24.2,33.5,67.0,100.0,0.0,7.8,June,2023
15778,Suryapet,Ananthagiri,2023-06-28,0.7,25.0,33.9,62.1,99.2,0.0,9.7,June,2023
15779,Suryapet,Ananthagiri,2023-06-29,4.8,24.7,36.5,55.6,100.0,0.0,7.2,June,2023
15780,Suryapet,Ananthagiri,2023-06-30,0.0,26.7,35.3,59.0,83.9,0.0,9.5,June,2023
15781,Suryapet,Atmakur_S,2023-06-01,0.0,26.6,40.8,24.3,70.2,0.0,0.0,June,2023
15782,Suryapet,Atmakur_S,2023-06-02,0.0,26.3,42.7,18.2,59.3,0.0,0.0,June,2023
15783,Suryapet,Atmakur_S,2023-06-03,0.0,28.7,42.4,14.8,47.6,0.0,0.3,June,2023
15784,Suryapet,Atmakur_S,2023-06-04,0.0,28.2,43.2,18.2,52.9,0.0,0.5,June,2023
15785,Suryapet,Atmakur_S,2023-06-05,0.0,27.0,43.0,22.2,63.7,0.0,0.8,June,2023
15786,Suryapet,Atmakur_S,2023-06-06,0.0,27.9,41.6,22.0,50.4,0.0,1.5,June,2023
15787,Suryapet,Atmakur_S,2023-06-07,0.0,28.4,42.4,22.2,54.9,0.0,2.0,June,2023
15788,Suryapet,Atmakur_S,2023-06-08,0.0,29.7,43.0,19.5,52.5,0.0,0.7,June,2023
15789,Suryapet,Atmakur_S,2023-06-09,0.0,27.9,43.2,21.5,59.3,0.0,0.4,June,2023
15790,Suryapet,Atmakur_S,2023-06-10,0.0,27.5,42.9,20.9,65.1,0.0,0.9,June,2023
15791,Suryapet,Atmakur_S,2023-06-11,2.5,25.0,41.4,24.0,81.0,0.0,0.8,June,2023
15792,Suryapet,Atmakur_S,2023-06-12,0.0,28.4,40.2,29.4,62.2,0.0,1.2,June,2023
15793,Suryapet,Atmakur_S,2023-06-13,0.0,30.7,41.1,27.6,46.9,0.0,0.2,June,2023
15794,Suryapet,Atmakur_S,2023-06-14,0.0,30.5,42.2,22.2,50.9,0.0,2.1,June,2023
15795,Suryapet,Atmakur_S,2023-06-15,0.0,31.0,40.6,23.6,44.6,0.0,2.0,June,2023
15796,Suryapet,Atmakur_S,2023-06-16,0.0,31.0,41.9,22.2,45.7,0.0,1.2,June,2023
15797,Suryapet,Atmakur_S,2023-06-17,0.0,31.3,42.6,20.2,47.4,0.0,0.3,June,2023
15798,Suryapet,Atmakur_S,2023-06-18,0.0,28.8,41.9,24.9,57.8,0.0,0.2,June,2023
15799,Suryapet,Atmakur_S,2023-06-19,0.0,30.7,38.2,31.2,51.4,0.0,0.3,June,2023
15800,Suryapet,Atmakur_S,2023-06-20,0.0,28.2,40.4,27.4,60.3,0.0,0.5,June,2023
15801,Suryapet,Atmakur_S,2023-06-21,0.0,26.4,40.6,29.7,77.1,0.0,0.1,June,2023
15802,Suryapet,Atmakur_S,2023-06-22,1.4,25.9,37.6,38.6,85.9,0.0,0.1,June,2023
15803,Suryapet,Atmakur_S,2023-06-23,7.8,24.1,35.2,45.0,91.6,0.0,0.6,June,2023
15804,Suryapet,Atmakur_S,2023-06-24,51.7,22.6,33.2,55.3,100.0,0.0,2.3,June,2023
15805,Suryapet,Atmakur_S,2023-06-25,10.8,24.2,33.0,73.3,100.0,0.0,0.1,June,2023
15806,Suryapet,Atmakur_S,2023-06-26,0.0,26.2,32.8,55.3,86.2,0.0,0.0,June,2023
15807,Suryapet,Atmakur_S,2023-06-27,0.0,25.1,32.5,55.8,95.1,0.0,0.3,June,2023
15808,Suryapet,Atmakur_S,2023-06-28,10.1,24.5,33.3,49.5,100.0,0.0,2.1,June,2023
15809,Suryapet,Atmakur_S,2023-06-29,1.6,25.1,35.8,46.5,96.6,0.0,0.1,June,2023
15810,Suryapet,Atmakur_S,2023-06-30,0.0,26.2,36.3,47.7,76.6,0.0,0.1,June,2023
15811,Suryapet,Chilkur,2023-06-01,0.0,27.1,41.4,32.5,69.4,0.0,0.2,June,2023
15812,Suryapet,Chilkur,2023-06-02,0.0,28.4,43.8,27.6,54.4,0.0,0.1,June,2023
15813,Suryapet,Chilkur,2023-06-03,0.0,28.4,43.7,22.2,53.4,0.0,12.4,June,2023
15814,Suryapet,Chilkur,2023-06-04,0.0,30.0,43.5,21.6,51.3,0.0,0.1,June,2023
15815,Suryapet,Chilkur,2023-06-05,0.0,27.0,40.7,31.7,70.0,0.0,0.1,June,2023
15816,Suryapet,Chilkur,2023-06-06,0.0,27.5,40.2,29.2,57.6,0.0,0.1,June,2023
15817,Suryapet,Chilkur,2023-06-07,0.0,28.6,43.0,29.6,48.9,0.0,0.0,June,2023
15818,Suryapet,Chilkur,2023-06-08,0.0,29.4,43.0,24.0,62.0,0.0,0.0,June,2023
15819,Suryapet,Chilkur,2023-06-09,0.0,30.3,42.9,29.4,59.4,6.5,16.7,June,2023
15820,Suryapet,Chilkur,2023-06-10,0.0,28.4,43.3,27.3,69.5,3.7,22.7,June,2023
15821,Suryapet,Chilkur,2023-06-11,0.0,27.9,41.6,30.5,69.4,0.0,17.9,June,2023
15822,Suryapet,Chilkur,2023-06-12,0.0,28.6,41.3,32.7,67.5,0.0,20.9,June,2023
15823,Suryapet,Chilkur,2023-06-13,0.0,30.6,40.1,34.9,55.5,0.0,21.2,June,2023
15824,Suryapet,Chilkur,2023-06-14,0.0,30.6,42.2,28.6,54.2,0.0,17.0,June,2023
15825,Suryapet,Chilkur,2023-06-15,0.0,30.9,41.0,31.5,52.4,0.0,0.2,June,2023
15826,Suryapet,Chilkur,2023-06-16,0.0,30.2,42.0,32.2,50.2,0.0,0.1,June,2023
15827,Suryapet,Chilkur,2023-06-17,0.0,31.2,42.9,31.5,53.1,0.0,0.1,June,2023
15828,Suryapet,Chilkur,2023-06-18,0.0,30.5,42.0,34.7,55.4,0.0,0.3,June,2023
15829,Suryapet,Chilkur,2023-06-19,0.0,29.6,40.3,38.6,60.7,0.0,14.6,June,2023
15830,Suryapet,Chilkur,2023-06-20,0.0,27.2,40.9,37.4,64.5,0.0,0.1,June,2023
15831,Suryapet,Chilkur,2023-06-21,1.8,26.3,39.1,42.6,74.5,0.0,15.5,June,2023
15832,Suryapet,Chilkur,2023-06-22,0.0,26.3,39.6,45.0,80.8,0.0,0.1,June,2023
15833,Suryapet,Chilkur,2023-06-23,0.0,25.4,37.1,52.3,84.5,0.0,18.1,June,2023
15834,Suryapet,Chilkur,2023-06-24,31.4,22.8,33.5,62.4,89.9,0.0,7.7,June,2023
15835,Suryapet,Chilkur,2023-06-25,0.8,25.4,31.7,70.7,89.2,0.0,16.6,June,2023
15836,Suryapet,Chilkur,2023-06-26,10.4,25.4,35.1,56.8,88.8,0.0,21.4,June,2023
15837,Suryapet,Chilkur,2023-06-27,5.0,23.7,32.2,63.9,90.3,0.0,16.0,June,2023
15838,Suryapet,Chilkur,2023-06-28,0.0,25.3,33.6,59.1,86.1,0.0,18.3,June,2023
15839,Suryapet,Chilkur,2023-06-29,6.7,24.8,36.0,55.3,90.3,0.0,14.0,June,2023
15840,Suryapet,Chilkur,2023-06-30,0.0,26.8,35.0,56.6,73.0,0.0,17.4,June,2023
15841,Suryapet,Chinthala Palem,2023-06-01,0.0,25.7,38.5,42.9,99.5,0.0,8.9,June,2023
15842,Suryapet,Chinthala Palem,2023-06-02,0.0,25.7,41.1,34.6,85.3,0.0,8.9,June,2023
15843,Suryapet,Chinthala Palem,2023-06-03,0.0,25.5,42.0,28.3,63.2,0.0,12.4,June,2023
15844,Suryapet,Chinthala Palem,2023-06-04,0.0,27.6,43.4,28.6,73.1,0.0,15.0,June,2023
15845,Suryapet,Chinthala Palem,2023-06-05,0.0,25.7,42.6,35.8,87.7,0.0,21.7,June,2023
15846,Suryapet,Chinthala Palem,2023-06-06,0.0,26.0,40.8,33.2,80.6,0.0,8.0,June,2023
15847,Suryapet,Chinthala Palem,2023-06-07,0.0,28.8,41.9,31.9,68.2,0.0,0.0,June,2023
15848,Suryapet,Chinthala Palem,2023-06-08,0.0,29.3,42.4,31.6,66.5,0.0,0.0,June,2023
15849,Suryapet,Chinthala Palem,2023-06-09,0.0,29.9,42.1,34.4,64.3,6.5,16.7,June,2023
15850,Suryapet,Chinthala Palem,2023-06-10,0.4,30.3,42.9,31.0,65.6,3.7,22.7,June,2023
15851,Suryapet,Chinthala Palem,2023-06-11,0.4,23.9,42.1,36.8,99.6,0.0,17.9,June,2023
15852,Suryapet,Chinthala Palem,2023-06-12,0.0,29.0,38.9,44.4,75.5,0.0,20.9,June,2023
15853,Suryapet,Chinthala Palem,2023-06-13,0.0,29.7,40.1,41.8,65.9,0.0,21.2,June,2023
15854,Suryapet,Chinthala Palem,2023-06-14,0.0,29.7,41.8,34.7,61.1,0.0,17.0,June,2023
15855,Suryapet,Chinthala Palem,2023-06-15,0.0,29.8,40.8,37.2,61.9,0.0,13.9,June,2023
15856,Suryapet,Chinthala Palem,2023-06-16,0.0,30.3,42.2,32.9,49.5,0.0,16.0,June,2023
15857,Suryapet,Chinthala Palem,2023-06-17,0.0,31.6,43.1,31.7,52.1,0.0,7.2,June,2023
15858,Suryapet,Chinthala Palem,2023-06-18,0.0,31.1,42.4,34.7,52.9,0.0,16.2,June,2023
15859,Suryapet,Chinthala Palem,2023-06-19,0.0,29.7,41.8,35.9,60.7,0.0,14.6,June,2023
15860,Suryapet,Chinthala Palem,2023-06-20,0.0,27.9,41.7,36.9,71.1,0.0,11.6,June,2023
15861,Suryapet,Chinthala Palem,2023-06-21,0.0,26.7,38.5,44.0,77.7,0.0,15.5,June,2023
15862,Suryapet,Chinthala Palem,2023-06-22,0.0,26.9,39.2,46.7,80.6,0.0,18.1,June,2023
15863,Suryapet,Chinthala Palem,2023-06-23,9.7,25.8,36.7,52.5,85.8,0.0,18.1,June,2023
15864,Suryapet,Chinthala Palem,2023-06-24,5.5,23.1,33.5,61.7,89.2,0.0,4.0,June,2023
15865,Suryapet,Chinthala Palem,2023-06-25,0.1,25.3,32.0,69.3,84.9,0.0,16.6,June,2023
15866,Suryapet,Chinthala Palem,2023-06-26,0.3,25.5,35.6,56.4,88.2,0.0,21.4,June,2023
15867,Suryapet,Chinthala Palem,2023-06-27,2.3,24.4,32.4,62.9,89.7,0.0,8.1,June,2023
15868,Suryapet,Chinthala Palem,2023-06-28,0.0,25.6,34.3,58.2,85.2,0.0,9.2,June,2023
15869,Suryapet,Chinthala Palem,2023-06-29,2.9,25.0,36.8,53.7,89.1,0.0,14.0,June,2023
15870,Suryapet,Chinthala Palem,2023-06-30,0.0,27.0,35.8,55.3,74.9,0.0,17.4,June,2023
15871,Suryapet,Chivvemla,2023-06-01,0.0,27.2,41.8,26.0,70.8,0.0,4.5,June,2023
15872,Suryapet,Chivvemla,2023-06-02,0.0,28.0,43.6,19.2,57.3,0.0,9.9,June,2023
15873,Suryapet,Chivvemla,2023-06-03,0.0,28.8,45.3,16.7,48.7,0.0,11.5,June,2023
15874,Suryapet,Chivvemla,2023-06-04,0.0,29.0,44.2,19.4,52.7,0.0,6.8,June,2023
15875,Suryapet,Chivvemla,2023-06-05,0.0,27.3,41.2,28.0,62.6,0.0,15.4,June,2023
15876,Suryapet,Chivvemla,2023-06-06,0.0,28.2,40.2,25.0,51.8,0.0,11.4,June,2023
15877,Suryapet,Chivvemla,2023-06-07,0.0,28.7,42.5,25.3,57.7,0.0,12.6,June,2023
15878,Suryapet,Chivvemla,2023-06-08,0.0,29.5,43.9,21.5,55.2,0.0,19.0,June,2023
15879,Suryapet,Chivvemla,2023-06-09,0.0,30.2,41.6,26.3,52.7,0.0,18.9,June,2023
15880,Suryapet,Chivvemla,2023-06-10,0.0,27.9,42.0,24.1,64.0,0.0,22.2,June,2023
15881,Suryapet,Chivvemla,2023-06-11,0.4,26.5,40.8,30.3,75.0,0.0,13.2,June,2023
15882,Suryapet,Chivvemla,2023-06-12,0.0,28.6,39.5,31.1,64.6,2.4,14.7,June,2023
15883,Suryapet,Chivvemla,2023-06-13,0.0,30.6,40.2,30.5,48.7,1.9,14.4,June,2023
15884,Suryapet,Chivvemla,2023-06-14,0.0,30.5,41.2,25.2,51.8,0.0,17.8,June,2023
15885,Suryapet,Chivvemla,2023-06-15,0.0,30.6,40.5,26.5,48.5,0.0,21.1,June,2023
15886,Suryapet,Chivvemla,2023-06-16,0.0,30.6,40.4,25.1,48.1,0.0,19.5,June,2023
15887,Suryapet,Chivvemla,2023-06-17,0.0,31.1,41.6,23.4,50.5,0.0,17.4,June,2023
15888,Suryapet,Chivvemla,2023-06-18,0.0,31.0,41.2,27.3,51.0,0.0,16.5,June,2023
15889,Suryapet,Chivvemla,2023-06-19,0.0,30.2,41.2,30.0,54.8,0.0,6.9,June,2023
15890,Suryapet,Chivvemla,2023-06-20,0.0,28.4,42.5,27.6,62.7,0.0,0.9,June,2023
15891,Suryapet,Chivvemla,2023-06-21,0.4,26.4,39.9,32.3,79.7,0.0,13.2,June,2023
15892,Suryapet,Chivvemla,2023-06-22,14.7,24.5,40.3,36.0,98.8,0.0,0.4,June,2023
15893,Suryapet,Chivvemla,2023-06-23,11.1,24.6,36.2,47.5,97.8,0.0,13.1,June,2023
15894,Suryapet,Chivvemla,2023-06-24,20.2,22.6,32.8,57.5,100.0,0.0,3.5,June,2023
15895,Suryapet,Chivvemla,2023-06-25,1.0,24.3,32.0,60.7,99.2,0.0,14.9,June,2023
15896,Suryapet,Chivvemla,2023-06-26,0.0,26.4,33.3,53.7,88.5,0.0,14.3,June,2023
15897,Suryapet,Chivvemla,2023-06-27,4.3,24.3,32.8,53.2,100.0,0.0,16.4,June,2023
15898,Suryapet,Chivvemla,2023-06-28,10.6,24.0,32.9,51.6,100.0,0.0,11.9,June,2023
15899,Suryapet,Chivvemla,2023-06-29,0.2,25.1,34.8,49.5,96.3,0.0,0.9,June,2023
15900,Suryapet,Chivvemla,2023-06-30,0.6,26.1,35.3,47.1,87.3,0.0,14.0,June,2023
15901,Suryapet,Garidepalle,2023-06-01,0.0,27.1,44.4,26.7,83.6,0.0,7.6,June,2023
15902,Suryapet,Garidepalle,2023-06-02,0.0,28.3,43.0,25.4,67.8,0.0,10.3,June,2023
15903,Suryapet,Garidepalle,2023-06-03,0.0,26.7,43.9,19.2,66.5,0.0,11.8,June,2023
15904,Suryapet,Garidepalle,2023-06-04,0.0,28.6,43.8,21.6,63.2,0.0,11.7,June,2023
15905,Suryapet,Garidepalle,2023-06-05,0.0,26.0,41.0,31.7,77.4,0.0,17.6,June,2023
15906,Suryapet,Garidepalle,2023-06-06,0.0,25.5,41.0,26.0,76.6,0.0,13.6,June,2023
15907,Suryapet,Garidepalle,2023-06-07,0.0,28.1,42.9,28.0,67.8,0.0,15.6,June,2023
15908,Suryapet,Garidepalle,2023-06-08,0.0,29.3,43.3,24.0,67.9,0.7,13.8,June,2023
15909,Suryapet,Garidepalle,2023-06-09,1.8,29.7,42.8,28.0,72.5,0.0,14.5,June,2023
15910,Suryapet,Garidepalle,2023-06-10,0.0,28.1,43.2,25.9,72.7,1.8,20.6,June,2023
15911,Suryapet,Garidepalle,2023-06-11,0.0,26.8,41.5,28.9,78.1,0.5,18.7,June,2023
15912,Suryapet,Garidepalle,2023-06-12,0.0,28.7,41.5,31.2,71.4,1.6,16.3,June,2023
15913,Suryapet,Garidepalle,2023-06-13,0.0,30.3,41.0,31.6,59.0,1.2,12.1,June,2023
15914,Suryapet,Garidepalle,2023-06-14,0.0,30.9,42.8,25.9,58.5,1.2,15.3,June,2023
15915,Suryapet,Garidepalle,2023-06-15,0.0,29.8,41.6,28.3,58.9,0.0,16.3,June,2023
15916,Suryapet,Garidepalle,2023-06-16,0.0,28.6,41.7,26.7,61.7,0.0,15.6,June,2023
15917,Suryapet,Garidepalle,2023-06-17,0.0,30.8,42.7,25.3,59.0,0.7,12.9,June,2023
15918,Suryapet,Garidepalle,2023-06-18,0.0,30.6,42.6,28.1,58.4,0.5,17.3,June,2023
15919,Suryapet,Garidepalle,2023-06-19,0.0,29.5,40.5,33.2,68.8,0.0,19.4,June,2023
15920,Suryapet,Garidepalle,2023-06-20,0.0,27.8,40.6,31.0,79.0,0.0,15.7,June,2023
15921,Suryapet,Garidepalle,2023-06-21,1.6,25.3,39.6,34.9,88.7,0.0,10.5,June,2023
15922,Suryapet,Garidepalle,2023-06-22,7.4,25.1,40.9,36.6,98.2,0.1,17.0,June,2023
15923,Suryapet,Garidepalle,2023-06-23,5.5,24.6,36.8,46.8,96.8,0.0,15.3,June,2023
15924,Suryapet,Garidepalle,2023-06-24,11.5,22.8,34.3,56.5,99.8,0.0,8.1,June,2023
15925,Suryapet,Garidepalle,2023-06-25,0.1,25.8,32.2,66.3,96.9,0.0,7.0,June,2023
15926,Suryapet,Garidepalle,2023-06-26,3.8,25.4,35.6,46.1,98.5,0.0,12.8,June,2023
15927,Suryapet,Garidepalle,2023-06-27,3.7,23.9,33.0,55.5,98.9,0.0,10.0,June,2023
15928,Suryapet,Garidepalle,2023-06-28,1.6,24.4,34.8,49.7,93.6,0.0,16.7,June,2023
15929,Suryapet,Garidepalle,2023-06-29,3.8,24.8,36.3,45.2,99.2,0.0,10.8,June,2023
15930,Suryapet,Garidepalle,2023-06-30,0.0,26.8,36.6,47.6,79.7,0.0,11.1,June,2023
15931,Suryapet,Huzur Nagar,2023-06-01,0.0,27.1,41.7,36.2,63.7,0.0,0.2,June,2023
15932,Suryapet,Huzur Nagar,2023-06-02,0.0,28.4,45.2,29.3,48.7,0.0,0.1,June,2023
15933,Suryapet,Huzur Nagar,2023-06-03,0.0,28.4,45.0,24.3,53.9,0.0,0.0,June,2023
15934,Suryapet,Huzur Nagar,2023-06-04,0.0,30.0,43.5,21.6,51.3,0.0,0.1,June,2023
15935,Suryapet,Huzur Nagar,2023-06-05,0.0,27.0,40.7,31.7,70.0,0.0,0.1,June,2023
15936,Suryapet,Huzur Nagar,2023-06-06,0.0,27.5,40.5,31.8,55.9,0.0,0.1,June,2023
15937,Suryapet,Huzur Nagar,2023-06-07,0.0,28.6,44.7,31.3,53.3,0.0,0.0,June,2023
15938,Suryapet,Huzur Nagar,2023-06-08,0.0,29.4,43.0,24.0,62.0,0.0,0.0,June,2023
15939,Suryapet,Huzur Nagar,2023-06-09,0.0,30.5,44.4,30.8,61.1,0.0,0.0,June,2023
15940,Suryapet,Huzur Nagar,2023-06-10,0.0,29.3,44.8,28.7,66.3,0.0,0.0,June,2023
15941,Suryapet,Huzur Nagar,2023-06-11,0.0,28.3,42.8,32.0,67.8,0.0,0.0,June,2023
15942,Suryapet,Huzur Nagar,2023-06-12,0.0,28.5,42.5,34.2,67.3,0.0,0.0,June,2023
15943,Suryapet,Huzur Nagar,2023-06-13,0.0,29.9,40.0,37.7,57.9,0.0,0.0,June,2023
15944,Suryapet,Huzur Nagar,2023-06-14,0.0,29.8,42.5,31.3,56.4,0.0,0.0,June,2023
15945,Suryapet,Huzur Nagar,2023-06-15,0.0,29.6,41.5,33.9,58.0,0.0,0.2,June,2023
15946,Suryapet,Huzur Nagar,2023-06-16,0.0,28.7,42.6,30.6,59.0,0.0,0.1,June,2023
15947,Suryapet,Huzur Nagar,2023-06-17,0.0,30.4,43.5,28.7,56.9,0.0,0.1,June,2023
15948,Suryapet,Huzur Nagar,2023-06-18,0.0,30.2,42.8,32.0,60.6,0.0,0.3,June,2023
15949,Suryapet,Huzur Nagar,2023-06-19,0.0,29.7,41.0,36.5,65.8,0.0,0.0,June,2023
15950,Suryapet,Huzur Nagar,2023-06-20,0.0,27.3,42.1,34.2,68.8,0.0,0.1,June,2023
15951,Suryapet,Huzur Nagar,2023-06-21,0.0,26.5,40.9,40.8,75.5,0.0,0.0,June,2023
15952,Suryapet,Huzur Nagar,2023-06-22,0.0,26.9,41.4,40.5,79.4,0.0,0.1,June,2023
15953,Suryapet,Huzur Nagar,2023-06-23,0.0,25.3,38.6,49.2,84.9,0.0,0.0,June,2023
15954,Suryapet,Huzur Nagar,2023-06-24,29.3,23.3,33.3,63.2,93.5,0.0,0.3,June,2023
15955,Suryapet,Huzur Nagar,2023-06-25,0.0,25.8,31.4,72.8,93.8,0.0,0.0,June,2023
15956,Suryapet,Huzur Nagar,2023-06-26,10.6,25.6,34.7,56.8,93.4,0.0,0.0,June,2023
15957,Suryapet,Huzur Nagar,2023-06-27,7.7,23.7,32.5,66.9,94.0,0.0,0.1,June,2023
15958,Suryapet,Huzur Nagar,2023-06-28,0.0,25.5,33.2,59.5,87.4,0.0,0.1,June,2023
15959,Suryapet,Huzur Nagar,2023-06-29,4.6,25.0,36.7,55.2,93.8,0.0,0.0,June,2023
15960,Suryapet,Huzur Nagar,2023-06-30,0.0,26.9,34.4,56.8,74.2,0.0,0.0,June,2023
15961,Suryapet,Jajireddigudem,2023-06-01,0.0,26.2,39.4,37.6,100.0,0.0,0.0,June,2023
15962,Suryapet,Jajireddigudem,2023-06-02,0.0,26.3,41.6,26.6,85.0,0.0,0.0,June,2023
15963,Suryapet,Jajireddigudem,2023-06-03,0.0,27.9,41.8,15.5,71.1,0.0,0.0,June,2023
15964,Suryapet,Jajireddigudem,2023-06-04,0.0,28.6,43.1,16.7,62.0,0.0,0.0,June,2023
15965,Suryapet,Jajireddigudem,2023-06-05,0.0,25.7,40.9,22.8,87.7,0.0,0.0,June,2023
15966,Suryapet,Jajireddigudem,2023-06-06,0.0,26.6,38.9,25.7,76.7,0.0,0.0,June,2023
15967,Suryapet,Jajireddigudem,2023-06-07,0.0,27.6,41.6,20.3,71.1,0.0,0.0,June,2023
15968,Suryapet,Jajireddigudem,2023-06-08,0.0,27.7,41.8,20.3,66.0,0.0,0.0,June,2023
15969,Suryapet,Jajireddigudem,2023-06-09,0.0,29.9,41.5,21.5,60.6,0.0,0.0,June,2023
15970,Suryapet,Jajireddigudem,2023-06-10,13.3,24.7,42.7,20.5,81.3,0.0,0.0,June,2023
15971,Suryapet,Jajireddigudem,2023-06-11,8.2,24.8,40.0,37.0,100.0,0.0,0.0,June,2023
15972,Suryapet,Jajireddigudem,2023-06-12,0.0,27.1,37.7,43.6,86.8,0.0,0.0,June,2023
15973,Suryapet,Jajireddigudem,2023-06-13,0.0,29.4,40.6,35.5,66.6,0.0,0.0,June,2023
15974,Suryapet,Jajireddigudem,2023-06-14,0.0,29.0,40.7,27.9,64.2,0.0,0.0,June,2023
15975,Suryapet,Jajireddigudem,2023-06-15,0.0,30.1,40.8,27.3,53.2,0.0,0.0,June,2023
15976,Suryapet,Jajireddigudem,2023-06-16,0.0,28.8,41.1,25.3,58.3,0.0,0.0,June,2023
15977,Suryapet,Jajireddigudem,2023-06-17,0.0,30.3,41.6,24.1,55.5,0.0,0.0,June,2023
15978,Suryapet,Jajireddigudem,2023-06-18,0.0,30.2,41.3,27.9,58.8,0.0,0.0,June,2023
15979,Suryapet,Jajireddigudem,2023-06-19,0.0,29.8,40.7,29.8,58.8,0.0,0.0,June,2023
15980,Suryapet,Jajireddigudem,2023-06-20,0.0,28.8,41.2,27.3,73.9,0.0,0.0,June,2023
15981,Suryapet,Jajireddigudem,2023-06-21,9.0,24.7,39.7,31.7,100.0,0.0,0.1,June,2023
15982,Suryapet,Jajireddigudem,2023-06-22,3.3,25.3,36.8,54.1,100.0,0.0,0.0,June,2023
15983,Suryapet,Jajireddigudem,2023-06-23,16.9,23.6,35.0,58.3,100.0,0.0,0.1,June,2023
15984,Suryapet,Jajireddigudem,2023-06-24,19.1,23.0,32.4,70.0,98.5,0.0,0.0,June,2023
15985,Suryapet,Jajireddigudem,2023-06-25,0.0,24.8,32.5,82.2,97.7,0.0,0.0,June,2023
15986,Suryapet,Jajireddigudem,2023-06-26,0.0,26.0,32.8,71.3,100.0,0.0,0.0,June,2023
15987,Suryapet,Jajireddigudem,2023-06-27,0.0,25.2,31.6,60.3,100.0,0.0,0.0,June,2023
15988,Suryapet,Jajireddigudem,2023-06-28,8.6,24.3,32.7,71.0,100.0,0.0,0.0,June,2023
15989,Suryapet,Jajireddigudem,2023-06-29,5.1,24.7,34.2,64.4,100.0,0.0,0.0,June,2023
15990,Suryapet,Jajireddigudem,2023-06-30,0.0,25.0,34.2,71.5,100.0,0.0,0.0,June,2023
15991,Suryapet,Kodad,2023-06-01,0.0,25.7,39.7,40.6,79.3,0.0,8.9,June,2023
15992,Suryapet,Kodad,2023-06-02,0.0,25.7,42.2,32.2,75.4,0.0,8.9,June,2023
15993,Suryapet,Kodad,2023-06-03,0.0,25.5,42.9,26.3,70.9,0.0,12.4,June,2023
15994,Suryapet,Kodad,2023-06-04,0.0,27.6,43.4,28.6,73.1,0.0,15.0,June,2023
15995,Suryapet,Kodad,2023-06-05,0.0,25.7,42.6,35.8,87.7,0.0,21.7,June,2023
15996,Suryapet,Kodad,2023-06-06,0.0,26.0,40.1,32.8,68.3,0.0,8.0,June,2023
15997,Suryapet,Kodad,2023-06-07,0.0,28.8,43.0,31.6,52.4,0.0,0.0,June,2023
15998,Suryapet,Kodad,2023-06-08,0.0,29.3,42.4,31.6,66.5,0.0,0.0,June,2023
15999,Suryapet,Kodad,2023-06-09,0.0,30.3,43.1,32.6,60.6,6.5,16.7,June,2023
16000,Suryapet,Kodad,2023-06-10,0.0,29.7,43.5,30.5,64.7,3.7,22.7,June,2023
16001,Suryapet,Kodad,2023-06-11,3.1,26.6,42.0,35.7,80.9,0.0,17.9,June,2023
16002,Suryapet,Kodad,2023-06-12,0.0,28.6,40.6,39.3,71.2,0.0,20.9,June,2023
16003,Suryapet,Kodad,2023-06-13,0.0,29.7,39.9,40.1,61.4,0.0,21.2,June,2023
16004,Suryapet,Kodad,2023-06-14,0.0,29.6,41.9,33.0,58.8,0.0,17.0,June,2023
16005,Suryapet,Kodad,2023-06-15,0.0,30.2,40.9,35.7,58.6,0.0,13.9,June,2023
16006,Suryapet,Kodad,2023-06-16,0.0,29.8,43.5,38.5,47.7,0.0,16.0,June,2023
16007,Suryapet,Kodad,2023-06-17,0.0,31.7,44.6,38.9,48.7,0.0,14.3,June,2023
16008,Suryapet,Kodad,2023-06-18,0.0,30.4,42.8,41.4,51.9,0.0,16.2,June,2023
16009,Suryapet,Kodad,2023-06-19,0.0,29.8,42.3,44.5,55.1,0.0,14.6,June,2023
16010,Suryapet,Kodad,2023-06-20,0.0,27.4,42.6,45.0,60.7,0.0,11.6,June,2023
16011,Suryapet,Kodad,2023-06-21,0.0,26.3,38.7,52.1,66.6,0.0,15.5,June,2023
16012,Suryapet,Kodad,2023-06-22,0.0,27.1,39.8,54.6,85.0,0.0,18.1,June,2023
16013,Suryapet,Kodad,2023-06-23,0.0,26.3,36.9,59.8,88.7,0.0,18.1,June,2023
16014,Suryapet,Kodad,2023-06-24,20.4,23.0,34.4,64.9,76.3,0.0,7.7,June,2023
16015,Suryapet,Kodad,2023-06-25,2.0,25.3,32.5,71.5,78.3,0.0,16.6,June,2023
16016,Suryapet,Kodad,2023-06-26,14.4,25.8,36.9,66.3,77.4,0.0,21.4,June,2023
16017,Suryapet,Kodad,2023-06-27,3.6,24.4,32.8,69.0,80.0,0.0,16.0,June,2023
16018,Suryapet,Kodad,2023-06-28,0.0,25.4,34.9,68.1,80.0,0.0,18.3,June,2023
16019,Suryapet,Kodad,2023-06-29,5.6,25.1,37.2,64.5,77.8,0.0,14.0,June,2023
16020,Suryapet,Kodad,2023-06-30,0.0,27.1,36.4,65.5,75.9,0.0,17.4,June,2023
16021,Suryapet,Maddirala,2023-06-01,0.0,24.8,41.8,28.1,92.0,0.0,2.1,June,2023
16022,Suryapet,Maddirala,2023-06-02,0.0,25.3,42.5,23.9,76.4,0.0,8.6,June,2023
16023,Suryapet,Maddirala,2023-06-03,0.0,26.7,42.6,18.9,72.6,0.0,9.7,June,2023
16024,Suryapet,Maddirala,2023-06-04,0.0,28.2,43.5,21.2,70.8,0.0,10.6,June,2023
16025,Suryapet,Maddirala,2023-06-05,0.0,25.7,42.4,26.0,83.7,0.0,0.9,June,2023
16026,Suryapet,Maddirala,2023-06-06,0.0,26.0,41.8,26.0,70.4,0.0,1.6,June,2023
16027,Suryapet,Maddirala,2023-06-07,0.0,27.8,42.4,26.0,66.1,0.0,2.0,June,2023
16028,Suryapet,Maddirala,2023-06-08,0.0,29.5,43.2,23.9,66.6,0.0,2.1,June,2023
16029,Suryapet,Maddirala,2023-06-09,0.0,30.0,42.9,23.9,65.5,0.0,8.6,June,2023
16030,Suryapet,Maddirala,2023-06-10,0.0,27.3,43.8,22.6,77.0,1.1,10.4,June,2023
16031,Suryapet,Maddirala,2023-06-11,13.1,24.7,41.7,33.0,93.1,1.4,8.8,June,2023
16032,Suryapet,Maddirala,2023-06-12,0.0,27.3,39.6,34.9,78.0,0.0,4.6,June,2023
16033,Suryapet,Maddirala,2023-06-13,0.0,29.1,40.2,34.2,67.0,0.0,10.2,June,2023
16034,Suryapet,Maddirala,2023-06-14,0.0,29.8,42.6,26.7,66.2,0.0,9.6,June,2023
16035,Suryapet,Maddirala,2023-06-15,0.0,30.7,42.2,29.2,64.3,0.0,15.7,June,2023
16036,Suryapet,Maddirala,2023-06-16,0.0,28.7,42.2,26.0,63.1,0.0,14.7,June,2023
16037,Suryapet,Maddirala,2023-06-17,0.0,30.6,42.3,25.2,63.1,1.7,13.6,June,2023
16038,Suryapet,Maddirala,2023-06-18,4.5,26.6,42.2,30.6,76.9,0.0,14.5,June,2023
16039,Suryapet,Maddirala,2023-06-19,0.0,30.2,37.6,38.1,72.8,0.0,0.9,June,2023
16040,Suryapet,Maddirala,2023-06-20,0.0,27.8,40.8,31.6,83.7,0.0,0.8,June,2023
16041,Suryapet,Maddirala,2023-06-21,8.9,24.6,42.1,32.3,97.6,0.0,0.6,June,2023
16042,Suryapet,Maddirala,2023-06-22,0.3,25.2,38.0,48.0,92.0,0.0,1.5,June,2023
16043,Suryapet,Maddirala,2023-06-23,1.0,25.3,37.1,51.2,97.6,0.0,0.9,June,2023
16044,Suryapet,Maddirala,2023-06-24,29.7,22.5,33.0,59.6,99.3,0.0,6.3,June,2023
16045,Suryapet,Maddirala,2023-06-25,0.8,24.2,32.8,68.2,97.9,0.0,0.3,June,2023
16046,Suryapet,Maddirala,2023-06-26,0.0,25.8,34.5,57.6,92.7,0.0,0.4,June,2023
16047,Suryapet,Maddirala,2023-06-27,0.0,24.9,32.9,57.6,97.6,1.6,7.3,June,2023
16048,Suryapet,Maddirala,2023-06-28,11.1,24.6,34.7,51.9,99.9,0.0,2.9,June,2023
16049,Suryapet,Maddirala,2023-06-29,1.1,24.9,34.8,50.7,97.6,3.0,7.7,June,2023
16050,Suryapet,Maddirala,2023-06-30,0.0,25.8,36.6,53.0,91.1,0.8,7.6,June,2023
16051,Suryapet,Mattampalle,2023-06-01,0.0,28.3,42.2,30.5,76.5,0.0,6.0,June,2023
16052,Suryapet,Mattampalle,2023-06-02,0.0,29.2,44.1,23.8,60.1,0.0,9.3,June,2023
16053,Suryapet,Mattampalle,2023-06-03,0.0,28.3,45.5,21.3,62.0,0.0,10.0,June,2023
16054,Suryapet,Mattampalle,2023-06-04,0.0,28.9,45.4,22.0,60.1,0.0,12.9,June,2023
16055,Suryapet,Mattampalle,2023-06-05,0.0,27.2,41.7,35.2,70.4,0.0,11.1,June,2023
16056,Suryapet,Mattampalle,2023-06-06,0.0,27.3,42.4,25.9,64.8,0.0,7.1,June,2023
16057,Suryapet,Mattampalle,2023-06-07,0.4,30.3,44.8,25.4,60.6,0.0,13.3,June,2023
16058,Suryapet,Mattampalle,2023-06-08,0.0,30.4,44.8,25.4,62.0,0.0,6.7,June,2023
16059,Suryapet,Mattampalle,2023-06-09,0.0,31.0,43.7,27.3,59.1,0.0,10.2,June,2023
16060,Suryapet,Mattampalle,2023-06-10,0.0,30.7,43.9,26.6,63.0,0.0,13.0,June,2023
16061,Suryapet,Mattampalle,2023-06-11,0.1,29.1,43.7,28.6,69.2,0.0,11.1,June,2023
16062,Suryapet,Mattampalle,2023-06-12,0.0,29.2,42.0,30.7,66.9,0.0,11.0,June,2023
16063,Suryapet,Mattampalle,2023-06-13,0.0,30.8,42.8,32.0,53.5,0.1,9.0,June,2023
16064,Suryapet,Mattampalle,2023-06-14,0.0,31.3,43.5,25.9,52.7,0.0,10.0,June,2023
16065,Suryapet,Mattampalle,2023-06-15,0.0,30.9,43.0,26.6,54.3,0.0,10.2,June,2023
16066,Suryapet,Mattampalle,2023-06-16,0.0,30.6,43.5,25.9,50.2,0.0,4.6,June,2023
16067,Suryapet,Mattampalle,2023-06-17,0.0,31.1,43.9,25.3,53.7,0.0,5.8,June,2023
16068,Suryapet,Mattampalle,2023-06-18,0.0,31.1,43.2,27.7,56.6,0.0,8.4,June,2023
16069,Suryapet,Mattampalle,2023-06-19,0.0,30.3,41.7,31.0,63.0,0.0,11.1,June,2023
16070,Suryapet,Mattampalle,2023-06-20,4.9,28.4,42.0,29.7,82.6,0.0,11.5,June,2023
16071,Suryapet,Mattampalle,2023-06-21,0.0,27.7,39.7,35.5,82.3,0.0,17.4,June,2023
16072,Suryapet,Mattampalle,2023-06-22,2.6,26.0,41.0,36.3,97.6,0.0,12.7,June,2023
16073,Suryapet,Mattampalle,2023-06-23,22.5,24.2,37.5,45.7,98.0,0.0,8.4,June,2023
16074,Suryapet,Mattampalle,2023-06-24,12.6,23.7,34.3,58.2,98.5,0.0,0.8,June,2023
16075,Suryapet,Mattampalle,2023-06-25,3.9,25.4,32.8,61.1,97.1,0.0,9.7,June,2023
16076,Suryapet,Mattampalle,2023-06-26,0.2,26.3,35.6,48.9,96.1,0.0,5.3,June,2023
16077,Suryapet,Mattampalle,2023-06-27,0.6,23.8,34.1,53.9,95.3,0.0,6.5,June,2023
16078,Suryapet,Mattampalle,2023-06-28,0.6,26.3,37.7,42.9,89.3,0.0,8.7,June,2023
16079,Suryapet,Mattampalle,2023-06-29,3.4,25.6,37.4,41.7,97.6,0.0,10.0,June,2023
16080,Suryapet,Mattampalle,2023-06-30,0.0,27.6,37.3,44.8,77.9,0.0,12.7,June,2023
16081,Suryapet,Mellachervu,2023-06-01,0.0,28.3,40.4,34.1,69.7,0.0,6.0,June,2023
16082,Suryapet,Mellachervu,2023-06-02,0.0,29.1,42.6,26.9,56.7,0.0,9.3,June,2023
16083,Suryapet,Mellachervu,2023-06-03,0.0,28.6,42.6,23.9,55.5,0.0,10.0,June,2023
16084,Suryapet,Mellachervu,2023-06-04,0.0,29.1,43.8,22.0,54.2,0.0,12.9,June,2023
16085,Suryapet,Mellachervu,2023-06-05,0.0,27.8,40.0,36.3,64.1,0.0,11.1,June,2023
16086,Suryapet,Mellachervu,2023-06-06,0.0,27.3,40.3,29.2,56.2,0.0,7.1,June,2023
16087,Suryapet,Mellachervu,2023-06-07,0.0,30.2,43.5,28.5,49.9,0.0,13.3,June,2023
16088,Suryapet,Mellachervu,2023-06-08,0.0,30.4,42.7,26.1,59.2,0.0,6.7,June,2023
16089,Suryapet,Mellachervu,2023-06-09,0.4,30.8,42.8,29.6,58.4,0.0,10.2,June,2023
16090,Suryapet,Mellachervu,2023-06-10,0.0,30.1,43.0,28.7,62.8,0.0,13.0,June,2023
16091,Suryapet,Mellachervu,2023-06-11,0.0,28.9,42.2,31.5,66.2,0.0,11.1,June,2023
16092,Suryapet,Mellachervu,2023-06-12,0.0,28.9,41.9,36.7,59.4,0.0,11.0,June,2023
16093,Suryapet,Mellachervu,2023-06-13,0.0,30.6,41.0,34.9,54.6,0.1,9.0,June,2023
16094,Suryapet,Mellachervu,2023-06-14,0.0,31.0,42.7,28.6,54.6,0.0,10.0,June,2023
16095,Suryapet,Mellachervu,2023-06-15,0.0,30.7,41.6,30.6,54.8,0.0,10.2,June,2023
16096,Suryapet,Mellachervu,2023-06-16,0.0,32.0,43.3,23.1,44.1,0.0,4.6,June,2023
16097,Suryapet,Mellachervu,2023-06-17,0.0,32.1,43.7,22.7,48.1,0.0,0.1,June,2023
16098,Suryapet,Mellachervu,2023-06-18,0.0,32.3,43.8,24.7,47.5,0.0,8.4,June,2023
16099,Suryapet,Mellachervu,2023-06-19,0.0,30.7,42.4,27.3,57.0,0.0,11.1,June,2023
16100,Suryapet,Mellachervu,2023-06-20,0.0,29.3,42.4,27.3,67.1,0.0,11.5,June,2023
16101,Suryapet,Mellachervu,2023-06-21,0.0,28.1,39.9,31.1,74.6,0.0,17.4,June,2023
16102,Suryapet,Mellachervu,2023-06-22,0.0,27.8,41.2,32.8,80.7,0.0,12.7,June,2023
16103,Suryapet,Mellachervu,2023-06-23,18.9,24.9,37.1,44.2,90.0,0.0,8.4,June,2023
16104,Suryapet,Mellachervu,2023-06-24,6.0,23.9,33.6,56.0,91.2,0.0,0.3,June,2023
16105,Suryapet,Mellachervu,2023-06-25,0.0,25.7,32.8,61.1,80.5,0.0,9.7,June,2023
16106,Suryapet,Mellachervu,2023-06-26,1.2,26.4,36.3,43.1,89.1,0.0,5.3,June,2023
16107,Suryapet,Mellachervu,2023-06-27,6.5,23.6,33.2,51.3,90.2,0.0,0.1,June,2023
16108,Suryapet,Mellachervu,2023-06-28,0.0,27.1,35.9,43.1,79.1,0.0,0.1,June,2023
16109,Suryapet,Mellachervu,2023-06-29,2.1,25.8,37.6,39.9,90.0,0.0,10.0,June,2023
16110,Suryapet,Mellachervu,2023-06-30,0.0,28.0,37.2,40.8,72.2,0.0,12.7,June,2023
16111,Suryapet,Mothey,2023-06-01,0.0,26.5,42.4,31.0,93.6,0.0,8.0,June,2023
16112,Suryapet,Mothey,2023-06-02,0.0,26.5,42.6,29.7,83.6,0.0,9.6,June,2023
16113,Suryapet,Mothey,2023-06-03,0.0,27.5,44.1,23.1,80.5,0.0,10.2,June,2023
16114,Suryapet,Mothey,2023-06-04,0.0,27.9,44.2,23.7,81.8,0.0,15.2,June,2023
16115,Suryapet,Mothey,2023-06-05,0.3,27.2,43.1,29.1,85.4,0.0,15.3,June,2023
16116,Suryapet,Mothey,2023-06-06,0.0,28.6,41.0,31.4,72.6,0.0,13.3,June,2023
16117,Suryapet,Mothey,2023-06-07,0.0,28.1,43.3,29.7,75.2,0.0,14.7,June,2023
16118,Suryapet,Mothey,2023-06-08,0.0,29.8,43.2,28.4,73.7,0.1,11.2,June,2023
16119,Suryapet,Mothey,2023-06-09,0.0,31.8,43.5,28.8,65.3,0.0,23.9,June,2023
16120,Suryapet,Mothey,2023-06-10,0.0,30.7,43.1,29.1,73.7,0.0,20.4,June,2023
16121,Suryapet,Mothey,2023-06-11,2.4,26.1,42.8,34.4,90.2,0.9,25.2,June,2023
16122,Suryapet,Mothey,2023-06-12,0.0,29.1,40.8,37.6,82.0,1.0,15.0,June,2023
16123,Suryapet,Mothey,2023-06-13,0.0,31.3,41.9,35.4,64.0,0.4,19.6,June,2023
16124,Suryapet,Mothey,2023-06-14,0.0,31.5,42.7,30.4,64.3,0.0,18.9,June,2023
16125,Suryapet,Mothey,2023-06-15,0.0,31.9,41.8,31.4,58.4,0.0,18.9,June,2023
16126,Suryapet,Mothey,2023-06-16,0.0,31.1,42.0,30.1,59.9,0.0,14.6,June,2023
16127,Suryapet,Mothey,2023-06-17,0.0,31.8,43.0,28.4,61.9,0.1,18.1,June,2023
16128,Suryapet,Mothey,2023-06-18,1.0,28.7,42.2,31.7,78.0,0.0,13.9,June,2023
16129,Suryapet,Mothey,2023-06-19,0.0,31.3,40.4,36.5,67.2,0.0,13.2,June,2023
16130,Suryapet,Mothey,2023-06-20,0.0,28.6,41.7,34.1,83.8,0.0,15.2,June,2023
16131,Suryapet,Mothey,2023-06-21,0.0,26.6,39.7,38.8,90.2,0.0,16.2,June,2023
16132,Suryapet,Mothey,2023-06-22,0.8,27.2,38.9,45.1,91.5,0.0,21.3,June,2023
16133,Suryapet,Mothey,2023-06-23,1.1,25.4,37.9,46.8,93.8,0.0,20.1,June,2023
16134,Suryapet,Mothey,2023-06-24,25.7,22.9,33.6,61.7,100.0,0.0,7.9,June,2023
16135,Suryapet,Mothey,2023-06-25,3.0,24.0,32.8,66.5,100.0,0.0,12.1,June,2023
16136,Suryapet,Mothey,2023-06-26,0.0,26.6,33.9,57.3,100.0,0.0,14.2,June,2023
16137,Suryapet,Mothey,2023-06-27,1.2,25.3,33.4,60.3,100.0,0.0,11.5,June,2023
16138,Suryapet,Mothey,2023-06-28,10.0,24.5,34.3,55.4,100.0,0.0,25.9,June,2023
16139,Suryapet,Mothey,2023-06-29,0.4,25.0,35.7,54.4,100.0,0.0,13.6,June,2023
16140,Suryapet,Mothey,2023-06-30,0.5,27.1,36.2,52.9,100.0,0.0,15.0,June,2023
16141,Suryapet,Munagala,2023-06-01,0.0,28.3,43.6,22.3,68.4,0.0,3.6,June,2023
16142,Suryapet,Munagala,2023-06-02,0.0,29.3,43.6,19.1,53.0,0.0,8.4,June,2023
16143,Suryapet,Munagala,2023-06-03,0.0,29.0,45.7,11.5,46.0,0.0,4.7,June,2023
16144,Suryapet,Munagala,2023-06-04,0.0,29.6,45.8,13.6,48.6,0.0,10.2,June,2023
16145,Suryapet,Munagala,2023-06-05,0.0,27.9,42.7,22.9,57.6,0.0,9.6,June,2023
16146,Suryapet,Munagala,2023-06-06,0.0,28.4,42.0,20.2,52.6,0.0,7.7,June,2023
16147,Suryapet,Munagala,2023-06-07,0.0,29.8,44.2,19.3,53.0,0.0,8.2,June,2023
16148,Suryapet,Munagala,2023-06-08,0.0,30.4,45.1,16.1,52.1,0.0,9.9,June,2023
16149,Suryapet,Munagala,2023-06-09,0.0,31.5,43.8,19.9,48.5,0.0,11.4,June,2023
16150,Suryapet,Munagala,2023-06-10,0.0,29.9,43.2,19.7,53.9,0.3,12.3,June,2023
16151,Suryapet,Munagala,2023-06-11,0.1,28.6,42.9,24.2,60.8,0.0,13.5,June,2023
16152,Suryapet,Munagala,2023-06-12,0.0,29.7,42.0,24.8,59.0,0.0,10.8,June,2023
16153,Suryapet,Munagala,2023-06-13,0.0,31.4,42.6,25.4,45.7,0.0,10.1,June,2023
16154,Suryapet,Munagala,2023-06-14,0.0,31.6,44.0,19.3,46.9,0.0,9.5,June,2023
16155,Suryapet,Munagala,2023-06-15,0.0,31.3,42.6,22.3,45.9,0.0,9.4,June,2023
16156,Suryapet,Munagala,2023-06-16,0.0,31.3,42.6,21.0,43.2,0.0,11.0,June,2023
16157,Suryapet,Munagala,2023-06-17,0.0,31.9,43.6,18.5,47.4,0.0,12.8,June,2023
16158,Suryapet,Munagala,2023-06-18,0.0,28.4,44.1,22.5,64.4,0.0,8.4,June,2023
16159,Suryapet,Munagala,2023-06-19,0.0,30.5,40.9,27.7,52.6,0.0,12.0,June,2023
16160,Suryapet,Munagala,2023-06-20,0.0,28.9,44.2,21.8,58.5,0.0,12.4,June,2023
16161,Suryapet,Munagala,2023-06-21,0.0,27.2,40.3,30.2,73.0,0.0,8.4,June,2023
16162,Suryapet,Munagala,2023-06-22,0.0,26.9,41.4,31.1,74.7,0.0,14.5,June,2023
16163,Suryapet,Munagala,2023-06-23,0.0,26.6,38.8,39.0,77.3,0.0,10.1,June,2023
16164,Suryapet,Munagala,2023-06-24,22.3,22.8,34.1,52.0,100.0,0.0,8.0,June,2023
16165,Suryapet,Munagala,2023-06-25,0.0,25.7,32.9,60.4,100.0,0.0,14.5,June,2023
16166,Suryapet,Munagala,2023-06-26,0.0,26.2,35.4,45.5,91.2,0.0,9.0,June,2023
16167,Suryapet,Munagala,2023-06-27,1.9,24.9,33.8,51.0,98.1,0.0,10.7,June,2023
16168,Suryapet,Munagala,2023-06-28,6.3,24.5,35.0,44.6,100.0,0.0,8.7,June,2023
16169,Suryapet,Munagala,2023-06-29,1.3,25.1,36.7,46.1,98.6,0.0,7.1,June,2023
16170,Suryapet,Munagala,2023-06-30,0.0,27.4,36.7,45.0,71.2,0.0,10.4,June,2023
16171,Suryapet,Nadigudem,2023-06-01,0.0,27.9,41.5,21.9,70.8,0.0,6.4,June,2023
16172,Suryapet,Nadigudem,2023-06-02,0.0,28.9,42.2,15.7,48.8,0.0,10.1,June,2023
16173,Suryapet,Nadigudem,2023-06-03,0.0,28.4,43.9,10.9,45.2,0.0,7.6,June,2023
16174,Suryapet,Nadigudem,2023-06-04,0.0,29.9,43.9,13.2,42.6,0.0,12.4,June,2023
16175,Suryapet,Nadigudem,2023-06-05,0.0,28.0,42.6,18.4,55.4,0.0,14.5,June,2023
16176,Suryapet,Nadigudem,2023-06-06,0.0,28.1,41.2,16.9,47.8,0.0,9.7,June,2023
16177,Suryapet,Nadigudem,2023-06-07,0.0,29.2,42.7,16.5,49.2,0.0,12.1,June,2023
16178,Suryapet,Nadigudem,2023-06-08,0.0,30.4,42.6,16.5,46.7,0.2,11.4,June,2023
16179,Suryapet,Nadigudem,2023-06-09,0.0,31.6,42.5,17.5,42.6,0.3,13.3,June,2023
16180,Suryapet,Nadigudem,2023-06-10,0.0,30.3,43.1,15.2,57.7,0.0,13.9,June,2023
16181,Suryapet,Nadigudem,2023-06-11,0.9,25.5,43.2,19.6,66.4,0.0,15.2,June,2023
16182,Suryapet,Nadigudem,2023-06-12,0.0,29.6,41.7,22.5,56.3,2.9,14.8,June,2023
16183,Suryapet,Nadigudem,2023-06-13,0.0,31.7,41.2,21.3,41.7,3.3,13.9,June,2023
16184,Suryapet,Nadigudem,2023-06-14,0.0,31.8,43.5,15.9,41.0,2.4,13.0,June,2023
16185,Suryapet,Nadigudem,2023-06-15,0.0,31.2,42.2,17.5,41.0,0.0,10.8,June,2023
16186,Suryapet,Nadigudem,2023-06-16,0.0,31.0,42.0,17.5,38.0,0.0,11.9,June,2023
16187,Suryapet,Nadigudem,2023-06-17,0.0,32.1,42.7,15.9,41.4,0.0,12.3,June,2023
16188,Suryapet,Nadigudem,2023-06-18,2.5,25.5,42.9,17.7,62.7,0.0,9.8,June,2023
16189,Suryapet,Nadigudem,2023-06-19,0.0,30.2,39.4,25.4,49.2,0.0,10.2,June,2023
16190,Suryapet,Nadigudem,2023-06-20,0.0,28.3,43.6,19.6,61.7,0.0,9.1,June,2023
16191,Suryapet,Nadigudem,2023-06-21,0.0,26.7,41.0,26.0,78.0,0.0,8.2,June,2023
16192,Suryapet,Nadigudem,2023-06-22,0.0,26.9,39.6,30.6,81.4,0.1,15.2,June,2023
16193,Suryapet,Nadigudem,2023-06-23,0.0,25.3,38.8,32.2,94.0,0.0,12.4,June,2023
16194,Suryapet,Nadigudem,2023-06-24,10.2,22.3,33.6,47.6,100.0,0.0,14.0,June,2023
16195,Suryapet,Nadigudem,2023-06-25,0.0,25.9,33.4,57.2,100.0,0.0,13.7,June,2023
16196,Suryapet,Nadigudem,2023-06-26,0.0,26.7,35.7,39.6,87.5,0.0,13.0,June,2023
16197,Suryapet,Nadigudem,2023-06-27,6.6,24.4,33.5,45.0,100.0,0.0,12.1,June,2023
16198,Suryapet,Nadigudem,2023-06-28,6.0,24.3,34.5,42.2,100.0,0.0,12.0,June,2023
16199,Suryapet,Nadigudem,2023-06-29,1.9,25.2,36.5,41.2,100.0,0.0,10.8,June,2023
16200,Suryapet,Nadigudem,2023-06-30,0.0,27.2,35.4,42.8,69.1,0.0,14.2,June,2023
16201,Suryapet,Nagaram,2023-06-01,0.0,25.2,39.8,32.0,100.0,0.0,9.6,June,2023
16202,Suryapet,Nagaram,2023-06-02,0.0,25.8,40.1,24.5,83.7,1.4,21.4,June,2023
16203,Suryapet,Nagaram,2023-06-03,0.0,28.0,41.8,15.1,78.8,0.0,15.5,June,2023
16204,Suryapet,Nagaram,2023-06-04,0.0,27.5,42.2,16.5,63.5,0.8,15.1,June,2023
16205,Suryapet,Nagaram,2023-06-05,0.0,25.4,42.4,22.9,85.9,1.9,23.3,June,2023
16206,Suryapet,Nagaram,2023-06-06,0.0,26.1,39.7,21.5,78.6,0.0,15.4,June,2023
16207,Suryapet,Nagaram,2023-06-07,0.0,27.6,42.6,23.1,72.6,0.0,19.6,June,2023
16208,Suryapet,Nagaram,2023-06-08,0.0,26.5,42.4,18.6,62.7,1.3,18.9,June,2023
16209,Suryapet,Nagaram,2023-06-09,0.0,30.1,41.5,20.4,62.7,3.2,23.4,June,2023
16210,Suryapet,Nagaram,2023-06-10,5.4,26.2,42.1,18.6,83.8,2.7,23.1,June,2023
16211,Suryapet,Nagaram,2023-06-11,21.1,24.3,42.4,25.2,100.0,2.8,26.5,June,2023
16212,Suryapet,Nagaram,2023-06-12,0.0,27.5,39.3,33.1,87.5,4.9,20.0,June,2023
16213,Suryapet,Nagaram,2023-06-13,0.0,26.6,39.9,30.4,70.4,2.2,19.6,June,2023
16214,Suryapet,Nagaram,2023-06-14,0.0,29.4,42.0,22.5,61.6,2.9,23.6,June,2023
16215,Suryapet,Nagaram,2023-06-15,0.0,29.8,41.8,22.5,55.1,1.4,20.4,June,2023
16216,Suryapet,Nagaram,2023-06-16,0.0,29.2,42.1,21.1,56.9,0.0,19.9,June,2023
16217,Suryapet,Nagaram,2023-06-17,0.0,29.9,41.6,19.0,57.8,4.8,19.7,June,2023
16218,Suryapet,Nagaram,2023-06-18,0.0,29.9,42.1,23.8,56.6,1.6,21.7,June,2023
16219,Suryapet,Nagaram,2023-06-19,0.0,29.8,40.4,26.5,62.6,0.0,17.8,June,2023
16220,Suryapet,Nagaram,2023-06-20,0.0,28.2,42.3,23.8,76.5,0.0,19.2,June,2023
16221,Suryapet,Nagaram,2023-06-21,20.9,25.0,42.3,26.5,100.0,1.6,14.3,June,2023
16222,Suryapet,Nagaram,2023-06-22,1.3,25.4,36.5,53.5,100.0,1.4,11.4,June,2023
16223,Suryapet,Nagaram,2023-06-23,12.6,24.2,36.4,52.5,100.0,0.0,20.2,June,2023
16224,Suryapet,Nagaram,2023-06-24,32.1,22.7,32.8,76.8,100.0,0.0,23.0,June,2023
16225,Suryapet,Nagaram,2023-06-25,0.4,24.4,32.3,69.3,100.0,1.0,19.9,June,2023
16226,Suryapet,Nagaram,2023-06-26,0.0,24.3,32.1,69.5,100.0,1.6,19.2,June,2023
16227,Suryapet,Nagaram,2023-06-27,1.4,25.0,32.8,70.2,100.0,0.0,19.8,June,2023
16228,Suryapet,Nagaram,2023-06-28,12.6,24.4,34.7,60.1,100.0,1.2,18.9,June,2023
16229,Suryapet,Nagaram,2023-06-29,6.7,24.4,36.4,55.5,100.0,0.9,22.4,June,2023
16230,Suryapet,Nagaram,2023-06-30,0.0,25.1,33.7,60.1,100.0,0.5,18.5,June,2023
16231,Suryapet,Neredcherla,2023-06-01,0.0,27.3,41.3,21.3,88.2,0.0,2.4,June,2023
16232,Suryapet,Neredcherla,2023-06-02,0.0,28.8,44.2,17.2,64.4,0.0,9.0,June,2023
16233,Suryapet,Neredcherla,2023-06-03,0.0,29.1,43.9,10.4,54.2,0.0,10.2,June,2023
16234,Suryapet,Neredcherla,2023-06-04,0.0,28.9,44.3,14.6,56.0,0.0,9.8,June,2023
16235,Suryapet,Neredcherla,2023-06-05,0.0,26.7,40.0,26.2,75.3,0.0,17.6,June,2023
16236,Suryapet,Neredcherla,2023-06-06,0.0,27.3,39.9,21.8,63.4,0.0,13.6,June,2023
16237,Suryapet,Neredcherla,2023-06-07,0.0,29.1,43.2,20.2,59.8,0.0,15.6,June,2023
16238,Suryapet,Neredcherla,2023-06-08,0.0,29.4,43.8,16.0,64.4,0.0,12.1,June,2023
16239,Suryapet,Neredcherla,2023-06-09,0.0,30.4,42.6,20.6,60.2,0.0,11.9,June,2023
16240,Suryapet,Neredcherla,2023-06-10,0.9,28.1,41.7,22.0,71.5,0.0,20.6,June,2023
16241,Suryapet,Neredcherla,2023-06-11,0.0,26.6,40.9,25.5,91.1,0.0,16.4,June,2023
16242,Suryapet,Neredcherla,2023-06-12,0.0,28.9,40.4,29.0,76.9,0.0,15.3,June,2023
16243,Suryapet,Neredcherla,2023-06-13,0.0,29.7,40.4,28.3,62.4,0.0,5.9,June,2023
16244,Suryapet,Neredcherla,2023-06-14,0.0,30.8,42.1,20.6,52.8,0.0,9.3,June,2023
16245,Suryapet,Neredcherla,2023-06-15,0.0,31.0,41.2,21.3,52.3,0.0,14.3,June,2023
16246,Suryapet,Neredcherla,2023-06-16,0.0,30.6,41.1,20.6,48.1,0.0,10.2,June,2023
16247,Suryapet,Neredcherla,2023-06-17,0.0,31.0,42.4,18.1,52.8,0.0,7.9,June,2023
16248,Suryapet,Neredcherla,2023-06-18,0.0,30.7,42.0,21.6,54.6,0.0,14.9,June,2023
16249,Suryapet,Neredcherla,2023-06-19,0.0,29.6,39.7,28.7,65.9,0.0,19.4,June,2023
16250,Suryapet,Neredcherla,2023-06-20,0.0,29.1,40.8,24.8,81.7,0.0,15.7,June,2023
16251,Suryapet,Neredcherla,2023-06-21,1.9,26.3,39.7,32.1,100.0,0.0,10.5,June,2023
16252,Suryapet,Neredcherla,2023-06-22,2.1,24.8,39.6,38.4,100.0,0.0,17.0,June,2023
16253,Suryapet,Neredcherla,2023-06-23,34.0,24.6,36.5,47.8,100.0,0.0,15.3,June,2023
16254,Suryapet,Neredcherla,2023-06-24,16.1,23.1,34.0,59.7,100.0,0.0,2.6,June,2023
16255,Suryapet,Neredcherla,2023-06-25,0.5,26.1,32.3,68.9,92.5,0.0,0.2,June,2023
16256,Suryapet,Neredcherla,2023-06-26,3.2,24.7,34.3,52.3,100.0,0.0,7.9,June,2023
16257,Suryapet,Neredcherla,2023-06-27,1.6,23.7,32.8,58.4,100.0,0.0,6.4,June,2023
16258,Suryapet,Neredcherla,2023-06-28,0.2,24.9,34.0,50.7,100.0,0.0,15.4,June,2023
16259,Suryapet,Neredcherla,2023-06-29,1.1,25.0,36.6,46.7,100.0,0.0,8.6,June,2023
16260,Suryapet,Neredcherla,2023-06-30,0.0,26.6,35.8,48.4,100.0,0.0,8.4,June,2023
16261,Suryapet,Noothankal,2023-06-01,0.0,25.7,40.1,31.9,81.6,0.0,0.0,June,2023
16262,Suryapet,Noothankal,2023-06-02,0.0,26.1,41.5,25.4,69.4,0.0,0.0,June,2023
16263,Suryapet,Noothankal,2023-06-03,0.0,28.3,41.6,23.1,60.7,0.0,0.3,June,2023
16264,Suryapet,Noothankal,2023-06-04,0.0,28.4,42.2,22.0,61.8,0.0,0.5,June,2023
16265,Suryapet,Noothankal,2023-06-05,0.0,26.0,41.1,30.6,76.4,0.0,0.8,June,2023
16266,Suryapet,Noothankal,2023-06-06,0.0,27.6,41.3,28.4,61.4,0.0,1.5,June,2023
16267,Suryapet,Noothankal,2023-06-07,0.0,28.4,40.8,30.6,60.5,0.0,2.0,June,2023
16268,Suryapet,Noothankal,2023-06-08,0.0,29.4,42.0,25.8,60.1,0.0,0.7,June,2023
16269,Suryapet,Noothankal,2023-06-09,0.0,29.4,41.6,30.6,63.9,0.0,0.4,June,2023
16270,Suryapet,Noothankal,2023-06-10,0.0,27.3,41.9,27.7,76.5,0.0,0.9,June,2023
16271,Suryapet,Noothankal,2023-06-11,24.3,24.1,40.4,34.2,87.8,0.0,1.3,June,2023
16272,Suryapet,Noothankal,2023-06-12,0.0,28.1,38.8,35.7,70.9,0.0,1.2,June,2023
16273,Suryapet,Noothankal,2023-06-13,0.0,29.7,39.8,33.9,57.9,0.0,0.2,June,2023
16274,Suryapet,Noothankal,2023-06-14,0.0,30.0,41.4,28.7,58.4,0.0,2.1,June,2023
16275,Suryapet,Noothankal,2023-06-15,0.0,30.8,40.3,30.7,55.3,0.0,2.0,June,2023
16276,Suryapet,Noothankal,2023-06-16,0.0,30.8,41.0,31.3,53.1,0.0,1.2,June,2023
16277,Suryapet,Noothankal,2023-06-17,0.0,30.8,41.4,27.8,54.7,0.0,0.3,June,2023
16278,Suryapet,Noothankal,2023-06-18,3.0,30.2,40.5,30.0,60.4,0.0,0.2,June,2023
16279,Suryapet,Noothankal,2023-06-19,0.0,30.6,37.9,38.1,57.9,0.0,0.3,June,2023
16280,Suryapet,Noothankal,2023-06-20,0.0,27.7,39.4,32.3,72.3,0.0,0.5,June,2023
16281,Suryapet,Noothankal,2023-06-21,1.7,25.5,39.3,33.8,88.1,0.0,0.1,June,2023
16282,Suryapet,Noothankal,2023-06-22,10.0,25.0,36.5,51.8,89.8,0.0,0.1,June,2023
16283,Suryapet,Noothankal,2023-06-23,1.6,25.3,34.5,49.6,98.7,0.0,0.6,June,2023
16284,Suryapet,Noothankal,2023-06-24,18.1,22.8,32.4,62.6,100.0,0.0,2.3,June,2023
16285,Suryapet,Noothankal,2023-06-25,5.5,24.1,32.5,64.5,98.6,0.0,0.1,June,2023
16286,Suryapet,Noothankal,2023-06-26,0.0,26.2,33.8,53.8,92.2,0.0,0.3,June,2023
16287,Suryapet,Noothankal,2023-06-27,1.9,25.1,32.7,55.8,100.0,0.0,0.3,June,2023
16288,Suryapet,Noothankal,2023-06-28,2.6,24.7,33.6,49.6,100.0,0.0,2.1,June,2023
16289,Suryapet,Noothankal,2023-06-29,6.6,25.1,35.2,47.4,100.0,0.0,0.1,June,2023
16290,Suryapet,Noothankal,2023-06-30,0.0,26.3,34.3,50.7,88.6,0.0,0.1,June,2023
16291,Suryapet,Palakeedu,2023-06-01,0.0,28.5,41.0,30.5,76.0,0.0,6.0,June,2023
16292,Suryapet,Palakeedu,2023-06-02,0.0,29.0,43.1,24.1,59.9,0.0,9.3,June,2023
16293,Suryapet,Palakeedu,2023-06-03,0.0,28.5,44.5,20.9,59.1,0.0,10.0,June,2023
16294,Suryapet,Palakeedu,2023-06-04,0.0,29.4,44.1,22.0,57.5,0.0,12.9,June,2023
16295,Suryapet,Palakeedu,2023-06-05,0.0,27.4,40.6,36.3,67.1,0.0,11.1,June,2023
16296,Suryapet,Palakeedu,2023-06-06,0.0,27.3,40.9,27.3,62.0,0.0,7.1,June,2023
16297,Suryapet,Palakeedu,2023-06-07,0.0,30.2,43.4,26.0,57.2,0.0,13.3,June,2023
16298,Suryapet,Palakeedu,2023-06-08,0.0,30.0,43.2,26.2,62.0,0.0,0.1,June,2023
16299,Suryapet,Palakeedu,2023-06-09,1.0,30.6,42.7,28.3,59.3,0.0,2.1,June,2023
16300,Suryapet,Palakeedu,2023-06-10,0.0,30.1,42.6,27.7,63.7,0.0,13.0,June,2023
16301,Suryapet,Palakeedu,2023-06-11,0.3,28.6,41.9,30.5,69.4,0.0,11.1,June,2023
16302,Suryapet,Palakeedu,2023-06-12,0.0,29.1,41.1,33.1,67.4,0.0,11.0,June,2023
16303,Suryapet,Palakeedu,2023-06-13,0.0,30.8,41.2,33.5,52.8,0.1,9.0,June,2023
16304,Suryapet,Palakeedu,2023-06-14,0.0,31.1,42.6,27.4,52.7,0.0,10.0,June,2023
16305,Suryapet,Palakeedu,2023-06-15,0.0,31.0,41.8,27.8,53.5,0.0,0.1,June,2023
16306,Suryapet,Palakeedu,2023-06-16,0.0,29.9,42.4,22.0,48.3,0.0,1.7,June,2023
16307,Suryapet,Palakeedu,2023-06-17,0.0,29.5,45.0,22.2,51.6,0.0,5.8,June,2023
16308,Suryapet,Palakeedu,2023-06-18,0.0,30.0,43.8,24.1,55.1,0.0,8.4,June,2023
16309,Suryapet,Palakeedu,2023-06-19,0.0,30.0,42.1,26.8,60.1,0.0,11.1,June,2023
16310,Suryapet,Palakeedu,2023-06-20,0.0,28.3,42.3,26.8,78.9,0.0,11.5,June,2023
16311,Suryapet,Palakeedu,2023-06-21,0.0,27.3,39.8,32.0,66.0,0.0,17.4,June,2023
16312,Suryapet,Palakeedu,2023-06-22,4.0,25.1,41.1,32.7,100.0,0.0,12.7,June,2023
16313,Suryapet,Palakeedu,2023-06-23,35.9,24.3,38.2,40.9,100.0,0.0,5.3,June,2023
16314,Suryapet,Palakeedu,2023-06-24,7.3,23.7,32.9,61.5,100.0,0.0,0.8,June,2023
16315,Suryapet,Palakeedu,2023-06-25,0.0,26.0,33.5,60.1,91.7,0.0,9.7,June,2023
16316,Suryapet,Palakeedu,2023-06-26,1.0,25.9,35.8,45.7,99.3,0.0,5.3,June,2023
16317,Suryapet,Palakeedu,2023-06-27,1.9,24.0,33.8,52.1,99.4,0.0,6.5,June,2023
16318,Suryapet,Palakeedu,2023-06-28,0.0,25.2,36.2,44.3,92.8,0.0,8.7,June,2023
16319,Suryapet,Palakeedu,2023-06-29,6.8,25.1,37.4,42.6,100.0,0.0,5.5,June,2023
16320,Suryapet,Palakeedu,2023-06-30,0.0,26.7,38.0,42.0,76.2,0.0,12.7,June,2023
16321,Suryapet,Penpahad,2023-06-01,0.0,26.7,43.1,24.4,79.0,0.0,13.3,June,2023
16322,Suryapet,Penpahad,2023-06-02,0.0,27.1,44.1,21.2,64.8,0.0,13.7,June,2023
16323,Suryapet,Penpahad,2023-06-03,0.0,28.1,44.5,17.0,51.0,0.0,15.8,June,2023
16324,Suryapet,Penpahad,2023-06-04,0.0,27.9,45.4,18.4,59.9,0.0,16.0,June,2023
16325,Suryapet,Penpahad,2023-06-05,0.0,27.1,41.8,27.9,66.7,0.0,18.5,June,2023
16326,Suryapet,Penpahad,2023-06-06,0.0,26.8,41.0,24.9,60.9,0.0,15.7,June,2023
16327,Suryapet,Penpahad,2023-06-07,0.0,27.9,42.6,27.2,65.9,0.0,15.6,June,2023
16328,Suryapet,Penpahad,2023-06-08,0.0,29.6,44.5,21.9,60.9,2.2,19.7,June,2023
16329,Suryapet,Penpahad,2023-06-09,1.5,28.7,42.9,27.2,71.9,0.0,18.9,June,2023
16330,Suryapet,Penpahad,2023-06-10,0.0,28.6,43.5,24.9,67.3,5.4,23.6,June,2023
16331,Suryapet,Penpahad,2023-06-11,0.0,25.9,41.8,31.3,81.4,1.5,25.9,June,2023
16332,Suryapet,Penpahad,2023-06-12,0.0,28.5,40.6,31.1,70.0,4.7,18.6,June,2023
16333,Suryapet,Penpahad,2023-06-13,0.0,29.5,41.4,29.7,55.0,3.7,18.7,June,2023
16334,Suryapet,Penpahad,2023-06-14,0.0,31.1,42.6,25.1,53.5,3.7,22.0,June,2023
16335,Suryapet,Penpahad,2023-06-15,0.0,30.7,41.7,25.8,51.0,0.0,22.0,June,2023
16336,Suryapet,Penpahad,2023-06-16,0.0,28.8,41.6,25.8,52.5,0.0,22.7,June,2023
16337,Suryapet,Penpahad,2023-06-17,0.0,31.5,43.0,23.7,52.5,2.2,16.8,June,2023
16338,Suryapet,Penpahad,2023-06-18,0.0,30.7,42.7,26.5,52.4,1.6,21.4,June,2023
16339,Suryapet,Penpahad,2023-06-19,0.0,29.1,39.4,33.8,63.4,0.0,19.6,June,2023
16340,Suryapet,Penpahad,2023-06-20,0.0,28.6,43.0,27.9,70.5,0.0,17.3,June,2023
16341,Suryapet,Penpahad,2023-06-21,0.2,25.9,40.3,33.8,93.1,0.0,11.3,June,2023
16342,Suryapet,Penpahad,2023-06-22,7.1,24.6,40.5,37.0,97.9,0.3,18.6,June,2023
16343,Suryapet,Penpahad,2023-06-23,6.5,24.5,38.9,42.2,96.5,0.0,16.1,June,2023
16344,Suryapet,Penpahad,2023-06-24,27.2,22.5,33.1,61.4,100.0,0.0,18.1,June,2023
16345,Suryapet,Penpahad,2023-06-25,9.6,25.6,32.6,63.9,95.9,0.0,13.2,June,2023
16346,Suryapet,Penpahad,2023-06-26,5.5,25.3,34.4,50.7,98.8,0.0,18.3,June,2023
16347,Suryapet,Penpahad,2023-06-27,1.1,24.5,33.0,56.4,95.1,0.0,15.2,June,2023
16348,Suryapet,Penpahad,2023-06-28,7.2,24.1,34.7,49.0,97.9,0.0,20.9,June,2023
16349,Suryapet,Penpahad,2023-06-29,2.2,24.8,35.8,49.4,96.9,0.0,14.2,June,2023
16350,Suryapet,Penpahad,2023-06-30,0.0,26.5,36.6,48.8,80.3,0.0,15.2,June,2023
16351,Suryapet,Suryapet,2023-06-01,0.0,26.6,41.3,26.6,77.3,0.0,6.9,June,2023
16352,Suryapet,Suryapet,2023-06-02,0.0,27.1,42.1,25.2,66.3,0.0,11.9,June,2023
16353,Suryapet,Suryapet,2023-06-03,0.0,28.0,43.2,19.7,62.4,0.0,14.1,June,2023
16354,Suryapet,Suryapet,2023-06-04,0.0,28.6,43.2,21.9,59.5,0.0,21.7,June,2023
16355,Suryapet,Suryapet,2023-06-05,0.0,26.9,40.7,30.4,73.1,0.0,19.2,June,2023
16356,Suryapet,Suryapet,2023-06-06,0.0,27.9,39.8,27.3,59.2,0.0,15.4,June,2023
16357,Suryapet,Suryapet,2023-06-07,0.1,28.0,41.2,29.8,63.8,0.1,19.6,June,2023
16358,Suryapet,Suryapet,2023-06-08,0.0,29.2,42.9,24.0,59.9,0.5,14.4,June,2023
16359,Suryapet,Suryapet,2023-06-09,0.0,29.8,41.7,29.5,61.9,0.0,16.4,June,2023
16360,Suryapet,Suryapet,2023-06-10,5.9,26.4,42.3,26.1,80.0,0.0,24.0,June,2023
16361,Suryapet,Suryapet,2023-06-11,2.1,25.7,40.1,33.4,85.6,0.0,16.5,June,2023
16362,Suryapet,Suryapet,2023-06-12,0.0,27.8,39.6,33.4,73.6,0.5,16.4,June,2023
16363,Suryapet,Suryapet,2023-06-13,0.0,30.0,40.1,32.8,57.5,1.4,15.1,June,2023
16364,Suryapet,Suryapet,2023-06-14,0.0,29.8,41.0,27.9,59.5,0.7,16.3,June,2023
16365,Suryapet,Suryapet,2023-06-15,0.0,30.1,40.6,28.6,57.0,0.0,18.9,June,2023
16366,Suryapet,Suryapet,2023-06-16,0.0,29.2,40.8,26.6,57.0,0.0,18.5,June,2023
16367,Suryapet,Suryapet,2023-06-17,0.0,30.6,41.6,25.4,58.0,0.4,15.7,June,2023
16368,Suryapet,Suryapet,2023-06-18,0.0,31.0,40.9,29.3,57.5,0.9,16.0,June,2023
16369,Suryapet,Suryapet,2023-06-19,0.0,29.8,38.7,34.1,61.2,0.0,20.4,June,2023
16370,Suryapet,Suryapet,2023-06-20,0.0,28.5,40.5,32.5,70.5,0.0,18.0,June,2023
16371,Suryapet,Suryapet,2023-06-21,6.8,24.8,40.7,33.5,96.9,0.0,9.7,June,2023
16372,Suryapet,Suryapet,2023-06-22,3.8,25.2,39.8,40.2,93.1,0.0,10.5,June,2023
16373,Suryapet,Suryapet,2023-06-23,3.6,22.3,36.1,47.9,96.5,0.0,10.2,June,2023
16374,Suryapet,Suryapet,2023-06-24,17.6,22.3,32.9,60.4,100.0,0.0,7.3,June,2023
16375,Suryapet,Suryapet,2023-06-25,1.4,24.1,32.7,64.2,97.0,0.0,11.3,June,2023
16376,Suryapet,Suryapet,2023-06-26,0.0,26.1,32.8,55.2,91.8,0.2,13.3,June,2023
16377,Suryapet,Suryapet,2023-06-27,2.1,24.6,32.9,56.8,100.0,0.0,12.4,June,2023
16378,Suryapet,Suryapet,2023-06-28,12.2,23.9,33.5,52.4,100.0,0.0,12.9,June,2023
16379,Suryapet,Suryapet,2023-06-29,2.7,24.4,36.2,48.8,98.0,0.0,7.6,June,2023
16380,Suryapet,Suryapet,2023-06-30,0.1,25.5,35.1,52.9,89.0,0.0,11.9,June,2023
16381,Suryapet,Thirumalagiri,2023-06-01,0.0,24.9,38.0,41.0,92.2,0.0,9.6,June,2023
16382,Suryapet,Thirumalagiri,2023-06-02,0.0,26.8,39.3,35.8,72.6,0.0,12.5,June,2023
16383,Suryapet,Thirumalagiri,2023-06-03,0.0,28.5,40.6,24.4,65.8,0.0,12.7,June,2023
16384,Suryapet,Thirumalagiri,2023-06-04,0.0,27.9,40.6,28.2,61.7,1.5,14.2,June,2023
16385,Suryapet,Thirumalagiri,2023-06-05,0.0,25.4,40.7,31.4,80.7,0.0,23.0,June,2023
16386,Suryapet,Thirumalagiri,2023-06-06,0.0,26.4,38.1,33.0,69.6,0.0,10.1,June,2023
16387,Suryapet,Thirumalagiri,2023-06-07,0.0,28.3,39.7,31.4,65.9,0.0,14.6,June,2023
16388,Suryapet,Thirumalagiri,2023-06-08,0.0,28.7,40.8,29.7,62.1,2.5,14.4,June,2023
16389,Suryapet,Thirumalagiri,2023-06-09,0.9,30.2,40.8,30.8,61.7,0.0,14.3,June,2023
16390,Suryapet,Thirumalagiri,2023-06-10,0.7,28.4,41.1,28.1,71.3,1.6,16.2,June,2023
16391,Suryapet,Thirumalagiri,2023-06-11,0.0,24.2,39.9,36.3,95.1,0.0,15.4,June,2023
16392,Suryapet,Thirumalagiri,2023-06-12,0.0,28.0,38.4,41.1,71.0,0.8,14.6,June,2023
16393,Suryapet,Thirumalagiri,2023-06-13,0.0,29.1,39.2,38.4,61.8,1.0,10.7,June,2023
16394,Suryapet,Thirumalagiri,2023-06-14,0.0,29.6,40.4,31.4,58.4,1.8,12.9,June,2023
16395,Suryapet,Thirumalagiri,2023-06-15,0.0,29.9,40.4,31.8,55.8,2.2,12.5,June,2023
16396,Suryapet,Thirumalagiri,2023-06-16,0.0,29.7,40.5,30.8,56.8,0.0,13.9,June,2023
16397,Suryapet,Thirumalagiri,2023-06-17,0.0,30.1,41.2,27.5,56.8,0.7,14.4,June,2023
16398,Suryapet,Thirumalagiri,2023-06-18,0.0,30.8,40.1,33.3,48.8,0.0,14.7,June,2023
16399,Suryapet,Thirumalagiri,2023-06-19,0.0,29.9,38.3,34.4,59.6,0.0,14.4,June,2023
16400,Suryapet,Thirumalagiri,2023-06-20,0.0,28.2,40.4,33.0,72.6,0.0,15.4,June,2023
16401,Suryapet,Thirumalagiri,2023-06-21,0.0,25.1,39.9,35.1,94.4,0.0,11.4,June,2023
16402,Suryapet,Thirumalagiri,2023-06-22,0.0,25.4,34.9,56.1,92.1,0.0,9.4,June,2023
16403,Suryapet,Thirumalagiri,2023-06-23,18.9,25.0,34.6,56.8,95.6,0.0,13.7,June,2023
16404,Suryapet,Thirumalagiri,2023-06-24,33.3,22.6,31.3,77.7,100.0,0.0,7.9,June,2023
16405,Suryapet,Thirumalagiri,2023-06-25,3.6,24.3,31.1,70.8,96.5,0.0,14.3,June,2023
16406,Suryapet,Thirumalagiri,2023-06-26,0.0,25.6,31.9,63.3,96.9,0.0,9.3,June,2023
16407,Suryapet,Thirumalagiri,2023-06-27,0.6,25.1,31.6,66.4,97.3,0.0,15.0,June,2023
16408,Suryapet,Thirumalagiri,2023-06-28,11.5,24.2,33.3,56.0,100.0,0.0,16.1,June,2023
16409,Suryapet,Thirumalagiri,2023-06-29,8.2,24.5,34.1,56.7,99.2,0.0,10.0,June,2023
16410,Suryapet,Thirumalagiri,2023-06-30,0.0,25.7,34.0,56.4,90.8,0.9,8.8,June,2023
16411,Suryapet,Thungathurthi,2023-06-01,0.0,25.4,38.8,32.6,85.8,0.0,6.0,June,2023
16412,Suryapet,Thungathurthi,2023-06-02,0.0,26.5,40.7,32.6,72.6,0.0,8.4,June,2023
16413,Suryapet,Thungathurthi,2023-06-03,0.0,28.2,41.5,22.1,61.7,0.0,6.4,June,2023
16414,Suryapet,Thungathurthi,2023-06-04,0.0,28.2,42.0,24.4,62.1,0.0,6.2,June,2023
16415,Suryapet,Thungathurthi,2023-06-05,2.8,25.6,40.6,32.0,81.9,0.2,13.3,June,2023
16416,Suryapet,Thungathurthi,2023-06-06,0.0,27.4,39.2,32.6,67.5,0.0,8.6,June,2023
16417,Suryapet,Thungathurthi,2023-06-07,0.0,28.8,40.7,30.7,63.6,0.0,11.4,June,2023
16418,Suryapet,Thungathurthi,2023-06-08,0.0,29.6,41.7,29.1,61.7,0.3,5.9,June,2023
16419,Suryapet,Thungathurthi,2023-06-09,0.0,28.9,41.7,27.8,66.8,0.1,14.4,June,2023
16420,Suryapet,Thungathurthi,2023-06-10,14.3,24.7,41.7,26.5,87.5,0.9,9.1,June,2023
16421,Suryapet,Thungathurthi,2023-06-11,15.1,23.9,39.0,38.9,89.2,0.0,11.0,June,2023
16422,Suryapet,Thungathurthi,2023-06-12,0.0,28.2,38.5,40.7,73.2,0.1,7.2,June,2023
16423,Suryapet,Thungathurthi,2023-06-13,0.0,29.2,39.1,38.9,65.4,0.0,7.5,June,2023
16424,Suryapet,Thungathurthi,2023-06-14,0.0,30.1,40.5,33.2,59.9,0.3,8.9,June,2023
16425,Suryapet,Thungathurthi,2023-06-15,0.0,30.1,39.5,34.5,57.6,0.0,14.3,June,2023
16426,Suryapet,Thungathurthi,2023-06-16,0.0,29.8,39.9,31.4,57.1,0.0,16.5,June,2023
16427,Suryapet,Thungathurthi,2023-06-17,0.0,30.8,40.7,30.7,56.2,0.0,7.8,June,2023
16428,Suryapet,Thungathurthi,2023-06-18,0.0,31.1,39.5,35.2,55.8,0.0,11.2,June,2023
16429,Suryapet,Thungathurthi,2023-06-19,0.0,30.2,38.9,38.4,59.9,0.0,9.4,June,2023
16430,Suryapet,Thungathurthi,2023-06-20,0.0,27.8,39.9,34.5,73.1,0.0,7.8,June,2023
16431,Suryapet,Thungathurthi,2023-06-21,28.8,24.0,39.4,37.3,92.3,0.0,18.8,June,2023
16432,Suryapet,Thungathurthi,2023-06-22,23.6,24.8,35.9,55.7,93.1,0.0,7.0,June,2023
16433,Suryapet,Thungathurthi,2023-06-23,4.4,24.2,33.2,60.9,93.6,0.0,13.3,June,2023
16434,Suryapet,Thungathurthi,2023-06-24,21.5,22.6,32.2,70.8,95.5,0.0,3.4,June,2023
16435,Suryapet,Thungathurthi,2023-06-25,1.3,24.3,30.7,72.0,93.1,0.2,7.5,June,2023
16436,Suryapet,Thungathurthi,2023-06-26,0.0,26.0,32.4,65.9,87.8,0.4,6.4,June,2023
16437,Suryapet,Thungathurthi,2023-06-27,1.5,24.7,31.9,64.1,93.1,0.0,6.8,June,2023
16438,Suryapet,Thungathurthi,2023-06-28,11.4,24.5,32.9,57.6,95.4,0.0,9.0,June,2023
16439,Suryapet,Thungathurthi,2023-06-29,4.1,24.5,33.7,55.7,94.0,0.4,7.0,June,2023
16440,Suryapet,Thungathurthi,2023-06-30,0.0,26.1,34.4,57.6,86.1,0.0,12.1,June,2023
16441,Vikarabad,20,2023-06-01,0.0,25.0,39.1,28.0,71.5,0.0,2.3,June,2023
16442,Vikarabad,20,2023-06-02,0.0,25.7,38.7,22.4,80.9,0.0,0.9,June,2023
16443,Vikarabad,20,2023-06-03,0.0,28.7,41.0,15.0,54.8,0.0,0.2,June,2023
16444,Vikarabad,20,2023-06-04,0.0,29.1,40.6,15.0,50.1,0.0,1.2,June,2023
16445,Vikarabad,20,2023-06-05,0.0,22.6,38.0,30.7,93.0,0.0,16.7,June,2023
16446,Vikarabad,20,2023-06-06,0.0,27.1,36.2,35.8,71.1,0.0,14.6,June,2023
16447,Vikarabad,20,2023-06-07,0.0,25.9,37.4,33.5,73.0,0.0,1.2,June,2023
16448,Vikarabad,20,2023-06-08,7.0,23.0,37.9,36.1,100.0,0.0,10.2,June,2023
16449,Vikarabad,20,2023-06-09,8.8,24.3,38.0,36.7,95.4,0.0,12.5,June,2023
16450,Vikarabad,20,2023-06-10,2.0,24.6,37.6,42.0,94.9,0.0,1.1,June,2023
16451,Vikarabad,20,2023-06-11,0.0,23.5,36.9,43.2,96.5,0.0,8.7,June,2023
16452,Vikarabad,20,2023-06-12,0.0,25.4,37.1,43.2,85.2,0.0,4.0,June,2023
16453,Vikarabad,20,2023-06-13,0.0,25.1,36.6,37.5,80.9,0.0,0.7,June,2023
16454,Vikarabad,20,2023-06-14,0.0,25.4,37.8,26.6,83.3,0.0,0.4,June,2023
16455,Vikarabad,20,2023-06-15,0.0,24.9,36.9,35.2,82.3,0.0,15.4,June,2023
16456,Vikarabad,20,2023-06-16,0.0,25.2,37.5,32.6,76.2,0.0,5.9,June,2023
16457,Vikarabad,20,2023-06-17,0.0,25.8,37.3,30.5,81.1,0.0,2.8,June,2023
16458,Vikarabad,20,2023-06-18,0.0,26.5,36.6,37.5,76.4,0.0,2.2,June,2023
16459,Vikarabad,20,2023-06-19,2.5,24.5,36.7,36.7,74.9,0.0,0.4,June,2023
16460,Vikarabad,20,2023-06-20,0.0,27.7,36.0,35.2,68.4,0.0,0.1,June,2023
16461,Vikarabad,20,2023-06-21,0.0,27.7,36.3,32.3,68.3,0.0,8.7,June,2023
16462,Vikarabad,20,2023-06-22,3.8,25.0,35.0,41.0,92.4,0.0,25.2,June,2023
16463,Vikarabad,20,2023-06-23,0.0,25.6,34.7,45.7,95.9,0.0,2.0,June,2023
16464,Vikarabad,20,2023-06-24,2.3,24.5,33.7,48.8,100.0,0.0,2.3,June,2023
16465,Vikarabad,20,2023-06-25,46.0,22.5,32.3,70.0,100.0,0.0,10.7,June,2023
16466,Vikarabad,20,2023-06-26,2.8,24.2,30.0,67.1,100.0,0.0,3.3,June,2023
16467,Vikarabad,20,2023-06-27,0.0,23.4,31.7,73.7,100.0,0.0,2.0,June,2023
16468,Vikarabad,20,2023-06-28,0.8,24.3,31.2,70.8,99.1,0.0,0.8,June,2023
16469,Vikarabad,20,2023-06-29,0.0,23.8,31.9,66.0,93.8,0.0,0.7,June,2023
16470,Vikarabad,20,2023-06-30,0.0,23.9,31.9,61.4,92.4,0.0,4.4,June,2023
16471,Vikarabad,Bantwaram,2023-06-01,0.0,25.2,39.8,22.6,59.9,0.0,10.8,June,2023
16472,Vikarabad,Bantwaram,2023-06-02,0.0,25.0,40.1,18.7,71.9,0.0,15.2,June,2023
16473,Vikarabad,Bantwaram,2023-06-03,0.0,25.4,41.8,17.8,50.0,0.0,15.5,June,2023
16474,Vikarabad,Bantwaram,2023-06-04,0.0,26.4,42.3,19.1,66.4,0.0,12.4,June,2023
16475,Vikarabad,Bantwaram,2023-06-05,13.2,21.6,41.3,30.4,99.1,0.0,12.5,June,2023
16476,Vikarabad,Bantwaram,2023-06-06,0.0,24.7,37.8,31.4,73.2,0.0,10.8,June,2023
16477,Vikarabad,Bantwaram,2023-06-07,0.0,24.3,40.1,29.0,75.8,0.0,10.4,June,2023
16478,Vikarabad,Bantwaram,2023-06-08,38.8,21.0,41.0,29.2,97.8,0.0,10.2,June,2023
16479,Vikarabad,Bantwaram,2023-06-09,6.0,22.8,38.0,33.5,92.0,0.0,13.3,June,2023
16480,Vikarabad,Bantwaram,2023-06-10,4.0,22.6,37.6,39.4,96.0,0.0,15.8,June,2023
16481,Vikarabad,Bantwaram,2023-06-11,9.8,20.7,37.9,37.6,96.0,0.0,15.2,June,2023
16482,Vikarabad,Bantwaram,2023-06-12,3.6,23.0,37.4,40.4,94.2,0.0,13.1,June,2023
16483,Vikarabad,Bantwaram,2023-06-13,0.0,23.5,37.1,36.8,78.8,0.0,8.7,June,2023
16484,Vikarabad,Bantwaram,2023-06-14,0.0,24.2,37.9,27.9,79.6,0.0,9.3,June,2023
16485,Vikarabad,Bantwaram,2023-06-15,0.0,23.7,37.8,33.4,78.8,1.5,9.0,June,2023
16486,Vikarabad,Bantwaram,2023-06-16,0.0,24.2,38.0,29.0,72.7,0.0,10.5,June,2023
16487,Vikarabad,Bantwaram,2023-06-17,0.0,24.3,38.5,28.4,78.3,0.0,10.5,June,2023
16488,Vikarabad,Bantwaram,2023-06-18,0.0,25.2,38.2,33.7,72.3,0.0,15.0,June,2023
16489,Vikarabad,Bantwaram,2023-06-19,0.0,25.8,38.2,32.1,69.9,0.0,12.8,June,2023
16490,Vikarabad,Bantwaram,2023-06-20,0.0,24.9,37.4,31.0,65.5,0.0,11.6,June,2023
16491,Vikarabad,Bantwaram,2023-06-21,0.0,25.5,38.0,27.4,68.9,0.0,10.9,June,2023
16492,Vikarabad,Bantwaram,2023-06-22,0.4,23.3,38.6,34.2,87.7,0.9,13.7,June,2023
16493,Vikarabad,Bantwaram,2023-06-23,3.4,23.2,36.1,37.1,96.0,0.0,13.3,June,2023
16494,Vikarabad,Bantwaram,2023-06-24,35.1,23.0,35.9,39.4,100.0,0.0,9.0,June,2023
16495,Vikarabad,Bantwaram,2023-06-25,18.8,21.9,31.6,55.8,100.0,0.0,9.6,June,2023
16496,Vikarabad,Bantwaram,2023-06-26,0.0,23.0,32.9,57.9,95.1,0.1,9.0,June,2023
16497,Vikarabad,Bantwaram,2023-06-27,1.1,22.0,31.9,57.7,96.0,0.0,12.4,June,2023
16498,Vikarabad,Bantwaram,2023-06-28,0.4,22.8,31.4,60.9,92.4,0.0,8.5,June,2023
16499,Vikarabad,Bantwaram,2023-06-29,0.0,22.3,33.0,50.9,92.0,0.0,9.2,June,2023
16500,Vikarabad,Bantwaram,2023-06-30,0.4,22.2,32.6,51.0,92.0,0.0,9.8,June,2023
16501,Vikarabad,Basheerabad,2023-06-01,0.0,24.1,39.3,18.0,75.5,0.0,14.8,June,2023
16502,Vikarabad,Basheerabad,2023-06-02,0.0,26.2,41.8,11.8,71.6,0.0,13.8,June,2023
16503,Vikarabad,Basheerabad,2023-06-03,0.0,27.3,41.3,11.7,51.9,0.0,17.8,June,2023
16504,Vikarabad,Basheerabad,2023-06-04,0.0,27.9,42.2,12.4,59.2,0.0,19.2,June,2023
16505,Vikarabad,Basheerabad,2023-06-05,6.4,21.5,39.7,23.2,100.0,0.0,15.6,June,2023
16506,Vikarabad,Basheerabad,2023-06-06,0.0,27.4,38.3,22.6,66.3,0.0,13.5,June,2023
16507,Vikarabad,Basheerabad,2023-06-07,5.4,26.3,39.2,26.2,71.1,0.0,17.0,June,2023
16508,Vikarabad,Basheerabad,2023-06-08,11.3,23.7,38.0,30.0,88.0,2.2,35.1,June,2023
16509,Vikarabad,Basheerabad,2023-06-09,1.6,25.3,38.8,23.6,74.2,0.9,18.5,June,2023
16510,Vikarabad,Basheerabad,2023-06-10,14.1,24.3,38.6,28.4,80.4,0.7,20.3,June,2023
16511,Vikarabad,Basheerabad,2023-06-11,1.0,23.1,36.4,34.5,88.9,0.0,20.0,June,2023
16512,Vikarabad,Basheerabad,2023-06-12,0.5,25.0,36.8,32.6,77.8,2.9,18.6,June,2023
16513,Vikarabad,Basheerabad,2023-06-13,0.0,25.2,37.9,24.9,71.1,5.0,18.2,June,2023
16514,Vikarabad,Basheerabad,2023-06-14,0.0,25.9,38.6,17.4,73.3,5.3,20.8,June,2023
16515,Vikarabad,Basheerabad,2023-06-15,0.0,25.1,37.7,23.0,71.1,1.8,24.6,June,2023
16516,Vikarabad,Basheerabad,2023-06-16,0.0,25.5,38.5,22.6,67.9,3.2,21.9,June,2023
16517,Vikarabad,Basheerabad,2023-06-17,0.0,26.1,38.0,21.0,72.0,9.6,23.3,June,2023
16518,Vikarabad,Basheerabad,2023-06-18,0.0,27.3,38.3,25.1,66.1,1.1,21.5,June,2023
16519,Vikarabad,Basheerabad,2023-06-19,2.9,25.5,38.1,23.2,71.6,7.2,19.2,June,2023
16520,Vikarabad,Basheerabad,2023-06-20,0.0,27.3,37.6,23.6,60.7,2.0,15.4,June,2023
16521,Vikarabad,Basheerabad,2023-06-21,0.0,27.9,38.5,21.7,62.1,0.5,19.6,June,2023
16522,Vikarabad,Basheerabad,2023-06-22,0.0,27.1,37.8,26.8,66.5,1.1,16.4,June,2023
16523,Vikarabad,Basheerabad,2023-06-23,0.8,25.3,35.3,31.7,88.5,0.0,19.5,June,2023
16524,Vikarabad,Basheerabad,2023-06-24,1.5,25.7,36.2,32.3,81.9,1.5,17.9,June,2023
16525,Vikarabad,Basheerabad,2023-06-25,10.2,22.9,33.0,42.9,100.0,1.3,28.9,June,2023
16526,Vikarabad,Basheerabad,2023-06-26,4.3,24.1,32.0,53.6,99.6,1.1,15.7,June,2023
16527,Vikarabad,Basheerabad,2023-06-27,4.4,23.4,32.9,43.7,100.0,0.0,28.1,June,2023
16528,Vikarabad,Basheerabad,2023-06-28,0.0,24.9,33.0,45.8,81.3,4.0,19.9,June,2023
16529,Vikarabad,Basheerabad,2023-06-29,0.3,23.8,34.1,38.1,82.4,4.3,22.2,June,2023
16530,Vikarabad,Basheerabad,2023-06-30,0.0,23.8,34.7,35.4,81.5,6.9,25.1,June,2023
16531,Vikarabad,Bomraspeta,2023-06-01,14.3,24.1,37.8,35.7,79.4,0.0,0.0,June,2023
16532,Vikarabad,Bomraspeta,2023-06-02,0.0,25.0,37.5,35.7,72.4,0.0,0.0,June,2023
16533,Vikarabad,Bomraspeta,2023-06-03,0.0,26.0,40.5,24.0,64.3,0.0,0.1,June,2023
16534,Vikarabad,Bomraspeta,2023-06-04,0.0,27.6,39.4,26.5,61.3,0.0,0.0,June,2023
16535,Vikarabad,Bomraspeta,2023-06-05,46.7,20.9,35.3,45.0,88.5,0.0,0.0,June,2023
16536,Vikarabad,Bomraspeta,2023-06-06,0.0,25.9,35.5,41.0,72.2,0.0,0.0,June,2023
16537,Vikarabad,Bomraspeta,2023-06-07,0.0,25.6,37.0,41.5,68.5,0.0,0.0,June,2023
16538,Vikarabad,Bomraspeta,2023-06-08,0.0,23.9,37.0,41.3,77.7,0.0,0.1,June,2023
16539,Vikarabad,Bomraspeta,2023-06-09,0.0,25.4,36.2,42.0,69.2,0.0,0.1,June,2023
16540,Vikarabad,Bomraspeta,2023-06-10,0.9,23.8,35.2,47.6,79.8,0.0,0.2,June,2023
16541,Vikarabad,Bomraspeta,2023-06-11,19.5,22.0,34.9,47.2,85.6,0.0,0.0,June,2023
16542,Vikarabad,Bomraspeta,2023-06-12,0.0,25.0,34.2,48.5,74.1,0.0,0.0,June,2023
16543,Vikarabad,Bomraspeta,2023-06-13,0.0,24.2,36.1,44.0,71.6,0.0,0.1,June,2023
16544,Vikarabad,Bomraspeta,2023-06-14,0.0,25.1,36.2,35.4,70.4,0.0,0.0,June,2023
16545,Vikarabad,Bomraspeta,2023-06-15,0.0,24.7,35.7,36.9,70.0,0.0,0.0,June,2023
16546,Vikarabad,Bomraspeta,2023-06-16,0.0,25.4,36.1,37.4,65.6,0.0,0.0,June,2023
16547,Vikarabad,Bomraspeta,2023-06-17,0.0,25.7,36.1,36.4,68.5,0.0,0.0,June,2023
16548,Vikarabad,Bomraspeta,2023-06-18,0.0,26.8,36.0,40.5,65.2,0.0,0.0,June,2023
16549,Vikarabad,Bomraspeta,2023-06-19,0.0,26.8,36.4,38.3,66.5,0.0,0.1,June,2023
16550,Vikarabad,Bomraspeta,2023-06-20,0.0,26.9,36.3,37.9,64.3,0.0,0.0,June,2023
16551,Vikarabad,Bomraspeta,2023-06-21,0.0,27.6,36.4,36.9,63.5,0.0,0.0,June,2023
16552,Vikarabad,Bomraspeta,2023-06-22,0.3,24.9,35.2,42.0,78.9,0.0,0.0,June,2023
16553,Vikarabad,Bomraspeta,2023-06-23,0.0,25.2,34.7,44.0,81.0,0.0,0.0,June,2023
16554,Vikarabad,Bomraspeta,2023-06-24,1.4,24.3,33.0,47.6,83.1,0.0,0.1,June,2023
16555,Vikarabad,Bomraspeta,2023-06-25,26.3,22.4,31.8,61.8,88.5,0.0,0.0,June,2023
16556,Vikarabad,Bomraspeta,2023-06-26,2.4,24.0,30.1,65.3,84.8,0.0,0.0,June,2023
16557,Vikarabad,Bomraspeta,2023-06-27,0.0,23.0,30.9,62.2,87.2,0.0,0.0,June,2023
16558,Vikarabad,Bomraspeta,2023-06-28,0.0,24.2,30.5,63.6,79.4,0.0,0.0,June,2023
16559,Vikarabad,Bomraspeta,2023-06-29,0.0,23.6,32.5,59.6,76.5,0.0,0.0,June,2023
16560,Vikarabad,Bomraspeta,2023-06-30,0.0,23.8,31.6,58.7,76.1,0.0,0.0,June,2023
16561,Vikarabad,Chowdapur,2023-06-01,0.0,23.5,35.5,36.3,72.2,0.0,5.0,June,2023
16562,Vikarabad,Chowdapur,2023-06-02,0.0,24.8,37.5,34.0,78.0,0.0,5.5,June,2023
16563,Vikarabad,Chowdapur,2023-06-03,0.0,25.7,38.7,26.9,58.7,0.0,5.3,June,2023
16564,Vikarabad,Chowdapur,2023-06-04,0.0,26.0,36.6,35.4,65.0,0.0,3.4,June,2023
16565,Vikarabad,Chowdapur,2023-06-05,0.0,21.5,34.3,51.5,91.6,0.0,11.7,June,2023
16566,Vikarabad,Chowdapur,2023-06-06,0.0,24.5,34.3,41.8,81.4,0.0,8.7,June,2023
16567,Vikarabad,Chowdapur,2023-06-07,0.0,25.5,35.8,33.3,66.0,0.0,10.7,June,2023
16568,Vikarabad,Chowdapur,2023-06-08,0.0,21.9,35.7,43.0,90.6,4.6,15.2,June,2023
16569,Vikarabad,Chowdapur,2023-06-09,0.0,24.3,35.2,34.9,82.3,0.0,11.9,June,2023
16570,Vikarabad,Chowdapur,2023-06-10,18.2,23.4,34.4,49.1,90.9,3.3,13.4,June,2023
16571,Vikarabad,Chowdapur,2023-06-11,6.5,23.9,33.6,50.3,85.2,5.1,15.0,June,2023
16572,Vikarabad,Chowdapur,2023-06-12,3.9,23.0,34.9,46.7,92.9,0.0,15.5,June,2023
16573,Vikarabad,Chowdapur,2023-06-13,0.0,23.9,33.9,43.6,78.5,0.0,15.2,June,2023
16574,Vikarabad,Chowdapur,2023-06-14,0.0,24.5,34.6,37.5,79.0,0.0,0.1,June,2023
16575,Vikarabad,Chowdapur,2023-06-15,0.0,23.8,34.6,41.2,79.5,0.0,9.2,June,2023
16576,Vikarabad,Chowdapur,2023-06-16,0.0,24.6,35.4,37.5,71.7,0.0,8.4,June,2023
16577,Vikarabad,Chowdapur,2023-06-17,0.0,24.8,35.2,39.3,76.6,0.0,11.4,June,2023
16578,Vikarabad,Chowdapur,2023-06-18,0.0,25.5,34.5,42.4,72.2,0.0,7.8,June,2023
16579,Vikarabad,Chowdapur,2023-06-19,0.0,25.6,36.1,40.0,76.8,0.0,6.1,June,2023
16580,Vikarabad,Chowdapur,2023-06-20,0.0,26.4,34.8,41.2,67.5,0.0,4.7,June,2023
16581,Vikarabad,Chowdapur,2023-06-21,0.0,26.1,35.4,39.3,71.4,0.0,6.2,June,2023
16582,Vikarabad,Chowdapur,2023-06-22,0.0,24.4,35.4,40.6,84.7,0.0,7.3,June,2023
16583,Vikarabad,Chowdapur,2023-06-23,0.7,23.7,33.2,46.7,92.4,0.0,5.9,June,2023
16584,Vikarabad,Chowdapur,2023-06-24,3.3,23.2,31.7,55.4,94.3,0.0,6.0,June,2023
16585,Vikarabad,Chowdapur,2023-06-25,17.3,21.8,31.1,62.9,97.0,0.0,3.2,June,2023
16586,Vikarabad,Chowdapur,2023-06-26,1.0,23.2,29.4,68.5,95.9,0.0,11.0,June,2023
16587,Vikarabad,Chowdapur,2023-06-27,0.0,22.4,28.6,70.5,97.2,0.0,4.4,June,2023
16588,Vikarabad,Chowdapur,2023-06-28,0.0,23.6,29.3,63.9,85.2,0.0,6.1,June,2023
16589,Vikarabad,Chowdapur,2023-06-29,0.0,22.7,31.8,56.5,90.0,0.0,4.9,June,2023
16590,Vikarabad,Chowdapur,2023-06-30,0.5,22.7,31.0,58.6,88.3,0.0,8.0,June,2023
16591,Vikarabad,Dharur,2023-06-01,0.0,24.3,39.7,27.6,65.9,0.0,2.0,June,2023
16592,Vikarabad,Dharur,2023-06-02,0.0,25.7,39.1,23.9,72.4,0.0,4.5,June,2023
16593,Vikarabad,Dharur,2023-06-03,0.0,27.3,39.8,24.2,53.0,0.0,7.0,June,2023
16594,Vikarabad,Dharur,2023-06-04,0.0,27.3,39.8,25.6,67.4,0.0,6.0,June,2023
16595,Vikarabad,Dharur,2023-06-05,44.2,20.8,36.4,36.7,100.0,0.0,1.5,June,2023
16596,Vikarabad,Dharur,2023-06-06,0.0,24.9,34.9,41.0,84.1,0.0,4.6,June,2023
16597,Vikarabad,Dharur,2023-06-07,0.0,25.1,37.8,37.9,81.4,0.0,1.6,June,2023
16598,Vikarabad,Dharur,2023-06-08,35.3,22.7,36.8,40.8,96.5,0.0,9.4,June,2023
16599,Vikarabad,Dharur,2023-06-09,0.0,24.9,35.5,44.5,83.2,0.0,4.7,June,2023
16600,Vikarabad,Dharur,2023-06-10,1.7,24.2,35.4,49.6,94.5,0.0,4.8,June,2023
16601,Vikarabad,Dharur,2023-06-11,15.8,21.6,36.1,46.2,99.3,0.0,6.2,June,2023
16602,Vikarabad,Dharur,2023-06-12,3.3,24.0,35.0,47.9,94.0,0.0,6.6,June,2023
16603,Vikarabad,Dharur,2023-06-13,0.0,24.2,35.9,43.9,80.9,0.0,3.6,June,2023
16604,Vikarabad,Dharur,2023-06-14,0.0,24.7,36.0,37.0,80.9,0.0,4.9,June,2023
16605,Vikarabad,Dharur,2023-06-15,0.0,24.7,36.0,41.0,78.2,0.0,6.0,June,2023
16606,Vikarabad,Dharur,2023-06-16,0.0,25.3,36.4,37.3,74.1,0.0,9.0,June,2023
16607,Vikarabad,Dharur,2023-06-17,0.0,25.1,36.4,38.4,79.1,0.0,3.5,June,2023
16608,Vikarabad,Dharur,2023-06-18,0.0,25.8,36.0,41.6,73.8,0.0,3.5,June,2023
16609,Vikarabad,Dharur,2023-06-19,0.0,25.6,37.0,40.8,80.9,0.0,7.9,June,2023
16610,Vikarabad,Dharur,2023-06-20,0.0,25.5,36.1,39.0,65.0,0.0,2.8,June,2023
16611,Vikarabad,Dharur,2023-06-21,0.0,27.3,37.2,37.0,68.7,0.0,2.1,June,2023
16612,Vikarabad,Dharur,2023-06-22,0.0,25.1,36.1,37.5,84.5,0.0,4.0,June,2023
16613,Vikarabad,Dharur,2023-06-23,0.5,24.5,34.5,43.3,94.0,0.0,6.5,June,2023
16614,Vikarabad,Dharur,2023-06-24,29.6,23.2,34.1,48.5,100.0,0.0,3.4,June,2023
16615,Vikarabad,Dharur,2023-06-25,12.6,22.5,32.5,64.5,100.0,0.0,5.0,June,2023
16616,Vikarabad,Dharur,2023-06-26,0.0,23.4,30.3,72.1,99.7,0.0,5.0,June,2023
16617,Vikarabad,Dharur,2023-06-27,12.5,21.5,29.3,78.1,100.0,0.0,1.1,June,2023
16618,Vikarabad,Dharur,2023-06-28,1.2,23.7,30.4,75.6,94.0,0.0,6.3,June,2023
16619,Vikarabad,Dharur,2023-06-29,0.0,23.0,31.9,64.5,92.3,0.0,2.3,June,2023
16620,Vikarabad,Dharur,2023-06-30,0.0,22.6,31.8,61.6,94.2,0.0,5.2,June,2023
16621,Vikarabad,Doma,2023-06-01,7.2,23.5,38.7,32.8,64.4,0.0,0.4,June,2023
16622,Vikarabad,Doma,2023-06-02,0.0,24.4,38.5,33.1,81.7,0.0,0.1,June,2023
16623,Vikarabad,Doma,2023-06-03,0.0,24.2,39.2,25.7,67.8,0.0,0.1,June,2023
16624,Vikarabad,Doma,2023-06-04,0.0,25.9,41.1,26.2,68.9,0.0,0.9,June,2023
16625,Vikarabad,Doma,2023-06-05,12.6,20.7,35.1,44.2,97.1,0.0,9.9,June,2023
16626,Vikarabad,Doma,2023-06-06,0.0,23.9,35.2,42.7,91.7,0.0,7.7,June,2023
16627,Vikarabad,Doma,2023-06-07,0.0,24.2,37.7,38.7,82.8,0.0,0.0,June,2023
16628,Vikarabad,Doma,2023-06-08,0.3,24.5,38.0,42.7,84.1,0.0,0.1,June,2023
16629,Vikarabad,Doma,2023-06-09,0.0,24.7,37.3,39.2,81.3,0.0,0.1,June,2023
16630,Vikarabad,Doma,2023-06-10,1.5,24.2,38.0,40.4,87.5,0.0,0.2,June,2023
16631,Vikarabad,Doma,2023-06-11,3.0,22.3,36.1,45.2,94.0,0.0,0.0,June,2023
16632,Vikarabad,Doma,2023-06-12,0.0,25.3,36.5,44.7,82.8,0.0,0.0,June,2023
16633,Vikarabad,Doma,2023-06-13,0.0,24.4,37.0,39.8,78.0,0.0,0.1,June,2023
16634,Vikarabad,Doma,2023-06-14,0.0,25.0,37.5,33.8,77.6,0.0,0.0,June,2023
16635,Vikarabad,Doma,2023-06-15,0.0,24.1,36.4,33.7,79.3,0.0,0.0,June,2023
16636,Vikarabad,Doma,2023-06-16,0.0,24.9,37.5,34.5,71.9,0.0,0.0,June,2023
16637,Vikarabad,Doma,2023-06-17,0.0,25.1,38.2,35.4,78.1,0.0,0.0,June,2023
16638,Vikarabad,Doma,2023-06-18,0.0,26.2,36.5,40.7,72.1,0.0,0.0,June,2023
16639,Vikarabad,Doma,2023-06-19,0.0,26.7,36.7,37.4,72.6,0.0,0.1,June,2023
16640,Vikarabad,Doma,2023-06-20,0.0,25.2,37.4,39.7,74.4,0.0,0.0,June,2023
16641,Vikarabad,Doma,2023-06-21,0.0,27.0,38.3,37.2,69.9,0.0,0.0,June,2023
16642,Vikarabad,Doma,2023-06-22,1.0,24.4,38.0,37.3,89.1,0.0,0.0,June,2023
16643,Vikarabad,Doma,2023-06-23,5.6,24.4,37.0,41.2,93.5,0.0,0.0,June,2023
16644,Vikarabad,Doma,2023-06-24,8.6,23.7,32.8,54.6,97.2,0.0,0.1,June,2023
16645,Vikarabad,Doma,2023-06-25,19.7,22.3,31.7,67.5,97.8,0.0,0.0,June,2023
16646,Vikarabad,Doma,2023-06-26,2.5,23.4,31.1,68.4,96.0,0.0,0.0,June,2023
16647,Vikarabad,Doma,2023-06-27,0.3,22.5,31.1,64.1,95.5,0.0,0.0,June,2023
16648,Vikarabad,Doma,2023-06-28,0.0,23.9,29.8,64.9,89.7,0.0,0.0,June,2023
16649,Vikarabad,Doma,2023-06-29,0.0,23.0,32.3,58.4,88.7,0.0,0.0,June,2023
16650,Vikarabad,Doma,2023-06-30,0.3,23.0,31.8,58.5,88.3,0.0,0.0,June,2023
16651,Vikarabad,Doulatabad,2023-06-01,0.0,24.7,37.9,32.4,71.5,0.0,8.3,June,2023
16652,Vikarabad,Doulatabad,2023-06-02,0.0,25.9,38.0,29.0,78.2,0.0,4.3,June,2023
16653,Vikarabad,Doulatabad,2023-06-03,0.0,27.8,39.5,21.7,55.1,0.0,7.7,June,2023
16654,Vikarabad,Doulatabad,2023-06-04,0.0,28.4,39.1,22.3,61.0,0.0,7.1,June,2023
16655,Vikarabad,Doulatabad,2023-06-05,4.5,22.7,36.5,40.1,86.3,0.0,15.5,June,2023
16656,Vikarabad,Doulatabad,2023-06-06,0.0,27.5,35.8,37.5,70.6,0.0,15.1,June,2023
16657,Vikarabad,Doulatabad,2023-06-07,1.3,25.7,35.9,41.0,72.6,0.0,12.6,June,2023
16658,Vikarabad,Doulatabad,2023-06-08,13.2,23.3,37.0,41.0,94.1,0.0,10.1,June,2023
16659,Vikarabad,Doulatabad,2023-06-09,0.0,24.6,36.7,41.6,83.3,0.0,13.9,June,2023
16660,Vikarabad,Doulatabad,2023-06-10,1.3,23.8,36.2,46.0,88.6,0.0,8.8,June,2023
16661,Vikarabad,Doulatabad,2023-06-11,0.0,23.2,35.1,47.9,88.1,0.0,10.1,June,2023
16662,Vikarabad,Doulatabad,2023-06-12,0.0,24.7,35.1,47.2,83.2,0.0,10.4,June,2023
16663,Vikarabad,Doulatabad,2023-06-13,0.0,24.4,35.8,42.7,79.2,0.0,4.1,June,2023
16664,Vikarabad,Doulatabad,2023-06-14,0.0,24.8,36.7,33.2,80.0,0.0,6.4,June,2023
16665,Vikarabad,Doulatabad,2023-06-15,0.0,24.5,35.9,38.2,79.2,0.0,13.8,June,2023
16666,Vikarabad,Doulatabad,2023-06-16,0.0,24.8,36.2,36.9,73.9,0.0,10.6,June,2023
16667,Vikarabad,Doulatabad,2023-06-17,0.0,25.2,36.5,35.4,78.6,0.0,7.2,June,2023
16668,Vikarabad,Doulatabad,2023-06-18,0.0,26.0,35.4,40.6,74.5,0.0,8.8,June,2023
16669,Vikarabad,Doulatabad,2023-06-19,0.0,26.4,35.7,40.2,75.3,0.0,7.9,June,2023
16670,Vikarabad,Doulatabad,2023-06-20,0.0,27.1,35.3,38.5,67.4,0.0,7.7,June,2023
16671,Vikarabad,Doulatabad,2023-06-21,0.0,27.1,36.3,37.1,67.7,0.0,11.6,June,2023
16672,Vikarabad,Doulatabad,2023-06-22,3.3,25.1,35.7,41.6,83.5,0.0,18.0,June,2023
16673,Vikarabad,Doulatabad,2023-06-23,0.0,25.4,34.2,47.3,87.6,0.0,9.1,June,2023
16674,Vikarabad,Doulatabad,2023-06-24,0.7,24.3,33.3,49.7,92.5,0.0,6.4,June,2023
16675,Vikarabad,Doulatabad,2023-06-25,11.6,22.4,31.7,66.7,98.6,0.0,6.3,June,2023
16676,Vikarabad,Doulatabad,2023-06-26,4.0,23.6,29.9,78.5,94.5,0.0,14.6,June,2023
16677,Vikarabad,Doulatabad,2023-06-27,7.3,22.9,31.4,67.1,92.1,0.0,5.8,June,2023
16678,Vikarabad,Doulatabad,2023-06-28,0.3,24.0,30.8,65.5,88.4,0.0,5.1,June,2023
16679,Vikarabad,Doulatabad,2023-06-29,0.0,23.3,31.9,61.5,87.8,0.0,7.6,June,2023
16680,Vikarabad,Doulatabad,2023-06-30,0.0,23.4,32.1,60.5,87.2,0.0,6.4,June,2023
16681,Vikarabad,Kodangal,2023-06-01,0.0,25.7,38.1,36.0,66.3,0.0,2.3,June,2023
16682,Vikarabad,Kodangal,2023-06-02,0.0,26.8,39.3,27.8,75.9,0.0,0.9,June,2023
16683,Vikarabad,Kodangal,2023-06-03,0.0,27.8,40.7,26.7,55.8,0.0,0.2,June,2023
16684,Vikarabad,Kodangal,2023-06-04,0.0,28.3,39.3,28.5,61.8,0.0,1.2,June,2023
16685,Vikarabad,Kodangal,2023-06-05,5.5,22.3,36.3,45.0,91.6,0.0,0.0,June,2023
16686,Vikarabad,Kodangal,2023-06-06,0.0,27.4,35.8,42.1,71.1,0.0,0.0,June,2023
16687,Vikarabad,Kodangal,2023-06-07,0.0,26.1,36.7,46.8,73.5,0.0,1.2,June,2023
16688,Vikarabad,Kodangal,2023-06-08,5.1,24.5,37.2,43.6,85.2,0.0,10.2,June,2023
16689,Vikarabad,Kodangal,2023-06-09,4.0,25.1,38.0,40.1,81.4,0.0,0.0,June,2023
16690,Vikarabad,Kodangal,2023-06-10,5.9,23.4,36.5,47.4,89.2,0.0,1.1,June,2023
16691,Vikarabad,Kodangal,2023-06-11,2.0,22.4,34.8,49.1,91.6,0.0,8.7,June,2023
16692,Vikarabad,Kodangal,2023-06-12,0.0,25.2,34.5,50.3,81.4,0.0,4.0,June,2023
16693,Vikarabad,Kodangal,2023-06-13,0.0,24.8,35.5,45.6,79.0,0.0,0.7,June,2023
16694,Vikarabad,Kodangal,2023-06-14,0.0,25.4,36.7,38.0,79.0,0.0,0.4,June,2023
16695,Vikarabad,Kodangal,2023-06-15,0.0,24.9,36.3,38.6,78.5,0.0,15.4,June,2023
16696,Vikarabad,Kodangal,2023-06-16,0.0,25.3,36.0,40.4,74.3,0.0,5.9,June,2023
16697,Vikarabad,Kodangal,2023-06-17,0.0,25.5,36.7,39.2,79.0,0.0,2.8,June,2023
16698,Vikarabad,Kodangal,2023-06-18,0.0,26.5,35.8,42.7,74.0,0.0,2.2,June,2023
16699,Vikarabad,Kodangal,2023-06-19,0.0,26.7,36.3,42.1,75.4,0.0,0.4,June,2023
16700,Vikarabad,Kodangal,2023-06-20,0.0,27.5,36.3,40.4,68.3,0.0,0.1,June,2023
16701,Vikarabad,Kodangal,2023-06-21,0.0,27.5,37.0,39.2,69.2,0.0,8.7,June,2023
16702,Vikarabad,Kodangal,2023-06-22,0.0,25.6,36.5,44.4,82.8,0.0,0.0,June,2023
16703,Vikarabad,Kodangal,2023-06-23,0.0,25.9,35.5,48.0,84.7,0.0,2.0,June,2023
16704,Vikarabad,Kodangal,2023-06-24,1.4,24.9,33.7,51.0,86.6,0.0,2.3,June,2023
16705,Vikarabad,Kodangal,2023-06-25,32.2,22.2,31.4,66.9,96.7,0.0,0.0,June,2023
16706,Vikarabad,Kodangal,2023-06-26,6.1,23.7,30.3,72.2,94.9,0.0,0.0,June,2023
16707,Vikarabad,Kodangal,2023-06-27,0.0,23.2,32.0,60.8,90.0,0.0,2.0,June,2023
16708,Vikarabad,Kodangal,2023-06-28,0.0,24.4,30.8,65.4,86.2,0.0,0.8,June,2023
16709,Vikarabad,Kodangal,2023-06-29,0.0,23.6,32.2,60.8,85.9,0.0,0.7,June,2023
16710,Vikarabad,Kodangal,2023-06-30,0.0,23.4,32.8,59.3,86.6,0.0,4.4,June,2023
16711,Vikarabad,Kotepally,2023-06-01,0.0,24.7,38.9,21.2,50.9,0.0,2.0,June,2023
16712,Vikarabad,Kotepally,2023-06-02,0.0,25.4,39.3,17.0,56.9,0.0,4.5,June,2023
16713,Vikarabad,Kotepally,2023-06-03,0.0,25.0,39.4,15.9,41.9,0.0,7.0,June,2023
16714,Vikarabad,Kotepally,2023-06-04,0.5,27.9,40.1,17.6,49.1,0.0,6.0,June,2023
16715,Vikarabad,Kotepally,2023-06-05,12.7,21.6,37.8,31.1,91.0,0.0,1.5,June,2023
16716,Vikarabad,Kotepally,2023-06-06,0.0,23.9,36.6,29.1,79.6,0.0,4.6,June,2023
16717,Vikarabad,Kotepally,2023-06-07,0.4,24.6,39.1,25.1,79.3,0.0,1.6,June,2023
16718,Vikarabad,Kotepally,2023-06-08,30.5,23.7,39.6,26.1,84.7,0.0,9.4,June,2023
16719,Vikarabad,Kotepally,2023-06-09,5.3,24.9,36.5,33.4,76.3,0.0,4.7,June,2023
16720,Vikarabad,Kotepally,2023-06-10,3.2,24.1,35.8,37.4,84.6,0.0,4.8,June,2023
16721,Vikarabad,Kotepally,2023-06-11,0.0,22.5,37.2,35.3,84.7,0.0,6.2,June,2023
16722,Vikarabad,Kotepally,2023-06-12,0.0,24.5,35.8,38.3,86.2,0.0,6.6,June,2023
16723,Vikarabad,Kotepally,2023-06-13,0.0,25.1,36.8,33.7,60.9,0.0,3.6,June,2023
16724,Vikarabad,Kotepally,2023-06-14,0.0,25.0,37.3,26.3,62.2,0.0,4.9,June,2023
16725,Vikarabad,Kotepally,2023-06-15,0.0,25.8,36.4,31.0,54.9,0.0,6.0,June,2023
16726,Vikarabad,Kotepally,2023-06-16,0.0,26.2,36.8,26.8,49.0,0.0,9.0,June,2023
16727,Vikarabad,Kotepally,2023-06-17,0.0,25.9,37.6,25.6,57.2,0.0,3.5,June,2023
16728,Vikarabad,Kotepally,2023-06-18,0.0,27.4,37.1,30.6,46.8,0.0,3.5,June,2023
16729,Vikarabad,Kotepally,2023-06-19,0.0,26.2,37.1,29.2,56.8,0.0,7.9,June,2023
16730,Vikarabad,Kotepally,2023-06-20,0.0,25.0,37.3,27.9,51.0,0.0,2.8,June,2023
16731,Vikarabad,Kotepally,2023-06-21,0.0,28.3,37.6,25.0,44.5,0.0,2.1,June,2023
16732,Vikarabad,Kotepally,2023-06-22,0.3,25.1,36.8,31.7,71.4,0.0,4.0,June,2023
16733,Vikarabad,Kotepally,2023-06-23,0.0,25.4,35.6,34.2,80.2,0.0,6.5,June,2023
16734,Vikarabad,Kotepally,2023-06-24,30.0,24.3,35.0,36.0,91.8,0.0,3.4,June,2023
16735,Vikarabad,Kotepally,2023-06-25,21.2,23.3,32.9,45.5,92.1,0.0,5.0,June,2023
16736,Vikarabad,Kotepally,2023-06-26,5.0,23.1,31.2,52.1,81.0,0.0,5.0,June,2023
16737,Vikarabad,Kotepally,2023-06-27,1.8,23.0,31.1,48.9,90.4,0.0,1.1,June,2023
16738,Vikarabad,Kotepally,2023-06-28,0.0,24.4,31.8,53.6,76.9,0.0,6.3,June,2023
16739,Vikarabad,Kotepally,2023-06-29,0.0,23.9,32.8,42.2,74.9,0.0,2.3,June,2023
16740,Vikarabad,Kotepally,2023-06-30,3.4,23.5,32.2,42.6,81.1,0.0,5.2,June,2023
16741,Vikarabad,Kulkacharla,2023-06-01,17.1,22.6,40.4,25.2,84.4,0.0,6.1,June,2023
16742,Vikarabad,Kulkacharla,2023-06-02,0.6,24.1,40.4,24.1,81.7,0.0,4.6,June,2023
16743,Vikarabad,Kulkacharla,2023-06-03,0.0,24.2,41.2,14.6,64.5,0.0,6.9,June,2023
16744,Vikarabad,Kulkacharla,2023-06-04,0.0,25.6,40.7,21.4,58.3,0.0,7.6,June,2023
16745,Vikarabad,Kulkacharla,2023-06-05,14.1,20.2,36.7,38.9,100.0,0.0,9.9,June,2023
16746,Vikarabad,Kulkacharla,2023-06-06,0.0,24.3,37.5,35.0,91.7,0.0,11.3,June,2023
16747,Vikarabad,Kulkacharla,2023-06-07,0.0,24.5,39.0,36.9,72.6,0.0,9.4,June,2023
16748,Vikarabad,Kulkacharla,2023-06-08,8.7,23.8,37.8,35.3,84.9,1.2,10.9,June,2023
16749,Vikarabad,Kulkacharla,2023-06-09,0.0,24.4,38.3,33.6,80.5,0.0,13.9,June,2023
16750,Vikarabad,Kulkacharla,2023-06-10,1.8,24.3,37.6,33.2,82.5,0.0,12.2,June,2023
16751,Vikarabad,Kulkacharla,2023-06-11,1.2,22.3,35.8,34.3,100.0,0.0,14.2,June,2023
16752,Vikarabad,Kulkacharla,2023-06-12,15.1,21.4,36.9,34.6,95.2,0.0,15.2,June,2023
16753,Vikarabad,Kulkacharla,2023-06-13,0.0,24.4,36.8,28.5,75.7,0.0,9.0,June,2023
16754,Vikarabad,Kulkacharla,2023-06-14,0.0,24.7,37.6,21.2,75.9,0.0,12.8,June,2023
16755,Vikarabad,Kulkacharla,2023-06-15,0.0,24.3,37.0,25.9,75.9,3.0,13.4,June,2023
16756,Vikarabad,Kulkacharla,2023-06-16,0.0,25.0,37.7,25.9,69.2,0.3,14.3,June,2023
16757,Vikarabad,Kulkacharla,2023-06-17,0.0,25.1,37.8,25.2,73.4,0.2,11.9,June,2023
16758,Vikarabad,Kulkacharla,2023-06-18,0.0,26.0,37.1,29.9,69.6,0.0,16.3,June,2023
16759,Vikarabad,Kulkacharla,2023-06-19,0.3,25.6,37.9,27.9,76.7,0.0,11.7,June,2023
16760,Vikarabad,Kulkacharla,2023-06-20,0.0,25.6,37.3,28.5,65.9,0.0,8.0,June,2023
16761,Vikarabad,Kulkacharla,2023-06-21,0.0,26.6,38.3,29.2,66.3,0.0,9.3,June,2023
16762,Vikarabad,Kulkacharla,2023-06-22,0.6,24.1,37.5,30.6,87.2,0.2,9.6,June,2023
16763,Vikarabad,Kulkacharla,2023-06-23,5.4,23.4,35.8,34.9,100.0,0.0,11.4,June,2023
16764,Vikarabad,Kulkacharla,2023-06-24,7.1,23.2,32.8,43.6,100.0,1.1,9.6,June,2023
16765,Vikarabad,Kulkacharla,2023-06-25,13.6,21.7,33.0,55.4,100.0,0.3,10.8,June,2023
16766,Vikarabad,Kulkacharla,2023-06-26,3.0,23.3,31.2,61.1,100.0,2.1,11.2,June,2023
16767,Vikarabad,Kulkacharla,2023-06-27,0.0,22.4,30.4,64.2,100.0,0.0,12.1,June,2023
16768,Vikarabad,Kulkacharla,2023-06-28,0.0,23.6,30.9,58.1,93.6,1.5,11.7,June,2023
16769,Vikarabad,Kulkacharla,2023-06-29,1.3,22.3,32.9,48.1,100.0,0.0,14.0,June,2023
16770,Vikarabad,Kulkacharla,2023-06-30,0.0,22.6,32.9,53.4,89.9,3.2,12.6,June,2023
16771,Vikarabad,Marpalle,2023-06-01,0.0,24.3,38.9,20.6,54.7,0.0,0.0,June,2023
16772,Vikarabad,Marpalle,2023-06-02,0.0,23.9,41.0,15.2,63.0,0.0,0.0,June,2023
16773,Vikarabad,Marpalle,2023-06-03,0.0,25.6,41.9,14.7,46.3,0.0,0.0,June,2023
16774,Vikarabad,Marpalle,2023-06-04,2.0,21.2,42.6,14.7,70.9,0.0,0.0,June,2023
16775,Vikarabad,Marpalle,2023-06-05,36.2,20.3,39.4,27.0,100.0,0.0,0.2,June,2023
16776,Vikarabad,Marpalle,2023-06-06,0.0,22.8,37.2,35.8,100.0,0.0,0.0,June,2023
16777,Vikarabad,Marpalle,2023-06-07,0.0,25.2,39.7,25.6,65.1,0.0,0.0,June,2023
16778,Vikarabad,Marpalle,2023-06-08,0.9,22.9,39.2,30.6,83.1,0.0,0.0,June,2023
16779,Vikarabad,Marpalle,2023-06-09,0.0,24.0,39.2,28.1,78.8,0.0,0.0,June,2023
16780,Vikarabad,Marpalle,2023-06-10,0.0,24.0,38.2,30.8,69.6,0.0,0.0,June,2023
16781,Vikarabad,Marpalle,2023-06-11,2.6,20.8,38.2,33.3,90.2,0.0,0.0,June,2023
16782,Vikarabad,Marpalle,2023-06-12,0.0,23.8,38.1,41.7,89.4,0.0,0.0,June,2023
16783,Vikarabad,Marpalle,2023-06-13,0.0,23.6,37.8,32.2,72.7,0.0,0.0,June,2023
16784,Vikarabad,Marpalle,2023-06-14,0.0,24.2,38.5,25.4,64.5,0.0,22.7,June,2023
16785,Vikarabad,Marpalle,2023-06-15,0.0,23.8,37.8,26.8,62.0,0.0,0.0,June,2023
16786,Vikarabad,Marpalle,2023-06-16,0.0,23.9,38.8,23.4,60.6,0.0,0.0,June,2023
16787,Vikarabad,Marpalle,2023-06-17,0.0,24.4,38.5,24.0,64.5,0.0,0.0,June,2023
16788,Vikarabad,Marpalle,2023-06-18,0.0,25.3,37.9,28.1,59.6,0.0,0.0,June,2023
16789,Vikarabad,Marpalle,2023-06-19,0.0,25.7,39.1,24.0,57.6,0.0,0.0,June,2023
16790,Vikarabad,Marpalle,2023-06-20,0.0,25.0,38.5,26.1,58.1,0.0,0.0,June,2023
16791,Vikarabad,Marpalle,2023-06-21,0.0,25.9,38.9,23.8,57.6,0.0,0.0,June,2023
16792,Vikarabad,Marpalle,2023-06-22,0.0,24.4,39.9,24.3,68.3,0.0,0.0,June,2023
16793,Vikarabad,Marpalle,2023-06-23,0.4,23.0,37.9,30.2,87.9,0.0,0.0,June,2023
16794,Vikarabad,Marpalle,2023-06-24,9.6,23.1,35.2,38.7,98.7,0.0,0.4,June,2023
16795,Vikarabad,Marpalle,2023-06-25,42.4,21.7,31.9,66.5,100.0,0.0,0.0,June,2023
16796,Vikarabad,Marpalle,2023-06-26,0.3,23.1,32.8,72.1,100.0,0.0,0.0,June,2023
16797,Vikarabad,Marpalle,2023-06-27,1.3,21.8,31.7,71.3,100.0,0.0,0.0,June,2023
16798,Vikarabad,Marpalle,2023-06-28,3.9,22.2,31.9,80.8,100.0,0.0,0.0,June,2023
16799,Vikarabad,Marpalle,2023-06-29,0.0,22.1,32.6,68.0,100.0,0.0,14.8,June,2023
16800,Vikarabad,Marpalle,2023-06-30,0.0,22.0,32.9,70.8,93.9,0.0,0.0,June,2023
16801,Vikarabad,Mominpet,2023-06-01,0.0,25.5,38.7,32.2,60.6,0.0,7.9,June,2023
16802,Vikarabad,Mominpet,2023-06-02,0.0,25.8,40.7,25.6,64.1,0.0,4.9,June,2023
16803,Vikarabad,Mominpet,2023-06-03,0.0,26.5,40.3,23.8,51.3,0.0,9.6,June,2023
16804,Vikarabad,Mominpet,2023-06-04,3.2,26.0,39.2,31.0,64.4,0.0,7.1,June,2023
16805,Vikarabad,Mominpet,2023-06-05,12.4,20.7,37.3,40.9,93.9,0.0,5.9,June,2023
16806,Vikarabad,Mominpet,2023-06-06,0.0,25.0,35.3,44.0,68.8,0.0,5.6,June,2023
16807,Vikarabad,Mominpet,2023-06-07,0.5,25.9,37.0,41.9,67.6,0.0,7.2,June,2023
16808,Vikarabad,Mominpet,2023-06-08,9.3,22.4,36.6,42.3,88.1,0.0,6.7,June,2023
16809,Vikarabad,Mominpet,2023-06-09,28.2,23.7,36.9,45.7,69.8,0.0,5.5,June,2023
16810,Vikarabad,Mominpet,2023-06-10,40.3,21.2,36.1,46.4,85.9,0.0,8.4,June,2023
16811,Vikarabad,Mominpet,2023-06-11,2.6,21.9,35.8,47.3,81.5,0.0,9.7,June,2023
16812,Vikarabad,Mominpet,2023-06-12,0.0,24.1,37.7,48.3,82.9,0.0,6.4,June,2023
16813,Vikarabad,Mominpet,2023-06-13,0.0,24.1,36.2,46.0,71.1,0.0,9.7,June,2023
16814,Vikarabad,Mominpet,2023-06-14,0.0,24.2,36.5,37.0,72.9,0.0,10.1,June,2023
16815,Vikarabad,Mominpet,2023-06-15,0.0,25.6,36.3,41.1,67.4,1.5,10.7,June,2023
16816,Vikarabad,Mominpet,2023-06-16,0.0,24.9,36.8,37.2,65.2,0.0,10.0,June,2023
16817,Vikarabad,Mominpet,2023-06-17,0.0,24.8,37.1,27.8,73.6,0.0,10.3,June,2023
16818,Vikarabad,Mominpet,2023-06-18,0.0,26.1,37.8,32.3,66.3,0.0,9.0,June,2023
16819,Vikarabad,Mominpet,2023-06-19,0.0,26.0,38.3,29.8,66.3,0.0,11.4,June,2023
16820,Vikarabad,Mominpet,2023-06-20,0.0,25.5,37.7,31.0,62.7,0.0,7.9,June,2023
16821,Vikarabad,Mominpet,2023-06-21,0.0,26.4,38.7,28.2,65.1,0.0,8.5,June,2023
16822,Vikarabad,Mominpet,2023-06-22,0.0,25.1,36.7,32.6,77.9,0.0,6.5,June,2023
16823,Vikarabad,Mominpet,2023-06-23,0.4,23.6,36.0,35.6,92.8,0.0,10.3,June,2023
16824,Vikarabad,Mominpet,2023-06-24,17.5,23.5,34.0,39.9,99.5,0.0,7.4,June,2023
16825,Vikarabad,Mominpet,2023-06-25,20.4,22.0,32.6,58.7,100.0,0.0,4.9,June,2023
16826,Vikarabad,Mominpet,2023-06-26,0.0,23.1,32.3,56.4,94.2,0.0,9.8,June,2023
16827,Vikarabad,Mominpet,2023-06-27,2.0,22.2,31.8,55.9,97.6,0.0,1.5,June,2023
16828,Vikarabad,Mominpet,2023-06-28,2.0,22.7,32.3,57.8,98.6,0.0,4.8,June,2023
16829,Vikarabad,Mominpet,2023-06-29,1.8,22.3,32.8,54.1,95.1,0.0,11.8,June,2023
16830,Vikarabad,Mominpet,2023-06-30,2.2,22.1,32.2,54.5,93.3,0.0,10.8,June,2023
16831,Vikarabad,Nawabpet,2023-06-01,0.0,25.4,38.4,33.6,62.4,0.0,12.7,June,2023
16832,Vikarabad,Nawabpet,2023-06-02,0.0,25.4,40.5,27.9,68.4,0.0,7.7,June,2023
16833,Vikarabad,Nawabpet,2023-06-03,0.0,27.3,39.8,20.8,51.9,0.0,11.0,June,2023
16834,Vikarabad,Nawabpet,2023-06-04,0.0,26.5,39.4,30.1,65.3,0.0,9.0,June,2023
16835,Vikarabad,Nawabpet,2023-06-05,8.5,20.3,36.6,44.0,92.7,0.0,7.0,June,2023
16836,Vikarabad,Nawabpet,2023-06-06,0.0,24.9,35.0,32.4,71.2,0.0,9.6,June,2023
16837,Vikarabad,Nawabpet,2023-06-07,2.4,25.8,37.8,29.0,69.5,0.0,10.2,June,2023
16838,Vikarabad,Nawabpet,2023-06-08,6.5,22.1,36.4,41.3,89.8,0.4,12.9,June,2023
16839,Vikarabad,Nawabpet,2023-06-09,5.4,23.1,36.5,43.2,76.8,0.0,9.3,June,2023
16840,Vikarabad,Nawabpet,2023-06-10,62.5,20.6,35.8,38.8,85.1,0.0,9.0,June,2023
16841,Vikarabad,Nawabpet,2023-06-11,0.0,21.6,35.9,36.2,84.9,1.2,13.5,June,2023
16842,Vikarabad,Nawabpet,2023-06-12,14.0,24.2,34.4,43.3,100.0,0.8,13.8,June,2023
16843,Vikarabad,Nawabpet,2023-06-13,0.0,23.8,35.2,47.4,74.1,0.0,8.2,June,2023
16844,Vikarabad,Nawabpet,2023-06-14,0.0,23.7,35.2,37.3,76.3,0.0,9.6,June,2023
16845,Vikarabad,Nawabpet,2023-06-15,0.0,24.1,35.6,44.2,68.1,0.3,11.9,June,2023
16846,Vikarabad,Nawabpet,2023-06-16,0.0,24.3,35.2,41.3,69.8,0.0,10.1,June,2023
16847,Vikarabad,Nawabpet,2023-06-17,0.0,24.3,36.1,37.9,74.7,0.0,10.1,June,2023
16848,Vikarabad,Nawabpet,2023-06-18,0.0,25.4,35.0,42.5,69.3,0.0,10.6,June,2023
16849,Vikarabad,Nawabpet,2023-06-19,0.0,25.5,36.6,37.2,72.3,0.3,13.9,June,2023
16850,Vikarabad,Nawabpet,2023-06-20,0.0,25.2,35.4,43.2,66.1,0.0,9.7,June,2023
16851,Vikarabad,Nawabpet,2023-06-21,0.0,26.1,36.5,39.7,67.7,0.0,11.4,June,2023
16852,Vikarabad,Nawabpet,2023-06-22,0.0,25.1,35.6,44.8,75.6,0.2,15.0,June,2023
16853,Vikarabad,Nawabpet,2023-06-23,0.0,23.5,33.7,47.8,80.5,0.0,13.6,June,2023
16854,Vikarabad,Nawabpet,2023-06-24,32.7,22.8,33.5,49.8,93.9,0.0,7.4,June,2023
16855,Vikarabad,Nawabpet,2023-06-25,19.8,21.5,33.7,56.4,100.0,0.0,4.9,June,2023
16856,Vikarabad,Nawabpet,2023-06-26,0.0,22.7,33.1,57.3,88.2,0.0,9.8,June,2023
16857,Vikarabad,Nawabpet,2023-06-27,0.0,21.7,30.5,65.5,89.0,0.0,1.5,June,2023
16858,Vikarabad,Nawabpet,2023-06-28,0.0,22.9,32.7,60.0,83.4,0.0,4.8,June,2023
16859,Vikarabad,Nawabpet,2023-06-29,0.0,22.8,33.2,49.7,82.9,0.0,0.0,June,2023
16860,Vikarabad,Nawabpet,2023-06-30,1.9,23.0,32.0,49.4,83.0,0.0,0.0,June,2023
16861,Vikarabad,Pargi,2023-06-01,0.0,23.8,37.5,22.7,60.0,0.0,0.4,June,2023
16862,Vikarabad,Pargi,2023-06-02,0.0,25.2,38.2,12.5,62.3,0.0,0.1,June,2023
16863,Vikarabad,Pargi,2023-06-03,0.0,24.7,39.2,13.1,55.7,0.0,2.2,June,2023
16864,Vikarabad,Pargi,2023-06-04,2.9,26.4,37.9,21.4,58.2,0.0,0.9,June,2023
16865,Vikarabad,Pargi,2023-06-05,5.4,20.1,35.4,27.9,100.0,0.0,9.9,June,2023
16866,Vikarabad,Pargi,2023-06-06,0.0,25.2,35.1,28.2,91.7,0.0,7.7,June,2023
16867,Vikarabad,Pargi,2023-06-07,0.0,25.2,37.1,26.0,80.3,0.0,0.0,June,2023
16868,Vikarabad,Pargi,2023-06-08,16.6,22.7,38.3,26.6,78.0,0.0,0.1,June,2023
16869,Vikarabad,Pargi,2023-06-09,0.0,24.7,36.1,27.2,82.0,0.0,0.1,June,2023
16870,Vikarabad,Pargi,2023-06-10,1.0,24.3,37.1,31.7,73.9,0.0,0.2,June,2023
16871,Vikarabad,Pargi,2023-06-11,2.1,22.3,35.8,33.3,89.4,0.0,0.0,June,2023
16872,Vikarabad,Pargi,2023-06-12,0.0,24.9,36.1,33.0,74.8,0.0,0.0,June,2023
16873,Vikarabad,Pargi,2023-06-13,0.0,24.1,35.9,29.2,66.3,0.0,0.1,June,2023
16874,Vikarabad,Pargi,2023-06-14,0.0,24.6,36.6,21.6,64.6,0.0,0.0,June,2023
16875,Vikarabad,Pargi,2023-06-15,0.0,24.1,36.4,26.0,63.9,0.0,0.0,June,2023
16876,Vikarabad,Pargi,2023-06-16,0.0,24.7,36.6,23.4,56.0,0.0,0.0,June,2023
16877,Vikarabad,Pargi,2023-06-17,0.0,24.8,36.7,24.7,59.4,0.0,0.0,June,2023
16878,Vikarabad,Pargi,2023-06-18,0.0,25.7,36.2,27.9,56.1,0.0,0.0,June,2023
16879,Vikarabad,Pargi,2023-06-19,0.0,25.9,36.5,26.6,56.6,0.0,0.1,June,2023
16880,Vikarabad,Pargi,2023-06-20,0.0,26.0,36.4,27.9,52.7,0.0,0.0,June,2023
16881,Vikarabad,Pargi,2023-06-21,0.0,26.6,36.6,26.0,53.6,0.0,0.0,June,2023
16882,Vikarabad,Pargi,2023-06-22,0.9,23.7,37.1,27.9,69.7,0.0,0.0,June,2023
16883,Vikarabad,Pargi,2023-06-23,6.8,23.5,35.7,31.1,83.3,0.0,0.0,June,2023
16884,Vikarabad,Pargi,2023-06-24,8.5,22.9,33.0,36.5,100.0,0.0,0.1,June,2023
16885,Vikarabad,Pargi,2023-06-25,18.9,21.5,31.9,57.5,100.0,0.0,0.0,June,2023
16886,Vikarabad,Pargi,2023-06-26,0.0,23.0,30.5,61.9,99.2,0.0,0.0,June,2023
16887,Vikarabad,Pargi,2023-06-27,7.7,21.1,30.2,69.6,100.0,0.0,0.0,June,2023
16888,Vikarabad,Pargi,2023-06-28,0.3,23.3,30.6,70.5,89.9,0.0,0.0,June,2023
16889,Vikarabad,Pargi,2023-06-29,0.0,22.5,32.4,40.8,87.7,0.0,0.0,June,2023
16890,Vikarabad,Pargi,2023-06-30,0.0,22.6,32.2,42.9,82.7,0.0,0.0,June,2023
16891,Vikarabad,Peddemul,2023-06-01,0.0,24.6,39.3,18.9,52.4,0.0,2.0,June,2023
16892,Vikarabad,Peddemul,2023-06-02,0.0,25.7,39.9,14.1,57.2,0.0,4.5,June,2023
16893,Vikarabad,Peddemul,2023-06-03,0.0,25.7,40.6,12.8,40.9,0.0,7.0,June,2023
16894,Vikarabad,Peddemul,2023-06-04,0.0,27.9,39.6,14.8,50.1,0.0,6.0,June,2023
16895,Vikarabad,Peddemul,2023-06-05,41.2,21.1,36.7,31.9,100.0,0.0,1.5,June,2023
16896,Vikarabad,Peddemul,2023-06-06,0.0,24.7,36.3,28.1,79.5,0.0,4.6,June,2023
16897,Vikarabad,Peddemul,2023-06-07,0.0,25.0,37.7,30.1,74.1,0.0,1.6,June,2023
16898,Vikarabad,Peddemul,2023-06-08,3.0,23.4,37.1,37.9,88.2,0.0,9.4,June,2023
16899,Vikarabad,Peddemul,2023-06-09,0.0,25.7,37.7,27.9,68.1,0.0,4.7,June,2023
16900,Vikarabad,Peddemul,2023-06-10,1.4,24.2,36.5,30.1,94.5,0.0,4.8,June,2023
16901,Vikarabad,Peddemul,2023-06-11,19.3,21.8,36.7,33.5,100.0,0.0,6.2,June,2023
16902,Vikarabad,Peddemul,2023-06-12,27.5,23.0,36.0,37.7,100.0,0.0,6.6,June,2023
16903,Vikarabad,Peddemul,2023-06-13,0.0,24.4,36.0,40.6,70.1,0.0,3.6,June,2023
16904,Vikarabad,Peddemul,2023-06-14,0.0,24.3,37.1,23.8,71.1,0.0,4.9,June,2023
16905,Vikarabad,Peddemul,2023-06-15,0.0,25.2,36.4,30.3,62.9,0.0,6.0,June,2023
16906,Vikarabad,Peddemul,2023-06-16,0.0,26.0,37.0,24.2,55.8,0.0,9.0,June,2023
16907,Vikarabad,Peddemul,2023-06-17,0.0,25.1,37.0,23.3,67.2,0.0,3.5,June,2023
16908,Vikarabad,Peddemul,2023-06-18,0.0,26.8,36.7,30.0,55.8,0.0,3.5,June,2023
16909,Vikarabad,Peddemul,2023-06-19,0.3,26.1,36.8,30.1,63.5,0.0,7.9,June,2023
16910,Vikarabad,Peddemul,2023-06-20,0.0,24.3,36.6,27.9,56.7,0.0,2.8,June,2023
16911,Vikarabad,Peddemul,2023-06-21,0.0,28.3,37.1,23.6,49.6,0.0,2.1,June,2023
16912,Vikarabad,Peddemul,2023-06-22,0.0,25.3,35.6,33.8,74.6,0.0,4.0,June,2023
16913,Vikarabad,Peddemul,2023-06-23,0.0,24.6,34.9,34.5,97.6,0.0,6.5,June,2023
16914,Vikarabad,Peddemul,2023-06-24,8.2,23.6,33.8,38.0,100.0,0.0,3.4,June,2023
16915,Vikarabad,Peddemul,2023-06-25,20.2,22.7,32.4,46.6,100.0,0.0,5.0,June,2023
16916,Vikarabad,Peddemul,2023-06-26,1.0,23.6,30.3,62.1,93.6,0.0,5.0,June,2023
16917,Vikarabad,Peddemul,2023-06-27,11.1,22.4,30.5,62.8,96.8,0.0,1.1,June,2023
16918,Vikarabad,Peddemul,2023-06-28,2.4,23.9,30.4,72.3,89.8,0.0,6.3,June,2023
16919,Vikarabad,Peddemul,2023-06-29,0.0,23.1,32.2,55.9,85.4,0.0,2.3,June,2023
16920,Vikarabad,Peddemul,2023-06-30,1.5,23.0,31.9,55.1,85.8,0.0,5.2,June,2023
16921,Vikarabad,Pudur,2023-06-01,0.0,23.5,37.6,26.1,65.8,0.0,13.2,June,2023
16922,Vikarabad,Pudur,2023-06-02,0.0,25.5,38.8,17.6,71.4,0.0,8.5,June,2023
16923,Vikarabad,Pudur,2023-06-03,0.0,25.9,39.8,16.4,48.1,0.0,17.1,June,2023
16924,Vikarabad,Pudur,2023-06-04,1.2,26.8,39.2,24.3,58.5,0.0,15.3,June,2023
16925,Vikarabad,Pudur,2023-06-05,2.3,20.5,36.9,34.2,100.0,0.0,28.5,June,2023
16926,Vikarabad,Pudur,2023-06-06,0.0,23.6,36.0,30.9,100.0,0.0,11.4,June,2023
16927,Vikarabad,Pudur,2023-06-07,0.0,25.2,38.3,27.0,73.1,0.0,15.8,June,2023
16928,Vikarabad,Pudur,2023-06-08,8.0,21.8,36.7,34.9,100.0,0.0,14.2,June,2023
16929,Vikarabad,Pudur,2023-06-09,0.0,24.4,36.1,32.5,79.1,0.0,19.6,June,2023
16930,Vikarabad,Pudur,2023-06-10,11.5,21.3,37.4,35.6,92.9,0.0,19.9,June,2023
16931,Vikarabad,Pudur,2023-06-11,0.5,22.4,35.6,36.9,100.0,0.0,23.0,June,2023
16932,Vikarabad,Pudur,2023-06-12,0.0,24.3,34.4,38.9,100.0,0.0,16.0,June,2023
16933,Vikarabad,Pudur,2023-06-13,0.0,23.9,35.3,32.0,75.0,0.0,13.2,June,2023
16934,Vikarabad,Pudur,2023-06-14,0.0,24.1,36.5,25.1,76.3,0.0,18.3,June,2023
16935,Vikarabad,Pudur,2023-06-15,0.0,24.0,36.3,30.6,73.6,0.0,19.1,June,2023
16936,Vikarabad,Pudur,2023-06-16,0.0,24.5,36.5,27.1,69.0,0.0,18.6,June,2023
16937,Vikarabad,Pudur,2023-06-17,0.0,24.6,36.2,31.5,75.4,0.0,17.8,June,2023
16938,Vikarabad,Pudur,2023-06-18,0.0,25.5,36.2,34.9,69.1,0.0,22.4,June,2023
16939,Vikarabad,Pudur,2023-06-19,0.0,25.2,36.4,34.3,75.6,1.5,15.5,June,2023
16940,Vikarabad,Pudur,2023-06-20,0.0,25.2,36.5,34.3,59.9,0.0,14.8,June,2023
16941,Vikarabad,Pudur,2023-06-21,0.0,26.4,36.9,32.2,66.3,0.0,13.6,June,2023
16942,Vikarabad,Pudur,2023-06-22,0.4,24.2,35.8,35.5,80.2,0.0,15.2,June,2023
16943,Vikarabad,Pudur,2023-06-23,3.6,23.1,34.9,38.4,100.0,0.0,18.0,June,2023
16944,Vikarabad,Pudur,2023-06-24,15.4,22.8,32.6,45.7,100.0,0.0,15.1,June,2023
16945,Vikarabad,Pudur,2023-06-25,16.0,21.5,32.6,59.9,100.0,0.0,13.9,June,2023
16946,Vikarabad,Pudur,2023-06-26,0.0,23.0,30.2,63.4,100.0,0.0,17.0,June,2023
16947,Vikarabad,Pudur,2023-06-27,8.8,22.0,32.7,50.4,100.0,0.0,13.7,June,2023
16948,Vikarabad,Pudur,2023-06-28,0.3,22.8,33.1,69.7,91.3,0.0,15.8,June,2023
16949,Vikarabad,Pudur,2023-06-29,0.0,22.2,31.0,53.7,91.3,0.0,15.4,June,2023
16950,Vikarabad,Pudur,2023-06-30,0.3,22.1,31.1,50.4,100.0,0.0,21.0,June,2023
16951,Vikarabad,Tandur,2023-06-01,0.0,24.5,39.0,27.1,61.8,0.0,0.0,June,2023
16952,Vikarabad,Tandur,2023-06-02,0.0,27.1,41.2,15.6,58.9,0.0,0.0,June,2023
16953,Vikarabad,Tandur,2023-06-03,0.0,26.1,39.9,14.9,44.4,0.0,0.0,June,2023
16954,Vikarabad,Tandur,2023-06-04,0.0,27.6,41.0,15.6,50.5,0.0,0.0,June,2023
16955,Vikarabad,Tandur,2023-06-05,39.1,21.7,38.3,31.9,100.0,0.0,0.0,June,2023
16956,Vikarabad,Tandur,2023-06-06,0.0,25.5,36.7,37.8,86.8,0.0,0.0,June,2023
16957,Vikarabad,Tandur,2023-06-07,0.0,25.0,37.3,43.0,79.8,0.0,0.0,June,2023
16958,Vikarabad,Tandur,2023-06-08,3.6,23.8,37.6,44.1,88.7,0.0,0.0,June,2023
16959,Vikarabad,Tandur,2023-06-09,2.4,25.5,37.4,39.6,77.7,0.0,0.0,June,2023
16960,Vikarabad,Tandur,2023-06-10,2.9,24.2,36.4,45.3,84.5,0.0,0.0,June,2023
16961,Vikarabad,Tandur,2023-06-11,19.4,21.9,36.1,47.0,100.0,0.0,0.0,June,2023
16962,Vikarabad,Tandur,2023-06-12,0.0,25.1,35.2,53.3,95.2,0.0,0.0,June,2023
16963,Vikarabad,Tandur,2023-06-13,0.0,24.8,36.4,41.9,71.4,0.0,0.0,June,2023
16964,Vikarabad,Tandur,2023-06-14,0.0,25.6,37.5,30.2,63.8,0.0,0.0,June,2023
16965,Vikarabad,Tandur,2023-06-15,0.0,24.7,36.7,37.8,65.2,0.0,0.0,June,2023
16966,Vikarabad,Tandur,2023-06-16,0.0,25.3,37.3,31.6,59.8,0.0,0.0,June,2023
16967,Vikarabad,Tandur,2023-06-17,0.0,25.8,37.9,27.5,73.7,0.0,0.0,June,2023
16968,Vikarabad,Tandur,2023-06-18,0.0,27.0,36.2,38.4,62.3,0.0,0.0,June,2023
16969,Vikarabad,Tandur,2023-06-19,0.0,26.3,37.3,36.1,53.9,0.0,0.0,June,2023
16970,Vikarabad,Tandur,2023-06-20,0.0,27.3,37.0,33.7,60.2,0.0,0.0,June,2023
16971,Vikarabad,Tandur,2023-06-21,0.0,27.7,38.2,31.6,54.9,0.0,0.0,June,2023
16972,Vikarabad,Tandur,2023-06-22,1.7,25.0,36.1,40.9,87.7,0.0,0.0,June,2023
16973,Vikarabad,Tandur,2023-06-23,1.2,24.5,35.1,39.3,79.6,0.0,0.0,June,2023
16974,Vikarabad,Tandur,2023-06-24,3.4,24.9,34.3,47.7,97.3,0.0,0.0,June,2023
16975,Vikarabad,Tandur,2023-06-25,13.8,22.7,33.5,58.8,93.7,0.0,0.0,June,2023
16976,Vikarabad,Tandur,2023-06-26,0.5,24.1,31.6,73.1,100.0,0.0,0.0,June,2023
16977,Vikarabad,Tandur,2023-06-27,17.7,23.0,32.0,61.3,100.0,0.0,0.0,June,2023
16978,Vikarabad,Tandur,2023-06-28,1.4,24.6,30.7,60.0,100.0,0.0,0.0,June,2023
16979,Vikarabad,Tandur,2023-06-29,1.0,23.5,32.8,60.8,94.7,0.0,0.0,June,2023
16980,Vikarabad,Tandur,2023-06-30,0.0,23.7,32.8,59.8,86.3,0.0,0.0,June,2023
16981,Vikarabad,Vikarabad,2023-06-01,0.0,24.2,37.3,17.2,72.0,0.0,15.2,June,2023
16982,Vikarabad,Vikarabad,2023-06-02,0.0,25.2,38.3,12.1,77.3,0.0,11.2,June,2023
16983,Vikarabad,Vikarabad,2023-06-03,0.0,26.0,38.8,14.0,41.2,0.0,17.1,June,2023
16984,Vikarabad,Vikarabad,2023-06-04,1.3,25.7,39.6,16.6,61.2,0.0,15.3,June,2023
16985,Vikarabad,Vikarabad,2023-06-05,13.1,20.2,35.5,36.2,100.0,0.0,28.5,June,2023
16986,Vikarabad,Vikarabad,2023-06-06,0.0,24.0,34.6,32.4,100.0,0.0,11.4,June,2023
16987,Vikarabad,Vikarabad,2023-06-07,0.0,24.9,36.7,27.6,82.9,0.0,15.8,June,2023
16988,Vikarabad,Vikarabad,2023-06-08,8.5,22.6,36.6,31.3,100.0,0.0,14.2,June,2023
16989,Vikarabad,Vikarabad,2023-06-09,0.0,24.2,35.9,31.6,90.2,0.0,19.6,June,2023
16990,Vikarabad,Vikarabad,2023-06-10,6.2,23.6,35.8,33.1,100.0,0.0,19.9,June,2023
16991,Vikarabad,Vikarabad,2023-06-11,6.9,21.3,35.3,34.5,100.0,0.0,23.0,June,2023
16992,Vikarabad,Vikarabad,2023-06-12,0.1,23.7,34.7,38.6,100.0,0.0,16.0,June,2023
16993,Vikarabad,Vikarabad,2023-06-13,0.0,23.9,35.3,31.2,89.7,0.0,13.2,June,2023
16994,Vikarabad,Vikarabad,2023-06-14,0.0,23.9,36.5,23.7,77.8,0.0,18.3,June,2023
16995,Vikarabad,Vikarabad,2023-06-15,0.0,24.0,35.8,30.4,84.9,0.0,19.1,June,2023
16996,Vikarabad,Vikarabad,2023-06-16,0.0,24.3,35.9,27.6,76.5,0.0,18.6,June,2023
16997,Vikarabad,Vikarabad,2023-06-17,0.0,24.4,36.2,26.2,83.4,0.0,17.8,June,2023
16998,Vikarabad,Vikarabad,2023-06-18,0.0,25.4,36.5,30.5,76.2,0.0,22.4,June,2023
16999,Vikarabad,Vikarabad,2023-06-19,0.0,25.2,35.8,31.1,84.3,1.5,15.5,June,2023
17000,Vikarabad,Vikarabad,2023-06-20,0.0,25.1,36.5,30.5,67.5,0.0,14.8,June,2023
17001,Vikarabad,Vikarabad,2023-06-21,0.0,26.2,37.4,26.9,70.1,0.0,13.6,June,2023
17002,Vikarabad,Vikarabad,2023-06-22,1.5,24.5,37.1,29.5,98.3,0.0,15.2,June,2023
17003,Vikarabad,Vikarabad,2023-06-23,0.8,23.8,35.8,34.3,100.0,0.0,18.0,June,2023
17004,Vikarabad,Vikarabad,2023-06-24,22.7,22.9,33.0,39.4,100.0,0.0,15.1,June,2023
17005,Vikarabad,Vikarabad,2023-06-25,34.2,21.7,31.1,67.5,100.0,0.0,13.9,June,2023
17006,Vikarabad,Vikarabad,2023-06-26,0.0,22.7,38.5,56.5,100.0,0.0,17.0,June,2023
17007,Vikarabad,Vikarabad,2023-06-27,6.9,21.8,36.4,42.9,100.0,0.0,13.7,June,2023
17008,Vikarabad,Vikarabad,2023-06-28,0.7,22.9,37.4,63.5,95.9,0.0,15.8,June,2023
17009,Vikarabad,Vikarabad,2023-06-29,0.0,22.5,31.7,54.5,100.0,0.0,15.4,June,2023
17010,Vikarabad,Vikarabad,2023-06-30,0.8,22.1,31.5,53.5,100.0,0.0,21.0,June,2023
17011,Vikarabad,Yelal,2023-06-01,0.0,24.4,41.9,18.1,75.0,0.0,0.0,June,2023
17012,Vikarabad,Yelal,2023-06-02,0.0,26.8,41.4,12.4,76.3,0.0,0.0,June,2023
17013,Vikarabad,Yelal,2023-06-03,0.0,27.0,42.4,12.2,48.1,0.0,0.0,June,2023
17014,Vikarabad,Yelal,2023-06-04,0.0,27.6,41.8,13.7,62.4,0.0,0.0,June,2023
17015,Vikarabad,Yelal,2023-06-05,26.3,21.2,40.8,27.0,100.0,0.0,0.0,June,2023
17016,Vikarabad,Yelal,2023-06-06,0.0,25.9,39.0,27.9,93.3,0.0,0.0,June,2023
17017,Vikarabad,Yelal,2023-06-07,0.6,25.9,39.3,35.4,79.0,0.0,0.0,June,2023
17018,Vikarabad,Yelal,2023-06-08,2.9,23.8,38.3,31.8,98.1,0.0,0.0,June,2023
17019,Vikarabad,Yelal,2023-06-09,0.7,25.5,39.5,25.5,84.9,0.0,0.0,June,2023
17020,Vikarabad,Yelal,2023-06-10,7.8,23.4,39.4,34.5,98.3,0.0,0.0,June,2023
17021,Vikarabad,Yelal,2023-06-11,11.1,21.9,38.4,38.2,100.0,0.0,0.0,June,2023
17022,Vikarabad,Yelal,2023-06-12,0.2,25.1,37.7,39.5,91.8,0.0,0.0,June,2023
17023,Vikarabad,Yelal,2023-06-13,0.0,24.5,38.7,31.1,81.2,0.0,0.0,June,2023
17024,Vikarabad,Yelal,2023-06-14,0.0,25.5,40.5,20.8,81.5,0.0,0.0,June,2023
17025,Vikarabad,Yelal,2023-06-15,0.0,24.8,39.8,26.0,81.0,0.0,0.0,June,2023
17026,Vikarabad,Yelal,2023-06-16,0.0,25.4,39.8,24.7,73.7,0.0,0.0,June,2023
17027,Vikarabad,Yelal,2023-06-17,0.0,25.8,40.2,23.1,79.0,0.0,0.0,June,2023
17028,Vikarabad,Yelal,2023-06-18,0.0,27.1,39.5,27.4,70.9,0.0,0.0,June,2023
17029,Vikarabad,Yelal,2023-06-19,0.0,26.5,40.1,24.8,82.4,0.0,0.0,June,2023
17030,Vikarabad,Yelal,2023-06-20,0.0,27.1,39.5,24.7,76.6,0.0,0.0,June,2023
17031,Vikarabad,Yelal,2023-06-21,0.0,27.8,40.3,24.0,66.0,0.0,0.0,June,2023
17032,Vikarabad,Yelal,2023-06-22,3.8,25.0,36.9,28.7,88.9,0.0,0.0,June,2023
17033,Vikarabad,Yelal,2023-06-23,1.5,24.3,37.3,35.1,100.0,0.0,0.0,June,2023
17034,Vikarabad,Yelal,2023-06-24,2.4,24.8,35.6,37.1,100.0,0.0,0.0,June,2023
17035,Vikarabad,Yelal,2023-06-25,11.3,22.5,34.2,46.8,100.0,0.0,0.0,June,2023
17036,Vikarabad,Yelal,2023-06-26,0.6,24.0,33.0,58.9,100.0,0.0,0.0,June,2023
17037,Vikarabad,Yelal,2023-06-27,2.4,22.4,33.0,45.8,100.0,0.0,0.0,June,2023
17038,Vikarabad,Yelal,2023-06-28,0.2,24.7,32.5,52.5,100.0,0.0,0.0,June,2023
17039,Vikarabad,Yelal,2023-06-29,1.0,23.9,34.9,41.6,94.5,0.0,0.0,June,2023
17040,Vikarabad,Yelal,2023-06-30,1.1,23.4,34.2,39.8,94.5,0.0,0.0,June,2023
17041,Wanaparthy,Amarchinta,2023-06-01,0.0,28.3,40.5,28.5,62.6,0.0,16.7,June,2023
17042,Wanaparthy,Amarchinta,2023-06-02,0.0,26.3,38.7,32.9,79.5,0.9,14.8,June,2023
17043,Wanaparthy,Amarchinta,2023-06-03,0.0,28.6,42.7,19.8,67.1,0.0,15.7,June,2023
17044,Wanaparthy,Amarchinta,2023-06-04,0.4,28.3,40.8,26.2,64.9,0.0,21.7,June,2023
17045,Wanaparthy,Amarchinta,2023-06-05,0.3,24.1,36.4,42.1,85.0,0.0,26.0,June,2023
17046,Wanaparthy,Amarchinta,2023-06-06,0.0,28.3,38.0,29.1,63.5,0.0,20.3,June,2023
17047,Wanaparthy,Amarchinta,2023-06-07,0.4,26.3,38.1,36.0,70.9,0.0,22.4,June,2023
17048,Wanaparthy,Amarchinta,2023-06-08,15.8,24.3,38.6,34.9,84.8,2.2,17.0,June,2023
17049,Wanaparthy,Amarchinta,2023-06-09,0.0,24.8,37.7,37.8,83.0,2.2,24.8,June,2023
17050,Wanaparthy,Amarchinta,2023-06-10,1.4,24.9,38.1,38.7,79.3,0.0,19.0,June,2023
17051,Wanaparthy,Amarchinta,2023-06-11,0.0,26.5,37.4,38.4,75.6,5.2,25.3,June,2023
17052,Wanaparthy,Amarchinta,2023-06-12,0.0,26.1,37.3,39.4,78.2,0.0,18.1,June,2023
17053,Wanaparthy,Amarchinta,2023-06-13,0.0,26.0,38.0,35.4,73.5,3.1,15.5,June,2023
17054,Wanaparthy,Amarchinta,2023-06-14,0.0,26.7,38.5,29.8,69.6,2.3,22.9,June,2023
17055,Wanaparthy,Amarchinta,2023-06-15,0.0,26.4,38.3,32.9,69.2,5.3,23.9,June,2023
17056,Wanaparthy,Amarchinta,2023-06-16,0.0,26.7,38.3,31.0,66.2,1.5,19.4,June,2023
17057,Wanaparthy,Amarchinta,2023-06-17,0.0,27.1,38.0,30.8,68.8,6.0,15.7,June,2023
17058,Wanaparthy,Amarchinta,2023-06-18,0.0,27.2,37.4,35.1,70.1,1.9,17.9,June,2023
17059,Wanaparthy,Amarchinta,2023-06-19,0.0,27.5,38.1,34.2,68.8,1.1,18.7,June,2023
17060,Wanaparthy,Amarchinta,2023-06-20,0.0,27.8,37.3,35.1,68.8,1.5,18.7,June,2023
17061,Wanaparthy,Amarchinta,2023-06-21,0.0,27.7,38.0,35.4,69.7,3.4,16.7,June,2023
17062,Wanaparthy,Amarchinta,2023-06-22,11.9,24.7,36.9,38.9,91.4,1.1,16.6,June,2023
17063,Wanaparthy,Amarchinta,2023-06-23,0.0,26.8,35.2,43.7,76.5,0.0,18.6,June,2023
17064,Wanaparthy,Amarchinta,2023-06-24,5.3,26.0,34.5,46.5,85.7,5.0,18.3,June,2023
17065,Wanaparthy,Amarchinta,2023-06-25,13.3,24.2,32.9,54.2,94.2,1.6,18.9,June,2023
17066,Wanaparthy,Amarchinta,2023-06-26,2.2,24.9,32.4,58.4,91.9,2.8,19.6,June,2023
17067,Wanaparthy,Amarchinta,2023-06-27,0.0,23.8,31.9,59.3,85.8,2.8,14.7,June,2023
17068,Wanaparthy,Amarchinta,2023-06-28,0.0,25.5,32.8,51.4,80.4,0.3,19.6,June,2023
17069,Wanaparthy,Amarchinta,2023-06-29,0.0,25.2,34.1,47.6,78.7,2.8,15.1,June,2023
17070,Wanaparthy,Amarchinta,2023-06-30,0.0,24.6,35.1,43.9,80.6,3.3,22.4,June,2023
17071,Wanaparthy,Atmakur,2023-06-01,0.0,28.9,40.9,36.7,75.0,0.0,7.8,June,2023
17072,Wanaparthy,Atmakur,2023-06-02,0.0,27.0,38.5,37.3,90.5,0.0,3.3,June,2023
17073,Wanaparthy,Atmakur,2023-06-03,0.0,29.1,41.6,18.3,81.2,0.0,6.3,June,2023
17074,Wanaparthy,Atmakur,2023-06-04,0.0,28.6,41.0,26.3,76.0,0.0,12.9,June,2023
17075,Wanaparthy,Atmakur,2023-06-05,0.0,25.4,37.1,48.3,93.0,0.0,15.9,June,2023
17076,Wanaparthy,Atmakur,2023-06-06,0.0,28.9,37.8,35.0,74.1,0.0,23.0,June,2023
17077,Wanaparthy,Atmakur,2023-06-07,0.0,26.4,37.6,43.6,82.9,0.0,19.1,June,2023
17078,Wanaparthy,Atmakur,2023-06-08,16.4,24.7,38.7,42.2,100.0,0.0,24.9,June,2023
17079,Wanaparthy,Atmakur,2023-06-09,0.0,24.8,37.3,48.9,99.7,0.0,4.8,June,2023
17080,Wanaparthy,Atmakur,2023-06-10,0.6,26.7,37.5,48.3,89.6,0.0,12.2,June,2023
17081,Wanaparthy,Atmakur,2023-06-11,0.0,26.7,36.6,51.2,90.5,2.6,13.5,June,2023
17082,Wanaparthy,Atmakur,2023-06-12,0.0,26.4,37.0,50.0,93.4,0.0,11.2,June,2023
17083,Wanaparthy,Atmakur,2023-06-13,0.0,26.6,38.0,43.1,88.1,1.6,9.8,June,2023
17084,Wanaparthy,Atmakur,2023-06-14,0.0,26.7,37.8,40.2,83.8,1.2,13.3,June,2023
17085,Wanaparthy,Atmakur,2023-06-15,0.0,26.2,37.8,41.3,80.5,2.7,15.0,June,2023
17086,Wanaparthy,Atmakur,2023-06-16,0.0,27.3,38.1,37.9,78.2,0.8,11.4,June,2023
17087,Wanaparthy,Atmakur,2023-06-17,0.0,27.3,38.1,39.0,81.0,3.0,10.0,June,2023
17088,Wanaparthy,Atmakur,2023-06-18,0.0,27.5,37.4,40.8,82.4,1.0,9.6,June,2023
17089,Wanaparthy,Atmakur,2023-06-19,0.0,27.9,37.8,41.9,80.5,0.6,11.3,June,2023
17090,Wanaparthy,Atmakur,2023-06-20,0.0,28.3,36.7,45.4,81.9,0.8,11.7,June,2023
17091,Wanaparthy,Atmakur,2023-06-21,0.0,28.4,38.2,41.9,82.9,1.7,10.3,June,2023
17092,Wanaparthy,Atmakur,2023-06-22,9.1,24.4,36.0,46.5,100.0,0.6,9.8,June,2023
17093,Wanaparthy,Atmakur,2023-06-23,0.0,27.3,34.9,54.0,98.9,0.0,10.9,June,2023
17094,Wanaparthy,Atmakur,2023-06-24,0.0,27.2,34.2,58.5,91.0,2.5,9.8,June,2023
17095,Wanaparthy,Atmakur,2023-06-25,13.2,24.8,33.7,64.1,100.0,0.8,10.5,June,2023
17096,Wanaparthy,Atmakur,2023-06-26,3.2,25.6,32.5,55.2,100.0,1.4,11.1,June,2023
17097,Wanaparthy,Atmakur,2023-06-27,0.0,24.3,32.3,77.1,100.0,1.4,8.5,June,2023
17098,Wanaparthy,Atmakur,2023-06-28,0.0,26.0,32.9,64.1,92.9,0.2,9.9,June,2023
17099,Wanaparthy,Atmakur,2023-06-29,0.0,24.8,33.7,59.0,96.6,1.4,8.7,June,2023
17100,Wanaparthy,Atmakur,2023-06-30,0.0,24.9,35.8,50.6,93.5,1.7,12.1,June,2023
17101,Wanaparthy,Chinnambavi,2023-06-01,0.0,28.1,41.3,27.7,65.5,0.0,9.1,June,2023
17102,Wanaparthy,Chinnambavi,2023-06-02,0.7,26.3,41.7,24.7,82.0,1.1,11.4,June,2023
17103,Wanaparthy,Chinnambavi,2023-06-03,0.0,28.2,41.7,21.5,70.6,0.0,11.1,June,2023
17104,Wanaparthy,Chinnambavi,2023-06-04,0.0,29.0,41.4,26.4,70.9,1.1,13.7,June,2023
17105,Wanaparthy,Chinnambavi,2023-06-05,0.0,23.6,36.1,42.3,85.9,0.0,11.9,June,2023
17106,Wanaparthy,Chinnambavi,2023-06-06,0.0,27.6,38.5,26.6,70.2,0.0,15.7,June,2023
17107,Wanaparthy,Chinnambavi,2023-06-07,4.4,26.3,39.8,30.3,82.2,0.0,12.7,June,2023
17108,Wanaparthy,Chinnambavi,2023-06-08,0.8,25.6,38.7,36.0,85.0,1.3,14.4,June,2023
17109,Wanaparthy,Chinnambavi,2023-06-09,4.9,24.0,37.6,37.3,87.3,1.4,16.6,June,2023
17110,Wanaparthy,Chinnambavi,2023-06-10,1.2,25.4,37.4,38.7,81.3,0.0,23.1,June,2023
17111,Wanaparthy,Chinnambavi,2023-06-11,0.0,26.3,38.0,38.3,81.6,0.7,14.1,June,2023
17112,Wanaparthy,Chinnambavi,2023-06-12,0.0,26.4,37.4,38.4,79.5,0.2,20.5,June,2023
17113,Wanaparthy,Chinnambavi,2023-06-13,0.0,26.5,38.1,34.9,75.7,0.3,16.3,June,2023
17114,Wanaparthy,Chinnambavi,2023-06-14,0.0,26.5,39.1,30.6,71.8,3.3,13.3,June,2023
17115,Wanaparthy,Chinnambavi,2023-06-15,0.0,27.3,38.2,32.3,70.0,3.3,15.8,June,2023
17116,Wanaparthy,Chinnambavi,2023-06-16,0.0,27.2,38.7,26.8,68.3,0.0,15.0,June,2023
17117,Wanaparthy,Chinnambavi,2023-06-17,0.0,27.0,38.9,29.3,69.7,0.0,15.3,June,2023
17118,Wanaparthy,Chinnambavi,2023-06-18,0.0,28.2,38.2,33.1,73.7,3.2,16.4,June,2023
17119,Wanaparthy,Chinnambavi,2023-06-19,0.0,27.0,38.6,33.4,80.9,1.2,17.1,June,2023
17120,Wanaparthy,Chinnambavi,2023-06-20,0.0,27.9,37.3,37.2,76.4,0.0,16.4,June,2023
17121,Wanaparthy,Chinnambavi,2023-06-21,0.0,26.9,39.1,32.8,82.1,0.3,12.8,June,2023
17122,Wanaparthy,Chinnambavi,2023-06-22,0.9,25.0,38.4,34.4,96.4,0.5,16.0,June,2023
17123,Wanaparthy,Chinnambavi,2023-06-23,0.0,26.6,36.5,41.1,85.0,0.9,16.2,June,2023
17124,Wanaparthy,Chinnambavi,2023-06-24,0.0,26.8,34.6,44.9,81.2,1.6,12.2,June,2023
17125,Wanaparthy,Chinnambavi,2023-06-25,0.2,25.5,32.9,52.4,94.4,0.0,13.4,June,2023
17126,Wanaparthy,Chinnambavi,2023-06-26,2.7,25.6,34.8,46.6,96.2,2.0,14.2,June,2023
17127,Wanaparthy,Chinnambavi,2023-06-27,0.2,24.6,33.1,48.0,93.9,1.1,18.2,June,2023
17128,Wanaparthy,Chinnambavi,2023-06-28,0.0,25.8,34.6,39.7,82.8,3.5,15.8,June,2023
17129,Wanaparthy,Chinnambavi,2023-06-29,0.4,24.6,33.9,44.6,85.8,2.1,14.9,June,2023
17130,Wanaparthy,Chinnambavi,2023-06-30,0.0,25.1,35.4,41.4,84.1,3.6,22.7,June,2023
17131,Wanaparthy,Ghanpur,2023-06-01,0.0,26.7,39.7,31.3,67.6,0.0,11.2,June,2023
17132,Wanaparthy,Ghanpur,2023-06-02,4.9,26.0,40.3,29.1,80.3,0.0,19.6,June,2023
17133,Wanaparthy,Ghanpur,2023-06-03,0.0,27.8,40.9,21.5,68.2,0.0,8.4,June,2023
17134,Wanaparthy,Ghanpur,2023-06-04,0.0,28.3,41.2,27.7,67.8,0.0,9.9,June,2023
17135,Wanaparthy,Ghanpur,2023-06-05,0.6,22.8,35.7,46.0,83.9,0.0,11.4,June,2023
17136,Wanaparthy,Ghanpur,2023-06-06,0.0,26.8,38.2,32.0,68.1,0.0,15.5,June,2023
17137,Wanaparthy,Ghanpur,2023-06-07,1.0,25.9,39.3,32.4,72.3,0.0,10.4,June,2023
17138,Wanaparthy,Ghanpur,2023-06-08,23.8,24.0,38.9,36.4,87.6,0.0,12.1,June,2023
17139,Wanaparthy,Ghanpur,2023-06-09,2.6,23.5,37.7,36.4,82.3,0.0,11.1,June,2023
17140,Wanaparthy,Ghanpur,2023-06-10,0.0,25.9,38.1,38.2,77.5,0.0,15.0,June,2023
17141,Wanaparthy,Ghanpur,2023-06-11,0.0,25.9,37.1,39.4,73.8,0.0,15.3,June,2023
17142,Wanaparthy,Ghanpur,2023-06-12,7.3,24.1,36.7,40.0,91.2,0.0,12.3,June,2023
17143,Wanaparthy,Ghanpur,2023-06-13,0.0,25.5,37.3,37.0,74.8,0.0,12.7,June,2023
17144,Wanaparthy,Ghanpur,2023-06-14,0.0,26.1,38.2,32.4,71.1,0.0,12.3,June,2023
17145,Wanaparthy,Ghanpur,2023-06-15,0.0,25.6,37.4,33.9,71.0,0.0,15.2,June,2023
17146,Wanaparthy,Ghanpur,2023-06-16,0.0,26.2,38.2,31.0,67.2,0.0,13.9,June,2023
17147,Wanaparthy,Ghanpur,2023-06-17,0.0,26.5,38.3,32.4,71.1,0.0,14.9,June,2023
17148,Wanaparthy,Ghanpur,2023-06-18,0.0,26.9,37.8,33.9,69.4,0.0,14.3,June,2023
17149,Wanaparthy,Ghanpur,2023-06-19,1.1,25.0,38.2,33.9,81.4,0.0,12.6,June,2023
17150,Wanaparthy,Ghanpur,2023-06-20,0.0,27.4,36.8,36.4,67.6,0.0,16.1,June,2023
17151,Wanaparthy,Ghanpur,2023-06-21,0.0,26.7,38.9,34.1,72.3,0.0,15.2,June,2023
17152,Wanaparthy,Ghanpur,2023-06-22,4.4,23.9,37.1,39.4,92.7,0.0,12.6,June,2023
17153,Wanaparthy,Ghanpur,2023-06-23,0.0,26.2,35.6,44.8,76.8,0.0,8.8,June,2023
17154,Wanaparthy,Ghanpur,2023-06-24,18.2,24.3,33.0,55.9,89.5,0.0,9.6,June,2023
17155,Wanaparthy,Ghanpur,2023-06-25,6.6,23.3,31.8,60.5,97.1,0.0,10.4,June,2023
17156,Wanaparthy,Ghanpur,2023-06-26,7.5,23.4,32.6,59.5,96.2,0.0,10.2,June,2023
17157,Wanaparthy,Ghanpur,2023-06-27,0.0,23.9,30.6,64.1,86.5,0.0,9.3,June,2023
17158,Wanaparthy,Ghanpur,2023-06-28,0.0,24.6,32.0,56.9,79.9,0.0,13.2,June,2023
17159,Wanaparthy,Ghanpur,2023-06-29,2.5,23.9,32.8,52.8,85.8,0.0,9.7,June,2023
17160,Wanaparthy,Ghanpur,2023-06-30,2.8,23.9,33.6,49.2,83.9,0.0,13.7,June,2023
17161,Wanaparthy,Gopalpeta,2023-06-01,0.4,26.2,38.5,24.0,61.2,0.0,7.2,June,2023
17162,Wanaparthy,Gopalpeta,2023-06-02,0.0,26.4,39.8,22.8,66.4,0.0,7.7,June,2023
17163,Wanaparthy,Gopalpeta,2023-06-03,0.0,28.4,40.0,16.1,56.3,0.0,31.2,June,2023
17164,Wanaparthy,Gopalpeta,2023-06-04,0.0,28.3,40.1,16.7,61.2,0.0,12.7,June,2023
17165,Wanaparthy,Gopalpeta,2023-06-05,0.0,23.9,34.3,38.0,68.3,0.0,6.7,June,2023
17166,Wanaparthy,Gopalpeta,2023-06-06,0.0,26.9,37.2,24.4,55.4,0.0,13.1,June,2023
17167,Wanaparthy,Gopalpeta,2023-06-07,1.0,25.2,38.4,24.0,67.6,0.0,12.3,June,2023
17168,Wanaparthy,Gopalpeta,2023-06-08,0.0,26.3,37.4,30.4,68.4,0.0,10.2,June,2023
17169,Wanaparthy,Gopalpeta,2023-06-09,10.6,23.9,37.2,28.6,85.1,0.0,12.4,June,2023
17170,Wanaparthy,Gopalpeta,2023-06-10,0.0,25.6,36.7,32.9,71.3,0.0,10.2,June,2023
17171,Wanaparthy,Gopalpeta,2023-06-11,0.0,26.2,36.2,32.9,63.8,0.0,10.1,June,2023
17172,Wanaparthy,Gopalpeta,2023-06-12,0.0,26.2,36.5,32.3,64.2,0.0,11.6,June,2023
17173,Wanaparthy,Gopalpeta,2023-06-13,0.0,26.3,36.4,30.4,58.9,0.0,11.3,June,2023
17174,Wanaparthy,Gopalpeta,2023-06-14,0.0,26.7,37.2,23.8,58.5,0.0,12.1,June,2023
17175,Wanaparthy,Gopalpeta,2023-06-15,0.0,26.7,37.0,26.8,56.7,0.0,12.4,June,2023
17176,Wanaparthy,Gopalpeta,2023-06-16,0.0,26.8,37.2,21.9,54.1,0.0,11.8,June,2023
17177,Wanaparthy,Gopalpeta,2023-06-17,0.0,26.8,37.0,26.8,57.6,0.0,8.7,June,2023
17178,Wanaparthy,Gopalpeta,2023-06-18,0.0,27.1,36.8,28.0,58.0,0.0,12.4,June,2023
17179,Wanaparthy,Gopalpeta,2023-06-19,4.4,25.8,37.1,27.4,87.7,0.0,9.1,June,2023
17180,Wanaparthy,Gopalpeta,2023-06-20,0.0,28.0,36.5,31.0,57.2,0.0,7.1,June,2023
17181,Wanaparthy,Gopalpeta,2023-06-21,0.0,27.3,37.2,28.6,59.8,0.0,12.6,June,2023
17182,Wanaparthy,Gopalpeta,2023-06-22,2.2,24.8,36.8,31.7,90.6,0.0,8.6,June,2023
17183,Wanaparthy,Gopalpeta,2023-06-23,0.0,25.9,34.5,37.0,83.4,0.0,9.8,June,2023
17184,Wanaparthy,Gopalpeta,2023-06-24,23.2,25.4,32.8,41.6,100.0,0.0,10.0,June,2023
17185,Wanaparthy,Gopalpeta,2023-06-25,17.4,23.4,31.1,64.3,100.0,0.0,13.5,June,2023
17186,Wanaparthy,Gopalpeta,2023-06-26,0.0,24.9,32.3,51.4,94.9,0.0,6.1,June,2023
17187,Wanaparthy,Gopalpeta,2023-06-27,0.0,24.2,30.8,55.4,76.5,0.0,11.9,June,2023
17188,Wanaparthy,Gopalpeta,2023-06-28,0.0,25.2,32.0,46.3,71.3,0.0,14.1,June,2023
17189,Wanaparthy,Gopalpeta,2023-06-29,0.0,24.7,32.7,44.1,69.5,0.0,10.5,June,2023
17190,Wanaparthy,Gopalpeta,2023-06-30,10.0,23.9,33.4,38.5,100.0,0.0,9.5,June,2023
17191,Wanaparthy,Kothakota,2023-06-01,0.0,27.0,41.4,37.7,72.0,0.0,2.1,June,2023
17192,Wanaparthy,Kothakota,2023-06-02,0.0,26.9,40.3,39.3,84.3,0.0,9.5,June,2023
17193,Wanaparthy,Kothakota,2023-06-03,0.0,28.5,42.6,27.1,73.9,0.0,3.2,June,2023
17194,Wanaparthy,Kothakota,2023-06-04,1.0,28.5,42.0,31.1,74.5,0.0,7.1,June,2023
17195,Wanaparthy,Kothakota,2023-06-05,0.0,24.2,36.3,47.4,90.7,0.0,12.8,June,2023
17196,Wanaparthy,Kothakota,2023-06-06,0.0,28.8,40.5,34.8,69.6,0.0,5.2,June,2023
17197,Wanaparthy,Kothakota,2023-06-07,10.1,25.4,38.8,41.6,88.6,0.0,15.2,June,2023
17198,Wanaparthy,Kothakota,2023-06-08,5.1,25.4,38.3,43.3,91.4,0.0,10.9,June,2023
17199,Wanaparthy,Kothakota,2023-06-09,0.3,24.5,38.2,41.6,91.7,0.0,6.5,June,2023
17200,Wanaparthy,Kothakota,2023-06-10,6.4,23.8,37.6,44.4,94.7,0.0,11.2,June,2023
17201,Wanaparthy,Kothakota,2023-06-11,0.0,26.5,37.0,47.9,87.7,0.0,18.5,June,2023
17202,Wanaparthy,Kothakota,2023-06-12,0.0,26.3,36.6,46.3,88.8,0.0,15.3,June,2023
17203,Wanaparthy,Kothakota,2023-06-13,0.0,26.3,37.5,42.7,80.7,0.0,10.5,June,2023
17204,Wanaparthy,Kothakota,2023-06-14,0.0,26.6,37.9,39.9,76.6,0.0,14.9,June,2023
17205,Wanaparthy,Kothakota,2023-06-15,0.0,26.9,37.8,33.2,73.7,0.0,11.2,June,2023
17206,Wanaparthy,Kothakota,2023-06-16,0.0,27.3,38.4,30.8,70.2,0.0,6.7,June,2023
17207,Wanaparthy,Kothakota,2023-06-17,0.0,27.3,37.9,32.7,73.3,0.0,13.3,June,2023
17208,Wanaparthy,Kothakota,2023-06-18,0.0,27.3,37.8,30.3,73.8,0.0,8.4,June,2023
17209,Wanaparthy,Kothakota,2023-06-19,0.3,26.7,38.8,29.0,85.7,0.0,7.1,June,2023
17210,Wanaparthy,Kothakota,2023-06-20,0.0,28.1,38.1,33.1,72.0,0.0,3.7,June,2023
17211,Wanaparthy,Kothakota,2023-06-21,0.0,27.1,38.6,30.3,78.8,0.0,6.4,June,2023
17212,Wanaparthy,Kothakota,2023-06-22,3.0,24.5,38.0,33.1,98.2,0.0,13.7,June,2023
17213,Wanaparthy,Kothakota,2023-06-23,0.0,26.6,36.8,36.9,81.1,0.0,12.1,June,2023
17214,Wanaparthy,Kothakota,2023-06-24,0.8,26.1,34.5,42.9,80.8,0.0,9.2,June,2023
17215,Wanaparthy,Kothakota,2023-06-25,17.5,24.0,34.5,44.9,100.0,0.0,12.7,June,2023
17216,Wanaparthy,Kothakota,2023-06-26,2.6,24.9,33.0,51.7,97.7,0.0,13.7,June,2023
17217,Wanaparthy,Kothakota,2023-06-27,0.0,24.0,32.5,54.2,91.4,0.0,11.4,June,2023
17218,Wanaparthy,Kothakota,2023-06-28,0.0,24.7,32.9,47.1,86.4,0.0,9.9,June,2023
17219,Wanaparthy,Kothakota,2023-06-29,0.0,24.1,33.4,46.0,86.8,0.0,12.0,June,2023
17220,Wanaparthy,Kothakota,2023-06-30,1.2,24.3,35.4,36.6,89.4,0.0,12.9,June,2023
17221,Wanaparthy,Madanapur,2023-06-01,0.0,27.2,40.4,24.2,68.5,0.0,3.6,June,2023
17222,Wanaparthy,Madanapur,2023-06-02,0.0,26.5,39.9,31.2,90.7,0.0,0.3,June,2023
17223,Wanaparthy,Madanapur,2023-06-03,0.0,28.6,42.4,13.1,75.2,0.0,0.2,June,2023
17224,Wanaparthy,Madanapur,2023-06-04,0.0,28.7,42.3,19.2,78.6,0.0,3.1,June,2023
17225,Wanaparthy,Madanapur,2023-06-05,0.0,24.3,35.8,44.7,100.0,0.0,14.7,June,2023
17226,Wanaparthy,Madanapur,2023-06-06,0.0,28.6,39.5,23.6,68.5,0.0,2.8,June,2023
17227,Wanaparthy,Madanapur,2023-06-07,7.9,26.8,39.8,32.8,79.8,0.0,4.3,June,2023
17228,Wanaparthy,Madanapur,2023-06-08,3.5,24.7,39.0,36.2,100.0,0.0,13.2,June,2023
17229,Wanaparthy,Madanapur,2023-06-09,0.0,25.8,38.5,37.3,97.5,0.0,3.5,June,2023
17230,Wanaparthy,Madanapur,2023-06-10,14.8,25.8,38.7,37.9,100.0,0.0,5.3,June,2023
17231,Wanaparthy,Madanapur,2023-06-11,0.0,26.2,37.7,41.2,85.4,0.0,1.6,June,2023
17232,Wanaparthy,Madanapur,2023-06-12,0.0,26.2,37.4,43.4,100.0,0.0,4.2,June,2023
17233,Wanaparthy,Madanapur,2023-06-13,0.0,25.5,37.8,36.8,86.3,0.0,4.0,June,2023
17234,Wanaparthy,Madanapur,2023-06-14,0.0,26.9,39.0,27.9,77.9,0.0,3.7,June,2023
17235,Wanaparthy,Madanapur,2023-06-15,0.0,26.6,38.4,31.8,76.2,0.0,6.0,June,2023
17236,Wanaparthy,Madanapur,2023-06-16,0.0,27.2,39.5,27.5,69.4,0.0,3.4,June,2023
17237,Wanaparthy,Madanapur,2023-06-17,0.0,27.2,38.9,30.5,75.7,0.0,4.2,June,2023
17238,Wanaparthy,Madanapur,2023-06-18,0.0,27.5,38.3,32.5,75.7,0.0,1.2,June,2023
17239,Wanaparthy,Madanapur,2023-06-19,0.0,27.6,39.6,30.1,76.2,0.0,3.9,June,2023
17240,Wanaparthy,Madanapur,2023-06-20,0.0,27.7,37.9,35.7,76.2,0.0,4.6,June,2023
17241,Wanaparthy,Madanapur,2023-06-21,0.0,27.7,39.8,31.2,80.6,0.0,3.9,June,2023
17242,Wanaparthy,Madanapur,2023-06-22,13.2,24.5,38.1,36.8,100.0,0.0,3.0,June,2023
17243,Wanaparthy,Madanapur,2023-06-23,0.0,26.6,36.3,46.4,100.0,0.0,3.2,June,2023
17244,Wanaparthy,Madanapur,2023-06-24,0.4,26.1,34.3,53.8,100.0,0.0,1.2,June,2023
17245,Wanaparthy,Madanapur,2023-06-25,6.2,24.1,32.9,56.5,100.0,0.0,2.1,June,2023
17246,Wanaparthy,Madanapur,2023-06-26,0.8,24.9,32.5,56.5,100.0,0.0,2.6,June,2023
17247,Wanaparthy,Madanapur,2023-06-27,0.0,23.7,32.6,56.5,100.0,0.0,2.2,June,2023
17248,Wanaparthy,Madanapur,2023-06-28,0.0,25.2,33.0,56.3,97.5,0.0,0.2,June,2023
17249,Wanaparthy,Madanapur,2023-06-29,0.0,24.5,34.5,51.3,96.0,0.0,2.2,June,2023
17250,Wanaparthy,Madanapur,2023-06-30,0.0,24.3,36.5,43.1,96.5,0.0,1.7,June,2023
17251,Wanaparthy,Pangal,2023-06-01,0.0,26.8,42.2,27.5,68.2,0.0,10.3,June,2023
17252,Wanaparthy,Pangal,2023-06-02,10.9,24.6,41.0,28.2,88.2,0.0,9.5,June,2023
17253,Wanaparthy,Pangal,2023-06-03,0.0,26.0,41.2,17.9,75.7,0.0,9.9,June,2023
17254,Wanaparthy,Pangal,2023-06-04,0.0,28.1,41.1,21.3,72.9,0.0,10.9,June,2023
17255,Wanaparthy,Pangal,2023-06-05,0.0,23.1,35.3,45.5,91.9,0.0,12.4,June,2023
17256,Wanaparthy,Pangal,2023-06-06,0.0,27.0,38.9,29.2,74.1,0.0,13.0,June,2023
17257,Wanaparthy,Pangal,2023-06-07,0.6,25.7,40.6,28.8,77.8,0.3,12.8,June,2023
17258,Wanaparthy,Pangal,2023-06-08,0.0,25.8,40.0,34.7,80.5,2.5,13.5,June,2023
17259,Wanaparthy,Pangal,2023-06-09,2.7,23.5,39.0,37.5,91.9,0.0,14.5,June,2023
17260,Wanaparthy,Pangal,2023-06-10,2.1,24.8,37.8,40.3,87.5,0.0,19.2,June,2023
17261,Wanaparthy,Pangal,2023-06-11,0.0,25.9,38.9,39.5,79.2,1.2,12.9,June,2023
17262,Wanaparthy,Pangal,2023-06-12,0.0,25.8,38.3,39.5,79.2,1.3,15.0,June,2023
17263,Wanaparthy,Pangal,2023-06-13,0.0,25.9,37.8,35.1,75.1,0.5,15.3,June,2023
17264,Wanaparthy,Pangal,2023-06-14,0.0,26.3,39.0,31.8,70.0,1.2,11.8,June,2023
17265,Wanaparthy,Pangal,2023-06-15,0.0,26.3,38.9,31.3,68.2,1.1,15.1,June,2023
17266,Wanaparthy,Pangal,2023-06-16,0.0,26.4,39.6,28.8,66.3,0.0,14.5,June,2023
17267,Wanaparthy,Pangal,2023-06-17,0.0,26.4,39.1,31.0,69.1,0.0,14.0,June,2023
17268,Wanaparthy,Pangal,2023-06-18,0.0,26.8,39.2,31.9,68.6,2.7,13.8,June,2023
17269,Wanaparthy,Pangal,2023-06-19,8.9,25.4,39.0,32.6,87.3,0.2,14.5,June,2023
17270,Wanaparthy,Pangal,2023-06-20,0.0,27.7,37.6,38.0,70.9,0.0,15.6,June,2023
17271,Wanaparthy,Pangal,2023-06-21,0.0,25.4,38.7,33.3,82.8,1.4,11.0,June,2023
17272,Wanaparthy,Pangal,2023-06-22,0.6,24.1,38.0,38.6,93.8,0.3,12.9,June,2023
17273,Wanaparthy,Pangal,2023-06-23,0.0,25.5,37.1,39.7,84.5,0.9,13.5,June,2023
17274,Wanaparthy,Pangal,2023-06-24,1.3,24.7,34.2,45.7,92.1,3.2,12.0,June,2023
17275,Wanaparthy,Pangal,2023-06-25,12.2,23.4,32.6,51.7,95.8,1.8,12.4,June,2023
17276,Wanaparthy,Pangal,2023-06-26,2.4,24.2,34.4,50.8,100.0,2.4,14.0,June,2023
17277,Wanaparthy,Pangal,2023-06-27,0.0,23.5,32.7,55.6,100.0,1.8,15.1,June,2023
17278,Wanaparthy,Pangal,2023-06-28,0.0,24.5,33.5,45.7,100.0,3.6,14.3,June,2023
17279,Wanaparthy,Pangal,2023-06-29,0.0,24.1,35.0,45.1,79.8,4.1,14.9,June,2023
17280,Wanaparthy,Pangal,2023-06-30,0.0,23.5,34.7,42.8,100.0,4.5,20.1,June,2023
17281,Wanaparthy,Pebbair,2023-06-01,1.2,27.1,40.8,36.0,73.9,0.0,6.6,June,2023
17282,Wanaparthy,Pebbair,2023-06-02,0.0,26.7,39.5,35.5,81.0,0.0,4.6,June,2023
17283,Wanaparthy,Pebbair,2023-06-03,0.0,28.3,41.6,28.5,73.2,0.0,9.3,June,2023
17284,Wanaparthy,Pebbair,2023-06-04,0.0,29.1,42.1,32.9,72.0,0.0,4.9,June,2023
17285,Wanaparthy,Pebbair,2023-06-05,0.0,24.0,36.3,49.8,86.9,0.0,10.7,June,2023
17286,Wanaparthy,Pebbair,2023-06-06,0.0,28.7,38.3,33.9,70.2,0.0,12.7,June,2023
17287,Wanaparthy,Pebbair,2023-06-07,3.0,25.1,38.8,38.9,83.5,0.2,13.9,June,2023
17288,Wanaparthy,Pebbair,2023-06-08,16.7,25.5,38.3,41.8,88.0,0.8,10.4,June,2023
17289,Wanaparthy,Pebbair,2023-06-09,2.1,24.9,36.5,46.6,90.5,0.0,13.5,June,2023
17290,Wanaparthy,Pebbair,2023-06-10,30.3,21.8,36.6,47.1,96.1,0.0,12.0,June,2023
17291,Wanaparthy,Pebbair,2023-06-11,0.0,26.0,36.8,51.3,84.7,0.1,14.3,June,2023
17292,Wanaparthy,Pebbair,2023-06-12,0.0,26.2,36.7,47.6,83.9,0.7,16.0,June,2023
17293,Wanaparthy,Pebbair,2023-06-13,0.0,26.0,36.7,44.4,79.3,0.0,11.9,June,2023
17294,Wanaparthy,Pebbair,2023-06-14,0.0,26.3,37.2,41.2,76.0,0.0,11.5,June,2023
17295,Wanaparthy,Pebbair,2023-06-15,0.0,27.1,37.7,40.0,73.9,0.0,12.9,June,2023
17296,Wanaparthy,Pebbair,2023-06-16,0.0,27.3,37.7,39.2,71.1,0.0,10.1,June,2023
17297,Wanaparthy,Pebbair,2023-06-17,0.0,26.7,38.0,38.1,74.7,0.0,11.9,June,2023
17298,Wanaparthy,Pebbair,2023-06-18,0.0,28.0,36.9,41.2,72.4,0.0,14.7,June,2023
17299,Wanaparthy,Pebbair,2023-06-19,0.7,26.6,36.8,41.2,81.8,0.0,13.4,June,2023
17300,Wanaparthy,Pebbair,2023-06-20,0.0,28.2,36.2,44.9,73.7,0.0,12.4,June,2023
17301,Wanaparthy,Pebbair,2023-06-21,0.0,27.3,37.7,41.2,78.5,0.7,11.2,June,2023
17302,Wanaparthy,Pebbair,2023-06-22,4.2,25.0,36.8,43.4,95.2,0.2,7.2,June,2023
17303,Wanaparthy,Pebbair,2023-06-23,0.0,26.8,37.7,45.9,81.8,0.5,11.2,June,2023
17304,Wanaparthy,Pebbair,2023-06-24,0.0,26.8,35.3,49.7,78.5,1.6,11.9,June,2023
17305,Wanaparthy,Pebbair,2023-06-25,15.4,24.5,33.0,55.6,98.6,0.9,8.0,June,2023
17306,Wanaparthy,Pebbair,2023-06-26,1.9,25.0,32.6,60.7,96.5,0.1,12.3,June,2023
17307,Wanaparthy,Pebbair,2023-06-27,0.0,24.5,33.0,59.3,89.3,0.2,9.7,June,2023
17308,Wanaparthy,Pebbair,2023-06-28,0.0,25.8,33.5,52.4,81.8,0.3,10.7,June,2023
17309,Wanaparthy,Pebbair,2023-06-29,0.0,25.3,34.9,50.9,81.4,1.2,12.4,June,2023
17310,Wanaparthy,Pebbair,2023-06-30,0.0,24.9,34.5,49.8,83.5,0.5,13.0,June,2023
17311,Wanaparthy,Peddamandadi,2023-06-01,0.0,27.2,39.8,33.0,74.0,0.0,5.9,June,2023
17312,Wanaparthy,Peddamandadi,2023-06-02,0.0,26.3,39.6,34.6,81.7,0.0,8.5,June,2023
17313,Wanaparthy,Peddamandadi,2023-06-03,0.0,28.4,41.2,24.8,75.5,0.0,20.5,June,2023
17314,Wanaparthy,Peddamandadi,2023-06-04,0.0,28.1,40.5,29.8,76.0,0.0,8.5,June,2023
17315,Wanaparthy,Peddamandadi,2023-06-05,0.0,24.0,35.0,64.9,85.2,0.0,8.2,June,2023
17316,Wanaparthy,Peddamandadi,2023-06-06,0.0,28.0,38.5,34.1,75.0,0.0,10.4,June,2023
17317,Wanaparthy,Peddamandadi,2023-06-07,1.5,25.9,38.2,36.8,79.4,0.0,12.8,June,2023
17318,Wanaparthy,Peddamandadi,2023-06-08,14.9,25.8,37.5,58.0,85.0,0.0,8.9,June,2023
17319,Wanaparthy,Peddamandadi,2023-06-09,0.3,24.8,37.7,57.9,86.5,0.0,8.8,June,2023
17320,Wanaparthy,Peddamandadi,2023-06-10,0.0,25.4,37.8,59.4,83.7,0.0,13.1,June,2023
17321,Wanaparthy,Peddamandadi,2023-06-11,0.0,26.3,36.6,60.1,80.2,0.0,16.9,June,2023
17322,Wanaparthy,Peddamandadi,2023-06-12,0.0,25.9,36.0,61.1,84.4,0.0,13.4,June,2023
17323,Wanaparthy,Peddamandadi,2023-06-13,0.0,26.1,36.6,59.1,79.2,0.0,10.4,June,2023
17324,Wanaparthy,Peddamandadi,2023-06-14,0.0,26.5,37.3,36.5,76.6,0.0,13.6,June,2023
17325,Wanaparthy,Peddamandadi,2023-06-15,0.0,26.8,37.6,28.9,72.1,0.0,13.2,June,2023
17326,Wanaparthy,Peddamandadi,2023-06-16,0.0,26.8,38.4,27.3,61.6,0.0,10.3,June,2023
17327,Wanaparthy,Peddamandadi,2023-06-17,0.0,26.8,38.4,29.5,67.0,0.0,11.3,June,2023
17328,Wanaparthy,Peddamandadi,2023-06-18,0.0,27.3,38.4,30.4,66.5,0.0,10.4,June,2023
17329,Wanaparthy,Peddamandadi,2023-06-19,0.0,27.4,39.4,29.1,65.8,0.0,9.9,June,2023
17330,Wanaparthy,Peddamandadi,2023-06-20,0.0,27.8,37.4,32.6,65.8,0.0,9.5,June,2023
17331,Wanaparthy,Peddamandadi,2023-06-21,0.0,27.1,38.8,31.0,71.2,0.0,7.1,June,2023
17332,Wanaparthy,Peddamandadi,2023-06-22,0.8,24.6,36.6,36.2,94.6,0.0,11.4,June,2023
17333,Wanaparthy,Peddamandadi,2023-06-23,0.0,26.7,35.3,39.3,76.7,0.0,9.5,June,2023
17334,Wanaparthy,Peddamandadi,2023-06-24,0.4,25.4,34.5,42.1,83.6,0.0,6.6,June,2023
17335,Wanaparthy,Peddamandadi,2023-06-25,20.4,23.8,32.5,50.6,99.4,0.0,11.7,June,2023
17336,Wanaparthy,Peddamandadi,2023-06-26,1.7,24.6,32.6,53.5,96.1,0.0,8.5,June,2023
17337,Wanaparthy,Peddamandadi,2023-06-27,0.0,24.1,31.9,54.4,83.4,0.0,10.4,June,2023
17338,Wanaparthy,Peddamandadi,2023-06-28,0.0,25.1,32.8,48.0,80.8,0.0,11.0,June,2023
17339,Wanaparthy,Peddamandadi,2023-06-29,0.0,24.4,33.6,45.8,79.9,0.0,9.2,June,2023
17340,Wanaparthy,Peddamandadi,2023-06-30,1.6,23.9,34.7,40.0,84.1,0.0,13.3,June,2023
17341,Wanaparthy,Revelly,2023-06-01,0.0,27.8,39.2,28.1,60.4,0.0,7.2,June,2023
17342,Wanaparthy,Revelly,2023-06-02,0.0,26.0,38.6,33.6,77.4,0.0,7.7,June,2023
17343,Wanaparthy,Revelly,2023-06-03,0.0,28.5,41.5,19.7,65.1,0.0,8.5,June,2023
17344,Wanaparthy,Revelly,2023-06-04,0.0,28.6,40.5,26.0,67.1,0.0,12.7,June,2023
17345,Wanaparthy,Revelly,2023-06-05,0.0,22.5,33.6,54.0,84.6,0.0,7.4,June,2023
17346,Wanaparthy,Revelly,2023-06-06,0.0,27.1,36.6,38.1,63.5,0.0,13.1,June,2023
17347,Wanaparthy,Revelly,2023-06-07,0.0,26.8,37.9,33.6,64.0,0.0,12.3,June,2023
17348,Wanaparthy,Revelly,2023-06-08,17.3,23.7,37.2,41.1,100.0,0.0,10.2,June,2023
17349,Wanaparthy,Revelly,2023-06-09,0.6,24.3,36.3,46.6,83.6,0.0,6.6,June,2023
17350,Wanaparthy,Revelly,2023-06-10,0.0,25.2,36.6,48.4,80.8,0.0,10.2,June,2023
17351,Wanaparthy,Revelly,2023-06-11,0.0,26.1,35.3,50.5,74.9,0.0,10.1,June,2023
17352,Wanaparthy,Revelly,2023-06-12,0.0,26.0,35.6,50.9,75.4,0.0,11.6,June,2023
17353,Wanaparthy,Revelly,2023-06-13,0.0,26.2,35.6,46.6,68.5,0.0,11.3,June,2023
17354,Wanaparthy,Revelly,2023-06-14,0.0,26.4,36.8,39.9,68.1,0.0,12.1,June,2023
17355,Wanaparthy,Revelly,2023-06-15,0.0,26.5,35.8,42.6,65.6,0.0,6.3,June,2023
17356,Wanaparthy,Revelly,2023-06-16,0.0,26.6,36.7,35.7,61.4,0.0,11.8,June,2023
17357,Wanaparthy,Revelly,2023-06-17,0.0,26.6,36.4,38.7,67.1,0.0,11.6,June,2023
17358,Wanaparthy,Revelly,2023-06-18,0.0,27.0,36.3,42.3,66.6,0.0,12.4,June,2023
17359,Wanaparthy,Revelly,2023-06-19,3.9,25.1,36.5,41.1,86.9,0.0,9.1,June,2023
17360,Wanaparthy,Revelly,2023-06-20,0.0,26.9,35.9,47.2,66.1,0.0,7.1,June,2023
17361,Wanaparthy,Revelly,2023-06-21,0.0,26.3,37.1,42.3,73.9,0.0,12.6,June,2023
17362,Wanaparthy,Revelly,2023-06-22,4.2,23.9,35.0,48.7,100.0,0.0,8.6,June,2023
17363,Wanaparthy,Revelly,2023-06-23,10.9,23.6,33.6,54.4,100.0,0.0,9.8,June,2023
17364,Wanaparthy,Revelly,2023-06-24,23.5,24.2,32.4,60.8,100.0,0.0,10.0,June,2023
17365,Wanaparthy,Revelly,2023-06-25,22.9,23.4,30.9,69.2,100.0,0.0,11.6,June,2023
17366,Wanaparthy,Revelly,2023-06-26,0.0,24.3,31.6,69.6,100.0,0.0,10.6,June,2023
17367,Wanaparthy,Revelly,2023-06-27,0.0,24.1,30.2,70.1,93.6,0.0,11.9,June,2023
17368,Wanaparthy,Revelly,2023-06-28,0.0,24.6,31.7,63.5,84.6,0.0,14.1,June,2023
17369,Wanaparthy,Revelly,2023-06-29,0.0,24.1,32.5,62.4,84.1,0.0,10.5,June,2023
17370,Wanaparthy,Revelly,2023-06-30,0.0,23.6,33.4,57.1,87.6,0.0,9.5,June,2023
17371,Wanaparthy,Srirangapur,2023-06-01,0.0,27.5,40.8,31.7,63.7,0.0,13.3,June,2023
17372,Wanaparthy,Srirangapur,2023-06-02,0.0,26.5,42.3,28.1,78.0,0.0,16.8,June,2023
17373,Wanaparthy,Srirangapur,2023-06-03,0.0,27.7,41.9,21.6,68.3,0.2,7.8,June,2023
17374,Wanaparthy,Srirangapur,2023-06-04,0.5,26.0,42.1,25.5,69.1,0.1,9.6,June,2023
17375,Wanaparthy,Srirangapur,2023-06-05,0.0,23.7,36.4,37.4,86.2,0.0,12.7,June,2023
17376,Wanaparthy,Srirangapur,2023-06-06,0.0,27.4,39.5,28.5,67.8,0.0,13.7,June,2023
17377,Wanaparthy,Srirangapur,2023-06-07,1.7,25.4,40.9,32.4,78.9,0.0,12.0,June,2023
17378,Wanaparthy,Srirangapur,2023-06-08,14.0,25.5,39.2,33.2,87.0,0.1,13.3,June,2023
17379,Wanaparthy,Srirangapur,2023-06-09,1.3,24.9,38.9,33.9,89.1,0.0,9.5,June,2023
17380,Wanaparthy,Srirangapur,2023-06-10,15.0,22.3,39.8,28.4,92.9,0.0,14.7,June,2023
17381,Wanaparthy,Srirangapur,2023-06-11,0.0,25.7,38.1,33.2,83.1,0.6,7.7,June,2023
17382,Wanaparthy,Srirangapur,2023-06-12,0.0,26.1,39.1,34.4,80.2,1.3,9.8,June,2023
17383,Wanaparthy,Srirangapur,2023-06-13,0.0,25.9,38.9,29.6,75.9,0.0,7.1,June,2023
17384,Wanaparthy,Srirangapur,2023-06-14,0.0,26.2,40.2,30.7,70.3,0.6,14.5,June,2023
17385,Wanaparthy,Srirangapur,2023-06-15,0.0,27.1,40.2,31.9,69.4,0.3,15.4,June,2023
17386,Wanaparthy,Srirangapur,2023-06-16,0.0,26.7,39.8,30.5,67.3,0.0,15.5,June,2023
17387,Wanaparthy,Srirangapur,2023-06-17,0.0,26.7,40.4,30.1,70.3,0.3,15.7,June,2023
17388,Wanaparthy,Srirangapur,2023-06-18,0.0,27.9,39.7,31.9,68.6,1.8,15.3,June,2023
17389,Wanaparthy,Srirangapur,2023-06-19,0.0,26.6,39.6,31.9,78.0,0.2,13.8,June,2023
17390,Wanaparthy,Srirangapur,2023-06-20,0.0,28.0,38.7,37.2,69.9,0.0,15.2,June,2023
17391,Wanaparthy,Srirangapur,2023-06-21,0.0,26.9,40.1,33.0,75.9,0.3,17.1,June,2023
17392,Wanaparthy,Srirangapur,2023-06-22,4.8,24.9,39.1,34.4,95.7,0.1,13.6,June,2023
17393,Wanaparthy,Srirangapur,2023-06-23,0.0,26.7,38.9,37.7,80.1,0.8,14.2,June,2023
17394,Wanaparthy,Srirangapur,2023-06-24,0.0,26.6,35.0,45.2,75.9,3.2,10.2,June,2023
17395,Wanaparthy,Srirangapur,2023-06-25,12.7,22.1,33.2,52.2,100.0,0.3,19.5,June,2023
17396,Wanaparthy,Srirangapur,2023-06-26,0.8,24.5,35.9,48.8,92.9,0.3,9.8,June,2023
17397,Wanaparthy,Srirangapur,2023-06-27,0.0,23.9,33.0,51.2,89.5,0.0,12.0,June,2023
17398,Wanaparthy,Srirangapur,2023-06-28,0.0,25.7,35.0,43.9,79.3,3.3,14.1,June,2023
17399,Wanaparthy,Srirangapur,2023-06-29,0.0,24.8,35.9,42.8,81.2,2.3,12.1,June,2023
17400,Wanaparthy,Srirangapur,2023-06-30,0.0,24.6,36.1,42.8,81.6,2.0,17.1,June,2023
17401,Wanaparthy,Veepangandla,2023-06-01,0.0,27.8,38.9,35.9,72.9,0.0,11.0,June,2023
17402,Wanaparthy,Veepangandla,2023-06-02,5.0,26.7,39.6,31.6,93.9,0.0,12.5,June,2023
17403,Wanaparthy,Veepangandla,2023-06-03,0.0,28.5,40.2,22.8,76.8,0.0,11.4,June,2023
17404,Wanaparthy,Veepangandla,2023-06-04,0.0,29.1,40.4,31.0,75.5,0.0,13.9,June,2023
17405,Wanaparthy,Veepangandla,2023-06-05,0.0,23.5,35.3,51.5,95.0,0.0,14.1,June,2023
17406,Wanaparthy,Veepangandla,2023-06-06,0.0,27.4,37.8,30.1,76.6,0.0,15.7,June,2023
17407,Wanaparthy,Veepangandla,2023-06-07,2.4,25.6,38.1,39.1,95.9,0.0,20.5,June,2023
17408,Wanaparthy,Veepangandla,2023-06-08,0.3,25.6,37.3,43.6,92.7,3.4,16.8,June,2023
17409,Wanaparthy,Veepangandla,2023-06-09,1.8,24.1,36.8,46.7,99.3,0.0,19.4,June,2023
17410,Wanaparthy,Veepangandla,2023-06-10,0.3,25.7,36.8,45.7,92.2,0.0,25.0,June,2023
17411,Wanaparthy,Veepangandla,2023-06-11,0.0,26.6,36.9,47.0,85.7,2.2,15.5,June,2023
17412,Wanaparthy,Veepangandla,2023-06-12,0.0,26.5,36.8,47.3,86.1,0.0,17.9,June,2023
17413,Wanaparthy,Veepangandla,2023-06-13,0.0,26.5,36.7,43.6,80.4,0.9,19.8,June,2023
17414,Wanaparthy,Veepangandla,2023-06-14,0.0,26.5,38.0,37.2,77.0,3.7,17.1,June,2023
17415,Wanaparthy,Veepangandla,2023-06-15,0.0,27.5,37.6,38.3,74.4,2.1,18.8,June,2023
17416,Wanaparthy,Veepangandla,2023-06-16,0.0,27.6,37.4,33.9,70.7,0.0,16.7,June,2023
17417,Wanaparthy,Veepangandla,2023-06-17,0.0,26.9,37.9,37.2,74.4,0.0,15.3,June,2023
17418,Wanaparthy,Veepangandla,2023-06-18,0.0,28.3,37.1,39.3,74.2,5.3,16.0,June,2023
17419,Wanaparthy,Veepangandla,2023-06-19,0.0,27.0,37.5,38.8,81.7,0.3,17.3,June,2023
17420,Wanaparthy,Veepangandla,2023-06-20,0.0,28.2,36.1,45.2,76.8,0.0,20.9,June,2023
17421,Wanaparthy,Veepangandla,2023-06-21,0.0,27.0,37.7,38.3,84.4,0.0,17.8,June,2023
17422,Wanaparthy,Veepangandla,2023-06-22,3.8,24.8,36.8,43.0,100.0,0.0,15.7,June,2023
17423,Wanaparthy,Veepangandla,2023-06-23,0.0,26.8,35.3,49.0,87.0,0.0,18.4,June,2023
17424,Wanaparthy,Veepangandla,2023-06-24,0.0,26.7,33.5,55.4,84.8,0.9,14.0,June,2023
17425,Wanaparthy,Veepangandla,2023-06-25,1.5,24.9,32.5,64.6,100.0,0.0,15.1,June,2023
17426,Wanaparthy,Veepangandla,2023-06-26,0.0,25.6,33.5,59.6,100.0,4.7,17.7,June,2023
17427,Wanaparthy,Veepangandla,2023-06-27,0.0,24.4,32.6,60.0,98.4,3.2,19.8,June,2023
17428,Wanaparthy,Veepangandla,2023-06-28,0.0,26.0,33.8,49.0,84.8,6.5,16.8,June,2023
17429,Wanaparthy,Veepangandla,2023-06-29,0.0,25.2,33.4,53.6,85.4,5.7,16.4,June,2023
17430,Wanaparthy,Veepangandla,2023-06-30,0.0,25.1,33.7,52.6,86.7,7.9,25.9,June,2023
17431,Wanaparthy,Wanaparthy,2023-06-01,0.0,27.7,39.2,29.2,59.9,0.0,0.0,June,2023
17432,Wanaparthy,Wanaparthy,2023-06-02,2.6,26.5,39.1,33.1,72.3,0.0,0.0,June,2023
17433,Wanaparthy,Wanaparthy,2023-06-03,0.0,28.9,40.9,23.2,61.3,0.0,53.9,June,2023
17434,Wanaparthy,Wanaparthy,2023-06-04,0.0,28.4,40.2,27.8,67.5,0.0,0.0,June,2023
17435,Wanaparthy,Wanaparthy,2023-06-05,0.0,25.0,34.5,47.7,71.9,0.0,6.0,June,2023
17436,Wanaparthy,Wanaparthy,2023-06-06,0.0,28.2,38.6,32.5,60.9,0.0,0.0,June,2023
17437,Wanaparthy,Wanaparthy,2023-06-07,3.3,24.8,39.1,34.4,74.8,0.0,0.0,June,2023
17438,Wanaparthy,Wanaparthy,2023-06-08,0.1,26.3,37.4,37.6,74.5,0.0,0.0,June,2023
17439,Wanaparthy,Wanaparthy,2023-06-09,2.1,24.1,38.1,37.4,80.1,0.0,0.0,June,2023
17440,Wanaparthy,Wanaparthy,2023-06-10,1.7,25.7,38.6,39.6,75.0,0.0,0.0,June,2023
17441,Wanaparthy,Wanaparthy,2023-06-11,0.0,26.4,37.0,40.9,69.2,0.0,0.0,June,2023
17442,Wanaparthy,Wanaparthy,2023-06-12,0.0,26.2,35.9,43.1,69.6,0.0,0.0,June,2023
17443,Wanaparthy,Wanaparthy,2023-06-13,0.0,26.6,36.8,39.8,64.6,0.0,0.0,June,2023
17444,Wanaparthy,Wanaparthy,2023-06-14,0.0,26.7,36.6,35.9,63.7,0.0,0.0,June,2023
17445,Wanaparthy,Wanaparthy,2023-06-15,0.0,26.8,36.8,37.0,63.2,0.0,0.0,June,2023
17446,Wanaparthy,Wanaparthy,2023-06-16,0.0,26.9,39.3,31.1,61.3,0.0,0.0,June,2023
17447,Wanaparthy,Wanaparthy,2023-06-17,0.0,27.1,37.5,35.9,63.2,0.0,5.7,June,2023
17448,Wanaparthy,Wanaparthy,2023-06-18,0.0,27.1,37.5,38.2,64.6,0.0,0.0,June,2023
17449,Wanaparthy,Wanaparthy,2023-06-19,0.3,27.2,37.8,36.8,65.6,0.0,0.0,June,2023
17450,Wanaparthy,Wanaparthy,2023-06-20,0.0,28.3,36.9,39.3,62.3,0.0,0.0,June,2023
17451,Wanaparthy,Wanaparthy,2023-06-21,0.0,27.0,37.8,38.2,67.8,0.0,0.0,June,2023
17452,Wanaparthy,Wanaparthy,2023-06-22,2.4,24.6,37.6,40.7,86.3,0.0,0.0,June,2023
17453,Wanaparthy,Wanaparthy,2023-06-23,0.0,26.7,35.2,45.9,73.2,0.0,0.0,June,2023
17454,Wanaparthy,Wanaparthy,2023-06-24,12.5,25.7,33.4,48.8,72.7,0.0,0.0,June,2023
17455,Wanaparthy,Wanaparthy,2023-06-25,11.0,23.9,31.4,54.6,88.3,0.0,15.3,June,2023
17456,Wanaparthy,Wanaparthy,2023-06-26,0.3,24.8,32.7,54.1,82.8,0.0,1.6,June,2023
17457,Wanaparthy,Wanaparthy,2023-06-27,0.0,24.5,31.6,54.6,75.2,0.0,0.0,June,2023
17458,Wanaparthy,Wanaparthy,2023-06-28,0.0,25.4,32.9,52.7,72.7,0.0,0.0,June,2023
17459,Wanaparthy,Wanaparthy,2023-06-29,0.0,24.8,32.8,51.6,72.6,0.0,0.0,June,2023
17460,Wanaparthy,Wanaparthy,2023-06-30,7.3,24.2,33.9,47.2,85.6,0.0,0.0,June,2023
17461,Warangal,Chennaraopeta,2023-06-01,0.0,24.3,40.7,32.7,97.8,0.0,6.5,June,2023
17462,Warangal,Chennaraopeta,2023-06-02,0.0,23.4,43.1,24.0,93.4,0.0,7.6,June,2023
17463,Warangal,Chennaraopeta,2023-06-03,0.0,23.2,44.0,19.9,88.3,0.0,8.5,June,2023
17464,Warangal,Chennaraopeta,2023-06-04,0.0,24.9,44.4,20.7,80.8,0.0,8.0,June,2023
17465,Warangal,Chennaraopeta,2023-06-05,5.5,24.7,42.1,26.3,87.1,0.0,8.4,June,2023
17466,Warangal,Chennaraopeta,2023-06-06,0.0,23.9,40.5,28.8,88.8,0.0,5.9,June,2023
17467,Warangal,Chennaraopeta,2023-06-07,0.0,24.8,42.5,25.0,80.8,0.0,7.2,June,2023
17468,Warangal,Chennaraopeta,2023-06-08,0.0,25.6,43.1,24.6,73.2,0.0,8.4,June,2023
17469,Warangal,Chennaraopeta,2023-06-09,0.0,26.3,42.5,23.7,69.8,0.0,9.5,June,2023
17470,Warangal,Chennaraopeta,2023-06-10,0.0,29.1,42.9,24.4,62.6,0.0,15.2,June,2023
17471,Warangal,Chennaraopeta,2023-06-11,12.1,24.4,42.4,31.1,93.4,0.0,12.8,June,2023
17472,Warangal,Chennaraopeta,2023-06-12,0.0,26.4,39.8,37.2,82.8,0.0,8.1,June,2023
17473,Warangal,Chennaraopeta,2023-06-13,0.0,30.4,40.6,32.1,57.5,0.0,10.2,June,2023
17474,Warangal,Chennaraopeta,2023-06-14,0.0,28.9,41.4,26.3,55.6,0.0,10.3,June,2023
17475,Warangal,Chennaraopeta,2023-06-15,0.0,29.7,41.6,28.2,55.2,0.0,13.0,June,2023
17476,Warangal,Chennaraopeta,2023-06-16,0.0,26.9,40.9,27.6,67.0,0.0,12.7,June,2023
17477,Warangal,Chennaraopeta,2023-06-17,0.0,26.3,42.0,26.3,67.2,0.0,9.8,June,2023
17478,Warangal,Chennaraopeta,2023-06-18,0.0,28.0,41.7,30.1,66.1,0.0,9.5,June,2023
17479,Warangal,Chennaraopeta,2023-06-19,0.0,29.9,38.6,35.6,63.0,0.0,9.1,June,2023
17480,Warangal,Chennaraopeta,2023-06-20,0.0,26.7,40.8,32.1,79.8,0.0,8.5,June,2023
17481,Warangal,Chennaraopeta,2023-06-21,28.0,24.6,41.7,31.4,98.6,0.0,9.3,June,2023
17482,Warangal,Chennaraopeta,2023-06-22,10.6,24.7,39.0,45.2,98.2,0.0,11.9,June,2023
17483,Warangal,Chennaraopeta,2023-06-23,2.0,24.7,34.2,61.2,97.8,0.0,9.3,June,2023
17484,Warangal,Chennaraopeta,2023-06-24,13.8,23.3,30.6,73.2,99.5,0.0,4.2,June,2023
17485,Warangal,Chennaraopeta,2023-06-25,8.6,24.2,30.8,76.6,98.6,0.0,4.6,June,2023
17486,Warangal,Chennaraopeta,2023-06-26,0.5,25.3,32.7,64.5,92.9,0.0,8.4,June,2023
17487,Warangal,Chennaraopeta,2023-06-27,0.0,24.4,30.9,66.7,96.0,0.0,8.5,June,2023
17488,Warangal,Chennaraopeta,2023-06-28,1.3,24.8,33.0,56.6,97.3,0.0,10.8,June,2023
17489,Warangal,Chennaraopeta,2023-06-29,7.9,24.5,34.2,52.4,98.6,0.0,11.2,June,2023
17490,Warangal,Chennaraopeta,2023-06-30,0.0,25.6,35.7,49.7,89.2,0.0,4.4,June,2023
17491,Warangal,Duggondi,2023-06-01,0.0,25.3,39.3,40.6,95.4,0.0,8.2,June,2023
17492,Warangal,Duggondi,2023-06-02,0.0,24.8,42.0,32.1,87.2,0.0,8.1,June,2023
17493,Warangal,Duggondi,2023-06-03,0.0,23.7,42.7,24.9,90.6,0.0,11.9,June,2023
17494,Warangal,Duggondi,2023-06-04,0.0,26.2,42.3,30.1,79.8,0.0,10.2,June,2023
17495,Warangal,Duggondi,2023-06-05,0.0,24.6,41.4,32.8,85.5,0.0,17.4,June,2023
17496,Warangal,Duggondi,2023-06-06,0.0,25.4,40.3,33.8,87.1,0.0,14.8,June,2023
17497,Warangal,Duggondi,2023-06-07,0.0,25.7,42.4,30.1,80.2,0.0,29.5,June,2023
17498,Warangal,Duggondi,2023-06-08,0.0,26.2,42.3,29.5,76.3,0.0,13.4,June,2023
17499,Warangal,Duggondi,2023-06-09,0.4,27.2,42.0,26.2,65.9,0.0,19.8,June,2023
17500,Warangal,Duggondi,2023-06-10,0.0,27.9,42.0,28.8,71.1,0.0,20.3,June,2023
17501,Warangal,Duggondi,2023-06-11,2.5,25.9,41.0,35.0,83.2,0.0,17.8,June,2023
17502,Warangal,Duggondi,2023-06-12,0.0,28.8,40.0,38.4,67.8,0.0,19.2,June,2023
17503,Warangal,Duggondi,2023-06-13,0.0,31.3,41.1,33.8,53.4,0.0,16.7,June,2023
17504,Warangal,Duggondi,2023-06-14,0.0,28.7,41.9,29.5,56.7,0.0,20.3,June,2023
17505,Warangal,Duggondi,2023-06-15,0.0,30.8,41.7,30.8,56.2,0.0,27.6,June,2023
17506,Warangal,Duggondi,2023-06-16,0.0,28.2,41.1,31.4,60.9,0.0,22.4,June,2023
17507,Warangal,Duggondi,2023-06-17,0.0,27.1,41.7,28.8,66.8,0.0,18.8,June,2023
17508,Warangal,Duggondi,2023-06-18,0.0,29.3,41.6,33.4,64.2,0.0,26.9,June,2023
17509,Warangal,Duggondi,2023-06-19,0.0,30.8,38.8,37.3,54.8,0.0,22.2,June,2023
17510,Warangal,Duggondi,2023-06-20,0.0,28.1,40.9,33.1,75.9,0.0,23.4,June,2023
17511,Warangal,Duggondi,2023-06-21,1.0,24.8,41.7,33.4,93.1,0.0,11.9,June,2023
17512,Warangal,Duggondi,2023-06-22,0.0,25.4,37.3,47.4,90.6,0.0,14.3,June,2023
17513,Warangal,Duggondi,2023-06-23,0.0,25.5,34.4,53.3,92.6,0.0,13.8,June,2023
17514,Warangal,Duggondi,2023-06-24,3.9,23.4,32.6,67.0,98.1,0.0,9.1,June,2023
17515,Warangal,Duggondi,2023-06-25,0.2,24.9,29.8,79.4,96.2,0.0,10.8,June,2023
17516,Warangal,Duggondi,2023-06-26,16.2,25.1,32.9,60.0,97.2,0.0,18.3,June,2023
17517,Warangal,Duggondi,2023-06-27,0.0,24.7,30.6,68.2,95.4,0.0,20.1,June,2023
17518,Warangal,Duggondi,2023-06-28,0.8,24.9,32.7,59.5,95.4,0.0,21.1,June,2023
17519,Warangal,Duggondi,2023-06-29,29.5,24.4,33.2,57.6,100.0,0.0,17.9,June,2023
17520,Warangal,Duggondi,2023-06-30,0.0,26.0,34.6,53.8,89.2,0.0,12.5,June,2023
17521,Warangal,Geesugonda,2023-06-01,0.0,25.2,39.0,39.1,90.0,0.0,6.4,June,2023
17522,Warangal,Geesugonda,2023-06-02,0.0,24.8,39.4,28.6,81.6,0.0,8.4,June,2023
17523,Warangal,Geesugonda,2023-06-03,0.0,25.9,41.5,22.9,64.1,0.0,14.2,June,2023
17524,Warangal,Geesugonda,2023-06-04,0.0,26.7,43.0,25.7,75.2,0.0,18.6,June,2023
17525,Warangal,Geesugonda,2023-06-05,0.0,25.4,42.4,27.6,81.5,0.0,14.8,June,2023
17526,Warangal,Geesugonda,2023-06-06,0.0,26.9,41.0,28.6,69.0,0.0,13.5,June,2023
17527,Warangal,Geesugonda,2023-06-07,0.0,26.0,43.7,26.3,70.7,0.0,15.9,June,2023
17528,Warangal,Geesugonda,2023-06-08,0.0,29.4,43.1,26.3,61.6,0.0,14.8,June,2023
17529,Warangal,Geesugonda,2023-06-09,0.0,30.1,42.3,23.8,59.2,0.0,15.4,June,2023
17530,Warangal,Geesugonda,2023-06-10,6.3,24.6,42.4,26.3,91.2,0.0,20.4,June,2023
17531,Warangal,Geesugonda,2023-06-11,0.0,26.9,42.1,33.2,71.4,0.1,20.5,June,2023
17532,Warangal,Geesugonda,2023-06-12,0.0,30.1,40.6,33.2,62.1,0.0,15.5,June,2023
17533,Warangal,Geesugonda,2023-06-13,0.0,31.2,42.8,30.7,55.4,0.3,14.8,June,2023
17534,Warangal,Geesugonda,2023-06-14,0.0,30.7,43.5,25.7,58.7,0.4,16.4,June,2023
17535,Warangal,Geesugonda,2023-06-15,0.0,31.0,42.8,26.9,57.3,0.0,17.5,June,2023
17536,Warangal,Geesugonda,2023-06-16,0.0,30.1,42.0,27.3,54.0,0.0,19.6,June,2023
17537,Warangal,Geesugonda,2023-06-17,0.0,29.8,42.8,25.0,55.4,0.0,16.2,June,2023
17538,Warangal,Geesugonda,2023-06-18,0.0,30.9,42.4,29.4,55.4,0.3,22.3,June,2023
17539,Warangal,Geesugonda,2023-06-19,0.0,31.7,39.5,35.4,55.9,0.0,21.6,June,2023
17540,Warangal,Geesugonda,2023-06-20,0.0,28.0,40.8,32.0,75.7,0.0,17.5,June,2023
17541,Warangal,Geesugonda,2023-06-21,0.3,25.2,42.8,29.4,90.8,0.3,14.0,June,2023
17542,Warangal,Geesugonda,2023-06-22,31.5,23.3,37.9,40.8,98.9,0.0,13.9,June,2023
17543,Warangal,Geesugonda,2023-06-23,1.6,24.5,35.2,50.4,97.2,0.0,13.7,June,2023
17544,Warangal,Geesugonda,2023-06-24,13.6,22.6,31.8,68.7,99.8,0.0,13.7,June,2023
17545,Warangal,Geesugonda,2023-06-25,0.0,24.3,31.9,76.1,97.6,0.0,6.7,June,2023
17546,Warangal,Geesugonda,2023-06-26,0.3,24.9,33.0,62.6,93.3,0.4,7.6,June,2023
17547,Warangal,Geesugonda,2023-06-27,0.3,24.6,31.3,66.1,96.8,0.0,15.2,June,2023
17548,Warangal,Geesugonda,2023-06-28,0.0,24.8,32.9,57.5,94.6,0.0,13.8,June,2023
17549,Warangal,Geesugonda,2023-06-29,25.1,24.0,35.3,52.0,99.4,0.0,8.0,June,2023
17550,Warangal,Geesugonda,2023-06-30,0.9,24.6,35.8,50.4,92.0,0.0,10.8,June,2023
17551,Warangal,Khanapur,2023-06-01,0.0,25.9,39.3,27.7,82.6,0.0,8.9,June,2023
17552,Warangal,Khanapur,2023-06-02,0.0,24.7,41.5,13.7,70.0,0.0,7.7,June,2023
17553,Warangal,Khanapur,2023-06-03,0.0,24.7,42.3,10.7,60.1,0.0,17.9,June,2023
17554,Warangal,Khanapur,2023-06-04,0.0,26.0,42.1,11.8,60.1,0.0,14.0,June,2023
17555,Warangal,Khanapur,2023-06-05,3.1,25.7,42.3,16.5,68.4,0.0,14.3,June,2023
17556,Warangal,Khanapur,2023-06-06,0.0,26.2,40.5,18.2,63.8,0.0,9.9,June,2023
17557,Warangal,Khanapur,2023-06-07,0.0,26.8,41.9,14.5,58.7,0.0,14.8,June,2023
17558,Warangal,Khanapur,2023-06-08,0.0,27.0,41.8,15.6,53.6,0.0,10.2,June,2023
17559,Warangal,Khanapur,2023-06-09,0.0,26.3,42.1,13.7,55.4,0.0,10.2,June,2023
17560,Warangal,Khanapur,2023-06-10,0.4,27.8,43.0,13.2,55.4,0.0,15.2,June,2023
17561,Warangal,Khanapur,2023-06-11,0.0,26.5,40.6,20.9,67.5,0.0,15.3,June,2023
17562,Warangal,Khanapur,2023-06-12,0.0,28.6,40.1,22.8,55.9,0.0,10.9,June,2023
17563,Warangal,Khanapur,2023-06-13,0.0,31.3,41.2,20.2,41.6,0.0,10.9,June,2023
17564,Warangal,Khanapur,2023-06-14,0.0,29.5,41.2,16.3,41.8,0.0,9.1,June,2023
17565,Warangal,Khanapur,2023-06-15,0.0,29.2,41.1,16.9,42.0,0.0,11.6,June,2023
17566,Warangal,Khanapur,2023-06-16,0.0,27.5,41.4,17.1,49.1,0.0,10.8,June,2023
17567,Warangal,Khanapur,2023-06-17,0.0,27.5,41.5,15.6,49.6,0.0,7.7,June,2023
17568,Warangal,Khanapur,2023-06-18,0.0,30.4,41.3,18.9,44.2,0.0,12.0,June,2023
17569,Warangal,Khanapur,2023-06-19,0.0,29.2,39.7,21.5,49.0,0.0,9.0,June,2023
17570,Warangal,Khanapur,2023-06-20,0.0,28.4,40.3,20.2,61.6,0.0,12.7,June,2023
17571,Warangal,Khanapur,2023-06-21,17.0,25.1,41.6,20.4,99.8,0.0,12.8,June,2023
17572,Warangal,Khanapur,2023-06-22,7.0,24.6,35.3,47.1,100.0,0.0,11.9,June,2023
17573,Warangal,Khanapur,2023-06-23,1.5,24.9,32.9,54.0,98.3,0.0,6.8,June,2023
17574,Warangal,Khanapur,2023-06-24,15.1,23.3,30.4,77.0,100.0,0.0,5.2,June,2023
17575,Warangal,Khanapur,2023-06-25,11.9,24.3,29.8,84.2,100.0,0.0,14.2,June,2023
17576,Warangal,Khanapur,2023-06-26,3.9,25.2,32.6,65.4,100.0,0.0,10.5,June,2023
17577,Warangal,Khanapur,2023-06-27,0.9,24.9,31.3,65.8,100.0,0.0,9.8,June,2023
17578,Warangal,Khanapur,2023-06-28,0.7,24.9,33.0,54.4,100.0,0.0,14.2,June,2023
17579,Warangal,Khanapur,2023-06-29,3.7,25.1,34.2,47.6,100.0,0.0,10.4,June,2023
17580,Warangal,Khanapur,2023-06-30,0.5,25.9,34.9,47.6,84.7,0.0,10.8,June,2023
17581,Warangal,Khilla_Warangal,2023-06-01,0.0,25.5,38.7,45.0,87.7,0.0,1.5,June,2023
17582,Warangal,Khilla_Warangal,2023-06-02,0.0,25.0,40.2,26.2,81.6,0.0,0.9,June,2023
17583,Warangal,Khilla_Warangal,2023-06-03,0.0,27.3,41.2,27.1,61.1,0.0,2.8,June,2023
17584,Warangal,Khilla_Warangal,2023-06-04,0.0,27.0,42.7,27.4,75.2,0.0,3.2,June,2023
17585,Warangal,Khilla_Warangal,2023-06-05,0.0,25.8,42.1,32.8,81.5,0.0,7.0,June,2023
17586,Warangal,Khilla_Warangal,2023-06-06,0.0,28.0,40.7,26.6,69.0,0.0,0.5,June,2023
17587,Warangal,Khilla_Warangal,2023-06-07,0.0,29.6,42.1,26.2,62.1,0.0,4.5,June,2023
17588,Warangal,Khilla_Warangal,2023-06-08,0.0,30.0,42.8,31.4,61.6,0.0,5.9,June,2023
17589,Warangal,Khilla_Warangal,2023-06-09,0.8,30.6,42.0,22.2,59.2,0.0,5.0,June,2023
17590,Warangal,Khilla_Warangal,2023-06-10,0.4,28.0,42.1,24.1,74.8,0.0,12.5,June,2023
17591,Warangal,Khilla_Warangal,2023-06-11,0.0,28.5,41.8,31.7,71.4,0.0,6.4,June,2023
17592,Warangal,Khilla_Warangal,2023-06-12,0.0,30.7,39.3,32.8,62.1,0.0,3.6,June,2023
17593,Warangal,Khilla_Warangal,2023-06-13,0.0,31.2,42.5,28.6,55.4,0.0,5.2,June,2023
17594,Warangal,Khilla_Warangal,2023-06-14,0.0,31.1,43.2,30.7,58.7,0.0,5.5,June,2023
17595,Warangal,Khilla_Warangal,2023-06-15,0.0,31.1,42.5,32.1,57.3,0.0,6.0,June,2023
17596,Warangal,Khilla_Warangal,2023-06-16,0.0,30.8,41.2,32.2,50.6,0.0,7.4,June,2023
17597,Warangal,Khilla_Warangal,2023-06-17,0.0,31.4,42.0,29.5,50.0,0.0,6.4,June,2023
17598,Warangal,Khilla_Warangal,2023-06-18,0.0,31.9,41.1,34.2,49.4,0.0,7.7,June,2023
17599,Warangal,Khilla_Warangal,2023-06-19,0.0,31.8,37.6,33.2,51.0,0.0,7.0,June,2023
17600,Warangal,Khilla_Warangal,2023-06-20,0.0,28.3,39.4,29.2,67.9,0.0,2.0,June,2023
17601,Warangal,Khilla_Warangal,2023-06-21,0.0,25.8,41.3,35.5,78.2,0.0,0.7,June,2023
17602,Warangal,Khilla_Warangal,2023-06-22,19.9,24.1,37.2,45.8,86.1,0.0,8.0,June,2023
17603,Warangal,Khilla_Warangal,2023-06-23,2.8,24.9,34.0,52.1,85.5,0.0,6.7,June,2023
17604,Warangal,Khilla_Warangal,2023-06-24,24.2,22.9,31.6,67.4,92.5,0.0,7.7,June,2023
17605,Warangal,Khilla_Warangal,2023-06-25,0.0,24.5,31.2,71.3,86.2,0.0,6.4,June,2023
17606,Warangal,Khilla_Warangal,2023-06-26,0.5,25.1,32.4,61.3,86.2,0.4,6.2,June,2023
17607,Warangal,Khilla_Warangal,2023-06-27,0.0,24.7,30.8,66.0,87.6,0.0,6.8,June,2023
17608,Warangal,Khilla_Warangal,2023-06-28,0.0,25.5,32.5,59.3,86.5,0.0,10.0,June,2023
17609,Warangal,Khilla_Warangal,2023-06-29,3.5,24.2,34.4,57.5,92.7,0.0,7.1,June,2023
17610,Warangal,Khilla_Warangal,2023-06-30,0.0,26.0,35.3,54.5,84.6,0.0,6.1,June,2023
17611,Warangal,Nallabelly,2023-06-01,0.0,24.6,39.6,35.6,94.5,0.0,5.5,June,2023
17612,Warangal,Nallabelly,2023-06-02,0.0,24.7,41.0,26.9,86.4,0.0,5.8,June,2023
17613,Warangal,Nallabelly,2023-06-03,0.0,23.9,42.5,23.3,83.5,0.0,8.8,June,2023
17614,Warangal,Nallabelly,2023-06-04,0.0,25.6,43.2,25.5,75.6,0.0,6.5,June,2023
17615,Warangal,Nallabelly,2023-06-05,0.0,25.2,43.0,28.9,83.0,0.0,12.1,June,2023
17616,Warangal,Nallabelly,2023-06-06,0.0,25.9,41.2,31.0,76.0,0.0,8.6,June,2023
17617,Warangal,Nallabelly,2023-06-07,0.0,26.2,43.2,26.2,74.6,0.0,14.5,June,2023
17618,Warangal,Nallabelly,2023-06-08,0.0,26.6,43.6,26.9,69.5,0.0,10.0,June,2023
17619,Warangal,Nallabelly,2023-06-09,0.0,26.5,43.6,25.5,69.5,0.0,13.1,June,2023
17620,Warangal,Nallabelly,2023-06-10,0.0,28.2,43.7,26.2,70.0,0.0,15.4,June,2023
17621,Warangal,Nallabelly,2023-06-11,0.6,25.9,42.1,31.7,79.3,0.0,16.6,June,2023
17622,Warangal,Nallabelly,2023-06-12,0.0,28.2,41.5,34.5,67.8,0.0,11.9,June,2023
17623,Warangal,Nallabelly,2023-06-13,0.0,30.1,42.1,31.7,55.9,0.0,11.6,June,2023
17624,Warangal,Nallabelly,2023-06-14,0.0,29.5,42.4,28.2,55.8,0.0,14.9,June,2023
17625,Warangal,Nallabelly,2023-06-15,0.0,29.8,41.9,30.3,55.8,0.0,14.7,June,2023
17626,Warangal,Nallabelly,2023-06-16,0.0,27.1,41.9,29.6,62.4,0.0,13.7,June,2023
17627,Warangal,Nallabelly,2023-06-17,0.0,28.5,42.4,26.9,55.9,0.0,11.1,June,2023
17628,Warangal,Nallabelly,2023-06-18,0.0,29.3,42.0,30.3,57.4,0.0,14.4,June,2023
17629,Warangal,Nallabelly,2023-06-19,0.0,29.3,41.0,33.1,61.9,0.0,12.6,June,2023
17630,Warangal,Nallabelly,2023-06-20,0.0,27.8,41.2,32.4,76.0,0.0,15.8,June,2023
17631,Warangal,Nallabelly,2023-06-21,9.4,24.5,41.4,33.8,97.7,0.0,25.6,June,2023
17632,Warangal,Nallabelly,2023-06-22,1.2,24.2,36.5,48.7,98.6,0.0,13.7,June,2023
17633,Warangal,Nallabelly,2023-06-23,0.0,24.7,35.2,50.6,97.3,0.0,14.2,June,2023
17634,Warangal,Nallabelly,2023-06-24,10.9,23.3,31.3,68.3,100.0,0.0,9.4,June,2023
17635,Warangal,Nallabelly,2023-06-25,0.5,24.4,29.5,82.7,99.1,0.0,10.8,June,2023
17636,Warangal,Nallabelly,2023-06-26,2.0,24.6,32.8,60.4,96.9,0.0,13.7,June,2023
17637,Warangal,Nallabelly,2023-06-27,0.0,24.2,31.0,63.4,97.3,0.0,13.6,June,2023
17638,Warangal,Nallabelly,2023-06-28,1.2,24.3,32.8,54.9,100.0,0.0,16.4,June,2023
17639,Warangal,Nallabelly,2023-06-29,11.7,24.2,34.8,52.3,100.0,0.0,11.6,June,2023
17640,Warangal,Nallabelly,2023-06-30,0.0,25.4,34.8,56.9,88.5,0.0,11.8,June,2023
17641,Warangal,Narsampet,2023-06-01,0.0,26.1,37.7,38.1,90.9,0.0,7.4,June,2023
17642,Warangal,Narsampet,2023-06-02,0.0,25.8,39.8,25.8,81.8,0.0,7.9,June,2023
17643,Warangal,Narsampet,2023-06-03,0.0,25.4,41.0,21.7,78.8,0.0,10.2,June,2023
17644,Warangal,Narsampet,2023-06-04,0.0,27.7,41.7,23.7,66.1,0.0,9.1,June,2023
17645,Warangal,Narsampet,2023-06-05,0.0,26.2,40.8,29.2,75.4,0.0,12.9,June,2023
17646,Warangal,Narsampet,2023-06-06,0.0,26.7,39.1,31.3,74.9,0.0,10.4,June,2023
17647,Warangal,Narsampet,2023-06-07,0.0,27.2,40.6,27.8,71.7,0.0,18.4,June,2023
17648,Warangal,Narsampet,2023-06-08,0.0,27.9,40.3,27.8,62.7,0.0,10.9,June,2023
17649,Warangal,Narsampet,2023-06-09,0.0,29.3,40.4,24.4,55.8,0.0,14.7,June,2023
17650,Warangal,Narsampet,2023-06-10,0.0,29.0,41.2,25.8,66.7,0.0,17.8,June,2023
17651,Warangal,Narsampet,2023-06-11,0.0,26.4,39.3,34.1,82.2,0.0,15.3,June,2023
17652,Warangal,Narsampet,2023-06-12,0.0,29.2,39.5,36.6,63.7,0.0,13.7,June,2023
17653,Warangal,Narsampet,2023-06-13,0.0,31.3,39.7,32.0,50.6,0.0,13.5,June,2023
17654,Warangal,Narsampet,2023-06-14,0.0,31.1,40.1,28.5,53.3,0.0,15.3,June,2023
17655,Warangal,Narsampet,2023-06-15,0.0,31.0,39.6,29.9,53.3,0.0,20.3,June,2023
17656,Warangal,Narsampet,2023-06-16,0.0,30.7,40.0,28.5,49.0,0.0,17.6,June,2023
17657,Warangal,Narsampet,2023-06-17,0.0,30.8,40.5,26.5,50.6,0.0,14.3,June,2023
17658,Warangal,Narsampet,2023-06-18,0.0,30.9,40.0,31.3,52.3,0.0,18.2,June,2023
17659,Warangal,Narsampet,2023-06-19,0.0,31.3,37.5,35.8,52.7,0.0,15.7,June,2023
17660,Warangal,Narsampet,2023-06-20,0.0,28.4,38.8,33.4,73.2,0.0,16.0,June,2023
17661,Warangal,Narsampet,2023-06-21,7.6,25.2,40.4,32.0,94.2,0.0,10.6,June,2023
17662,Warangal,Narsampet,2023-06-22,6.2,24.8,35.3,48.7,95.2,0.0,13.1,June,2023
17663,Warangal,Narsampet,2023-06-23,3.1,24.9,34.4,51.6,96.1,0.0,11.6,June,2023
17664,Warangal,Narsampet,2023-06-24,5.9,23.5,30.0,75.5,100.0,0.0,6.7,June,2023
17665,Warangal,Narsampet,2023-06-25,8.5,24.3,29.4,83.4,100.0,0.0,7.7,June,2023
17666,Warangal,Narsampet,2023-06-26,0.9,25.4,31.9,64.7,97.5,0.0,0.3,June,2023
17667,Warangal,Narsampet,2023-06-27,0.0,24.7,29.9,65.7,96.6,0.0,14.3,June,2023
17668,Warangal,Narsampet,2023-06-28,0.0,25.0,32.5,57.7,97.1,0.0,16.0,June,2023
17669,Warangal,Narsampet,2023-06-29,10.6,24.3,33.1,54.7,100.0,0.0,2.3,June,2023
17670,Warangal,Narsampet,2023-06-30,3.2,25.6,34.1,55.2,92.2,0.0,8.5,June,2023
17671,Warangal,Nekkonda,2023-06-01,0.0,25.3,39.5,39.7,95.9,0.0,4.2,June,2023
17672,Warangal,Nekkonda,2023-06-02,0.0,24.7,41.1,29.7,89.1,0.0,10.8,June,2023
17673,Warangal,Nekkonda,2023-06-03,0.0,24.1,42.2,22.4,92.0,0.0,9.3,June,2023
17674,Warangal,Nekkonda,2023-06-04,0.0,26.1,42.2,25.2,80.2,0.0,12.7,June,2023
17675,Warangal,Nekkonda,2023-06-05,0.2,24.6,43.1,27.9,87.4,0.0,10.9,June,2023
17676,Warangal,Nekkonda,2023-06-06,0.0,24.9,41.2,28.3,86.4,0.0,10.2,June,2023
17677,Warangal,Nekkonda,2023-06-07,0.0,26.0,41.8,27.9,82.1,0.0,11.4,June,2023
17678,Warangal,Nekkonda,2023-06-08,0.0,25.9,42.7,26.5,76.5,0.0,6.9,June,2023
17679,Warangal,Nekkonda,2023-06-09,0.0,29.9,42.6,21.9,54.6,1.3,10.5,June,2023
17680,Warangal,Nekkonda,2023-06-10,0.2,27.5,42.9,25.2,68.5,0.0,19.8,June,2023
17681,Warangal,Nekkonda,2023-06-11,6.2,25.7,41.8,31.3,88.1,0.0,14.8,June,2023
17682,Warangal,Nekkonda,2023-06-12,0.0,27.6,40.1,36.4,72.8,0.0,14.4,June,2023
17683,Warangal,Nekkonda,2023-06-13,0.0,30.2,41.5,33.7,58.2,0.0,10.2,June,2023
17684,Warangal,Nekkonda,2023-06-14,0.0,30.1,42.8,27.2,57.1,0.0,9.6,June,2023
17685,Warangal,Nekkonda,2023-06-15,0.0,30.3,42.1,28.0,55.1,0.0,11.9,June,2023
17686,Warangal,Nekkonda,2023-06-16,0.0,29.3,41.2,26.8,53.7,0.0,12.2,June,2023
17687,Warangal,Nekkonda,2023-06-17,0.0,28.1,42.5,26.5,58.2,0.0,11.9,June,2023
17688,Warangal,Nekkonda,2023-06-18,0.0,29.5,41.7,29.7,60.6,0.0,14.6,June,2023
17689,Warangal,Nekkonda,2023-06-19,0.0,29.3,38.6,36.5,63.4,0.0,16.7,June,2023
17690,Warangal,Nekkonda,2023-06-20,0.0,27.9,40.8,31.7,75.0,0.0,14.3,June,2023
17691,Warangal,Nekkonda,2023-06-21,18.2,24.7,41.0,32.4,96.5,0.0,15.6,June,2023
17692,Warangal,Nekkonda,2023-06-22,13.3,24.3,36.9,48.7,98.8,0.0,13.7,June,2023
17693,Warangal,Nekkonda,2023-06-23,22.5,23.7,35.2,54.4,98.3,0.0,9.6,June,2023
17694,Warangal,Nekkonda,2023-06-24,14.7,22.5,30.3,75.0,100.0,0.0,4.8,June,2023
17695,Warangal,Nekkonda,2023-06-25,7.0,24.2,30.9,76.7,100.0,0.0,9.0,June,2023
17696,Warangal,Nekkonda,2023-06-26,0.6,25.7,32.8,63.4,95.0,0.0,11.0,June,2023
17697,Warangal,Nekkonda,2023-06-27,0.2,24.7,31.8,64.8,96.0,0.0,9.3,June,2023
17698,Warangal,Nekkonda,2023-06-28,1.8,25.0,33.1,56.3,97.9,0.0,10.2,June,2023
17699,Warangal,Nekkonda,2023-06-29,0.8,24.8,34.7,52.0,96.0,0.0,9.9,June,2023
17700,Warangal,Nekkonda,2023-06-30,0.3,25.1,35.2,53.0,91.5,0.0,9.6,June,2023
17701,Warangal,Parvathagiri,2023-06-01,0.0,24.7,40.6,25.8,100.0,0.0,2.3,June,2023
17702,Warangal,Parvathagiri,2023-06-02,0.0,24.5,41.3,21.0,98.3,0.0,10.8,June,2023
17703,Warangal,Parvathagiri,2023-06-03,0.0,24.8,43.3,13.7,89.4,0.0,8.5,June,2023
17704,Warangal,Parvathagiri,2023-06-04,0.0,25.8,42.6,16.9,75.0,0.0,12.7,June,2023
17705,Warangal,Parvathagiri,2023-06-05,0.3,24.5,42.3,20.3,85.6,0.0,5.6,June,2023
17706,Warangal,Parvathagiri,2023-06-06,0.0,24.7,40.6,19.0,84.6,0.0,10.2,June,2023
17707,Warangal,Parvathagiri,2023-06-07,0.0,25.8,41.7,16.9,75.5,0.0,11.4,June,2023
17708,Warangal,Parvathagiri,2023-06-08,0.0,26.6,42.8,16.4,71.0,0.0,3.6,June,2023
17709,Warangal,Parvathagiri,2023-06-09,0.0,29.7,43.4,12.3,60.3,0.7,5.2,June,2023
17710,Warangal,Parvathagiri,2023-06-10,9.2,23.9,44.0,13.7,93.1,0.0,9.7,June,2023
17711,Warangal,Parvathagiri,2023-06-11,11.6,23.5,42.0,22.6,100.0,0.0,14.8,June,2023
17712,Warangal,Parvathagiri,2023-06-12,0.0,27.0,41.0,25.1,78.0,0.0,14.4,June,2023
17713,Warangal,Parvathagiri,2023-06-13,0.0,30.5,41.5,21.9,60.3,0.0,9.9,June,2023
17714,Warangal,Parvathagiri,2023-06-14,0.0,30.1,41.2,15.6,60.3,0.0,9.6,June,2023
17715,Warangal,Parvathagiri,2023-06-15,0.0,30.5,41.7,18.5,59.3,0.0,11.9,June,2023
17716,Warangal,Parvathagiri,2023-06-16,0.0,27.1,41.8,17.8,56.4,0.0,12.2,June,2023
17717,Warangal,Parvathagiri,2023-06-17,0.0,27.3,42.6,14.4,56.9,0.0,11.9,June,2023
17718,Warangal,Parvathagiri,2023-06-18,0.0,28.9,42.6,17.1,55.4,0.0,14.6,June,2023
17719,Warangal,Parvathagiri,2023-06-19,0.0,29.4,38.6,25.1,59.8,0.0,16.7,June,2023
17720,Warangal,Parvathagiri,2023-06-20,0.0,27.2,41.0,19.7,79.1,0.0,14.3,June,2023
17721,Warangal,Parvathagiri,2023-06-21,6.1,24.2,42.9,17.8,100.0,0.0,14.5,June,2023
17722,Warangal,Parvathagiri,2023-06-22,3.3,23.6,36.6,40.9,100.0,0.0,13.7,June,2023
17723,Warangal,Parvathagiri,2023-06-23,19.3,24.0,35.8,44.4,100.0,0.0,9.6,June,2023
17724,Warangal,Parvathagiri,2023-06-24,21.0,22.2,31.1,78.0,100.0,0.0,4.8,June,2023
17725,Warangal,Parvathagiri,2023-06-25,0.8,24.3,31.1,79.5,98.4,0.0,6.3,June,2023
17726,Warangal,Parvathagiri,2023-06-26,0.8,25.7,32.2,58.2,100.0,0.0,5.3,June,2023
17727,Warangal,Parvathagiri,2023-06-27,0.2,24.5,32.4,64.7,100.0,0.0,9.3,June,2023
17728,Warangal,Parvathagiri,2023-06-28,3.0,24.5,33.2,44.8,100.0,0.0,10.2,June,2023
17729,Warangal,Parvathagiri,2023-06-29,0.0,24.4,34.9,40.6,100.0,0.0,9.9,June,2023
17730,Warangal,Parvathagiri,2023-06-30,0.0,25.1,35.8,40.9,88.4,0.0,9.6,June,2023
17731,Warangal,Raiparthy,2023-06-01,0.0,24.7,38.8,28.6,93.3,0.0,8.1,June,2023
17732,Warangal,Raiparthy,2023-06-02,0.0,28.2,41.1,22.2,71.0,0.0,11.9,June,2023
17733,Warangal,Raiparthy,2023-06-03,0.0,25.8,42.1,12.4,58.4,0.0,15.7,June,2023
17734,Warangal,Raiparthy,2023-06-04,0.0,26.8,42.8,13.9,59.0,0.0,17.8,June,2023
17735,Warangal,Raiparthy,2023-06-05,10.8,25.1,42.8,19.0,76.2,0.0,16.8,June,2023
17736,Warangal,Raiparthy,2023-06-06,0.0,25.7,39.7,23.6,67.2,0.0,14.9,June,2023
17737,Warangal,Raiparthy,2023-06-07,0.0,28.6,41.7,19.1,58.5,0.0,16.7,June,2023
17738,Warangal,Raiparthy,2023-06-08,0.0,29.1,42.1,19.4,49.1,0.0,15.7,June,2023
17739,Warangal,Raiparthy,2023-06-09,0.0,30.2,41.3,17.8,49.0,0.0,18.1,June,2023
17740,Warangal,Raiparthy,2023-06-10,1.2,28.2,42.3,17.7,59.2,0.0,22.3,June,2023
17741,Warangal,Raiparthy,2023-06-11,25.0,23.9,40.5,26.2,89.2,1.6,17.1,June,2023
17742,Warangal,Raiparthy,2023-06-12,0.0,27.9,39.7,31.1,63.3,1.0,13.9,June,2023
17743,Warangal,Raiparthy,2023-06-13,0.0,29.8,41.2,26.5,56.3,0.1,16.2,June,2023
17744,Warangal,Raiparthy,2023-06-14,0.0,30.1,42.0,19.9,50.6,0.0,16.0,June,2023
17745,Warangal,Raiparthy,2023-06-15,0.0,30.0,41.2,22.7,49.2,0.9,15.5,June,2023
17746,Warangal,Raiparthy,2023-06-16,0.0,29.0,41.0,21.2,49.0,0.0,17.1,June,2023
17747,Warangal,Raiparthy,2023-06-17,0.0,30.5,42.1,17.8,47.2,0.1,18.1,June,2023
17748,Warangal,Raiparthy,2023-06-18,0.0,30.6,41.9,22.6,48.3,0.2,18.7,June,2023
17749,Warangal,Raiparthy,2023-06-19,0.0,30.0,38.0,28.5,50.6,0.0,19.9,June,2023
17750,Warangal,Raiparthy,2023-06-20,0.0,27.4,40.0,23.5,64.3,0.0,16.5,June,2023
17751,Warangal,Raiparthy,2023-06-21,18.6,25.1,41.5,23.6,98.5,0.0,12.6,June,2023
17752,Warangal,Raiparthy,2023-06-22,6.1,24.5,36.2,42.6,99.3,0.0,15.9,June,2023
17753,Warangal,Raiparthy,2023-06-23,6.8,24.8,32.9,57.8,100.0,0.0,11.5,June,2023
17754,Warangal,Raiparthy,2023-06-24,8.1,22.5,30.4,85.4,100.0,0.0,17.0,June,2023
17755,Warangal,Raiparthy,2023-06-25,0.6,24.3,31.4,81.9,100.0,0.0,8.3,June,2023
17756,Warangal,Raiparthy,2023-06-26,0.0,26.5,32.8,69.8,88.4,0.0,14.0,June,2023
17757,Warangal,Raiparthy,2023-06-27,0.0,24.7,31.1,68.7,95.9,0.0,13.5,June,2023
17758,Warangal,Raiparthy,2023-06-28,5.9,25.0,33.1,47.8,100.0,0.0,21.0,June,2023
17759,Warangal,Raiparthy,2023-06-29,0.4,24.9,34.8,45.4,100.0,0.0,18.4,June,2023
17760,Warangal,Raiparthy,2023-06-30,0.0,25.4,35.8,42.7,80.7,0.0,8.8,June,2023
17761,Warangal,Sangem,2023-06-01,0.0,25.0,37.3,43.0,94.8,0.0,3.3,June,2023
17762,Warangal,Sangem,2023-06-02,0.0,24.4,39.7,32.6,90.7,0.0,4.3,June,2023
17763,Warangal,Sangem,2023-06-03,0.0,24.8,41.1,26.7,82.1,0.0,7.4,June,2023
17764,Warangal,Sangem,2023-06-04,0.0,26.4,41.7,28.4,77.4,0.0,10.8,June,2023
17765,Warangal,Sangem,2023-06-05,0.0,24.6,42.5,30.8,83.9,0.0,10.4,June,2023
17766,Warangal,Sangem,2023-06-06,0.0,26.3,41.1,31.9,72.8,0.0,7.5,June,2023
17767,Warangal,Sangem,2023-06-07,0.0,26.5,41.6,29.9,71.4,0.0,8.6,June,2023
17768,Warangal,Sangem,2023-06-08,0.0,27.4,41.6,30.1,63.5,0.0,10.7,June,2023
17769,Warangal,Sangem,2023-06-09,0.3,30.0,42.6,26.1,58.1,0.0,11.3,June,2023
17770,Warangal,Sangem,2023-06-10,7.5,25.6,43.2,28.7,81.7,0.0,15.6,June,2023
17771,Warangal,Sangem,2023-06-11,1.0,25.8,42.7,35.0,83.3,0.0,15.6,June,2023
17772,Warangal,Sangem,2023-06-12,0.0,28.0,41.6,36.8,69.6,0.0,10.0,June,2023
17773,Warangal,Sangem,2023-06-13,0.0,30.6,42.2,33.9,54.6,0.0,9.1,June,2023
17774,Warangal,Sangem,2023-06-14,0.0,30.3,43.3,28.5,58.6,0.0,10.2,June,2023
17775,Warangal,Sangem,2023-06-15,0.0,30.1,42.2,31.2,56.6,0.0,10.8,June,2023
17776,Warangal,Sangem,2023-06-16,0.0,30.1,42.9,29.4,54.1,0.0,12.0,June,2023
17777,Warangal,Sangem,2023-06-17,0.0,29.1,44.0,26.7,54.1,0.0,8.8,June,2023
17778,Warangal,Sangem,2023-06-18,0.0,30.2,42.8,31.5,55.1,0.0,13.8,June,2023
17779,Warangal,Sangem,2023-06-19,0.0,29.2,38.9,38.2,60.5,0.0,12.2,June,2023
17780,Warangal,Sangem,2023-06-20,0.0,27.5,41.5,33.3,72.9,0.0,10.9,June,2023
17781,Warangal,Sangem,2023-06-21,2.6,25.0,42.1,32.2,94.3,0.0,13.1,June,2023
17782,Warangal,Sangem,2023-06-22,29.7,23.5,37.6,46.1,98.6,0.0,12.2,June,2023
17783,Warangal,Sangem,2023-06-23,5.3,24.3,35.9,52.2,98.6,0.0,11.4,June,2023
17784,Warangal,Sangem,2023-06-24,14.3,22.6,30.5,74.5,98.6,0.0,9.3,June,2023
17785,Warangal,Sangem,2023-06-25,0.2,24.2,30.5,77.9,95.3,0.0,5.3,June,2023
17786,Warangal,Sangem,2023-06-26,0.0,24.9,33.5,63.4,92.5,0.0,6.7,June,2023
17787,Warangal,Sangem,2023-06-27,0.0,24.5,32.2,61.5,94.9,0.0,9.6,June,2023
17788,Warangal,Sangem,2023-06-28,0.4,25.0,34.2,54.5,93.8,0.0,9.7,June,2023
17789,Warangal,Sangem,2023-06-29,33.1,23.9,35.9,51.4,99.5,0.0,6.3,June,2023
17790,Warangal,Sangem,2023-06-30,1.3,25.2,34.5,54.9,86.4,0.0,9.3,June,2023
17791,Warangal,Warangal,2023-06-01,0.0,26.3,38.8,45.0,87.7,0.0,6.0,June,2023
17792,Warangal,Warangal,2023-06-02,0.0,27.3,39.9,26.2,81.6,0.0,5.3,June,2023
17793,Warangal,Warangal,2023-06-03,0.0,28.5,41.2,27.1,61.1,0.0,8.6,June,2023
17794,Warangal,Warangal,2023-06-04,0.0,28.7,40.7,27.4,75.2,0.0,7.6,June,2023
17795,Warangal,Warangal,2023-06-05,0.0,24.4,37.9,32.8,81.5,0.0,8.7,June,2023
17796,Warangal,Warangal,2023-06-06,0.0,27.8,38.6,26.6,69.0,0.0,9.7,June,2023
17797,Warangal,Warangal,2023-06-07,0.0,28.2,40.9,26.2,62.1,0.0,6.8,June,2023
17798,Warangal,Warangal,2023-06-08,0.0,28.0,39.7,31.4,61.6,0.0,8.8,June,2023
17799,Warangal,Warangal,2023-06-09,0.0,28.2,41.0,22.2,59.2,0.0,7.1,June,2023
17800,Warangal,Warangal,2023-06-10,0.8,28.3,40.9,24.1,74.8,0.0,10.8,June,2023
17801,Warangal,Warangal,2023-06-11,0.0,27.0,40.2,31.7,71.4,0.2,10.1,June,2023
17802,Warangal,Warangal,2023-06-12,0.0,27.8,39.0,32.8,62.1,0.0,8.4,June,2023
17803,Warangal,Warangal,2023-06-13,0.0,28.3,40.8,28.6,55.4,0.9,10.9,June,2023
17804,Warangal,Warangal,2023-06-14,0.0,28.5,39.6,30.7,58.7,1.1,10.8,June,2023
17805,Warangal,Warangal,2023-06-15,0.0,28.4,39.0,32.1,57.3,0.0,9.6,June,2023
17806,Warangal,Warangal,2023-06-16,0.0,30.2,41.0,31.6,51.0,0.0,12.1,June,2023
17807,Warangal,Warangal,2023-06-17,0.0,31.2,41.8,28.9,45.1,0.0,9.3,June,2023
17808,Warangal,Warangal,2023-06-18,0.0,31.9,41.4,33.4,44.3,0.9,10.0,June,2023
17809,Warangal,Warangal,2023-06-19,0.0,31.7,38.1,34.5,46.6,0.0,8.1,June,2023
17810,Warangal,Warangal,2023-06-20,0.0,28.3,39.1,32.6,60.1,0.0,9.4,June,2023
17811,Warangal,Warangal,2023-06-21,0.0,26.1,40.5,35.7,73.1,0.9,10.7,June,2023
17812,Warangal,Warangal,2023-06-22,6.1,24.3,37.3,43.3,78.2,0.0,8.2,June,2023
17813,Warangal,Warangal,2023-06-23,0.0,25.1,34.3,52.1,76.4,0.0,6.7,June,2023
17814,Warangal,Warangal,2023-06-24,12.7,22.8,31.9,60.6,86.1,0.0,9.5,June,2023
17815,Warangal,Warangal,2023-06-25,0.0,24.4,31.1,66.5,79.8,0.0,7.4,June,2023
17816,Warangal,Warangal,2023-06-26,0.7,25.1,32.4,59.1,79.2,0.8,7.9,June,2023
17817,Warangal,Warangal,2023-06-27,0.3,24.8,30.9,62.1,80.5,0.0,7.3,June,2023
17818,Warangal,Warangal,2023-06-28,0.2,25.4,32.8,57.6,80.1,0.0,12.2,June,2023
17819,Warangal,Warangal,2023-06-29,1.7,24.2,34.0,55.6,86.1,0.0,7.6,June,2023
17820,Warangal,Warangal,2023-06-30,0.8,26.2,35.8,52.6,78.9,0.0,6.8,June,2023
17821,Warangal,Wardhannapet,2023-06-01,0.0,25.6,39.1,41.7,100.0,0.0,4.4,June,2023
17822,Warangal,Wardhannapet,2023-06-02,0.0,27.9,40.6,30.9,75.9,0.0,6.5,June,2023
17823,Warangal,Wardhannapet,2023-06-03,0.0,27.3,41.9,14.3,62.1,0.0,7.7,June,2023
17824,Warangal,Wardhannapet,2023-06-04,0.0,27.2,42.4,15.0,64.0,0.0,8.4,June,2023
17825,Warangal,Wardhannapet,2023-06-05,11.9,24.7,42.1,19.8,100.0,0.0,12.7,June,2023
17826,Warangal,Wardhannapet,2023-06-06,0.0,26.4,39.2,34.0,82.1,0.0,8.6,June,2023
17827,Warangal,Wardhannapet,2023-06-07,0.0,28.8,40.6,29.5,66.0,0.0,8.3,June,2023
17828,Warangal,Wardhannapet,2023-06-08,0.0,29.5,41.2,28.1,62.1,0.0,10.8,June,2023
17829,Warangal,Wardhannapet,2023-06-09,0.0,30.4,41.3,26.1,59.0,0.0,11.2,June,2023
17830,Warangal,Wardhannapet,2023-06-10,0.0,27.0,42.2,22.6,90.7,0.4,13.4,June,2023
17831,Warangal,Wardhannapet,2023-06-11,6.0,24.5,40.0,36.2,100.0,0.8,15.7,June,2023
17832,Warangal,Wardhannapet,2023-06-12,0.0,28.7,39.3,40.0,76.6,2.0,13.3,June,2023
17833,Warangal,Wardhannapet,2023-06-13,0.0,30.1,39.3,37.7,58.0,0.7,15.9,June,2023
17834,Warangal,Wardhannapet,2023-06-14,0.0,30.4,40.3,28.8,59.6,0.9,10.7,June,2023
17835,Warangal,Wardhannapet,2023-06-15,0.0,30.3,39.5,32.7,58.0,0.5,16.0,June,2023
17836,Warangal,Wardhannapet,2023-06-16,0.0,30.3,39.8,29.9,53.0,0.0,15.2,June,2023
17837,Warangal,Wardhannapet,2023-06-17,0.0,30.8,41.1,26.7,55.5,0.9,11.3,June,2023
17838,Warangal,Wardhannapet,2023-06-18,0.0,32.0,40.6,32.3,50.8,0.7,11.7,June,2023
17839,Warangal,Wardhannapet,2023-06-19,0.0,30.7,37.7,37.7,56.0,0.0,14.6,June,2023
17840,Warangal,Wardhannapet,2023-06-20,0.0,27.4,39.6,32.7,83.5,0.0,9.4,June,2023
17841,Warangal,Wardhannapet,2023-06-21,11.5,24.9,40.2,35.0,100.0,0.0,7.4,June,2023
17842,Warangal,Wardhannapet,2023-06-22,8.2,23.8,37.0,53.8,100.0,0.0,11.4,June,2023
17843,Warangal,Wardhannapet,2023-06-23,5.6,24.6,34.9,66.2,100.0,0.0,13.8,June,2023
17844,Warangal,Wardhannapet,2023-06-24,10.4,22.5,30.6,84.5,99.3,0.0,12.4,June,2023
17845,Warangal,Wardhannapet,2023-06-25,0.0,24.5,30.8,82.3,98.4,0.0,10.9,June,2023
17846,Warangal,Wardhannapet,2023-06-26,0.0,26.4,32.4,63.2,90.4,0.0,14.5,June,2023
17847,Warangal,Wardhannapet,2023-06-27,0.6,24.9,31.2,66.1,96.7,0.0,13.4,June,2023
17848,Warangal,Wardhannapet,2023-06-28,1.3,25.2,32.6,76.3,100.0,0.0,20.5,June,2023
17849,Warangal,Wardhannapet,2023-06-29,16.2,24.0,32.9,69.5,100.0,0.0,13.1,June,2023
17850,Warangal,Wardhannapet,2023-06-30,0.8,25.5,33.7,71.0,100.0,0.0,7.9,June,2023
17851,Yadadri Bhuvanagiri,Addagudur,2023-06-01,0.0,24.8,38.8,44.7,88.3,0.0,8.4,June,2023
17852,Yadadri Bhuvanagiri,Addagudur,2023-06-02,0.0,25.8,39.1,42.3,73.8,0.0,14.5,June,2023
17853,Yadadri Bhuvanagiri,Addagudur,2023-06-03,0.0,27.7,40.4,26.9,68.1,0.0,6.0,June,2023
17854,Yadadri Bhuvanagiri,Addagudur,2023-06-04,0.0,28.2,40.2,32.3,63.6,0.0,9.1,June,2023
17855,Yadadri Bhuvanagiri,Addagudur,2023-06-05,0.0,25.0,39.3,33.7,77.6,0.0,10.2,June,2023
17856,Yadadri Bhuvanagiri,Addagudur,2023-06-06,0.0,25.4,37.3,36.0,73.3,0.0,0.3,June,2023
17857,Yadadri Bhuvanagiri,Addagudur,2023-06-07,0.8,27.2,39.1,38.7,68.1,0.0,9.4,June,2023
17858,Yadadri Bhuvanagiri,Addagudur,2023-06-08,0.0,29.0,40.4,34.0,63.6,0.0,9.4,June,2023
17859,Yadadri Bhuvanagiri,Addagudur,2023-06-09,0.0,29.9,40.5,35.4,63.1,0.0,7.8,June,2023
17860,Yadadri Bhuvanagiri,Addagudur,2023-06-10,0.0,28.4,40.9,32.6,67.6,0.0,8.9,June,2023
17861,Yadadri Bhuvanagiri,Addagudur,2023-06-11,9.9,24.5,39.8,38.7,89.3,0.0,15.7,June,2023
17862,Yadadri Bhuvanagiri,Addagudur,2023-06-12,0.0,28.3,37.7,44.7,68.6,0.0,10.6,June,2023
17863,Yadadri Bhuvanagiri,Addagudur,2023-06-13,0.0,29.0,38.4,42.0,62.6,0.0,8.7,June,2023
17864,Yadadri Bhuvanagiri,Addagudur,2023-06-14,0.0,29.7,39.4,35.1,61.6,0.0,4.2,June,2023
17865,Yadadri Bhuvanagiri,Addagudur,2023-06-15,0.0,29.9,39.1,35.1,59.0,0.0,5.4,June,2023
17866,Yadadri Bhuvanagiri,Addagudur,2023-06-16,0.0,29.7,39.7,35.1,57.0,0.0,11.1,June,2023
17867,Yadadri Bhuvanagiri,Addagudur,2023-06-17,0.0,30.1,40.7,31.9,60.0,0.0,4.8,June,2023
17868,Yadadri Bhuvanagiri,Addagudur,2023-06-18,0.0,29.4,39.1,38.1,53.2,0.0,6.5,June,2023
17869,Yadadri Bhuvanagiri,Addagudur,2023-06-19,0.0,29.2,39.1,34.0,62.6,0.0,13.1,June,2023
17870,Yadadri Bhuvanagiri,Addagudur,2023-06-20,0.0,27.7,42.0,31.5,70.1,0.0,13.0,June,2023
17871,Yadadri Bhuvanagiri,Addagudur,2023-06-21,23.7,24.7,40.2,37.3,87.8,0.0,2.8,June,2023
17872,Yadadri Bhuvanagiri,Addagudur,2023-06-22,0.1,26.1,34.8,57.9,81.5,0.0,2.1,June,2023
17873,Yadadri Bhuvanagiri,Addagudur,2023-06-23,0.9,24.8,34.4,56.9,89.3,0.0,0.9,June,2023
17874,Yadadri Bhuvanagiri,Addagudur,2023-06-24,35.4,22.3,31.9,68.2,99.7,0.0,0.1,June,2023
17875,Yadadri Bhuvanagiri,Addagudur,2023-06-25,0.0,24.6,30.7,70.1,89.9,0.0,11.8,June,2023
17876,Yadadri Bhuvanagiri,Addagudur,2023-06-26,0.0,25.1,31.8,64.6,100.0,0.0,8.1,June,2023
17877,Yadadri Bhuvanagiri,Addagudur,2023-06-27,0.2,24.4,32.5,73.9,100.0,0.0,3.7,June,2023
17878,Yadadri Bhuvanagiri,Addagudur,2023-06-28,7.2,24.7,34.4,61.7,99.9,2.4,3.1,June,2023
17879,Yadadri Bhuvanagiri,Addagudur,2023-06-29,4.5,24.4,34.1,61.0,92.2,0.0,9.6,June,2023
17880,Yadadri Bhuvanagiri,Addagudur,2023-06-30,0.0,25.7,33.0,61.2,100.0,0.0,6.2,June,2023
17881,Yadadri Bhuvanagiri,Alair,2023-06-01,0.0,24.5,38.2,30.4,96.8,0.0,11.1,June,2023
17882,Yadadri Bhuvanagiri,Alair,2023-06-02,0.0,24.8,40.1,27.3,82.9,0.0,10.4,June,2023
17883,Yadadri Bhuvanagiri,Alair,2023-06-03,0.0,27.5,40.5,15.7,77.5,0.0,12.9,June,2023
17884,Yadadri Bhuvanagiri,Alair,2023-06-04,0.0,26.9,40.3,23.2,74.3,0.0,13.3,June,2023
17885,Yadadri Bhuvanagiri,Alair,2023-06-05,1.6,22.8,39.1,30.4,89.6,0.0,15.3,June,2023
17886,Yadadri Bhuvanagiri,Alair,2023-06-06,0.0,23.9,39.0,25.0,87.1,0.0,11.0,June,2023
17887,Yadadri Bhuvanagiri,Alair,2023-06-07,2.2,25.1,40.4,28.0,84.8,0.0,11.5,June,2023
17888,Yadadri Bhuvanagiri,Alair,2023-06-08,0.0,27.4,40.0,28.6,69.6,1.0,14.1,June,2023
17889,Yadadri Bhuvanagiri,Alair,2023-06-09,0.0,28.4,40.4,25.2,66.9,0.3,11.7,June,2023
17890,Yadadri Bhuvanagiri,Alair,2023-06-10,0.0,27.7,40.8,25.9,63.3,0.0,11.4,June,2023
17891,Yadadri Bhuvanagiri,Alair,2023-06-11,2.7,24.9,40.2,30.6,92.4,0.9,11.0,June,2023
17892,Yadadri Bhuvanagiri,Alair,2023-06-12,0.4,27.6,38.4,30.4,79.9,0.0,7.2,June,2023
17893,Yadadri Bhuvanagiri,Alair,2023-06-13,0.0,27.1,40.2,28.0,71.1,0.0,10.0,June,2023
17894,Yadadri Bhuvanagiri,Alair,2023-06-14,0.0,28.5,40.8,20.4,63.8,0.0,8.8,June,2023
17895,Yadadri Bhuvanagiri,Alair,2023-06-15,0.0,27.7,40.5,21.1,61.5,0.0,12.5,June,2023
17896,Yadadri Bhuvanagiri,Alair,2023-06-16,0.0,26.6,40.4,21.8,69.2,0.0,8.9,June,2023
17897,Yadadri Bhuvanagiri,Alair,2023-06-17,0.0,28.5,41.2,19.1,59.8,0.6,8.6,June,2023
17898,Yadadri Bhuvanagiri,Alair,2023-06-18,0.0,27.8,40.5,24.5,68.7,0.0,8.4,June,2023
17899,Yadadri Bhuvanagiri,Alair,2023-06-19,0.0,29.6,40.3,23.9,57.2,0.0,9.0,June,2023
17900,Yadadri Bhuvanagiri,Alair,2023-06-20,0.0,26.2,40.3,24.5,81.0,0.0,12.3,June,2023
17901,Yadadri Bhuvanagiri,Alair,2023-06-21,9.0,24.8,40.3,27.3,100.0,0.0,14.7,June,2023
17902,Yadadri Bhuvanagiri,Alair,2023-06-22,9.1,24.5,38.9,34.5,100.0,0.0,15.4,June,2023
17903,Yadadri Bhuvanagiri,Alair,2023-06-23,3.3,24.3,33.3,56.6,100.0,0.0,9.6,June,2023
17904,Yadadri Bhuvanagiri,Alair,2023-06-24,12.3,23.2,32.0,62.3,100.0,0.0,4.7,June,2023
17905,Yadadri Bhuvanagiri,Alair,2023-06-25,9.7,23.4,32.6,70.1,100.0,0.0,9.7,June,2023
17906,Yadadri Bhuvanagiri,Alair,2023-06-26,1.8,25.3,32.8,65.9,100.0,0.0,9.6,June,2023
17907,Yadadri Bhuvanagiri,Alair,2023-06-27,0.2,23.9,31.2,76.9,100.0,0.0,8.4,June,2023
17908,Yadadri Bhuvanagiri,Alair,2023-06-28,2.8,24.4,32.5,70.7,100.0,0.0,7.9,June,2023
17909,Yadadri Bhuvanagiri,Alair,2023-06-29,4.8,23.5,32.8,56.1,100.0,0.0,7.5,June,2023
17910,Yadadri Bhuvanagiri,Alair,2023-06-30,0.1,25.4,33.7,51.5,93.3,0.0,9.8,June,2023
17911,Yadadri Bhuvanagiri,Atmakur_M,2023-06-01,0.0,23.7,39.9,29.9,99.0,0.0,14.9,June,2023
17912,Yadadri Bhuvanagiri,Atmakur_M,2023-06-02,3.0,24.7,41.7,25.9,85.2,0.0,8.8,June,2023
17913,Yadadri Bhuvanagiri,Atmakur_M,2023-06-03,0.0,26.7,41.1,23.8,74.2,0.0,7.3,June,2023
17914,Yadadri Bhuvanagiri,Atmakur_M,2023-06-04,0.0,26.8,40.4,20.0,57.6,0.0,5.1,June,2023
17915,Yadadri Bhuvanagiri,Atmakur_M,2023-06-05,0.0,23.5,39.9,28.2,90.6,0.0,4.7,June,2023
17916,Yadadri Bhuvanagiri,Atmakur_M,2023-06-06,0.0,24.7,37.7,28.5,81.2,0.0,3.4,June,2023
17917,Yadadri Bhuvanagiri,Atmakur_M,2023-06-07,0.0,27.4,39.7,32.0,66.1,0.0,4.2,June,2023
17918,Yadadri Bhuvanagiri,Atmakur_M,2023-06-08,0.0,28.7,41.3,27.9,62.5,0.0,6.5,June,2023
17919,Yadadri Bhuvanagiri,Atmakur_M,2023-06-09,0.0,28.9,39.9,31.3,64.0,0.0,7.4,June,2023
17920,Yadadri Bhuvanagiri,Atmakur_M,2023-06-10,0.0,28.1,40.3,30.7,61.1,0.0,3.1,June,2023
17921,Yadadri Bhuvanagiri,Atmakur_M,2023-06-11,17.4,23.6,40.2,32.0,97.1,0.0,1.0,June,2023
17922,Yadadri Bhuvanagiri,Atmakur_M,2023-06-12,0.0,28.0,37.3,39.8,69.6,0.0,0.1,June,2023
17923,Yadadri Bhuvanagiri,Atmakur_M,2023-06-13,0.0,27.7,39.4,36.3,64.9,0.4,12.0,June,2023
17924,Yadadri Bhuvanagiri,Atmakur_M,2023-06-14,0.0,29.3,39.3,24.4,57.6,0.0,0.2,June,2023
17925,Yadadri Bhuvanagiri,Atmakur_M,2023-06-15,0.0,29.5,39.7,29.3,51.0,0.0,0.4,June,2023
17926,Yadadri Bhuvanagiri,Atmakur_M,2023-06-16,0.0,27.8,40.3,35.0,58.6,0.0,2.5,June,2023
17927,Yadadri Bhuvanagiri,Atmakur_M,2023-06-17,0.0,27.5,40.8,20.0,60.6,0.0,0.2,June,2023
17928,Yadadri Bhuvanagiri,Atmakur_M,2023-06-18,0.0,28.0,39.3,30.7,64.0,0.0,0.8,June,2023
17929,Yadadri Bhuvanagiri,Atmakur_M,2023-06-19,0.0,29.4,39.9,30.0,59.1,0.0,0.7,June,2023
17930,Yadadri Bhuvanagiri,Atmakur_M,2023-06-20,0.0,27.2,38.8,33.4,76.9,0.0,2.1,June,2023
17931,Yadadri Bhuvanagiri,Atmakur_M,2023-06-21,0.3,24.8,40.1,32.7,92.8,0.0,0.9,June,2023
17932,Yadadri Bhuvanagiri,Atmakur_M,2023-06-22,10.4,23.8,39.8,29.6,100.0,0.0,4.6,June,2023
17933,Yadadri Bhuvanagiri,Atmakur_M,2023-06-23,0.0,24.4,34.6,53.6,95.2,0.0,0.7,June,2023
17934,Yadadri Bhuvanagiri,Atmakur_M,2023-06-24,13.5,22.9,32.5,66.0,99.9,0.1,3.3,June,2023
17935,Yadadri Bhuvanagiri,Atmakur_M,2023-06-25,3.7,24.3,32.5,65.0,97.1,0.0,0.7,June,2023
17936,Yadadri Bhuvanagiri,Atmakur_M,2023-06-26,0.0,26.3,32.2,61.1,92.7,0.0,0.1,June,2023
17937,Yadadri Bhuvanagiri,Atmakur_M,2023-06-27,0.0,24.1,31.3,63.5,94.3,0.0,0.1,June,2023
17938,Yadadri Bhuvanagiri,Atmakur_M,2023-06-28,11.5,24.7,32.6,55.6,98.0,0.0,13.6,June,2023
17939,Yadadri Bhuvanagiri,Atmakur_M,2023-06-29,26.5,24.0,33.9,54.6,87.7,0.0,0.1,June,2023
17940,Yadadri Bhuvanagiri,Atmakur_M,2023-06-30,6.0,25.7,34.0,60.7,81.1,0.0,0.1,June,2023
17941,Yadadri Bhuvanagiri,Bhongiri,2023-06-01,0.0,22.5,39.1,39.1,92.7,0.0,6.3,June,2023
17942,Yadadri Bhuvanagiri,Bhongiri,2023-06-02,0.3,25.7,39.6,34.9,76.7,0.0,12.0,June,2023
17943,Yadadri Bhuvanagiri,Bhongiri,2023-06-03,0.0,25.0,40.9,26.2,75.6,0.0,12.4,June,2023
17944,Yadadri Bhuvanagiri,Bhongiri,2023-06-04,0.0,27.2,39.8,34.3,72.4,0.0,13.9,June,2023
17945,Yadadri Bhuvanagiri,Bhongiri,2023-06-05,0.0,22.6,41.1,37.6,81.6,0.0,13.4,June,2023
17946,Yadadri Bhuvanagiri,Bhongiri,2023-06-06,0.0,23.5,37.1,34.6,80.4,0.0,12.0,June,2023
17947,Yadadri Bhuvanagiri,Bhongiri,2023-06-07,4.0,25.3,37.8,39.7,81.8,0.0,13.5,June,2023
17948,Yadadri Bhuvanagiri,Bhongiri,2023-06-08,9.7,27.0,40.4,36.0,81.8,0.0,14.7,June,2023
17949,Yadadri Bhuvanagiri,Bhongiri,2023-06-09,6.0,24.3,39.7,37.2,74.6,0.0,15.4,June,2023
17950,Yadadri Bhuvanagiri,Bhongiri,2023-06-10,0.0,27.1,41.0,31.8,71.4,0.9,15.8,June,2023
17951,Yadadri Bhuvanagiri,Bhongiri,2023-06-11,9.8,23.5,39.5,40.2,94.0,0.0,11.6,June,2023
17952,Yadadri Bhuvanagiri,Bhongiri,2023-06-12,0.0,27.1,37.7,44.6,77.3,0.0,12.1,June,2023
17953,Yadadri Bhuvanagiri,Bhongiri,2023-06-13,0.0,25.7,40.1,37.0,81.3,0.0,10.5,June,2023
17954,Yadadri Bhuvanagiri,Bhongiri,2023-06-14,0.0,26.7,40.5,33.3,71.9,0.0,15.7,June,2023
17955,Yadadri Bhuvanagiri,Bhongiri,2023-06-15,0.0,26.1,40.3,34.9,78.0,0.0,11.7,June,2023
17956,Yadadri Bhuvanagiri,Bhongiri,2023-06-16,0.0,25.8,39.0,34.9,76.1,0.0,11.2,June,2023
17957,Yadadri Bhuvanagiri,Bhongiri,2023-06-17,0.0,26.4,40.8,31.8,71.4,0.0,11.6,June,2023
17958,Yadadri Bhuvanagiri,Bhongiri,2023-06-18,0.0,26.8,39.6,38.1,78.2,0.0,14.0,June,2023
17959,Yadadri Bhuvanagiri,Bhongiri,2023-06-19,0.0,28.5,39.3,37.0,70.6,0.0,14.5,June,2023
17960,Yadadri Bhuvanagiri,Bhongiri,2023-06-20,0.0,25.8,38.5,38.6,78.4,0.0,13.2,June,2023
17961,Yadadri Bhuvanagiri,Bhongiri,2023-06-21,3.9,24.4,40.8,37.9,90.2,0.0,12.3,June,2023
17962,Yadadri Bhuvanagiri,Bhongiri,2023-06-22,5.1,24.4,37.4,48.4,100.0,0.0,13.0,June,2023
17963,Yadadri Bhuvanagiri,Bhongiri,2023-06-23,0.3,24.8,35.4,53.2,87.6,0.0,14.0,June,2023
17964,Yadadri Bhuvanagiri,Bhongiri,2023-06-24,12.0,22.8,32.8,63.5,94.0,0.0,8.1,June,2023
17965,Yadadri Bhuvanagiri,Bhongiri,2023-06-25,13.4,22.7,33.2,67.7,100.0,0.0,10.4,June,2023
17966,Yadadri Bhuvanagiri,Bhongiri,2023-06-26,0.0,25.2,31.8,70.0,85.4,0.0,8.9,June,2023
17967,Yadadri Bhuvanagiri,Bhongiri,2023-06-27,0.7,23.5,30.4,72.0,91.5,0.0,7.4,June,2023
17968,Yadadri Bhuvanagiri,Bhongiri,2023-06-28,15.2,23.5,32.5,66.1,94.6,0.0,8.6,June,2023
17969,Yadadri Bhuvanagiri,Bhongiri,2023-06-29,10.5,22.9,33.4,61.0,95.6,0.0,7.8,June,2023
17970,Yadadri Bhuvanagiri,Bhongiri,2023-06-30,4.0,24.4,33.7,63.5,95.4,0.0,11.4,June,2023
17971,Yadadri Bhuvanagiri,Bibinagar,2023-06-01,0.0,24.0,40.5,28.1,83.4,0.0,2.7,June,2023
17972,Yadadri Bhuvanagiri,Bibinagar,2023-06-02,0.0,25.6,40.2,27.9,77.7,0.0,10.3,June,2023
17973,Yadadri Bhuvanagiri,Bibinagar,2023-06-03,0.0,28.8,42.4,19.5,52.6,0.0,12.4,June,2023
17974,Yadadri Bhuvanagiri,Bibinagar,2023-06-04,0.0,27.5,42.0,22.0,60.7,0.0,12.0,June,2023
17975,Yadadri Bhuvanagiri,Bibinagar,2023-06-05,0.2,23.1,39.2,35.6,81.2,0.0,14.6,June,2023
17976,Yadadri Bhuvanagiri,Bibinagar,2023-06-06,0.0,25.2,37.5,28.9,69.3,0.0,12.0,June,2023
17977,Yadadri Bhuvanagiri,Bibinagar,2023-06-07,0.0,27.3,40.3,26.1,65.5,0.0,13.5,June,2023
17978,Yadadri Bhuvanagiri,Bibinagar,2023-06-08,0.0,27.0,41.4,27.8,68.4,2.1,13.6,June,2023
17979,Yadadri Bhuvanagiri,Bibinagar,2023-06-09,0.0,27.1,40.5,29.2,66.8,0.0,15.0,June,2023
17980,Yadadri Bhuvanagiri,Bibinagar,2023-06-10,0.0,28.4,39.8,31.5,58.4,1.5,15.8,June,2023
17981,Yadadri Bhuvanagiri,Bibinagar,2023-06-11,1.1,25.6,39.4,35.8,70.4,0.0,11.7,June,2023
17982,Yadadri Bhuvanagiri,Bibinagar,2023-06-12,0.0,27.5,37.4,39.1,59.7,1.4,9.3,June,2023
17983,Yadadri Bhuvanagiri,Bibinagar,2023-06-13,0.0,27.9,39.1,35.2,54.8,0.7,11.4,June,2023
17984,Yadadri Bhuvanagiri,Bibinagar,2023-06-14,0.0,27.1,39.9,31.9,54.4,0.8,13.3,June,2023
17985,Yadadri Bhuvanagiri,Bibinagar,2023-06-15,0.0,27.9,38.3,32.9,58.9,1.0,11.5,June,2023
17986,Yadadri Bhuvanagiri,Bibinagar,2023-06-16,0.0,28.3,39.3,31.7,52.4,1.1,14.2,June,2023
17987,Yadadri Bhuvanagiri,Bibinagar,2023-06-17,0.0,28.5,40.0,31.6,55.8,0.0,15.3,June,2023
17988,Yadadri Bhuvanagiri,Bibinagar,2023-06-18,0.0,29.1,38.7,34.5,54.9,0.0,15.2,June,2023
17989,Yadadri Bhuvanagiri,Bibinagar,2023-06-19,0.0,28.4,40.3,32.7,63.4,0.0,7.3,June,2023
17990,Yadadri Bhuvanagiri,Bibinagar,2023-06-20,0.0,27.0,38.3,36.1,68.3,0.0,13.2,June,2023
17991,Yadadri Bhuvanagiri,Bibinagar,2023-06-21,5.5,25.4,40.4,36.3,80.8,0.0,11.1,June,2023
17992,Yadadri Bhuvanagiri,Bibinagar,2023-06-22,7.6,23.7,37.6,40.8,85.1,0.3,10.7,June,2023
17993,Yadadri Bhuvanagiri,Bibinagar,2023-06-23,0.0,25.4,37.1,46.1,76.9,0.0,13.6,June,2023
17994,Yadadri Bhuvanagiri,Bibinagar,2023-06-24,13.7,23.8,33.6,53.7,88.2,0.0,10.1,June,2023
17995,Yadadri Bhuvanagiri,Bibinagar,2023-06-25,5.6,22.4,33.1,59.0,89.6,0.0,9.6,June,2023
17996,Yadadri Bhuvanagiri,Bibinagar,2023-06-26,0.8,25.3,31.8,60.7,82.1,0.0,7.4,June,2023
17997,Yadadri Bhuvanagiri,Bibinagar,2023-06-27,0.8,24.6,31.3,61.5,83.1,1.4,13.0,June,2023
17998,Yadadri Bhuvanagiri,Bibinagar,2023-06-28,9.5,23.9,32.2,60.1,88.6,0.0,9.8,June,2023
17999,Yadadri Bhuvanagiri,Bibinagar,2023-06-29,2.1,24.2,33.0,55.1,89.3,0.0,11.4,June,2023
18000,Yadadri Bhuvanagiri,Bibinagar,2023-06-30,2.1,24.9,33.3,55.8,74.5,0.0,10.7,June,2023
18001,Yadadri Bhuvanagiri,Bommalaramaram,2023-06-01,0.0,22.6,40.4,28.5,88.2,0.0,21.0,June,2023
18002,Yadadri Bhuvanagiri,Bommalaramaram,2023-06-02,4.6,24.6,41.5,29.2,87.2,0.0,7.3,June,2023
18003,Yadadri Bhuvanagiri,Bommalaramaram,2023-06-03,0.0,25.7,42.0,19.6,59.1,0.0,7.1,June,2023
18004,Yadadri Bhuvanagiri,Bommalaramaram,2023-06-04,0.0,26.6,42.5,23.7,64.9,0.0,6.3,June,2023
18005,Yadadri Bhuvanagiri,Bommalaramaram,2023-06-05,0.3,22.2,39.9,32.6,87.3,0.0,13.2,June,2023
18006,Yadadri Bhuvanagiri,Bommalaramaram,2023-06-06,0.0,23.3,39.6,26.9,77.5,0.0,11.4,June,2023
18007,Yadadri Bhuvanagiri,Bommalaramaram,2023-06-07,0.3,27.4,41.0,30.6,64.9,0.0,14.4,June,2023
18008,Yadadri Bhuvanagiri,Bommalaramaram,2023-06-08,0.0,27.1,40.6,30.6,67.6,0.0,8.5,June,2023
18009,Yadadri Bhuvanagiri,Bommalaramaram,2023-06-09,0.2,27.5,42.0,27.6,66.4,0.0,9.7,June,2023
18010,Yadadri Bhuvanagiri,Bommalaramaram,2023-06-10,0.0,27.7,42.4,26.5,67.7,0.0,6.6,June,2023
18011,Yadadri Bhuvanagiri,Bommalaramaram,2023-06-11,0.0,26.0,41.2,30.6,73.2,0.0,3.1,June,2023
18012,Yadadri Bhuvanagiri,Bommalaramaram,2023-06-12,0.0,25.5,39.3,34.4,85.7,0.0,4.0,June,2023
18013,Yadadri Bhuvanagiri,Bommalaramaram,2023-06-13,0.0,27.3,40.9,29.2,62.2,0.0,2.0,June,2023
18014,Yadadri Bhuvanagiri,Bommalaramaram,2023-06-14,0.0,27.3,41.3,24.4,66.8,0.0,5.6,June,2023
18015,Yadadri Bhuvanagiri,Bommalaramaram,2023-06-15,0.0,27.1,40.1,27.8,64.4,0.0,7.8,June,2023
18016,Yadadri Bhuvanagiri,Bommalaramaram,2023-06-16,0.0,27.6,40.6,26.2,58.9,0.0,4.0,June,2023
18017,Yadadri Bhuvanagiri,Bommalaramaram,2023-06-17,0.0,27.8,41.3,25.1,64.5,0.0,8.8,June,2023
18018,Yadadri Bhuvanagiri,Bommalaramaram,2023-06-18,0.0,27.9,40.3,31.3,61.7,0.0,10.8,June,2023
18019,Yadadri Bhuvanagiri,Bommalaramaram,2023-06-19,0.0,28.3,41.5,27.8,63.1,0.0,8.3,June,2023
18020,Yadadri Bhuvanagiri,Bommalaramaram,2023-06-20,0.3,25.8,40.4,29.9,80.1,0.0,8.5,June,2023
18021,Yadadri Bhuvanagiri,Bommalaramaram,2023-06-21,0.6,24.2,42.7,28.7,90.1,0.0,4.0,June,2023
18022,Yadadri Bhuvanagiri,Bommalaramaram,2023-06-22,2.5,23.8,39.1,36.3,97.5,0.0,11.7,June,2023
18023,Yadadri Bhuvanagiri,Bommalaramaram,2023-06-23,1.6,24.3,35.9,42.3,95.3,0.0,14.1,June,2023
18024,Yadadri Bhuvanagiri,Bommalaramaram,2023-06-24,7.9,23.5,34.1,49.8,100.0,0.0,5.5,June,2023
18025,Yadadri Bhuvanagiri,Bommalaramaram,2023-06-25,18.7,22.1,31.9,65.1,100.0,0.0,5.2,June,2023
18026,Yadadri Bhuvanagiri,Bommalaramaram,2023-06-26,0.0,24.8,31.4,61.1,89.0,0.0,7.1,June,2023
18027,Yadadri Bhuvanagiri,Bommalaramaram,2023-06-27,1.8,23.3,29.4,68.4,97.5,0.0,6.9,June,2023
18028,Yadadri Bhuvanagiri,Bommalaramaram,2023-06-28,10.8,23.0,31.4,61.6,100.0,0.0,8.0,June,2023
18029,Yadadri Bhuvanagiri,Bommalaramaram,2023-06-29,0.0,24.1,33.1,52.7,98.4,0.0,10.0,June,2023
18030,Yadadri Bhuvanagiri,Bommalaramaram,2023-06-30,0.2,23.8,33.1,54.7,92.6,0.0,5.1,June,2023
18031,Yadadri Bhuvanagiri,Choutuppal,2023-06-01,0.0,24.4,40.8,18.9,73.5,0.0,10.7,June,2023
18032,Yadadri Bhuvanagiri,Choutuppal,2023-06-02,0.0,27.3,41.8,15.7,63.6,0.0,9.0,June,2023
18033,Yadadri Bhuvanagiri,Choutuppal,2023-06-03,0.0,28.5,42.1,10.2,57.1,0.0,8.3,June,2023
18034,Yadadri Bhuvanagiri,Choutuppal,2023-06-04,0.0,28.7,41.6,14.8,57.6,0.0,8.4,June,2023
18035,Yadadri Bhuvanagiri,Choutuppal,2023-06-05,0.0,24.7,39.5,27.0,78.2,0.0,10.6,June,2023
18036,Yadadri Bhuvanagiri,Choutuppal,2023-06-06,0.0,26.6,38.7,20.8,78.2,0.0,8.2,June,2023
18037,Yadadri Bhuvanagiri,Choutuppal,2023-06-07,0.0,28.2,39.5,20.8,63.4,0.0,9.5,June,2023
18038,Yadadri Bhuvanagiri,Choutuppal,2023-06-08,0.0,27.7,41.5,16.2,64.3,1.2,9.9,June,2023
18039,Yadadri Bhuvanagiri,Choutuppal,2023-06-09,0.0,28.2,42.0,20.3,66.7,0.0,8.7,June,2023
18040,Yadadri Bhuvanagiri,Choutuppal,2023-06-10,0.0,28.3,41.2,18.9,63.4,1.7,11.4,June,2023
18041,Yadadri Bhuvanagiri,Choutuppal,2023-06-11,13.8,23.6,39.6,24.5,100.0,1.5,10.7,June,2023
18042,Yadadri Bhuvanagiri,Choutuppal,2023-06-12,0.0,27.8,39.6,32.5,84.1,0.9,11.0,June,2023
18043,Yadadri Bhuvanagiri,Choutuppal,2023-06-13,0.0,27.7,39.2,25.3,59.9,0.0,9.5,June,2023
18044,Yadadri Bhuvanagiri,Choutuppal,2023-06-14,0.0,27.9,41.3,19.4,61.5,1.3,10.2,June,2023
18045,Yadadri Bhuvanagiri,Choutuppal,2023-06-15,0.0,28.2,39.0,23.5,59.6,1.2,8.3,June,2023
18046,Yadadri Bhuvanagiri,Choutuppal,2023-06-16,0.0,28.4,39.3,19.4,56.8,0.0,9.5,June,2023
18047,Yadadri Bhuvanagiri,Choutuppal,2023-06-17,0.0,28.5,39.7,18.9,60.6,0.9,10.3,June,2023
18048,Yadadri Bhuvanagiri,Choutuppal,2023-06-18,0.0,29.4,41.7,23.5,59.6,0.0,11.8,June,2023
18049,Yadadri Bhuvanagiri,Choutuppal,2023-06-19,0.0,28.7,39.6,20.3,61.2,0.0,14.3,June,2023
18050,Yadadri Bhuvanagiri,Choutuppal,2023-06-20,0.0,27.9,38.6,23.5,78.2,0.0,11.9,June,2023
18051,Yadadri Bhuvanagiri,Choutuppal,2023-06-21,2.7,25.7,38.9,25.1,82.1,0.0,13.4,June,2023
18052,Yadadri Bhuvanagiri,Choutuppal,2023-06-22,3.7,23.9,38.9,25.8,100.0,0.8,7.8,June,2023
18053,Yadadri Bhuvanagiri,Choutuppal,2023-06-23,7.7,23.8,36.7,35.5,82.7,0.0,14.3,June,2023
18054,Yadadri Bhuvanagiri,Choutuppal,2023-06-24,5.5,23.0,32.7,43.2,100.0,0.0,12.0,June,2023
18055,Yadadri Bhuvanagiri,Choutuppal,2023-06-25,6.8,22.8,32.8,54.8,100.0,0.1,9.8,June,2023
18056,Yadadri Bhuvanagiri,Choutuppal,2023-06-26,0.0,25.1,32.7,56.5,100.0,0.6,10.3,June,2023
18057,Yadadri Bhuvanagiri,Choutuppal,2023-06-27,0.0,24.5,32.2,56.5,93.4,0.5,11.3,June,2023
18058,Yadadri Bhuvanagiri,Choutuppal,2023-06-28,0.4,25.7,31.9,56.5,85.4,0.0,9.4,June,2023
18059,Yadadri Bhuvanagiri,Choutuppal,2023-06-29,11.1,23.9,34.6,42.4,100.0,0.0,13.4,June,2023
18060,Yadadri Bhuvanagiri,Choutuppal,2023-06-30,0.0,24.8,33.3,51.8,100.0,0.0,13.3,June,2023
18061,Yadadri Bhuvanagiri,Gundala,2023-06-01,18.9,23.7,39.8,43.7,89.5,0.0,26.0,June,2023
18062,Yadadri Bhuvanagiri,Gundala,2023-06-02,3.1,24.4,40.5,40.6,82.8,0.0,9.2,June,2023
18063,Yadadri Bhuvanagiri,Gundala,2023-06-03,0.0,25.4,41.2,29.5,74.8,0.0,12.5,June,2023
18064,Yadadri Bhuvanagiri,Gundala,2023-06-04,0.0,27.9,43.7,30.5,68.0,0.0,11.7,June,2023
18065,Yadadri Bhuvanagiri,Gundala,2023-06-05,7.5,23.9,40.3,37.6,84.3,0.0,10.4,June,2023
18066,Yadadri Bhuvanagiri,Gundala,2023-06-06,0.0,24.2,38.5,37.9,78.9,0.0,9.3,June,2023
18067,Yadadri Bhuvanagiri,Gundala,2023-06-07,0.0,25.1,39.9,39.5,75.1,0.0,15.1,June,2023
18068,Yadadri Bhuvanagiri,Gundala,2023-06-08,0.0,28.0,40.7,36.4,61.9,0.9,12.0,June,2023
18069,Yadadri Bhuvanagiri,Gundala,2023-06-09,0.0,29.0,40.9,35.2,61.4,0.0,14.5,June,2023
18070,Yadadri Bhuvanagiri,Gundala,2023-06-10,0.0,29.2,41.4,33.1,61.9,1.5,14.3,June,2023
18071,Yadadri Bhuvanagiri,Gundala,2023-06-11,14.7,24.6,40.5,38.3,78.0,0.1,15.1,June,2023
18072,Yadadri Bhuvanagiri,Gundala,2023-06-12,0.0,26.6,38.7,41.5,74.8,0.0,14.6,June,2023
18073,Yadadri Bhuvanagiri,Gundala,2023-06-13,0.0,28.9,39.9,40.1,60.4,1.2,11.4,June,2023
18074,Yadadri Bhuvanagiri,Gundala,2023-06-14,0.0,29.4,40.8,34.5,60.4,0.0,15.1,June,2023
18075,Yadadri Bhuvanagiri,Gundala,2023-06-15,0.0,29.2,40.5,34.5,59.9,0.1,11.9,June,2023
18076,Yadadri Bhuvanagiri,Gundala,2023-06-16,0.0,27.3,40.2,34.5,68.0,0.0,15.4,June,2023
18077,Yadadri Bhuvanagiri,Gundala,2023-06-17,0.0,29.8,41.4,31.6,57.8,0.5,12.0,June,2023
18078,Yadadri Bhuvanagiri,Gundala,2023-06-18,0.0,30.0,40.4,36.4,58.3,0.0,14.6,June,2023
18079,Yadadri Bhuvanagiri,Gundala,2023-06-19,0.0,29.3,40.2,36.4,60.9,0.0,14.7,June,2023
18080,Yadadri Bhuvanagiri,Gundala,2023-06-20,0.0,26.7,39.6,37.0,73.3,0.0,11.1,June,2023
18081,Yadadri Bhuvanagiri,Gundala,2023-06-21,9.4,25.0,41.4,37.0,86.0,0.0,11.3,June,2023
18082,Yadadri Bhuvanagiri,Gundala,2023-06-22,10.0,25.6,37.5,48.7,82.8,0.0,15.6,June,2023
18083,Yadadri Bhuvanagiri,Gundala,2023-06-23,5.9,24.8,35.3,54.5,87.7,0.0,17.0,June,2023
18084,Yadadri Bhuvanagiri,Gundala,2023-06-24,24.6,23.3,32.4,67.1,96.7,0.0,7.5,June,2023
18085,Yadadri Bhuvanagiri,Gundala,2023-06-25,10.2,24.2,30.5,71.6,90.9,0.0,7.4,June,2023
18086,Yadadri Bhuvanagiri,Gundala,2023-06-26,0.0,25.6,32.4,62.4,85.5,0.0,11.7,June,2023
18087,Yadadri Bhuvanagiri,Gundala,2023-06-27,1.0,24.7,32.5,61.9,86.7,0.0,15.3,June,2023
18088,Yadadri Bhuvanagiri,Gundala,2023-06-28,26.1,24.6,33.0,59.3,90.0,0.0,12.4,June,2023
18089,Yadadri Bhuvanagiri,Gundala,2023-06-29,8.0,24.4,34.5,56.7,89.2,0.0,6.8,June,2023
18090,Yadadri Bhuvanagiri,Gundala,2023-06-30,0.0,25.8,35.4,56.1,77.2,0.0,8.3,June,2023
18091,Yadadri Bhuvanagiri,Mootakondur,2023-06-01,0.0,23.8,37.2,37.8,90.7,0.0,5.0,June,2023
18092,Yadadri Bhuvanagiri,Mootakondur,2023-06-02,0.0,26.9,39.4,35.8,60.8,0.0,2.7,June,2023
18093,Yadadri Bhuvanagiri,Mootakondur,2023-06-03,0.0,28.0,38.6,30.4,49.7,0.0,8.5,June,2023
18094,Yadadri Bhuvanagiri,Mootakondur,2023-06-04,0.0,28.2,38.6,34.3,54.2,0.0,5.2,June,2023
18095,Yadadri Bhuvanagiri,Mootakondur,2023-06-05,5.8,23.6,37.1,39.1,89.6,0.0,4.8,June,2023
18096,Yadadri Bhuvanagiri,Mootakondur,2023-06-06,0.0,24.5,36.6,38.0,81.7,0.0,5.0,June,2023
18097,Yadadri Bhuvanagiri,Mootakondur,2023-06-07,0.0,27.5,38.4,38.0,72.1,0.0,5.2,June,2023
18098,Yadadri Bhuvanagiri,Mootakondur,2023-06-08,0.7,28.4,38.4,37.8,64.1,0.0,6.5,June,2023
18099,Yadadri Bhuvanagiri,Mootakondur,2023-06-09,0.0,27.4,38.9,35.8,70.7,0.0,8.0,June,2023
18100,Yadadri Bhuvanagiri,Mootakondur,2023-06-10,0.0,29.1,40.2,35.8,61.7,0.0,7.7,June,2023
18101,Yadadri Bhuvanagiri,Mootakondur,2023-06-11,41.3,24.0,39.1,36.4,90.7,0.0,8.7,June,2023
18102,Yadadri Bhuvanagiri,Mootakondur,2023-06-12,0.0,27.1,35.6,46.2,73.7,0.0,5.0,June,2023
18103,Yadadri Bhuvanagiri,Mootakondur,2023-06-13,0.0,27.6,37.1,37.8,69.1,0.0,6.5,June,2023
18104,Yadadri Bhuvanagiri,Mootakondur,2023-06-14,0.0,28.4,37.8,35.6,64.1,0.0,6.9,June,2023
18105,Yadadri Bhuvanagiri,Mootakondur,2023-06-15,0.0,28.5,37.6,31.8,59.8,0.0,7.5,June,2023
18106,Yadadri Bhuvanagiri,Mootakondur,2023-06-16,0.0,28.1,38.6,33.7,60.8,0.0,7.1,June,2023
18107,Yadadri Bhuvanagiri,Mootakondur,2023-06-17,0.0,28.8,38.7,30.0,59.4,0.0,7.2,June,2023
18108,Yadadri Bhuvanagiri,Mootakondur,2023-06-18,0.0,27.6,38.3,35.6,68.9,0.0,8.2,June,2023
18109,Yadadri Bhuvanagiri,Mootakondur,2023-06-19,0.0,29.8,38.3,34.0,63.6,0.0,5.8,June,2023
18110,Yadadri Bhuvanagiri,Mootakondur,2023-06-20,5.8,24.8,38.0,35.6,73.2,0.0,5.9,June,2023
18111,Yadadri Bhuvanagiri,Mootakondur,2023-06-21,3.0,24.8,36.7,43.3,92.4,0.0,5.2,June,2023
18112,Yadadri Bhuvanagiri,Mootakondur,2023-06-22,3.6,24.7,37.9,43.8,94.6,0.0,6.9,June,2023
18113,Yadadri Bhuvanagiri,Mootakondur,2023-06-23,0.0,24.8,33.8,53.6,96.0,0.0,12.1,June,2023
18114,Yadadri Bhuvanagiri,Mootakondur,2023-06-24,11.0,23.4,31.8,69.2,100.0,0.0,7.0,June,2023
18115,Yadadri Bhuvanagiri,Mootakondur,2023-06-25,9.6,23.6,31.6,68.3,100.0,0.0,6.5,June,2023
18116,Yadadri Bhuvanagiri,Mootakondur,2023-06-26,0.0,25.5,30.8,67.3,91.5,0.0,7.2,June,2023
18117,Yadadri Bhuvanagiri,Mootakondur,2023-06-27,0.7,23.8,30.7,68.6,97.8,0.0,5.2,June,2023
18118,Yadadri Bhuvanagiri,Mootakondur,2023-06-28,4.6,24.2,31.5,63.1,97.8,0.0,6.5,June,2023
18119,Yadadri Bhuvanagiri,Mootakondur,2023-06-29,15.8,23.3,32.8,58.4,100.0,0.0,5.1,June,2023
18120,Yadadri Bhuvanagiri,Mootakondur,2023-06-30,0.0,25.7,32.9,59.4,83.3,0.0,7.3,June,2023
18121,Yadadri Bhuvanagiri,Mothkur,2023-06-01,0.0,24.0,39.5,34.5,99.0,0.0,8.5,June,2023
18122,Yadadri Bhuvanagiri,Mothkur,2023-06-02,6.4,25.0,40.1,33.4,85.2,0.0,14.9,June,2023
18123,Yadadri Bhuvanagiri,Mothkur,2023-06-03,0.0,26.3,41.4,23.8,73.9,0.0,10.2,June,2023
18124,Yadadri Bhuvanagiri,Mothkur,2023-06-04,0.0,27.1,40.9,29.3,66.8,0.0,10.3,June,2023
18125,Yadadri Bhuvanagiri,Mothkur,2023-06-05,0.0,23.8,40.2,34.8,90.6,0.0,10.8,June,2023
18126,Yadadri Bhuvanagiri,Mothkur,2023-06-06,0.0,24.5,37.9,31.1,81.2,0.0,7.6,June,2023
18127,Yadadri Bhuvanagiri,Mothkur,2023-06-07,0.0,26.5,40.0,32.0,68.6,0.0,11.4,June,2023
18128,Yadadri Bhuvanagiri,Mothkur,2023-06-08,0.0,28.4,41.6,27.9,62.7,2.3,10.1,June,2023
18129,Yadadri Bhuvanagiri,Mothkur,2023-06-09,0.0,29.1,40.2,31.3,64.0,1.2,14.0,June,2023
18130,Yadadri Bhuvanagiri,Mothkur,2023-06-10,0.0,28.4,40.6,30.7,63.0,1.3,13.0,June,2023
18131,Yadadri Bhuvanagiri,Mothkur,2023-06-11,10.1,23.9,40.5,32.0,97.1,0.2,13.9,June,2023
18132,Yadadri Bhuvanagiri,Mothkur,2023-06-12,0.0,27.6,37.6,39.8,70.6,0.0,14.7,June,2023
18133,Yadadri Bhuvanagiri,Mothkur,2023-06-13,0.0,27.7,40.3,36.0,67.3,0.8,14.1,June,2023
18134,Yadadri Bhuvanagiri,Mothkur,2023-06-14,0.0,29.6,41.0,28.6,59.7,0.9,14.7,June,2023
18135,Yadadri Bhuvanagiri,Mothkur,2023-06-15,0.0,29.6,40.7,29.3,54.7,0.3,19.4,June,2023
18136,Yadadri Bhuvanagiri,Mothkur,2023-06-16,0.0,27.0,41.6,29.7,67.7,0.0,15.4,June,2023
18137,Yadadri Bhuvanagiri,Mothkur,2023-06-17,0.0,27.8,42.4,28.6,60.6,0.0,15.3,June,2023
18138,Yadadri Bhuvanagiri,Mothkur,2023-06-18,0.0,28.3,39.6,30.7,64.0,0.0,14.5,June,2023
18139,Yadadri Bhuvanagiri,Mothkur,2023-06-19,0.0,29.4,40.2,30.0,59.2,0.0,12.4,June,2023
18140,Yadadri Bhuvanagiri,Mothkur,2023-06-20,0.0,27.0,39.1,33.4,76.9,0.0,11.9,June,2023
18141,Yadadri Bhuvanagiri,Mothkur,2023-06-21,0.2,24.9,40.4,32.7,92.8,0.0,10.7,June,2023
18142,Yadadri Bhuvanagiri,Mothkur,2023-06-22,7.4,23.2,38.1,40.4,95.2,0.0,11.7,June,2023
18143,Yadadri Bhuvanagiri,Mothkur,2023-06-23,0.0,24.4,34.9,53.6,95.2,0.0,12.4,June,2023
18144,Yadadri Bhuvanagiri,Mothkur,2023-06-24,10.9,23.0,32.8,66.0,99.9,0.1,3.4,June,2023
18145,Yadadri Bhuvanagiri,Mothkur,2023-06-25,1.5,24.3,32.8,65.0,97.1,0.4,13.9,June,2023
18146,Yadadri Bhuvanagiri,Mothkur,2023-06-26,0.0,26.0,32.5,61.1,90.5,0.0,15.6,June,2023
18147,Yadadri Bhuvanagiri,Mothkur,2023-06-27,0.0,24.0,31.7,63.5,98.0,0.0,13.0,June,2023
18148,Yadadri Bhuvanagiri,Mothkur,2023-06-28,6.0,24.6,32.9,55.6,98.9,0.0,15.3,June,2023
18149,Yadadri Bhuvanagiri,Mothkur,2023-06-29,7.1,24.1,35.3,54.6,99.4,0.0,13.2,June,2023
18150,Yadadri Bhuvanagiri,Mothkur,2023-06-30,0.8,25.7,35.0,54.1,90.1,0.0,14.2,June,2023
18151,Yadadri Bhuvanagiri,Narayanapur,2023-06-01,0.0,25.3,40.4,28.3,76.4,0.0,0.6,June,2023
18152,Yadadri Bhuvanagiri,Narayanapur,2023-06-02,0.0,26.9,41.1,23.0,67.7,0.0,0.9,June,2023
18153,Yadadri Bhuvanagiri,Narayanapur,2023-06-03,0.0,28.1,41.5,13.2,57.5,0.0,0.2,June,2023
18154,Yadadri Bhuvanagiri,Narayanapur,2023-06-04,0.0,29.5,40.7,20.2,53.9,0.0,0.2,June,2023
18155,Yadadri Bhuvanagiri,Narayanapur,2023-06-05,0.0,23.9,36.4,33.9,79.0,0.0,6.1,June,2023
18156,Yadadri Bhuvanagiri,Narayanapur,2023-06-06,0.0,26.8,38.1,31.3,68.7,0.0,0.7,June,2023
18157,Yadadri Bhuvanagiri,Narayanapur,2023-06-07,0.0,28.2,39.8,32.2,60.4,0.0,1.1,June,2023
18158,Yadadri Bhuvanagiri,Narayanapur,2023-06-08,0.0,23.3,39.7,34.8,94.5,0.0,7.9,June,2023
18159,Yadadri Bhuvanagiri,Narayanapur,2023-06-09,0.4,27.2,39.7,36.3,73.1,0.0,8.8,June,2023
18160,Yadadri Bhuvanagiri,Narayanapur,2023-06-10,0.0,28.3,40.6,30.8,67.5,0.0,16.1,June,2023
18161,Yadadri Bhuvanagiri,Narayanapur,2023-06-11,28.1,24.5,39.4,35.1,97.8,0.0,15.2,June,2023
18162,Yadadri Bhuvanagiri,Narayanapur,2023-06-12,0.0,27.8,38.1,39.0,69.8,0.0,15.0,June,2023
18163,Yadadri Bhuvanagiri,Narayanapur,2023-06-13,0.0,28.3,38.8,34.8,61.9,0.0,8.6,June,2023
18164,Yadadri Bhuvanagiri,Narayanapur,2023-06-14,0.0,28.5,39.5,14.6,64.0,0.0,0.9,June,2023
18165,Yadadri Bhuvanagiri,Narayanapur,2023-06-15,0.0,27.9,38.1,15.2,56.6,0.0,0.0,June,2023
18166,Yadadri Bhuvanagiri,Narayanapur,2023-06-16,0.0,28.1,38.1,14.6,38.3,0.0,0.0,June,2023
18167,Yadadri Bhuvanagiri,Narayanapur,2023-06-17,0.0,28.1,39.7,14.1,62.7,0.0,0.1,June,2023
18168,Yadadri Bhuvanagiri,Narayanapur,2023-06-18,0.0,29.4,38.3,32.7,58.0,0.0,0.6,June,2023
18169,Yadadri Bhuvanagiri,Narayanapur,2023-06-19,0.0,29.2,39.4,31.1,62.1,0.0,0.0,June,2023
18170,Yadadri Bhuvanagiri,Narayanapur,2023-06-20,0.0,28.2,39.2,35.1,66.5,0.0,0.0,June,2023
18171,Yadadri Bhuvanagiri,Narayanapur,2023-06-21,6.8,25.6,39.2,32.4,77.4,0.0,4.0,June,2023
18172,Yadadri Bhuvanagiri,Narayanapur,2023-06-22,23.1,23.2,37.7,34.8,100.0,0.0,14.6,June,2023
18173,Yadadri Bhuvanagiri,Narayanapur,2023-06-23,7.5,23.3,33.7,40.4,100.0,0.0,15.2,June,2023
18174,Yadadri Bhuvanagiri,Narayanapur,2023-06-24,9.5,22.9,32.7,57.2,100.0,0.0,10.3,June,2023
18175,Yadadri Bhuvanagiri,Narayanapur,2023-06-25,0.0,22.9,31.5,53.5,93.9,0.0,14.7,June,2023
18176,Yadadri Bhuvanagiri,Narayanapur,2023-06-26,0.2,25.1,31.9,46.7,84.9,0.0,12.9,June,2023
18177,Yadadri Bhuvanagiri,Narayanapur,2023-06-27,0.3,24.6,31.4,48.3,90.4,0.0,17.3,June,2023
18178,Yadadri Bhuvanagiri,Narayanapur,2023-06-28,4.0,24.2,32.2,55.9,99.9,0.0,16.8,June,2023
18179,Yadadri Bhuvanagiri,Narayanapur,2023-06-29,8.3,23.8,34.9,38.8,100.0,0.0,16.7,June,2023
18180,Yadadri Bhuvanagiri,Narayanapur,2023-06-30,0.0,24.6,33.6,42.0,87.9,0.0,14.3,June,2023
18181,Yadadri Bhuvanagiri,Pochampalle,2023-06-01,0.0,24.3,40.2,22.4,71.1,0.0,12.4,June,2023
18182,Yadadri Bhuvanagiri,Pochampalle,2023-06-02,0.0,27.8,40.4,19.4,54.1,0.0,7.9,June,2023
18183,Yadadri Bhuvanagiri,Pochampalle,2023-06-03,0.0,29.3,41.2,11.3,46.8,0.0,8.3,June,2023
18184,Yadadri Bhuvanagiri,Pochampalle,2023-06-04,0.0,29.9,40.7,16.5,41.2,0.0,8.4,June,2023
18185,Yadadri Bhuvanagiri,Pochampalle,2023-06-05,0.0,24.5,37.2,28.2,63.5,0.0,10.6,June,2023
18186,Yadadri Bhuvanagiri,Pochampalle,2023-06-06,0.0,26.1,37.1,24.4,55.9,0.0,8.2,June,2023
18187,Yadadri Bhuvanagiri,Pochampalle,2023-06-07,0.0,28.9,38.5,25.1,51.6,0.0,9.5,June,2023
18188,Yadadri Bhuvanagiri,Pochampalle,2023-06-08,0.0,28.1,41.7,27.6,59.1,1.2,9.9,June,2023
18189,Yadadri Bhuvanagiri,Pochampalle,2023-06-09,0.5,27.7,41.1,30.6,59.6,0.0,8.7,June,2023
18190,Yadadri Bhuvanagiri,Pochampalle,2023-06-10,0.0,28.7,41.1,31.2,56.7,1.7,11.3,June,2023
18191,Yadadri Bhuvanagiri,Pochampalle,2023-06-11,38.7,23.2,39.8,34.9,85.5,0.0,9.2,June,2023
18192,Yadadri Bhuvanagiri,Pochampalle,2023-06-12,0.0,28.2,37.4,41.6,62.5,0.0,2.8,June,2023
18193,Yadadri Bhuvanagiri,Pochampalle,2023-06-13,0.0,28.2,38.7,36.6,54.8,0.0,7.3,June,2023
18194,Yadadri Bhuvanagiri,Pochampalle,2023-06-14,0.0,28.2,39.5,32.9,57.7,0.0,8.6,June,2023
18195,Yadadri Bhuvanagiri,Pochampalle,2023-06-15,0.0,28.5,38.8,33.6,53.9,0.0,6.5,June,2023
18196,Yadadri Bhuvanagiri,Pochampalle,2023-06-16,0.0,28.9,39.0,31.6,49.8,0.0,9.5,June,2023
18197,Yadadri Bhuvanagiri,Pochampalle,2023-06-17,0.0,28.9,39.6,32.3,55.3,0.9,10.3,June,2023
18198,Yadadri Bhuvanagiri,Pochampalle,2023-06-18,0.0,29.5,39.6,33.9,54.8,0.0,11.8,June,2023
18199,Yadadri Bhuvanagiri,Pochampalle,2023-06-19,0.0,27.9,39.9,32.9,63.4,0.0,4.3,June,2023
18200,Yadadri Bhuvanagiri,Pochampalle,2023-06-20,0.0,26.5,38.7,37.1,71.6,0.0,5.3,June,2023
18201,Yadadri Bhuvanagiri,Pochampalle,2023-06-21,2.5,24.9,40.1,38.1,84.5,0.0,6.3,June,2023
18202,Yadadri Bhuvanagiri,Pochampalle,2023-06-22,13.2,23.5,38.9,40.5,89.5,0.0,0.1,June,2023
18203,Yadadri Bhuvanagiri,Pochampalle,2023-06-23,0.0,26.2,35.8,49.5,78.4,0.0,8.5,June,2023
18204,Yadadri Bhuvanagiri,Pochampalle,2023-06-24,12.0,24.1,32.9,54.8,89.0,0.0,12.0,June,2023
18205,Yadadri Bhuvanagiri,Pochampalle,2023-06-25,24.5,22.8,34.5,55.2,92.2,0.0,6.5,June,2023
18206,Yadadri Bhuvanagiri,Pochampalle,2023-06-26,0.0,25.7,32.6,60.6,80.8,0.0,0.3,June,2023
18207,Yadadri Bhuvanagiri,Pochampalle,2023-06-27,0.0,24.6,31.9,60.6,86.7,0.5,8.7,June,2023
18208,Yadadri Bhuvanagiri,Pochampalle,2023-06-28,1.0,25.1,32.3,60.1,88.6,0.0,5.9,June,2023
18209,Yadadri Bhuvanagiri,Pochampalle,2023-06-29,9.6,24.1,34.0,55.2,92.6,0.0,10.9,June,2023
18210,Yadadri Bhuvanagiri,Pochampalle,2023-06-30,0.0,25.3,34.3,55.2,80.6,0.0,7.7,June,2023
18211,Yadadri Bhuvanagiri,Rajapet,2023-06-01,0.0,23.1,39.4,33.9,81.8,0.0,5.7,June,2023
18212,Yadadri Bhuvanagiri,Rajapet,2023-06-02,0.0,25.2,39.4,31.4,75.9,0.0,14.4,June,2023
18213,Yadadri Bhuvanagiri,Rajapet,2023-06-03,0.0,28.7,40.7,19.1,56.2,0.0,15.3,June,2023
18214,Yadadri Bhuvanagiri,Rajapet,2023-06-04,3.2,24.6,40.5,27.3,71.7,0.0,14.3,June,2023
18215,Yadadri Bhuvanagiri,Rajapet,2023-06-05,21.8,21.2,39.0,33.6,90.4,0.0,14.0,June,2023
18216,Yadadri Bhuvanagiri,Rajapet,2023-06-06,0.0,24.6,37.6,29.0,70.9,0.0,15.5,June,2023
18217,Yadadri Bhuvanagiri,Rajapet,2023-06-07,0.6,26.8,38.3,32.7,72.5,0.0,12.5,June,2023
18218,Yadadri Bhuvanagiri,Rajapet,2023-06-08,0.7,27.0,39.0,31.8,66.6,0.0,13.6,June,2023
18219,Yadadri Bhuvanagiri,Rajapet,2023-06-09,0.0,27.6,39.7,29.1,65.3,0.0,16.5,June,2023
18220,Yadadri Bhuvanagiri,Rajapet,2023-06-10,0.0,27.9,40.7,27.6,66.2,1.4,20.4,June,2023
18221,Yadadri Bhuvanagiri,Rajapet,2023-06-11,0.0,25.9,39.0,34.4,70.8,3.2,16.1,June,2023
18222,Yadadri Bhuvanagiri,Rajapet,2023-06-12,0.0,27.8,38.3,34.0,66.6,1.7,15.7,June,2023
18223,Yadadri Bhuvanagiri,Rajapet,2023-06-13,0.0,27.5,38.9,32.5,61.6,0.0,17.8,June,2023
18224,Yadadri Bhuvanagiri,Rajapet,2023-06-14,0.0,27.8,40.2,31.5,64.8,2.2,19.3,June,2023
18225,Yadadri Bhuvanagiri,Rajapet,2023-06-15,0.0,27.6,39.2,33.2,63.0,0.0,20.6,June,2023
18226,Yadadri Bhuvanagiri,Rajapet,2023-06-16,0.0,27.8,39.4,30.7,59.3,0.0,17.9,June,2023
18227,Yadadri Bhuvanagiri,Rajapet,2023-06-17,0.0,28.1,40.2,30.1,62.1,1.6,15.3,June,2023
18228,Yadadri Bhuvanagiri,Rajapet,2023-06-18,0.0,29.0,39.3,36.2,59.3,0.0,16.3,June,2023
18229,Yadadri Bhuvanagiri,Rajapet,2023-06-19,0.0,29.3,38.7,34.5,58.9,0.0,18.5,June,2023
18230,Yadadri Bhuvanagiri,Rajapet,2023-06-20,0.0,25.8,38.4,37.3,69.9,0.0,14.7,June,2023
18231,Yadadri Bhuvanagiri,Rajapet,2023-06-21,0.0,25.4,39.5,37.3,87.5,0.0,16.9,June,2023
18232,Yadadri Bhuvanagiri,Rajapet,2023-06-22,7.4,23.6,36.5,43.3,97.1,0.0,14.1,June,2023
18233,Yadadri Bhuvanagiri,Rajapet,2023-06-23,19.9,22.8,33.3,51.9,97.6,0.0,12.2,June,2023
18234,Yadadri Bhuvanagiri,Rajapet,2023-06-24,31.9,23.5,32.6,62.3,98.1,0.0,8.7,June,2023
18235,Yadadri Bhuvanagiri,Rajapet,2023-06-25,7.5,23.0,31.4,67.3,98.6,0.0,14.8,June,2023
18236,Yadadri Bhuvanagiri,Rajapet,2023-06-26,0.2,23.6,30.8,65.9,92.0,0.0,16.5,June,2023
18237,Yadadri Bhuvanagiri,Rajapet,2023-06-27,1.8,23.5,30.0,70.3,91.6,0.0,10.6,June,2023
18238,Yadadri Bhuvanagiri,Rajapet,2023-06-28,2.6,23.4,31.1,64.9,96.7,0.0,12.6,June,2023
18239,Yadadri Bhuvanagiri,Rajapet,2023-06-29,0.0,24.2,32.8,62.6,90.8,0.0,9.2,June,2023
18240,Yadadri Bhuvanagiri,Rajapet,2023-06-30,0.7,24.3,33.3,58.4,94.6,0.0,11.5,June,2023
18241,Yadadri Bhuvanagiri,Ramannapeta,2023-06-01,0.0,23.8,39.5,34.4,88.7,0.0,7.2,June,2023
18242,Yadadri Bhuvanagiri,Ramannapeta,2023-06-02,0.0,26.4,41.0,32.2,70.7,0.0,0.8,June,2023
18243,Yadadri Bhuvanagiri,Ramannapeta,2023-06-03,0.0,28.1,42.3,20.8,70.7,0.0,10.2,June,2023
18244,Yadadri Bhuvanagiri,Ramannapeta,2023-06-04,0.0,28.5,42.5,26.3,59.3,0.0,0.1,June,2023
18245,Yadadri Bhuvanagiri,Ramannapeta,2023-06-05,0.0,24.1,40.7,35.1,88.4,0.0,14.8,June,2023
18246,Yadadri Bhuvanagiri,Ramannapeta,2023-06-06,0.0,25.1,39.4,32.6,82.8,0.0,0.8,June,2023
18247,Yadadri Bhuvanagiri,Ramannapeta,2023-06-07,0.0,28.9,40.5,33.4,69.3,0.0,0.5,June,2023
18248,Yadadri Bhuvanagiri,Ramannapeta,2023-06-08,0.0,27.9,42.4,30.9,65.1,0.0,1.5,June,2023
18249,Yadadri Bhuvanagiri,Ramannapeta,2023-06-09,5.9,25.8,41.4,33.9,79.8,0.0,1.7,June,2023
18250,Yadadri Bhuvanagiri,Ramannapeta,2023-06-10,0.0,28.6,41.4,30.4,63.3,0.0,1.9,June,2023
18251,Yadadri Bhuvanagiri,Ramannapeta,2023-06-11,0.0,24.6,41.3,37.1,90.9,0.0,1.4,June,2023
18252,Yadadri Bhuvanagiri,Ramannapeta,2023-06-12,0.0,28.0,39.6,39.2,71.8,0.0,3.2,June,2023
18253,Yadadri Bhuvanagiri,Ramannapeta,2023-06-13,0.0,28.3,40.6,35.3,65.1,0.0,1.7,June,2023
18254,Yadadri Bhuvanagiri,Ramannapeta,2023-06-14,0.0,28.5,40.8,30.6,62.5,0.0,0.8,June,2023
18255,Yadadri Bhuvanagiri,Ramannapeta,2023-06-15,0.0,28.8,41.2,29.7,58.0,0.0,0.4,June,2023
18256,Yadadri Bhuvanagiri,Ramannapeta,2023-06-16,0.0,29.0,41.0,30.7,58.3,0.0,0.6,June,2023
18257,Yadadri Bhuvanagiri,Ramannapeta,2023-06-17,0.0,29.0,42.0,29.7,60.6,0.0,1.2,June,2023
18258,Yadadri Bhuvanagiri,Ramannapeta,2023-06-18,0.0,30.0,41.6,32.0,62.2,0.0,14.5,June,2023
18259,Yadadri Bhuvanagiri,Ramannapeta,2023-06-19,0.0,29.3,40.7,32.1,64.3,0.0,14.3,June,2023
18260,Yadadri Bhuvanagiri,Ramannapeta,2023-06-20,0.0,27.6,41.1,34.7,75.4,0.0,11.9,June,2023
18261,Yadadri Bhuvanagiri,Ramannapeta,2023-06-21,0.8,24.9,38.7,40.4,84.1,0.0,13.4,June,2023
18262,Yadadri Bhuvanagiri,Ramannapeta,2023-06-22,6.4,23.9,40.0,38.2,93.4,0.0,0.3,June,2023
18263,Yadadri Bhuvanagiri,Ramannapeta,2023-06-23,0.5,24.9,37.6,48.1,91.1,0.0,14.3,June,2023
18264,Yadadri Bhuvanagiri,Ramannapeta,2023-06-24,25.6,22.9,32.7,60.9,97.7,0.0,8.1,June,2023
18265,Yadadri Bhuvanagiri,Ramannapeta,2023-06-25,38.9,23.0,34.2,60.7,97.3,0.0,0.6,June,2023
18266,Yadadri Bhuvanagiri,Ramannapeta,2023-06-26,0.9,25.6,33.3,58.8,90.3,0.0,10.3,June,2023
18267,Yadadri Bhuvanagiri,Ramannapeta,2023-06-27,0.0,24.4,32.9,56.5,84.7,0.0,11.3,June,2023
18268,Yadadri Bhuvanagiri,Ramannapeta,2023-06-28,0.5,25.0,34.1,56.6,94.3,0.0,9.4,June,2023
18269,Yadadri Bhuvanagiri,Ramannapeta,2023-06-29,14.6,24.0,35.9,51.4,99.2,0.0,13.4,June,2023
18270,Yadadri Bhuvanagiri,Ramannapeta,2023-06-30,0.0,25.6,35.6,54.7,92.3,0.0,13.3,June,2023
18271,Yadadri Bhuvanagiri,Turkapalle_M,2023-06-01,0.0,26.3,37.8,38.2,67.1,0.0,3.0,June,2023
18272,Yadadri Bhuvanagiri,Turkapalle_M,2023-06-02,4.9,24.0,38.3,35.6,86.2,0.0,0.2,June,2023
18273,Yadadri Bhuvanagiri,Turkapalle_M,2023-06-03,0.0,29.6,40.6,23.7,57.7,0.0,1.8,June,2023
18274,Yadadri Bhuvanagiri,Turkapalle_M,2023-06-04,0.0,29.2,39.6,28.7,58.6,0.0,0.5,June,2023
18275,Yadadri Bhuvanagiri,Turkapalle_M,2023-06-05,0.9,22.9,37.6,37.7,80.8,0.0,14.4,June,2023
18276,Yadadri Bhuvanagiri,Turkapalle_M,2023-06-06,0.0,26.8,36.4,34.1,59.5,0.0,10.8,June,2023
18277,Yadadri Bhuvanagiri,Turkapalle_M,2023-06-07,0.3,28.3,37.9,38.7,59.5,0.0,15.2,June,2023
18278,Yadadri Bhuvanagiri,Turkapalle_M,2023-06-08,0.0,26.6,38.8,35.6,66.6,0.0,4.7,June,2023
18279,Yadadri Bhuvanagiri,Turkapalle_M,2023-06-09,0.0,27.1,37.8,36.6,64.8,0.0,4.3,June,2023
18280,Yadadri Bhuvanagiri,Turkapalle_M,2023-06-10,1.9,27.3,38.1,37.7,67.4,0.0,4.2,June,2023
18281,Yadadri Bhuvanagiri,Turkapalle_M,2023-06-11,0.0,25.8,38.1,38.7,71.3,0.0,1.2,June,2023
18282,Yadadri Bhuvanagiri,Turkapalle_M,2023-06-12,0.0,26.8,35.5,45.2,72.9,0.0,2.6,June,2023
18283,Yadadri Bhuvanagiri,Turkapalle_M,2023-06-13,0.0,27.0,37.4,40.0,62.1,0.0,0.4,June,2023
18284,Yadadri Bhuvanagiri,Turkapalle_M,2023-06-14,0.0,27.0,37.6,36.1,65.8,0.0,2.3,June,2023
18285,Yadadri Bhuvanagiri,Turkapalle_M,2023-06-15,0.0,26.9,37.2,36.3,62.2,0.0,0.3,June,2023
18286,Yadadri Bhuvanagiri,Turkapalle_M,2023-06-16,0.0,27.3,37.5,35.3,58.6,0.0,2.3,June,2023
18287,Yadadri Bhuvanagiri,Turkapalle_M,2023-06-17,0.0,27.7,38.3,33.1,62.2,0.0,16.2,June,2023
18288,Yadadri Bhuvanagiri,Turkapalle_M,2023-06-18,0.0,28.6,37.0,39.5,59.9,0.0,18.4,June,2023
18289,Yadadri Bhuvanagiri,Turkapalle_M,2023-06-19,0.0,28.5,37.2,37.9,60.4,0.0,10.2,June,2023
18290,Yadadri Bhuvanagiri,Turkapalle_M,2023-06-20,0.0,28.4,36.9,39.5,57.7,0.0,12.3,June,2023
18291,Yadadri Bhuvanagiri,Turkapalle_M,2023-06-21,0.9,24.9,38.2,40.3,84.9,0.0,0.7,June,2023
18292,Yadadri Bhuvanagiri,Turkapalle_M,2023-06-22,0.7,24.3,35.8,46.4,92.4,0.0,12.6,June,2023
18293,Yadadri Bhuvanagiri,Turkapalle_M,2023-06-23,0.6,24.3,34.3,52.2,91.5,0.0,14.6,June,2023
18294,Yadadri Bhuvanagiri,Turkapalle_M,2023-06-24,13.9,23.6,32.6,60.4,97.0,0.0,5.5,June,2023
18295,Yadadri Bhuvanagiri,Turkapalle_M,2023-06-25,5.0,22.5,30.8,72.5,98.8,0.0,1.9,June,2023
18296,Yadadri Bhuvanagiri,Turkapalle_M,2023-06-26,0.0,24.3,29.9,70.2,90.6,0.0,5.3,June,2023
18297,Yadadri Bhuvanagiri,Turkapalle_M,2023-06-27,4.4,23.2,28.6,73.1,95.5,0.0,3.5,June,2023
18298,Yadadri Bhuvanagiri,Turkapalle_M,2023-06-28,7.5,23.3,30.4,67.1,97.9,0.0,7.8,June,2023
18299,Yadadri Bhuvanagiri,Turkapalle_M,2023-06-29,0.0,23.9,31.5,66.4,95.5,0.0,5.3,June,2023
18300,Yadadri Bhuvanagiri,Turkapalle_M,2023-06-30,1.1,23.6,32.8,61.8,93.7,0.0,0.8,June,2023
18301,Yadadri Bhuvanagiri,Valigonda,2023-06-01,0.0,23.2,40.1,30.0,92.4,0.0,7.2,June,2023
18302,Yadadri Bhuvanagiri,Valigonda,2023-06-02,0.0,25.5,42.0,26.9,73.7,0.0,13.6,June,2023
18303,Yadadri Bhuvanagiri,Valigonda,2023-06-03,0.0,27.9,42.5,17.8,64.0,0.0,10.2,June,2023
18304,Yadadri Bhuvanagiri,Valigonda,2023-06-04,0.0,27.1,42.2,25.5,63.5,0.0,15.7,June,2023
18305,Yadadri Bhuvanagiri,Valigonda,2023-06-05,0.0,23.5,41.8,34.2,99.9,0.0,14.8,June,2023
18306,Yadadri Bhuvanagiri,Valigonda,2023-06-06,0.0,24.6,40.5,30.0,79.0,0.0,7.4,June,2023
18307,Yadadri Bhuvanagiri,Valigonda,2023-06-07,1.6,24.1,41.0,35.3,81.8,0.0,12.6,June,2023
18308,Yadadri Bhuvanagiri,Valigonda,2023-06-08,0.6,24.3,42.0,30.9,87.2,0.0,17.1,June,2023
18309,Yadadri Bhuvanagiri,Valigonda,2023-06-09,3.8,26.3,42.7,32.8,79.2,0.0,15.8,June,2023
18310,Yadadri Bhuvanagiri,Valigonda,2023-06-10,0.0,27.7,42.1,28.2,70.4,1.7,16.2,June,2023
18311,Yadadri Bhuvanagiri,Valigonda,2023-06-11,4.1,23.9,43.0,33.5,99.9,0.0,15.4,June,2023
18312,Yadadri Bhuvanagiri,Valigonda,2023-06-12,0.0,26.7,40.8,38.7,77.4,0.0,14.9,June,2023
18313,Yadadri Bhuvanagiri,Valigonda,2023-06-13,0.0,26.7,41.7,33.5,72.5,0.0,15.4,June,2023
18314,Yadadri Bhuvanagiri,Valigonda,2023-06-14,0.0,28.1,41.6,30.6,66.5,0.0,18.1,June,2023
18315,Yadadri Bhuvanagiri,Valigonda,2023-06-15,0.0,28.4,42.5,30.9,63.5,0.0,15.0,June,2023
18316,Yadadri Bhuvanagiri,Valigonda,2023-06-16,0.0,27.7,42.8,28.9,63.0,0.0,12.7,June,2023
18317,Yadadri Bhuvanagiri,Valigonda,2023-06-17,0.0,28.4,42.6,28.9,64.7,0.0,13.1,June,2023
18318,Yadadri Bhuvanagiri,Valigonda,2023-06-18,0.0,28.2,42.7,30.2,65.9,0.0,14.5,June,2023
18319,Yadadri Bhuvanagiri,Valigonda,2023-06-19,0.0,28.7,42.1,29.6,66.4,0.0,14.3,June,2023
18320,Yadadri Bhuvanagiri,Valigonda,2023-06-20,0.0,26.9,40.8,33.3,75.7,0.0,11.9,June,2023
18321,Yadadri Bhuvanagiri,Valigonda,2023-06-21,8.7,24.9,40.3,35.8,99.9,0.0,13.4,June,2023
18322,Yadadri Bhuvanagiri,Valigonda,2023-06-22,1.0,24.9,38.9,38.7,99.9,0.0,15.3,June,2023
18323,Yadadri Bhuvanagiri,Valigonda,2023-06-23,0.2,25.6,38.1,42.8,99.9,0.0,14.3,June,2023
18324,Yadadri Bhuvanagiri,Valigonda,2023-06-24,21.7,23.4,33.2,58.3,99.9,0.0,8.1,June,2023
18325,Yadadri Bhuvanagiri,Valigonda,2023-06-25,9.8,23.2,32.6,59.3,99.9,0.0,18.9,June,2023
18326,Yadadri Bhuvanagiri,Valigonda,2023-06-26,0.6,25.3,34.9,55.8,99.9,0.0,10.3,June,2023
18327,Yadadri Bhuvanagiri,Valigonda,2023-06-27,1.0,24.4,33.1,59.1,99.9,0.0,11.3,June,2023
18328,Yadadri Bhuvanagiri,Valigonda,2023-06-28,7.8,24.5,35.9,50.8,99.9,0.0,9.4,June,2023
18329,Yadadri Bhuvanagiri,Valigonda,2023-06-29,24.3,24.1,37.5,48.4,99.9,0.0,13.4,June,2023
18330,Yadadri Bhuvanagiri,Valigonda,2023-06-30,5.8,24.4,36.3,54.8,99.9,0.0,13.3,June,2023
18331,Yadadri Bhuvanagiri,Yadagirigutta,2023-06-01,0.0,24.4,37.3,37.7,87.8,0.0,5.0,June,2023
18332,Yadadri Bhuvanagiri,Yadagirigutta,2023-06-02,0.0,25.3,39.0,33.7,67.4,0.0,2.7,June,2023
18333,Yadadri Bhuvanagiri,Yadagirigutta,2023-06-03,0.0,28.4,39.4,25.7,55.1,0.0,8.5,June,2023
18334,Yadadri Bhuvanagiri,Yadagirigutta,2023-06-04,0.0,27.3,39.5,31.5,59.1,0.0,5.2,June,2023
18335,Yadadri Bhuvanagiri,Yadagirigutta,2023-06-05,0.6,24.2,37.8,34.3,76.4,0.0,4.8,June,2023
18336,Yadadri Bhuvanagiri,Yadagirigutta,2023-06-06,0.0,25.0,37.1,32.5,75.6,0.0,5.0,June,2023
18337,Yadadri Bhuvanagiri,Yadagirigutta,2023-06-07,7.4,26.9,38.2,35.9,73.0,0.0,5.2,June,2023
18338,Yadadri Bhuvanagiri,Yadagirigutta,2023-06-08,0.0,27.7,38.8,34.9,64.3,0.0,6.5,June,2023
18339,Yadadri Bhuvanagiri,Yadagirigutta,2023-06-09,0.0,28.2,39.3,33.1,64.3,0.0,8.0,June,2023
18340,Yadadri Bhuvanagiri,Yadagirigutta,2023-06-10,0.0,28.2,39.7,32.9,62.5,0.0,7.7,June,2023
18341,Yadadri Bhuvanagiri,Yadagirigutta,2023-06-11,13.1,25.4,39.0,36.9,82.3,0.0,8.7,June,2023
18342,Yadadri Bhuvanagiri,Yadagirigutta,2023-06-12,0.0,27.6,36.8,41.0,69.3,0.0,5.0,June,2023
18343,Yadadri Bhuvanagiri,Yadagirigutta,2023-06-13,0.0,28.0,38.6,34.8,64.6,0.0,6.5,June,2023
18344,Yadadri Bhuvanagiri,Yadagirigutta,2023-06-14,0.0,28.2,40.5,30.2,57.4,0.0,6.9,June,2023
18345,Yadadri Bhuvanagiri,Yadagirigutta,2023-06-15,0.0,28.3,41.6,28.1,54.3,0.0,7.5,June,2023
18346,Yadadri Bhuvanagiri,Yadagirigutta,2023-06-16,0.0,28.6,42.5,26.2,50.6,0.0,7.1,June,2023
18347,Yadadri Bhuvanagiri,Yadagirigutta,2023-06-17,0.0,28.9,43.0,23.4,53.8,0.0,7.2,June,2023
18348,Yadadri Bhuvanagiri,Yadagirigutta,2023-06-18,0.0,29.8,41.4,28.8,52.7,0.0,8.2,June,2023
18349,Yadadri Bhuvanagiri,Yadagirigutta,2023-06-19,0.0,29.6,42.0,27.4,53.2,0.0,5.8,June,2023
18350,Yadadri Bhuvanagiri,Yadagirigutta,2023-06-20,0.0,28.0,41.9,28.1,62.0,0.0,5.9,June,2023
18351,Yadadri Bhuvanagiri,Yadagirigutta,2023-06-21,10.4,25.6,41.3,32.4,81.4,0.0,5.2,June,2023
18352,Yadadri Bhuvanagiri,Yadagirigutta,2023-06-22,5.8,25.0,41.4,35.9,85.3,0.0,6.9,June,2023
18353,Yadadri Bhuvanagiri,Yadagirigutta,2023-06-23,44.8,23.3,33.6,52.5,92.2,0.0,12.1,June,2023
18354,Yadadri Bhuvanagiri,Yadagirigutta,2023-06-24,22.1,23.3,32.6,64.6,96.9,0.0,7.0,June,2023
18355,Yadadri Bhuvanagiri,Yadagirigutta,2023-06-25,13.1,22.9,35.1,58.3,96.9,0.0,6.5,June,2023
18356,Yadadri Bhuvanagiri,Yadagirigutta,2023-06-26,0.0,25.2,32.6,61.5,86.8,0.0,7.2,June,2023
18357,Yadadri Bhuvanagiri,Yadagirigutta,2023-06-27,1.0,23.8,32.5,62.0,91.7,0.0,5.2,June,2023
18358,Yadadri Bhuvanagiri,Yadagirigutta,2023-06-28,16.9,23.4,32.4,59.9,96.9,0.0,6.5,June,2023
18359,Yadadri Bhuvanagiri,Yadagirigutta,2023-06-29,0.0,24.1,33.7,55.6,94.7,0.0,5.1,June,2023
18360,Yadadri Bhuvanagiri,Yadagirigutta,2023-06-30,0.0,25.4,34.4,54.6,77.2,0.0,7.3,June,2023
